position_x,position_y,position_z,orientation,aspect_ratio
20.22623924012853, 35.681452341698844, 0.0, 0.0, 1.0 
18.9059811700934, 52.02960182240622, 0.0, 0.0, 1.0 
17.66838963067489, 25.16236985405579, 0.0, 0.0, 1.0 
1.605901514340203, 3.052894544427141, 0.0, 0.0, 1.0 
7.001472821043503, 21.253768043267353, 0.0, 0.0, 1.0 
9.177515617695942, 58.85880041267715, 0.0, 0.0, 1.0 
47.24863629908064, 32.87787930123881, 0.0, 0.0, 1.0 
22.424397541853086, 52.35005880551653, 0.0, 0.0, 1.0 
47.661155708711824, 28.781632581105026, 0.0, 0.0, 1.0 
21.358017500536086, 3.879449952181621, 0.0, 0.0, 1.0 
28.07977951033461, 8.562808335107244, 0.0, 0.0, 1.0 
15.010966404387977, 55.798153918627186, 0.0, 0.0, 1.0 
1.3173848378959283, 13.797347083151584, 0.0, 0.0, 1.0 
23.584238307535834, 38.062076855171824, 0.0, 0.0, 1.0 
46.87150636645699, 58.60285471633779, 0.0, 0.0, 1.0 
22.501327200854604, 30.768433428623386, 0.0, 0.0, 1.0 
19.340375255827592, 6.78476746910822, 0.0, 0.0, 1.0 
31.81300340148704, 26.43709273015631, 0.0, 0.0, 1.0 
50.07822860312899, 2.2115916666847113, 0.0, 0.0, 1.0 
0.6674527026995287, 49.3541279693325, 0.0, 0.0, 1.0 
32.74206679889346, 16.135523595562454, 0.0, 0.0, 1.0 
57.47789299076115, 42.0788921895431, 0.0, 3.2532817792448276, 1.3000000000000003 
51.53527873499642, 5.450195127963654, 0.0, 0.0, 1.0 
58.14079282741426, 10.032048874394613, 0.0, 0.0, 1.0 
34.2222864610365, 60.52026078157628, 0.0, 0.0, 1.0 
0.3713060702381423, 4.7115019183951645, 0.0, 0.11867750570515104, 1.1 
53.79623142940613, 39.61224863819609, 0.0, 0.0, 1.0 
27.98085216544775, 49.736345069692675, 0.0, 0.0, 1 
53.65809683036732, 41.666753777587175, 0.0, 0.0, 1.0 
40.844170566224484, 45.69677737864023, 0.0, 0.0, 1.0 
29.193588051861816, 35.44170486243189, 0.0, 0.0, 1.0 
17.034588552721544, 52.91527889920698, 0.0, 0.0, 1.0 
8.353257176337435, 44.58297641027491, 0.0, 0.0, 1.0 
56.40103175507405, 34.80315440783571, 0.0, 2.949439355565823, 1.1 
2.020850722934553, 19.161177201382262, 0.0, 0.0, 1.0 
20.276553423299486, 16.13280509479541, 0.0, 0.0, 1.0 
31.436947158819574, 30.510915739523778, 0.0, 0.0, 1.0 
59.97629841843996, 54.57994865923467, 0.0, 0.0, 1.0 
27.32748143263797, 36.34399496936364, 0.0, 0.0, 1 
50.29169034353751, 0.2339711399315232, 0.0, 0.0, 1.0 
16.494802083424116, 59.052486068895384, 0.0, 0.0, 1.0 
29.14426711986818, 57.02442201077386, 0.0, 0.0, 1 
48.3492295759085, 20.60521516395016, 0.0, 0.0, 1.0 
26.61676233582544, 24.89687098279707, 0.0, 0.0, 1 
52.30026487031849, 58.04034514665141, 0.0, 0.0, 1.0 
30.498317684004217, 21.127140187869976, 0.0, 0.0, 1.0 
51.116607835866866, 50.68016150433184, 0.0, 0.0, 1.0 
14.81122361216295, 41.519910506280105, 0.0, 0.0, 1.0 
11.978001609997559, 23.464805837067534, 0.0, 0.0, 1.0 
38.06651863927655, 56.776373587484464, 0.0, 0.0, 1.0 
10.391117165917091, 44.72393614032423, 0.0, 0.0, 1 
25.115718158196486, 41.249339602260186, 0.0, 0.0, 1.0 
44.2850126459981, 6.852995960816039, 0.0, 0.0, 1.0 
41.68755605562342, 15.951745753995052, 0.0, 0.0, 1.0 
36.6581332361216, 12.392181072794353, 0.0, 0.0, 1.0 
18.289593717884205, 19.047901536442573, 0.0, 0.0, 1.0 
31.081595948575345, 34.60249228312027, 0.0, 0.0, 1.0 
50.78854610187751, 33.14383363423614, 0.0, 0.0, 1.0 
42.11887339737094, 50.93934673292877, 0.0, 0.0, 1.0 
57.54318969724227, 20.57283926139435, 0.0, 0.0, 1.0 
43.34119183312344, 36.65185327507457, 0.0, 0.0, 1.0 
17.37657983547602, 48.84731694400998, 0.0, 0.0, 1.0 
35.13371141518593, 9.183944559643795, 0.0, 0.0, 1.0 
3.066003222819057, 58.48401379694304, 0.0, 0.0, 1.0 
54.83534813202746, 7.8133194689358, 0.0, 0.0, 1.0 
42.81442478315883, 42.77920361591093, 0.0, 0.0, 1.0 
47.03379426262498, 56.51299937944003, 0.0, 0.0, 1.0 
33.68718080088389, 25.53757740967668, 0.0, 0.0, 1.0 
33.273386274854744, 29.597805854435855, 0.0, 0.0, 1.0 
7.4313821393009825, 14.151052503314162, 0.0, 0.0, 1.0 
49.45399623172577, 49.52909615494188, 0.0, 0.0, 1.0 
20.88356242040041, 49.13621632903166, 0.0, 0.0, 1.0 
13.937639094028542, 7.384742203695326, 0.0, 0.0, 1.0 
27.910082665710547, 10.569430353297953, 0.0, 0.0, 1 
34.03132133706594, 1.8619782241248246, 0.0, 0.0, 1 
53.207154846129484, 6.662478240023944, 0.0, 0.0, 1.0 
54.71728616153048, 9.877078373669006, 0.0, 0.0, 1.0 
40.90518928385536, 4.5372458293231865, 0.0, 0.0, 1.0 
39.63221166337159, 38.405446316494135, 0.0, 0.0, 1.0 
21.950227391939485, 17.298872538205945, 0.0, 0.0, 1.0 
59.35087687529764, 0.9662183160610063, 0.0, 0.0, 1.0 
0.9185190821506688, 20.832311044599223, 0.0, 0.0, 1.0 
7.458423585400149, 42.76585262719747, 0.0, 0.0, 1.0 
58.83272167344352, 4.225465888152565, 0.0, 0.0, 1.0 
30.12475002601738, 5.6525998669211885, 0.0, 0.0, 1 
48.716016140447344, 16.520457123503675, 0.0, 0.0, 1.0 
51.178629041535295, 9.550201998471444, 0.0, 0.0, 1.0 
38.74027467560714, 48.62730690484888, 0.0, 0.0, 1.0 
42.012621238726624, 11.849889879675251, 0.0, 0.0, 1.0 
21.770651820440445, 19.30720333122678, 0.0, 0.0, 1 
34.26888257794747, 38.973119711094185, 0.0, 0.0, 1 
7.630815938141606, 6.896686512804483, 0.0, 0.0, 1.0 
14.897644428594104, 25.459558202417846, 0.0, 0.0, 1 
8.591867410254194, 28.513645722718415, 0.0, 0.0, 1.0 
15.648773172273382, 47.59601301634547, 0.0, 1.079805531997412, 1.2000000000000002 
34.74931431487736, 13.280824617090135, 0.0, 0.0, 1.0 
43.55196440490992, 34.641008184659434, 0.0, 0.0, 1.0 
3.3454890829785278, 29.930564413606152, 0.0, 0.0, 1.0 
52.4449668778081, 34.35670028163069, 0.0, 0.0, 1.0 
51.760712390888955, 22.94856126360213, 0.0, 0.0, 1.0 
32.354437380983356, 20.250509088519244, 0.0, 0.0, 1.0 
37.56080453312073, 2.1669831132944366, 0.0, 0.0, 1.0 
27.263990460517203, 57.89786060069067, 0.0, 0.0, 1.0 
26.41085673692801, 7.386642119088383, 0.0, 0.0, 1.0 
53.03650570428919, 8.67442640564241, 0.0, 0.0, 1.0 
60.62973694469064, 35.01756167289439, 0.0, 0.0, 1.0 
21.89154883684808, 36.86222212388219, 0.0, 0.0, 1.0 
22.67886955758344, 28.733034181867108, 0.0, 0.0, 1.0 
7.7242991831805705, 51.63283551939248, 0.0, 0.0, 1.0 
44.00194030400004, 50.049948321097936, 0.0, 0.0, 1 
16.906211470833163, 29.071521437809597, 0.0, 3.5143379137593813, 1.3000000000000003 
50.09788994007927, 21.78979971181881, 0.0, 0.0, 1.0 
19.875004199692924, 37.73386394603679, 0.0, 5.7124541717163755, 1.3000000000000003 
0.13772924130502048, 43.92684285594941, 0.0, 0.0, 1.0 
49.28822542977226, 10.429348745980098, 0.0, 0.0, 1.0 
29.941044321113537, 7.716902246361981, 0.0, 0.0, 1.0 
16.5744841719776, 17.826059395365554, 0.0, 0.0, 1.0 
57.34019239454038, 0.8728158440461355, 0.0, 0.0, 1.0 
10.117079530712152, 35.79766599824833, 0.0, 0.0, 1 
51.28139950948608, 48.66943853808568, 0.0, 0.0, 1.0 
0.3517115567407443, 11.933977200009064, 0.0, 0.0, 1.0 
25.65894783203368, 15.563284816327963, 0.0, 0.0, 1 
56.967983373963186, 27.69416835601088, 0.0, 0.0, 1.0 
22.70834051974124, 9.137844132069734, 0.0, 0.0, 1 
11.881146252710343, 39.486153184717516, 0.0, 0.0, 1.0 
36.85375560160747, 10.364940364231328, 0.0, 0.0, 1.0 
3.6009371554590475, 51.327065723885624, 0.0, 0.0, 1.0 
31.168456873477577, 54.10638331910412, 0.0, 0.0, 1.0 
10.664159211278314, 53.699196661424494, 0.0, 0.0, 1.0 
56.16778391455698, 15.144619954429027, 0.0, 3.249916175043713, 1.7000000000000006 
56.13564852106958, 13.09820198551679, 0.0, 0.0, 1.0 
19.191553560818875, 28.382422409063086, 0.0, 0.0, 1.0 
45.71119234819287, 51.28500728924585, 0.0, 0.0, 1 
31.650770861858614, 48.00930244378297, 0.0, 0.0, 1 
3.822555670315389, 22.816494349695564, 0.0, 0.0, 1.0 
2.1562508081691014, 56.56952584830487, 0.0, 0.0, 1.0 
28.109306801188126, 28.142740801790044, 0.0, 0.0, 1.0 
12.439812880025885, 32.42067621793409, 0.0, 0.0, 1.0 
4.858749936133402, 37.158117587393946, 0.0, 0.0, 1.0 
15.62596979570877, 8.519366324189184, 0.0, 0.0, 1.0 
38.14715825349998, 15.598071586651018, 0.0, 0.0, 1.0 
56.46961097181744, 50.13816004719885, 0.0, 0.0, 1.0 
28.644319759883665, 41.58569214719293, 0.0, 0.0, 1 
25.504411724974464, 17.611482734010714, 0.0, 0.0, 1 
37.6438002918542, 41.31744677490749, 0.0, 0.0, 1.0 
55.47376249239861, 40.810865881182146, 0.0, 0.0, 1.0 
6.013057369975098, 35.45892733796134, 0.0, 0.0, 1 
9.24682098066805, 33.93137635225635, 0.0, 0.0, 1.0 
51.359127591276255, 7.560565977180057, 0.0, 0.0, 1.0 
15.62094984316965, 43.35502935866368, 0.0, 0.0, 1.0 
1.869714885546762, 47.66024696621639, 0.0, 0.0, 1.0 
37.57570191777349, 21.75466636061656, 0.0, 0.0, 1.0 
10.326253789020008, 32.25455160044827, 0.0, 0.0, 1.0 
35.643561401584684, 3.0313193833868417, 0.0, 0.0, 1.0 
4.19444147924843, 56.77735799273984, 0.0, 0.0, 1.0 
51.745904199525874, 3.4475434292989937, 0.0, 0.0, 1.0 
50.77541328907231, 13.657905101268613, 0.0, 0.0, 1.0 
42.957808671169424, 1.6287882180957358, 0.0, 0.0, 1.0 
7.679098908281631, 10.563586714706819, 0.0, 0.4831045668098535, 1.1 
36.588644204370524, 53.54980208080217, 0.0, 0.0, 1.0 
51.00356167633828, 11.627665368827678, 0.0, 0.0, 1.0 
38.189280287035835, 35.1837686050652, 0.0, 0.0, 1.0 
45.379441938859095, 55.353729655457705, 0.0, 0.0, 1.0 
12.086719321089845, 48.43874343283693, 0.0, 0.0, 1.0 
44.7090463832867, 41.915826781541924, 0.0, 0.0, 1.0 
38.62049129173335, 50.685027635672874, 0.0, 0.0, 1.0 
38.879264961762665, 7.437865370509354, 0.0, 0.0, 1.0 
41.792914690786404, 55.0563765711044, 0.0, 0.0, 1.0 
27.519594462691636, 34.27373263300222, 0.0, 0.0, 1.0 
5.348171503476457, 30.0750266533611, 0.0, 0.0, 1.0 
43.35545381531247, 17.07174533126342, 0.0, 0.0, 1.0 
19.560601525814413, 24.277829374712752, 0.0, 0.0, 1.0 
39.446216087382176, 20.89017330643918, 0.0, 0.0, 1.0 
42.27190343306691, 29.33882606819553, 0.0, 0.0, 1.0 
55.01839722905574, 46.919274492419866, 0.0, 0.0, 1.0 
23.430035479160708, 40.05331957540795, 0.0, 0.0, 1.0 
21.879610767593803, 58.45607526733925, 0.0, 0.0, 1.0 
53.938095840926785, 37.5866882872277, 0.0, 0.0, 1.0 
60.31217128889095, 6.568089243094252, 0.0, 0.0, 1.0 
47.464743405456865, 11.260766907738812, 0.0, 0.0, 1.0 
24.383296392531843, 10.335138931553876, 0.0, 0.0, 1.0 
16.50728692899976, 32.80762056581922, 0.0, 0.0, 1.0 
2.559358528706888, 40.54993948634846, 0.0, 0.0, 1.0 
24.517847693800096, 8.261231783630901, 0.0, 0.0, 1 
3.6213191220002896, 3.1773475229715102, 0.0, 0.0, 1.0 
7.117560793860077, 58.74230200927756, 0.0, 0.0, 1.0 
31.60814984699324, 8.864170847306527, 0.0, 0.0, 1.0 
10.301427043457734, 7.031716274778249, 0.0, 0.1853479015269072, 1.3000000000000003 
56.394908723944006, 52.215252017156374, 0.0, 3.4116947473495465, 1.1 
44.65759841839673, 22.387393661881717, 0.0, 0.0, 1.0 
44.63530528756393, 2.804133079153985, 0.0, 0.0, 1.0 
1.8167964894200381, 22.716451181904795, 0.0, 0.0, 1.0 
29.85894724110042, 48.85545135760542, 0.0, 0.0, 1.0 
18.161580698333708, 60.22374976054002, 0.0, 0.0, 1.0 
14.574857571982172, 20.72404644404014, 0.0, 0.0, 1.0 
47.85003437652609, 7.181589644594284, 0.0, 0.0, 1.0 
49.49122574554055, 8.335649770477762, 0.0, 0.0, 1.0 
22.619162376580313, 50.27022362514356, 0.0, 0.0, 1.0 
41.49609919458642, 59.145126575557036, 0.0, 0.0, 1.0 
0.3895943566534931, 27.926120116105736, 0.0, 0.0, 1.0 
8.013473796050356, 48.09075728705798, 0.0, 0.0, 1.0 
6.570210560637728, 53.37746107892572, 0.0, 0.0, 1.0 
49.07974649012351, 12.448087865735944, 0.0, 0.0, 1.0 
31.850156436322152, 45.92880132150443, 0.0, 0.0, 1.0 
32.350645620612084, 0.6928905700576914, 0.0, 0.0, 1.0 
11.181792323528441, 59.08552063911864, 0.0, 0.0, 1.0 
47.42532724569626, 30.762203601994642, 0.0, 0.0, 1.0 
44.35292460775659, 46.00022520187845, 0.0, 0.0, 1.0 
30.71884152453319, 19.10059639346074, 0.0, 0.0, 1.0 
3.889475292232007, 47.79506380151943, 0.0, 0.0, 1.0 
15.25577040414462, 12.616800215029407, 0.0, 0.0, 1.0 
20.98471105002138, 7.9655717694064245, 0.0, 0.0, 1.0 
40.57049174347778, 8.615462850069093, 0.0, 0.0, 1.0 
41.186003856809464, 41.61241363920809, 0.0, 0.0, 1 
8.897634779108191, 49.98560891886707, 0.0, 0.0, 1.0 
34.54821448411524, 56.50091511121877, 0.0, 0.0, 1.0 
33.833657866693805, 23.483969768593628, 0.0, 0.0, 1.0 
6.249553360767468, 56.882533168381705, 0.0, 0.0, 1.0 
42.94714131664272, 21.185903393204775, 0.0, 0.0, 1.0 
0.003295470625175767, 19.038890442991644, 0.0, 0.0, 1.0 
49.12692404662575, 32.00043503701006, 0.0, 0.0, 1.0 
14.012654532445467, 48.68379112720949, 0.0, 0.0, 1.0 
17.178379079106314, 38.13927276309264, 0.0, 0.0, 1.0 
0.1861933830319735, 15.47750848207223, 0.0, 0.0, 1.0 
10.996067271904689, 37.671470897961505, 0.0, 0.0, 1.0 
26.639312876852244, 44.48572269638156, 0.0, 0.0, 1 
49.72599122907325, 25.880560889638748, 0.0, 0.0, 1.0 
51.954108568055524, 40.46342138189717, 0.0, 0.0, 1.0 
2.7251383673925305, 1.3033634567055756, 0.0, 0.0, 1.0 
43.84727517360676, 52.13703890136073, 0.0, 0.0, 1.0 
28.238915616859114, 6.509717345078956, 0.0, 0.0, 1.0 
36.629074350493525, 31.973637536127796, 0.0, 0.0, 1.0 
10.739237478808901, 5.1886551549718805, 0.0, 0.0, 1.0 
20.609908346278882, 53.20282002035348, 0.0, 0.0, 1.0 
17.490322061582212, 34.60742598387948, 0.0, 2.988161257108361, 1.1 
1.3720793421574424, 42.227132169241024, 0.0, 0.0, 1.0 
56.11450444784335, 25.782523882935752, 0.0, 0.0, 1.0 
9.69309195279383, 26.830693429353083, 0.0, 0.0, 1.0 
38.717836990121924, 29.100722672059078, 0.0, 0.0, 1 
1.9801236089580714, 35.14716550200022, 0.0, 0.0, 1.0 
0.1559614885466305, 56.46351033142353, 0.0, 0.0, 1.0 
23.990623801938188, 14.400321100789863, 0.0, 0.0, 1.0 
35.57269418176677, 44.23482225579199, 0.0, 0.0, 1 
5.438977766214051, 13.978905349087777, 0.0, 0.0, 1.0 
0.9359622989973336, 58.30996777596124, 0.0, 0.0, 1.0 
51.56687206568802, 25.021652292528064, 0.0, 0.0, 1.0 
34.64022897905497, 34.867396466085346, 0.0, 0.0, 1 
48.558113406840825, 59.74647097049723, 0.0, 0.0, 1.0 
58.51004576042434, 47.298996729720535, 0.0, 0.0, 1.0 
39.29732476237248, 42.48352207830461, 0.0, 0.0, 1.0 
39.58824001519958, 59.980345906022414, 0.0, 0.0, 1.0 
50.58251969506596, 15.677443088846301, 0.0, 0.0, 1.0 
35.53624296944147, 5.109755433356854, 0.0, 0.0, 1.0 
47.733105482926085, 48.330067036476, 0.0, 0.0, 1.0 
36.19547158237616, 57.62981193270044, 0.0, 0.0, 1.0 
21.14675004543901, 5.919220660893212, 0.0, 0.0, 1.0 
27.53024416744638, 14.681292891328921, 0.0, 0.0, 1.0 
57.96200379585936, 54.43485576677958, 0.0, 0.0, 1.0 
13.541834351589983, 11.432066607065938, 0.0, 0.0, 1.0 
45.043032158511686, 37.832317584298465, 0.0, 0.0, 1.0 
12.6379212794308, 28.847476296529592, 0.0, 0.0, 1.0 
47.81128036252476, 26.763974118776268, 0.0, 0.0, 1.0 
47.177746181109555, 54.489739979576555, 0.0, 0.0, 1.0 
35.235312179556644, 48.29141371793717, 0.0, 0.0, 1.0 
36.274009278645025, 16.498771679546614, 0.0, 0.0, 1.0 
6.831753639743986, 49.81277887017692, 0.0, 0.0, 1.0 
22.51931624046927, 11.227478660988684, 0.0, 0.0, 1.0 
40.25951594823717, 51.817402767265364, 0.0, 0.0, 1.0 
37.174666475813, 6.245839343562131, 0.0, 0.0, 1.0 
24.97361074341966, 23.728675794444424, 0.0, 0.0, 1 
27.15971026494449, 59.97742083836254, 0.0, 0.0, 1 
29.372512453911902, 33.42597770585827, 0.0, 0.0, 1.0 
18.554005404255168, 56.10069799655247, 0.0, 0.0, 1.0 
48.75893097156897, 57.70431479585605, 0.0, 0.0, 1.0 
21.51634278180545, 1.8223647834921501, 0.0, 0.0, 1.0 
38.506427085153284, 11.506252368565116, 0.0, 0.0, 1.0 
27.640530666174808, 53.81276991468275, 0.0, 0.0, 1 
49.5148274059194, 27.94177693468345, 0.0, 0.0, 1.0 
34.57835428215731, 15.284632912298532, 0.0, 0.0, 1.0 
12.390976589022266, 4.003261367095796, 0.0, 0.0, 1.0 
35.92801595205169, 40.14310307340336, 0.0, 0.0, 1 
52.27076900249689, 36.39742889336247, 0.0, 0.0, 1.0 
26.455891500351253, 46.48402320526555, 0.0, 0.0, 1 
41.297430669476505, 20.036847397684213, 0.0, 0.0, 1.0 
42.778450194169466, 3.6345134802342303, 0.0, 0.0, 1.0 
42.660976434516755, 44.85959859672649, 0.0, 0.0, 1.0 
5.722279155082341, 3.2881422294251146, 0.0, 0.0, 1.0 
54.137899771081166, 35.53467654883341, 0.0, 0.0, 1.0 
35.841224916051395, 0.973611158069558, 0.0, 0.0, 1.0 
30.471322042807472, 1.5632351380822176, 0.0, 0.0, 1.0 
55.252990828499996, 23.95906959176423, 0.0, 0.0, 1.0 
7.155763412252294, 33.781680247827936, 0.0, 0.0, 1.0 
10.802972135930355, 12.499236557038307, 0.0, 2.729329919120464, 1.6000000000000005 
6.804589117862466, 1.5610197514256114, 0.0, 0.0, 1 
39.37865165425663, 1.3128641677129709, 0.0, 0.0, 1.0 
54.658587241283264, 51.020236376930335, 0.0, 0.0, 1.0 
6.826937693481055, 24.815185238633354, 0.0, 0.0, 1.0 
10.843449306584667, 25.134170940075656, 0.0, 0.0, 1.0 
59.719086935276316, 33.136574310501885, 0.0, 0.0, 1.0 
50.254621841009204, 39.34040651819712, 0.0, 0.0, 1.0 
26.42679478815953, 26.988877565232027, 0.0, 0.0, 1 
31.084998440010352, 15.033674347454564, 0.0, 0.0, 1.0 
28.446033422852576, 4.476727043638062, 0.0, 0.0, 1.0 
1.0721132666363973, 33.329447596963114, 0.0, 0.0, 1.0 
12.159101907481695, 0.14440610893642872, 0.0, 2.8603127766801606, 1.2000000000000002 
9.187180581477426, 46.4744440311281, 0.0, 0.0, 1 
33.83354456986817, 3.8811881514920534, 0.0, 0.0, 1.0 
54.92993142822139, 27.51985960721443, 0.0, 0.0, 1.0 
58.488364305608776, 6.236360485274034, 0.0, 0.0, 1.0 
50.57566705108311, 35.22720249623477, 0.0, 0.0, 1.0 
1.0984809304063003, 17.32243119089929, 0.0, 0.0, 1.0 
43.009089902615216, 40.76626264904329, 0.0, 0.0, 1.0 
13.008331256662734, 58.74865119391496, 0.0, 0.0, 1.0 
37.46335402890783, 43.36968419116026, 0.0, 0.0, 1.0 
3.5970464111639706, 26.391921876184263, 0.0, 0.0, 1 
23.823653637376424, 16.42699060248708, 0.0, 0.0, 1 
33.44133224740158, 7.9987049462899185, 0.0, 0.0, 1.0 
5.609830649873498, 6.82751257951809, 0.0, 0.0, 1.0 
38.24718902917608, 54.74258037545056, 0.0, 0.0, 1.0 
52.88398021799243, 30.29003230016538, 0.0, 0.0, 1.0 
40.37137709106602, 30.209695367336597, 0.0, 0.0, 1.0 
4.5727474523097085, 40.73163340557202, 0.0, 0.0, 1.0 
48.16108706232286, 22.656156605760952, 0.0, 0.0, 1.0 
37.82665604247245, 39.30018689799513, 0.0, 0.0, 1 
29.7448932426841, 29.327127324926046, 0.0, 0.0, 1.0 
48.01618287196616, 5.152903605010415, 0.0, 0.0, 1.0 
11.262243572873452, 17.93771416348373, 0.0, 0.0, 1.0 
23.064459317008424, 44.19877703088418, 0.0, 0.0, 1.0 
47.901316118534325, 46.33644990222519, 0.0, 0.0, 1.0 
60.46687214192448, 22.567257804015295, 0.0, 0.0, 1.0 
24.591970360360435, 27.838204551763724, 0.0, 0.0, 1 
34.812740671230856, 32.86452065794369, 0.0, 0.0, 1 
37.39596516888376, 4.24083268264673, 0.0, 0.0, 1.0 
6.53326822033898, 28.36176364388455, 0.0, 0.0, 1.0 
24.67131679635451, 6.2197071732988585, 0.0, 0.0, 1 
60.135020656681164, 10.156192025837377, 0.0, 0.0, 1.0 
30.704261869040813, 38.6953346132943, 0.0, 0.0, 1 
11.486658919127876, 55.55219208874317, 0.0, 0.0, 1.0 
24.168406878300043, 31.952615045414483, 0.0, 0.0, 1.0 
7.786727494793715, 39.19488591211171, 0.0, 0.0, 1.0 
6.556473048077492, 8.64536637060316, 0.0, 0.0, 1.0 
7.410753608509638, 55.20759703594202, 0.0, 0.0, 1.0 
26.786408222584647, 42.4389871382696, 0.0, 0.0, 1 
17.241114705242968, 9.704879674481981, 0.0, 0.0, 1.0 
5.59157635097391, 26.535622018560716, 0.0, 0.0, 1.0 
4.716225396505709, 24.66974803047091, 0.0, 0.0, 1.0 
53.07800614497607, 28.207010961953266, 0.0, 0.0, 1.0 
45.52939388668061, 53.272489445477326, 0.0, 0.0, 1.0 
28.27795811807794, 26.081603131861492, 0.0, 0.0, 1.0 
35.53373145198143, 24.70069286692309, 0.0, 0.0, 1.0 
59.06416874021364, 52.76765713276241, 0.0, 0.0, 1.0 
6.316512598647613, 15.860553221171717, 0.0, 0.0, 1.0 
38.938070490748345, 46.55492122942624, 0.0, 0.0, 1 
4.522329108249448, 8.573653048196629, 0.0, 0.0, 1.0 
16.84461716625908, 54.96076475169745, 0.0, 0.0, 1.0 
41.118198397539075, 2.4597311515004114, 0.0, 0.0, 1.0 
27.684875028204203, 32.258579988412336, 0.0, 0.0, 1 
38.406219216473474, 52.74865930414047, 0.0, 0.0, 1.0 
14.444038705586854, 32.59783764580353, 0.0, 0.0, 1.0 
13.059849073194325, 17.552213550097143, 0.0, 0.0, 1.0 
24.590054691963715, 47.384879177133186, 0.0, 0.0, 1 
6.542907509480248, 12.230915278983403, 0.0, 0.0, 1.0 
57.24922806984158, 24.143426095323324, 0.0, 0.0, 1.0 
13.323597312255204, 54.62151864479382, 0.0, 0.0, 1.0 
22.06644999648902, 34.847976618980134, 0.0, 0.0, 1.0 
25.0947635212361, 21.70001378690077, 0.0, 0.0, 1.0 
6.1106935392264425, 19.42366787792811, 0.0, 0.0, 1.0 
32.2005063880073, 41.88595680601338, 0.0, 0.0, 1 
5.0843222279336215, 58.63365949688021, 0.0, 0.0, 1.0 
29.013485279759877, 37.48660149714672, 0.0, 0.0, 1 
19.911764240151005, 20.204709713733152, 0.0, 0.0, 1 
51.00206177608623, 31.13384822362732, 0.0, 0.0, 1.0 
35.712167178914136, 22.59814180149363, 0.0, 0.0, 1.0 
21.712724085310107, 38.88417214046603, 0.0, 0.0, 1.0 
19.67556013307599, 2.7187935187616707, 0.0, 0.0, 1.0 
52.42450508168368, 55.936342828150394, 0.0, 0.0, 1.0 
22.296044783081634, 13.217078363429016, 0.0, 0.0, 1.0 
57.65757719507045, 57.94527080544536, 0.0, 0.0, 1.0 
29.914596741638483, 27.289187528314166, 0.0, 0.0, 1.0 
39.61440121121966, 18.793414955072617, 0.0, 0.0, 1.0 
32.576889692214806, 18.24237086569394, 0.0, 0.0, 1.0 
43.53638302184535, 15.073236152494852, 0.0, 0.0, 1.0 
22.26121009773685, 32.7908419945578, 0.0, 0.0, 1.0 
22.74780972763232, 48.23483976348363, 0.0, 0.0, 1.0 
44.15883563991747, 48.07185724411993, 0.0, 0.0, 1.0 
8.072239160196236, 35.6268092458447, 0.0, 0.0, 1 
20.724272655503658, 51.15862032833849, 0.0, 0.0, 1.0 
53.46871066105432, 43.686629987350514, 0.0, 0.0, 1.0 
24.416437114051483, 49.39928283758952, 0.0, 0.0, 1.0 
40.00335002243789, 14.710850166042222, 0.0, 0.0, 1.0 
51.47313590785575, 46.605354328714085, 0.0, 0.0, 1.0 
40.72403029548911, 6.548402603766841, 0.0, 0.0, 1.0 
12.106968527931329, 8.265755959386178, 0.0, 0.0, 1.0 
50.06407486906821, 41.34100067472464, 0.0, 0.0, 1.0 
60.280373026355385, 2.807589664354376, 0.0, 0.0, 1.0 
11.482201143475054, 14.246260670689082, 0.0, 0.0, 1.0 
9.271984204080852, 17.823303366578926, 0.0, 0.0, 1.0 
25.287663436631618, 19.628582933912583, 0.0, 0.0, 1.0 
15.19627606177827, 53.79477200062652, 0.0, 0.0, 1.0 
34.896735808139084, 52.39134916301354, 0.0, 0.0, 1.0 
54.28660602491843, 33.502507432687736, 0.0, 0.0, 1.0 
38.33939858013535, 33.15798624592634, 0.0, 0.0, 1.0 
37.301938543642954, 45.4075249787891, 0.0, 0.0, 1 
26.229513221730695, 28.997151101029264, 0.0, 0.0, 1.0 
37.947863763866586, 17.651779473740472, 0.0, 0.0, 1.0 
59.503483654255426, 36.678537179672695, 0.0, 0.0, 1.0 
39.80973169075276, 36.39298546068931, 0.0, 0.0, 1.0 
0.9569341806670306, 45.79469383851879, 0.0, 0.0, 1.0 
55.33450285585107, 42.83910280749197, 0.0, 0.0, 1.0 
14.107806030686394, 5.289678460341876, 0.0, 0.0, 1.0 
31.41777880123187, 10.930497391274235, 0.0, 0.0, 1.0 
42.56378389498458, 25.279034861051016, 0.0, 0.0, 1.0 
23.385192785899488, 0.9397860755894831, 0.0, 0.0, 1.0 
11.100062770668902, 21.543343861909058, 0.0, 0.0, 1.0 
50.43260206891349, 37.24116213354611, 0.0, 0.0, 1.0 
39.20539793330372, 3.3509309762904156, 0.0, 0.0, 1.0 
55.52303684331415, 1.687572716558946, 0.0, 0.0, 1.0 
35.382865337114694, 46.2905241775036, 0.0, 0.0, 1.0 
41.282471317124, 0.44508696937757963, 0.0, 0.0, 1.0 
23.57347425169763, 59.64896840255826, 0.0, 0.0, 1.0 
18.092258394311944, 21.056305802903008, 0.0, 0.0, 1.0 
17.98343186642064, 40.043567813799136, 0.0, 0.0, 1.0 
21.42184199265965, 42.986046784405694, 0.0, 0.0, 1.0 
40.94403759931868, 24.123079284391192, 0.0, 0.0, 1.0 
23.97028292782308, 33.97644385245918, 0.0, 0.0, 1.0 
46.68717408671072, 19.4630650303184, 0.0, 0.0, 1.0 
51.19349495728401, 29.085638949847937, 0.0, 0.0, 1.0 
1.8510854594227617, 60.19167524550333, 0.0, 0.0, 1.0 
47.24165354443423, 13.322324104442218, 0.0, 0.0, 1.0 
19.209662207530744, 47.94845824685439, 0.0, 0.0, 1.0 
23.287251995854536, 42.1508649108171, 0.0, 0.0, 1.0 
5.587208022713935, 10.42267091743912, 0.0, 0.0, 1.0 
57.9209527692899, 13.620063599006603, 0.0, 0.0, 1.0 
8.612062820753156, 53.52063305340762, 0.0, 0.0, 1.0 
29.3725240125036, 13.81213856888774, 0.0, 0.0, 1.0 
46.20006575849157, 45.14314404930151, 0.0, 0.0, 1.0 
10.065778341429814, 48.2945255783078, 0.0, 0.0, 1.0 
27.35368434392977, 16.779302426415505, 0.0, 0.0, 1 
20.054045572914156, 59.31208611010051, 0.0, 0.0, 1.0 
46.162716454953795, 25.572273807726308, 0.0, 0.0, 1.0 
13.312117453156931, 46.7664504327721, 0.0, 0.0, 1.0 
57.87480510191103, 29.450190079978377, 0.0, 0.0, 1.0 
7.746689696847686, 3.3906202217689674, 0.0, 0.0, 1.0 
2.2163075248255866, 44.087697966772836, 0.0, 0.0, 1.0 
58.56626168387328, 8.1232708427944, 0.0, 3.2287145113888496, 1.5000000000000004 
48.918976889322195, 14.509891915924506, 0.0, 0.0, 1.0 
10.322377170520237, 19.702738962420078, 0.0, 6.26826225262785, 1.1 
5.430704315999511, 42.572903941080654, 0.0, 0.0, 1.0 
58.891774183697834, 15.386970178781679, 0.0, 0.0, 1.0 
21.403401747489426, 23.42964103960165, 0.0, 0.0, 1.0 
4.617878288689949, 5.012206928059909, 0.0, 0.0, 1.0 
45.02998523905545, 59.465097707712076, 0.0, 0.0, 1.0 
56.11290703925609, 54.19890179594738, 0.0, 0.0, 1.0 
25.252040375771827, 39.22428606083352, 0.0, 0.0, 1 
44.30621282841095, 26.46451121860719, 0.0, 0.0, 1.0 
17.44169205222612, 46.93872060966634, 0.0, 0.0, 1.0 
33.553899195719595, 47.12309083590783, 0.0, 0.0, 1 
13.029826116135375, 21.660519657723825, 0.0, 0.0, 1.0 
4.496956657941479, 28.230178205314495, 0.0, 0.0, 1.0 
36.40496608808805, 55.63522047061593, 0.0, 0.0, 1 
52.2855121438189, 16.849803394975925, 0.0, 0.0, 1.0 
37.01094927038677, 8.294055687743802, 0.0, 0.0, 1.0 
3.5622137940231244, 6.761846993288961, 0.0, 0.0, 1.0 
50.421076345237175, 58.888386478628924, 0.0, 0.0, 1.0 
59.96635635494968, 13.689059847498324, 0.0, 0.0, 1.0 
33.64393206017907, 5.947409973149258, 0.0, 0.0, 1.0 
14.878067408322837, 16.67299154310022, 0.0, 0.0, 1.0 
22.161103803078795, 15.243901075928385, 0.0, 0.0, 1.0 
19.376476904266116, 26.294197277768216, 0.0, 0.0, 1.0 
14.834341534005391, 57.87329824478369, 0.0, 0.0, 1.0 
9.533571221190801, 42.90719482558918, 0.0, 0.0, 1.0 
2.488961043334813, 8.480743047933867, 0.0, 0.0, 1.0 
4.2233953360250664, 31.742966139047546, 0.0, 0.0, 1.0 
34.079401690481426, 41.04258799699998, 0.0, 0.0, 1 
16.689334818366742, 56.98361784424534, 0.0, 0.0, 1.0 
54.33008972880159, 13.960511666276657, 0.0, 0.0, 1.0 
52.66125629397891, 32.27444682019526, 0.0, 0.0, 1.0 
53.61748925906831, 2.553399614266378, 0.0, 0.0, 1.0 
43.163075124234894, 19.136428768331584, 0.0, 0.0, 1.0 
20.129285193563014, 18.160233412246193, 0.0, 0.0, 1.0 
1.2690693381299107, 29.74101584721195, 0.0, 0.0, 1 
52.82507873183524, 51.853344560559215, 0.0, 0.0, 1.0 
53.99218889488246, 59.16639813383373, 0.0, 0.0, 1.0 
53.82472355030307, 0.4900980662211609, 0.0, 0.0, 1.0 
51.62850890580067, 44.576404673420505, 0.0, 0.0, 1.0 
36.01396227246776, 59.670776247302086, 0.0, 0.0, 1.0 
58.63609622311567, 18.90634157852631, 0.0, 0.0, 1.0 
25.96942332790861, 52.624372119151445, 0.0, 0.0, 1.0 
37.730161158771445, 19.68790002452776, 0.0, 0.0, 1.0 
8.853115810200583, 1.71004400898708, 0.0, 0.0, 1.0 
6.645557717303327, 5.123015506213943, 0.0, 0.0, 1.0 
49.74346672760743, 45.42390249187191, 0.0, 0.0, 1.0 
56.93432337226526, 4.8939069481645445, 0.0, 0.0, 1.0 
28.14805630126751, 47.64508497787965, 0.0, 0.0, 1.0 
0.4188968229590033, 8.410396970386232, 0.0, 0.0, 1.0 
37.94371133758164, 58.81493517400893, 0.0, 0.0, 1.0 
31.966596923641003, 4.7469907494073995, 0.0, 0.0, 1 
18.75100765101977, 54.107405359030075, 0.0, 0.0, 1.0 
45.42748594313045, 33.71706034881154, 0.0, 0.0, 1.0 
18.580899490374684, 14.97260401855119, 0.0, 0.0, 1.0 
43.65473127081571, 54.157242339949356, 0.0, 0.0, 1.0 
43.72851402776227, 13.018428791431832, 0.0, 0.0, 1.0 
20.402872229744318, 55.226636196297754, 0.0, 0.0, 1.0 
24.73412248124404, 25.788098349426367, 0.0, 0.0, 1.0 
58.819195644645475, 56.28632500734929, 0.0, 0.0, 1.0 
42.4858672610869, 46.88401247662002, 0.0, 0.0, 1.0 
7.438351727384811, 30.241432707974223, 0.0, 0.0, 1.0 
16.361619673777263, 0.34498967231756356, 0.0, 0.0, 1.0 
32.918421003117466, 33.71659781241026, 0.0, 0.0, 1.0 
28.639972348536602, 21.97988585883914, 0.0, 0.0, 1.0 
25.831222012131803, 33.10087981546375, 0.0, 0.0, 1 
58.59505864933862, 34.83824086199099, 0.0, 0.0, 1.0 
8.290777898197168, 57.05650180306842, 0.0, 0.0, 1.0 
41.54774954338397, 37.52390008124463, 0.0, 0.0, 1.0 
14.70127134145821, 29.008508460334923, 0.0, 0.0, 1.0 
33.223308749860486, 51.229920628463994, 0.0, 0.0, 1 
29.755425828280224, 9.713618888945863, 0.0, 0.0, 1.0 
46.673078440020426, 60.620353272033995, 0.0, 0.0, 1.0 
6.602511108322828, 40.92467971597078, 0.0, 0.0, 1.0 
23.060882395332804, 5.075383724014302, 0.0, 0.0, 1.0 
60.018945348839054, 42.100086663383436, 0.0, 0.0, 1.0 
52.85013684252213, 10.744125155136574, 0.0, 0.0, 1.0 
48.42457005913855, 40.17795339155929, 0.0, 0.0, 1.0 
36.09582951065141, 18.527817761095285, 0.0, 0.0, 1.0 
32.94976092383425, 14.117361669593912, 0.0, 0.0, 1.0 
8.803853301721283, 24.9755399426861, 0.0, 0.0, 1.0 
29.997759329800203, 46.827512439464826, 0.0, 0.0, 1 
32.54684812440216, 37.843511861666826, 0.0, 0.0, 1 
18.648090159548328, 32.65014874520764, 0.0, 5.339132186817504, 1.2000000000000002 
17.80272334817313, 3.563194380417467, 0.0, 0.0, 1.0 
45.226708545094475, 57.409311633343485, 0.0, 0.0, 1 
44.529873193718075, 43.997715126711185, 0.0, 0.0, 1.0 
11.835500538856287, 10.335140198881705, 0.0, 0.0, 1.0 
58.46186887820784, 22.4283365311008, 0.0, 0.0, 1.0 
26.778872074198194, 3.288466433838404, 0.0, 0.0, 1 
3.07117847216649, 45.950138665900134, 0.0, 0.0, 1.0 
35.336913760706246, 7.091673298001067, 0.0, 0.0, 1.0 
10.873721027629756, 1.788813708553647, 0.0, 0.0, 1.0 
45.796103872801915, 29.679747902633686, 0.0, 0.0, 1.0 
9.469226756627146, 30.430133450231263, 0.0, 0.0, 1.0 
17.238175120397816, 50.888959269132165, 0.0, 0.0, 1.0 
41.46436730773067, 17.968669614799044, 0.0, 0.0, 1.0 
50.232969552996195, 19.756695508656836, 0.0, 0.0, 1.0 
13.556939818960698, 50.61461413280381, 0.0, 0.2832171802501381, 1.2000000000000002 
20.372962656126237, 33.64569294070853, 0.0, 0.0, 1.0 
16.196464766178057, 21.91786317807213, 0.0, 0.0, 1.0 
45.37632364490796, 14.196640884376842, 0.0, 0.0, 1.0 
20.633190773243104, 12.0509076983617, 0.0, 0.0, 1.0 
9.816931257344411, 39.33535061890574, 0.0, 0.0, 1.0 
59.55260767410853, 20.74128833086864, 0.0, 0.0, 1.0 
3.9725450972027043, 35.312903577293504, 0.0, 0.0, 1.0 
43.48693687748665, 56.22720691658582, 0.0, 0.0, 1.0 
29.511890751789878, 52.93580793568035, 0.0, 0.0, 1.0 
3.3888345085262235, 42.42117466627408, 0.0, 0.0, 1.0 
30.19721788295788, 44.7602937020423, 0.0, 0.0, 1.0 
41.70039724909304, 35.489685779776494, 0.0, 0.0, 1.0 
2.2034667280938605, 31.586583354202485, 0.0, 0.0, 1.0 
40.22297760581891, 32.2762745751893, 0.0, 0.0, 1.0 
40.73579928395819, 26.119315972051638, 0.0, 0.0, 1.0 
46.352526047243884, 43.10695542944251, 0.0, 0.0, 1.0 
13.03276182981942, 37.81880568351829, 0.0, 0.0, 1.0 
32.55254938048285, 59.35448205960179, 0.0, 0.0, 1.0 
12.129266772924684, 35.980959764704224, 0.0, 0.0, 1.0 
56.61859238896176, 18.77168470661634, 0.0, 0.0, 1.0 
28.48735259536142, 43.598722702272774, 0.0, 0.0, 1 
12.705923933674129, 2.0096648162140243, 0.0, 0.0, 1.0 
46.04241157082591, 47.19306894947322, 0.0, 0.0, 1.0 
37.08115003609988, 47.44070547711003, 0.0, 0.0, 1.0 
14.623624375740139, 59.906015486247064, 0.0, 0.0, 1.0 
4.102761614618487, 19.266407263730894, 0.0, 0.0, 1.0 
3.5091232511525945, 10.315834879734526, 0.0, 0.0, 1.0 
7.959967191772666, 60.579127376603786, 0.0, 0.0, 1.0 
46.88625180414262, 36.97794543448575, 0.0, 0.0, 1.0 
12.76310089715388, 41.37505716171339, 0.0, 0.0, 1.0 
55.73702675080582, 60.31432938954833, 0.0, 0.0, 1.0 
59.8101188507091, 17.180372943383798, 0.0, 0.0, 1.0 
55.05101898150492, 5.7768983777683784, 0.0, 0.0, 1.0 
49.32138347924308, 29.933328467144545, 0.0, 0.0, 1.0 
6.9276741293828445, 37.34934178727674, 0.0, 0.0, 1.0 
22.07448980132559, 56.455490412187075, 0.0, 0.0, 1.0 
39.970873234333276, 55.88841636443483, 0.0, 0.0, 1.0 
52.65434329293036, 12.757590181193457, 0.0, 0.0, 1.0 
23.261826716728528, 22.5608585538988, 0.0, 0.0, 1.0 
40.4549378419679, 49.819588520113356, 0.0, 0.0, 1.0 
43.92324512481768, 10.952291650527473, 0.0, 0.0, 1.0 
56.729681570155414, 6.958591362031329, 0.0, 0.0, 1.0 
58.12299366790468, 25.96642517795866, 0.0, 0.0, 1.0 
5.740170493131775, 39.03406597999957, 0.0, 0.0, 1 
35.88558591495245, 20.596974433913935, 0.0, 0.0, 1.0 
36.106857992511934, 38.10037045624925, 0.0, 0.0, 1 
22.89668773371993, 7.13360732279005, 0.0, 0.0, 1.0 
44.47554628172017, 24.38347020025895, 0.0, 0.0, 1.0 
14.460737978597184, 45.112672709577474, 0.0, 0.0, 1.0 
30.1331097568181, 25.218103067848123, 0.0, 0.0, 1.0 
19.017001483268324, 30.3590772933583, 0.0, 0.0, 1.0 
9.739472530528667, 51.82034190215747, 0.0, 0.0, 1.0 
39.82291575408535, 16.818140627278208, 0.0, 0.0, 1.0 
49.236171818405566, 51.57777051772513, 0.0, 0.0, 1.0 
27.942315382215163, 30.179537209144268, 0.0, 0.0, 1.0 
55.74559127955088, 16.91221630593589, 0.0, 0.0, 1.0 
39.23490042798349, 22.927544537325712, 0.0, 0.0, 1.0 
20.80264164852295, 9.983365616236616, 0.0, 0.0, 1.0 
15.972999337120337, 4.459895939214092, 0.0, 0.0, 1.0 
45.79558603524269, 10.076932790618976, 0.0, 0.0, 1.0 
29.638829447301173, 11.798770289418522, 0.0, 0.0, 1.0 
57.226912185836476, 2.868606412460164, 0.0, 3.1262594291490293, 1.1 
10.871206161609544, 16.049930506558976, 0.0, 6.211960852079453, 1.5000000000000004 
3.7093018182412414, 38.88705647917571, 0.0, 0.0, 1.0 
16.819192393188427, 41.702609562295684, 0.0, 0.0, 1.0 
33.48255727348091, 27.599894487432167, 0.0, 0.0, 1.0 
45.559002005502876, 12.132651151147185, 0.0, 0.0, 1.0 
3.356468761378352, 13.884138269377216, 0.0, 0.0, 1.0 
5.005261356661562, 21.095570259425283, 0.0, 0.0, 1 
10.928693388366161, 50.16362946337403, 0.0, 0.0, 1.0 
21.183673976513354, 45.051527953189414, 0.0, 0.0, 1.0 
17.987456551019992, 1.5188469298358245, 0.0, 0.0, 1.0 
27.159404117618685, 18.77517846659487, 0.0, 0.0, 1.0 
28.474369242343915, 24.06343733985589, 0.0, 0.0, 1.0 
14.354936624956707, 23.047765108334207, 0.0, 5.348229178350972, 1.4000000000000004 
15.378365582463267, 51.74668218178392, 0.0, 0.0, 1.0 
18.313186797375266, 36.48873737571028, 0.0, 0.0, 1.0 
19.109979732892956, 49.99317793380185, 0.0, 0.0, 1.0 
10.380437616069804, 57.261817976852726, 0.0, 0.0, 1.0 
48.52463891234829, 18.57789968369756, 0.0, 0.0, 1.0 
41.96997027878664, 53.01784669665764, 0.0, 0.0, 1.0 
4.78446361628197, 49.68920651790425, 0.0, 0.0, 1.0 
30.983532919483988, 56.202681389510985, 0.0, 0.0, 1 
28.816299864655537, 39.51646958942045, 0.0, 0.0, 1 
44.10852146880689, 8.948321126904473, 0.0, 0.0, 1.0 
16.40304276277733, 19.877837593960326, 0.0, 0.0, 1 
18.975685911893848, 10.861357295500772, 0.0, 0.0, 1.0 
21.033387074900325, 27.555344691752943, 0.0, 0.0, 1.0 
33.72997537613005, 45.091461069271084, 0.0, 0.0, 1 
35.742858508276655, 42.20429337700783, 0.0, 0.0, 1.0 
35.00618110717203, 30.802426985382212, 0.0, 0.0, 1.0 
1.4502084276808034, 10.25374607632775, 0.0, 0.0, 1.0 
15.808892595968112, 6.474026046251506, 0.0, 0.0, 1.0 
21.055909663393606, 47.0413100858141, 0.0, 0.0, 1.0 
27.715288196484675, 12.690368553206133, 0.0, 0.0, 1 
11.548211260253515, 43.07202164400216, 0.0, 0.0, 1.0 
41.12216064360115, 22.013359677341363, 0.0, 0.0, 1.0 
48.20837495605568, 3.0620257409159004, 0.0, 0.0, 1.0 
52.968316675691725, 49.85001359478501, 0.0, 0.0, 1.0 
16.497484399199273, 45.24676185652986, 0.0, 0.0, 1.0 
57.215661733770375, 40.10852896185073, 0.0, 0.0, 1.0 
2.7228860196341143, 49.48657694314303, 0.0, 0.0, 1.0 
5.37869771205167, 55.08037610172564, 0.0, 0.0, 1.0 
45.9594200684969, 27.5982045044988, 0.0, 0.0, 1.0 
9.971541235908255, 23.240822178597607, 0.0, 0.0, 1.0 
54.47521021656274, 53.03770777590551, 0.0, 0.0, 1.0 
12.700756847233638, 19.64829335059254, 0.0, 5.7664314578495475, 1.2000000000000002 
42.44853622797601, 27.311034025781463, 0.0, 0.0, 1.0 
51.789690586812355, 42.55646673755233, 0.0, 0.0, 1.0 
59.98159950378609, 29.620951465804755, 0.0, 0.0, 1.0 
26.120339928462606, 50.57562395922769, 0.0, 0.0, 1 
50.78011995347958, 54.770757794014145, 0.0, 0.0, 1.0 
11.524360212606112, 30.5717404699171, 0.0, 0.0, 1.0 
55.915023610280244, 32.86142916552182, 0.0, 0.0, 1.0 
9.794636356142478, 3.496904024012657, 0.0, 0.0, 1.0 
17.436736884035412, 7.685999378276076, 0.0, 0.0, 1.0 
1.6499527027960899, 38.70715749375808, 0.0, 0.0, 1.0 
7.9291149543196635, 23.120112817439406, 0.0, 0.0, 1.0 
8.18112890452091, 19.533324585782793, 0.0, 0.0, 1.0 
31.98726172104558, 24.33250264516662, 0.0, 0.0, 1.0 
18.426742720023444, 16.967558329660992, 0.0, 0.0, 1.0 
41.84790994024105, 13.86241377172411, 0.0, 0.0, 1.0 
27.480888180743253, 55.85169971276367, 0.0, 0.0, 1.0 
13.720568457354242, 9.435080311153246, 0.0, 0.0, 1.0 
28.295059888188103, 45.66922030982415, 0.0, 0.0, 1 
46.35051330722969, 23.53539543094074, 0.0, 0.0, 1.0 
46.70809181284997, 38.99639234807914, 0.0, 0.0, 1.0 
41.636990228927026, 57.05597545251268, 0.0, 0.0, 1.0 
4.296458182103387, 15.753946117430537, 0.0, 0.0, 1.0 
30.26976812750733, 3.617018393373094, 0.0, 0.0, 1 
2.5243456808240814, 4.870164412491402, 0.0, 0.0, 1.0 
7.135590762434774, 46.29939552306758, 0.0, 0.0, 1.0 
53.29645985777893, 45.74392319268986, 0.0, 0.0, 1.0 
18.669745264722543, 45.40477155351987, 0.0, 0.0, 1.0 
24.85026660391237, 4.195552308432327, 0.0, 0.0, 1.0 
46.52058328903411, 21.53815964047585, 0.0, 0.0, 1.0 
22.21909681556014, 54.3488548696084, 0.0, 0.0, 1.0 
21.235806562344607, 25.471701340317136, 0.0, 0.0, 1.0 
53.41008264295228, 24.125763199431535, 0.0, 0.0, 1.0 
35.17558042309907, 28.792748703992384, 0.0, 0.0, 1.0 
45.92014443658414, 8.0837672734805, 0.0, 0.0, 1.0 
57.75974456356856, 17.072287719364027, 0.0, 0.0, 1.0 
26.910317276062198, 1.249497276610341, 0.0, 0.0, 1.0 
42.21944816218439, 9.750997989514074, 0.0, 0.0, 1.0 
29.309282656189556, 54.99325438507921, 0.0, 0.0, 1.0 
32.18809864004544, 22.356120946073197, 0.0, 0.0, 1.0 
46.8813140944118, 17.415434659705507, 0.0, 0.0, 1.0 
33.37971337737133, 49.13555418003053, 0.0, 0.0, 1 
49.872064365523265, 23.86569736447534, 0.0, 0.0, 1.0 
45.87678469853791, 49.235226719467384, 0.0, 0.0, 1.0 
56.74820124211589, 11.31358007894414, 0.0, 0.6651014410278114, 1.7000000000000006 
54.3932765871746, 18.29021507275502, 0.0, 0.5000466253247446, 1.5000000000000004 
0.7210116628910398, 1.137101259402652, 0.0, 0.0, 1.0 
11.236547721295201, 34.11854567882312, 0.0, 0.0, 1.0 
15.967881600975984, 39.823313643261976, 0.0, 0.0, 1.0 
28.86284277428049, 20.000035237089442, 0.0, 0.0, 1.0 
18.366635198428497, 58.161345111810604, 0.0, 0.0, 1.0 
25.249671228071442, 0.1137866713514044, 0.0, 0.0, 1.0 
40.19352087621957, 12.703589340737077, 0.0, 0.0, 1.0 
13.901144190055094, 39.646074117610596, 0.0, 0.0, 1.0 
18.751531584791106, 12.915651858081935, 0.0, 0.0, 1 
26.040662056988463, 31.09012833858189, 0.0, 0.0, 1.0 
0.5081716770533873, 40.37329964228353, 0.0, 0.0, 1.0 
30.86078152465441, 58.217948391676934, 0.0, 0.0, 1.0 
34.9794988903835, 11.216255642905523, 0.0, 0.0, 1.0 
48.77513989451107, 36.095627901041205, 0.0, 0.0, 1.0 
58.982136071324305, 11.853440253557192, 0.0, 0.0, 1.0 
49.576754131974845, 47.50121649877356, 0.0, 0.0, 1.0 
58.86857666956837, 43.72726157863968, 0.0, 0.0, 1.0 
55.154540473655906, 44.8991990279642, 0.0, 0.0, 1.0 
56.99042623886822, 44.03911040259496, 0.0, 0.0, 1.0 
13.324872880791187, 13.472742554304098, 0.0, 0.0, 1.0 
5.088181315026487, 46.10609527553853, 0.0, 0.0, 1.0 
5.959686179706015, 60.46488068864732, 0.0, 0.0, 1.0 
33.33322624946333, 10.00776375367802, 0.0, 0.0, 1.0 
31.355702669681143, 52.0903406908334, 0.0, 0.0, 1.0 
10.364334503491138, 8.976123969016713, 0.0, 0.0, 1.0 
59.05578731050616, 27.8036240020527, 0.0, 0.0, 1.0 
59.67154565697197, 58.13620908168276, 0.0, 0.0, 1.0 
46.14053059834246, 5.990850359755806, 0.0, 0.0, 1.0 
13.530136952112429, 52.5830475948011, 0.0, 0.0, 1 
43.945745198905314, 30.548875736903664, 0.0, 0.0, 1 
11.284605731805854, 46.629716194418556, 0.0, 0.0, 1.0 
59.3377754647857, 24.25587492536901, 0.0, 0.0, 1.0 
13.141002021893618, 15.507534782699448, 0.0, 0.0, 1.0 
43.726716167063145, 32.54626304946811, 0.0, 0.0, 1.0 
52.633997075816325, 53.902630106243315, 0.0, 0.0, 1.0 
57.1665818646869, 45.91004897165541, 0.0, 5.866077814632083, 1.6000000000000005 
16.298765738044455, 36.31044156933285, 0.0, 0.0, 1.0 
44.853139628260685, 0.7562065088860278, 0.0, 0.0, 1.0 
43.17541496591538, 38.694863106084604, 0.0, 0.0, 1.0 
52.051425496858336, 18.89723293210079, 0.0, 0.0, 1.0 
23.231372782089366, 3.0035994707379583, 0.0, 0.0, 1.0 
26.605361818236812, 5.362590765031024, 0.0, 0.0, 1 
55.811171874641914, 58.26080601724347, 0.0, 0.0, 1.0 
3.887308662499672, 60.32370125948575, 0.0, 0.0, 1.0 
24.09259629620184, 53.48284692459313, 0.0, 0.0, 1.0 
34.439655022647635, 17.35832285194684, 0.0, 0.0, 1.0 
32.355685625557925, 39.81676847750256, 0.0, 0.0, 1 
2.263324092721157, 15.591653527144045, 0.0, 0.0, 1.0 
45.58320467688934, 31.66901509648029, 0.0, 0.0, 1.0 
28.9690640762873, 59.07405002786085, 0.0, 0.0, 1 
59.64237625934977, 45.60150915210246, 0.0, 0.0, 1.0 
34.458539471288404, 36.95715631964, 0.0, 0.0, 1 
53.15099141842019, 47.75731272102003, 0.0, 0.0, 1.0 
24.785513502285845, 45.32318882323173, 0.0, 0.0, 1.0 
8.690402764482416, 5.238698436139842, 0.0, 0.0, 1.0 
25.868452045940483, 13.548010774823537, 0.0, 0.0, 1.0 
22.887080382677382, 46.22247158256729, 0.0, 0.0, 1.0 
55.50594103822302, 20.494341314522103, 0.0, 0.0, 1.0 
30.639761808691976, 60.25922996068982, 0.0, 0.0, 1.0 
32.715604549549184, 35.74393019501864, 0.0, 0.0, 1 
48.21879081262011, 42.2443111399202, 0.0, 0.0, 1.0 
12.406568146923064, 44.89797553881961, 0.0, 0.0, 1.0 
9.08487588002009, 21.382537306964696, 0.0, 0.0, 1.0 
40.115757356100296, 53.8944182657533, 0.0, 0.0, 1.0 
1.2924297515183198, 54.73368835962704, 0.0, 0.0, 1.0 
51.40067376870389, 27.033748643200934, 0.0, 0.0, 1.0 
42.786029326153475, 23.235823678215276, 0.0, 0.0, 1.0 
47.075414022075186, 15.367881154154286, 0.0, 0.0, 1.0 
9.490020255034977, 55.37633624696906, 0.0, 0.0, 1.0 
14.478275362779392, 1.241447620704173, 0.0, 0.0, 1.0 
14.292902270921225, 3.2719019174352746, 0.0, 0.0, 1.0 
29.23278236899507, 15.894810757533525, 0.0, 0.0, 1.0 
25.45238280360643, 37.188923119494646, 0.0, 0.0, 1.0 
38.85585125143832, 27.017998067685493, 0.0, 0.0, 1.0 
5.973553680080394, 47.951153879894264, 0.0, 0.0, 1.0 
33.02044030095074, 53.2695837689719, 0.0, 0.0, 1.0 
6.285129623965665, 31.931860845289425, 0.0, 0.0, 1.0 
26.026108345841266, 11.514373645283797, 0.0, 0.0, 1.0 
36.45981427099513, 34.011472513122776, 0.0, 0.0, 1 
16.066211117854692, 23.949147886990662, 0.0, 0.0, 1.0 
29.689534005114428, 50.923902538383786, 0.0, 0.0, 1 
2.4042344545957777, 28.076129255816493, 0.0, 0.0, 1 
37.389753291224274, 23.7884186472837, 0.0, 0.0, 1.0 
53.54765815619893, 26.087093229094922, 0.0, 5.919828145072127, 1.4000000000000004 
15.358287951546572, 34.45689176609493, 0.0, 0.0, 1.0 
58.168494947989416, 50.92321435353016, 0.0, 0.0, 1.0 
48.556130009533106, 38.122939348327385, 0.0, 0.0, 1.0 
8.408821862574188, 15.998764971523151, 0.0, 0.0, 1.0 
24.185844174895514, 12.315173947571427, 0.0, 0.0, 1.0 
55.27977350644814, 3.7518018422623887, 0.0, 0.0, 1.0 
23.458923167315564, 20.525512444996668, 0.0, 0.0, 1.0 
17.555070555452083, 27.227212898036086, 0.0, 0.0, 1.0 
47.03964555714537, 34.89240887203551, 0.0, 0.0, 1.0 
37.21280418851959, 25.846946926264646, 0.0, 0.0, 1.0 
59.15521779054853, 49.20248429909832, 0.0, 0.07234394336611719, 1.3000000000000003 
30.890209945696892, 17.00981145491123, 0.0, 0.0, 1.0 
48.9028417225763, 34.035372984768884, 0.0, 0.0, 1.0 
54.13514317789914, 57.11575546936163, 0.0, 0.0, 1.0 
1.5245838622510717, 51.18016557073526, 0.0, 0.0, 1.0 
48.06509694479907, 44.26805600003226, 0.0, 0.0, 1.0 
1.538702178956458, 6.6898433335816225, 0.0, 0.0, 1.0 
11.735928492448794, 26.98427563945954, 0.0, 0.0, 1.0 
51.924399269244965, 1.3618629537326947, 0.0, 0.0, 1.0 
27.79456067670487, 51.77578635155582, 0.0, 0.0, 1 
5.164873942981497, 33.635211502902465, 0.0, 0.0, 1 
12.83785288350059, 25.25196809305777, 0.0, 0.0, 1.0 
51.90102781199911, 20.94917059599952, 0.0, 0.0, 1.0 
16.87646584800784, 13.770961860314275, 0.0, 0.0, 1.0 
29.004888759751555, 17.89280612216204, 0.0, 0.0, 1.0 
23.067884374363867, 24.63583182674789, 0.0, 0.0, 1.0 
60.5218146314576, 59.966544336740206, 0.0, 0.0, 1.0 
54.172232254130755, 22.104432974344423, 0.0, 6.2262368122760385, 1.3000000000000003 
28.61980971720689, 2.4357929823373357, 0.0, 0.0, 1 
56.680025261944216, 48.099802422454644, 0.0, 0.0, 1.0 
50.5669039846603, 56.837865037625626, 0.0, 0.0, 1.0 
20.85380140984459, 29.551040267678356, 0.0, 0.0, 1.0 
42.38455275599333, 7.755814950092009, 0.0, 0.0, 1.0 
25.59643133311928, 56.74652883087471, 0.0, 0.0, 1.0 
48.90606228720441, 55.67856607632916, 0.0, 0.0, 1.0 
20.469645525333107, 14.056782675318274, 0.0, 0.0, 1 
15.412289892951282, 10.620377111690546, 0.0, 0.0, 1.0 
0.15218085284325547, 31.478160698519392, 0.0, 0.0, 1.0 
20.599741077275173, 31.635303967884354, 0.0, 0.0, 1.0 
35.33013590489629, 26.714746433949248, 0.0, 0.0, 1.0 
30.533173832028407, 40.69556334357384, 0.0, 0.0, 1 
38.313123125034004, 13.584160909567808, 0.0, 0.0, 1.0 
11.794189329684501, 51.968437410612815, 0.0, 0.0, 1 
14.725668359495442, 18.70277794304333, 0.0, 0.0, 1.0 
34.67925654788252, 54.45520777774959, 0.0, 0.0, 1.0 
0.5985684402381215, 24.425399484892196, 0.0, 0.0, 1.0 
46.52200919708557, 41.09298475187358, 0.0, 0.0, 1.0 
30.345486539389665, 42.73870424565168, 0.0, 0.0, 1 
60.234153004322614, 50.994543615724254, 0.0, 0.0, 1.0 
39.04471472216361, 5.342961862631615, 0.0, 0.0, 1.0 
23.667096221419957, 18.486346563165878, 0.0, 0.0, 1.0 
30.920721825399244, 36.60903552785362, 0.0, 0.0, 1 
3.30191162261697, 54.90140720931989, 0.0, 0.0, 1.0 
17.666946104791354, 43.56295101399371, 0.0, 0.0, 1.0 
9.873226559368783, 10.898878920259346, 0.0, 0.0, 1.0 
16.15926736266275, 2.412951130491215, 0.0, 0.0, 1.0 
4.24901174573848, 44.295627610465715, 0.0, 0.0, 1.0 
13.16415344638665, 56.72090396481683, 0.0, 0.0, 1.0 
10.025543219015718, 0.03831388113965131, 0.0, 0.0, 1.0 
36.723776483580885, 51.5378707883118, 0.0, 0.0, 1.0 
8.349351906249886, 32.071536268545266, 0.0, 0.0, 1.0 
25.617477030613376, 35.15949847542532, 0.0, 0.0, 1.0 
13.765130788744464, 27.120906717106113, 0.0, 0.0, 1.0 
44.84668250168415, 39.901232508050505, 0.0, 0.0, 1.0 
46.329500710742984, 3.958753793808981, 0.0, 0.0, 1.0 
24.37496186194794, 29.867852619569035, 0.0, 0.0, 1.0 
4.789579678445062, 1.4392586889226917, 0.0, 0.0, 1.0 
39.77928917747537, 57.96714336183163, 0.0, 0.0, 1 
60.34313442314536, 38.548287572828286, 0.0, 0.0, 1.0 
49.88368042784283, 4.309426730366542, 0.0, 0.0, 1.0 
33.13108061110595, 12.0712743504079, 0.0, 0.0, 1.0 
54.11786940326187, 15.981538511276446, 0.0, 0.0, 1.0 
22.890280131296603, 26.658784581226115, 0.0, 0.0, 1.0 
31.27928549979702, 32.522684641413306, 0.0, 0.0, 1.0 
13.336170079383836, 34.273911729849225, 0.0, 0.0, 1.0 
26.99237985681832, 20.829177069096506, 0.0, 0.0, 1.0 
31.6663380693963, 28.44818325221482, 0.0, 0.0, 1.0 
41.89734256780317, 33.42055037594321, 0.0, 0.0, 1.0 
42.07715371414964, 31.45442672445113, 0.0, 0.0, 1 
17.45499540117637, 31.08791114715369, 0.0, 0.0, 1.0 
19.909716666768, 39.76592300001761, 0.0, 0.0, 1.0 
39.04190515155475, 24.96547052502881, 0.0, 0.0, 1.0 
0.7852811200439569, 36.81228865909893, 0.0, 0.0, 1.0 
47.37930371297742, 52.44296922909304, 0.0, 0.0, 1.0 
55.742952342224065, 36.74744859666031, 0.0, 0.0, 1.0 
10.694740478734161, 41.23144307677714, 0.0, 0.0, 1.0 
8.58292456897866, 12.417944521269455, 0.0, 0.0, 1.0 
40.990490133368546, 43.69031269694229, 0.0, 0.0, 1.0 
26.952440036067383, 40.42724627498404, 0.0, 0.0, 1 
17.057797724613394, 11.771307561651845, 0.0, 0.0, 1.0 
31.24976749469421, 12.952171574376482, 0.0, 0.0, 1.0 
15.04804046464208, 14.640757053196506, 0.0, 0.0, 1.0 
26.801389354614287, 22.882237853820804, 0.0, 0.0, 1.0 
58.448308614042446, 59.8141078691297, 0.0, 0.0, 1.0 
41.340735675155365, 39.56090188289789, 0.0, 0.0, 1.0 
36.275122315502706, 36.09285442010584, 0.0, 0.0, 1 
20.233248039186808, 57.310295158009005, 0.0, 0.0, 1.0 
13.499303014264346, 30.734207960463717, 0.0, 0.0, 1.0 
40.559469077297265, 28.20239617005248, 0.0, 0.0, 1.0 
33.9054803629289, 43.02827614092132, 0.0, 0.0, 1.0 
5.909590507453264, 22.963776805111923, 0.0, 0.0, 1.0 
48.38930381076119, 1.0769944024068512, 0.0, 0.0, 1.0 
4.491945563025151, 12.159584522027586, 0.0, 0.0, 1.0 
29.594263463935622, 31.36414168164889, 0.0, 0.0, 1.0 
19.867917103616634, 0.6524638089670326, 0.0, 0.0, 1.0 
32.84776359113576, 55.300494566633965, 0.0, 0.0, 1.0 
48.02438099767634, 24.69636494729612, 0.0, 0.0, 1.0 
39.9925474214169, 34.324416215557996, 0.0, 0.0, 1.0 
32.1653391652956, 2.729837328466223, 0.0, 0.0, 1 
44.08983524352028, 28.449516059550156, 0.0, 0.0, 1.0 
34.20508620888395, 19.37153677040421, 0.0, 0.0, 1.0 
32.70662633497755, 57.36620501380959, 0.0, 0.0, 1.0 
60.51398266167181, 47.48795898560217, 0.0, 0.0, 1.0 
21.701853655773004, 60.51333900263802, 0.0, 0.0, 1.0 
42.34678070461572, 48.91617492118867, 0.0, 0.0, 1.0 
8.688511584596347, 41.00695953745046, 0.0, 0.0, 1.0 
19.738711913181906, 22.217719204871013, 0.0, 0.0, 1.0 
55.780241460291904, 38.71902588282989, 0.0, 5.940404998778479, 1.2000000000000002 
36.92303693959275, 49.475658557605485, 0.0, 0.0, 1 
19.544627787762245, 4.7293604365396344, 0.0, 0.0, 1.0 
19.235613686929245, 41.75431368376327, 0.0, 6.187713369463287, 1.6000000000000005 
38.68782683765933, 9.46961610380386, 0.0, 0.0, 1.0 
57.71260522593461, 32.99349660549518, 0.0, 0.0, 1.0 
55.43406666958943, 29.352663282029372, 0.0, 0.007543508411310958, 2.000000000000001 
31.82172679286436, 6.8314647344292085, 0.0, 0.0, 1.0 
2.4247187946872897, 53.06402279693808, 0.0, 0.0, 1.0 
8.924014382298736, 37.49027093321936, 0.0, 0.0, 1.0 
24.918516825397415, 43.297141245202184, 0.0, 0.0, 1.0 
37.05792788146416, 27.86045801689992, 0.0, 0.0, 1.0 
7.274453927100632, 17.660004482904895, 0.0, 0.0, 1.0 
58.80269195965153, 31.315980289670804, 0.0, 0.0, 1.0 
56.299070339430756, 56.13745808192902, 0.0, 3.276297843212095, 1.5000000000000004 
2.4194332240157204, 12.063070227440258, 0.0, 0.0, 1.0 
32.03538613759992, 43.91517127990669, 0.0, 0.0, 1 
26.199369843032656, 9.439616815703724, 0.0, 0.0, 1.0 
14.214150793670552, 36.13706850091228, 0.0, 0.0, 1.0 
5.194338145700585, 17.544303427159807, 0.0, 0.0, 1.0 
3.098783899793258, 33.47814347312557, 0.0, 0.0, 1.0 
47.522588170676435, 50.40338184847158, 0.0, 0.0, 1.0 
52.426904759461166, 14.854238892856973, 0.0, 0.0, 1.0 
9.50015324333378, 14.257976353464231, 0.0, 0.0, 1.0 
34.02745460886667, 21.449481000904147, 0.0, 0.0, 1.0 
23.791562314690964, 57.61200599781973, 0.0, 0.0, 1.0 
59.18264142921381, 40.20664466130792, 0.0, 0.0, 1.0 
5.667506831545634, 51.45086474872068, 0.0, 0.0, 1.0 
37.99882892433583, 37.254212666942045, 0.0, 0.0, 1.0 
45.15850052430499, 16.21522789180236, 0.0, 0.0, 1.0 
43.3132342052124, 58.27939917218866, 0.0, 0.0, 1.0 
15.100245527308775, 37.970788831753715, 0.0, 0.0, 1.0 
40.64905398092717, 47.70783861100821, 0.0, 0.0, 1.0 
43.15333299501679, 60.306016266385875, 0.0, 0.0, 1.0 
31.49878100043062, 50.02380110691, 0.0, 0.0, 1 
27.14705291290446, 38.33533813654469, 0.0, 0.0, 1 
39.09269275579583, 44.555691118428605, 0.0, 0.0, 1.0 
44.816619417151095, 20.306428062857993, 0.0, 0.0, 1.0 
57.526293779997246, 36.490682398204115, 0.0, 0.0, 1.0 
58.30784772523677, 38.35163816685012, 0.0, 0.0, 1.0 
15.52024214511221, 49.71994489360092, 0.0, 0.0, 1.0 
19.659196667747146, 43.61111754165289, 0.0, 0.0, 1 
50.906030515883806, 52.773676120633006, 0.0, 0.0, 1.0 
49.07452801139392, 53.59399665413667, 0.0, 0.0, 1.0 
0.425156425675829, 52.877306655417534, 0.0, 0.0, 1.0 
52.14472395430247, 60.07930870600227, 0.0, 0.0, 1.0 
56.5611020779509, 9.008191540696018, 0.0, 0.0, 1.0 
49.899723087160716, 43.422546703142196, 0.0, 0.0, 1.0 
26.277744722701758, 48.55293275780129, 0.0, 0.0, 1 
39.47364726726732, 40.443269708335194, 0.0, 0.0, 1.0 
53.41078621049119, 4.572673875436941, 0.0, 0.0, 1.0 
40.37061609222427, 10.635378736836868, 0.0, 0.0, 1.0 
23.923731607254318, 55.56290981554064, 0.0, 0.0, 1.0 
21.607733918610723, 21.42053856227554, 0.0, 0.0, 1.0 
54.81658275067169, 48.9146745111703, 0.0, 0.0, 1.0 
15.56782605863735, 30.856226445646215, 0.0, 0.0, 1.0 
25.062122839154988, 2.121789966424914, 0.0, 0.0, 1.0 
17.86829931204979, 23.110353167044934, 0.0, 0.0, 1.0 
25.419082116977272, 58.768463180343836, 0.0, 0.0, 1.0 
2.9122241673687363, 21.00792368507566, 0.0, 0.0, 1.0 
28.802955802149228, 0.3618701511556711, 0.0, 0.0, 1.0 
47.63493004681101, 9.24995319743489, 0.0, 0.0, 1.0 
4.474509881987312, 53.19777032266448, 0.0, 0.0, 1.0 
15.74501030064562, 27.258933611497678, 0.0, 0.0, 1.0 
16.723602852688504, 15.800287995328162, 0.0, 0.0, 1.0 
36.81518265610137, 29.927573810404702, 0.0, 0.0, 1 
17.639578253353434, 5.5936346425680945, 0.0, 0.0, 1.0 
49.67231070553135, 6.344374555715758, 0.0, 0.0, 1.0 
30.334712884553728, 23.18164505790736, 0.0, 0.0, 1.0 
54.5135838691918, 11.90989860509639, 0.0, 0.0, 1.0 
35.03132190828493, 50.37163376771655, 0.0, 0.0, 1.0 
54.304902768903354, 55.07738697627182, 0.0, 0.0, 1.0 
10.65787160138606, 28.726474766093595, 0.0, 0.0, 1.0 
44.986981364385954, 18.304077708487466, 0.0, 0.0, 1.0 
36.48765710083835, 14.441935474217912, 0.0, 0.0, 1.0 
38.5393352850594, 31.09633012493069, 0.0, 0.0, 1 
6.259394489555096, 44.419535702068764, 0.0, 0.0, 1.0 
60.23493719086287, 26.079882731034814, 0.0, 0.0, 1.0 
12.269666123116528, 6.233675281280551, 0.0, 0.0, 1.0 
7.69496848709193, 26.673222469541063, 0.0, 0.0, 1.0 
19.155671206317503, 8.855055939938532, 0.0, 0.0, 1.0 
44.470075327995694, 4.834961724815216, 0.0, 0.0, 1.0 
3.1955547889443165, 17.42513468009228, 0.0, 0.0, 1.0 
13.619356032636462, 43.2070878607018, 0.0, 0.0, 1.0 
23.758626492143705, 36.007229698492786, 0.0, 0.0, 1.0 
52.11117215139903, 38.450910606002246, 0.0, 0.0, 1.0 
24.274603225038014, 51.4668275522761, 0.0, 0.0, 1.0 
2.8353597191756634, 36.979290441610466, 0.0, 0.0, 1.0 
21.52981348020405, 40.96797538500537, 0.0, 0.0, 1.0 
33.07023510729792, 31.683669266753782, 0.0, 0.0, 1 
1.5184822578905244, 26.23802197903685, 0.0, 0.0, 1 
46.51993364181171, 1.958745014843791, 0.0, 0.0, 1.0 
37.73334355901848, 0.11895064253130946, 0.0, 0.0, 1.0 
25.75792337856854, 54.6748346071585, 0.0, 0.0, 1.0 
45.194252918479364, 35.789447884248204, 0.0, 0.0, 1.0 
50.42777033180089, 17.752097604152894, 0.0, 0.0, 1.0 
54.509971932593, 31.373192293035327, 0.0, 1.9493189293181739, 1.1 
2.698613771539853, 24.52635045501257, 0.0, 0.0, 1.0 
56.55340293005786, 30.960259773535793, 0.0, 0.0, 1.0 
56.410384424636554, 22.31437693432041, 0.0, 0.0, 1.0 
42.59206189616043, 5.7195579248402355, 0.0, 0.0, 1.0 
8.547112994884673, 8.747182305242168, 0.0, 0.0, 1.0 
53.724257328759954, 20.039390477876474, 0.0, 0.0, 1.0 
