position_x,position_y,position_z,orientation,aspect_ratio
17.963710156347805, 7.875946406812924, 0.0, 0.0, 1.0 
34.262883258350385, 1.475238487851403, 0.0, 0.0, 1.0 
49.63418862440763, 58.323109659725844, 0.0, 0.0, 1.0 
44.12703812931828, 3.633205326232113, 0.0, 0.0, 1.0 
44.92044313396095, 55.54776292812537, 0.0, 0.0, 1.0 
13.838511871760188, 4.421052632158577, 0.0, 0.0, 1.0 
44.34808607916436, 48.214911300586216, 0.0, 0.0, 1.0 
13.510765551986514, 47.10360519760282, 0.0, 0.0, 1.0 
48.40865436100661, 49.10527530961235, 0.0, 0.0, 1.0 
3.4396019899978487, 34.44537512246994, 0.0, 0.0, 1 
58.35772184591551, 1.1200493019673596, 0.0, 0.0, 1 
40.87622196230308, 54.654576411165245, 0.0, 0.0, 1.0 
30.87433805063347, 37.35570566448813, 0.0, 0.0, 1.0 
36.05248810660894, 22.84125590324702, 0.0, 0.0, 1.0 
24.765823981468596, 9.683537039640774, 0.0, 0.0, 1.0 
0.29400976455709443, 3.4729972410689713, 0.0, 0.0, 1 
36.233085375314715, 54.17889847084044, 0.0, 0.0, 1.0 
0.20680469655455347, 14.192992612046066, 0.0, 0.0, 1.0 
26.620593796630093, 16.463763583013765, 0.0, 0.0, 1.0 
20.416257358804785, 5.354169541000312, 0.0, 0.0, 1.0 
60.08255538068867, 38.959024329653644, 0.0, 0.0, 1.0 
1.450692023613384, 28.693734637536352, 0.0, 0.0, 1.0 
33.0578759262441, 44.03358413093202, 0.0, 0.0, 1.0 
4.458410490739775, 59.63994894655275, 0.0, 0.0, 1.0 
4.887826141944751, 22.233103901036852, 0.0, 0.0, 1.0 
47.39488172768122, 13.263592776390588, 0.0, 0.0, 1.0 
49.03985729094569, 51.04863840525704, 0.0, 0.0, 1.0 
34.537797595678846, 21.47961099391608, 0.0, 0.0, 1.0 
57.08037730317294, 58.031998774662924, 0.0, 0.0, 1 
31.790571992937902, 4.053061576366802, 0.0, 0.0, 1.0 
55.39810086513285, 25.543718532105462, 0.0, 0.0, 1.0 
35.63122473777571, 48.7465747960114, 0.0, 0.0, 1.0 
45.27225909185686, 23.550648196862134, 0.0, 0.0, 1.0 
54.09116610649205, 21.747720331618428, 0.0, 0.0, 1.0 
52.28361850091307, 60.657643380506684, 0.0, 0.0, 1 
48.8033362001252, 6.352428256137618, 0.0, 0.0, 1 
40.451339534507376, 31.603709376972937, 0.0, 0.0, 1.0 
49.36788540172528, 19.03076724047883, 0.0, 0.0, 1.0 
31.61540088563115, 26.02931197879051, 0.0, 0.0, 1.0 
43.99572711074438, 14.373651638192362, 0.0, 0.0, 1.0 
25.14595961888197, 15.08995033084108, 0.0, 0.0, 1.0 
32.593145682472354, 14.76306606265673, 0.0, 0.0, 1.0 
20.804470723454205, 10.7570497800135, 0.0, 0.0, 1.0 
44.562437266993726, 27.02047987762934, 0.0, 0.0, 1.0 
2.6270690153482423, 48.58105940281596, 0.0, 0.0, 1.0 
50.42438019600677, 49.5433568646604, 0.0, 0.0, 1 
20.682837115873788, 57.59319558275659, 0.0, 0.0, 1.0 
0.5743578354791891, 48.1594483772108, 0.0, 0.0, 1.0 
35.778217170024334, 56.19896477981603, 0.0, 0.0, 1.0 
4.1097371556414695, 36.31716114111913, 0.0, 0.0, 1 
50.176634258908464, 4.842089649548939, 0.0, 0.0, 1.0 
17.960980168853776, 60.62335894071976, 0.0, 0.0, 1.0 
54.82925949493715, 18.31418841461553, 0.0, 0.0, 1.0 
36.11412071346639, 30.207515553973273, 0.0, 0.0, 1.0 
4.902327517282205, 16.920095093549744, 0.0, 0.0, 1.0 
8.854517110877142, 33.74618474800553, 0.0, 0.0, 1.0 
49.83673686521081, 42.30104590469047, 0.0, 0.0, 1.0 
36.74725469010802, 3.9349720882868633, 0.0, 0.0, 1.0 
15.108790996831466, 24.232004825358185, 0.0, 0.0, 1.0 
35.54050677913121, 24.805474248319054, 0.0, 0.0, 1.0 
38.126276055301105, 22.33841820099893, 0.0, 3.403196387951613, 1.3000000000000003 
44.23220747598252, 58.96516786035139, 0.0, 0.0, 1.0 
51.823047179554386, 48.00786587685341, 0.0, 0.0, 1.0 
14.374874506747082, 16.976974973569366, 0.0, 0.0, 1.0 
29.99373110036539, 41.29925772139894, 0.0, 0.0, 1.0 
25.84872607147829, 35.1747708091828, 0.0, 0.0, 1.0 
35.51206476059534, 41.466252005618365, 0.0, 0.0, 1.0 
39.265601790013505, 11.619676249318685, 0.0, 0.0, 1.0 
50.66291818632803, 28.19691873725057, 0.0, 0.0, 1.0 
24.86319673736478, 55.73973184239516, 0.0, 0.0, 1.0 
1.0475519452205813, 0.03924008548528214, 0.0, 0.0, 1.0 
22.813115972133456, 56.28749745270514, 0.0, 0.2690191650302097, 1.2000000000000002 
23.149954826798083, 23.020616970841942, 0.0, 0.0, 1.0 
6.799227547591136, 38.65501846319602, 0.0, 0.0, 1.0 
31.815491607991667, 57.38264424314288, 0.0, 0.0, 1.0 
54.247480102520406, 5.6873453265745475, 0.0, 0.0, 1.0 
49.71311850336014, 52.93110439727734, 0.0, 0.0, 1.0 
11.281192421492907, 57.42162302564561, 0.0, 0.0, 1.0 
17.590071383275845, 31.896795639426077, 0.0, 0.0, 1.0 
57.63311715442769, 4.573801598648997, 0.0, 0.0, 1.0 
37.20977869271449, 18.70075399252377, 0.0, 2.8938733291883003, 1.6000000000000005 
36.553283307431506, 14.750640059636565, 0.0, 0.0, 1.0 
5.63715379436714, 8.137786130782851, 0.0, 0.0, 1.0 
22.598058517331754, 48.93673745246605, 0.0, 0.308884194705079, 1.3000000000000003 
32.81142078249953, 7.475634172434687, 0.0, 6.127050965684721, 1.1 
47.825350280824324, 36.60585464800521, 0.0, 0.0, 1.0 
46.09585277247611, 9.364757834530709, 0.0, 0.0, 1.0 
19.203358508964715, 16.754860582218353, 0.0, 0.0, 1.0 
41.207507615248446, 28.14544844061589, 0.0, 0.0, 1.0 
48.765896319431306, 11.726068944494171, 0.0, 0.0, 1 
37.00889817875899, 26.223349724941663, 0.0, 0.0, 1.0 
34.13711612147457, 47.40721208282293, 0.0, 0.0, 1.0 
4.950358741864134, 11.51920602747656, 0.0, 0.0, 1 
38.069659875161825, 57.64640034128297, 0.0, 0.0, 1.0 
22.65873561983485, 17.634354556133555, 0.0, 0.0, 1.0 
54.07542764476401, 27.057196541767393, 0.0, 0.0, 1.0 
52.671182482050796, 28.5983896660002, 0.0, 0.0, 1.0 
42.606229016442505, 26.63485072699313, 0.0, 0.0, 1.0 
30.179873129995226, 9.972302535355741, 0.0, 0.0, 1.0 
6.733687754824496, 44.010297204009866, 0.0, 0.0, 1.0 
32.31767783431105, 2.035033525675579, 0.0, 0.0, 1.0 
57.396385863185806, 31.32769021379534, 0.0, 0.0, 1 
6.823745756397611, 33.299797094310414, 0.0, 0.0, 1.0 
42.57476945099772, 44.653630412646564, 0.0, 2.971716805709736, 1.1 
24.61368176732058, 17.042513917667307, 0.0, 0.0, 1.0 
46.38080345673814, 48.66520519879517, 0.0, 0.0, 1.0 
17.47034338289133, 29.92009059792711, 0.0, 3.3814436877031397, 1.3000000000000003 
46.70315793588123, 11.308074264288058, 0.0, 0.0, 1.0 
60.01116533651262, 44.32007471622084, 0.0, 0.0, 1.0 
11.41334425790454, 52.052993478714015, 0.0, 0.0, 1.0 
25.321139481211784, 7.696483895718743, 0.0, 0.0, 1.0 
51.08900020283262, 51.44534744150553, 0.0, 0.0, 1.0 
10.758865164768038, 50.16259231031675, 0.0, 0.0, 1.0 
11.029697730292183, 18.095833129677196, 0.0, 0.0, 1.0 
35.20242032471346, 50.8009317812598, 0.0, 0.0, 1.0 
32.14431145629119, 48.034924725312194, 0.0, 0.0, 1.0 
46.868223552705416, 0.613202643735722, 0.0, 0.0, 1.0 
34.04506574484723, 23.447031051876337, 0.0, 0.0, 1.0 
52.54572492139715, 44.616579430846635, 0.0, 0.0, 1.0 
21.86293702649264, 36.42306426867633, 0.0, 0.0, 1.0 
53.7133702627736, 59.13530923328245, 0.0, 0.0, 1 
1.3195540951837224, 39.359963487687104, 0.0, 0.0, 1 
28.661711535497407, 47.254590633353665, 0.0, 0.0, 1.0 
23.921285565828676, 59.66424814178664, 0.0, 0.0, 1.0 
35.18278274869554, 5.064597400296004, 0.0, 0.0, 1.0 
39.87479102574998, 47.56372950325024, 0.0, 0.1475095148890308, 1.1 
56.874358733039664, 13.36323445460643, 0.0, 0.0, 1 
8.920013860400518, 28.35981962544079, 0.0, 0.0, 1.0 
1.2484086901808225, 50.0842072320359, 0.0, 0.0, 1 
1.173612663184428, 55.429749124032504, 0.0, 0.0, 1.0 
48.702606555611496, 22.443311134738796, 0.0, 0.0, 1.0 
38.80774108062194, 59.645063636060065, 0.0, 0.0, 1.0 
45.7849939772821, 36.239982785236506, 0.0, 0.0, 1.0 
4.647508758898097, 48.964779525607625, 0.0, 0.0, 1.0 
20.41193044213393, 34.96455135383133, 0.0, 0.0, 1.0 
5.5051222411206515, 29.489221000202456, 0.0, 0.0, 1 
20.48625521416801, 42.49556076088119, 0.0, 0.0, 1.0 
43.2113649550389, 28.531793865374983, 0.0, 0.0, 1.0 
19.36521113547169, 59.08090381458566, 0.0, 0.0, 1.0 
60.58928241973138, 51.575029890650136, 0.0, 0.0, 1 
56.953676957262466, 8.017139707376346, 0.0, 0.0, 1.0 
23.85785405474809, 6.283506472229516, 0.0, 0.0, 1.0 
59.766230691028056, 60.33956258812276, 0.0, 0.0, 1 
6.211220704046719, 26.093267130459715, 0.0, 0.0, 1 
31.27721806736519, 35.381097316944775, 0.0, 0.0, 1.0 
19.72356872114268, 29.574097514269592, 0.0, 0.0, 1.0 
23.168813369423187, 15.66702732241387, 0.0, 0.0, 1.0 
41.276934515174155, 17.432028619949058, 0.0, 0.0, 1.0 
58.91244701849447, 8.40454643093329, 0.0, 0.0, 1 
32.84467207651449, 36.74967242119497, 0.0, 0.0, 1.0 
27.38354909656227, 60.467144186603825, 0.0, 0.0, 1.0 
10.519686800043127, 0.14770063679224188, 0.0, 0.0, 1.0 
3.0169347089615015, 5.7902378382312865, 0.0, 0.0, 1.0 
39.069553140814655, 27.812449586324757, 0.0, 0.0, 1.0 
52.02398179478309, 26.70189425439277, 0.0, 0.0, 1 
38.83659669156793, 35.055993103984264, 0.0, 3.478214142887838, 1.1 
11.464535197068377, 46.73972601378517, 0.0, 0.0, 1.0 
27.223225844045867, 29.19380232053043, 0.0, 0.0, 1.0 
15.588845449035137, 36.873587537560894, 0.0, 0.0, 1.0 
54.48873615218402, 50.37226704375523, 0.0, 0.0, 1.0 
60.11251000080753, 28.29695717407312, 0.0, 0.0, 1 
37.224446098953706, 33.500207705050705, 0.0, 0.0, 1.0 
9.246294003128746, 57.021125335346134, 0.0, 0.0, 1.0 
51.63885774712363, 58.72614069730262, 0.0, 0.0, 1 
26.290684060842818, 33.19032493654683, 0.0, 0.0, 1.0 
55.339268880443726, 36.23379781420909, 0.0, 0.0, 1.0 
55.381179892236325, 30.926550092135514, 0.0, 0.0, 1.0 
43.74829867243908, 35.83488958258452, 0.0, 0.0, 1.0 
17.306642963847235, 58.706498761648966, 0.0, 0.0, 1.0 
2.171697601701009, 19.941121659464518, 0.0, 0.0, 1.0 
58.12089815030861, 27.895689834978942, 0.0, 0.0, 1.0 
38.09887330708729, 2.3813080841562417, 0.0, 0.0, 1.0 
9.411387300818248, 46.2935383997539, 0.0, 0.0, 1.0 
52.932217434041036, 1.8603905693684968, 0.0, 0.0, 1 
34.291192739839154, 54.77150845946262, 0.0, 0.0, 1.0 
7.699253225207388, 8.511444192193, 0.0, 0.0, 1.0 
36.679839081734286, 52.18578912735033, 0.0, 0.0, 1.0 
42.67034812604958, 10.511393871832906, 0.0, 0.0, 1.0 
35.66892790804992, 32.15823496810488, 0.0, 0.0, 1.0 
56.259815538469255, 6.095252972718315, 0.0, 0.0, 1.0 
49.181508376537785, 35.07566043850388, 0.0, 0.0, 1.0 
57.500579949019944, 15.283848021220853, 0.0, 0.0, 1.0 
33.80255578594084, 56.81696669386324, 0.0, 0.0, 1.0 
59.61079826641486, 10.362677050370182, 0.0, 0.0, 1 
15.083785894929196, 8.319798750955911, 0.0, 0.0, 1.0 
52.409944874806726, 55.31437467027899, 0.0, 0.0, 1.0 
3.4471907655103915, 29.102479976260884, 0.0, 0.0, 1 
51.72462443990956, 53.37216050635936, 0.0, 0.0, 1.0 
56.17910628462142, 11.452108685097489, 0.0, 0.0, 1 
28.103604876410422, 25.205033691150643, 0.0, 0.0, 1.0 
12.675059585914195, 55.89353176075337, 0.0, 0.0, 1.0 
12.185075482645304, 37.95410173486302, 0.0, 0.0, 1.0 
29.110037379501755, 13.942767062858241, 0.0, 0.0, 1.0 
12.204494307304424, 43.29112869618866, 0.0, 0.0, 1.0 
8.277771344538808, 21.137596141648437, 0.0, 0.0, 1.0 
57.469333092521524, 20.681186907257967, 0.0, 0.0, 1.0 
60.641019555018694, 46.22417323887507, 0.0, 0.0, 1 
11.677955934184308, 25.363290227809586, 0.0, 0.0, 1.0 
30.23200068697043, 32.032309725221836, 0.0, 0.0, 1.0 
23.399125409465196, 54.36392718660124, 0.0, 0.0, 1.0 
19.772595323497033, 37.24945017394037, 0.0, 0.0, 1.0 
28.21857173634516, 49.234341936162956, 0.0, 0.0, 1.0 
33.832596188292015, 3.501575902033908, 0.0, 0.0, 1.0 
42.779168966750866, 5.160258046148846, 0.0, 0.0, 1.0 
37.465470842857385, 0.4388455172765955, 0.0, 0.0, 1.0 
30.595153377509313, 15.35640708101897, 0.0, 0.0, 1.0 
30.550478999225156, 22.641375318067247, 0.0, 0.0, 1.0 
14.412409619863675, 22.29989677033994, 0.0, 0.0, 1.0 
5.398809964768669, 40.182792745011824, 0.0, 0.0, 1 
46.23471674434918, 59.39036761888485, 0.0, 0.0, 1.0 
56.45223088431472, 56.12019120728272, 0.0, 0.0, 1.0 
12.248366043087971, 32.58866771944107, 0.0, 0.0, 1.0 
48.041595532594265, 20.508310914496146, 0.0, 0.0, 1.0 
7.423945038960524, 40.568257337943514, 0.0, 0.0, 1.0 
29.244958457617116, 52.57101130160043, 0.0, 0.0, 1.0 
19.061112248398185, 41.04752427452515, 0.0, 0.0, 1.0 
54.74465537615371, 28.965716167608008, 0.0, 0.0, 1 
0.6633755809293447, 42.78137980363851, 0.0, 0.0, 1.0 
51.422162908360974, 14.081503832804245, 0.0, 0.0, 1.0 
30.79371998398453, 54.01363037982729, 0.0, 0.0, 1.0 
19.222014292191414, 39.11979876566389, 0.0, 0.3393002075736365, 1.3000000000000003 
48.328110823002, 54.46615727752697, 0.0, 0.0, 1.0 
22.811771431183956, 32.390207488570944, 0.0, 0.0, 1.0 
57.61543743187486, 9.939744720060162, 0.0, 0.0, 1 
20.961624581279924, 40.43251375100391, 0.0, 0.0, 1.0 
58.71289677331679, 35.114914928473645, 0.0, 0.0, 1 
30.425350971326722, 39.332726499940236, 0.0, 0.0, 1.0 
14.937384125169471, 40.265808661584444, 0.0, 0.0, 1.0 
54.589928839100445, 39.68800344799583, 0.0, 0.0, 1.0 
8.708549172802124, 49.7631272734582, 0.0, 0.0, 1.0 
6.262359912986255, 20.718606476176408, 0.0, 0.0, 1.0 
39.54262688867907, 56.19925304444045, 0.0, 0.0, 1.0 
21.68053684786571, 14.193101336286077, 0.0, 0.0, 1.0 
55.95064333829275, 43.527341592098445, 0.0, 0.0, 1.0 
59.11837722355784, 58.441966444009154, 0.0, 0.0, 1.0 
32.19165019335673, 31.36838244828948, 0.0, 0.0, 1.0 
26.73934033750448, 9.119793863951335, 0.0, 0.0, 1.0 
59.412440506624634, 31.74298844470711, 0.0, 0.0, 1 
12.949786378220345, 29.173763498770654, 0.0, 0.0, 1.0 
55.29549302238696, 41.57358379491002, 0.0, 0.0, 1.0 
26.397596318249953, 57.11272258296493, 0.0, 0.0, 1.0 
31.117503290967758, 13.379267698003018, 0.0, 0.0, 1.0 
42.866376022965156, 55.0908369886104, 0.0, 0.0, 1.0 
37.07491726927915, 42.84091252418214, 0.0, 0.0, 1.0 
2.2403853191789658, 9.22902868686597, 0.0, 0.0, 1 
50.92169920867446, 1.4193074383895286, 0.0, 0.0, 1 
60.321772861010345, 6.878407601604338, 0.0, 0.0, 1 
52.5963893167043, 33.95040117029372, 0.0, 0.0, 1.0 
56.72698972409614, 29.385814512957243, 0.0, 0.0, 1 
33.015687592449474, 20.057146412137325, 0.0, 0.0, 1.0 
29.8129321013318, 4.636556571950358, 0.0, 0.0, 1.0 
36.5835166146586, 28.21166065954993, 0.0, 0.0, 1.0 
10.322102084600932, 21.53775005759548, 0.0, 0.0, 1.0 
35.043049859374854, 43.441237703361224, 0.0, 0.0, 1.0 
29.53536967378937, 43.27467655842658, 0.0, 0.0, 1.0 
44.514115933661074, 32.3907924119441, 0.0, 0.0, 1.0 
21.757695217616707, 28.98381231194632, 0.0, 0.0, 1.0 
3.1572523989228936, 55.81455645596822, 0.0, 0.0, 1.0 
20.856414928905306, 32.97227504970005, 0.0, 0.0, 1.0 
7.580088418807566, 24.5331793836346, 0.0, 0.0, 1.0 
10.16092024776527, 42.910768224679096, 0.0, 0.0, 1.0 
46.25705438114594, 54.01072028442692, 0.0, 0.0, 1.0 
3.983721897901372, 47.03603571006938, 0.0, 0.0, 1.0 
47.28489940158799, 29.349408797073437, 0.0, 0.0, 1.0 
29.084742249143815, 45.26892277063601, 0.0, 0.0, 1.0 
56.98389181962633, 2.666797603186488, 0.0, 0.0, 1 
51.59537028399354, 3.358825094746631, 0.0, 0.0, 1.0 
43.221056111478056, 23.185116489386754, 0.0, 0.0, 1.0 
9.139173505828852, 1.644719885158986, 0.0, 0.0, 1.0 
30.100561223870063, 24.60202543945598, 0.0, 0.0, 1.0 
7.231697818297032, 56.61302738556653, 0.0, 0.0, 1.0 
8.50081446735575, 60.45599786010885, 0.0, 0.0, 1.0 
55.648696826009065, 4.1517264851673925, 0.0, 0.0, 1.0 
2.0164375492311004, 41.30127392845924, 0.0, 0.0, 1.0 
50.685631297459196, 22.837956193817178, 0.0, 0.0, 1.0 
16.271818054174638, 44.09309224460603, 0.0, 0.0, 1.0 
22.26052658852023, 27.02939393916182, 0.0, 0.0, 1.0 
23.299012114500645, 30.39143475056583, 0.0, 0.0, 1.0 
8.964596388394995, 23.087987560110058, 0.0, 0.0, 1.0 
53.95336255016985, 37.74234262015014, 0.0, 0.0, 1.0 
56.08260454315884, 27.475844586969764, 0.0, 0.0, 1.0 
13.281213179043005, 57.82578592685241, 0.0, 0.0, 1.0 
38.59743820930544, 44.19195833101593, 0.0, 0.0, 1.0 
46.65400062376129, 22.048207325265793, 0.0, 0.0, 1.0 
49.85878894624897, 37.00103351897457, 0.0, 0.0, 1.0 
29.148148506378458, 28.58483524147807, 0.0, 0.0, 1.0 
27.31412979303222, 53.18009054990032, 0.0, 0.0, 1.0 
43.14011771119915, 33.90312470652628, 0.0, 0.0, 1.0 
0.74604229509628, 32.13670531001063, 0.0, 0.0, 1 
9.464031636629814, 35.639825122386355, 0.0, 0.0, 1.0 
43.90148749760368, 30.464168641389676, 0.0, 0.0, 1.0 
25.23258737286812, 29.804178563519397, 0.0, 0.0, 1.0 
43.39257140821296, 7.113715430150039, 0.0, 0.0, 1.0 
26.450888647990116, 40.57609819530078, 0.0, 0.0, 1.0 
2.811782061810523, 27.16392706824269, 0.0, 0.0, 1.0 
18.833313631769737, 11.334821740896055, 0.0, 0.0, 1.0 
23.855011609437522, 35.79461590953611, 0.0, 0.0, 1.0 
53.97991759517715, 32.424975966951116, 0.0, 0.0, 1.0 
27.09240882076145, 45.85744078407113, 0.0, 0.0, 1.0 
34.614575918590646, 45.437243180767304, 0.0, 0.0, 1.0 
42.26341606394042, 42.65416517940269, 0.0, 0.0, 1.0 
25.382417164432894, 37.22739774662608, 0.0, 0.0, 1.0 
47.187203744043615, 34.67470736334632, 0.0, 0.0, 1.0 
15.518174563418924, 10.277445822001699, 0.0, 0.0, 1.0 
31.037915619076415, 44.64147904175578, 0.0, 0.0, 1.0 
55.23107687287201, 46.928359096646126, 0.0, 0.0, 1.0 
26.83790210880939, 55.19716588745248, 0.0, 0.0, 1.0 
15.629554547622842, 42.1650964862852, 0.0, 0.0, 1.0 
25.31157162384532, 53.761727599071754, 0.0, 0.0, 1.0 
59.28967479077665, 47.72285537532629, 0.0, 0.0, 1 
35.052331222454896, 26.822663826826744, 0.0, 0.0, 1.0 
51.03628060563983, 56.79576112564267, 0.0, 0.0, 1.0 
2.200226252934282, 14.55999776285855, 0.0, 0.0, 1 
13.591877237395545, 31.080246265214974, 0.0, 0.0, 1.0 
0.8982462270466867, 10.726892561989402, 0.0, 0.0, 1 
3.078760713425134, 0.44557756130262527, 0.0, 0.0, 1.0 
48.04083861154237, 15.158594234792062, 0.0, 0.0, 1.0 
6.271386828374692, 15.368450026279667, 0.0, 0.0, 1.0 
4.569468101144306, 54.28726487749795, 0.0, 0.0, 1.0 
60.23207830209961, 17.62434461635564, 0.0, 0.0, 1.0 
36.809863948136496, 35.492797416492586, 0.0, 0.0, 1.0 
39.48272401763639, 40.31509823477504, 0.0, 0.0, 1.0 
20.267229442637, 50.238561075463686, 0.0, 0.0, 1.0 
41.25762436283859, 22.77715222723528, 0.0, 0.0, 1.0 
55.070786280558245, 57.6489352853903, 0.0, 0.0, 1 
24.7646641520544, 31.781330089497686, 0.0, 0.0, 1.0 
38.55620440070902, 15.13485413567625, 0.0, 0.0, 1.0 
12.857100159174466, 45.20244061006482, 0.0, 0.0, 1.0 
2.1137394180365496, 30.605825298874503, 0.0, 0.0, 1 
27.126130935785525, 14.508443938355024, 0.0, 0.0, 1.0 
10.354372027330166, 10.883143772376943, 0.0, 0.0, 1.0 
4.3335093184394, 4.28160589833733, 0.0, 0.0, 1.0 
39.904487152211104, 18.930437913607793, 0.0, 0.0, 1.0 
4.239570669979017, 15.027027034674427, 0.0, 0.0, 1.0 
5.315069259618386, 50.854776336087866, 0.0, 0.0, 1.0 
58.48992344694908, 56.510562346003454, 0.0, 0.0, 1.0 
47.07375259049975, 40.05558212622571, 0.0, 0.0, 1.0 
10.433831941831988, 5.498615529214289, 0.0, 0.0, 1.0 
4.304498518506113, 9.61587119901696, 0.0, 0.0, 1.0 
44.72853837680487, 10.920697595412214, 0.0, 0.0, 1.0 
54.892890183952815, 7.596657737135401, 0.0, 0.0, 1.0 
16.227221597644043, 49.416255471119655, 0.0, 0.0, 1.0 
35.26206949416194, 58.17284325459455, 0.0, 0.0, 1.0 
46.00480491848131, 20.13673265620535, 0.0, 0.0, 1.0 
38.896690945778545, 38.591820063750625, 0.0, 5.838427616181843, 1.8000000000000007 
27.991968859662094, 41.892898342250916, 0.0, 0.0, 1.0 
2.4190886112313317, 59.22770435778905, 0.0, 0.0, 1.0 
50.14649124106502, 10.20333480950078, 0.0, 0.0, 1.0 
10.234383744994101, 32.197750760562265, 0.0, 0.0, 1.0 
54.990412884298266, 2.2618124474568155, 0.0, 0.0, 1 
30.739322463507666, 8.005937544109536, 0.0, 0.0, 1.0 
48.19317073599171, 4.458840942880454, 0.0, 0.0, 1.0 
18.727152574812262, 57.181587306277954, 0.0, 0.0, 1.0 
31.626888847329344, 11.396949605651074, 0.0, 0.0, 1.0 
23.56022311665371, 52.438720452025, 0.0, 0.2660035959869184, 1.4000000000000004 
8.395927580607939, 5.098357734397971, 0.0, 0.0, 1.0 
27.349938090316083, 36.597809045135136, 0.0, 0.0, 1.0 
18.416213266631086, 33.68787743676883, 0.0, 2.928397974275721, 1.3000000000000003 
3.5566434735898595, 13.082205649673673, 0.0, 0.0, 1.0 
15.829071579974919, 4.882030549297765, 0.0, 0.0, 1.0 
27.750042820613, 51.23121845352141, 0.0, 0.0, 1.0 
11.913206461721947, 59.346091567029376, 0.0, 0.0, 1.0 
12.448477068064054, 5.910405832102347, 0.0, 0.0, 1.0 
37.257698817829635, 16.67183302313434, 0.0, 0.0, 1.0 
3.267177901418806, 50.45299771274676, 0.0, 0.0, 1.0 
52.110347523717394, 15.97233997360831, 0.0, 0.0, 1.0 
58.30157207984945, 6.520839741587829, 0.0, 0.0, 1.0 
13.027522576045959, 23.835223614053373, 0.0, 0.0, 1.0 
19.45353506029286, 53.73729797327187, 0.0, 0.0, 1.0 
17.161949467810377, 3.3772275942351633, 0.0, 0.0, 1.0 
28.34754077000619, 3.170826311995759, 0.0, 0.0, 1.0 
15.024961490287286, 29.543810748173666, 0.0, 0.0, 1.0 
8.62944648366078, 55.09855345611115, 0.0, 0.0, 1.0 
43.61654443872879, 41.14215838617099, 0.0, 0.0, 1.0 
52.063405771092796, 21.318695524404305, 0.0, 0.0, 1.0 
46.12455822178676, 4.05565211754649, 0.0, 0.0, 1.0 
26.210204305187865, 11.115544541115908, 0.0, 0.0, 1.0 
7.903526445151725, 58.53049888088695, 0.0, 0.0, 1.0 
38.78757402098219, 25.81304613800674, 0.0, 0.0, 1.0 
25.88464504539602, 59.09914824618814, 0.0, 0.0, 1.0 
58.63272847419902, 45.80852119980846, 0.0, 0.0, 1.0 
18.696319096724867, 18.719312949271018, 0.0, 0.0, 1.0 
31.154634831751633, 27.979718236922785, 0.0, 0.0, 1.0 
42.12838108147585, 3.24161135792642, 0.0, 0.0, 1.0 
60.18620508046183, 22.923162629725347, 0.0, 0.0, 1.0 
29.63031523530545, 26.641026200638848, 0.0, 0.0, 1.0 
34.60177132558133, 14.135611178866002, 0.0, 0.0, 1.0 
51.33295393142732, 30.109181748828988, 0.0, 0.0, 1.0 
33.09962303111216, 27.434114162828372, 0.0, 0.0, 1.0 
23.988177007329316, 43.203387617420155, 0.0, 0.0, 1.0 
46.52087374612492, 32.79773635780452, 0.0, 0.0, 1.0 
39.310291829122086, 42.29068618442193, 0.0, 0.1823638966401337, 1.2000000000000002 
32.56315414230839, 46.01885205932794, 0.0, 0.0, 1.0 
28.585580586653254, 15.86885684623798, 0.0, 0.0, 1.0 
56.33782749383087, 0.7485960752991363, 0.0, 0.0, 1 
26.15666702547516, 25.78107627233632, 0.0, 0.0, 1.0 
18.315011207279106, 44.50331577017701, 0.0, 0.0, 1.0 
25.773133136824097, 51.812233022556285, 0.0, 0.0, 1.0 
34.06494279949355, 16.11362083312961, 0.0, 0.0, 1.0 
2.733634838921319, 37.88463867367511, 0.0, 0.0, 1.0 
26.880035542356577, 1.7667324327580547, 0.0, 0.0, 1.0 
28.204719630925386, 10.527690890440898, 0.0, 0.0, 1.0 
19.958592893759604, 0.32475709151912213, 0.0, 0.0, 1.0 
17.423921509565197, 9.855708791884869, 0.0, 0.0, 1.0 
54.75741545887317, 23.68574184780715, 0.0, 0.0, 1.0 
19.87126436461367, 7.317273805216497, 0.0, 0.0, 1.0 
41.27609082404685, 41.019799281311215, 0.0, 2.3621038539804338, 1.4000000000000004 
17.714281235344572, 37.33154380381604, 0.0, 3.9984665259873093, 1.1 
46.42422011652086, 38.136911405623884, 0.0, 0.0, 1.0 
45.33376764293434, 18.204608196840546, 0.0, 0.0, 1.0 
52.210205386381546, 5.251474817356243, 0.0, 0.0, 1.0 
38.3006427001469, 36.91278193482866, 0.0, 0.0, 1.0 
9.694774917644228, 8.933477276409832, 0.0, 0.0, 1.0 
31.06428807539876, 20.66058869532959, 0.0, 0.0, 1.0 
31.714583838226062, 33.40405677780759, 0.0, 0.0, 1.0 
30.333701838294193, 55.97016849137425, 0.0, 0.0, 1.0 
35.0559376903934, 60.31655956829268, 0.0, 3.877519813892721, 1.6000000000000005 
32.057168751999924, 16.710318373107242, 0.0, 0.0, 1.0 
6.1646991848374455, 31.393020829000562, 0.0, 0.0, 1.0 
42.971754651146796, 49.730927679333675, 0.0, 0.0, 1.0 
18.59573510502199, 26.1218107706477, 0.0, 0.06780605937158103, 1.2000000000000002 
41.8500799746585, 30.069368710387206, 0.0, 0.0, 1.0 
48.12536493149046, 9.808147476683565, 0.0, 0.0, 1.0 
44.23268068616966, 43.064888186992356, 0.0, 0.0, 1.0 
43.496007675257026, 1.7064623105990153, 0.0, 0.0, 1.0 
58.79061716796658, 29.75777183539764, 0.0, 0.0, 1.0 
5.016603268555949, 6.189234741864426, 0.0, 0.0, 1.0 
54.82464928961848, 12.95640141743179, 0.0, 0.0, 1 
24.38470884842174, 57.69353129036676, 0.0, 0.0, 1.0 
24.917873756215187, 39.17458870540709, 0.0, 0.0, 1.0 
8.1518183156431, 37.13849112374714, 0.0, 0.0, 1.0 
34.730626892643954, 52.8115219623532, 0.0, 0.0, 1.0 
10.103066257995932, 48.24495853424028, 0.0, 0.0, 1.0 
54.396825794231276, 55.70719197901627, 0.0, 0.0, 1.0 
16.603734666444673, 1.4071179481781744, 0.0, 0.0, 1.0 
55.70800079981074, 59.54714966537996, 0.0, 0.0, 1.0 
47.0288205082369, 50.62984391443221, 0.0, 0.0, 1.0 
47.59829536629924, 57.91320080283623, 0.0, 0.0, 1.0 
12.306511099073823, 27.23171081087096, 0.0, 0.0, 1.0 
9.487275370655352, 40.96511489716684, 0.0, 0.0, 1.0 
1.511114486164415, 18.015175034481246, 0.0, 0.0, 1.0 
56.69543046391638, 34.73381574342125, 0.0, 0.0, 1.0 
18.273125796207584, 13.308452531963862, 0.0, 0.0, 1.0 
30.081800783796623, 17.29179647941214, 0.0, 0.0, 1.0 
60.50652499964128, 56.919957682305586, 0.0, 0.0, 1 
17.65046615523019, 42.54467702458548, 0.0, 0.0, 1.0 
42.02393182656867, 8.602347150008168, 0.0, 0.0, 1.0 
3.3969243211513995, 39.78497453602685, 0.0, 0.0, 1 
38.470356481689784, 20.37589759932266, 0.0, 4.428331760266758, 1.1 
47.539856047537185, 2.483303101860974, 0.0, 0.0, 1.0 
15.066052484360194, 18.895274238180537, 0.0, 0.0, 1.0 
27.53422746098965, 43.901390874374755, 0.0, 0.0, 1.0 
53.73783776858159, 53.796848461599375, 0.0, 0.0, 1.0 
29.791636999260007, 33.98320065240038, 0.0, 0.0, 1.0 
33.980959707236075, 40.07856548021829, 0.0, 0.0, 1.0 
13.708175465556392, 20.424549969188337, 0.0, 0.0, 1.0 
9.019165100611279, 12.34802444521554, 0.0, 0.0, 1.0 
45.069326092492005, 39.676892736969734, 0.0, 0.0, 1.0 
47.93135916756162, 31.256834921294818, 0.0, 0.0, 1.0 
6.471834163439389, 60.04312533870261, 0.0, 0.0, 1.0 
6.963521553722538, 17.29598334492284, 0.0, 0.0, 1 
2.7518595376569257, 32.54774049495369, 0.0, 0.0, 1 
29.562138307909436, 19.28595249783544, 0.0, 0.0, 1.0 
15.982798984471511, 60.21709538775597, 0.0, 0.0, 1.0 
26.654288678631936, 47.876832762604366, 0.0, 0.0, 1.0 
25.09174438689232, 22.398967145541764, 0.0, 0.0, 1.0 
22.243398445526857, 50.775223250191765, 0.0, 0.0, 1.0 
38.36469882855033, 46.14562612719486, 0.0, 6.027754012224781, 1.3000000000000003 
32.8114330981486, 0.051718866130432674, 0.0, 0.0, 1.0 
5.569644533270658, 24.127242577996682, 0.0, 0.0, 1.0 
38.641013222133715, 51.54709624468752, 0.0, 0.0, 1.0 
18.639615645393693, 1.873614384582905, 0.0, 0.0, 1.0 
26.756551284906813, 31.164500367320795, 0.0, 0.0, 1.0 
20.113207648751025, 55.63427404609207, 0.0, 0.0, 1.0 
47.82019290003576, 41.90994702098183, 0.0, 0.0, 1.0 
8.080904245255866, 42.48567533428087, 0.0, 0.0, 1.0 
12.396014277065388, 11.27222996384522, 0.0, 0.0, 1.0 
52.57129624377794, 39.2717117196273, 0.0, 0.0, 1.0 
24.9298863041168, 2.338586084672025, 0.0, 0.0, 1.0 
41.74314506336483, 35.436373214044664, 0.0, 0.0, 1.0 
14.241484214094514, 43.71185518255015, 0.0, 0.0, 1.0 
23.550559297026222, 45.15589423264611, 0.0, 0.0, 1.0 
31.72303561691711, 50.0412313504518, 0.0, 0.0, 1.0 
24.09663536763454, 19.050058089523567, 0.0, 0.0, 1.0 
15.741903926259013, 15.668350171186125, 0.0, 0.0, 1.0 
57.45652265771039, 25.88785464436235, 0.0, 0.0, 1.0 
16.861327593896892, 51.32915236761068, 0.0, 0.0, 1.0 
43.620446220096795, 51.65285268194806, 0.0, 0.0, 1.0 
43.89282004871669, 25.098814758091873, 0.0, 0.0, 1.0 
19.390515962117895, 31.601357036914976, 0.0, 0.0, 1.0 
10.812502313094376, 44.82017109758243, 0.0, 0.0, 1.0 
51.2438138356773, 40.780666757649946, 0.0, 0.0, 1.0 
31.575608394650608, 18.7331103105701, 0.0, 0.0, 1.0 
14.384328857207379, 27.625927049191525, 0.0, 0.0, 1.0 
28.87025920581501, 1.2131859569528651, 0.0, 0.0, 1.0 
1.4092095106031461, 34.039361672284535, 0.0, 0.0, 1 
53.39116210909181, 25.153207240594117, 0.0, 0.0, 1.0 
54.353956032944495, 0.35662047696341104, 0.0, 0.0, 1.0 
55.900731714426385, 48.86350471639184, 0.0, 0.0, 1.0 
23.139370249531268, 47.1269033403445, 0.0, 0.0, 1.0 
4.108299362494254, 31.005764928629794, 0.0, 0.0, 1 
7.385199354852584, 45.937979649888405, 0.0, 0.0, 1.0 
56.666165950502524, 40.06677028078077, 0.0, 0.0, 1.0 
50.78069064397777, 12.134201361161812, 0.0, 0.0, 1 
48.54826902373078, 33.196739112079754, 0.0, 0.0, 1.0 
40.2908984502176, 36.768682839704475, 0.0, 4.362823188299938, 1.2000000000000002 
14.698275355451988, 56.315624447357465, 0.0, 0.0, 1.0 
32.768016535032295, 53.39440910307283, 0.0, 0.0, 1.0 
55.56244250731744, 9.540863354097484, 0.0, 0.0, 1 
10.855612153504863, 39.489384287550216, 0.0, 0.0, 1.0 
45.16544465355066, 34.28168970026315, 0.0, 0.0, 1.0 
1.7936306330116618, 57.323281239663935, 0.0, 0.0, 1 
16.2508621063776, 33.427319119267885, 0.0, 0.0, 1.0 
27.066440529869542, 21.8654233657997, 0.0, 0.0, 1.0 
5.756636750495724, 2.7469061709897007, 0.0, 0.0, 1.0 
21.128919271915763, 23.60736194815589, 0.0, 0.0, 1.0 
40.496197657774744, 20.903573715640206, 0.0, 0.0, 1.0 
35.475335052549845, 10.522465307648654, 0.0, 0.0, 1.0 
43.030844640081746, 39.29362189546194, 0.0, 0.0, 1.0 
32.652411426462386, 29.377899887337026, 0.0, 0.0, 1.0 
35.042303336994415, 19.501707961295885, 0.0, 0.0, 1.0 
0.15119762123658717, 24.872991953010807, 0.0, 0.0, 1.0 
59.57362295959864, 15.68580685309453, 0.0, 0.0, 1.0 
18.07009251028472, 55.23073277216397, 0.0, 0.0, 1.0 
34.29905708402982, 8.872847371480992, 0.0, 6.161892804876137, 1.2000000000000002 
19.014197203087082, 46.42756341386871, 0.0, 3.493825013162814, 1.1 
10.951427433120228, 28.769258341868788, 0.0, 0.0, 1.0 
14.799508687731693, 50.96965927978534, 0.0, 0.0, 1.0 
17.510068580639707, 53.30560110670912, 0.0, 0.0, 1.0 
49.242141847541845, 29.733083989125976, 0.0, 0.0, 1.0 
4.852869769342808, 27.575350786225478, 0.0, 0.0, 1 
36.55321601459858, 20.85020756614241, 0.0, 0.0, 1.0 
6.121498529763724, 36.72223301973768, 0.0, 0.0, 1 
52.78619302218175, 17.937578746196547, 0.0, 0.0, 1.0 
22.36715893842449, 34.41205960940293, 0.0, 0.0, 1.0 
17.030748535724936, 17.203108048252123, 0.0, 5.988968818918313, 1.2000000000000002 
57.8337036675726, 54.598746424328425, 0.0, 0.0, 1.0 
54.57087022365885, 45.012845265145906, 0.0, 0.0, 1.0 
36.644357284333125, 44.81709171762274, 0.0, 0.0, 1.0 
31.278670212404208, 51.99611507883239, 0.0, 0.0, 1.0 
56.595546850072694, 45.40770449481648, 0.0, 0.0, 1 
34.83543006547538, 36.10369093302978, 0.0, 0.0, 1.0 
52.877437895599975, 7.184065459603436, 0.0, 0.0, 1.0 
19.064143734631187, 3.847791254884605, 0.0, 0.0, 1.0 
60.08824316435135, 33.654273704615434, 0.0, 0.0, 1 
45.519874592604914, 2.0840834586483066, 0.0, 0.0, 1.0 
0.4334602536621251, 58.82547473798922, 0.0, 0.0, 1.0 
51.88135108926363, 42.67600040011172, 0.0, 0.0, 1.0 
25.686999369856743, 27.794501708989543, 0.0, 0.0, 1.0 
8.945537891057139, 17.696621125813934, 0.0, 0.0, 1.0 
40.851692522145676, 60.05294852322751, 0.0, 0.0, 1.0 
47.36246823090725, 18.626703625045383, 0.0, 0.0, 1.0 
20.945422652429723, 3.355348956191645, 0.0, 0.0, 1.0 
1.9798627821909283, 46.61723543007009, 0.0, 0.0, 1 
41.36703556691813, 6.696857134216867, 0.0, 0.0, 1.0 
57.15286910379512, 52.69009188374784, 0.0, 0.0, 1 
5.3861303470592965, 45.52469521171701, 0.0, 0.0, 1.0 
46.69683037716304, 16.67205587864761, 0.0, 0.0, 1.0 
53.81533121099202, 48.44903254706358, 0.0, 0.0, 1.0 
6.93378266300111, 22.662615235603994, 0.0, 0.0, 1.0 
37.926601036878466, 31.587236632585412, 0.0, 2.9196118522169807, 1.4000000000000004 
28.258939466555084, 32.586668307851546, 0.0, 0.0, 1.0 
24.335683674131765, 33.79768399327891, 0.0, 0.0, 1.0 
57.2266825077341, 47.34738104393509, 0.0, 0.0, 1.0 
0.05282942858176097, 30.196856332448704, 0.0, 0.0, 1 
52.15654568348358, 10.666588160614564, 0.0, 0.0, 1.0 
42.38935025875588, 37.379568339488316, 0.0, 0.0, 1.0 
9.647873176434983, 24.937602179853734, 0.0, 0.0, 1.0 
2.84911683854889, 21.841276342054417, 0.0, 0.0, 1.0 
46.60772192690546, 27.41182693108965, 0.0, 0.0, 1.0 
13.763664606091137, 15.054254569126561, 0.0, 0.0, 1.0 
51.524465578488794, 8.689108649718875, 0.0, 0.0, 1 
12.879891111979331, 39.893108214408734, 0.0, 0.0, 1.0 
33.73513024287518, 32.775907549551604, 0.0, 0.0, 1.0 
7.057217358376734, 6.623834822138449, 0.0, 0.0, 1.0 
17.603199580984494, 47.901911379543066, 0.0, 0.0, 1.0 
16.904428954888672, 22.54432958713336, 0.0, 5.941233536829503, 1.4000000000000004 
55.52006505428596, 14.87942447084567, 0.0, 0.0, 1.0 
15.188563333916633, 2.910947946572344, 0.0, 0.0, 1.0 
51.339504633898045, 24.775433375560727, 0.0, 0.0, 1.0 
13.42422726495835, 52.44456332367606, 0.0, 0.0, 1.0 
40.10372115634543, 2.7867938532526138, 0.0, 0.0, 1.0 
33.18176165592469, 51.413617132130994, 0.0, 0.0, 1.0 
30.62907449137277, 46.67692403039903, 0.0, 0.0, 1.0 
41.91063653793651, 19.346692597411263, 0.0, 0.0, 1.0 
21.888696034370984, 6.803708166117431, 0.0, 0.0, 1.0 
31.24814273321347, 6.033188832916259, 0.0, 0.0, 1.0 
46.97065784336269, 55.95326416184592, 0.0, 0.0, 1.0 
57.884032498366764, 49.25572938232492, 0.0, 0.0, 1 
9.872744709719152, 58.96412133617658, 0.0, 0.0, 1.0 
28.451291336371817, 39.955813563941405, 0.0, 0.0, 1.0 
39.357480821611325, 6.304810986711324, 0.0, 0.0, 1.0 
58.7943046611792, 24.45901474122592, 0.0, 0.0, 1 
47.68367556285652, 52.50833059259538, 0.0, 0.0, 1.0 
60.712386074304376, 40.877547084618406, 0.0, 0.0, 1 
11.58662517701767, 30.677982925346715, 0.0, 0.0, 1.0 
12.553733033428063, 0.5784747538080826, 0.0, 0.0, 1.0 
55.79991284869626, 54.17421143358906, 0.0, 0.0, 1.0 
49.530478191641045, 2.9078185034567077, 0.0, 0.0, 1.0 
14.067771728050591, 54.410271520336735, 0.0, 0.0, 1.0 
32.075984988014575, 24.044670195796584, 0.0, 0.0, 1.0 
20.240462854294847, 27.605115020798188, 0.0, 0.0, 1.0 
9.362539533942906, 51.69060379270463, 0.0, 0.0, 1.0 
45.663209837245745, 52.124247655652454, 0.0, 0.0, 1.0 
53.52263979064889, 14.46817614312068, 0.0, 0.0, 1.0 
15.44726824603635, 52.90020753206415, 0.0, 0.0, 1.0 
2.7137271615817604, 43.20997097254781, 0.0, 0.0, 1 
30.836872433911914, 0.6510106147568065, 0.0, 0.0, 1.0 
22.65223831556824, 24.976410082072697, 0.0, 0.0, 1.0 
49.41046740187313, 13.677360982822549, 0.0, 0.0, 1.0 
36.09067149617439, 1.9644678648969904, 0.0, 0.0, 1.0 
32.41451380970573, 38.698037856866925, 0.0, 0.0, 1.0 
36.81221049707514, 59.2510741217531, 0.0, 0.0, 1.0 
53.1346457487363, 51.91064822735956, 0.0, 0.0, 1.0 
59.66200321510748, 4.963712341036146, 0.0, 0.0, 1.0 
7.608380582309416, 13.904079833870462, 0.0, 0.0, 1.0 
28.60509045696183, 23.221586216182278, 0.0, 0.0, 1.0 
39.04175485081044, 49.50339171707078, 0.0, 0.0, 1.0 
23.378156931469846, 37.80701581625468, 0.0, 0.0, 1.0 
4.777436514978834, 32.917745210909565, 0.0, 0.0, 1 
14.455432593949583, 6.354485708181678, 0.0, 0.0, 1.0 
0.5124884149689933, 53.475480622175944, 0.0, 0.0, 1.0 
49.17872187346372, 40.3743903250229, 0.0, 0.0, 1.0 
1.555002904648963, 12.66051969566472, 0.0, 0.0, 1.0 
54.17394235133666, 11.050877045178321, 0.0, 0.0, 1.0 
27.827592949397946, 5.179650455320799, 0.0, 0.0, 1.0 
8.288304742211382, 15.81933152058167, 0.0, 0.0, 1.0 
11.075756338643604, 7.430345901695016, 0.0, 0.0, 1.0 
13.540828303554772, 41.785490523126505, 0.0, 0.0, 1.0 
33.631429187948115, 49.39481664653987, 0.0, 0.0, 1.0 
26.017069928377605, 42.537981320793314, 0.0, 0.0, 1.0 
50.3508978869681, 54.89922262351515, 0.0, 0.0, 1 
39.20086449807334, 33.159074088442964, 0.0, 0.0, 1.0 
53.911048290924924, 43.100760750408135, 0.0, 0.0, 1.0 
27.582641760283572, 19.833993690061696, 0.0, 0.0, 1.0 
10.986186076247268, 23.44438936454645, 0.0, 0.0, 1.0 
15.803041280686603, 20.877189691634598, 0.0, 0.723324011938769, 1.1 
37.937063033318395, 7.721991167176553, 0.0, 4.273450366923714, 1.1 
48.46996897378819, 38.53988204046774, 0.0, 0.0, 1.0 
42.63681093896088, 15.869379029335903, 0.0, 0.0, 1.0 
24.670007865695382, 48.49220700693072, 0.0, 0.0, 1.0 
25.126204970932694, 46.50933935508035, 0.0, 0.0, 1.0 
45.67398147938614, 41.5536778597266, 0.0, 0.0, 1.0 
50.509793912031526, 44.20064855436346, 0.0, 0.0, 1.0 
39.27945504123398, 17.018755495428827, 0.0, 0.0, 1.0 
29.32888620396483, 36.004380015826825, 0.0, 0.0, 1.0 
48.99423422458844, 56.38914624851324, 0.0, 0.0, 1.0 
34.36989040975561, 38.12399391674065, 0.0, 0.0, 1.0 
11.699184781373415, 9.342463579222276, 0.0, 0.0, 1.0 
22.746293701042937, 10.196564821118105, 0.0, 0.0, 1.0 
10.853856169826463, 34.12909134059488, 0.0, 0.0, 1.0 
49.93877841213248, 31.671164654341275, 0.0, 0.0, 1.0 
21.457785823117003, 54.175395329865864, 0.0, 0.0, 1.0 
5.104939261977432, 0.8209103123700467, 0.0, 0.0, 1.0 
48.61759040414418, 27.829465399783132, 0.0, 0.0, 1.0 
53.29204428423146, 35.82224127834248, 0.0, 0.0, 1.0 
58.18742824667294, 17.197010745964256, 0.0, 0.0, 1.0 
27.774975739794915, 34.593696087920826, 0.0, 0.0, 1.0 
56.52366572590454, 50.75993154044672, 0.0, 0.0, 1.0 
22.93363397038474, 2.8893747665278693, 0.0, 0.0, 1.0 
40.639286320652, 10.109156111688106, 0.0, 0.0, 1.0 
17.71774356862229, 15.257198310182883, 0.0, 0.0, 1.0 
14.247310216463626, 38.36671330452109, 0.0, 0.0, 1.0 
58.258865165692995, 11.857080190448587, 0.0, 0.0, 1 
21.33291435772832, 31.009507406500667, 0.0, 0.0, 1.0 
52.495378859972455, 49.930469928042214, 0.0, 0.0, 1.0 
59.186904766835475, 53.09445166116488, 0.0, 0.0, 1 
45.7260976893388, 46.7979616622084, 0.0, 0.0, 1.0 
28.75741120788394, 8.584272542728252, 0.0, 0.0, 1.0 
37.52364031893769, 24.208314093337805, 0.0, 0.0, 1.0 
20.686140598395113, 25.586049980513568, 0.0, 0.0, 1.0 
22.483609361478422, 41.83203657603346, 0.0, 0.0, 1.0 
29.879515492356624, 57.98346538579089, 0.0, 0.0, 1.0 
45.06490225439796, 44.89722519613192, 0.0, 0.0, 1.0 
16.92274232088811, 46.00593446491889, 0.0, 0.0, 1.0 
3.318995976652446, 45.12689620609797, 0.0, 0.0, 1 
44.78173066856684, 5.540593870331877, 0.0, 0.0, 1.0 
41.30125052390705, 12.036082022773947, 0.0, 0.0, 1.0 
49.34513237634971, 24.383310965135376, 0.0, 0.0, 1.0 
53.451008941694944, 19.818555577628523, 0.0, 0.0, 1.0 
16.231709133638756, 13.736224506447918, 0.0, 0.0, 1.0 
50.042249902035174, 20.95709131376039, 0.0, 0.0, 1.0 
6.855911042717861, 27.990469858112167, 0.0, 0.0, 1 
43.58148715046408, 57.045634911939906, 0.0, 0.0, 1.0 
22.12911226597465, 19.603698481900683, 0.0, 0.0, 1.0 
2.3333484788558456, 3.8827925891494526, 0.0, 0.0, 1.0 
3.6706925551932836, 7.685973987342986, 0.0, 0.0, 1.0 
23.58790428820784, 21.03409435076674, 0.0, 0.0, 1.0 
19.380540980645918, 9.326441315169111, 0.0, 0.0, 1.0 
13.920297026546208, 59.77216300924421, 0.0, 0.0, 1.0 
56.02410682648475, 32.811432673747774, 0.0, 0.0, 1.0 
0.7859330161207849, 26.780349298082925, 0.0, 0.0, 1.0 
27.28705218586837, 7.115353436049741, 0.0, 0.0, 1.0 
43.309795456645226, 17.851453345139046, 0.0, 0.0, 1.0 
23.318865382964397, 8.290435342916268, 0.0, 0.0, 1.0 
51.91302834035889, 37.359486128802686, 0.0, 0.0, 1.0 
41.022439234240025, 49.24451797445134, 0.0, 0.0, 1.0 
36.56723799683201, 9.010045522154433, 0.0, 0.8257823282087073, 1.5000000000000004 
49.79159170009094, 47.620672911945256, 0.0, 0.0, 1.0 
53.5678363018545, 9.101636328311518, 0.0, 0.0, 1 
25.561094936407066, 44.548034739736146, 0.0, 0.0, 1.0 
16.91754685640971, 19.187453038389958, 0.0, 0.0, 1.0 
21.71263995499977, 60.139711591919784, 0.0, 0.7516172984526384, 1.4000000000000004 
11.121478272059433, 2.0780526573647604, 0.0, 0.0, 1.0 
56.15263230465604, 22.205575219694694, 0.0, 0.0, 1.0 
41.516179912805995, 56.62683597678121, 0.0, 0.0, 1.0 
36.93336232094343, 5.9861613730554355, 0.0, 5.329647439816735, 1.4000000000000004 
18.694464564410605, 35.560994884528135, 0.0, 0.0, 1.0 
3.5114283810279705, 23.7522421905295, 0.0, 0.0, 1.0 
7.5176859966296945, 29.8869094937688, 0.0, 0.0, 1 
25.386658677363712, 0.34279451799418537, 0.0, 0.0, 1.0 
4.698129221361918, 43.58824520886082, 0.0, 0.0, 1 
33.28780005753981, 34.759909251186066, 0.0, 0.0, 1.0 
21.482144198476654, 1.3842937755657934, 0.0, 0.0, 1.0 
53.33266250522187, 30.50946640866081, 0.0, 0.0, 1.0 
48.26918470637776, 59.80160656094359, 0.0, 0.0, 1.0 
9.698956356414374, 14.280126182385676, 0.0, 0.0, 1.0 
23.732773064675698, 28.37656574309642, 0.0, 0.0, 1.0 
19.5936515636339, 22.241902936221422, 0.0, 0.0, 1.0 
48.49537548589668, 43.79403918979616, 0.0, 0.0, 1.0 
45.34347885803959, 12.81486841367719, 0.0, 0.0, 1.0 
41.49478879481432, 1.2526824330510524, 0.0, 0.0, 1.0 
6.575631815512774, 54.725730210318474, 0.0, 0.0, 1.0 
11.535685549526612, 41.38397254183955, 0.0, 0.0, 1.0 
53.184053668933664, 46.51793354153755, 0.0, 0.0, 1.0 
2.881214321914114, 16.4942366300109, 0.0, 0.0, 1.0 
14.826149357270037, 12.214012986479363, 0.0, 0.0, 1.0 
13.711480338136901, 25.72075250047862, 0.0, 0.0, 1.0 
60.235490861106925, 12.258936495906122, 0.0, 0.0, 1 
43.960259826524165, 19.741726665313198, 0.0, 0.0, 1.0 
41.89890175303186, 24.690728433097448, 0.0, 0.0, 1.0 
31.32872369153314, 59.36966919052108, 0.0, 0.0, 1.0 
26.339131224618384, 3.715923989434688, 0.0, 0.0, 1.0 
13.01305136022364, 18.532127098493547, 0.0, 0.0, 1.0 
2.533745965698906, 53.89307283488928, 0.0, 0.0, 1.0 
37.50150500073834, 40.81335196667872, 0.0, 0.0, 1.0 
46.48136518238352, 43.392704557472285, 0.0, 0.0, 1.0 
31.5384127689979, 42.673911783492585, 0.0, 0.0, 1.0 
50.552512516414964, 33.58016187520119, 0.0, 0.0, 1.0 
0.9570358832031551, 5.381561045752435, 0.0, 0.0, 1 
26.221563810464662, 49.824867025642135, 0.0, 0.0, 1.0 
27.680780921025267, 27.21875603782092, 0.0, 0.0, 1.0 
1.3209627113276143, 44.753848448076354, 0.0, 0.0, 1 
2.929972508372247, 11.16333292212307, 0.0, 0.0, 1 
59.92653096151952, 49.64250711871339, 0.0, 0.0, 1 
39.99991651936545, 8.153922284973493, 0.0, 0.0, 1.0 
47.11508833895204, 45.30532158486331, 0.0, 0.0, 1.0 
37.29199166613102, 11.261723162203523, 0.0, 0.0, 1.0 
5.616669860629885, 13.472194937844435, 0.0, 0.0, 1.0 
57.76144170483412, 59.94894831525308, 0.0, 0.0, 1.0 
33.2618212908938, 5.516668546127108, 0.0, 0.0, 1.0 
58.67605002274748, 40.48164980566989, 0.0, 0.0, 1.0 
10.640051285139634, 55.50509970087384, 0.0, 0.0, 1.0 
15.539592448994615, 47.53129557551754, 0.0, 0.0, 1.0 
8.754755118382121, 44.43480089283057, 0.0, 0.0, 1.0 
20.333027303358996, 44.85185175302496, 0.0, 0.0, 1.0 
10.341785934901317, 16.167030822827268, 0.0, 0.0, 1.0 
1.5925940337663609, 7.313643314202906, 0.0, 0.0, 1.0 
57.965253272980945, 43.87941455154591, 0.0, 0.0, 1 
51.1489418266982, 46.110773038037976, 0.0, 0.0, 1.0 
58.04089764926209, 33.24496510233941, 0.0, 0.0, 1 
16.90808038230543, 35.33084588715708, 0.0, 0.0, 1.0 
0.16872315807727467, 19.5256849297454, 0.0, 0.0, 1.0 
1.855559181118657, 51.97854539847842, 0.0, 0.0, 1 
16.68188753953956, 56.766162820990324, 0.0, 0.0, 1.0 
10.274542325801212, 26.9005608089905, 0.0, 0.0, 1.0 
58.54378398774076, 51.190032188635186, 0.0, 0.0, 1 
24.222880436792934, 11.66736078410493, 0.0, 0.0, 1.0 
49.144587490411915, 45.69074006014705, 0.0, 0.0, 1.0 
44.06328457018009, 8.988381215240391, 0.0, 0.0, 1.0 
0.705609673746836, 37.486009753855896, 0.0, 0.0, 1 
59.01580869459946, 3.0459348410987896, 0.0, 0.0, 1 
51.97017234728545, 32.034031444450385, 0.0, 0.0, 1.0 
6.683794339717357, 49.37122120558573, 0.0, 0.0, 1.0 
14.23427425236013, 33.046088003968315, 0.0, 0.0, 1.0 
59.53540622801354, 21.047570429822855, 0.0, 0.0, 1.0 
35.253748819738014, 34.148007282014476, 0.0, 0.0, 1.0 
33.599139013744136, 10.864451343769362, 0.0, 0.0, 1.0 
13.055335437348123, 13.165886753122537, 0.0, 0.0, 1.0 
29.687555094633186, 11.94531942275558, 0.0, 0.0, 1.0 
23.67374607681037, 13.632391531150748, 0.0, 0.0, 1.0 
31.97951392063873, 40.70890399115027, 0.0, 0.0, 1.0 
12.346141704711002, 16.585296547122798, 0.0, 0.0, 1.0 
13.19337904121297, 2.5005033786114583, 0.0, 0.0, 1.0 
54.1305319317462, 16.38154911589228, 0.0, 0.0, 1 
19.70556149726033, 14.736814173796656, 0.0, 0.0, 1.0 
2.0903608979709443, 35.92977654864707, 0.0, 0.0, 1 
28.063707306203046, 17.915306188653293, 0.0, 0.0, 1.0 
24.37834161999281, 4.280759211142634, 0.0, 0.0, 1.0 
59.499015683441684, 26.371454144484666, 0.0, 0.0, 1.0 
18.325555693172554, 28.095539027987154, 0.0, 0.0, 1.0 
22.451504792954452, 58.22941087928787, 0.0, 0.0, 1.0 
25.842668806332885, 5.73651987475082, 0.0, 0.0, 1.0 
26.893822556723567, 38.55045718106034, 0.0, 0.0, 1.0 
15.657397866917618, 31.46079104527708, 0.0, 0.0, 1.0 
22.26373349103476, 12.2315609285025, 0.0, 0.0, 1.0 
6.419458603578408, 4.656008200784654, 0.0, 0.0, 1.0 
18.83085025280922, 51.79156613034911, 0.0, 0.0, 1.0 
16.85100978273859, 11.796212217110611, 0.0, 0.0, 1.0 
24.189927110092473, 26.416537288288225, 0.0, 0.0, 1.0 
58.85226757632363, 19.141963942144145, 0.0, 0.0, 1.0 
44.633596961328344, 16.262940548083698, 0.0, 0.0, 1.0 
21.131955494661803, 46.728260019890385, 0.0, 5.2133386115324845, 1.1 
11.717653261228058, 14.674087372664893, 0.0, 0.0, 1.0 
8.828663126518428, 39.089084955795315, 0.0, 0.0, 1.0 
48.88538521387295, 1.0265848302722722, 0.0, 0.0, 1 
52.798635084313574, 12.57037923198602, 0.0, 0.0, 1.0 
42.26644404382011, 53.1574892334824, 0.0, 0.0, 1.0 
35.93117046113764, 39.496690333589896, 0.0, 0.0, 1.0 
60.420169350156286, 1.5639584105012048, 0.0, 0.0, 1 
59.82965574300633, 55.0128536088285, 0.0, 0.0, 1 
29.335612955611293, 59.93516732150884, 0.0, 0.0, 1.0 
59.40489279388518, 37.07832756246016, 0.0, 0.0, 1.0 
41.96944341838628, 13.954790567442773, 0.0, 0.0, 1.0 
44.62649487233158, 21.649964757758998, 0.0, 0.0, 1.0 
9.644073873026075, 19.620787612914175, 0.0, 0.0, 1.0 
6.035730654523901, 47.41742787645378, 0.0, 0.0, 1.0 
26.111694927684027, 18.494419727622855, 0.0, 0.0, 1.0 
41.02645354546356, 38.92930621654312, 0.0, 0.0, 1.0 
24.481794168715357, 41.157623756206476, 0.0, 0.0, 1.0 
17.041852432520653, 40.60628740853743, 0.0, 5.619216376168425, 1.1 
22.40234616213149, 4.82321649303666, 0.0, 0.0, 1.0 
8.259532211330217, 26.46423170153136, 0.0, 0.0, 1.0 
14.172278256239922, 49.0614779385704, 0.0, 0.0, 1.0 
9.02522676663388, 7.040596113351069, 0.0, 0.0, 1.0 
5.948327930540671, 52.79402691251377, 0.0, 0.0, 1.0 
16.07615099026343, 54.817897751224365, 0.0, 0.0, 1.0 
45.5691171141929, 57.4794457643362, 0.0, 0.0, 1.0 
42.848937987984485, 60.52496508639767, 0.0, 0.0, 1.0 
33.57345723486562, 25.426537717369513, 0.0, 0.0, 1.0 
39.579948256353454, 23.935858536487434, 0.0, 0.0, 1.0 
32.231058103554574, 9.409396391033464, 0.0, 0.0, 1.0 
17.894412494126495, 5.419221680417906, 0.0, 0.0, 1.0 
35.52395863474268, 17.531595746380216, 0.0, 0.0, 1.0 
9.796333592750322, 3.6103678163237456, 0.0, 0.0, 1.0 
50.82857543995168, 6.7854318632742245, 0.0, 0.0, 1 
6.9573645807628415, 11.960239072306917, 0.0, 0.0, 1.0 
35.32242567760486, 12.418373489137384, 0.0, 3.652237603200423, 1.7000000000000006 
55.465843109456124, 20.27842605837153, 0.0, 0.0, 1.0 
50.276720620512414, 60.23438506166954, 0.0, 0.0, 1 
34.611359113448394, 28.80253710671057, 0.0, 0.0, 1.0 
53.58227582508295, 3.7715347620002833, 0.0, 0.0, 1.0 
23.435670101319293, 0.8885023364219715, 0.0, 0.0, 1.0 
38.04276905334259, 29.580549417314884, 0.0, 0.0, 1.0 
15.915445557696389, 26.16615826549836, 0.0, 0.04892348521630737, 1.3000000000000003 
30.688443352050886, 30.019413998000328, 0.0, 0.0, 1.0 
13.688618592957713, 9.772030173466066, 0.0, 0.0, 1.0 
8.187101038449388, 31.793736985634176, 0.0, 0.0, 1.0 
7.149169205961855, 1.2582013807896384, 0.0, 0.0, 1.0 
9.53401577732784, 30.269186347188505, 0.0, 0.0, 1.0 
22.95693093123553, 39.79274020177422, 0.0, 0.0, 1.0 
58.02872525037077, 38.55038166818829, 0.0, 0.0, 1.0 
32.59382666018445, 22.04366069788181, 0.0, 0.0, 1.0 
42.49076639469506, 32.001981372128206, 0.0, 0.0, 1.0 
37.68188821427488, 55.588802635355535, 0.0, 0.0, 1.0 
25.58686141658631, 20.456221165854817, 0.0, 0.0, 1.0 
47.271128699968486, 23.981451137624894, 0.0, 0.0, 1.0 
34.97434008158513, 7.054459604824461, 0.0, 0.23802494449387443, 1.2000000000000002 
47.77006618623732, 47.21931008591722, 0.0, 0.0, 1.0 
21.594455251061895, 21.595237270837206, 0.0, 0.0, 1.0 
20.112235883523724, 20.23977660803697, 0.0, 0.0, 1.0 
42.18114173242298, 58.54610347182216, 0.0, 0.0, 1.0 
45.44579250929852, 7.489464096618463, 0.0, 0.0, 1.0 
13.097671138774498, 7.848716122370547, 0.0, 0.0, 1.0 
7.3143093419884355, 51.231236179896094, 0.0, 0.0, 1.0 
40.96435323560128, 51.048667924483446, 0.0, 3.3500355125595567, 2.100000000000001 
46.77496847010776, 5.977665600600075, 0.0, 0.0, 1.0 
51.41974388008564, 19.421638844228152, 0.0, 0.0, 1.0 
21.18027990022641, 16.17131725249298, 0.0, 0.0, 1.0 
55.99324314906758, 38.1556548641182, 0.0, 0.0, 1.0 
28.316556488537202, 56.57383146898034, 0.0, 0.0, 1.0 
51.24976385949133, 35.46009316233079, 0.0, 0.0, 1.0 
37.689525839901286, 48.07907028320398, 0.0, 5.625033116160514, 1.2000000000000002 
19.76405549202011, 48.343660730591736, 0.0, 6.236428210570975, 1.2000000000000002 
38.751837080317394, 4.324797092363293, 0.0, 0.0, 1.0 
32.27091007371351, 55.38562186776914, 0.0, 0.0, 1.0 
49.99194601937178, 26.291799132628476, 0.0, 0.0, 1.0 
7.75271859615541, 3.15223042734941, 0.0, 0.0, 1.0 
12.142803610682048, 48.64009144064505, 0.0, 0.0, 1.0 
25.67964105074526, 13.063739038174477, 0.0, 0.0, 1.0 
0.8576374973847172, 16.086397002663777, 0.0, 0.0, 1.0 
44.41445658836716, 37.740739903710825, 0.0, 0.0, 1.0 
44.99663555032372, 50.19393879920002, 0.0, 0.0, 1.0 
33.53659677547671, 18.109766632501458, 0.0, 0.0, 1.0 
39.87133136291188, 29.670344854420044, 0.0, 0.0, 1.0 
20.869358884407625, 52.21515267701819, 0.0, 0.0, 1.0 
45.22418405280334, 28.962137807096074, 0.0, 0.0, 1.0 
56.84980885786273, 18.717747641113007, 0.0, 0.0, 1.0 
40.60925121674539, 43.931514706426235, 0.0, 0.0, 1.0 
44.28746703270732, 53.57721102730913, 0.0, 0.0, 1.0 
10.164747053163696, 37.54928186902047, 0.0, 0.0, 1 
28.807465475755684, 54.58663037465014, 0.0, 0.0, 1.0 
4.0508743530858355, 41.7131713987887, 0.0, 0.0, 1 
39.459842323329575, 0.8868834646151941, 0.0, 0.0, 1.0 
29.720826575537025, 50.61462287469019, 0.0, 0.0, 1.0 
4.232600131666899, 20.301310328582865, 0.0, 0.0, 1.0 
43.35642685210511, 12.430710732626903, 0.0, 0.0, 1.0 
16.306229338393287, 38.78127253260071, 0.0, 0.0, 1.0 
12.353046074709393, 21.916764730600512, 0.0, 0.0, 1.0 
48.69848582152105, 17.089415440095078, 0.0, 0.0, 1.0 
40.55807079683298, 26.204005855316478, 0.0, 0.0, 1.0 
43.6124063834373, 46.344124988915496, 0.0, 0.0, 1.0 
49.50057687799888, 8.302240977670634, 0.0, 0.0, 1.0 
4.757756606052768, 38.26179269774169, 0.0, 0.0, 1 
39.94737730575795, 13.548494745562449, 0.0, 0.0, 1.0 
12.864925984957006, 34.511908113617345, 0.0, 0.0, 1.0 
1.4874211433557694, 23.384293721750492, 0.0, 0.0, 1.0 
5.5662101983783945, 18.84515148893396, 0.0, 0.0, 1 
0.03867401314582388, 35.55933362297815, 0.0, 0.0, 1 
6.096315115912624, 42.099433940014315, 0.0, 0.0, 1.0 
8.038748454776282, 47.83731376336284, 0.0, 0.0, 1.0 
12.794651831933514, 50.563991967821195, 0.0, 0.0, 1.0 
53.031607090223424, 57.18952064576265, 0.0, 0.0, 1 
38.43272645646644, 53.66133814639292, 0.0, 0.0, 1.0 
28.889599075371024, 37.963014204030316, 0.0, 0.0, 1.0 
50.75069627087377, 17.49114698003312, 0.0, 0.0, 1.0 
21.41657033309035, 38.451211373025956, 0.0, 0.0, 1.0 
54.66746259339444, 34.31480302198624, 0.0, 0.0, 1.0 
41.15887254356584, 33.542786591535986, 0.0, 0.0, 1.0 
15.34866246087229, 58.24361537758789, 0.0, 0.0, 1.0 
29.079724142074525, 21.3007176464556, 0.0, 0.0, 1.0 
24.25057860025819, 50.4786007780784, 0.0, 0.0, 1.0 
47.443132493176456, 7.905372175152578, 0.0, 0.0, 1.0 
42.148890094666754, 47.64091578251729, 0.0, 3.7109341530891755, 1.3000000000000003 
12.046224270051146, 53.96698876088066, 0.0, 0.0, 1.0 
40.6932360173737, 45.87157774739492, 0.0, 3.4893045540844114, 1.6000000000000005 
53.257613015356945, 41.16300943563683, 0.0, 0.0, 1.0 
36.1401196720932, 46.804151608771, 0.0, 0.0, 1.0 
30.314073885971176, 2.61570663004193, 0.0, 0.0, 1.0 
13.567762454278855, 36.452373388995795, 0.0, 0.0, 1.0 
19.11788471769676, 24.248598724642157, 0.0, 0.0, 1.0 
14.931488184289003, 34.91880734110759, 0.0, 0.0, 1.0 
56.193000216611566, 16.7879361110232, 0.0, 0.0, 1.0 
20.257937983687, 12.790498942620273, 0.0, 0.0, 1.0 
27.86914007036187, 58.55790561699461, 0.0, 0.0, 1.0 
3.829382057698617, 57.73440630283373, 0.0, 0.0, 1.0 
40.19292290641943, 58.134512788920794, 0.0, 0.0, 1.0 
36.35636660380339, 37.509900769980156, 0.0, 0.0, 1.0 
4.174339188578045, 25.665833173056612, 0.0, 0.0, 1.0 
30.158624602130498, 48.58965193057359, 0.0, 0.0, 1.0 
40.26535435141607, 52.724884585148935, 0.0, 0.0, 1.0 
0.285533797325728, 8.80748738935285, 0.0, 0.0, 1 
33.53882774684556, 42.07687949131997, 0.0, 0.0, 1.0 
8.008400569467778, 53.15940453009078, 0.0, 0.0, 1.0 
50.090942295398214, 15.545073973954151, 0.0, 0.0, 1.0 
11.043328134100165, 12.774799466388666, 0.0, 0.0, 1.0 
6.294024433257529, 10.058105292309147, 0.0, 0.0, 1.0 
14.892511483083931, 45.60316868670158, 0.0, 0.0, 1.0 
11.534376554848329, 36.05424819439628, 0.0, 0.0, 1.0 
26.59774147485311, 23.859005774269686, 0.0, 0.0, 1.0 
47.929628595592185, 25.90750613070308, 0.0, 0.0, 1.0 
58.90667076440184, 13.75516659106112, 0.0, 0.0, 1 
9.98140293095082, 53.601844810748425, 0.0, 0.0, 1.0 
40.61170678372573, 15.504588331615189, 0.0, 0.0, 1.0 
16.40096910828716, 6.797770875779894, 0.0, 0.0, 1.0 
44.83954223554181, 0.2015013488277215, 0.0, 0.0, 1.0 
28.704479921217285, 30.617635623140544, 0.0, 0.0, 1.0 
11.799558679367998, 4.016444845122924, 0.0, 0.0, 1.0 
34.18318509277088, 30.81907902948459, 0.0, 0.0, 1.0 
42.581360574292894, 21.24148836113951, 0.0, 0.0, 1.0 
0.8233773484490164, 21.432048222369836, 0.0, 0.0, 1.0 
7.527944303200814, 35.23554890702357, 0.0, 0.0, 1.0 
55.125849790471165, 52.320741129334884, 0.0, 0.0, 1.0 
1.698165551630414, 1.9301441633574994, 0.0, 0.0, 1.0 
14.578159014692568, 1.0057935050082791, 0.0, 0.0, 1.0 
58.13959280170686, 22.58356407620612, 0.0, 0.0, 1.0 
57.36793362210988, 36.66474324583363, 0.0, 0.0, 1.0 
5.211525735042195, 56.20968581618654, 0.0, 0.0, 1.0 
33.115919369861366, 12.786830161256434, 0.0, 0.0, 1.0 
38.65265199459638, 9.710196267388135, 0.0, 0.0, 1.0 
45.98845943654104, 14.768005224645798, 0.0, 0.0, 1.0 
37.11881134014003, 50.16900775024212, 0.0, 0.0, 1.0 
24.63413107117564, 24.408490187494692, 0.0, 0.0, 1.0 
21.371155402836234, 8.794487575481268, 0.0, 0.0, 1.0 
5.443674006732754, 34.849799685955006, 0.0, 0.0, 1.0 
11.698582254698906, 20.0160570533545, 0.0, 0.0, 1.0 
45.89105872864818, 30.827844836833744, 0.0, 0.0, 1.0 
29.307500796159577, 6.561722708898092, 0.0, 0.0, 1.0 
5.83028282920638, 58.14094807838173, 0.0, 0.0, 1.0 
37.87995819541952, 13.17511565995792, 0.0, 0.0, 1.0 
3.9470588976411074, 52.35026752448865, 0.0, 0.0, 1.0 
17.080402310210264, 24.482736593798894, 0.0, 4.365586648006952, 1.1 
57.31570246850051, 41.982796804656054, 0.0, 0.0, 1.0 
59.378853026123025, 42.3836748958247, 0.0, 0.0, 1 
8.358686991773135, 10.464597233181161, 0.0, 0.0, 1.0 
50.57814948296722, 38.86282020809663, 0.0, 0.0, 1.0 
3.5586160650381617, 18.41179475692898, 0.0, 0.0, 1.0 
33.315496465513526, 58.78843633157314, 0.0, 0.0, 1.0 
7.630461399089556, 19.191250463823398, 0.0, 0.0, 1.0 
52.75338510984883, 23.257803615035506, 0.0, 0.0, 1.0 
18.15824489427511, 20.802752647043004, 0.0, 0.0, 1.0 
18.233146438968486, 49.83693048328344, 0.0, 0.0, 1.0 
27.668363635971748, 12.511019943579347, 0.0, 0.0, 1.0 
45.9517408132756, 25.489341970842073, 0.0, 0.0, 1.0 
20.65572890596765, 18.185836808167387, 0.0, 0.0, 1.0 
2.1595234774582663, 25.251324393536297, 0.0, 0.0, 1.0 
40.75461980435472, 4.722513119637015, 0.0, 0.0, 1.0 
16.330768959922022, 28.055189508250493, 0.0, 0.0, 1.0 
3.7046774228591617, 2.3662904965362204, 0.0, 0.0, 1.0 
22.078196205124758, 43.80218389601258, 0.0, 0.0, 1.0 
