position_x,position_y,position_z,orientation,aspect_ratio
3.184552500383962, 3.786252785493346, 0.0, 3.0453199801671023, 1.8000000000000007 
41.68234994085458, 25.112431333341895, 0.0, 1.5021252921677164, 2.7000000000000015 
48.07834114560811, 58.880026227984175, 0.0, 0.0, 1.0 
16.122136923893798, 4.480831874287161, 0.0, 0.0, 1.0 
15.383100805838975, 49.883486467749265, 0.0, 0.0, 1.0 
49.98682581653795, 29.945553839970117, 0.0, 3.381882573573393, 2.300000000000001 
9.103786202749996, 45.3675578476287, 0.0, 0.0, 1.0 
48.386442599742544, 6.6395266720688415, 0.0, 0.0, 1.0 
34.37757628875456, 3.996922033446469, 0.0, 0.0, 1.0 
49.471820728227705, 1.5376377791731437, 0.0, 0.0, 1.0 
12.33792412171604, 14.833840087015682, 0.0, 6.552515187450075, 2.7000000000000015 
4.464154570436379, 48.11543717713556, 0.0, 0.0, 1.0 
41.21534853474235, 15.185047274629042, 0.0, 5.531462330185, 2.7000000000000015 
13.105745494817938, 52.40752423049989, 0.0, 0.0, 1.0 
31.508072574965176, 54.4574168417124, 0.0, 3.947781788565968, 2.4000000000000012 
38.0985256835435, 9.16189755074766, 0.0, 0.0, 1.0 
47.88158432350974, 56.57603208513187, 0.0, 5.92063315237721, 1.4000000000000004 
0.6640906973428059, 51.96901153808248, 0.0, 0.0, 1.0 
38.09208498273123, 23.764350909181932, 0.0, 0.008417534208270138, 2.7000000000000015 
3.890372722716769, 44.71165267025689, 0.0, 0.0, 1.0 
44.885413432815966, 43.694256768784506, 0.0, 5.054952542423615, 1.1 
8.298302293830737, 12.380375408498601, 0.0, 0.8232873628214318, 2.6000000000000014 
50.47748370567555, 49.24085026139615, 0.0, 0.0, 1.0 
14.195174123789672, 33.39341291050928, 0.0, 3.488976459705729, 2.7000000000000015 
18.808973736248724, 56.58376338902452, 0.0, 0.5492747616385529, 2.6000000000000014 
28.223861916727156, 15.715018731086289, 0.0, 6.301666825105418, 2.300000000000001 
46.49297770711196, 11.976823481855103, 0.0, 2.436224906645619, 1.3000000000000003 
25.134227220529507, 58.11605649551513, 0.0, 0.41763887720197984, 2.5000000000000013 
9.315369207125794, 55.52708634707581, 0.0, 0.6601342782127176, 2.6000000000000014 
23.420578607054722, 3.3180139635515555, 0.0, 0.0, 1.0 
24.178205765477358, 28.21798564571284, 0.0, 3.90932202356294, 2.7000000000000015 
7.3694349701879505, 40.63591895772351, 0.0, 0.0, 1.0 
40.9650147273463, 3.280779934538681, 0.0, 0.0, 1.0 
48.59915957302462, 48.76849430725639, 0.0, 0.0, 1.0 
6.1264226196750435, 28.155719205553634, 0.0, 3.72384773359521, 2.7000000000000015 
18.667857486017883, 49.01369502617509, 0.0, 0.6981583515653013, 2.300000000000001 
52.06019651260564, 59.530901822849145, 0.0, 0.0, 1.0 
29.584147764946707, 16.73202544881408, 0.0, 0.0, 1.0 
59.95857513490372, 0.0017428901990945399, 0.0, 6.238404021712229, 2.6000000000000014 
5.316330215338225, 41.02561302145169, 0.0, 0.0, 1.0 
52.86569223412583, 46.842855932241314, 0.0, 0.0, 1.0 
56.47736270166694, 8.13424968243045, 0.0, 3.1700672185149408, 2.7000000000000015 
3.278123553323258, 10.38806598328196, 0.0, 1.012415072444034, 2.7000000000000015 
53.717452722032434, 8.604479906797664, 0.0, 3.211275170217647, 1.8000000000000007 
0.8898575037449635, 6.901163419143442, 0.0, 6.979729007852648, 2.4000000000000012 
29.58550264650374, 27.850343991981507, 0.0, 3.0332824565268153, 2.7000000000000015 
6.94059276317829, 0.14674848241978805, 0.0, -0.35231922709152075, 2.300000000000001 
32.51253405967618, 48.79159251432176, 0.0, 0.0, 1.0 
15.131371772425053, 52.50543738937951, 0.0, 0.0, 1.0 
60.079564260855236, 1.4903497724825079, 0.0, 0.0, 1.0 
15.205716368691473, 59.445414842402236, 0.0, -0.40067138686558057, 2.7000000000000015 
27.34711729257077, 47.70596845771447, 0.0, 1.6659163754089936, 2.300000000000001 
6.960995083366261, 55.36350034783678, 0.0, 7.222913436000938, 2.5000000000000013 
21.45646182773709, 0.04425223635818945, 0.0, -0.2079874167128493, 2.6000000000000014 
17.169384211285873, 59.29949471640749, 0.0, -0.30859416773713283, 2.6000000000000014 
32.226534925086625, 51.56083312914496, 0.0, 0.0, 1.0 
9.881177287444824, 43.49698297933417, 0.0, 0.0, 1.0 
39.58825920515969, 46.114618793233184, 0.0, 0.0, 1.0 
54.622807023213056, 22.291670729286277, 0.0, 5.72580116447984, 1.3000000000000003 
21.460967610141704, 43.904081492556976, 0.0, 0.0, 1.0 
14.227274596236494, 6.970879759461585, 0.0, 0.0, 1.0 
37.21375855149546, 55.008154037834245, 0.0, 0.0, 1.0 
50.09640669276965, 55.34172276342522, 0.0, 6.307102148814598, 2.7000000000000015 
30.61012825265881, 44.145235438567966, 0.0, 0.0, 1.0 
44.951786446695415, 60.25336161641908, 0.0, 0.0, 1.0 
55.969267504595955, 33.812071268676696, 0.0, 4.299575699519778, 1.1 
12.100946238087076, 31.880406361532383, 0.0, 3.345153282810828, 2.7000000000000015 
26.579810761092286, 60.62112571505294, 0.0, 0.10482056977209672, 2.7000000000000015 
18.214907092289305, 47.25273487552596, 0.0, 7.2042750357960275, 2.7000000000000015 
10.497993567123789, 59.49122459596904, 0.0, 0.3408987953866482, 2.7000000000000015 
11.856817243408013, 47.78257384082056, 0.0, 0.0, 1.0 
5.916785266463237, 39.255857076255914, 0.0, 0.0, 1.0 
6.734834528977581, 9.096793122085195, 0.0, 1.6005506734349408, 1.4000000000000004 
11.395398207541238, 10.246837088462563, 0.0, 0.45046355008564837, 1.8000000000000007 
35.85446911182419, 27.633640279675642, 0.0, 2.7698209897340953, 2.7000000000000015 
32.15064348803722, 25.976625895427322, 0.0, 3.638099931194673, 2.7000000000000015 
21.767235621358783, 1.0998062125976729, 0.0, 0.0, 1.0 
40.07289411354963, 57.87331582771525, 0.0, 0.0, 1.0 
53.30497820164869, 36.093040763310924, 0.0, 0.0, 1.0 
26.75047572103902, 55.369910998886, 0.0, 0.7124694221999002, 2.7000000000000015 
35.92248115195329, 52.93698678450659, 0.0, 0.0, 1.0 
42.84944296866846, 7.090720393767449, 0.0, 0.0, 1.0 
11.956112981679366, 0.6427613280204847, 0.0, 6.1193803537988325, 2.100000000000001 
1.2063035255639212, 41.87417673772902, 0.0, 0.0, 1.0 
33.24025040917717, 29.95860022896759, 0.0, 3.2570410523831965, 2.7000000000000015 
29.99510152019903, 50.218226916103944, 0.0, 0.0, 1.0 
22.396502513161842, 58.3740229396876, 0.0, 6.7514798763831765, 2.7000000000000015 
8.50462522652176, 15.50361805856202, 0.0, 0.0, 1.0 
34.50040809833383, 0.9541374362221864, 0.0, 0.0, 1.0 
26.966452980138254, 52.017519895192265, 0.0, 0.0, 1.0 
48.055945072974026, 28.92800071450597, 0.0, 2.285323973411496, 2.7000000000000015 
57.872157941621666, 1.17474013799496, 0.0, 0.0, 1.0 
13.39430217853717, 45.26921455113749, 0.0, 7.073455771018765, 2.7000000000000015 
9.952266441871718, 48.551627319155365, 0.0, 0.0, 1.0 
50.59495142522347, 51.142473893765484, 0.0, 0.7820882286748745, 1.7000000000000006 
12.504803263599099, 21.355918595594943, 0.0, 0.0, 1.0 
36.41809939701485, 0.49745104998799183, 0.0, 0.0, 1.0 
51.297500439671715, 58.047699258702096, 0.0, 6.106986269670668, 2.5000000000000013 
1.3890991626602303, 36.52020403818554, 0.0, 0.0, 1.0 
49.466164667104785, 36.15144050643375, 0.0, 0.0, 1.0 
50.43192272144272, 25.162642535592642, 0.0, 3.4640684647842908, 1.8000000000000007 
53.42348486344081, 53.06705759975902, 0.0, 0.560601989422428, 2.7000000000000015 
21.130723955453995, 40.52038370968701, 0.0, 0.0, 1.0 
59.49831647911484, 15.908065313666468, 0.0, 0.0, 1.0 
21.889599699810603, 39.00063325304334, 0.0, 1.2847351435446852, 2.7000000000000015 
47.203241241897665, 52.160971449335996, 0.0, 6.832155635122974, 2.7000000000000015 
10.23856159955108, 30.433864760868744, 0.0, 0.0, 1.0 
7.957544886514399, 53.41407400942087, 0.0, 0.0, 1.0 
15.617250455787513, 54.32850325861847, 0.0, 0.0, 1.0 
36.54244983761216, 38.09793540202661, 0.0, 0.0, 1.0 
36.680198278831746, 41.9277524408343, 0.0, 0.0, 1.0 
46.174611452704774, 30.51048782862747, 0.0, 4.134245264218299, 2.7000000000000015 
49.0891907190927, 4.949042050073714, 0.0, 0.0, 1.0 
52.73846195541416, 0.10756435698563327, 0.0, 0.0, 1.0 
39.626064106761135, 40.6370664353716, 0.0, 0.0, 1.0 
1.6401867401559105, 25.823013355226752, 0.0, 1.3891716518652109, 2.4000000000000012 
40.550043088051524, 11.948959399402046, 0.0, -1.237138022628229, 2.7000000000000015 
44.31125528275551, 6.0547540089291045, 0.0, 0.0, 1.0 
36.08314886271516, 19.10345708123152, 0.0, 2.9978973516598924, 2.7000000000000015 
39.07102829623689, 38.64799826408262, 0.0, 0.0, 1.0 
20.92661769238816, 15.807364493482776, 0.0, 6.458515741201514, 2.7000000000000015 
49.58159073166552, 26.356883245912357, 0.0, 3.6501749380230093, 2.7000000000000015 
39.09000699809508, 44.11394223176342, 0.0, 0.0, 1.0 
58.0400361388998, 50.95939124585475, 0.0, 0.0, 1.0 
44.35487170261419, 2.592924770501754, 0.0, 0.0, 1.0 
46.95415612765359, 7.906534370091817, 0.0, 0.0, 1.0 
8.069248745969201, 36.07658664321207, 0.0, 7.7985786481558055, 2.6000000000000014 
45.806785511908735, 53.1696121118735, 0.0, 6.326960526462589, 2.7000000000000015 
44.607822977065666, 50.74555175565883, 0.0, -0.007893139780486249, 2.4000000000000012 
56.887363249888764, 46.18115518638046, 0.0, 0.0, 1.0 
35.169732438405, 26.414919918675317, 0.0, 2.4436085914020778, 2.7000000000000015 
41.881889645343534, 34.962657239445655, 0.0, 3.047761217999929, 2.7000000000000015 
37.20807359212216, 56.68795325622344, 0.0, -0.5776112531867003, 2.7000000000000015 
40.56989319962814, 36.9966953359096, 0.0, 4.7342180146585715, 1.3000000000000003 
25.278962436943026, 57.20255791327842, 0.0, 0.22118198604070585, 2.5000000000000013 
55.551982790533, 44.60362531989013, 0.0, 0.0, 1.0 
21.00748590659119, 54.47087599943855, 0.0, 0.0, 1.0 
34.205806436299994, 9.322994331020219, 0.0, 0.0, 1.0 
24.40306756935448, 45.75251386174624, 0.0, 0.0, 1.0 
34.543993605602616, 21.954216126279043, 0.0, 4.396389610842591, 2.7000000000000015 
7.22453422142713, 16.793736473439747, 0.0, 6.086529318258949, 1.3000000000000003 
31.044747498428105, 37.34345461171362, 0.0, 0.0, 1.0 
11.598529565417694, 57.72936041193536, 0.0, 0.5837365538154756, 2.7000000000000015 
18.395533213669665, 37.212058447570406, 0.0, 4.701784381229003, 1.1 
23.23008701507627, 15.5197824906403, 0.0, 0.45048905009390944, 2.7000000000000015 
11.016670833719546, 13.313178938844834, 0.0, 0.3362307828623203, 2.7000000000000015 
46.8141310790995, 42.92113582472548, 0.0, 0.0, 1.0 
29.16168763006296, 41.966870019142235, 0.0, 0.0, 1.0 
20.008307152907935, 53.22993596832191, 0.0, 0.0, 1.0 
25.660878621266175, 15.783627068150706, 0.0, 0.4349054932917978, 2.7000000000000015 
29.66609924743667, 38.31632773046803, 0.0, 1.5402125063376615, 2.7000000000000015 
35.647269128376166, 40.622529727749374, 0.0, 0.0, 1.0 
10.553666627446452, 50.51928771215545, 0.0, 0.0, 1.0 
57.23592531795297, 35.53760869052596, 0.0, 0.0, 1.0 
7.135034300103855, 24.685747245649328, 0.0, 3.7646778741726195, 2.200000000000001 
60.348630154992655, 54.38170164006572, 0.0, 6.754775832063261, 2.7000000000000015 
35.30554927437953, 60.22403711575513, 0.0, 0.0, 1.0 
5.352402681526502, 35.76320794097626, 0.0, 0.0, 1.0 
59.574665888489335, 44.06457759591938, 0.0, 0.0, 1.0 
57.47135858963037, 17.52283107441295, 0.0, 6.0374239706595345, 2.7000000000000015 
16.159609567192526, 32.98760055413358, 0.0, 0.9554483255998908, 2.7000000000000015 
58.55591340947335, 52.56612094426531, 0.0, 0.3989432693057028, 2.6000000000000014 
17.878717786986652, 33.75682082713401, 0.0, 1.3876855466301572, 2.7000000000000015 
21.98534522690636, 5.799299124558287, 0.0, 0.0, 1.0 
57.56575011163493, 18.912385400591567, 0.0, 5.6889321525121135, 2.7000000000000015 
29.196885469381, 55.30514958559618, 0.0, 0.0, 1.0 
52.310143482185715, 50.76878615128329, 0.0, 0.0, 1.0 
2.4878377024596965, 24.237711070717374, 0.0, 1.2653632672797694, 2.7000000000000015 
59.24055961654251, 35.20427847141693, 0.0, 0.0, 1.0 
17.43429469731301, 45.00191524117564, 0.0, 0.9149110995998752, 2.7000000000000015 
49.93054562907187, 10.799649726854014, 0.0, 4.860207162294437, 2.6000000000000014 
22.63988229073146, 45.52078214006381, 0.0, 0.0, 1.0 
20.554377420200954, 2.8056754996487245, 0.0, 0.0, 1.0 
54.53182918355216, 37.697247324578065, 0.0, 0.0, 1.0 
40.3447634849481, 17.18572679548801, 0.0, -0.366929756988188, 2.7000000000000015 
56.52719715677128, 37.39136877465468, 0.0, 0.0, 1.0 
58.13810383589041, 47.73612937585176, 0.0, 0.0, 1.0 
2.4483213333664433, 16.692484261098972, 0.0, 0.0, 1.0 
36.54801390930139, 20.44238023919595, 0.0, 3.297107758006613, 2.7000000000000015 
16.78567077846404, 40.7633375680964, 0.0, 1.2027070770688375, 2.000000000000001 
39.72244727552026, 19.86332700987263, 0.0, 2.0880805900456476, 2.7000000000000015 
9.88993675338521, 26.593799403846578, 0.0, 0.0, 1.0 
55.747120314673154, 39.35193630029426, 0.0, 0.0, 1.0 
14.056770798150351, 42.55370174553337, 0.0, 1.1396290037282895, 2.7000000000000015 
53.006570412728834, 5.00406443090031, 0.0, 5.155417957222783, 2.7000000000000015 
7.164215584593934, 45.831378557442164, 0.0, 0.0, 1.0 
13.524028789635773, 49.08269520961481, 0.0, 0.0, 1.0 
32.211850199841365, 38.952951930883216, 0.0, 0.1240431572203392, 2.7000000000000015 
51.72125480951498, 31.73407829255907, 0.0, 3.9012354295217966, 1.6000000000000005 
25.4674213442202, 0.584600395241455, 0.0, 0.0, 1.0 
11.787849622509796, 49.28990814292138, 0.0, 0.0, 1.0 
46.70411905227896, 48.36146762260595, 0.0, 0.0, 1.0 
44.948172279628686, 46.013641397092066, 0.0, 0.0, 1.0 
12.746717939335872, 60.454883138342396, 0.0, 6.202414602667987, 2.7000000000000015 
30.081049528374187, 2.4804554553224456, 0.0, 0.0, 1.0 
31.613860798743264, 60.789978235918795, 0.0, 0.0, 1.0 
49.42390155117741, 14.321254601706539, 0.0, 4.857232850302665, 2.7000000000000015 
48.385254562862045, 13.352267628017314, 0.0, 5.21564552016909, 2.5000000000000013 
8.862859721566718, 5.6944865514089855, 0.0, 0.0, 1.0 
23.157622640502108, 60.37039739632717, 0.0, 0.11190679646442714, 2.7000000000000015 
59.62722492574811, 6.940726062348954, 0.0, 0.17563338856178556, 2.4000000000000012 
9.08057930912852, 56.696034289927695, 0.0, 0.7244849299356346, 2.7000000000000015 
47.04725883469658, 50.504881901841365, 0.0, 0.765457506728954, 2.5000000000000013 
2.6234601207541797, 38.09619272169772, 0.0, 0.0, 1.0 
33.48115666795652, 54.11677396705323, 0.0, -1.1224717553834995, 2.7000000000000015 
42.38944496381655, 10.65795930792006, 0.0, -0.8968944846860417, 2.7000000000000015 
31.887424592626104, 40.567021990115315, 0.0, 0.0, 1.0 
17.530165181291224, 25.704741565770448, 0.0, 4.62654456122175, 1.5000000000000004 
48.33844031386989, 31.02274298315479, 0.0, 3.7731610935979516, 1.2000000000000002 
53.26970381130964, 30.6578306102842, 0.0, 1.6146282536922345, 2.200000000000001 
16.843700954558866, 38.14127413329229, 0.0, 1.389057681088865, 2.7000000000000015 
37.357153197495606, 47.2524772245653, 0.0, 0.0, 1.0 
53.78869018629183, 14.41938068394713, 0.0, 2.3980179621826947, 1.1 
40.936840928623994, 8.162996079282074, 0.0, -0.4995951161831187, 2.7000000000000015 
23.599286592499755, 47.32483216965165, 0.0, 0.0, 1.0 
21.4031014033824, 31.2374144249911, 0.0, 5.654524129904265, 1.5000000000000004 
5.355353778881582, 8.158797308270792, 0.0, 1.6192993044277517, 2.4000000000000012 
17.622155919312565, 8.002812428486777, 0.0, 0.0, 1.0 
14.109442177153772, 26.04259588222677, 0.0, 2.360103493904543, 2.7000000000000015 
44.27555623173995, 54.11173509763346, 0.0, 0.36283899587485235, 2.7000000000000015 
59.8407346877677, 17.926186394586814, 0.0, 0.0, 1.0 
52.5534587000977, 37.997073422771706, 0.0, 0.0, 1.0 
51.608646311616916, 7.800124851867929, 0.0, 4.596447068927266, 2.7000000000000015 
52.536286989777786, 12.802962681268623, 0.0, 4.797183707968102, 2.300000000000001 
43.04196461724564, 23.15341873701336, 0.0, 0.7873213247665762, 2.7000000000000015 
12.783618597793941, 37.55656092698221, 0.0, 1.729637756314118, 2.5000000000000013 
34.41687653997479, 18.385749081688033, 0.0, 2.746416222904983, 2.7000000000000015 
44.66978726849266, 28.131590222032674, 0.0, 3.475344781823673, 2.7000000000000015 
24.678965711695277, 36.72857903294427, 0.0, 2.258403520112412, 2.6000000000000014 
55.801739361364156, 57.1040757974656, 0.0, 5.934752720805833, 2.7000000000000015 
3.783960391497025, 57.51747527746685, 0.0, 6.653677476848068, 2.7000000000000015 
53.455033122192944, 55.66109707578285, 0.0, 6.354877072381587, 2.7000000000000015 
20.8629363834038, 48.291898156192964, 0.0, 1.0913780456373416, 2.6000000000000014 
36.966273803738574, 32.88301036327571, 0.0, 2.7296945287806174, 2.7000000000000015 
40.98752379011813, 60.372613659213854, 0.0, 5.579067414693323, 2.7000000000000015 
16.025383849797, 44.8196105880421, 0.0, 0.9246000941650021, 2.7000000000000015 
41.96642415625542, 20.134558096431018, 0.0, 3.0905546216548476, 1.6000000000000005 
33.086228122524794, 52.691230162160394, 0.0, -1.1237765596858433, 2.7000000000000015 
32.521566388363325, 1.260867503408875, 0.0, 0.0, 1.0 
36.61005151793169, 31.237919298064206, 0.0, 2.7926075279443094, 1.1 
30.470322454332916, 32.71299814196407, 0.0, 3.3698316860744946, 2.7000000000000015 
22.43351684476838, 50.97282303023674, 0.0, 0.9637848270771656, 2.7000000000000015 
10.766353050576202, 6.105201290768581, 0.0, 0.0, 1.0 
28.93894590125742, 34.78374364572691, 0.0, 3.3532774377853034, 2.300000000000001 
59.2911336008046, 3.154040303692231, 0.0, 0.0, 1.0 
35.57491132689904, 56.48971914184435, 0.0, -0.6738159163028744, 1.5000000000000004 
7.059773538225306, 6.75039013629203, 0.0, 1.9887051736967711, 1.2000000000000002 
49.80505037052622, 57.397873221207085, 0.0, 6.116481752980898, 2.6000000000000014 
5.299864928577636, 26.13274147332155, 0.0, 0.0, 1.0 
59.02055687553451, 56.91177931430248, 0.0, 6.530353901555733, 2.6000000000000014 
9.392012638229744, 36.59827096395449, 0.0, 1.3213935454048866, 2.6000000000000014 
18.48209353472811, 24.216633429168226, 0.0, 3.8425664849245686, 2.5000000000000013 
23.435441968207574, 29.20739263523062, 0.0, 3.9542061031944975, 2.7000000000000015 
40.804481575366914, 39.27575860669421, 0.0, 0.0, 1.0 
46.83466046282636, 60.52011452878507, 0.0, 0.0, 1.0 
23.50501467248051, 1.2628728288223512, 0.0, 0.0, 1.0 
16.925835843559973, 52.79387872389503, 0.0, 0.0, 1.0 
10.617901935571698, 37.020807715062276, 0.0, 1.4155213752304887, 2.7000000000000015 
15.69750056069536, 47.228852094551165, 0.0, 0.714208412064792, 2.6000000000000014 
52.05655858828143, 23.296262973787726, 0.0, 6.081525354013136, 2.7000000000000015 
59.21438852322779, 60.207789376801216, 0.0, 6.166818735082934, 2.7000000000000015 
59.88423076053105, 56.17227156692707, 0.0, 6.612456558753925, 2.7000000000000015 
4.108418394338119, 7.004080618358286, 0.0, 1.812949990834511, 2.000000000000001 
58.32116155649518, 9.912459001400657, 0.0, 1.7758941823048118, 1.2000000000000002 
26.216431723708247, 1.9353481771876588, 0.0, 0.0, 1.0 
23.5931013731928, 31.125799846827174, 0.0, 0.8853884201230275, 2.7000000000000015 
54.594925841392445, 32.182133806023124, 0.0, 0.0, 1.0 
43.54656436349348, 40.08742881066162, 0.0, 0.0, 1.0 
57.074170513311515, 57.770138010477176, 0.0, 6.087461115126329, 2.5000000000000013 
42.16017209963166, 49.62172990437112, 0.0, 0.34262770706789114, 2.7000000000000015 
30.816315867762338, 30.469093127757816, 0.0, 3.3331068906969286, 2.7000000000000015 
32.989504424753406, 33.84871024335191, 0.0, 3.3059860810189408, 1.2000000000000002 
33.322300171396954, 37.84811124474252, 0.0, 0.7499082010012579, 2.6000000000000014 
2.1856228433450546, 21.450868835410795, 0.0, 2.306753023981332, 1.8000000000000007 
24.00003159190174, 56.08926227832445, 0.0, 6.64125117589804, 2.7000000000000015 
23.056826858442204, 24.773682750006383, 0.0, 3.275462624665253, 2.7000000000000015 
6.855087664939019, 34.71904960891361, 0.0, 1.569986989844461, 2.7000000000000015 
12.613145710324378, 40.77459894421986, 0.0, 1.7225653064891204, 2.7000000000000015 
58.89587650473705, 54.88747414669261, 0.0, 6.6168603935196115, 2.6000000000000014 
18.68917909761903, 2.913408387638748, 0.0, 0.0, 1.0 
60.98164613852845, 10.223743111052753, 0.0, 2.0086353887073343, 2.7000000000000015 
8.458296219537205, 47.31490464974349, 0.0, 0.0, 1.0 
3.900631253231961, 39.62084693772699, 0.0, 0.0, 1.0 
33.388874727219736, 61.03371294709815, 0.0, 0.0, 1.0 
24.65713204988276, 51.78400495087631, 0.0, 1.156015612741573, 2.7000000000000015 
6.245434203949384, 53.023907014407804, 0.0, 0.0, 1.0 
16.862637308925958, 0.9746203358492967, 0.0, 5.8100378625099305, 1.7000000000000006 
19.56981244057687, 4.5096451048925195, 0.0, 0.0, 1.0 
17.469356685403124, 60.06061106470621, 0.0, -0.2919437476896616, 2.7000000000000015 
20.807107708709683, 51.17933202452883, 0.0, 0.5611064020061088, 2.7000000000000015 
21.63661860708034, 33.08655173824293, 0.0, 2.2322314377751282, 2.7000000000000015 
51.58491348479291, 28.73617040757818, 0.0, 0.5102175607473068, 1.9000000000000008 
45.14913621228666, 4.47268281695732, 0.0, 0.0, 1.0 
24.371330887282884, 48.72050707270905, 0.0, 0.0, 1.0 
50.50344891618794, 16.38958476855095, 0.0, 0.0, 1.0 
22.3646033304949, 36.08112939763206, 0.0, 2.07349270015373, 2.7000000000000015 
23.833944542827627, 19.023888294650234, 0.0, 0.0, 1.0 
48.51116327612094, 11.042932075118706, 0.0, 5.200447677250192, 2.4000000000000012 
35.66045579664987, 43.59670279277352, 0.0, 0.0, 1.0 
26.443697724825007, 43.70542729802535, 0.0, 0.0, 1.0 
25.164402860003868, 53.8633452961902, 0.0, 1.0275877195070655, 2.7000000000000015 
47.47997359213254, 9.883844089845539, 0.0, 0.0, 1.0 
11.395664039388725, 58.78946623920932, 0.0, 0.5199410334759407, 2.7000000000000015 
6.613735471578998, 30.60899441676717, 0.0, 7.30880475308465, 2.7000000000000015 
8.396377536996878, 20.633838031829697, 0.0, 0.0, 1.0 
27.39423229996722, 0.9279697137085964, 0.0, 0.0, 1.0 
2.4558642129988453, 48.45373152746715, 0.0, 0.0, 1.0 
4.055853413539342, 1.0423710371636272, 0.0, 5.829602613430926, 2.100000000000001 
25.242362840774856, 10.964732032510945, 0.0, -0.3370286027502432, 2.7000000000000015 
32.763326146595, 22.31559367677021, 0.0, 0.45616027969805595, 2.7000000000000015 
19.30295013520593, 39.0942322854052, 0.0, 0.0, 1.0 
8.484657060115685, 42.13211367774145, 0.0, 0.0, 1.0 
7.936350928696717, 2.565182600365006, 0.0, 0.0, 1.0 
20.282200346505554, 5.966791290357669, 0.0, 0.0, 1.0 
6.1629668680042835, 19.005702320571658, 0.0, -0.9137153236625236, 2.7000000000000015 
42.29459646730393, 18.56569455010135, 0.0, 2.7202530526268034, 2.7000000000000015 
51.332328082771, 18.06818583052313, 0.0, 5.889217714759889, 2.000000000000001 
10.495527520194734, 20.883517514918843, 0.0, 0.0, 1.0 
22.738665848088687, 52.98446115160529, 0.0, 0.8989166973857623, 2.7000000000000015 
35.54911488543993, 39.24015034522926, 0.0, 0.054794714583412805, 2.6000000000000014 
12.280202149945849, 55.49385793006708, 0.0, 6.780042989919119, 2.4000000000000012 
2.788728895301452, 32.659291319952345, 0.0, 0.0, 1.0 
6.5437088240667896, 42.4812384100076, 0.0, 0.0, 1.0 
0.8943882382930021, 13.05308324675298, 0.0, 2.1166801665996893, 2.5000000000000013 
22.862392385539252, 37.97122823508432, 0.0, 1.7509493752470937, 2.7000000000000015 
53.34489028758117, 1.8303709844410845, 0.0, 0.0, 1.0 
28.15867979852569, 53.54909305689396, 0.0, 0.0, 1.0 
28.834181427062706, 18.587222015873838, 0.0, 0.0, 1.0 
26.813718243555208, 36.33565173933891, 0.0, 5.448011245699009, 1.5000000000000004 
13.15460969439698, 43.42510661898629, 0.0, 1.08335119599773, 2.6000000000000014 
19.070012068802566, 45.470799139785505, 0.0, 1.0133422988253034, 2.7000000000000015 
15.91635112504788, 21.381599326176786, 0.0, 0.0, 1.0 
13.254204263688457, 9.138120079194024, 0.0, 0.0, 1.0 
25.160331240174372, 22.367041026415997, 0.0, 6.853393613228615, 2.7000000000000015 
11.86421433086515, 27.10071481382818, 0.0, 4.459013799256698, 1.1 
49.983000136014006, 20.288356450844923, 0.0, 0.0, 1.0 
28.70690591507761, 49.14703952275773, 0.0, 7.499799359104771, 1.7000000000000006 
26.166175106514476, 8.156887631946619, 0.0, 0.0, 1.0 
37.70204046519878, 25.751101315413568, 0.0, 2.63857382160931, 2.7000000000000015 
35.732614340440456, 5.329135405619257, 0.0, 0.0, 1.0 
42.956151383992484, 13.246654037634308, 0.0, 6.15342713417678, 2.7000000000000015 
28.357460247036315, 37.60975795665778, 0.0, 1.3721308817697995, 1.3000000000000003 
31.451201143168756, 53.016939632716245, 0.0, 0.0, 1.0 
33.891001770437796, 7.482586035044195, 0.0, 5.558532011761798, 2.7000000000000015 
48.24114885156049, 3.1264399192608345, 0.0, 0.0, 1.0 
43.82993095815715, 56.91583181585368, 0.0, 5.579384330291471, 2.7000000000000015 
3.33265611090755, 36.16159686215997, 0.0, 0.0, 1.0 
32.30238019474322, 59.412881143277716, 0.0, -0.5722493243732757, 2.6000000000000014 
50.25782834866256, 43.64578439667877, 0.0, 0.0, 1.0 
14.200798284681769, 20.391318683152328, 0.0, 0.0, 1.0 
49.03168044786226, 53.925852371130794, 0.0, 6.6348936697980925, 2.7000000000000015 
10.928048695355633, 15.80306070423769, 0.0, 0.0, 1.0 
43.850131530839775, 33.46682072229982, 0.0, 2.7633657620764303, 2.7000000000000015 
7.715913142849619, 18.672988823062635, 0.0, 5.203601105548426, 2.5000000000000013 
54.14536737441725, 48.4314347577264, 0.0, 0.0, 1.0 
57.57201514782249, 15.904149850191272, 0.0, 0.0, 1.0 
50.74006632496491, 37.77034083421237, 0.0, 0.0, 1.0 
16.23688835041511, 6.434705261943446, 0.0, 0.0, 1.0 
4.887618367633974, 1.91782270972498, 0.0, 5.731963913825995, 2.6000000000000014 
58.324258403526144, 42.51722953655466, 0.0, 0.0, 1.0 
60.91458172703833, 45.64465954335239, 0.0, 0.0, 1.0 
50.81295883188566, 41.67385227634757, 0.0, 0.6022534773337113, 1.1 
45.83003057966169, 34.50627706598488, 0.0, 4.248207959929321, 1.4000000000000004 
31.153656714918622, 47.2629543081533, 0.0, 0.0, 1.0 
56.966243061466685, 4.95501996768517, 0.0, 0.0, 1.0 
28.498371831491944, 56.1635352144464, 0.0, 0.568537277264377, 2.6000000000000014 
15.120593962987275, 9.948856569033062, 0.0, 0.0, 1.0 
51.40411198303643, 35.83105764044364, 0.0, 0.0, 1.0 
17.35489187880423, 54.732330541283844, 0.0, 0.0, 1.0 
27.246729508568777, 57.049414326400104, 0.0, 0.1251590970436236, 2.6000000000000014 
24.22343044400496, 58.58511196507649, 0.0, 0.5257168751803751, 2.7000000000000015 
12.734202827477391, 5.491209953874698, 0.0, 0.0, 1.0 
18.394353053290164, 50.390156849645564, 0.0, 0.0, 1.0 
4.577703703434573, 23.550902514411785, 0.0, 3.750894929843302, 1.9000000000000008 
11.313090438473024, 24.437232667309313, 0.0, 3.531402382573119, 2.7000000000000015 
57.96849507645474, 27.1079868805396, 0.0, 3.9378100206603945, 2.300000000000001 
28.66919135541818, 1.5316897694678262, 0.0, 0.0, 1.0 
23.41311596635015, 49.899749397712576, 0.0, 1.2929972276492867, 2.7000000000000015 
35.1999691232675, 14.437169546374674, 0.0, 1.2703301798361295, 1.2000000000000002 
5.8302357162435845, 31.8003491524548, 0.0, 1.2030377771602951, 2.7000000000000015 
39.43243035665983, 59.797788883779276, 0.0, 0.0, 1.0 
26.211968016976257, 12.673052329591407, 0.0, 1.51347190577477, 1.2000000000000002 
8.36021474953089, 8.940773581522112, 0.0, 1.9075242943194022, 2.7000000000000015 
13.975407795939939, 57.96646347243417, 0.0, 6.566106626698012, 2.6000000000000014 
44.692461682579115, 14.317109894201797, 0.0, 2.071899907223311, 2.6000000000000014 
7.775841049163415, 58.480912634725456, 0.0, 0.5847017519730575, 2.7000000000000015 
15.5009691590862, 28.769766056625496, 0.0, 2.0166297869223144, 2.7000000000000015 
19.515103001767045, 26.384221797177116, 0.0, 5.487263249600446, 2.7000000000000015 
61.10149549221264, 12.212269983931673, 0.0, 2.171068504113959, 2.7000000000000015 
40.90730698610513, 33.898700095114556, 0.0, 2.81982509651029, 2.7000000000000015 
36.599013240363675, 13.001243745140405, 0.0, 0.0, 1.0 
59.990530528177025, 51.36962427256085, 0.0, 0.0, 1.0 
41.840190198783084, 50.76655275121003, 0.0, 0.5261388164959563, 2.7000000000000015 
9.752168335684415, 34.34796699312286, 0.0, 0.16766860221394658, 2.7000000000000015 
27.99823233008325, 45.26813846689068, 0.0, 1.30831820505851, 2.4000000000000012 
37.926018469647666, 3.5792625712487953, 0.0, 0.0, 1.0 
34.83887990511274, 32.53208015714504, 0.0, 5.0408600628933495, 1.1 
3.0440895977885845, 14.28779101716909, 0.0, 4.221589852771263, 2.7000000000000015 
32.62008168796628, 14.077642790140644, 0.0, 0.0, 1.0 
33.2315888814089, 47.293904478299936, 0.0, 0.0, 1.0 
17.71132516773415, 4.3352873722431555, 0.0, 0.0, 1.0 
59.88360638328048, 58.108700379695044, 0.0, 6.235503393970413, 2.7000000000000015 
14.94568288720925, 2.9313575771052505, 0.0, 0.0, 1.0 
16.9973273247802, 43.026300989806764, 0.0, 0.9596223709418148, 2.7000000000000015 
39.02756594545761, 6.1979358694460585, 0.0, 5.637499392371857, 2.7000000000000015 
23.164568058030024, 43.978610178635044, 0.0, 0.0, 1.0 
42.23137168230611, 38.51239354921656, 0.0, 0.0, 1.0 
36.20732562716691, 28.875682114789367, 0.0, 2.988132691389012, 2.7000000000000015 
22.647175406529936, 33.81993055228133, 0.0, 2.2160716556809383, 2.7000000000000015 
19.91427076897855, 1.334644773675586, 0.0, 0.0, 1.0 
54.24080059404897, 58.54460534688631, 0.0, 6.3439183862316435, 2.7000000000000015 
2.178635736919235, 55.78033622224297, 0.0, 6.846338232561878, 2.7000000000000015 
29.95820642459847, 58.56195546340478, 0.0, -0.039431671226587146, 2.7000000000000015 
16.750455227889333, 2.553874987517915, 0.0, 0.0, 1.0 
59.26517812461159, 13.808044276877673, 0.0, 0.0, 1.0 
42.102810339499676, 52.4915216730571, 0.0, 0.34668664862376763, 2.000000000000001 
1.4891270848768836, 14.893527664162646, 0.0, 0.0, 1.0 
51.20774211843319, 56.363499138124475, 0.0, 6.312523257505651, 2.7000000000000015 
56.159965412041544, 20.913587729511825, 0.0, 3.2709757072906323, 2.7000000000000015 
16.21675745535636, 57.02547585330794, 0.0, 0.4111551561918379, 2.4000000000000012 
57.23091239990391, 53.30429175490503, 0.0, 6.640652826757731, 2.7000000000000015 
18.44212710060331, 53.47010304544591, 0.0, 0.0, 1.0 
18.85372023148009, 57.95138374917569, 0.0, 0.4713117755715803, 2.7000000000000015 
1.852290072007632, 28.35530792564717, 0.0, 7.098043302599747, 2.7000000000000015 
27.799332507073625, 32.515026688306534, 0.0, 3.771276757229111, 2.7000000000000015 
24.289632041699345, 42.81767967657127, 0.0, 0.0, 1.0 
24.393547777165264, 8.566080453198557, 0.0, 0.0, 1.0 
46.71672146392694, 55.44000466391004, 0.0, 6.287376343333375, 2.7000000000000015 
41.37886448157982, 4.942139187320672, 0.0, 0.0, 1.0 
48.54055525739199, 21.323315851760523, 0.0, 3.777984215090907, 2.7000000000000015 
19.781711998045253, 35.22998936469445, 0.0, 1.779812248113088, 2.7000000000000015 
14.196843410807777, 55.535363415522966, 0.0, 6.719521127584252, 1.7000000000000006 
8.363330129922751, 28.02041550209884, 0.0, 0.0, 1.0 
55.480828297944534, 11.270640859133389, 0.0, 0.0, 1.0 
7.734370679024845, 38.89954616396026, 0.0, 0.0, 1.0 
21.197404495589982, 26.44760990811515, 0.0, 2.5816591709341505, 2.7000000000000015 
16.80815034601689, 35.3357060582347, 0.0, 3.959498745133392, 1.8000000000000007 
3.7933691528675175, 50.010909890891384, 0.0, 0.0, 1.0 
23.77853135088717, 10.287179120180063, 0.0, 5.817592837122244, 2.4000000000000012 
4.426662133068586, 10.016589615700559, 0.0, 1.1033935911449086, 2.7000000000000015 
30.90725862092039, 1.1156258724517893, 0.0, 0.0, 1.0 
44.44634033177441, 35.884237194490346, 0.0, 5.100819047167669, 1.1 
43.58026527194976, 32.14073857913593, 0.0, 2.585833947539195, 2.7000000000000015 
35.492651512193284, 11.36484289223295, 0.0, 0.0, 1.0 
37.28237745113189, 43.8955049434573, 0.0, 0.0, 1.0 
51.862567436235096, 20.19615442449857, 0.0, 2.229533870602955, 2.7000000000000015 
43.06105000768591, 59.963786218247414, 0.0, 0.0, 1.0 
7.253910572264665, 51.23324491534339, 0.0, 0.0, 1.0 
14.91356093900671, 45.287814681853774, 0.0, 7.257139120950237, 2.7000000000000015 
4.096122458188427, 58.66350879142088, 0.0, 6.4781067554757925, 2.7000000000000015 
27.546840106402605, 58.208037789329154, 0.0, 6.317304447459733, 2.7000000000000015 
29.780192258029995, 13.94925052589604, 0.0, 0.0, 1.0 
39.948867217621476, 52.67798902723267, 0.0, 0.24506500621475258, 2.7000000000000015 
37.34347631516706, 60.220840378612394, 0.0, 0.0, 1.0 
42.880103718905794, 8.724292177931947, 0.0, 0.0, 1.0 
48.337227948849204, 44.18849965491229, 0.0, 0.0, 1.0 
59.437317341205635, 49.41900288902014, 0.0, 0.0, 1.0 
4.994398370251041, 16.138433580976784, 0.0, 2.7907222595471657, 2.7000000000000015 
26.451909122314035, 45.60954935478678, 0.0, 0.0, 1.0 
9.872135962626722, 41.58335577361117, 0.0, 0.9382553775914385, 2.7000000000000015 
28.870239637835393, 43.81984065969152, 0.0, 0.0, 1.0 
17.16084036831155, 9.990187041309722, 0.0, 0.0, 1.0 
45.44269576131387, 39.49393132021423, 0.0, 0.0, 1.0 
5.479545657829335, 21.698192765935456, 0.0, 2.447633081986379, 1.4000000000000004 
6.633689968441223, 37.356360454877084, 0.0, 0.0, 1.0 
45.65762407988968, 17.545335960963843, 0.0, 1.8753493424659957, 2.7000000000000015 
3.645422933010307, 18.977340068738325, 0.0, 0.6906119869072441, 2.7000000000000015 
38.420797226508874, 48.89870003801738, 0.0, 1.9255219403768549, 1.8000000000000007 
28.587973745086213, 51.579979991088074, 0.0, 0.0, 1.0 
46.16476038017913, 6.24957132413597, 0.0, 0.0, 1.0 
16.646871707966696, 0.04876664015521777, 0.0, 6.018005779004422, 2.7000000000000015 
47.485116123500156, 1.2882403153255804, 0.0, 0.0, 1.0 
51.60691771536144, 39.80971774195152, 0.0, 0.03193700839931961, 1.1 
58.96962387828051, 5.172051168474376, 0.0, 0.0, 1.0 
56.14919644782749, 54.098999522726544, 0.0, 6.861412296354195, 2.6000000000000014 
23.034666306092745, 14.113150998186658, 0.0, 0.40768016485704067, 2.7000000000000015 
52.57534276088027, 21.667916802940535, 0.0, 0.0, 1.0 
31.971500631204517, 35.57848392599773, 0.0, 0.0, 1.0 
5.1442773575114975, 46.191110701254736, 0.0, 0.0, 1.0 
13.76335292898145, 11.123497445785286, 0.0, 0.559228198842983, 1.3000000000000003 
47.52784677023957, 26.692505601501125, 0.0, 1.5988904574334943, 2.7000000000000015 
4.050778731857184, 30.40194298030722, 0.0, 1.0731081544040657, 2.7000000000000015 
29.888118134022104, 19.515867716369687, 0.0, 2.5592349752806434, 2.7000000000000015 
18.86642122720168, 29.263293291769653, 0.0, 4.893535620760095, 2.7000000000000015 
51.53239258200283, 45.27613856406041, 0.0, 0.0, 1.0 
23.99790397581019, 0.10199756137138757, 0.0, -0.14622367726398763, 1.8000000000000007 
30.99738291215034, 12.827089722949804, 0.0, 4.6473795090714, 2.4000000000000012 
27.863728789513438, 50.253484087327905, 0.0, 0.0, 1.0 
33.45329725024445, 2.722531028416589, 0.0, 0.0, 1.0 
24.88155962027609, 20.799989767530295, 0.0, 3.317620271390103, 2.7000000000000015 
17.77571851648062, 18.477665862351863, 0.0, 0.0, 1.0 
10.53084614232629, 39.92279718998966, 0.0, 1.3762783873042046, 2.7000000000000015 
4.634778324060079, 37.732971481079936, 0.0, 0.0, 1.0 
8.76690747579791, 57.81680515635855, 0.0, 0.619125150454806, 2.7000000000000015 
25.000236555770453, 44.335875385219886, 0.0, 0.0, 1.0 
1.4857053531984117, 5.070959774384824, 0.0, 1.3364287954533554, 2.4000000000000012 
7.312649594508114, 1.3321748298242952, 0.0, 5.7321085331522585, 1.7000000000000006 
14.686898993992598, 23.013390168295654, 0.0, 0.0, 1.0 
47.143786135505856, 4.763436014229076, 0.0, 0.0, 1.0 
36.11675994561972, 9.433366296007417, 0.0, 0.0, 1.0 
53.73328247977721, 39.61611668296116, 0.0, 0.0, 1.0 
50.271575785011194, 3.3726745069736697, 0.0, 0.0, 1.0 
8.25238567918275, 13.862669709148749, 0.0, 0.5000552525957608, 2.7000000000000015 
21.157338113545908, 52.61093914683762, 0.0, 6.975793225344549, 2.6000000000000014 
21.342298095735774, 7.667420616771286, 0.0, 0.0, 1.0 
11.51347093486067, 56.28313860264049, 0.0, 0.6997988508836857, 2.7000000000000015 
6.244757919394516, 14.627552130701824, 0.0, 0.11714714100491783, 2.300000000000001 
57.385383057205416, 49.41419142481191, 0.0, 0.0, 1.0 
38.80019733285664, 54.99090112272046, 0.0, 0.0, 1.0 
60.5093997314355, 36.85476846221771, 0.0, 0.0, 1.0 
11.62709365856643, 42.74809624494005, 0.0, 1.3880888277724395, 2.6000000000000014 
57.012884802628996, 40.955627573323085, 0.0, 0.0, 1.0 
29.758946388358353, 0.47271184352801215, 0.0, 0.0, 1.0 
55.58913894037564, 25.035113917459018, 0.0, 3.7155255013718644, 2.5000000000000013 
21.845248403097717, 19.033175749142345, 0.0, 0.0, 1.0 
8.933628560091003, 23.102921364108415, 0.0, 0.0, 1.0 
54.66413534971376, 54.684256174861936, 0.0, 0.34251359851193586, 2.7000000000000015 
11.252552805387488, 4.132753722974512, 0.0, 0.0, 1.0 
57.29471268411123, 14.05883935309803, 0.0, 0.0, 1.0 
20.74320317404962, 56.81657135818639, 0.0, 0.5325207111599106, 2.6000000000000014 
56.86004684422656, 29.53209290183017, 0.0, 4.130296303993847, 1.5000000000000004 
36.45872616290687, 22.081634864177406, 0.0, 0.4482314593434541, 1.4000000000000004 
20.52524989280638, 49.7258636390825, 0.0, 7.0603788655254425, 2.7000000000000015 
19.443461639501475, 7.752986917243748, 0.0, 0.0, 1.0 
21.349348133690306, 55.75441705283424, 0.0, 0.0, 1.0 
26.758299772601003, 26.494314305188954, 0.0, 3.8428692911422284, 2.7000000000000015 
9.188416052475064, 52.038959370771316, 0.0, 0.0, 1.0 
31.252482228186473, 17.42785717445299, 0.0, 0.0, 1.0 
31.225294275266283, 56.70970858653218, 0.0, 0.1880700693829618, 2.7000000000000015 
1.78412307017787, 19.62831625592122, 0.0, 6.371370833432909, 2.300000000000001 
4.9315598486754855, 56.939264801104606, 0.0, 6.891754229601432, 2.7000000000000015 
28.707511141156925, 3.354923847716185, 0.0, 0.0, 1.0 
25.011227503296567, 6.778357696329182, 0.0, 0.0, 1.0 
34.64076380438595, 42.102641461757244, 0.0, 0.0, 1.0 
57.96343937730427, 33.6018895066946, 0.0, 0.0, 1.0 
38.61599898520261, 0.4930886843542333, 0.0, 0.0, 1.0 
56.262513103927404, 31.34842864224626, 0.0, 4.104598085745832, 1.5000000000000004 
29.34140097972522, 59.95467894394361, 0.0, 6.199859036615522, 2.7000000000000015 
53.76393372940392, 56.87150160500828, 0.0, 5.977373690456917, 2.6000000000000014 
2.6968835343953965, 30.601647674719615, 0.0, 0.8138439233006166, 2.6000000000000014 
60.234563051514954, 26.337068422741428, 0.0, 6.935783286329098, 2.7000000000000015 
55.60088290856486, 51.42554790906849, 0.0, 6.865029954853631, 2.7000000000000015 
58.96150675819865, 29.52262072179436, 0.0, 4.434244486094485, 1.3000000000000003 
16.93242527915176, 49.302834075165116, 0.0, 0.0, 1.0 
4.657441943769979, 28.77920587549616, 0.0, 1.134520233267065, 2.100000000000001 
23.565708065688998, 23.55189007743585, 0.0, 3.2328943288826957, 2.7000000000000015 
9.348595002671964, 11.170037301833176, 0.0, 1.3921001883271058, 2.7000000000000015 
37.66380476540811, 40.13135628346667, 0.0, 0.0, 1.0 
41.08497118650915, 9.622135824677692, 0.0, 0.0, 1.0 
53.9570246742495, 51.84046751530391, 0.0, 0.0, 1.0 
0.47892880066934107, 43.74755737027575, 0.0, 0.0, 1.0 
31.711868094972104, 9.10698566418712, 0.0, 6.47621995775891, 2.6000000000000014 
27.46048169497552, 54.32340641663571, 0.0, 0.9525444550022452, 2.6000000000000014 
41.92654827133167, 0.33548035173367974, 0.0, 0.0, 1.0 
0.07068192191760236, 34.93240694155272, 0.0, 0.0, 1.0 
11.95237431785515, 53.90663896474064, 0.0, 0.0, 1.0 
33.79336749144937, 56.38692446607952, 0.0, 0.0, 1.0 
52.73901413065109, 24.30463736338244, 0.0, 2.936251346174393, 2.7000000000000015 
60.203852070842956, 47.556968006372614, 0.0, 0.0, 1.0 
37.549154401385046, 5.269958778589552, 0.0, 0.0, 1.0 
39.10141817120215, 7.678823656150892, 0.0, 6.086775042603265, 2.7000000000000015 
41.50834949981643, 58.65025559151933, 0.0, 0.0, 1.0 
21.999810512817835, 46.879313739569156, 0.0, 1.071955298568268, 2.7000000000000015 
28.76258810401939, 6.332618146940225, 0.0, 0.0, 1.0 
42.9756575717212, 5.311834116057399, 0.0, 5.555604833072971, 2.6000000000000014 
33.80686653961975, 50.41591174487817, 0.0, 0.0, 1.0 
49.575945382482224, 45.72064420745426, 0.0, 0.0, 1.0 
23.611866820034326, 4.926351711256216, 0.0, 0.0, 1.0 
23.852868985425612, 52.790060649493434, 0.0, 1.1197460642859096, 2.7000000000000015 
46.03146726781367, 9.648784188150007, 0.0, 4.747775696008409, 1.7000000000000006 
48.9508158512313, 8.584615959401233, 0.0, 3.728886983196241, 1.2000000000000002 
27.81438059197628, 29.385560843280917, 0.0, 3.8674931356158275, 2.7000000000000015 
29.830355123983722, 7.736265260936402, 0.0, 0.0, 1.0 
23.657450179600836, 26.18628200774339, 0.0, 2.7711885918067987, 2.7000000000000015 
14.602985841641178, 61.0026772065075, 0.0, 5.75591810535677, 2.7000000000000015 
22.268096682620058, 12.1640698489918, 0.0, 0.0, 1.0 
19.797872646662178, 18.89999896537049, 0.0, 0.0, 1.0 
48.9130786827724, 32.68361024566816, 0.0, 3.110990832791558, 2.300000000000001 
36.50153788362615, 6.680057830864002, 0.0, 6.109105305987835, 2.7000000000000015 
16.921381811653607, 16.602085076685213, 0.0, 0.0, 1.0 
45.816661677315125, 37.45913252688244, 0.0, 0.0, 1.0 
25.192714071731285, 40.63439945907643, 0.0, 0.4984516140089565, 2.7000000000000015 
30.187664739574547, 29.114977936215617, 0.0, 3.244778897236395, 2.7000000000000015 
54.967006789539035, 1.6494420793423028, 0.0, 5.18241834523521, 2.7000000000000015 
43.751278710731626, 0.6930521045519057, 0.0, 0.0, 1.0 
1.7424597496797902, 45.32068035747622, 0.0, 0.0, 1.0 
30.942760292871508, 57.746561632093545, 0.0, 6.201872500082277, 2.6000000000000014 
5.87393364740585, 44.34439781331381, 0.0, 0.0, 1.0 
31.551345287377053, 20.79778531033734, 0.0, 3.3031180627091814, 2.7000000000000015 
12.868072955316828, 23.38543812767527, 0.0, 0.0, 1.0 
20.063640656119652, 24.023216815628484, 0.0, 3.8354629978346004, 2.7000000000000015 
12.214545538171196, 46.057853328498005, 0.0, 0.0, 1.0 
31.731038484487243, 10.33613473682114, 0.0, 6.1537995610028275, 2.7000000000000015 
27.930652625422606, 8.028048932226705, 0.0, 0.0, 1.0 
27.66758321547538, 17.37489375560856, 0.0, 0.0, 1.0 
39.27052801851139, 10.569696573393363, 0.0, 0.0, 1.0 
58.287917279250536, 31.54025280022073, 0.0, 0.0, 1.0 
44.516962844609175, 51.991449829617935, 0.0, 0.06799380305399538, 2.7000000000000015 
6.703100367334929, 58.956061151048885, 0.0, 6.804672589015217, 2.7000000000000015 
34.067086591694455, 5.688347696519975, 0.0, 0.0, 1.0 
13.845917433189815, 53.92717450375578, 0.0, 0.0, 1.0 
56.144448440626014, 47.97410788982983, 0.0, 0.0, 1.0 
26.02208408152011, 56.14122927385996, 0.0, 0.32465522508570605, 2.7000000000000015 
36.25858754321484, 3.658746607721812, 0.0, 0.0, 1.0 
47.80835700345903, 46.68410098435159, 0.0, 3.730679477824802, 1.1 
45.323197794783, 41.526505882619375, 0.0, 0.0, 1.0 
30.016777743269042, 54.45860066653079, 0.0, 0.0, 1.0 
20.601130900493427, 29.612037399840595, 0.0, 2.492503249750056, 1.1 
43.354698790707666, 21.613936260927773, 0.0, 3.426654089860152, 2.7000000000000015 
52.005428921367624, 54.518306443221526, 0.0, 6.532824607028337, 2.7000000000000015 
31.641068104557796, 55.89162370198076, 0.0, 0.3268630266304454, 2.300000000000001 
52.25963512291802, 48.76091544244128, 0.0, 0.0, 1.0 
20.436163262954498, 22.81105811066252, 0.0, 3.7313613821244473, 2.7000000000000015 
2.085494278018024, 34.571289521350806, 0.0, 0.0, 1.0 
17.697464437181683, 12.095103411705837, 0.0, 0.0, 1.0 
11.619195771152866, 39.5462009745738, 0.0, 1.588716590183289, 2.7000000000000015 
13.192121963435982, 30.689279233720978, 0.0, 3.0393514478638384, 2.7000000000000015 
9.879909301605908, 0.10735612325460331, 0.0, -0.11557841185171804, 2.7000000000000015 
48.72292730926691, 60.82610212747534, 0.0, 0.0, 1.0 
31.24696665570982, 15.513728752466765, 0.0, 0.0, 1.0 
43.57049095404563, 42.11940731473342, 0.0, 0.0, 1.0 
17.48843969227738, 22.55462615179522, 0.0, 3.19557365942277, 2.6000000000000014 
32.824025919556085, 42.31682892930273, 0.0, 0.0, 1.0 
15.257631471297946, 40.162979048443624, 0.0, 1.198129570974153, 2.7000000000000015 
57.36446805630403, 12.035544617348696, 0.0, 0.0, 1.0 
31.842194715428015, 45.77635403886167, 0.0, 0.0, 1.0 
38.29065109421067, 53.47504405751224, 0.0, 6.48853341683617, 2.000000000000001 
32.61263285565762, 6.392006819196435, 0.0, 0.0, 1.0 
26.114835915136826, 17.744023621573604, 0.0, 5.024047999898934, 1.2000000000000002 
54.323548104663104, 19.028897700924844, 0.0, 4.7266417454295695, 2.7000000000000015 
33.05963233134383, 57.675488868145614, 0.0, 0.0, 1.0 
40.41999566737541, 47.934151859630525, 0.0, 3.078062742040304, 1.2000000000000002 
57.40913374743341, 3.081938391936657, 0.0, 0.0, 1.0 
32.1610145878349, 12.059191412505156, 0.0, 0.0, 1.0 
14.838377433953058, 16.635353065799485, 0.0, 0.0, 1.0 
58.86825109333794, 45.94214466588712, 0.0, 0.0, 1.0 
53.94853217943859, 12.293923155604418, 0.0, 0.0, 1.0 
36.9537511605384, 51.92102091739084, 0.0, 0.31571370300998486, 2.000000000000001 
18.294051240411477, 6.084350143544756, 0.0, 0.0, 1.0 
15.272671704685491, 14.941260369204686, 0.0, 0.28337108225886626, 2.5000000000000013 
20.297743993039397, 12.452717482461921, 0.0, 0.0, 1.0 
38.58937316839888, 33.50131967830655, 0.0, 2.910062488104116, 2.7000000000000015 
25.653855855599012, 47.14204995367927, 0.0, 0.0, 1.0 
8.903956889401604, 50.11795274199922, 0.0, 0.0, 1.0 
46.20342973817853, 58.65989024314804, 0.0, 0.0, 1.0 
56.75624823055357, 55.784502775703146, 0.0, 6.1601311290723935, 2.6000000000000014 
15.750094275352614, 8.319249283768062, 0.0, 0.0, 1.0 
36.60999388833638, 48.81931989974321, 0.0, 0.0, 1.0 
28.042518198542517, 22.738422616415885, 0.0, 3.0512647528611896, 2.7000000000000015 
17.995951457900993, 40.4303898338039, 0.0, 1.4761104847233113, 2.4000000000000012 
55.007791847706585, 41.21081920133579, 0.0, 0.0, 1.0 
13.706160446339673, 18.37385348268119, 0.0, 0.0, 1.0 
24.063757079443437, 35.07189310153942, 0.0, 1.9066476761264928, 2.7000000000000015 
5.541638264067508, 12.70109741741923, 0.0, 0.7694962784013797, 2.7000000000000015 
32.32963904425955, 31.768323868376697, 0.0, 3.140898077761769, 2.7000000000000015 
41.59810063026674, 46.20681031201019, 0.0, 0.0, 1.0 
52.92407527898385, 41.43422796753349, 0.0, 0.3976845759449443, 1.1 
26.38124873916552, 50.59804964325584, 0.0, 2.153423281628399, 2.7000000000000015 
0.96419410050258, 60.55592047419381, 0.0, 7.025545164751347, 2.7000000000000015 
38.302652114736404, 16.35872415447763, 0.0, 6.29430019148633, 2.7000000000000015 
20.95730488622283, 36.126458455237376, 0.0, 1.646090372880875, 2.7000000000000015 
31.710913276147767, 7.691546062565205, 0.0, 0.0, 1.0 
44.68698438622463, 16.486830289765418, 0.0, 2.0332246818541106, 2.6000000000000014 
43.9952746112372, 38.013514483053, 0.0, 0.0, 1.0 
55.90753547284945, 2.951898263498483, 0.0, 4.8456714100227565, 2.7000000000000015 
33.6086000044793, 59.665720484897726, 0.0, 0.0, 1.0 
19.32777093367903, 41.0854040292678, 0.0, 0.0, 1.0 
29.107737900981647, 47.337875189946864, 0.0, 0.0, 1.0 
11.946031614160578, 19.41382040210223, 0.0, 0.0, 1.0 
55.57612830491017, 49.86747116545935, 0.0, 0.0, 1.0 
14.33922552512535, 50.95616449841211, 0.0, 0.0, 1.0 
30.447655630990955, 51.687385196886176, 0.0, 0.0, 1.0 
13.677294661425243, 47.30287864725677, 0.0, 0.0, 1.0 
7.87085992276879, 43.94703202720612, 0.0, 0.0, 1.0 
43.22025696665806, 44.83803228642589, 0.0, 0.0, 1.0 
11.087889084036364, 17.624692764816846, 0.0, 0.0, 1.0 
53.99916166631172, 34.158672826379394, 0.0, 0.0, 1.0 
32.43798198994755, 4.517338663990241, 0.0, 0.0, 1.0 
35.86062756579354, 50.452267218822584, 0.0, 0.0, 1.0 
1.032936270667503, 47.2334496318483, 0.0, 0.0, 1.0 
42.169136871266936, 43.141285689002025, 0.0, 0.0, 1.0 
57.76125734788027, 39.02177865239061, 0.0, 0.0, 1.0 
10.35236948197016, 46.686271209313105, 0.0, 0.0, 1.0 
31.434121024756998, 58.9566074121856, 0.0, -0.5390110454541988, 2.7000000000000015 
32.318881218978134, 44.097020346203045, 0.0, 0.0, 1.0 
3.140021779583147, 12.314369077572463, 0.0, 3.4577644901754563, 1.6000000000000005 
19.332644590744938, 55.06150022027369, 0.0, 0.0, 1.0 
12.702169873961106, 34.465251838941214, 0.0, 1.2265054418448926, 2.5000000000000013 
19.115562286790293, 32.78895964228493, 0.0, 4.752620869546239, 2.7000000000000015 
54.447718002121505, 4.382515878021133, 0.0, 5.132479296210778, 2.7000000000000015 
27.162619249399985, 4.661312721235828, 0.0, 0.0, 1.0 
33.17715127142271, 24.426172810004157, 0.0, 1.5667106824639443, 1.5000000000000004 
7.042664534051436, 26.614746651334634, 0.0, 0.0, 1.0 
20.387664325330974, 38.22547263897112, 0.0, 1.0228687868342985, 2.7000000000000015 
29.779148225864425, 45.712186103034185, 0.0, 0.0, 1.0 
37.303925862030745, 1.912298588949986, 0.0, 0.0, 1.0 
11.63732712085471, 2.1851761507969796, 0.0, 0.0, 1.0 
51.73199061366153, 53.177676862162265, 0.0, 0.5529494988922519, 2.4000000000000012 
20.465527501872593, 46.019240355626586, 0.0, 1.0174189873980413, 2.4000000000000012 
43.231532477037796, 46.88157329071327, 0.0, 0.0, 1.0 
46.38776982547834, 14.237071524479836, 0.0, 1.904014855523858, 1.5000000000000004 
26.958838861441542, 6.360569849790935, 0.0, 0.0, 1.0 
1.2560270275199406, 58.82343834043429, 0.0, 6.245743070875001, 2.7000000000000015 
22.669453092271713, 8.914321267505146, 0.0, 0.0, 1.0 
11.05638801804498, 44.796625093887215, 0.0, 0.0, 1.0 
26.12765419518128, 53.35713803761875, 0.0, 1.1148418816456946, 2.7000000000000015 
0.44435504553099736, 18.06978174629204, 0.0, 2.103145015934761, 2.7000000000000015 
44.944976074697415, 11.360389711827837, 0.0, 4.9217250037581834, 2.5000000000000013 
37.80811248165857, 45.63018053747381, 0.0, 0.0, 1.0 
28.18503040050432, 13.087542419868921, 0.0, 0.0, 1.0 
38.59704054082037, 27.469329762079756, 0.0, 2.7964493661356697, 2.7000000000000015 
17.801933126981215, 15.033832279015032, 0.0, 0.5087365405143323, 2.7000000000000015 
40.681942166080255, 6.520715131180556, 0.0, 0.0, 1.0 
30.438142288140497, 48.67235850626378, 0.0, 0.0, 1.0 
15.614079769905654, 37.957833030394575, 0.0, 1.3030910978176353, 2.7000000000000015 
33.876064398866916, 45.714774580358835, 0.0, 0.0, 1.0 
8.559390782423419, 32.909121466383716, 0.0, 0.2996636568012035, 2.7000000000000015 
49.21415014083085, 34.38518720736833, 0.0, 3.018394000896297, 2.300000000000001 
19.731341767343096, 20.870143033048087, 0.0, 0.0, 1.0 
51.12656162336753, 5.232904708294166, 0.0, 0.0, 1.0 
27.065441732248853, 38.40200401475344, 0.0, 0.0, 1.0 
56.707667107707536, 59.03255031324553, 0.0, 5.886756597592766, 2.7000000000000015 
21.612474253116787, 4.248240135340356, 0.0, 0.0, 1.0 
23.248112459177765, 6.9577847193819995, 0.0, 0.0, 1.0 
47.71534158910347, 16.02110088862417, 0.0, 5.7009609390635525, 1.3000000000000003 
46.2861197276905, 2.925624739717366, 0.0, 0.0, 1.0 
30.596727453907, 4.178809924631606, 0.0, 0.0, 1.0 
15.941920413756945, 11.618298752860907, 0.0, 0.0, 1.0 
37.6689414738311, 35.761884448557645, 0.0, 3.529685468246143, 2.7000000000000015 
36.06028643751483, 7.856450687301394, 0.0, 6.080172685402645, 2.5000000000000013 
40.13818513635825, 32.06691935653517, 0.0, 2.873220672307485, 2.7000000000000015 
14.81609782197544, 13.13472447034911, 0.0, 0.0, 1.0 
22.923818958586935, 54.757927103690605, 0.0, 0.5808739839912085, 2.7000000000000015 
36.344818875333644, 58.53660699279553, 0.0, 0.0, 1.0 
5.784841045548197, 3.2274207739211245, 0.0, 0.0, 1.0 
29.521399350456132, 9.37468437864926, 0.0, 6.480706030771173, 2.7000000000000015 
12.503466217554701, 50.854002575955626, 0.0, 0.0, 1.0 
44.632377466881216, 9.264104568298485, 0.0, -0.7863187952684327, 2.7000000000000015 
25.353642162905125, 3.718437158353444, 0.0, 0.0, 1.0 
22.183834410384197, 2.4792423103690195, 0.0, 0.0, 1.0 
59.96419883687878, 33.354629990908954, 0.0, 0.0, 1.0 
35.2848905271212, 47.205190509773914, 0.0, 0.0, 1.0 
42.3494910333143, 2.119609533238121, 0.0, 0.0, 1.0 
17.934992155481055, 20.97391248583872, 0.0, 0.0, 1.0 
11.746871793373835, 36.19708825406809, 0.0, 7.829524361257904, 2.7000000000000015 
30.92361911242636, 42.36431950511233, 0.0, 0.0, 1.0 
2.2221047929449202, 54.30771166939659, 0.0, 7.191825230002269, 2.7000000000000015 
38.64668910190715, 12.505688768552961, 0.0, 0.0, 1.0 
20.34662239954524, 14.556537539205495, 0.0, -0.0742410182755989, 2.7000000000000015 
3.241616653400166, 41.535446607258585, 0.0, 0.0, 1.0 
15.24949049613068, 48.31718810817866, 0.0, 0.0, 1.0 
53.53489221318182, 44.89277665111685, 0.0, 0.0, 1.0 
28.173832342863115, 59.128766738105746, 0.0, 0.11948236039769373, 2.7000000000000015 
25.139887685861915, 50.23508740018878, 0.0, 0.0, 1.0 
52.235622623767945, 3.5450454882349955, 0.0, 0.0, 1.0 
54.72710197222841, 6.133287421961733, 0.0, 5.321403092287699, 2.7000000000000015 
12.832011259896614, 16.54715957887302, 0.0, 0.0, 1.0 
27.63767187404956, 41.95763524292059, 0.0, 0.0, 1.0 
53.34913717326374, 10.367815961836653, 0.0, 0.0, 1.0 
20.4179632453707, 58.056953652095, 0.0, 0.48123359107907837, 2.7000000000000015 
46.47324564959184, 32.85434807227759, 0.0, 4.083417727018288, 2.4000000000000012 
13.880967049281574, 59.065391988330404, 0.0, -0.2948372629329005, 2.6000000000000014 
38.49910386851889, 51.19043525596337, 0.0, 0.42716612574487844, 2.300000000000001 
34.51622004305081, 48.82660924472434, 0.0, 0.0, 1.0 
20.056873645767634, 44.02385414485368, 0.0, 1.0138314635869008, 2.7000000000000015 
41.79107846044901, 41.090308828645355, 0.0, 0.0, 1.0 
1.2215304981160737, 31.225670575588794, 0.0, 0.0, 1.0 
19.46667249531694, 47.55375842839379, 0.0, 1.0081283678724264, 2.7000000000000015 
50.895943501325874, 13.161625581836354, 0.0, 4.675380065679869, 1.1 
30.28469435050291, 40.421626489483906, 0.0, 0.0, 1.0 
55.04217374853488, 29.29538226949469, 0.0, 4.85473845446022, 1.5000000000000004 
37.31090186800403, 11.054480058379994, 0.0, 0.0, 1.0 
48.930031157588445, 38.14680163479068, 0.0, 0.0, 1.0 
7.612094092013351, 49.145442943239395, 0.0, 0.0, 1.0 
28.39145450880274, 40.04097030144421, 0.0, 0.0, 1.0 
24.21123713085324, 12.807709700200805, 0.0, 0.0, 1.0 
26.129267536190184, 42.262510610333294, 0.0, 0.5967468081735777, 2.6000000000000014 
2.840564008964819, 6.5619475626850345, 0.0, 1.685309658732909, 2.300000000000001 
30.87879909521624, 23.038214118744545, 0.0, 4.54812463741977, 2.7000000000000015 
59.058432849401505, 40.63539373362985, 0.0, 0.0, 1.0 
1.938519995008837, 39.97495803884949, 0.0, 0.0, 1.0 
43.13235085522462, 48.641540509068875, 0.0, 0.0, 1.0 
26.662344704861297, 40.215473129766636, 0.0, 0.0, 1.0 
40.133140365400294, 50.87528272295965, 0.0, 0.5533154968354158, 2.6000000000000014 
40.4567406931328, 1.3074220344510146, 0.0, 0.0, 1.0 
21.379145372826063, 9.822741943871568, 0.0, 0.9206145977001982, 2.7000000000000015 
19.95653227119076, 59.21836542776442, 0.0, 6.52218139788516, 2.7000000000000015 
16.86111869032982, 47.032951213789886, 0.0, 0.9686234414577775, 2.7000000000000015 
18.961152421698777, 16.956293161185496, 0.0, 0.0, 1.0 
56.369179711115095, 9.688499209123757, 0.0, 0.0, 1.0 
56.66336696392186, 60.89335926860121, 0.0, 5.024444104356749, 2.7000000000000015 
6.058319059729718, 60.55377890329657, 0.0, 5.979449596822177, 2.6000000000000014 
8.528795213011609, 31.14468235899475, 0.0, 0.7894742669300696, 2.7000000000000015 
5.0781589472538435, 33.09984647998652, 0.0, 7.187908506331939, 2.7000000000000015 
14.15575676987841, 36.804574954978385, 0.0, 1.3929721207807668, 2.7000000000000015 
15.341413980504026, 42.457713611246426, 0.0, 1.0257747977079479, 2.7000000000000015 
35.62282345444641, 35.8049574581504, 0.0, 3.770807498950156, 2.7000000000000015 
28.948114321001732, 31.28674534466791, 0.0, 3.2407542768229702, 2.7000000000000015 
43.513739380801916, 55.53335689245043, 0.0, 0.0, 1.0 
4.2749603051281015, 52.781205227353176, 0.0, 0.0, 1.0 
50.69499229163549, 61.10937933762497, 0.0, 0.0, 1.0 
48.83214319146185, 42.16482586327688, 0.0, 0.0, 1.0 
51.79168997043775, 33.71409031636085, 0.0, 3.7517467270306364, 1.5000000000000004 
10.34358247067661, 28.42172210723312, 0.0, 0.0, 1.0 
7.453388665740866, 4.3523343649358415, 0.0, 0.0, 1.0 
47.25896450026415, 40.94611033948273, 0.0, 0.0, 1.0 
55.61168578763051, 15.295613899468519, 0.0, 0.0, 1.0 
34.7906895043471, 16.296847801067237, 0.0, 0.7777385119845485, 2.4000000000000012 
26.080584743470364, 48.69901181059416, 0.0, 0.0, 1.0 
6.312748257439314, 11.359724443091443, 0.0, 1.1449457844821, 2.7000000000000015 
0.7764231348223886, 33.02417344754403, 0.0, 0.0, 1.0 
6.951633258090045, 22.553326974080033, 0.0, 2.6662568748243207, 2.6000000000000014 
49.013223980831796, 51.02597448973085, 0.0, 0.8179534433457735, 2.7000000000000015 
40.50560760484248, 54.1042253488735, 0.0, 0.0, 1.0 
23.766555037161186, 41.1833631552718, 0.0, 0.6222445119901657, 2.7000000000000015 
39.984153554330916, 14.562635978121616, 0.0, -0.6158496147041685, 2.7000000000000015 
31.77359869989556, 2.8614137846738315, 0.0, 0.0, 1.0 
57.60029456046226, 44.37327074772558, 0.0, 0.0, 1.0 
54.71410866952708, 60.70561703669826, 0.0, 0.0, 1.0 
51.447668569911016, 11.146539778431295, 0.0, 0.0, 1.0 
40.323847409492856, 55.898574537321316, 0.0, 0.0, 1.0 
18.317623853803127, 1.2291908035767878, 0.0, 0.0, 1.0 
29.080988235673036, 57.48794418279327, 0.0, -0.018112331296613528, 2.7000000000000015 
16.683514066837176, 51.156646547724314, 0.0, 0.0, 1.0 
9.46760963409499, 16.913817872631594, 0.0, 5.042506839822122, 2.5000000000000013 
33.274972826042834, 19.87464765324516, 0.0, 3.1930447033698863, 2.7000000000000015 
2.68373361555804, 52.01457928089282, 0.0, 0.0, 1.0 
13.161497843802023, 3.4202896871534234, 0.0, 0.0, 1.0 
1.7575876395164574, 50.2642577941382, 0.0, 0.0, 1.0 
18.377975378236197, 42.89536452770817, 0.0, 1.076694707249979, 1.7000000000000006 
14.289627403498274, 1.4280969957788592, 0.0, -0.31819498004128494, 1.8000000000000007 
27.955300933611383, 11.778983255747697, 0.0, 0.0, 1.0 
22.112403226094845, 59.36177252811103, 0.0, 0.2820026568711407, 2.7000000000000015 
26.727208359850454, 59.65002800945206, 0.0, 0.3468884672729407, 2.7000000000000015 
21.76894370057917, 22.07555851330111, 0.0, 3.4921169346122456, 2.7000000000000015 
35.62929656388062, 54.12263797575066, 0.0, 6.140789012244971, 2.7000000000000015 
44.72512205190304, 7.738350749312249, 0.0, 0.0, 1.0 
9.900128215558441, 53.93533133325613, 0.0, 0.0, 1.0 
0.7970168844854791, 56.18770880569885, 0.0, 6.765830497085843, 2.7000000000000015 
42.52121673658542, 36.550698172696556, 0.0, 0.0, 1.0 
55.5773771561264, 13.267365683123929, 0.0, 0.0, 1.0 
10.29554806021738, 8.136152654309813, 0.0, 3.478746905932481, 1.1 
14.274779975501968, 57.004036985994134, 0.0, 0.35061368705413615, 2.7000000000000015 
32.301084491390874, 18.542447267942983, 0.0, 2.3312388910913593, 2.7000000000000015 
37.99016242883819, 37.34702670866496, 0.0, 0.0, 1.0 
4.006732587692472, 34.271952697069835, 0.0, 0.0, 1.0 
42.86064070354517, 26.21706824304852, 0.0, 1.7516513969931868, 2.7000000000000015 
40.36012519336994, 42.5169535107531, 0.0, 0.0, 1.0 
9.686373590175702, 1.683784497855432, 0.0, 0.0, 1.0 
16.293008395872207, 19.741616322232044, 0.0, 3.2012790403551006, 2.7000000000000015 
10.874804732805277, 33.04468880657837, 0.0, 0.9308454776715966, 2.7000000000000015 
46.52904550245029, 44.99892818931137, 0.0, 0.0, 1.0 
2.8061478543291787, 59.687570938892826, 0.0, 6.249476657433419, 2.7000000000000015 
54.84125623188261, 46.520393813742466, 0.0, 0.0, 1.0 
22.707057119774767, 56.78222527666118, 0.0, 0.0, 1.0 
34.6936562361432, 58.2757423617316, 0.0, 0.0, 1.0 
49.13917653026732, 18.312124442628974, 0.0, 4.944586292826462, 2.5000000000000013 
38.432216208094815, 42.16353745753681, 0.0, 0.0, 1.0 
22.111776074137587, 48.84835620855702, 0.0, 1.1313940365001787, 2.7000000000000015 
4.7646617851722155, 17.745428710607932, 0.0, 0.06621468396234241, 1.6000000000000005 
33.656776926485726, 40.449055897558964, 0.0, 0.0, 1.0 
35.559987799005526, 34.302280565609976, 0.0, 3.2141041853731083, 2.7000000000000015 
5.243326279536521, 4.953647345261121, 0.0, 3.3797552827774995, 2.100000000000001 
5.7779338922640076, 49.5456070075687, 0.0, 0.0, 1.0 
56.27623612162365, 6.684180975518745, 0.0, 0.0, 1.0 
34.008066589066914, 12.6503089082013, 0.0, 0.0, 1.0 
35.107105291539824, 55.140999181878016, 0.0, -0.16621109811427642, 2.7000000000000015 
30.763617301565546, 5.895442524042136, 0.0, 0.0, 1.0 
38.63463473990315, 56.993699028453975, 0.0, 0.0, 1.0 
54.8986735261633, 16.86315613527327, 0.0, 6.3557231481082646, 2.7000000000000015 
50.01130813256285, 59.473417595145094, 0.0, 0.0, 1.0 
24.604545488369066, 59.7957067494157, 0.0, 0.3569381923567591, 2.7000000000000015 
0.24863046156950164, 49.15055271131881, 0.0, 0.0, 1.0 
35.898312685039194, 45.43402610226968, 0.0, 0.0, 1.0 
0.6658340705406004, 38.38960718293825, 0.0, 0.0, 1.0 
34.934443515419616, 37.40586666505432, 0.0, 0.0, 1.0 
26.427280869025793, 29.712479302026992, 0.0, 4.203114728201893, 2.7000000000000015 
3.0114126828535848, 27.407072571668305, 0.0, 1.3840582356272826, 2.200000000000001 
60.02591856590449, 8.59695784564001, 0.0, 6.079710296599501, 1.1 
51.754418535378484, 15.140870635486174, 0.0, 3.585498835077177, 2.7000000000000015 
37.90277655385686, 14.357671034490394, 0.0, 5.934921506286633, 1.7000000000000006 
33.81100603831492, 35.84885225775265, 0.0, 0.0, 1.0 
6.162236640218197, 56.55247239702525, 0.0, 0.5641566973707948, 2.7000000000000015 
50.169780919146994, 7.174942680796066, 0.0, 4.463804735019771, 2.7000000000000015 
34.0153643345631, 43.966916282240334, 0.0, 0.0, 1.0 
61.06921206865293, 40.31851407626077, 0.0, 0.0, 1.0 
42.674018058639355, 16.948516042917912, 0.0, 2.463535507428654, 2.7000000000000015 
28.58583347542237, 26.167086474797383, 0.0, 3.5095441890136994, 2.7000000000000015 
24.6074285428141, 2.212098157291072, 0.0, 0.0, 1.0 
11.075009050745631, 52.27198323792029, 0.0, 0.0, 1.0 
28.9691749923466, 60.82396060144981, 0.0, -0.20274883241319755, 2.7000000000000015 
24.493261725370637, 54.843125046449124, 0.0, 0.6260620875833204, 2.7000000000000015 
0.341404022356012, 25.361042855937733, 0.0, 1.3267591499877018, 2.7000000000000015 
1.7445233255440706, 2.523899061369815, 0.0, 0.07521631326219536, 2.7000000000000015 
47.878289772732735, 18.38050310891252, 0.0, -1.2605944413806167, 2.7000000000000015 
1.2294712455714591, 1.1606524206981892, 0.0, 6.609348998920714, 2.300000000000001 
16.85487871907583, 58.23882511708463, 0.0, 0.13958514095968358, 2.7000000000000015 
24.602325198534686, 17.17153725716419, 0.0, 0.0, 1.0 
42.05820200236244, 54.62744659371958, 0.0, 0.0, 1.0 
20.876476322647736, 17.337750836807107, 0.0, 0.0, 1.0 
14.498200282897452, 4.957952016256254, 0.0, 0.0, 1.0 
45.668583992365356, 56.97856871729877, 0.0, 0.0, 1.0 
58.52466438933301, 37.12709929734061, 0.0, 0.0, 1.0 
3.1523713121003287, 61.02036342388721, 0.0, 6.041198122599242, 1.4000000000000004 
40.87366196064184, 44.48998743838144, 0.0, 0.0, 1.0 
20.9907023053378, 27.903733841941055, 0.0, 2.938961641973308, 2.7000000000000015 
42.887858636436704, 15.074091840131805, 0.0, -0.8772604922027832, 2.7000000000000015 
20.2171604774205, 60.730339062762894, 0.0, -0.34584459730505795, 2.7000000000000015 
47.25812735880071, 54.39427005636553, 0.0, 6.506828614767596, 2.7000000000000015 
27.213709469008784, 2.9836683607999532, 0.0, 0.0, 1.0 
28.98709686067932, 4.88041951304871, 0.0, 0.0, 1.0 
12.155761303133918, 29.25443004182436, 0.0, 0.0, 1.0 
43.30350158227368, 11.507578107460775, 0.0, 5.567554434536727, 2.7000000000000015 
29.41656163609413, 52.94315603242387, 0.0, 0.0, 1.0 
49.343670734823135, 40.14471914836522, 0.0, 5.91447056330958, 1.3000000000000003 
44.20729181149435, 58.43408092549854, 0.0, 0.0, 1.0 
26.823457277255137, 9.558887548251217, 0.0, 6.278386074586162, 2.7000000000000015 
25.518354048977123, 27.428816176746516, 0.0, 3.446978427047097, 2.7000000000000015 
9.17212092865312, 38.93461666162862, 0.0, 1.230376494191865, 2.7000000000000015 
13.893325106397242, 39.659162708690985, 0.0, 1.4113813039750422, 2.7000000000000015 
16.788952260895854, 56.16431641136971, 0.0, 0.5193339034134886, 2.200000000000001 
2.5141558681205827, 43.438319434734574, 0.0, 0.0, 1.0 
51.437987825237535, 1.7105428040001511, 0.0, 0.0, 1.0 
34.6351563880515, 52.24207418954132, 0.0, 0.0, 1.0 
26.268602403323392, 34.35382152525538, 0.0, 2.5903117286578206, 2.7000000000000015 
38.15165194106733, 58.59039946715056, 0.0, 0.0, 1.0 
13.911238657620325, 28.152948252053253, 0.0, 0.0, 1.0 
10.943570706270666, 22.67284506325041, 0.0, 0.0, 1.0 
61.02613153287278, 29.702128786890725, 0.0, 0.0, 1.0 
9.349593833987687, 60.226017815557924, 0.0, 6.409595019749077, 2.7000000000000015 
6.447940170857989, 47.638544869454044, 0.0, 0.0, 1.0 
25.337140259176376, 38.83888047053379, 0.0, 0.0, 1.0 
59.71250293161424, 24.17510451092548, 0.0, 0.9481780109696498, 2.7000000000000015 
3.8350557821708393, 25.68648563724084, 0.0, 1.4710845252077631, 2.7000000000000015 
60.31661716116226, 31.481917942017876, 0.0, 0.0, 1.0 
13.098011716323105, 13.520571168080393, 0.0, 0.3670780069551242, 1.1 
59.39554446745293, 59.170190870598496, 0.0, 6.214091279233862, 2.6000000000000014 
28.30083728193467, 21.274156536874365, 0.0, 3.03234170777413, 2.7000000000000015 
61.016094962658485, 15.423613687858143, 0.0, 1.2944087678886362, 2.7000000000000015 
59.77963368640059, 38.70122638169223, 0.0, 0.0, 1.0 
41.85313846834521, 56.72593016132613, 0.0, 0.0, 1.0 
45.618146935417805, 1.021867250096646, 0.0, 0.0, 1.0 
29.72365203578233, 11.639939164791196, 0.0, 0.0, 1.0 
39.423933268802124, 4.458011855959894, 0.0, 0.0, 1.0 
59.32313176428126, 11.756304429037591, 0.0, 0.0, 1.0 
60.35695172006274, 20.148848656389998, 0.0, 0.2066326218081699, 2.7000000000000015 
54.27329658345679, 43.04674241179113, 0.0, 0.0, 1.0 
31.77826342359336, 50.14378593461161, 0.0, 0.0, 1.0 
20.082120221277066, 10.042404659344164, 0.0, 0.8126840454696437, 2.5000000000000013 
21.72564824473737, 20.650924186781378, 0.0, 3.6597408024614175, 2.300000000000001 
9.616706020138057, 24.959221995936065, 0.0, 3.500532481810796, 2.7000000000000015 
60.329848996699354, 42.212513476577314, 0.0, 0.0, 1.0 
42.946785941933975, 3.7761296325128515, 0.0, 0.0, 1.0 
18.49442838990676, 13.642342099930016, 0.0, -0.03732118463855756, 2.7000000000000015 
1.1955021495925895, 57.5578283988742, 0.0, 6.505461412940707, 2.7000000000000015 
55.263206467622645, 35.7644441462952, 0.0, 0.0, 1.0 
38.81820927776362, 35.04486096193968, 0.0, 3.523084544559741, 2.7000000000000015 
27.975418097766436, 10.59074249675976, 0.0, 6.01867814581224, 2.7000000000000015 
3.6253242264845578, 54.58307714854056, 0.0, 0.9753451988912367, 2.7000000000000015 
22.828830462048366, 17.236535566345353, 0.0, 0.0, 1.0 
52.80133833585786, 26.929541778770634, 0.0, 3.724334714398993, 2.7000000000000015 
25.313167159059972, 5.257682032170628, 0.0, 0.0, 1.0 
55.28001988271849, 27.256908642406735, 0.0, 3.549609828041453, 2.7000000000000015 
9.446571955014306, 3.7198002028859687, 0.0, 0.0, 1.0 
9.80833649852194, 19.151369172455272, 0.0, 0.0, 1.0 
5.379811871834292, 59.81015498324104, 0.0, 6.136058541002336, 2.4000000000000012 
56.29749795604577, 42.818456646929484, 0.0, 0.0, 1.0 
23.741039435305233, 38.96815759303943, 0.0, 2.2446604505664274, 2.100000000000001 
60.9150822769063, 28.08437752035766, 0.0, 6.80279346278746, 2.7000000000000015 
39.20119469299793, 2.4296408226515744, 0.0, 0.0, 1.0 
16.286471918283123, 23.991152167092512, 0.0, 0.0, 1.0 
5.237005825192333, 51.2634175253228, 0.0, 0.0, 1.0 
50.87906330525065, 47.27311640606442, 0.0, 0.0, 1.0 
33.6835092743119, 10.932482236227399, 0.0, 6.171214184129796, 2.6000000000000014 
49.480870887764496, 52.78876002966431, 0.0, 0.6380409922033917, 2.7000000000000015 
25.936036618406977, 14.511486175624286, 0.0, 0.3549417365621913, 2.7000000000000015 
3.1445455898177457, 46.611444821997736, 0.0, 0.0, 1.0 
44.89324783592246, 48.071302754576514, 0.0, 0.0, 1.0 
52.23857405371875, 43.317058734887894, 0.0, 0.0, 1.0 
19.374757818258413, 60.21891706796113, 0.0, -0.28949988599287024, 2.5000000000000013 
44.149261314002125, 19.41814165190528, 0.0, 0.0, 1.0 
53.385878099468066, 25.64130632157187, 0.0, 3.2954216543760904, 2.5000000000000013 
15.796786699944542, 18.258901754029292, 0.0, 0.0, 1.0 
22.37937143396955, 42.096328340607805, 0.0, 0.0, 1.0 
18.7656954867437, 51.786007380788526, 0.0, 0.0, 1.0 
12.232730554738753, 7.47170346076046, 0.0, 0.0, 1.0 
47.30121621443315, 38.89632323397106, 0.0, 0.0, 1.0 
0.13623303186661354, 53.57256686112002, 0.0, 6.974382442961401, 2.7000000000000015 
20.537267004988575, 42.26546251215917, 0.0, 0.0, 1.0 
26.152276092107602, 19.59986607207462, 0.0, 3.075030418139683, 2.7000000000000015 
47.49972078013789, 36.453016642867034, 0.0, 0.0, 1.0 
46.54407678446599, 18.568354252810348, 0.0, -1.1922519872937196, 2.7000000000000015 
4.535575789360907, 42.85783804761844, 0.0, 0.0, 1.0 
35.38815316827114, 2.242525708943662, 0.0, 0.0, 1.0 
5.137645985654924, 54.73095402157974, 0.0, 0.7637081241646183, 2.7000000000000015 
60.87580496988172, 4.42771880822348, 0.0, 0.0, 1.0 
28.13908586852496, 14.523728010513889, 0.0, 6.724638488624873, 2.7000000000000015 
18.976778702358253, 10.90397815559351, 0.0, 0.0, 1.0 
12.25424422737, 11.982793165666049, 0.0, 0.27707519853133217, 2.5000000000000013 
32.657079110489754, 27.633482721907274, 0.0, 3.534632765377489, 2.7000000000000015 
