position_x,position_y,position_z,orientation,aspect_ratio
58.43665968087683, 47.927228862697326, 0.0, 0.0, 1.0 
45.380104366144394, 44.25521443780476, 0.0, 0.0, 1.0 
18.963828790671993, 15.134726185225965, 0.0, 0.0, 1.0 
25.885819418442324, 0.7986745132195104, 0.0, 0.0, 1.0 
12.462748112264768, 49.200732462512434, 0.0, 0.0, 1.0 
53.06099479968673, 5.206978087157202, 0.0, 0.0, 1.0 
60.872176489300806, 24.376055127988383, 0.0, 0.0, 1.0 
9.684639777736676, 11.227561317607487, 0.0, 0.0, 1.0 
23.856196894872262, 19.820787608387924, 0.0, 0.10715788325644304, 1.7000000000000006 
59.77284768141621, 3.4208735847513516, 0.0, 0.0, 1.0 
44.422005269501454, 32.59049882230659, 0.0, 0.9810271588208316, 2.7000000000000015 
36.26824124424967, 44.240639816119035, 0.0, 0.0, 1.0 
11.524000744540702, 32.31244695658267, 0.0, 0.0, 1.0 
0.878963800328478, 6.039728340643722, 0.0, 0.0, 1.0 
6.821407721528102, 19.313040850590788, 0.0, 0.0, 1.0 
58.76386400242812, 43.714219859158646, 0.0, 2.2807457039946537, 2.5000000000000013 
60.46677533204775, 48.26181037604793, 0.0, 0.0, 1.0 
54.89946614326009, 5.6788551988309806, 0.0, 0.0, 1.0 
52.20983918322926, 29.573498376531134, 0.0, 4.382519030240444, 2.7000000000000015 
35.83805862686652, 5.278957461800179, 0.0, 0.0, 1.0 
20.334211428279993, 29.420571770060715, 0.0, 0.0, 1.0 
41.43503711328926, 13.530488525936853, 0.0, 1.6406279772611159, 1.2000000000000002 
39.142437916335, 36.05419040442676, 0.0, 1.4547597600615483, 2.7000000000000015 
48.84067812543728, 25.218777125401957, 0.0, 0.0, 1.0 
51.08784723436456, 40.65742504390486, 0.0, 3.208332925453877, 2.7000000000000015 
30.109782970821293, 17.016136013600082, 0.0, 1.345493750855967, 1.3000000000000003 
19.298610768487986, 43.42707597051734, 0.0, 0.0, 1.0 
12.377779101295618, 21.814365074322343, 0.0, 0.0, 1.0 
10.415090299384742, 58.44583275194826, 0.0, 0.0, 1.0 
43.07614620398053, 59.126414359216824, 0.0, 0.0, 1.0 
48.92794275708508, 47.9027766917671, 0.0, 1.6161282585137557, 2.7000000000000015 
6.521068173186279, 44.00225049654254, 0.0, 0.0, 1.0 
42.19517977442011, 34.3559438242769, 0.0, 1.4880544797415998, 2.7000000000000015 
8.625219004284318, 20.186122432940085, 0.0, 0.0, 1.0 
46.207356761895184, 38.22271649838016, 0.0, 0.0, 1.0 
8.189426113364595, 34.15850928108672, 0.0, 0.0, 1.0 
20.154840178010783, 36.19359949098457, 0.0, 1.6889023754575403, 1.1 
61.00080343952013, 43.13090209319841, 0.0, 0.0, 1.0 
9.662774643409156, 60.36765383509682, 0.0, 0.0, 1.0 
9.770102813030855, 39.20400347673348, 0.0, 4.003577720973772, 2.7000000000000015 
2.996617605895957, 45.05848448635326, 0.0, 0.0, 1.0 
45.081157184358425, 52.48867464786969, 0.0, 0.0, 1.0 
56.46509434390923, 21.039194673940212, 0.0, 0.0, 1.0 
52.99608258118579, 59.188062612001204, 0.0, 0.0, 1.0 
29.285655903474737, 40.52485705539886, 0.0, 0.0, 1.0 
33.88345707543184, 5.838681074215868, 0.0, 0.0, 1.0 
20.217929057018377, 9.760468506772117, 0.0, 0.0, 1.0 
60.18375914690987, 53.488877194677734, 0.0, 0.0, 1.0 
32.505196765269496, 19.64490157437734, 0.0, 1.0398526844504583, 1.4000000000000004 
46.932690510347136, 50.3142241132026, 0.0, 0.9806568000326414, 2.7000000000000015 
55.83675448027134, 34.36645053713851, 0.0, 0.0, 1.0 
6.1062137643463155, 13.296044376943128, 0.0, 0.0, 1.0 
22.674904005581126, 7.246512527928975, 0.0, 0.0, 1.0 
55.68313970382338, 44.99256584736355, 0.0, 4.851957061304011, 2.100000000000001 
35.814270101612834, 34.70797694127324, 0.0, 0.9128836059130536, 2.7000000000000015 
4.501828538175649, 14.565727778507283, 0.0, 0.0, 1.0 
51.77136360422086, 8.628500610616555, 0.0, 0.0, 1.0 
24.19883672029766, 8.710699955100159, 0.0, 0.0, 1.0 
38.95250732926083, 32.688983656339566, 0.0, 1.5233174943135652, 2.7000000000000015 
37.17269363840667, 21.76290613909804, 0.0, 5.246740064897405, 2.7000000000000015 
53.242213749377825, 33.574546184371734, 0.0, 0.41597041098746856, 2.6000000000000014 
25.80605425375094, 49.379119510318034, 0.0, 0.0, 1.0 
18.060246893026395, 24.297366387132854, 0.0, 0.0, 1.0 
51.23549135979938, 57.415170902588955, 0.0, 0.0, 1.0 
58.66441425801535, 6.845814222083746, 0.0, 0.0, 1.0 
40.68945232649229, 0.3000521494875023, 0.0, 0.0, 1.0 
36.947057539759534, 17.778681192730918, 0.0, 5.001612270293197, 2.300000000000001 
23.140675632782752, 5.326984954437838, 0.0, 0.0, 1.0 
56.454519093458096, 53.524119488003734, 0.0, 0.0, 1.0 
34.738483846587215, 35.418605917374144, 0.0, 0.9811810074730822, 2.200000000000001 
44.99765897499407, 58.54328337449229, 0.0, 0.0, 1.0 
13.497341594759034, 14.735462942942327, 0.0, 0.0, 1.0 
9.670654697285615, 51.54483020068637, 0.0, 0.0, 1.0 
37.33727020794136, 6.646712063302556, 0.0, 0.0, 1.0 
53.41970359502973, 34.86663667903867, 0.0, 0.1658484972476128, 2.7000000000000015 
53.25815762893094, 7.21555483183391, 0.0, 0.0, 1.0 
40.27278750865964, 9.505339516702358, 0.0, 0.0, 1.0 
11.03767078457037, 0.7869382587386293, 0.0, 0.0, 1.0 
4.597207822998445, 35.44383941927593, 0.0, 0.0, 1.0 
21.05595683273977, 59.678431564279414, 0.0, 0.0, 1.0 
4.82941185266948, 16.562308891451078, 0.0, 0.0, 1.0 
37.52867585198786, 58.76667670848985, 0.0, 0.0, 1.0 
44.68969087336143, 25.35098325291033, 0.0, 1.5721510990262986, 2.7000000000000015 
24.699713760612045, 33.57398034106313, 0.0, 0.0, 1.0 
0.04457621360099319, 55.80127652239614, 0.0, 0.0, 1.0 
6.415939064590702, 33.666655621336425, 0.0, 0.0, 1.0 
34.036723533029125, 40.692871024580064, 0.0, 4.145616097977887, 1.1 
42.446476480673944, 37.70164841110824, 0.0, 1.3995495544443377, 2.7000000000000015 
41.40596142625758, 38.13895390426815, 0.0, 1.349096599020654, 2.7000000000000015 
56.317461838490765, 13.636678570478242, 0.0, 0.0, 1.0 
39.269311514090425, 6.146032581052348, 0.0, 0.0, 1.0 
38.37784150976671, 55.27092426543082, 0.0, 0.0, 1.0 
46.77257702257269, 55.476038680842464, 0.0, 0.0, 1.0 
40.229538173294614, 2.208710355499623, 0.0, 0.0, 1.0 
0.6246733265834665, 13.344642463170729, 0.0, 0.0, 1.0 
51.986109624363586, 53.44563690123075, 0.0, 0.0, 1.0 
55.65168563205827, 35.917275863936894, 0.0, 6.108055733407499, 2.7000000000000015 
28.45218602149663, 47.012804267050655, 0.0, 0.0, 1.0 
4.92872461162224, 22.47083172039226, 0.0, 0.0, 1.0 
2.303112802973878, 4.524976980753555, 0.0, 0.0, 1.0 
32.06793811620369, 33.755121760568144, 0.0, 3.6620272088462986, 2.6000000000000014 
34.30317787052115, 3.8541268489230553, 0.0, 0.0, 1.0 
29.31080867835615, 53.046939857583695, 0.0, 0.0, 1.0 
22.2712617929584, 36.09418009938435, 0.0, 0.0, 1.0 
30.84661130593951, 3.0552975481646607, 0.0, 0.0, 1.0 
11.413307583628875, 38.99340141183198, 0.0, 0.0, 1.0 
23.5945059355513, 3.3688160685672246, 0.0, 0.0, 1.0 
36.41280991461312, 40.43156669110718, 0.0, 8.554909969482148, 2.300000000000001 
33.97090032978095, 18.771572161748455, 0.0, 1.1628546461350469, 1.6000000000000005 
56.05558186027793, 50.08302685643131, 0.0, 0.0, 1.0 
42.620100265451775, 60.95832669521591, 0.0, 0.0, 1.0 
27.57946362382147, 54.15230311712552, 0.0, 0.0, 1.0 
56.29866539454263, 41.026555875927905, 0.0, 4.030378606059346, 2.7000000000000015 
26.291440199559485, 59.98390374399083, 0.0, 0.0, 1.0 
23.607870098161754, 55.14893509479457, 0.0, 0.0, 1.0 
34.5024098185753, 11.458871974176798, 0.0, 1.3045630784841786, 1.1 
7.786241458156981, 40.676443151654574, 0.0, 0.0, 1.0 
46.256699461161794, 41.11792029684436, 0.0, 0.0, 1.0 
18.63402389246701, 48.716485201817186, 0.0, 0.0, 1.0 
43.961693458184826, 21.356880303179484, 0.0, 1.590140601404005, 2.6000000000000014 
43.87332749885143, 45.54870013306372, 0.0, 0.0, 1.0 
1.337169053081161, 23.036530899367968, 0.0, 0.0, 1.0 
58.32930239636109, 45.95685858210722, 0.0, 0.0, 1.0 
16.066833776211233, 4.9764572509203395, 0.0, 0.0, 1.0 
38.33437013027084, 29.477019618956184, 0.0, 1.3782162132294336, 2.7000000000000015 
38.36232780708977, 10.125706632629177, 0.0, 0.0, 1.0 
49.33810369734355, 16.563107481306904, 0.0, 2.271828603405089, 1.4000000000000004 
55.62751267261496, 9.643084644651527, 0.0, 0.0, 1.0 
29.490911171192067, 9.054848578299191, 0.0, 0.0, 1.0 
3.520179836472542, 19.914137133624138, 0.0, 0.0, 1.0 
21.88142857109405, 13.290649501167787, 0.0, 4.014236466306028, 2.7000000000000015 
38.688808773507134, 0.8338559707765154, 0.0, 0.0, 1.0 
2.2304250802936956, 29.000857728789168, 0.0, 0.0, 1.0 
53.88220608839998, 11.23270033292984, 0.0, 0.0, 1.0 
43.36374419330062, 12.730355510054196, 0.0, 1.3094983094456754, 1.3000000000000003 
10.994162684235835, 26.703263864634287, 0.0, 0.0, 1.0 
23.415181362090728, 12.578304084062019, 0.0, 0.0, 1.0 
16.297597520298314, 29.85748321534371, 0.0, 0.0, 1.0 
42.3907270063839, 40.86222278249341, 0.0, 1.5218450335168316, 2.7000000000000015 
8.895534040301131, 24.039854550099864, 0.0, 0.0, 1.0 
44.175814367293334, 1.1434526357759123, 0.0, 0.0, 1.0 
55.527518360650646, 0.4023723987257477, 0.0, 0.0, 1.0 
9.006275719778936, 1.0486106612834054, 0.0, 0.0, 1.0 
53.220399000096506, 17.648194318952857, 0.0, 1.731097741277592, 1.4000000000000004 
52.11332465076014, 50.90730670298192, 0.0, 0.0, 1.0 
7.370663769142974, 27.147867773975854, 0.0, 0.0, 1.0 
16.41572485685687, 57.505755360557906, 0.0, 0.0, 1.0 
53.85916042118561, 45.01087087741633, 0.0, 0.0, 1.0 
11.886638057628666, 45.56964371342567, 0.0, 0.0, 1.0 
25.795156427686646, 36.792943303195536, 0.0, 4.573555130970987, 1.8000000000000007 
25.63707723525278, 54.685461018442375, 0.0, 0.0, 1.0 
41.09632539281907, 59.62826015012703, 0.0, 0.0, 1.0 
58.642841852530445, 32.78887638408753, 0.0, 0.0, 1.0 
25.272423631187987, 12.631299428330617, 0.0, 1.6284202213472514, 1.5000000000000004 
59.302397395688324, 55.288583328913695, 0.0, 0.0, 1.0 
5.32508264367852, 48.47539156147297, 0.0, 0.0, 1.0 
21.397298267268674, 43.09858872396829, 0.0, 0.0, 1.0 
28.637748440420186, 33.46151711297207, 0.0, 4.586477663048506, 2.7000000000000015 
52.82705201448844, 14.647424262820763, 0.0, 0.0, 1.0 
23.037263640320273, 51.649291382321856, 0.0, 0.0, 1.0 
14.048608460615657, 20.657103315499864, 0.0, 0.0, 1.0 
47.55793597071603, 30.47135212071327, 0.0, 1.7539028241821601, 2.7000000000000015 
55.523466713668626, 24.11627543690932, 0.0, 0.0, 1.0 
33.04894668464376, 35.62312181764731, 0.0, 3.791029814488023, 2.7000000000000015 
10.067660101880612, 2.739242271429327, 0.0, 0.0, 1.0 
41.87267941212761, 11.231440721420542, 0.0, 1.6292482984828953, 1.3000000000000003 
47.43029961366784, 40.38091015285426, 0.0, 1.4035887584218019, 2.7000000000000015 
57.02395694535059, 60.10611423492131, 0.0, 0.0, 1.0 
37.52459732545203, 14.08002375438426, 0.0, 0.0, 1.0 
18.241934290657202, 36.765486139916405, 0.0, 0.0, 1.0 
31.10495404633028, 39.117685497636174, 0.0, 2.026946518370629, 2.5000000000000013 
60.18894536648614, 5.4007471725822915, 0.0, 0.0, 1.0 
18.577241490859894, 40.21140264576434, 0.0, 0.0, 1.0 
12.203326477707764, 19.85040797007552, 0.0, 0.0, 1.0 
16.511822925316384, 7.515093640258759, 0.0, 4.0168280737490125, 2.200000000000001 
5.578492884669262, 60.90381809759858, 0.0, 0.0, 1.0 
47.41214085155271, 36.93219317101058, 0.0, 1.389988011597328, 2.7000000000000015 
25.428478008880834, 45.96888183061645, 0.0, 0.0, 1.0 
47.0481337118306, 3.9230508465739775, 0.0, 0.0, 1.0 
20.17496677515892, 2.483728495776078, 0.0, 0.0, 1.0 
18.320791183739967, 29.68896742641697, 0.0, 0.0, 1.0 
15.14827543975406, 0.019940565594376687, 0.0, 0.0, 1.0 
36.266464655230685, 3.26463592766498, 0.0, 0.0, 1.0 
42.22720796600126, 54.56488554014237, 0.0, 0.0, 1.0 
34.94240962595328, 9.26239431818422, 0.0, 0.0, 1.0 
36.20833500416916, 46.34963047985133, 0.0, 0.0, 1.0 
36.58505666485396, 53.88188007698678, 0.0, 0.0, 1.0 
2.9641017788456616, 15.90854687586042, 0.0, 0.0, 1.0 
56.084642707552575, 19.008656761310785, 0.0, 0.0, 1.0 
36.30643138316853, 15.847741793314617, 0.0, 0.0, 1.0 
22.53753380871906, 61.154537165083745, 0.0, 0.0, 1.0 
37.81297592824664, 36.00334195095396, 0.0, 1.0909162926352522, 2.7000000000000015 
49.19908531200029, 58.06024969924229, 0.0, 0.0, 1.0 
31.269486813223665, 44.2227528686946, 0.0, 0.0, 1.0 
14.460884705926098, 30.291772946855872, 0.0, 0.0, 1.0 
10.436399393751314, 49.373913679334464, 0.0, 0.0, 1.0 
41.30947884432935, 43.798962518160174, 0.0, 2.079292813864391, 2.7000000000000015 
51.88254888435343, 55.4923570173516, 0.0, 0.0, 1.0 
60.62072062668384, 59.18281045347658, 0.0, 0.0, 1.0 
25.083722063188173, 4.754557976377279, 0.0, 0.0, 1.0 
27.211230345622905, 43.372415360335076, 0.0, 0.0, 1.0 
58.02747113699143, 19.68953849668181, 0.0, 0.0, 1.0 
34.564550154840816, 53.879356767987815, 0.0, 0.0, 1.0 
24.642069788992163, 6.7573298810381885, 0.0, 0.0, 1.0 
48.44665200573389, 42.751782904682486, 0.0, 1.4402309596158565, 2.7000000000000015 
32.40424553962325, 4.4350851762379255, 0.0, 0.0, 1.0 
4.391541520895754, 31.536235879497266, 0.0, 0.0, 1.0 
41.331812092853085, 40.811114033769194, 0.0, 1.2630756078472467, 2.7000000000000015 
2.503810107782844, 31.010209403566094, 0.0, 0.0, 1.0 
51.90855419133511, 25.372951803567414, 0.0, 1.865398925823354, 1.2000000000000002 
35.47721409582495, 52.312334107911234, 0.0, 0.0, 1.0 
21.36597781924346, 19.536775738918266, 0.0, 1.4018723488493452, 1.2000000000000002 
36.857746242457644, 8.696402042151352, 0.0, 0.0, 1.0 
34.74757023654685, 16.824423994168075, 0.0, 1.4310284020229254, 2.100000000000001 
15.690196818329234, 50.723781122881945, 0.0, 0.0, 1.0 
48.50443339484957, 15.049112670670029, 0.0, 2.71058341359606, 2.7000000000000015 
15.345586070170436, 15.538492260219103, 0.0, 0.0, 1.0 
46.78804894525733, 53.60829483692901, 0.0, 0.0, 1.0 
2.5174309396200654, 38.26907189241097, 0.0, 0.0, 1.0 
1.7962122061089074, 9.980777623919389, 0.0, 0.0, 1.0 
51.082518905918334, 21.08553812408424, 0.0, 0.0, 1.0 
47.374806307401485, 17.753738221652867, 0.0, 1.7823400856412193, 2.7000000000000015 
4.203799101211329, 59.311449074833995, 0.0, 0.19044999181746075, 1.1 
29.067893435777258, 55.78039605716271, 0.0, 0.0, 1.0 
0.8507030750355145, 57.65269483589634, 0.0, 0.0, 1.0 
22.25699727775794, 53.61686565634568, 0.0, 0.0, 1.0 
57.63113849985502, 26.977101828028946, 0.0, 0.0, 1.0 
30.52553130448098, 12.433087257075444, 0.0, 0.0, 1.0 
54.202652795322905, 55.88801281459355, 0.0, 0.0, 1.0 
47.6671150543999, 2.053772528258893, 0.0, 0.0, 1.0 
3.5389236391237326, 36.89332926410324, 0.0, 0.0, 1.0 
16.58919751926373, 48.926517483849594, 0.0, 0.0, 1.0 
8.203444877890172, 10.243123781631915, 0.0, 0.0, 1.0 
3.9641049968393314, 43.36413711879619, 0.0, 0.0, 1.0 
35.203442439333564, 61.14730617675136, 0.0, 0.0, 1.0 
6.956071663086195, 21.354930197206162, 0.0, 0.0, 1.0 
17.92562666997274, 4.740531384620951, 0.0, 0.0, 1.0 
13.75277382096769, 59.722716371712245, 0.0, 0.0, 1.0 
13.6605693686571, 16.724639899848196, 0.0, 0.0, 1.0 
59.49502799624326, 10.794669813801233, 0.0, 0.0, 1.0 
15.80957514125807, 19.49063376656058, 0.0, 0.0, 1.0 
31.46264740730344, 8.4297453445433, 0.0, 0.0, 1.0 
53.80656317591187, 26.67173732150887, 0.0, 1.1391890544770105, 1.3000000000000003 
52.859241315346225, 57.22142282765464, 0.0, 0.0, 1.0 
23.544128342732908, 46.31947191374386, 0.0, 0.0, 1.0 
6.646393062208967, 17.31614931569452, 0.0, 0.0, 1.0 
13.663295030838372, 50.89527652353361, 0.0, 0.0, 1.0 
50.719617268965614, 34.783585728178814, 0.0, 1.7003428366624782, 2.7000000000000015 
6.507326266859839, 50.16147925070902, 0.0, 0.0, 1.0 
22.210300975536796, 9.227996261522398, 0.0, 0.0, 1.0 
49.2933219203078, 37.75321966243119, 0.0, 2.6057039189164883, 2.4000000000000012 
18.40066421288066, 34.736258902640955, 0.0, 3.236322285813596, 2.7000000000000015 
22.47129520477096, 34.1385968427037, 0.0, 3.8093386396928612, 1.1 
6.936958876497175, 23.270805089950315, 0.0, 0.0, 1.0 
5.678214889711805, 3.547883195237659, 0.0, 0.0, 1.0 
17.21527883211584, 55.69187716712841, 0.0, 0.0, 1.0 
24.754940207648257, 58.56689844820845, 0.0, 0.0, 1.0 
33.1458667851763, 15.617207774922532, 0.0, 1.2634840099946432, 1.1 
35.104868275762165, 23.040252543169075, 0.0, 2.166117802212482, 2.7000000000000015 
3.716005915715002, 3.1049274211319866, 0.0, 0.0, 1.0 
16.723956175391073, 33.324567978843405, 0.0, 0.0, 1.0 
43.167447159027084, 35.78241475616135, 0.0, 1.5859249387554444, 2.7000000000000015 
48.245551748380386, 23.362833095083314, 0.0, 1.7796888783635292, 2.200000000000001 
40.42915395916821, 52.35357648620436, 0.0, 0.0, 1.0 
58.57112027960592, 58.74100607526782, 0.0, 0.0, 1.0 
12.756468765795734, 25.573301842345604, 0.0, 0.0, 1.0 
11.693614183804296, 60.0258992701885, 0.0, 0.0, 1.0 
8.027883404842045, 14.1157971209932, 0.0, 0.0, 1.0 
55.23224280262463, 7.675490394935186, 0.0, 0.0, 1.0 
35.0419597284436, 50.6576275758552, 0.0, 3.3160890831887304, 2.6000000000000014 
54.112851969206446, 37.222838040892704, 0.0, 2.899807710571707, 2.7000000000000015 
18.687254481507953, 1.024711081552695, 0.0, 0.0, 1.0 
16.068024480501656, 54.128773138129574, 0.0, 0.0, 1.0 
30.194888085627273, 28.756458014766345, 0.0, 5.651228012403249, 2.7000000000000015 
1.0596536156390224, 15.264468667164364, 0.0, 0.0, 1.0 
42.12287918196661, 45.14497958019319, 0.0, 0.0, 1.0 
23.184985213836995, 57.12022507058184, 0.0, 0.0, 1.0 
52.36736958428907, 12.622344602657549, 0.0, 0.0, 1.0 
31.96579897430142, 6.450919899985894, 0.0, 0.0, 1.0 
43.37512568457237, 18.350064149593653, 0.0, 1.1286375925242242, 1.9000000000000008 
31.23438312678794, 42.32953281228375, 0.0, 2.4080775632432996, 2.7000000000000015 
38.98970823417969, 41.96306620587185, 0.0, 0.0, 1.0 
36.75466440866177, 1.3735071374960965, 0.0, 0.0, 1.0 
27.00678608285324, 12.134584879676538, 0.0, 1.512983877803224, 1.5000000000000004 
37.94659637402716, 57.01445855008683, 0.0, 0.0, 1.0 
53.23812794907287, 39.891176375339214, 0.0, 3.299252407135798, 2.200000000000001 
23.489707436265604, 42.76518267513818, 0.0, 0.0, 1.0 
1.6020397202273278, 0.40282869017405787, 0.0, 0.0, 1.0 
4.06325819613404, 46.8536622856413, 0.0, 0.0, 1.0 
46.161954666099284, 0.6836820147709017, 0.0, 0.0, 1.0 
43.569105695302426, 15.356435888830678, 0.0, 0.9866839675669041, 1.5000000000000004 
8.183551840535365, 2.818516663639775, 0.0, 0.0, 1.0 
49.81978694337425, 10.86088912875395, 0.0, 3.5568286440477612, 1.2000000000000002 
25.519270116654354, 2.8083752199050065, 0.0, 0.0, 1.0 
18.679522085977286, 8.160280394910203, 0.0, 0.0, 1.0 
55.93231352733084, 11.635326763417048, 0.0, 0.0, 1.0 
11.22557612259187, 4.42186762184745, 0.0, 0.0, 1.0 
6.238802152424248, 32.023727616830556, 0.0, 0.0, 1.0 
26.199797824524172, 19.83667970282498, 0.0, 0.7984947764736413, 2.200000000000001 
34.77144223736116, 1.9108341059371128, 0.0, 0.0, 1.0 
5.015727725744394, 41.945312498267626, 0.0, 0.0, 1.0 
27.83191173165066, 19.212990061136587, 0.0, 1.6018813384890238, 2.7000000000000015 
12.837491443825378, 52.739603624400736, 0.0, 0.0, 1.0 
61.09528451895496, 46.56269374443571, 0.0, 0.0, 1.0 
30.120901396140034, 46.40044079241449, 0.0, 0.0, 1.0 
54.988548985428686, 59.65097566255498, 0.0, 0.0, 1.0 
4.479712691909974, 50.324799464760645, 0.0, 0.0, 1.0 
45.38556847522299, 34.66176622150457, 0.0, 0.4878146935107452, 2.7000000000000015 
2.7640948338420457, 54.04596373236602, 0.0, 0.0, 1.0 
50.784460555278656, 17.886927804622033, 0.0, 0.0, 1.0 
38.57529553152272, 39.76173142547954, 0.0, 7.286478524186182, 2.7000000000000015 
34.12065736857751, 57.91679841680737, 0.0, 0.0, 1.0 
40.79684545290728, 46.891965619472515, 0.0, 0.0, 1.0 
22.860058500674345, 59.13362130731772, 0.0, 0.0, 1.0 
9.845943255424679, 36.17503295322753, 0.0, 3.214406720326663, 2.7000000000000015 
39.92349694453301, 56.5238328456538, 0.0, 0.0, 1.0 
59.79693147958351, 50.00750805298256, 0.0, 0.0, 1.0 
25.383724802685496, 31.62262602361134, 0.0, 0.0, 1.0 
58.9257734141434, 37.776249462193356, 0.0, 3.19522083450472, 1.8000000000000007 
22.952420918511134, 27.057117842513897, 0.0, 0.0, 1.0 
9.328222535294222, 27.833129488714185, 0.0, 0.0, 1.0 
59.25676102017279, 18.105607194328446, 0.0, 0.0, 1.0 
56.000609285698424, 29.706322785974624, 0.0, 0.0, 1.0 
26.255317189990706, 29.821927195573352, 0.0, 6.179568619047835, 1.2000000000000002 
45.183572847194654, 4.507742465508663, 0.0, 0.0, 1.0 
51.63011715010552, 44.71351097039777, 0.0, 2.1811073341701355, 2.7000000000000015 
7.643387892152512, 60.659556322933625, 0.0, 0.0, 1.0 
11.879675037775867, 2.8633079763028064, 0.0, 3.8474620467772764, 2.7000000000000015 
17.679590305322584, 42.03156367889602, 0.0, 0.0, 1.0 
45.564888709283515, 28.168257446936355, 0.0, 1.4301850429124932, 2.300000000000001 
21.628885137677813, 30.939286508980413, 0.0, 0.0, 1.0 
19.53373698010622, 46.85814891508821, 0.0, 0.0, 1.0 
37.17794846173546, 60.61706093969588, 0.0, 0.0, 1.0 
32.550114751500494, 56.57564627329169, 0.0, 0.0, 1.0 
32.78221261875347, 27.080115810510804, 0.0, 0.27502139364169487, 2.7000000000000015 
57.8859976541293, 2.83021780129519, 0.0, 0.0, 1.0 
10.465442211321653, 21.014056443518022, 0.0, 0.0, 1.0 
60.56123129515508, 7.424641624541995, 0.0, 0.0, 1.0 
7.946761548006888, 55.28811431970778, 0.0, 0.0, 1.0 
37.65947103278863, 26.201930100007353, 0.0, 1.4664364967760228, 2.7000000000000015 
2.2100021588865433, 11.969282576343291, 0.0, 0.0, 1.0 
3.2616668168206284, 23.741265851398676, 0.0, 0.0, 1.0 
56.752527636111495, 32.81163628174949, 0.0, 0.0, 1.0 
19.594229592550956, 25.942928417585907, 0.0, 0.0, 1.0 
57.994191096061215, 56.85299412398176, 0.0, 0.0, 1.0 
52.49291530294453, 36.10010819404178, 0.0, 6.101986869025208, 2.7000000000000015 
11.19816387033319, 56.57125002458631, 0.0, 0.0, 1.0 
40.19323186156124, 31.989290305206712, 0.0, 1.2563423388115096, 2.7000000000000015 
4.1095279737369985, 29.651325172121478, 0.0, 0.0, 1.0 
46.75386307002864, 51.93922332020474, 0.0, 0.0, 1.0 
3.2204689587729245, 8.570654988651611, 0.0, 0.0, 1.0 
10.051200120941022, 33.45111924179941, 0.0, 0.0, 1.0 
15.128666283409839, 7.459491008469014, 0.0, 4.188347500149408, 2.7000000000000015 
28.48569049112267, 15.413571617105063, 0.0, 1.1079106039969067, 1.4000000000000004 
44.18616595649505, 8.493351514214092, 0.0, 0.0, 1.0 
46.81880477638358, 45.39611285931368, 0.0, 1.4358808002002184, 2.7000000000000015 
60.50285587451148, 22.366733170937255, 0.0, 0.0, 1.0 
11.811186769061251, 35.11739920564221, 0.0, 2.9424881968998045, 2.5000000000000013 
8.308657086260917, 16.12895158567582, 0.0, 0.0, 1.0 
54.46698003523958, 3.713444675719881, 0.0, 0.0, 1.0 
23.54397592074575, 24.71678390454325, 0.0, 0.0, 1.0 
49.620537332850574, 21.94471589449367, 0.0, 4.568150233528026, 1.7000000000000006 
58.267634340970446, 4.81251930192655, 0.0, 0.0, 1.0 
39.526562772565214, 46.18865806211296, 0.0, 2.639718144955529, 2.7000000000000015 
43.05889766085524, 32.66617895342286, 0.0, 1.0874931744368725, 2.7000000000000015 
54.081723142988594, 50.492847450409016, 0.0, 0.0, 1.0 
16.449773240586886, 45.547816119722974, 0.0, 0.0, 1.0 
11.598586472305351, 51.04853633748195, 0.0, 0.0, 1.0 
43.43133892094945, 42.17191613167223, 0.0, 2.2198309995875216, 2.7000000000000015 
47.54821815558023, 43.948472246251015, 0.0, 1.2727741533689076, 2.7000000000000015 
11.287771900629554, 47.494331585594914, 0.0, 0.0, 1.0 
52.20036130410951, 41.81953483693286, 0.0, 2.8644039788525406, 2.7000000000000015 
36.850154427958536, 47.9136733391259, 0.0, 0.0, 1.0 
28.741971399989485, 23.150317442929698, 0.0, 6.601624684574349, 2.7000000000000015 
55.98498324645684, 56.37061422140283, 0.0, 0.0, 1.0 
37.78426837373466, 4.731892806019786, 0.0, 0.0, 1.0 
27.31582241610062, 38.290755021320905, 0.0, 4.442643532895038, 2.000000000000001 
44.310902343805566, 28.13179082356898, 0.0, 1.2944261715161787, 2.7000000000000015 
28.452375118350602, 28.663422397175083, 0.0, 5.289055131157814, 2.7000000000000015 
45.11908480352978, 42.41759393551925, 0.0, 0.0, 1.0 
28.0400467027158, 52.16178501477388, 0.0, 0.0, 1.0 
41.25724399533367, 5.561698049255769, 0.0, 0.0, 1.0 
12.24546489878127, 6.2289375445104875, 0.0, 0.0, 1.0 
31.430459636597885, 47.966619126564474, 0.0, 0.0, 1.0 
45.50676561013374, 46.29203095387897, 0.0, 0.0, 1.0 
53.72575462087469, 28.53242812547292, 0.0, 0.3432530278693693, 2.4000000000000012 
46.103276598066785, 7.903681751851467, 0.0, 0.0, 1.0 
57.92917883733788, 34.66752089144523, 0.0, 3.7627809959615535, 1.1 
33.23681624644739, 0.5115506587845716, 0.0, 0.0, 1.0 
40.0379521982141, 43.42308031611101, 0.0, 2.4058605530248953, 2.7000000000000015 
0.5804988956744157, 49.9451890875375, 0.0, 0.0, 1.0 
34.40371708932987, 47.375396042407424, 0.0, 1.9315113931969141, 2.7000000000000015 
8.587918226875415, 44.008387919666895, 0.0, 0.0, 1.0 
53.56302171516943, 61.07486055664962, 0.0, 0.0, 1.0 
32.26012801866206, 51.37823307927548, 0.0, 0.0, 1.0 
7.344341521242706, 4.312381368607314, 0.0, 0.0, 1.0 
20.790880919416477, 13.877508504556882, 0.0, 4.380561686167415, 2.7000000000000015 
49.247574445321504, 6.902905234515584, 0.0, 0.0, 1.0 
22.075162326289473, 1.9536539902677186, 0.0, 0.0, 1.0 
14.927740557353362, 34.78852364179338, 0.0, 3.004113500754777, 2.6000000000000014 
23.751335451315327, 30.35931921362073, 0.0, 0.0, 1.0 
14.703125904339814, 1.7300432442695406, 0.0, 0.0, 1.0 
37.81294405311229, 33.77793819048864, 0.0, 1.220216783160118, 2.7000000000000015 
0.798410757546206, 34.53374154850679, 0.0, 0.0, 1.0 
5.799857858334392, 40.357877088687395, 0.0, 0.0, 1.0 
3.9356734446816755, 55.78325662083815, 0.0, 0.0, 1.0 
30.148849632292066, 58.91571179561919, 0.0, 0.0, 1.0 
2.7326947324133033, 32.99038505313483, 0.0, 0.0, 1.0 
59.53325800415406, 27.707960988669363, 0.0, 0.0, 1.0 
58.95686972789179, 60.621470756953315, 0.0, 0.0, 1.0 
49.79779583024789, 60.39997821654072, 0.0, 0.0, 1.0 
20.97873636780307, 51.996597605104014, 0.0, 0.0, 1.0 
60.257694252696666, 14.71062117082343, 0.0, 0.0, 1.0 
12.81088840661873, 1.9602698944042123, 0.0, 0.0, 1.0 
29.749920185987097, 60.81516199070582, 0.0, 0.0, 1.0 
51.60191457465294, 19.426064214883077, 0.0, 2.9846971814126726, 2.4000000000000012 
23.890039588805404, 22.70832960874743, 0.0, 0.0, 1.0 
50.45068312697743, 39.22472827473374, 0.0, 3.4383199176003454, 2.000000000000001 
26.597881915026736, 47.468463246609325, 0.0, 0.0, 1.0 
32.06389060813936, 13.808022778852242, 0.0, 0.0, 1.0 
18.195598775046996, 2.869332306513518, 0.0, 0.0, 1.0 
8.124663995039048, 8.252624497392913, 0.0, 0.0, 1.0 
15.240073621312202, 43.961207104858595, 0.0, 0.0, 1.0 
57.21966479312044, 51.737147737446975, 0.0, 0.0, 1.0 
34.015000520217626, 21.56859875089871, 0.0, 1.4641149422301982, 2.200000000000001 
59.85464065264915, 12.77172245066044, 0.0, 0.0, 1.0 
22.856954498079833, 15.668049332388025, 0.0, 3.950891431278943, 2.7000000000000015 
6.619607600730604, 9.609933022931425, 0.0, 0.0, 1.0 
56.38161748309743, 4.274557818381416, 0.0, 0.0, 1.0 
53.99758555274802, 1.7313460210966123, 0.0, 0.0, 1.0 
45.20953537733708, 11.930995191046994, 0.0, 2.015998483913436, 1.1 
47.8824223050606, 8.47207918158648, 0.0, 0.0, 1.0 
38.4043873559061, 16.081976676192877, 0.0, 3.8651068753048636, 2.7000000000000015 
45.210430527525986, 21.693141296676085, 0.0, 1.6744635379347115, 2.200000000000001 
16.447317811106267, 40.44809553957222, 0.0, 0.0, 1.0 
2.863740982044444, 41.67161497375958, 0.0, 0.0, 1.0 
22.205895351986197, 41.19676198780991, 0.0, 0.0, 1.0 
11.523490402233952, 7.964929672335678, 0.0, 0.0, 1.0 
47.88705397727118, 47.251641345437385, 0.0, 1.5359532677368204, 2.7000000000000015 
12.005103404747667, 17.84510973140318, 0.0, 0.0, 1.0 
22.019815227286855, 23.467067976701646, 0.0, 0.0, 1.0 
23.10819830387445, 32.30903441256341, 0.0, 0.0, 1.0 
30.495917223502378, 51.82890947603728, 0.0, 0.0, 1.0 
48.8110977331589, 28.595030815769878, 0.0, 3.877321367429972, 2.7000000000000015 
2.052365610926964, 2.3667045875902533, 0.0, 0.0, 1.0 
11.5965147873707, 13.885352487510167, 0.0, 0.0, 1.0 
53.247933293729254, 54.453771884915426, 0.0, 0.0, 1.0 
39.516025905869235, 58.290415637229636, 0.0, 0.0, 1.0 
39.88432602918565, 15.212718058995703, 0.0, 0.0, 1.0 
1.922473257436611, 43.312751945557075, 0.0, 0.0, 1.0 
57.022268673337834, 22.943554169914115, 0.0, 0.0, 1.0 
13.321315379483188, 38.97844601891652, 0.0, 0.0, 1.0 
51.69483858072443, 60.76503672131756, 0.0, 0.0, 1.0 
22.34428757471213, 28.977566137624006, 0.0, 0.0, 1.0 
9.588945018665331, 7.377812531464705, 0.0, 0.0, 1.0 
43.43809675729032, 57.32084182383881, 0.0, 0.0, 1.0 
14.151253690101791, 37.31481085765181, 0.0, 0.0, 1.0 
61.09336747731368, 36.095931538891676, 0.0, 3.3976771085428226, 2.6000000000000014 
6.426291669971943, 7.593163731415501, 0.0, 0.0, 1.0 
9.262171234510932, 42.087608646498786, 0.0, 0.0, 1.0 
51.26747604799892, 37.650789419102146, 0.0, 2.7134156777953695, 2.7000000000000015 
36.4493578240488, 32.95239155366164, 0.0, 1.2817486317285085, 2.7000000000000015 
43.732837095261694, 53.52216158065575, 0.0, 0.0, 1.0 
26.146158650289287, 8.280069242584704, 0.0, 0.8756675701412947, 1.1 
60.85227357489487, 0.0035578336989741804, 0.0, 0.0, 1.0 
38.837276165372046, 8.1153809633686, 0.0, 0.0, 1.0 
3.7354843703497864, 40.1566112714425, 0.0, 0.0, 1.0 
9.224404146580047, 4.6107555182748845, 0.0, 0.0, 1.0 
17.50338149584606, 47.106760084911485, 0.0, 0.0, 1.0 
37.044468179438134, 41.50118394846927, 0.0, 2.3848423541681885, 2.7000000000000015 
0.8074778249789863, 41.54202110805623, 0.0, 0.0, 1.0 
31.688530594642884, 60.295965514003925, 0.0, 0.0, 1.0 
3.647936901689884, 52.18696079422014, 0.0, 0.0, 1.0 
15.434615260086085, 47.32446778855656, 0.0, 0.0, 1.0 
1.7140747878420883, 39.931488327910564, 0.0, 0.0, 1.0 
10.808060504349866, 53.10859769904995, 0.0, 0.0, 1.0 
24.417324179849825, 38.04481600718253, 0.0, 4.489475573527685, 1.4000000000000004 
27.570313912890565, 9.819892537448622, 0.0, 1.6998523853493113, 1.2000000000000002 
7.63677715401849, 51.809082685329805, 0.0, 0.0, 1.0 
60.16647343706694, 31.734653642038875, 0.0, 0.0, 1.0 
37.27089689214066, 42.8229475440699, 0.0, 0.0, 1.0 
26.20202607239332, 52.74577044122943, 0.0, 0.0, 1.0 
28.947473078820053, 11.205380232797783, 0.0, 2.1465370325422595, 1.2000000000000002 
14.39119777871399, 5.10944195184011, 0.0, 3.930183571395617, 2.7000000000000015 
28.737649590587317, 13.349502994942062, 0.0, 0.6144319787712446, 1.2000000000000002 
55.623423605814715, 26.047244231151513, 0.0, 0.0, 1.0 
27.34513190321647, 26.393761569366287, 0.0, 4.400946675539997, 2.7000000000000015 
29.339952985973845, 1.6357204409575494, 0.0, 0.0, 1.0 
20.95336087242746, 27.449061337664286, 0.0, 0.0, 1.0 
11.198225189863178, 28.542267079308086, 0.0, 0.0, 1.0 
55.57687392197564, 39.10339702390515, 0.0, 3.1731445295007794, 2.4000000000000012 
38.84386633584186, 47.540663624576815, 0.0, 0.0, 1.0 
58.31920358170884, 53.48505964438608, 0.0, 0.0, 1.0 
13.188689644076991, 56.2705560216752, 0.0, 0.0, 1.0 
11.51456846978995, 12.044327806363965, 0.0, 0.0, 1.0 
41.75211869836851, 53.07378280352857, 0.0, 0.0, 1.0 
30.064640365350993, 25.320241433619433, 0.0, 0.8824567373783537, 2.300000000000001 
9.55891728993622, 34.957762863661195, 0.0, 2.874368881850945, 2.6000000000000014 
42.61938600844911, 30.008691182150095, 0.0, 1.1993151189844855, 2.7000000000000015 
9.189711374739236, 56.86572403875919, 0.0, 0.0, 1.0 
9.8896081250693, 9.196289833176502, 0.0, 0.0, 1.0 
13.29940342816979, 47.34705445690096, 0.0, 0.0, 1.0 
50.56476908882553, 50.78449905199702, 0.0, 1.8020379330283456, 2.5000000000000013 
51.46449353220729, 16.077427037252015, 0.0, 0.0, 1.0 
33.18058878853553, 23.09544742631663, 0.0, 1.2434605547104158, 2.4000000000000012 
5.541639516123795, 37.20326453684572, 0.0, 0.0, 1.0 
57.261312184775974, 55.085632419313264, 0.0, 0.0, 1.0 
6.403505301631517, 15.300103692785711, 0.0, 0.0, 1.0 
20.069540325367853, 24.11268966544858, 0.0, 0.0, 1.0 
5.057593710529714, 18.568439382345105, 0.0, 0.0, 1.0 
57.39322210968314, 24.9607516822696, 0.0, 0.0, 1.0 
8.476765207444588, 18.161423298575595, 0.0, 0.0, 1.0 
46.260624534989546, 31.268385593850443, 0.0, 1.2596343397131067, 2.7000000000000015 
39.366229269183265, 38.821373368576694, 0.0, 0.9016383277351774, 2.4000000000000012 
42.72914020515133, 7.052056216500369, 0.0, 0.0, 1.0 
24.83424281440692, 26.65715920208809, 0.0, 3.8206524321698883, 2.7000000000000015 
27.804126064697826, 48.98096237596152, 0.0, 0.0, 1.0 
12.571871180335224, 33.62516855108643, 0.0, 0.0, 1.0 
33.04923061508213, 47.316268648735374, 0.0, 0.0, 1.0 
53.6769359636795, 9.20652909989694, 0.0, 0.0, 1.0 
36.23416314635793, 38.121775647228375, 0.0, 0.7717048366855843, 2.7000000000000015 
13.175057335898103, 44.095668601946755, 0.0, 0.0, 1.0 
46.097682024878516, 15.704464688645217, 0.0, 1.951252651050222, 2.100000000000001 
42.435048313151704, 46.97979284057675, 0.0, 0.0, 1.0 
28.482155652546393, 5.641173610012054, 0.0, 0.0, 1.0 
32.27865202269805, 32.09180130175259, 0.0, 0.0, 1.0 
40.28514583604952, 54.52105842959081, 0.0, 0.0, 1.0 
20.669270050653743, 48.444726146370016, 0.0, 0.0, 1.0 
8.197004469318852, 32.59138963023491, 0.0, 0.0, 1.0 
46.049074251618656, 25.677785220987158, 0.0, 1.3726879190582115, 2.7000000000000015 
20.277155507085318, 53.848676436835305, 0.0, 0.0, 1.0 
7.90890324536708, 30.848340409730195, 0.0, 0.0, 1.0 
14.702803360053066, 9.555614333035123, 0.0, 0.0, 1.0 
38.44563527792107, 53.644732580961765, 0.0, 0.0, 1.0 
12.068859841572792, 37.32227926769339, 0.0, 0.0, 1.0 
31.92538429881619, 53.119309384676605, 0.0, 3.037850859078173, 2.7000000000000015 
49.33841775207813, 41.49384049357856, 0.0, 3.9521791260854737, 2.6000000000000014 
50.508653854954616, 24.298730718497954, 0.0, 4.800555450228232, 2.7000000000000015 
3.8735574069958245, 27.725474128476826, 0.0, 0.0, 1.0 
24.010526087257663, 1.3871641156149577, 0.0, 0.0, 1.0 
2.7887401263079044, 6.566110632866987, 0.0, 0.0, 1.0 
42.445116311224616, 51.06554033541115, 0.0, 2.2580587995173373, 2.000000000000001 
12.414978347084622, 58.14948259321297, 0.0, 0.0, 1.0 
36.37999122889008, 10.661324365422077, 0.0, 0.0, 1.0 
18.320286415946473, 22.288912321892685, 0.0, 6.212192834582891, 1.1 
57.46453744564847, 0.8861629051819001, 0.0, 0.0, 1.0 
50.69775146916722, 53.25137634816371, 0.0, 1.7231533179137666, 1.9000000000000008 
16.169384321968366, 37.09774753943693, 0.0, 0.0, 1.0 
44.98741330374208, 39.65588713720039, 0.0, 0.0, 1.0 
6.0936889472356, 35.42850811762155, 0.0, 3.922174057123668, 2.7000000000000015 
40.362298649116944, 41.2105588402809, 0.0, 1.0566997568396783, 2.7000000000000015 
15.20563048378031, 11.486616814232661, 0.0, 0.0, 1.0 
1.9675138726882158, 27.025696004853486, 0.0, 0.0, 1.0 
58.71924499367355, 16.141145933322623, 0.0, 0.0, 1.0 
16.882406087067327, 28.03336867739168, 0.0, 0.0, 1.0 
55.23438984203147, 17.182616521705803, 0.0, 5.807367183640462, 1.2000000000000002 
16.729411841796114, 1.4428888280874337, 0.0, 0.0, 1.0 
16.64285578572133, 10.26325856591458, 0.0, -2.2865171391741432, 2.6000000000000014 
50.980458983645235, 59.010724268973995, 0.0, 0.0, 1.0 
18.523390009016477, 45.30693128902964, 0.0, 0.0, 1.0 
54.57712036174689, 20.191400133919686, 0.0, 0.0, 1.0 
23.829934035357144, 49.76478083209169, 0.0, 0.0, 1.0 
19.284903742666526, 6.296037157517803, 0.0, 0.0, 1.0 
32.82238106890605, 49.36901369873295, 0.0, 0.0, 1.0 
12.260263332659859, 40.69841006490338, 0.0, 0.0, 1.0 
49.84213136279641, 8.876555281376996, 0.0, 0.0, 1.0 
22.670510138416713, 48.22162484860414, 0.0, 0.0, 1.0 
2.9081407491843714, 57.81420078721074, 0.0, 2.17677390821489, 1.2000000000000002 
49.86898451920235, 30.879591650111696, 0.0, 3.4471943454774676, 2.6000000000000014 
0.9213204886976257, 21.059858671299985, 0.0, 0.0, 1.0 
27.32365507895908, 45.37801239118294, 0.0, 0.0, 1.0 
47.51146856649346, 33.67330541148676, 0.0, 1.6223914743269905, 2.7000000000000015 
36.131269891557274, 49.48493937083194, 0.0, 0.0, 1.0 
59.28253331427726, 25.71134969939056, 0.0, 0.0, 1.0 
1.6922752568671906, 52.331078868322415, 0.0, 0.0, 1.0 
55.30425651610411, 51.95494362813874, 0.0, 0.0, 1.0 
54.75654194446499, 15.282083203029527, 0.0, 2.447346524036625, 1.1 
28.015355361908526, 7.640448797282369, 0.0, 0.0, 1.0 
13.280766608535812, 11.006590485576845, 0.0, 0.0, 1.0 
59.315663841666336, 40.81569420741881, 0.0, 1.3922981420434963, 2.7000000000000015 
57.156457097327184, 8.211446815933476, 0.0, 0.0, 1.0 
27.066095086668703, 56.10751934366063, 0.0, 0.0, 1.0 
33.65734211054263, 59.783185692852044, 0.0, 0.0, 1.0 
30.61747001403088, 15.00978449941239, 0.0, 0.8996251266140094, 1.6000000000000005 
32.89495615719514, 37.40799765129587, 0.0, 4.171332080535996, 2.7000000000000015 
29.98274082332634, 33.47892544688666, 0.0, 4.791227725800386, 2.100000000000001 
40.716830076424046, 17.965008220980778, 0.0, 2.60422354304439, 2.100000000000001 
13.391215369718362, 12.799082980104034, 0.0, 0.0, 1.0 
51.34294032217765, 4.2831682807104725, 0.0, 1.1737467285764325, 2.7000000000000015 
32.85374312452445, 54.59057783086381, 0.0, 0.0, 1.0 
3.546689624386216, 0.08399695906301893, 0.0, 0.0, 1.0 
7.153099645556389, 25.18155409383897, 0.0, 0.0, 1.0 
8.807120176319415, 53.42904195951158, 0.0, 0.0, 1.0 
57.87095060194588, 28.988843703586184, 0.0, 0.0, 1.0 
15.403940632497147, 42.21591539664483, 0.0, 0.0, 1.0 
5.040507141528887, 57.47618326013164, 0.0, 0.0, 1.0 
59.368934916898404, 1.4636316180616877, 0.0, 0.0, 1.0 
34.14027055271271, 29.495820263969353, 0.0, -0.017055113278849225, 2.7000000000000015 
10.01594537166931, 37.53624441128765, 0.0, 0.0, 1.0 
3.5778823703870675, 25.727378469433198, 0.0, 0.0, 1.0 
42.256639952975185, 9.0445564344599, 0.0, 0.0, 1.0 
54.75642368800823, 22.2718375561666, 0.0, 2.456744846140599, 1.1 
25.691800752429963, 10.311573968698276, 0.0, 1.3394087737171878, 1.1 
17.400381419817208, 6.496215163391674, 0.0, 0.0, 1.0 
46.83562309379951, 57.92417560103654, 0.0, 0.0, 1.0 
55.08876889847319, 41.76730309832495, 0.0, 4.435487418511454, 2.6000000000000014 
56.774191726488226, 6.237447885151865, 0.0, 0.0, 1.0 
49.3795542552955, 3.228356577733761, 0.0, 0.0, 1.0 
46.893901600336676, 28.45115056219661, 0.0, 1.6845113698875172, 2.7000000000000015 
0.044306495771388, 26.38245463770605, 0.0, 0.0, 1.0 
16.19554069458885, 3.1834674826602845, 0.0, 0.0, 1.0 
13.849656791657706, 18.685196474701108, 0.0, 0.0, 1.0 
24.283564291303307, 53.18983690710426, 0.0, 0.0, 1.0 
54.36130075376912, 13.256365790488159, 0.0, 0.0, 1.0 
25.147913166889744, 56.605200054372766, 0.0, 0.0, 1.0 
14.227942509823112, 3.4298228703519733, 0.0, 0.0, 1.0 
27.089829329492296, 16.59107291797876, 0.0, 0.38127460643390726, 1.7000000000000006 
42.88695839264121, 27.686217184020848, 0.0, 1.3197126950214546, 2.7000000000000015 
35.60455403692889, 59.261210799419516, 0.0, 0.0, 1.0 
57.87685785110113, 12.164314500486048, 0.0, 0.0, 1.0 
53.5746998144278, 24.099473492023293, 0.0, 0.0, 1.0 
4.767821751832424, 53.88412109334145, 0.0, 0.0, 1.0 
11.583232425245441, 30.499292291424485, 0.0, 0.0, 1.0 
50.10815768899332, 44.99691393281181, 0.0, 2.0411725163271934, 2.5000000000000013 
35.07586093915307, 39.139411958287106, 0.0, 1.3174549849076258, 2.7000000000000015 
3.308391433248207, 17.904496070705175, 0.0, 0.0, 1.0 
14.469308506178036, 57.81605288535378, 0.0, 0.0, 1.0 
21.252916064700667, 17.12163361228061, 0.0, 1.086103107617783, 1.7000000000000006 
2.5943611764633814, 13.91757757789227, 0.0, 0.0, 1.0 
42.658630999696825, 21.862061182655474, 0.0, 1.3830682660432394, 2.7000000000000015 
32.82280978709331, 2.433817203560673, 0.0, 0.0, 1.0 
25.580146307830542, 42.173905738964216, 0.0, 0.0, 1.0 
0.23551919465494195, 11.387446313931576, 0.0, 0.0, 1.0 
43.22736541478488, 5.038579430385184, 0.0, 0.0, 1.0 
41.7368259350894, 56.086083091818644, 0.0, 0.0, 1.0 
0.4851603265445491, 3.9931382972430645, 0.0, 0.0, 1.0 
48.399179256987196, 53.47668616567703, 0.0, 1.2652648617660853, 2.7000000000000015 
2.4521263350721028, 50.464578762164464, 0.0, 0.0, 1.0 
13.108565775094933, 35.97708338001149, 0.0, 3.085511357958371, 2.7000000000000015 
48.40766920734527, 26.82054909004586, 0.0, 3.696257271248964, 2.7000000000000015 
27.82937062370161, 0.21203103906027304, 0.0, 0.0, 1.0 
19.43296793407288, 18.975032860861113, 0.0, 0.0, 1.0 
56.75738223979996, 15.63995633968036, 0.0, 0.0, 1.0 
22.849007505032592, 39.23314649826861, 0.0, 0.0, 1.0 
21.291113615112888, 57.55813364098841, 0.0, 0.0, 1.0 
29.085615733924474, 42.521298165177335, 0.0, 0.0, 1.0 
61.01313690848077, 51.685223064832826, 0.0, 0.0, 1.0 
33.41896771053866, 7.822414786932849, 0.0, 0.0, 1.0 
14.024095817183937, 54.37901414004812, 0.0, 0.0, 1.0 
34.06236474611657, 13.600032599508168, 0.0, 1.6399985703489597, 1.3000000000000003 
3.302265410359909, 48.68178328619253, 0.0, 0.0, 1.0 
19.3110031683236, 12.97033037773044, 0.0, 4.236277036881442, 2.6000000000000014 
9.825707222036552, 45.67886634766992, 0.0, 0.0, 1.0 
37.46472699837577, 30.95791994739733, 0.0, 1.1655095417406123, 2.7000000000000015 
55.491555817004, 31.23747062299692, 0.0, 0.0, 1.0 
39.4494448736469, 13.313314975481937, 0.0, 0.0, 1.0 
48.34317908757628, 50.59000530818927, 0.0, 1.4175889233388959, 2.7000000000000015 
15.552940230389913, 17.518009901046376, 0.0, 0.0, 1.0 
4.6733101093654685, 38.62511670996174, 0.0, 0.0, 1.0 
28.594421828196904, 57.56707857534073, 0.0, 0.0, 1.0 
20.803652491919316, 39.79201285439869, 0.0, 0.0, 1.0 
48.07681648561774, 21.110156482596295, 0.0, 2.2488863001338495, 2.7000000000000015 
16.939514747628515, 52.41602054112387, 0.0, 0.0, 1.0 
44.62235329518987, 60.4656789228351, 0.0, 0.0, 1.0 
29.736348397223395, 54.38186474394118, 0.0, 9.16992882987837, 2.7000000000000015 
57.0378738329336, 44.05218107562499, 0.0, 4.804210636892708, 2.7000000000000015 
2.7461215960016796, 35.004124716279556, 0.0, 0.0, 1.0 
41.24580541754155, 50.42918567541869, 0.0, 0.0, 1.0 
41.48134959427397, 57.85152256814515, 0.0, 0.0, 1.0 
19.64237214695731, 58.38486235256848, 0.0, 0.0, 1.0 
43.717843487322796, 3.112663735707712, 0.0, 0.0, 1.0 
5.935101037788262, 55.56180182544956, 0.0, 0.0, 1.0 
6.3666364010155005, 59.04892253925532, 0.0, 0.0, 1.0 
15.95797823411707, 21.406039983029896, 0.0, 0.0, 1.0 
60.941168716656506, 40.09598734313858, 0.0, 2.0263921786502355, 2.7000000000000015 
5.648278716019954, 51.98592695522669, 0.0, 0.0, 1.0 
13.337476032875012, 42.32968927311353, 0.0, 0.0, 1.0 
18.198911832051863, 54.04430383350214, 0.0, 0.0, 1.0 
5.771606944169061, 28.385836657265358, 0.0, 0.0, 1.0 
39.910022014471615, 11.435979030381338, 0.0, 0.0, 1.0 
55.917592535073354, 37.806640261695264, 0.0, 2.882571898198954, 2.7000000000000015 
49.900191589130834, 1.2402006290503649, 0.0, 0.0, 1.0 
59.084926209494924, 51.73344536548509, 0.0, 0.0, 1.0 
21.72485131493889, 11.189363890476384, 0.0, 0.0, 1.0 
55.14950597324717, 48.51473776034932, 0.0, 0.0, 1.0 
18.98977957732771, 27.85888783342562, 0.0, 0.0, 1.0 
27.313367261865086, 35.05226435114138, 0.0, 5.023063363545619, 2.7000000000000015 
7.033130322625127, 42.25904670619246, 0.0, 0.0, 1.0 
7.352473303765306, 48.282955408646956, 0.0, 0.0, 1.0 
51.947868940396376, 10.646330601922381, 0.0, 0.0, 1.0 
47.50197679702028, 10.646048144549418, 0.0, 2.2366676865377038, 1.5000000000000004 
41.22251697667013, 31.23113198174186, 0.0, 1.2762740248832232, 2.7000000000000015 
45.83565028882598, 36.41826226646854, 0.0, 0.0, 1.0 
13.15204180703346, 5.319768974712668, 0.0, 4.111578254257395, 2.7000000000000015 
18.973912239288826, 52.197715372108085, 0.0, 0.0, 1.0 
46.26969723382504, 33.71619423219144, 0.0, 1.111618745929223, 2.7000000000000015 
35.396464190027814, 7.2532484660801915, 0.0, 0.0, 1.0 
27.97840085663608, 24.624013065581703, 0.0, 7.2134734641424565, 1.2000000000000002 
26.57121481584426, 6.244776418109152, 0.0, 0.0, 1.0 
48.25600322957763, 59.36375567023999, 0.0, 0.0, 1.0 
44.71890961724266, 17.696486324780842, 0.0, 1.467344536992171, 2.200000000000001 
12.858017594938184, 9.265561782864182, 0.0, 0.0, 1.0 
50.50234756426075, 13.169614983039718, 0.0, 1.6040126635775147, 1.4000000000000004 
24.591464052437722, 28.54323548992147, 0.0, 0.02409474402930759, 1.1 
46.714736928130236, 21.04483756081353, 0.0, 1.9068783656068444, 2.7000000000000015 
45.72307288058001, 9.896402229452912, 0.0, 0.0, 1.0 
51.25478754433287, 6.724157326364767, 0.0, 0.0, 1.0 
51.54723732312347, 48.325368572869884, 0.0, 0.0, 1.0 
7.779931381526107, 12.098472593099, 0.0, 0.0, 1.0 
35.627121517483026, 28.335730836989498, 0.0, 0.9872209550058981, 2.7000000000000015 
16.397899754156523, 35.657486280224326, 0.0, 3.049441250868457, 2.7000000000000015 
46.76389039338741, 13.019486374340593, 0.0, 1.9410577934355666, 1.5000000000000004 
31.45499166656948, 30.23450751425797, 0.0, 5.104870918092007, 2.7000000000000015 
57.89448244931063, 40.92226171260907, 0.0, 1.1583783658479772, 2.300000000000001 
54.842114363289504, 53.97688531825394, 0.0, 0.0, 1.0 
38.26587458826263, 2.7637341193038827, 0.0, 0.0, 1.0 
58.30624808190684, 14.153312891072616, 0.0, 0.0, 1.0 
57.329740425422216, 17.572411444962864, 0.0, 0.0, 1.0 
30.439309086865478, 5.002658252990724, 0.0, 0.0, 1.0 
29.567085228059756, 36.646335756930775, 0.0, 4.164675568256515, 1.8000000000000007 
22.47504498450107, 21.3025440932959, 0.0, 5.993770739930874, 1.3000000000000003 
16.962138203797526, 14.486479211044132, 0.0, 0.0, 1.0 
23.72480189705771, 18.134209694851105, 0.0, 0.29148683226019456, 2.200000000000001 
30.001707149700955, 7.035118691725444, 0.0, 0.0, 1.0 
17.363509979258257, 38.670407143554336, 0.0, 0.0, 1.0 
58.98557038130404, 23.660013495869098, 0.0, 0.0, 1.0 
45.318650298730574, 56.567937793382185, 0.0, 0.0, 1.0 
7.493479648458307, 35.74168240977024, 0.0, 3.978276381720737, 2.7000000000000015 
25.531330686505722, 23.301753154847734, 0.0, 5.233736228336905, 2.7000000000000015 
61.148065057742215, 18.677109566237327, 0.0, 0.0, 1.0 
3.711905348847579, 10.595239478848168, 0.0, 0.0, 1.0 
4.237837227802332, 5.064159036594007, 0.0, 0.0, 1.0 
11.819549609873942, 15.843952585039084, 0.0, 0.0, 1.0 
53.98585256559422, 47.0962995766869, 0.0, 0.0, 1.0 
60.14030633956476, 20.36220555091048, 0.0, 0.0, 1.0 
9.916610245058411, 15.006120497105577, 0.0, 0.0, 1.0 
49.6686062692502, 49.72671156511912, 0.0, 1.8195291933385047, 2.7000000000000015 
34.429549363637626, 32.18336920087048, 0.0, 6.986837359422428, 2.7000000000000015 
57.53017107830793, 10.230890505071892, 0.0, 0.0, 1.0 
17.56403705525689, 31.46844637414599, 0.0, 0.0, 1.0 
1.349339102986765, 48.3400817244553, 0.0, 0.0, 1.0 
15.216546614147958, 55.960079196102875, 0.0, 0.0, 1.0 
18.438028934225176, 57.05947288965716, 0.0, 0.0, 1.0 
40.771982430733104, 7.547986335085414, 0.0, 0.0, 1.0 
59.96665277078456, 34.320044428435686, 0.0, 0.0, 1.0 
44.38695249822321, 35.74422905591383, 0.0, 0.0, 1.0 
35.97360905261773, 57.41709803025639, 0.0, 0.0, 1.0 
20.70477624339679, 7.79091485320371, 0.0, 0.0, 1.0 
8.011274339483613, 6.206968571095884, 0.0, 0.0, 1.0 
1.6022356124131816, 59.55054922392561, 0.0, 0.0, 1.0 
9.641002149526456, 29.760326331154275, 0.0, 0.0, 1.0 
8.748552133979112, 22.148826227384085, 0.0, 0.0, 1.0 
43.45941707401266, 25.019200341912946, 0.0, 1.5712692337083016, 2.7000000000000015 
59.04301874967418, 8.794325004457479, 0.0, 0.0, 1.0 
18.779478293044924, 33.10102828359974, 0.0, 0.0, 1.0 
56.58291131527153, 58.31052876730673, 0.0, 0.0, 1.0 
43.537268348423964, 51.66708170579971, 0.0, 2.114469675678502, 1.9000000000000008 
19.575663461173193, 55.68101872402332, 0.0, 0.0, 1.0 
22.632020739797433, 44.66660038083638, 0.0, 0.0, 1.0 
36.4130593806494, 55.607606003043145, 0.0, 0.0, 1.0 
10.310103090357451, 19.023262054535817, 0.0, 0.0, 1.0 
14.32643745588651, 40.56310716857083, 0.0, 0.0, 1.0 
35.107544842959044, 30.633262053693084, 0.0, 6.2371408640301915, 2.100000000000001 
39.77382574996932, 4.17842258769609, 0.0, 0.0, 1.0 
20.6499133649759, 33.639264213289316, 0.0, 1.6523905132807915, 1.8000000000000007 
14.38733250161775, 45.69856181505875, 0.0, 0.0, 1.0 
15.35990543566499, 38.8577561859498, 0.0, 0.0, 1.0 
5.697270786435539, 11.265038229957915, 0.0, 0.0, 1.0 
14.884356811746189, 28.349081284628525, 0.0, 0.0, 1.0 
10.819531206859226, 24.806640465922353, 0.0, 0.0, 1.0 
24.961942460779067, 44.129550598642325, 0.0, 0.0, 1.0 
25.42178238926459, 17.58348312926747, 0.0, 3.8792643086768424, 2.7000000000000015 
14.521730605567251, 49.0543653672701, 0.0, 0.0, 1.0 
54.58764717695848, 57.85845493774387, 0.0, 0.0, 1.0 
38.497748056983255, 18.188211680249886, 0.0, 4.296148813011463, 2.7000000000000015 
57.9324161704638, 36.44902453886206, 0.0, 3.015931012294669, 2.7000000000000015 
5.055602634204436, 45.0948089706719, 0.0, 0.0, 1.0 
43.41740602829589, 39.93369504531611, 0.0, 1.5729059222432018, 2.7000000000000015 
29.207680347624752, 44.56802524534596, 0.0, 0.0, 1.0 
0.8935782276724565, 32.446858988934075, 0.0, 0.0, 1.0 
31.858981412020512, 45.94824759548828, 0.0, 0.0, 1.0 
30.12481402552472, 26.97175350810652, 0.0, 6.66025989759901, 2.6000000000000014 
50.399186169101405, 56.27982150812671, 0.0, 1.8210274206180166, 2.7000000000000015 
19.719350301551, 20.717182692684244, 0.0, 0.0, 1.0 
60.97608432494594, 9.389588709222437, 0.0, 0.0, 1.0 
5.228131664170855, 20.597877468913612, 0.0, 0.0, 1.0 
20.003495862343488, 41.624753318532726, 0.0, 0.0, 1.0 
33.83239504827742, 51.78081633043115, 0.0, 0.0, 1.0 
8.495597661471956, 49.950254046577996, 0.0, 0.0, 1.0 
32.944466747066436, 42.99156470202302, 0.0, 4.731831705311298, 1.3000000000000003 
34.75037338920857, 44.53074058368966, 0.0, 1.0669278469508097, 2.6000000000000014 
32.15225416681121, 58.4570124810398, 0.0, 0.0, 1.0 
14.844848646191988, 52.51777290360434, 0.0, 0.0, 1.0 
39.3264605562622, 45.1731903559889, 0.0, 2.3939009090340226, 2.7000000000000015 
15.145044963049344, 13.532958120100576, 0.0, 0.0, 1.0 
46.03245197815563, 18.8992386505668, 0.0, 1.6559026585689511, 2.300000000000001 
7.120450013213778, 57.1873647217968, 0.0, 0.0, 1.0 
4.867741616697851, 1.6574352351256716, 0.0, 0.0, 1.0 
44.98417120478939, 14.105479666777613, 0.0, 1.3234917285781982, 1.1 
27.470636942482322, 41.05175341934798, 0.0, 4.737103434930817, 1.5000000000000004 
13.10889378936421, 0.32799977319918966, 0.0, 0.0, 1.0 
26.630857191365017, 58.02127927896324, 0.0, 0.0, 1.0 
43.71180545939444, 10.51160614508224, 0.0, 1.6872830373686356, 1.1 
52.625286980289395, 3.2220255527267225, 0.0, 0.0, 1.0 
46.934557843937334, 24.108109025587396, 0.0, 1.4482920427469297, 2.7000000000000015 
32.012802820061175, 17.21042505279987, 0.0, 1.2145683512979655, 1.6000000000000005 
50.83696193881186, 27.44165337254088, 0.0, 1.5760154031524425, 1.6000000000000005 
44.29295234964233, 37.743564865572665, 0.0, 0.0, 1.0 
42.610813220807785, 48.92973247042252, 0.0, 0.0, 1.0 
38.44662233029721, 49.08986302878502, 0.0, 0.0, 1.0 
49.686179405524015, 55.35300557695369, 0.0, 1.6694026874954035, 2.7000000000000015 
30.987753058924284, 35.80910029290035, 0.0, 0.0, 1.0 
21.522716959315282, 46.641443701389555, 0.0, 0.0, 1.0 
28.193209157188196, 59.41702832380219, 0.0, 0.0, 1.0 
54.62704557892712, 32.703071942441646, 0.0, 0.0, 1.0 
35.3312750065919, 20.33146998332562, 0.0, 1.7502915536758636, 2.7000000000000015 
37.82067786597795, 12.052396618650269, 0.0, 0.0, 1.0 
29.865526885612493, 30.649796165612134, 0.0, 5.3366143364346765, 2.7000000000000015 
28.65230492864853, 21.87438313830716, 0.0, 0.47814722126063613, 2.7000000000000015 
40.13133547363971, 34.804043018996495, 0.0, 1.3719930020428337, 2.7000000000000015 
52.711388856251986, 38.51350376596243, 0.0, 3.077755553293067, 2.6000000000000014 
7.692943101500469, 29.063260815842686, 0.0, 0.0, 1.0 
19.12992183221819, 60.33365609744801, 0.0, 0.0, 1.0 
38.29716517123428, 43.83988684441083, 0.0, 0.0, 1.0 
58.01494837335864, 30.924353276013516, 0.0, 6.132550740494768, 1.3000000000000003 
45.64886145652247, 2.5189214592396745, 0.0, 0.0, 1.0 
6.742225982591368, 38.84996510565175, 0.0, 0.0, 1.0 
6.779715041099148, 53.66345122358104, 0.0, 0.0, 1.0 
28.916448486309967, 3.627670412963577, 0.0, 0.0, 1.0 
21.389360647298226, 37.858388389965704, 0.0, 0.0, 1.0 
17.303484742433366, 16.375217845921394, 0.0, 0.0, 1.0 
32.081356943729666, 40.02993604757359, 0.0, 5.433583554906515, 2.7000000000000015 
53.158565135386866, 48.95783850995785, 0.0, 0.0, 1.0 
14.546987734050456, 33.36332324105311, 0.0, 0.0, 1.0 
4.608055149874838, 7.052141849175278, 0.0, 0.0, 1.0 
13.068211153333698, 29.32111199062076, 0.0, 0.0, 1.0 
6.01531526273642, 30.24452999094958, 0.0, 0.0, 1.0 
1.9546185999140304, 55.944390733528266, 0.0, 0.0, 1.0 
7.757259889630053, 45.82042725477261, 0.0, 0.0, 1.0 
32.9507465963059, 9.875048364429, 0.0, 0.0, 1.0 
19.62127834549566, 31.304536908371986, 0.0, 0.0, 1.0 
49.09009855216881, 44.74122096130641, 0.0, 1.931681692214745, 2.7000000000000015 
16.241372536936606, 25.232370420916094, 0.0, 0.0, 1.0 
41.722459588085435, 15.82911632096486, 0.0, 1.6977475258296686, 1.3000000000000003 
1.4651906997595525, 17.2524169958275, 0.0, 0.0, 1.0 
30.60374950108939, 57.1301082021667, 0.0, 0.0, 1.0 
37.06589239352148, 37.108585341272764, 0.0, 0.7642939164903205, 2.5000000000000013 
31.063100133366696, 55.3532956011541, 0.0, 0.0, 1.0 
23.695745640221627, 10.662216436136049, 0.0, 0.0, 1.0 
35.1529938586207, 25.790795392991775, 0.0, 1.091539077544311, 2.7000000000000015 
44.089260852042145, 47.50853878501759, 0.0, 0.0, 1.0 
21.80470101410381, 50.05790781155634, 0.0, 0.0, 1.0 
11.998446352341325, 54.63582999347455, 0.0, 0.0, 1.0 
24.989934835252953, 51.27175661099043, 0.0, 0.0, 1.0 
31.826753183457615, 25.33001728973337, 0.0, 0.6924913915108132, 2.7000000000000015 
59.96830615997757, 57.25096279634104, 0.0, 0.0, 1.0 
1.6554895045253557, 25.03285734488165, 0.0, 0.0, 1.0 
51.94894528294905, 22.961799240304263, 0.0, 0.0, 1.0 
44.84458608075779, 48.934832782082886, 0.0, 0.0, 1.0 
10.976205465370303, 41.833091181679656, 0.0, 4.091929808271939, 2.7000000000000015 
57.92689052233522, 49.83164439813657, 0.0, 0.0, 1.0 
29.023964368042986, 50.475099832360414, 0.0, 0.0, 1.0 
48.53369045319145, 39.39141261639308, 0.0, 3.8203468953439828, 2.5000000000000013 
0.2774850645177366, 28.389375876847698, 0.0, 0.0, 1.0 
27.000818322521198, 4.202074263741471, 0.0, 0.0, 1.0 
50.12727975156069, 5.11105953250986, 0.0, 0.0, 1.0 
49.15266802394697, 36.49643099307114, 0.0, 2.2743806665872555, 1.3000000000000003 
9.107227837501988, 25.9538592153702, 0.0, 0.0, 1.0 
20.642699668138206, 0.5374809365451234, 0.0, 0.0, 1.0 
37.18924001887568, 51.98980813170218, 0.0, 0.0, 1.0 
48.565297227514414, 55.629205658929095, 0.0, 1.058422940290564, 2.7000000000000015 
0.5564374524939808, 30.401958701786274, 0.0, 0.0, 1.0 
17.792575185867054, 50.5829327271938, 0.0, 0.0, 1.0 
10.620929282018466, 22.920734690235765, 0.0, 0.0, 1.0 
18.123150054869257, 13.328557158378938, 0.0, 0.0, 1.0 
29.91405276478664, 21.00833713817135, 0.0, 1.0146377146265337, 2.300000000000001 
0.9569531544935623, 44.8886281939316, 0.0, 0.0, 1.0 
55.813512613967745, 27.877054957361526, 0.0, 0.0, 1.0 
13.565630134242026, 7.709854184959072, 0.0, 0.0, 1.0 
14.413328220693574, 24.435560338377144, 0.0, 0.0, 1.0 
19.719091552538575, 4.34853361735016, 0.0, 0.0, 1.0 
21.644324046995905, 55.51682109167796, 0.0, 0.0, 1.0 
44.618475953768474, 30.77425078010077, 0.0, 0.9747921670344594, 2.7000000000000015 
21.22065011556185, 5.814248864725241, 0.0, 0.0, 1.0 
27.01784948400988, 50.84222726758013, 0.0, 0.0, 1.0 
48.400650040941116, 5.02748043450642, 0.0, 0.0, 1.0 
35.089438412406665, 42.49415342904401, 0.0, 0.0, 1.0 
17.452960777798474, 18.362852148101812, 0.0, 0.0, 1.0 
25.025463368930627, 15.233321948479274, 0.0, 1.2802657179976475, 2.200000000000001 
50.41976006407696, 47.0394614117361, 0.0, 0.0, 1.0 
48.11493138667919, 0.2034359301215963, 0.0, 0.0, 1.0 
24.158998414077402, 40.73716364141146, 0.0, 0.0, 1.0 
19.293499464693724, 11.22689373251846, 0.0, 3.58415575384134, 2.7000000000000015 
60.688997836106346, 16.706262387542, 0.0, 0.0, 1.0 
33.69082870514643, 25.73940104774446, 0.0, 0.9937287569486285, 2.4000000000000012 
24.394429610222435, 35.69491173098399, 0.0, 5.428080094601064, 2.5000000000000013 
27.62657152777607, 31.305646660619413, 0.0, 5.672463520410612, 2.000000000000001 
60.07828376449718, 44.837825856891975, 0.0, 0.0, 1.0 
24.394143907510585, 60.555731982341925, 0.0, 0.0, 1.0 
17.174525028317554, 60.840371369973504, 0.0, 0.0, 1.0 
49.39321949249598, 52.76634088056522, 0.0, 1.5754367930007938, 2.7000000000000015 
11.405643063737042, 10.15354353736373, 0.0, 0.0, 1.0 
8.37795904935432, 58.796494136911356, 0.0, 0.0, 1.0 
13.34974407180945, 31.729207372466732, 0.0, 0.0, 1.0 
9.96730150264868, 55.00535605156563, 0.0, 0.0, 1.0 
43.57462355613279, 43.73332823735192, 0.0, 0.0, 1.0 
15.547382568109754, 31.75236692989811, 0.0, 0.0, 1.0 
35.64023354771343, 13.6853994580296, 0.0, 1.77310302070181, 2.200000000000001 
31.463658127318695, 23.68905572794799, 0.0, 0.649686395401222, 2.7000000000000015 
2.015962950682061, 46.66607713864647, 0.0, 0.0, 1.0 
25.93852830899546, 39.698541544563675, 0.0, 4.329696732787122, 1.1 
5.503993661049714, 26.435650868821508, 0.0, 0.0, 1.0 
9.759122747695052, 13.057533662427115, 0.0, 0.0, 1.0 
21.673349037216433, 3.8973166147206952, 0.0, 0.0, 1.0 
4.511872442970879, 33.44878470784951, 0.0, 0.0, 1.0 
37.61394231867042, 45.52738619404739, 0.0, 0.0, 1.0 
39.710794728264695, 50.32815348536062, 0.0, 0.0, 1.0 
41.24597115631404, 35.0647864690813, 0.0, 1.4024462935628372, 2.6000000000000014 
48.2986137190988, 35.29216327111731, 0.0, 1.661886023869163, 2.7000000000000015 
33.56549675459329, 45.339967409367134, 0.0, 0.0, 1.0 
47.86208345532507, 56.769767038476665, 0.0, 0.0, 1.0 
30.988226632148713, 49.91203351124706, 0.0, 0.0, 1.0 
17.744675116031047, 20.36021585553504, 0.0, 0.0, 1.0 
32.5343707781584, 11.824840023138865, 0.0, 0.0, 1.0 
0.14309587697851847, 1.9813466693268507, 0.0, 0.0, 1.0 
24.654035991419494, 47.88234333178775, 0.0, 0.0, 1.0 
12.95237530751907, 27.466034757641193, 0.0, 0.0, 1.0 
31.028582444287117, 10.415087803312495, 0.0, 0.0, 1.0 
20.568446408611, 44.97939841910063, 0.0, 0.0, 1.0 
36.87474668710704, 27.873872233448424, 0.0, 1.2643300479967887, 2.6000000000000014 
10.110435176527474, 16.98681200268764, 0.0, 0.0, 1.0 
42.17460466876735, 1.6727476977393527, 0.0, 0.0, 1.0 
9.812296037441474, 31.534723631977876, 0.0, 0.0, 1.0 
14.677396566003047, 26.433643700407035, 0.0, 0.0, 1.0 
40.560708579387736, 48.57942812716861, 0.0, 0.0, 1.0 
53.01142702972649, 21.25248391642671, 0.0, 0.0, 1.0 
51.910003902229576, 1.457442375882548, 0.0, 0.0, 1.0 
55.950785076824374, 2.274529941862656, 0.0, 0.0, 1.0 
1.349865193048434, 7.968884173452166, 0.0, 0.0, 1.0 
15.718108167419572, 59.37410811688099, 0.0, 0.0, 1.0 
28.3872215815633, 37.38039489561315, 0.0, 4.353041561722252, 2.7000000000000015 
25.295816315679744, 21.302056278665923, 0.0, 0.0, 1.0 
58.56739768815021, 21.66344669001371, 0.0, 0.0, 1.0 
5.025499193096974, 9.020350162043858, 0.0, 0.0, 1.0 
10.521760438041172, 6.10115488196505, 0.0, 0.0, 1.0 
40.29132028085768, 37.785977747876636, 0.0, 1.3724985417155577, 2.6000000000000014 
41.747759537672195, 3.62468173552781, 0.0, 0.0, 1.0 
27.41240488677726, 2.219717498577384, 0.0, 0.0, 1.0 
2.88381459871274, 21.739411380281368, 0.0, 0.0, 1.0 
17.818283397507887, 9.548248286785972, 0.0, 3.635749627486214, 2.7000000000000015 
6.871237375077673, 1.3928953256204735, 0.0, 0.0, 1.0 
6.052445185298509, 5.623807192762785, 0.0, 0.0, 1.0 
53.46304992202636, 52.41925352888232, 0.0, 0.0, 1.0 
52.32632458850361, 46.34592279596539, 0.0, 0.0, 1.0 
45.27153028961447, 50.597182113277704, 0.0, 0.0, 1.0 
12.529745507075061, 23.697749725813065, 0.0, 0.0, 1.0 
38.96880428786101, 52.25110646962472, 0.0, 0.0, 1.0 
17.71468404434392, 26.293320193169148, 0.0, 0.0, 1.0 
46.543383853414184, 59.94364817823151, 0.0, 0.0, 1.0 
47.08573087383049, 6.323056455703055, 0.0, 0.6979877945968304, 1.4000000000000004 
19.378871799847268, 38.35152840201048, 0.0, 0.0, 1.0 
45.22037375134134, 54.51269212130133, 0.0, 0.0, 1.0 
1.7815341609323339, 19.271088557119878, 0.0, 0.0, 1.0 
30.567420205971445, 19.16690212766378, 0.0, 0.9753194799399522, 1.1 
48.65529893652395, 12.561142372448145, 0.0, 1.9355730264932458, 1.1 
20.473411558431234, 22.268452175559847, 0.0, 0.0, 1.0 
10.616987919887036, 43.783877396330304, 0.0, 4.149575415090457, 1.1 
33.304534923176334, 28.305150161541587, 0.0, 0.10591751027393152, 2.7000000000000015 
59.78936519254362, 29.756089176941366, 0.0, 0.0, 1.0 
49.42296783795009, 33.88433348333674, 0.0, 1.4106792371058476, 2.7000000000000015 
31.58558127854924, 21.61968758350303, 0.0, 1.2727380497260954, 2.000000000000001 
44.69018332567855, 6.476914076295932, 0.0, 0.0, 1.0 
53.73656377152736, 42.9710092023392, 0.0, 0.0, 1.0 
26.540985776604206, 14.457351677175321, 0.0, 1.4845511611688553, 1.3000000000000003 
4.163957271566473, 12.567599899913272, 0.0, 0.0, 1.0 
5.241323626847822, 24.4557275453215, 0.0, 0.0, 1.0 
16.745791408076037, 12.387397122807634, 0.0, 0.0, 1.0 
6.0823392521452675, 46.71823322154131, 0.0, 0.0, 1.0 
26.611867220055597, 33.66747229114609, 0.0, 5.323098282138698, 2.4000000000000012 
21.5958950327822, 25.48670400345193, 0.0, 0.0, 1.0 
26.22754890993375, 24.510386518465104, 0.0, 5.091025935037835, 2.7000000000000015 
29.688577867979316, 48.51493360816258, 0.0, 0.0, 1.0 
46.924004822613654, 48.39419668991056, 0.0, 1.225511585413993, 2.7000000000000015 
0.8215746139475594, 54.06906034438328, 0.0, 0.0, 1.0 
39.117366694975956, 60.1237471727725, 0.0, 0.0, 1.0 
17.729889320552726, 58.98306591781855, 0.0, 0.0, 1.0 
19.775191137067804, 50.36972652529388, 0.0, 0.0, 1.0 
19.221779638820234, 17.07905999336104, 0.0, 0.0, 1.0 
7.453728299428479, 37.265663376803865, 0.0, 3.689319105475433, 2.7000000000000015 
8.776275291560813, 39.653988178560944, 0.0, 4.0779322920543715, 2.7000000000000015 
43.70518556891996, 55.55533141761262, 0.0, 0.0, 1.0 
14.279425971061796, 22.59447121401108, 0.0, 0.0, 1.0 
17.291040853666587, 43.74068295622361, 0.0, 0.0, 1.0 
16.334228802308097, 23.24638065354035, 0.0, 0.0, 1.0 
34.49164768377841, 55.90068183351338, 0.0, 0.0, 1.0 
31.273787717866025, 1.043282221489804, 0.0, 0.0, 1.0 
38.1859672956621, 50.73990638392048, 0.0, 0.5393797940235946, 2.7000000000000015 
9.224792444442542, 47.6171375190712, 0.0, 0.0, 1.0 
48.90341890896458, 18.693591387840048, 0.0, 0.0, 1.0 
34.77373000703251, 48.84887486433748, 0.0, 2.1641189208085665, 2.6000000000000014 
