1000
 Lattice="61.89677336629337 0.0 0.0 0.0 61.89677336629337 0.0 0.0 0.0 1.0"Properties=species:S:1:pos:R:3:aspherical_shape:R:3:orientation:R:4:Color:R:1
cell 2.727472865153537 11.047350220140341 0.0 1.0 1.0 1 0 0 0.0 1.0 0.0
cell 54.45175433498344 8.223635698782825 0.0 1.0 1.0 1 0 0 0.0 1.0 0.0
cell 26.193099409176245 34.372596895821815 0.0 1.0 1.0 1 0 0 0.0 1.0 0.0
cell 30.990895066734787 50.26622851798997 0.0 1.0488088481701516 0.9534625892455922 1 0 0 0.9717920438382305 -0.2358394019936336 3.6177571431617017
cell 58.6405276399031 41.451625955779726 0.0 1.0488088481701516 0.9534625892455922 1 0 0 0.9124527913241155 -0.40918199325584953 3.984707432911065
cell 5.395259800666285 46.865693640519225 0.0 1.643167672515499 0.6085806194501844 1 0 0 0.7598837338656618 0.6500590057882285 1.7262684831483415
cell 26.926324499369667 49.407140133324326 0.0 1.0488088481701516 0.9534625892455922 1 0 0 0.7848133835976215 -0.6197321622491869 4.478395416550448
cell 0.007598236717107909 6.809011025193999 0.0 1.0 1.0 1 0 0 0.0 1.0 0.0
cell 11.02558500594034 27.49278686420131 0.0 1.0 1.0 1 0 0 0.0 1.0 0.0
cell 23.495071560458438 60.89343736440967 0.0 1.140175425099138 0.8770580193070291 1 0 0 0.5576867254075275 -0.830051514247296 5.099992752227068
cell 56.12992358148911 15.063812534017337 0.0 1.0 1.0 1 0 0 0.0 1.0 0.0
cell 28.898958266135544 37.52989342146741 0.0 1.0 1.0 1 0 0 0.0 1.0 0.0
cell 7.255493473792234 57.694835988236996 0.0 1.4491376746189442 0.690065559342354 1 0 0 0.6910132623942763 -0.72284207901534 4.757405525492721
cell 6.814380303816764 11.484888720599184 0.0 1.0 1.0 1 0 0 0.0 1.0 0.0
cell 26.827439795435637 0.4498469104912772 0.0 1.0 1.0 1 0 0 0.0 1.0 0.0
cell 13.314029678244815 42.48740788080593 0.0 1.643167672515499 0.6085806194501844 1 0 0 0.71557765201902 -0.6985331945805769 4.688283893916788
cell 25.34305459780043 51.33878058551257 0.0 1.140175425099138 0.8770580193070291 1 0 0 0.6081007680014603 -0.7938598465447375 4.975853326551336
cell 10.407365334425212 12.632444497200975 0.0 1.0 1.0 1 0 0 0.0 1.0 0.0
cell 37.732744516454815 59.044090680711165 0.0 1.0 1.0 1 0 0 0.0 1.0 0.0
cell 40.72686457434732 35.170974439070335 0.0 1.5491933384829673 0.6454972243679027 1 0 0 0.6046903553991779 0.7964606544501842 1.2987540685099626
cell 37.65697319484408 16.57743662207677 0.0 1.0 1.0 1 0 0 0.0 1.0 0.0
cell 9.472298106419574 37.57671632025813 0.0 1.643167672515499 0.6085806194501844 1 0 0 0.574668216866788 -0.8183864860340414 5.058787949159084
cell 39.905462333463326 53.35808198324095 0.0 1.0 1.0 1 0 0 0.0 1.0 0.0
cell 47.53118123535099 1.9973771384599355 0.0 1.0 1.0 1 0 0 0.0 1.0 0.0
cell 12.161991694530428 43.863210905797104 0.0 1.643167672515499 0.6085806194501844 1 0 0 0.6864875035582414 -0.7271416006929967 4.769890477433965
cell 60.687383270302746 13.910488870309186 0.0 1.5165750888103104 0.6593804733957869 1 0 0 0.5326390128068413 -0.8463425323331881 5.159753997422383
cell 13.081284671988087 27.133457284052906 0.0 1.0488088481701516 0.9534625892455922 1 0 0 0.9997921430830325 -0.0203880020952748 3.1823714832067638
cell 28.90361117455576 16.127420067801996 0.0 1.0 1.0 1 0 0 0.0 1.0 0.0
cell 27.015030798140984 18.31135956862456 0.0 1.0 1.0 1 0 0 0.0 1.0 0.0
cell 8.413403254147209 47.32173561095315 0.0 1.0488088481701516 0.9534625892455922 1 0 0 0.9920052504303289 -0.1261966050203428 3.394660628791607
cell 61.04671391055804 3.477300206055957 0.0 1.0 1.0 1 0 0 0.0 1.0 0.0
cell 60.85258206534654 56.72067851471658 0.0 1.0 1.0 1 0 0 0.0 1.0 0.0
cell 26.25692546781774 47.32382630924774 0.0 1.0954451150103324 0.9128709291752768 1 0 0 0.6055810003654479 -0.7957836716070413 4.982193780865432
cell 34.129284759798104 41.59803496909562 0.0 1.0 1.0 1 0 0 0.0 1.0 0.0
cell 34.55947627800953 52.39641447261719 0.0 1.0 1.0 1 0 0 0.0 1.0 0.0
cell 15.362243629766812 47.79817252430806 0.0 1.643167672515499 0.6085806194501844 1 0 0 0.5616791052364878 0.8273551732724819 1.192827781206383
cell 60.30983294259464 1.953851685029357 0.0 1.0 1.0 1 0 0 0.0 1.0 0.0
cell 53.54715520180127 38.74716731614481 0.0 1.0 1.0 1 0 0 0.0 1.0 0.0
cell 40.824873113765136 45.81945801570667 0.0 1.0 1.0 1 0 0 0.0 1.0 0.0
cell 7.3447684556733845 35.46832457539071 0.0 1.264911064067352 0.7905694150420947 1 0 0 0.94706367889161 0.3210457726310834 2.487925639114982
cell 42.72834657214963 42.18081201365587 0.0 1.0 1.0 1 0 0 0.0 1.0 0.0
cell 20.545613865851113 33.26298856709723 0.0 1.0 1.0 1 0 0 0.0 1.0 0.0
cell 24.732274419520458 57.12220874335181 0.0 1.0 1.0 1 0 0 0.0 1.0 0.0
cell 23.29933752707604 28.06718469556682 0.0 1.0 1.0 1 0 0 0.0 1.0 0.0
cell 12.75968331476886 21.33583385983319 0.0 1.0 1.0 1 0 0 0.0 1.0 0.0
cell 57.00680973094799 3.423491217935149 0.0 1.0 1.0 1 0 0 0.0 1.0 0.0
cell 54.39830333172223 1.3543024054052928 0.0 1.0 1.0 1 0 0 0.0 1.0 0.0
cell 58.88336143416045 60.270513910162315 0.0 1.0 1.0 1 0 0 0.0 1.0 0.0
cell 48.98655584568348 13.503704080726493 0.0 1.0 1.0 1 0 0 0.0 1.0 0.0
cell 32.85375013939538 29.262766454518683 0.0 1.58113883008419 0.6324555320336757 1 0 0 -0.4732889840017084 0.8809072241857429 5.29714394314396
cell 5.718607344589023 19.487492778948905 0.0 1.0 1.0 1 0 0 0.0 1.0 0.0
cell 55.80335000650159 56.23928824364082 0.0 1.0 1.0 1 0 0 0.0 1.0 0.0
cell 14.478229171590485 34.37752592026129 0.0 1.0 1.0 1 0 0 0.0 1.0 0.0
cell 24.177571521491267 8.112636778116565 0.0 1.0 1.0 1 0 0 0.0 1.0 0.0
cell 12.916767048607399 4.019510901821032 0.0 1.0 1.0 1 0 0 0.0 1.0 0.0
cell 14.761561764102927 21.755031899001178 0.0 1.0 1.0 1 0 0 0.0 1.0 0.0
cell 52.61626052523515 1.0461110293184888 0.0 1.0 1.0 1 0 0 0.0 1.0 0.0
cell 15.20296080046258 36.18615079646116 0.0 1.0 1.0 1 0 0 0.0 1.0 0.0
cell 44.812365332593096 41.96601215044055 0.0 1.0 1.0 1 0 0 0.0 1.0 0.0
cell 41.564836330162024 40.602596368719325 0.0 1.0 1.0 1 0 0 0.0 1.0 0.0
cell 37.133550639301696 24.582075468852203 0.0 1.643167672515499 0.6085806194501844 1 0 0 0.43151286339226747 -0.9021067834391926 5.390847028748535
cell 49.5617500207164 19.082060627893632 0.0 1.0 1.0 1 0 0 0.0 1.0 0.0
cell 23.66093817481575 21.43291649366024 0.0 1.0 1.0 1 0 0 0.0 1.0 0.0
cell 20.507439509511297 56.15353056865315 0.0 1.0488088481701516 0.9534625892455922 1 0 0 0.9572726826890033 -0.28918680982610306 3.728347137925641
cell 55.01825152604922 3.121475042786517 0.0 1.0 1.0 1 0 0 0.0 1.0 0.0
cell 58.275278955610105 35.58581786220157 0.0 1.643167672515499 0.6085806194501844 1 0 0 0.28817946652654447 -0.9575764173539761 5.698535099795085
cell 18.54059799261192 23.164745529917482 0.0 1.0 1.0 1 0 0 0.0 1.0 0.0
cell 47.663878239155345 5.86426707221227 0.0 1.0 1.0 1 0 0 0.0 1.0 0.0
cell 56.202043105624256 6.81814196984192 0.0 1.0 1.0 1 0 0 0.0 1.0 0.0
cell 47.802143554483436 52.07726242618096 0.0 1.0 1.0 1 0 0 0.0 1.0 0.0
cell 18.218282475389344 4.538082271886213 0.0 1.0488088481701516 0.9534625892455922 1 0 0 0.41532418977549707 -0.9096734674526497 5.426586998435997
cell 44.955401983252514 59.71237458832319 0.0 1.0 1.0 1 0 0 0.0 1.0 0.0
cell 20.99811580387682 36.365329272804416 0.0 1.0 1.0 1 0 0 0.0 1.0 0.0
cell 15.625009054077625 54.946384444552706 0.0 1.643167672515499 0.6085806194501844 1 0 0 0.9997290079881651 0.023278973065823876 3.0950305013917214
cell 44.13489765070472 6.04201891766301 0.0 1.0 1.0 1 0 0 0.0 1.0 0.0
cell 51.05837689898971 18.378756585893186 0.0 1.0 1.0 1 0 0 0.0 1.0 0.0
cell 34.08751256229249 17.09401990168661 0.0 1.0 1.0 1 0 0 0.0 1.0 0.0
cell 23.660370563416983 55.33731250964868 0.0 1.341640786499874 0.7453559924999297 1 0 0 0.8199411914974426 0.5724477639800458 1.9226165591116817
cell 31.639652077556637 59.85089532493353 0.0 1.0 1.0 1 0 0 0.0 1.0 0.0
cell 16.39575733717776 13.675112409192586 0.0 1.0 1.0 1 0 0 0.0 1.0 0.0
cell 47.48167740478791 32.37257799427786 0.0 1.643167672515499 0.6085806194501844 1 0 0 0.9860542807157373 -0.16642402315221777 3.4759966513832716
cell 25.70171472273951 45.18935936256095 0.0 1.0 1.0 1 0 0 0.0 1.0 0.0
cell 57.05550516535318 22.935908748104488 0.0 1.4832396974191329 0.6741998624632419 1 0 0 -0.4561611711563129 0.8898971771667225 5.335832075468065
cell 9.607007229592702 23.220816044075523 0.0 1.0 1.0 1 0 0 0.0 1.0 0.0
cell 9.37653267763351 8.339960481213037 0.0 1.0 1.0 1 0 0 0.0 1.0 0.0
cell 32.23703435942641 6.589165408631608 0.0 1.0 1.0 1 0 0 0.0 1.0 0.0
cell 23.551686192074175 31.131777055822738 0.0 1.0 1.0 1 0 0 0.0 1.0 0.0
cell 30.11496821873408 40.97721641467988 0.0 1.0 1.0 1 0 0 0.0 1.0 0.0
cell 3.954275665123619 7.689576314539867 0.0 1.0 1.0 1 0 0 0.0 1.0 0.0
cell 21.45282242437903 15.030376359493111 0.0 1.0 1.0 1 0 0 0.0 1.0 0.0
cell 43.806455794061016 43.76892569550143 0.0 1.0 1.0 1 0 0 0.0 1.0 0.0
cell 2.234315637562047 0.7614095795011263 0.0 1.0 1.0 1 0 0 0.0 1.0 0.0
cell 55.62072796941191 4.876601869661948 0.0 1.0 1.0 1 0 0 0.0 1.0 0.0
cell 57.46667418121171 19.48260837126223 0.0 1.0 1.0 1 0 0 0.0 1.0 0.0
cell 52.94993858863939 2.8306716591549814 0.0 1.0 1.0 1 0 0 0.0 1.0 0.0
cell 41.93544043717454 47.530173370161734 0.0 1.0 1.0 1 0 0 0.0 1.0 0.0
cell 12.065744570304698 32.289597553648015 0.0 1.643167672515499 0.6085806194501844 1 0 0 0.7771830365661047 -0.6292746043452643 4.502831639995851
cell 55.27488841628104 44.04627554283646 0.0 1.0 1.0 1 0 0 0.0 1.0 0.0
cell 45.9916654634283 34.48573113856428 0.0 1.5165750888103104 0.6593804733957869 1 0 0 0.9504626187333765 -0.31083888172249663 3.773743671199925
cell 39.14889413095022 55.25906972475884 0.0 1.0 1.0 1 0 0 0.0 1.0 0.0
cell 42.58276380217294 32.563271223455565 0.0 1.5165750888103104 0.6593804733957869 1 0 0 0.7893307951327982 -0.6139681554079368 4.463748775770497
cell 32.96610463104238 61.469108376617605 0.0 1.0 1.0 1 0 0 0.0 1.0 0.0
cell 42.801126584504445 38.82534014574905 0.0 1.0 1.0 1 0 0 0.0 1.0 0.0
cell 31.15886730877535 21.703504108696634 0.0 1.0 1.0 1 0 0 0.0 1.0 0.0
cell 29.584567897129844 22.97601664608978 0.0 1.0 1.0 1 0 0 0.0 1.0 0.0
cell 5.623689275801365 23.058159187374603 0.0 1.0 1.0 1 0 0 0.0 1.0 0.0
cell 13.255570189142711 14.71379731678616 0.0 1.0 1.0 1 0 0 0.0 1.0 0.0
cell 54.35143649506439 6.335285613818701 0.0 1.0 1.0 1 0 0 0.0 1.0 0.0
cell 53.75584865696444 56.511977523447534 0.0 1.0 1.0 1 0 0 0.0 1.0 0.0
cell 37.88751012994487 53.68003217370211 0.0 1.0 1.0 1 0 0 0.0 1.0 0.0
cell 2.193183156852938 40.64827808332809 0.0 1.58113883008419 0.6324555320336757 1 0 0 0.6942478743891084 0.7197359855573464 1.5347487426143718
cell 56.04595849213599 45.61659234847035 0.0 1.5491933384829673 0.6454972243679027 1 0 0 0.999965940429491 -0.008253361797683451 3.1580995645916854
cell 23.343277481360733 51.62558682956998 0.0 1.643167672515499 0.6085806194501844 1 0 0 0.3438244566192533 0.9390339413623318 0.7019732661967633
cell 58.314925744061576 31.949096150110407 0.0 1.643167672515499 0.6085806194501844 1 0 0 0.48108018927780816 0.8766765945800243 1.0037728751235164
cell 5.90683021206811 59.600536866398265 0.0 1.0954451150103324 0.9128709291752768 1 0 0 0.4227617786423187 -0.9062408501712904 5.410203962726711
cell 44.454072089273396 56.210219085017656 0.0 1.0 1.0 1 0 0 0.0 1.0 0.0
cell 43.82051010275068 52.69270678424472 0.0 1.0 1.0 1 0 0 0.0 1.0 0.0
cell 28.27932392114847 58.53535361454463 0.0 1.0 1.0 1 0 0 0.0 1.0 0.0
cell 44.36496396681846 37.922877305640284 0.0 1.4142135623730954 0.7071067811865474 1 0 0 0.8869073159386321 -0.4619474136030326 4.10197201623419
cell 27.124210157093575 11.017718312091075 0.0 1.0 1.0 1 0 0 0.0 1.0 0.0
cell 40.586871099047855 5.976641725217942 0.0 1.0 1.0 1 0 0 0.0 1.0 0.0
cell 46.215645963692246 26.12900639997403 0.0 1.0 1.0 1 0 0 0.0 1.0 0.0
cell 54.44483034759403 59.91089834336214 0.0 1.0 1.0 1 0 0 0.0 1.0 0.0
cell 59.683258258203054 45.23769036626053 0.0 1.140175425099138 0.8770580193070291 1 0 0 0.1247482680470124 -0.9921884244533751 6.033037080658429
cell 53.571952718050014 4.567258447470859 0.0 1.0 1.0 1 0 0 0.0 1.0 0.0
cell 60.964543548993085 25.353358337351583 0.0 1.0 1.0 1 0 0 0.0 1.0 0.0
cell 40.72530621428682 26.781203873830712 0.0 1.643167672515499 0.6085806194501844 1 0 0 0.8347722464969616 -0.5505954017955618 4.307747295238109
cell 19.27011472444321 59.698818000983586 0.0 1.264911064067352 0.7905694150420947 1 0 0 0.9705461473750704 -0.24091528763324271 3.628210264266487
cell 23.408552855472145 12.123623534528969 0.0 1.0 1.0 1 0 0 0.0 1.0 0.0
cell 14.97816119774147 56.57787970162726 0.0 1.643167672515499 0.6085806194501844 1 0 0 0.936705620659639 -0.3501179518742798 3.8569866990171993
cell 33.602692050861606 2.990339422083839 0.0 1.0 1.0 1 0 0 0.0 1.0 0.0
cell 58.120976360774286 7.236456835807719 0.0 1.0 1.0 1 0 0 0.0 1.0 0.0
cell 50.07004324831144 22.230037889123672 0.0 1.0 1.0 1 0 0 0.0 1.0 0.0
cell 38.34002689625685 0.6326957134492615 0.0 1.0 1.0 1 0 0 0.0 1.0 0.0
cell 56.2547210273004 50.83000096274511 0.0 1.0 1.0 1 0 0 0.0 1.0 0.0
cell 23.553351985826595 44.84804865413094 0.0 1.0 1.0 1 0 0 0.0 1.0 0.0
cell 43.17334534597367 54.6050773833908 0.0 1.0 1.0 1 0 0 0.0 1.0 0.0
cell 8.934488367432296 49.503682466442854 0.0 1.643167672515499 0.6085806194501844 1 0 0 0.8915924710804627 -0.45283867493030494 4.081485853463098
cell 44.832189488226064 20.17516503085659 0.0 1.0 1.0 1 0 0 0.0 1.0 0.0
cell 8.967027442938253 31.056574886818062 0.0 1.0 1.0 1 0 0 0.0 1.0 0.0
cell 5.679010985947139 13.127020939353445 0.0 1.0 1.0 1 0 0 0.0 1.0 0.0
cell 23.386814252928534 19.63083043488987 0.0 1.0 1.0 1 0 0 0.0 1.0 0.0
cell 21.80032284951469 10.878065578993887 0.0 1.0 1.0 1 0 0 0.0 1.0 0.0
cell 35.97568112145468 17.719969734682127 0.0 1.0 1.0 1 0 0 0.0 1.0 0.0
cell 28.06131039751836 31.36288545239069 0.0 1.0 1.0 1 0 0 0.0 1.0 0.0
cell 18.46392759825938 0.6952767803372789 0.0 1.4832396974191329 0.6741998624632419 1 0 0 0.9581905270990225 -0.2861309381693938 3.721965665186322
cell 51.62172827424862 34.86018906964926 0.0 1.4491376746189442 0.690065559342354 1 0 0 0.9331144951322855 0.3595793917537821 2.4059584598202037
cell 6.336242624884223 47.24818696344097 0.0 1.643167672515499 0.6085806194501844 1 0 0 -0.6684681320482248 0.7437407857822221 4.818890915012392
cell 27.68721967892976 55.05676322250646 0.0 1.0 1.0 1 0 0 0.0 1.0 0.0
cell 29.525858984276645 3.5210837998756426 0.0 1.0 1.0 1 0 0 0.0 1.0 0.0
cell 8.583492488748707 59.69772556645875 0.0 1.264911064067352 0.7905694150420947 1 0 0 0.9843999339768245 -0.175945360798242 3.495324709802205
cell 59.48503617498458 19.753762170271923 0.0 1.0 1.0 1 0 0 0.0 1.0 0.0
cell 22.129874013493588 42.98826666560545 0.0 1.0488088481701516 0.9534625892455922 1 0 0 0.23611827158179297 0.9717243239855771 0.47673843809297556
cell 34.82963055784547 43.505028637655805 0.0 1.0 1.0 1 0 0 0.0 1.0 0.0
cell 10.410183687733912 32.506477085282235 0.0 1.0 1.0 1 0 0 0.0 1.0 0.0
cell 49.04957240868284 23.986991687707217 0.0 1.0 1.0 1 0 0 0.0 1.0 0.0
cell 42.910709531234126 28.43543089541469 0.0 1.643167672515499 0.6085806194501844 1 0 0 0.9304275633008774 -0.3664758511143562 3.892029685527531
cell 32.74923487593133 20.42791783654296 0.0 1.0 1.0 1 0 0 0.0 1.0 0.0
cell 22.588890398313065 52.96572442721822 0.0 1.2247448713915894 0.8164965809277259 1 0 0 0.9836826984126384 -0.17991205863874216 3.5033867543605615
cell 33.602810016970366 24.37531020863598 0.0 1.0 1.0 1 0 0 0.0 1.0 0.0
cell 46.083242764789716 29.744074209293615 0.0 1.0 1.0 1 0 0 0.0 1.0 0.0
cell 3.9622007038428015 48.31348074502124 0.0 1.0 1.0 1 0 0 0.0 1.0 0.0
cell 20.01819594616742 11.857929613323206 0.0 1.0 1.0 1 0 0 0.0 1.0 0.0
cell 5.257225772854814 42.944305010045106 0.0 1.0 1.0 1 0 0 0.0 1.0 0.0
cell 10.817173495831812 49.74472325969865 0.0 1.643167672515499 0.6085806194501844 1 0 0 0.9543743652928837 -0.2986127439876024 3.7480701464853245
cell 20.490516405988565 23.923578023440022 0.0 1.0 1.0 1 0 0 0.0 1.0 0.0
cell 16.44239354532589 46.57235226917742 0.0 1.643167672515499 0.6085806194501844 1 0 0 0.9666903223607058 -0.25594886335780925 3.6592509228199592
cell 42.30943663242671 26.623526938599145 0.0 1.643167672515499 0.6085806194501844 1 0 0 0.9513846129124994 -0.30800538682518785 3.7677842171414415
cell 60.84261202355366 21.7127025004052 0.0 1.0 1.0 1 0 0 0.0 1.0 0.0
cell 50.15297397020527 49.4374817639702 0.0 1.0 1.0 1 0 0 0.0 1.0 0.0
cell 45.369221300605595 15.13662380571853 0.0 1.58113883008419 0.6324555320336757 1 0 0 0.5822203427285243 0.813031040313394 1.2429139469251762
cell 40.240693296020964 28.96471612557501 0.0 1.0 1.0 1 0 0 0.0 1.0 0.0
cell 32.54296269548602 52.57072421177833 0.0 1.0 1.0 1 0 0 0.0 1.0 0.0
cell 21.5901163548161 12.957506259629646 0.0 1.0 1.0 1 0 0 0.0 1.0 0.0
cell 43.620004160784646 31.789572864222077 0.0 1.643167672515499 0.6085806194501844 1 0 0 0.8437571326442126 -0.5367251634794261 4.274694736723842
cell 17.63843295837723 28.28087839653459 0.0 1.0 1.0 1 0 0 0.0 1.0 0.0
cell 14.737998210682534 4.816732932786987 0.0 1.0 1.0 1 0 0 0.0 1.0 0.0
cell 8.722216196526569 36.223476738088785 0.0 1.58113883008419 0.6324555320336757 1 0 0 0.38929821688741856 -0.9211117729832121 5.483446141392782
cell 9.664321220929063 10.72365344484305 0.0 1.0 1.0 1 0 0 0.0 1.0 0.0
cell 8.180681989597291 32.969866562815405 0.0 1.0 1.0 1 0 0 0.0 1.0 0.0
cell 20.85504093011987 25.91816327984963 0.0 1.0 1.0 1 0 0 0.0 1.0 0.0
cell 57.61303056442194 5.293790932413777 0.0 1.0 1.0 1 0 0 0.0 1.0 0.0
cell 31.641000425495918 23.73450227132183 0.0 1.0 1.0 1 0 0 0.0 1.0 0.0
cell 39.806259203507516 23.325829537637418 0.0 1.58113883008419 0.6324555320336757 1 0 0 0.6336241382496334 -0.7736410352530491 4.910727711058053
cell 61.878771203274084 23.46019508318272 0.0 1.0 1.0 1 0 0 0.0 1.0 0.0
cell 28.411786235473006 12.60593649568768 0.0 1.0 1.0 1 0 0 0.0 1.0 0.0
cell 9.79127846485152 19.694670112874544 0.0 1.0 1.0 1 0 0 0.0 1.0 0.0
cell 26.903473684199152 16.371908773483092 0.0 1.0 1.0 1 0 0 0.0 1.0 0.0
cell 35.855054997654534 53.959484478995925 0.0 1.0 1.0 1 0 0 0.0 1.0 0.0
cell 41.33986032356377 16.773603132608997 0.0 1.6124515496597105 0.6201736729460421 1 0 0 0.6193684734140734 -0.7851004357027961 4.947309190826245
cell 59.18154758306525 49.28276795126845 0.0 1.6124515496597105 0.6201736729460421 1 0 0 0.9991570242726057 0.04105168506543619 3.059466205294281
cell 39.839634281253815 36.959932256830996 0.0 1.0 1.0 1 0 0 0.0 1.0 0.0
cell 32.58022255382486 18.65252764435004 0.0 1.0 1.0 1 0 0 0.0 1.0 0.0
cell 52.40076272311421 46.768869448140876 0.0 1.0 1.0 1 0 0 0.0 1.0 0.0
cell 2.115803110389068 48.84603764913894 0.0 1.0 1.0 1 0 0 0.0 1.0 0.0
cell 40.55175596003676 51.43254800977903 0.0 1.0 1.0 1 0 0 0.0 1.0 0.0
cell 54.09302761267963 40.368731264043134 0.0 1.643167672515499 0.6085806194501844 1 0 0 -0.974207001400824 -0.22565619517667795 2.6863595491465
cell 29.5740784003332 60.12382280663024 0.0 1.0 1.0 1 0 0 0.0 1.0 0.0
cell 40.944016574426094 3.8331909978020056 0.0 1.0 1.0 1 0 0 0.0 1.0 0.0
cell 60.3033378295978 35.120707422143305 0.0 1.643167672515499 0.6085806194501844 1 0 0 0.4520552587895924 -0.8919899343606265 5.34504905688807
cell 20.87763891608537 0.7896402634925411 0.0 1.1832159566199234 0.8451542547285166 1 0 0 0.9945000017933863 -0.10473655728996797 3.3514506489586173
cell 40.74202049433633 38.777605394821684 0.0 1.0 1.0 1 0 0 0.0 1.0 0.0
cell 24.893695642874675 43.4810253573565 0.0 1.643167672515499 0.6085806194501844 1 0 0 -0.05780203922394124 -0.9983280644465296 0.11566854908920732
cell 9.55210199376525 3.7042759987194755 0.0 1.140175425099138 0.8770580193070291 1 0 0 0.8526221793248524 0.5225279124825192 2.0419663843604
cell 40.212236731683355 31.12441318091424 0.0 1.0488088481701516 0.9534625892455922 1 0 0 0.7519671808475219 -0.6592005453033472 4.581102881055702
cell 44.64707936196869 30.702248493094828 0.0 1.643167672515499 0.6085806194501844 1 0 0 0.9699963175636097 -0.24311960824465978 3.6327539827434374
cell 28.049679546462286 27.75311269564356 0.0 1.0 1.0 1 0 0 0.0 1.0 0.0
cell 35.71377277673737 59.336558348463704 0.0 1.0 1.0 1 0 0 0.0 1.0 0.0
cell 19.861277297805326 38.99032019005943 0.0 1.643167672515499 0.6085806194501844 1 0 0 -0.22282630302493095 0.9748581633654414 5.833759889855965
cell 4.808710770839956 52.400992587619264 0.0 1.643167672515499 0.6085806194501844 1 0 0 0.7475398149577169 0.6642170014784192 1.688700861449725
cell 54.642718670936596 31.846010576727046 0.0 1.643167672515499 0.6085806194501844 1 0 0 0.9995881165937894 -0.02869838261088627 3.1989973003684824
cell 16.395756253250422 3.5874278596043703 0.0 1.0 1.0 1 0 0 0.0 1.0 0.0
cell 45.585644141033924 36.398562636603955 0.0 1.0488088481701516 0.9534625892455922 1 0 0 0.4959815988922731 -0.8683330314805859 5.245255491730141
cell 34.48086130353267 26.352193734151438 0.0 1.58113883008419 0.6324555320336757 1 0 0 0.26262096875924856 -0.964899075949373 5.751710273638491
cell 22.166371348818288 29.666889718576712 0.0 1.0 1.0 1 0 0 0.0 1.0 0.0
cell 50.88147440883493 24.111779361546635 0.0 1.0 1.0 1 0 0 0.0 1.0 0.0
cell 35.38311442560982 40.06387662091104 0.0 1.0 1.0 1 0 0 0.0 1.0 0.0
cell 0.24169604805626307 8.550317873593507 0.0 1.0 1.0 1 0 0 0.0 1.0 0.0
cell 48.84064656397628 48.20615633910307 0.0 1.0 1.0 1 0 0 0.0 1.0 0.0
cell 55.10738784848005 52.13925327165302 0.0 1.0 1.0 1 0 0 0.0 1.0 0.0
cell 8.632036578546785 24.80155699182737 0.0 1.0 1.0 1 0 0 0.0 1.0 0.0
cell 18.32051166731236 10.853538348402136 0.0 1.0 1.0 1 0 0 0.0 1.0 0.0
cell 6.685651495270423 31.77048538914315 0.0 1.0 1.0 1 0 0 0.0 1.0 0.0
cell 32.38521023168804 58.00304880830227 0.0 1.0 1.0 1 0 0 0.0 1.0 0.0
cell 39.33796486815962 44.06730059175541 0.0 1.1832159566199234 0.8451542547285166 1 0 0 0.019100101352492262 0.9998175764249819 0.03820252574701108
cell 1.300132571687291 16.18402028072662 0.0 1.0 1.0 1 0 0 0.0 1.0 0.0
cell 35.215748638235816 50.61601854756628 0.0 1.0 1.0 1 0 0 0.0 1.0 0.0
cell 26.07641651219501 23.745836259230945 0.0 1.0488088481701516 0.9534625892455922 1 0 0 0.8451392477694382 0.5345462111732794 2.0136512212154867
cell 7.940224744878078 9.741849422501975 0.0 1.0 1.0 1 0 0 0.0 1.0 0.0
cell 7.638303197242958 0.5223716827245283 0.0 1.643167672515499 0.6085806194501844 1 0 0 0.7775610599909977 0.6288074411023428 1.7815555710337563
cell 0.40279200859132536 49.07367959066168 0.0 1.643167672515499 0.6085806194501844 1 0 0 0.5627455262551055 0.8266301910043355 1.1954068145977914
cell 45.38744623171681 24.30658125267339 0.0 1.0 1.0 1 0 0 0.0 1.0 0.0
cell 36.075566105122135 6.346601686941451 0.0 1.0 1.0 1 0 0 0.0 1.0 0.0
cell 18.174311395023082 21.157132003774127 0.0 1.0 1.0 1 0 0 0.0 1.0 0.0
cell 53.05010621019313 50.41069796433177 0.0 1.0 1.0 1 0 0 0.0 1.0 0.0
cell 19.874340955865726 5.66844832557516 0.0 1.0 1.0 1 0 0 0.0 1.0 0.0
cell 12.464107597806558 40.746308895301986 0.0 1.643167672515499 0.6085806194501844 1 0 0 0.5529228297446995 -0.8332324671705454 5.111449322937702
cell 3.7222757615714017 23.06982853300668 0.0 1.0 1.0 1 0 0 0.0 1.0 0.0
cell 47.59047255135122 3.8415269737824955 0.0 1.0 1.0 1 0 0 0.0 1.0 0.0
cell 43.0163057202322 59.9918853245199 0.0 1.0 1.0 1 0 0 0.0 1.0 0.0
cell 58.04110314433211 50.59768832414627 0.0 1.0 1.0 1 0 0 0.0 1.0 0.0
cell 52.71862092271201 12.884608690227154 0.0 1.0 1.0 1 0 0 0.0 1.0 0.0
cell 51.66078876023998 36.75700974792952 0.0 1.0 1.0 1 0 0 0.0 1.0 0.0
cell 22.1177734380592 22.671436811868062 0.0 1.0 1.0 1 0 0 0.0 1.0 0.0
cell 36.61598513643547 21.79192790749954 0.0 1.0 1.0 1 0 0 0.0 1.0 0.0
cell 16.523265603963033 9.849849580215322 0.0 1.0 1.0 1 0 0 0.0 1.0 0.0
cell 4.782002282282022 11.33914351420388 0.0 1.0 1.0 1 0 0 0.0 1.0 0.0
cell 42.45214047954974 11.167131041507593 0.0 1.0 1.0 1 0 0 0.0 1.0 0.0
cell 21.957118521676826 34.6981099506792 0.0 1.0 1.0 1 0 0 0.0 1.0 0.0
cell 26.190813096181085 58.71224095175845 0.0 1.0 1.0 1 0 0 0.0 1.0 0.0
cell 34.39723960622692 57.7343979170454 0.0 1.0 1.0 1 0 0 0.0 1.0 0.0
cell 54.888883268787154 24.112494483867735 0.0 1.643167672515499 0.6085806194501844 1 0 0 0.372052793106345 -0.9282115702477357 5.520746106225949
cell 48.170757212010166 27.03150342328776 0.0 1.5491933384829673 0.6454972243679027 1 0 0 -0.5608470099678934 -0.8279194594947469 1.1908170086565422
cell 33.12563827114084 50.62113740372361 0.0 1.0 1.0 1 0 0 0.0 1.0 0.0
cell 47.92471627804156 43.63902736565081 0.0 1.0 1.0 1 0 0 0.0 1.0 0.0
cell 61.32642165534244 60.15816386126347 0.0 1.0 1.0 1 0 0 0.0 1.0 0.0
cell 58.944867255945574 57.125785382156316 0.0 1.0 1.0 1 0 0 0.0 1.0 0.0
cell 33.85056695295469 54.252485767125805 0.0 1.0 1.0 1 0 0 0.0 1.0 0.0
cell 57.51356817772867 61.83268680800677 0.0 1.0 1.0 1 0 0 0.0 1.0 0.0
cell 31.82208495636225 54.52381812092041 0.0 1.0 1.0 1 0 0 0.0 1.0 0.0
cell 49.51450361631336 25.766696459959398 0.0 1.0 1.0 1 0 0 0.0 1.0 0.0
cell 11.82038691674963 52.52120780827085 0.0 1.643167672515499 0.6085806194501844 1 0 0 0.7811895893144504 -0.6242938615321477 4.490047211494499
cell 60.45839833662601 47.66881396573401 0.0 1.643167672515499 0.6085806194501844 1 0 0 0.8657867898422893 -0.5004130639127875 4.189744266448446
cell 26.619404558568046 25.849730598556697 0.0 1.0 1.0 1 0 0 0.0 1.0 0.0
cell 58.512239566483004 9.091434696486239 0.0 1.0 1.0 1 0 0 0.0 1.0 0.0
cell 30.279274968680287 6.982935803580519 0.0 1.0 1.0 1 0 0 0.0 1.0 0.0
cell 0.9430741371364968 56.31415644777839 0.0 1.0 1.0 1 0 0 0.0 1.0 0.0
cell 33.381814838844996 39.682423907970744 0.0 1.0 1.0 1 0 0 0.0 1.0 0.0
cell 59.09142338003546 21.750655335644232 0.0 1.0 1.0 1 0 0 0.0 1.0 0.0
cell 30.91753203503371 61.743497616849034 0.0 1.0 1.0 1 0 0 0.0 1.0 0.0
cell 13.97433666399417 39.93285073611632 0.0 1.643167672515499 0.6085806194501844 1 0 0 0.7892753617022744 -0.6140394151923343 4.463929339577474
cell 29.144820257894242 10.723204694958651 0.0 1.0 1.0 1 0 0 0.0 1.0 0.0
cell 2.622599915868216 46.80439962852602 0.0 1.0 1.0 1 0 0 0.0 1.0 0.0
cell 5.410946122451838 55.37292131626613 0.0 1.643167672515499 0.6085806194501844 1 0 0 0.9594483050053069 -0.281884639564563 3.7131083316916387
cell 23.211152391060825 36.28406156441333 0.0 1.0 1.0 1 0 0 0.0 1.0 0.0
cell 49.52197108793047 6.7800200551122165 0.0 1.0 1.0 1 0 0 0.0 1.0 0.0
cell 29.680563364159607 32.49467931369202 0.0 1.0 1.0 1 0 0 0.0 1.0 0.0
cell 14.78572918139619 10.965743769440014 0.0 1.0 1.0 1 0 0 0.0 1.0 0.0
cell 6.100973493397043 38.56642790935966 0.0 1.643167672515499 0.6085806194501844 1 0 0 0.8464275863913863 0.5325038412966167 2.018480752849661
cell 56.36095971359085 16.81562577138432 0.0 1.0 1.0 1 0 0 0.0 1.0 0.0
cell 26.577352200572218 12.941520666743243 0.0 1.0 1.0 1 0 0 0.0 1.0 0.0
cell 2.2893692876389697 54.27240281000996 0.0 1.643167672515499 0.6085806194501844 1 0 0 0.9784791410376819 0.20634575487312615 2.7259149296627454
cell 58.97763819887621 25.353997687526363 0.0 1.0 1.0 1 0 0 0.0 1.0 0.0
cell 15.69820184612966 27.662391699023406 0.0 1.0 1.0 1 0 0 0.0 1.0 0.0
cell 27.648038568986074 14.518507127059793 0.0 1.0 1.0 1 0 0 0.0 1.0 0.0
cell 33.146767664242574 45.13726821600944 0.0 1.0 1.0 1 0 0 0.0 1.0 0.0
cell 3.1224534982670837 37.993974748318585 0.0 1.2247448713915894 0.8164965809277259 1 0 0 0.7720101801034364 0.635610164972729 1.7639954098934691
cell 14.719102994552212 8.888830439406252 0.0 1.0 1.0 1 0 0 0.0 1.0 0.0
cell 15.557576635967 32.63047318705381 0.0 1.0 1.0 1 0 0 0.0 1.0 0.0
cell 38.187259222007164 31.285045883483733 0.0 1.0 1.0 1 0 0 0.0 1.0 0.0
cell 29.000698315867577 56.663993872816974 0.0 1.0 1.0 1 0 0 0.0 1.0 0.0
cell 33.80846653952784 46.97102829668229 0.0 1.0 1.0 1 0 0 0.0 1.0 0.0
cell 16.143926570556623 29.623663711375627 0.0 1.0 1.0 1 0 0 0.0 1.0 0.0
cell 1.4157079137262083 44.61740939625138 0.0 1.643167672515499 0.6085806194501844 1 0 0 0.5898459503896486 0.807515792296926 1.2617361154060909
cell 48.901517781164905 41.825136242555445 0.0 1.0 1.0 1 0 0 0.0 1.0 0.0
cell 60.01851383321666 40.593773733084866 0.0 1.643167672515499 0.6085806194501844 1 0 0 0.8852845751961245 -0.46504969725806455 4.1089741484563405
cell 9.383810325371098 61.6552307928505 0.0 1.140175425099138 0.8770580193070291 1 0 0 0.9047352030719737 -0.4259744268407606 4.0216699390908
cell 39.220409097380276 26.47708805064898 0.0 1.0 1.0 1 0 0 0.0 1.0 0.0
cell 17.92330491166167 19.127881142097756 0.0 1.0 1.0 1 0 0 0.0 1.0 0.0
cell 36.41280344720386 57.4448125011209 0.0 1.0 1.0 1 0 0 0.0 1.0 0.0
cell 56.95421825734339 25.21678049469405 0.0 1.0 1.0 1 0 0 0.0 1.0 0.0
cell 33.97891051683625 36.17785739782724 0.0 1.0 1.0 1 0 0 0.0 1.0 0.0
cell 32.84867208408079 43.16981052965482 0.0 1.0 1.0 1 0 0 0.0 1.0 0.0
cell 46.66381593416775 38.265596236545946 0.0 1.0488088481701516 0.9534625892455922 1 0 0 0.9279646326421622 -0.3726682714765197 3.9053581905812695
cell 55.74357560436783 20.54050906865442 0.0 1.0 1.0 1 0 0 0.0 1.0 0.0
cell 1.016470012717665 35.816686947749155 0.0 1.6124515496597105 0.6201736729460421 1 0 0 0.6173819587664937 -0.7866635348035699 4.952364691848322
cell 24.387855232863263 46.72892050192643 0.0 1.0 1.0 1 0 0 0.0 1.0 0.0
cell 45.872318235527636 43.651241258613204 0.0 1.0 1.0 1 0 0 0.0 1.0 0.0
cell 39.687492149344735 2.207744043617962 0.0 1.0 1.0 1 0 0 0.0 1.0 0.0
cell 61.73491135551355 35.01992310767699 0.0 1.643167672515499 0.6085806194501844 1 0 0 0.48702873856843776 -0.8733859443616185 5.2658162862052915
cell 17.285660462199466 31.75831041093371 0.0 1.0 1.0 1 0 0 0.0 1.0 0.0
cell 51.09092519042747 1.7994920034652782 0.0 1.0 1.0 1 0 0 0.0 1.0 0.0
cell 33.11207513793077 56.12094187623182 0.0 1.0 1.0 1 0 0 0.0 1.0 0.0
cell 49.89092775323261 40.09383796301747 0.0 1.0 1.0 1 0 0 0.0 1.0 0.0
cell 1.5871412207772444 19.652274809312065 0.0 1.0 1.0 1 0 0 0.0 1.0 0.0
cell 36.31624076055423 19.743615380146714 0.0 1.0 1.0 1 0 0 0.0 1.0 0.0
cell 48.36379733886804 50.18164507815914 0.0 1.0 1.0 1 0 0 0.0 1.0 0.0
cell 30.960621515733624 34.08381989299492 0.0 1.0 1.0 1 0 0 0.0 1.0 0.0
cell 22.71374003979424 38.776919067878914 0.0 1.643167672515499 0.6085806194501844 1 0 0 -0.13190043782055094 0.9912629693995166 6.018613457681132
cell 25.45842262087501 60.602420538109754 0.0 1.0 1.0 1 0 0 0.0 1.0 0.0
cell 47.61269793324303 19.267426715803452 0.0 1.0 1.0 1 0 0 0.0 1.0 0.0
cell 25.60889102134252 4.25060441526594 0.0 1.0 1.0 1 0 0 0.0 1.0 0.0
cell 41.09986928319358 12.499796599491708 0.0 1.0 1.0 1 0 0 0.0 1.0 0.0
cell 27.252986548469533 51.501092450551596 0.0 1.0 1.0 1 0 0 0.0 1.0 0.0
cell 37.89606116326919 47.72165419646488 0.0 1.0 1.0 1 0 0 0.0 1.0 0.0
cell 23.69278111750177 10.049310207321714 0.0 1.0 1.0 1 0 0 0.0 1.0 0.0
cell 48.59574690643896 60.65148923064086 0.0 1.0 1.0 1 0 0 0.0 1.0 0.0
cell 37.66932030126113 2.5642023865516386 0.0 1.0 1.0 1 0 0 0.0 1.0 0.0
cell 46.918535497856524 48.7933220165471 0.0 1.0 1.0 1 0 0 0.0 1.0 0.0
cell 4.64368030252447 21.26075359421631 0.0 1.0 1.0 1 0 0 0.0 1.0 0.0
cell 50.611096431100606 54.86985812384705 0.0 1.0 1.0 1 0 0 0.0 1.0 0.0
cell 16.47109269139713 5.752884105628962 0.0 1.0 1.0 1 0 0 0.0 1.0 0.0
cell 41.80849502354329 18.733266372594393 0.0 1.643167672515499 0.6085806194501844 1 0 0 -0.36520502892266427 0.9309271114591067 5.53547923675384
cell 58.847305072353194 10.957417175681654 0.0 1.0 1.0 1 0 0 0.0 1.0 0.0
cell 20.512712395653438 49.650040893582954 0.0 1.3784048752090226 0.7254762501100115 1 0 0 0.734172631372688 -0.6789628468062912 4.634290707957993
cell 49.62005358880715 8.854511631082584 0.0 1.0 1.0 1 0 0 0.0 1.0 0.0
cell 9.112835902806165 44.31706989544792 0.0 1.0 1.0 1 0 0 0.0 1.0 0.0
cell 48.79941152559601 38.272653283202494 0.0 1.0 1.0 1 0 0 0.0 1.0 0.0
cell 28.382499068245885 34.02523100506665 0.0 1.0 1.0 1 0 0 0.0 1.0 0.0
cell 7.085291484361533 43.67929215084614 0.0 1.0 1.0 1 0 0 0.0 1.0 0.0
cell 18.249892950534658 8.808992679683506 0.0 1.0 1.0 1 0 0 0.0 1.0 0.0
cell 9.44492882945464 55.38369238610884 0.0 1.643167672515499 0.6085806194501844 1 0 0 -0.005691024724260807 -0.9999838059876709 0.011382110889269548
cell 55.87805115430856 47.54805314370552 0.0 1.0 1.0 1 0 0 0.0 1.0 0.0
cell 27.771582434428833 41.23635539030762 0.0 1.0 1.0 1 0 0 0.0 1.0 0.0
cell 1.8527568510932906 23.249066617142372 0.0 1.0 1.0 1 0 0 0.0 1.0 0.0
cell 21.700174205850686 2.65852952481546 0.0 1.0 1.0 1 0 0 0.0 1.0 0.0
cell 47.93767267923131 30.759672661537916 0.0 1.0488088481701516 0.9534625892455922 1 0 0 0.9500828096593072 -0.31199784420709803 3.776182891696587
cell 16.08044082823516 16.651027549235636 0.0 1.0 1.0 1 0 0 0.0 1.0 0.0
cell 4.399867593238159 46.06019297628156 0.0 1.643167672515499 0.6085806194501844 1 0 0 0.8065719410810276 0.5911359436379955 1.8766597033474874
cell 24.88360171374437 32.66382440947366 0.0 1.0 1.0 1 0 0 0.0 1.0 0.0
cell 19.098218887842066 51.72830311616729 0.0 1.643167672515499 0.6085806194501844 1 0 0 0.5714989378057935 -0.820602805312564 5.066522655243224
cell 21.67353328581211 4.755197421979184 0.0 1.0 1.0 1 0 0 0.0 1.0 0.0
cell 7.557736580352407 3.3318298349170576 0.0 1.0 1.0 1 0 0 0.0 1.0 0.0
cell 34.45339748055142 19.097585647070446 0.0 1.0 1.0 1 0 0 0.0 1.0 0.0
cell 43.769613385930825 40.39742155721301 0.0 1.0 1.0 1 0 0 0.0 1.0 0.0
cell 25.156340657648148 15.406304112324424 0.0 1.0 1.0 1 0 0 0.0 1.0 0.0
cell 51.63923625895177 30.757423933166095 0.0 1.643167672515499 0.6085806194501844 1 0 0 0.9386622509749355 -0.34483790191141567 3.845724831750889
cell 54.30798515955868 15.953249696624233 0.0 1.0 1.0 1 0 0 0.0 1.0 0.0
cell 51.186706202811145 3.7232548035873876 0.0 1.0 1.0 1 0 0 0.0 1.0 0.0
cell 39.24413289867808 33.028917724269164 0.0 1.0488088481701516 0.9534625892455922 1 0 0 0.2018562402218404 -0.9794151613506412 5.876679695919124
cell 32.10532700494125 35.77613903205838 0.0 1.0 1.0 1 0 0 0.0 1.0 0.0
cell 54.666158948892615 55.03542100967057 0.0 1.0 1.0 1 0 0 0.0 1.0 0.0
cell 51.804035842677195 56.46952034446051 0.0 1.0 1.0 1 0 0 0.0 1.0 0.0
cell 7.154031396386429 48.712611639225095 0.0 1.643167672515499 0.6085806194501844 1 0 0 0.6915831368085167 -0.722296867556611 4.755828170218882
cell 1.1697388273075666 61.21325489549908 0.0 1.0 1.0 1 0 0 0.0 1.0 0.0
cell 19.761828714240668 13.937958484900292 0.0 1.0 1.0 1 0 0 0.0 1.0 0.0
cell 13.142765585750226 57.32907976583913 0.0 1.4491376746189442 0.690065559342354 1 0 0 0.7968747344559219 -0.6041445667932501 4.43897654332037
cell 26.077753778982757 2.3273011564509853 0.0 1.0488088481701516 0.9534625892455922 1 0 0 0.11951571175784895 0.9928323094274354 0.23960416704561627
cell 15.111547515572882 23.740291784207677 0.0 1.0 1.0 1 0 0 0.0 1.0 0.0
cell 39.57212325469132 17.22965165001991 0.0 1.0 1.0 1 0 0 0.0 1.0 0.0
cell 2.2138737366994072 9.127476907483434 0.0 1.0 1.0 1 0 0 0.0 1.0 0.0
cell 54.36246307625199 46.70954647753674 0.0 1.0 1.0 1 0 0 0.0 1.0 0.0
cell 34.287418968022315 48.90916131819755 0.0 1.0 1.0 1 0 0 0.0 1.0 0.0
cell 39.25057867733242 49.81534496184684 0.0 1.0 1.0 1 0 0 0.0 1.0 0.0
cell 41.82565087008916 29.738518501688013 0.0 1.4832396974191329 0.6741998624632419 1 0 0 0.7294627616479696 -0.6840205255465054 4.648112889721061
cell 30.82149894038905 37.32874445188107 0.0 1.0 1.0 1 0 0 0.0 1.0 0.0
cell 59.724707735639086 55.06598556268594 0.0 1.0 1.0 1 0 0 0.0 1.0 0.0
cell 42.54056436280928 35.14382425371967 0.0 1.0 1.0 1 0 0 0.0 1.0 0.0
cell 53.45077739823574 44.960416791719595 0.0 1.0 1.0 1 0 0 0.0 1.0 0.0
cell 60.118867454904596 17.768975860116193 0.0 1.0 1.0 1 0 0 0.0 1.0 0.0
cell 25.848361358736994 42.003911367369405 0.0 1.0 1.0 1 0 0 0.0 1.0 0.0
cell 10.013052619051791 16.15580442923475 0.0 1.0 1.0 1 0 0 0.0 1.0 0.0
cell 56.34288327440836 1.591458607445147 0.0 1.0 1.0 1 0 0 0.0 1.0 0.0
cell 58.22463634029035 23.620926427891476 0.0 1.0 1.0 1 0 0 0.0 1.0 0.0
cell 0.401904896895059 12.364826006841803 0.0 1.0 1.0 1 0 0 0.0 1.0 0.0
cell 9.310695452345703 5.958082075210451 0.0 1.0488088481701516 0.9534625892455922 1 0 0 0.7718022379712114 0.6358626466955183 1.763341232695301
cell 30.54919432950234 26.817584064479657 0.0 1.0 1.0 1 0 0 0.0 1.0 0.0
cell 59.88218881603051 27.106651471228435 0.0 1.0 1.0 1 0 0 0.0 1.0 0.0
cell 51.282640046657015 58.22032151798762 0.0 1.0 1.0 1 0 0 0.0 1.0 0.0
cell 54.24849181054601 53.53324444256704 0.0 1.0 1.0 1 0 0 0.0 1.0 0.0
cell 6.123056861150729 1.8547261216659934 0.0 1.0 1.0 1 0 0 0.0 1.0 0.0
cell 17.81593078776379 35.66496061940072 0.0 1.0 1.0 1 0 0 0.0 1.0 0.0
cell 26.29712468153305 7.734762596961229 0.0 1.0 1.0 1 0 0 0.0 1.0 0.0
cell 24.90800267340382 13.46567029992051 0.0 1.0 1.0 1 0 0 0.0 1.0 0.0
cell 37.219964538706044 11.158086970555653 0.0 1.0 1.0 1 0 0 0.0 1.0 0.0
cell 4.121873003310866 9.517690871235391 0.0 1.0 1.0 1 0 0 0.0 1.0 0.0
cell 21.971023358887088 37.68503784616407 0.0 1.643167672515499 0.6085806194501844 1 0 0 0.042795130809470075 -0.9990838687412585 6.197568898674099
cell 45.06258657125167 12.554227970592711 0.0 1.3784048752090226 0.7254762501100115 1 0 0 0.4002164921348863 0.9164206236348277 0.8235061410626339
cell 30.2099028432082 1.6836503244852152 0.0 1.0 1.0 1 0 0 0.0 1.0 0.0
cell 17.34554719876561 26.445181156859586 0.0 1.0 1.0 1 0 0 0.0 1.0 0.0
cell 16.28338452052632 20.33834087289693 0.0 1.0 1.0 1 0 0 0.0 1.0 0.0
cell 0.7158576449281084 52.98797626163492 0.0 1.0 1.0 1 0 0 0.0 1.0 0.0
cell 22.836070455361682 32.9699542947103 0.0 1.0 1.0 1 0 0 0.0 1.0 0.0
cell 27.630526972341823 22.296306146346488 0.0 1.0 1.0 1 0 0 0.0 1.0 0.0
cell 0.9366014445631916 25.28754954391476 0.0 1.0 1.0 1 0 0 0.0 1.0 0.0
cell 2.1596477497219464 36.148903635200305 0.0 1.643167672515499 0.6085806194501844 1 0 0 0.8006795758380394 0.5990928282293299 1.856857402327371
cell 47.19895296656813 54.0067312599659 0.0 1.0 1.0 1 0 0 0.0 1.0 0.0
cell 61.34712604688671 0.2523684008319573 0.0 1.0 1.0 1 0 0 0.0 1.0 0.0
cell 13.629313556117902 32.52993523487312 0.0 1.0 1.0 1 0 0 0.0 1.0 0.0
cell 7.5986453655348445 23.049764736747075 0.0 1.0 1.0 1 0 0 0.0 1.0 0.0
cell 20.4992331432101 47.375293522404704 0.0 1.6124515496597105 0.6201736729460421 1 0 0 0.9709219307811272 -0.23939633315539335 3.6250807682216797
cell 47.671320170142224 57.348298474564416 0.0 1.0 1.0 1 0 0 0.0 1.0 0.0
cell 58.856674585866536 16.178217365323498 0.0 1.0 1.0 1 0 0 0.0 1.0 0.0
cell 38.58798788745695 5.847027077849372 0.0 1.0 1.0 1 0 0 0.0 1.0 0.0
cell 47.24010424152851 13.494720377973522 0.0 1.5491933384829673 0.6454972243679027 1 0 0 -0.4277810799302344 0.9038823748993684 5.399112367736986
cell 3.806276355006215 31.127720099364318 0.0 1.0 1.0 1 0 0 0.0 1.0 0.0
cell 48.53023012964954 15.44152688240399 0.0 1.0 1.0 1 0 0 0.0 1.0 0.0
cell 25.720563748995176 21.697198475422805 0.0 1.0 1.0 1 0 0 0.0 1.0 0.0
cell 57.779020781305846 58.789018934469794 0.0 1.0 1.0 1 0 0 0.0 1.0 0.0
cell 6.833163491082441 17.74371935437883 0.0 1.0 1.0 1 0 0 0.0 1.0 0.0
cell 60.47653545865185 9.70567931789874 0.0 1.0 1.0 1 0 0 0.0 1.0 0.0
cell 8.880931581905676 17.84209659375971 0.0 1.0 1.0 1 0 0 0.0 1.0 0.0
cell 36.177687662176574 30.918371486716506 0.0 1.0 1.0 1 0 0 0.0 1.0 0.0
cell 47.81050343205715 7.847026485436345 0.0 1.0 1.0 1 0 0 0.0 1.0 0.0
cell 14.91683399406516 53.25493853915993 0.0 1.643167672515499 0.6085806194501844 1 0 0 0.9684403525936561 -0.2492454281792847 3.6453946836477535
cell 43.083365620571996 13.094901443295145 0.0 1.0488088481701516 0.9534625892455922 1 0 0 0.14790857391361956 -0.9890010383022049 5.9862788046406425
cell 10.6482877057083 56.77297768109999 0.0 1.2247448713915894 0.8164965809277259 1 0 0 0.9490532332941969 0.3151157888361526 2.500435341282603
cell 35.839924084764576 26.963781767690776 0.0 1.643167672515499 0.6085806194501844 1 0 0 0.33137889101241647 -0.9434977639567468 5.607655971270149
cell 0.7376019331813539 10.503038537025134 0.0 1.0 1.0 1 0 0 0.0 1.0 0.0
cell 15.611884849833913 42.45465122342807 0.0 1.643167672515499 0.6085806194501844 1 0 0 0.9828203971796708 -0.18456453312485027 3.512850183767066
cell 31.948057282387197 28.290771279157937 0.0 1.4832396974191329 0.6741998624632419 1 0 0 -0.48071456056343037 0.8768771357848875 5.280246461154233
cell 7.757457422451772 19.56931167046808 0.0 1.0 1.0 1 0 0 0.0 1.0 0.0
cell 40.99708324541602 24.517384971907248 0.0 1.0 1.0 1 0 0 0.0 1.0 0.0
cell 52.38464885737421 59.94105075741654 0.0 1.0 1.0 1 0 0 0.0 1.0 0.0
cell 59.445147223708624 12.916058473160655 0.0 1.0 1.0 1 0 0 0.0 1.0 0.0
cell 14.086314652150623 48.8250007500146 0.0 1.0 1.0 1 0 0 0.0 1.0 0.0
cell 14.181418136682828 28.92271948688732 0.0 1.0 1.0 1 0 0 0.0 1.0 0.0
cell 11.81216421298789 19.776188746838223 0.0 1.0 1.0 1 0 0 0.0 1.0 0.0
cell 45.842896287753945 4.9117619124372505 0.0 1.0 1.0 1 0 0 0.0 1.0 0.0
cell 50.9873880667408 41.84199498185625 0.0 1.0 1.0 1 0 0 0.0 1.0 0.0
cell 6.619894966258732 24.779878241335435 0.0 1.0 1.0 1 0 0 0.0 1.0 0.0
cell 61.72619354016373 50.55461496702927 0.0 1.6124515496597105 0.6201736729460421 1 0 0 0.8957411245794384 -0.4445760202003285 4.062994407009067
cell 6.236076576827886 33.709998992959356 0.0 1.0954451150103324 0.9128709291752768 1 0 0 0.9304967675605855 -0.36630010313853534 3.8916519206235343
cell 3.773763567175516 33.64841812385559 0.0 1.140175425099138 0.8770580193070291 1 0 0 0.7259939347435015 0.6877011027442435 1.6249571887162049
cell 28.84839761037245 0.1201372874498854 0.0 1.0 1.0 1 0 0 0.0 1.0 0.0
cell 7.192474514139832 14.173586805876951 0.0 1.0 1.0 1 0 0 0.0 1.0 0.0
cell 10.399532293577835 47.93934862548233 0.0 1.0 1.0 1 0 0 0.0 1.0 0.0
cell 35.18107159208601 45.439691865224454 0.0 1.0 1.0 1 0 0 0.0 1.0 0.0
cell 27.183417690883758 39.640147808464874 0.0 1.643167672515499 0.6085806194501844 1 0 0 0.3996359755117028 -0.9166739262555741 5.460945912785991
cell 43.71696123008686 58.1359007354441 0.0 1.0 1.0 1 0 0 0.0 1.0 0.0
cell 40.45052222649372 56.83381944672988 0.0 1.0 1.0 1 0 0 0.0 1.0 0.0
cell 14.671903515217698 2.6456862260554566 0.0 1.0954451150103324 0.9128709291752768 1 0 0 0.3454632143888516 -0.93843229244529 5.577720617650863
cell 34.95572857072811 15.27028930103698 0.0 1.0 1.0 1 0 0 0.0 1.0 0.0
cell 8.723597897665474 21.371528861028818 0.0 1.0 1.0 1 0 0 0.0 1.0 0.0
cell 18.58204316789053 58.027151793390246 0.0 1.643167672515499 0.6085806194501844 1 0 0 0.9999537394801423 -0.009618674528206838 3.160830299294952
cell 23.24476974554165 17.849307213692096 0.0 1.0 1.0 1 0 0 0.0 1.0 0.0
cell 0.26572213327182626 17.893345666069237 0.0 1.0 1.0 1 0 0 0.0 1.0 0.0
cell 3.6660713534133507 19.47273916297662 0.0 1.0 1.0 1 0 0 0.0 1.0 0.0
cell 54.29872467907115 19.58341587915851 0.0 1.0 1.0 1 0 0 0.0 1.0 0.0
cell 55.09145334212325 42.016020485785475 0.0 1.0488088481701516 0.9534625892455922 1 0 0 0.5407670375601275 -0.8411724027144755 5.140487887877422
cell 9.368773817063325 42.59185700521466 0.0 1.643167672515499 0.6085806194501844 1 0 0 0.9826248444306995 0.18560284240157396 2.7682219957442435
cell 49.38430983118014 4.719872510445557 0.0 1.0 1.0 1 0 0 0.0 1.0 0.0
cell 26.51461869520893 28.962999464873064 0.0 1.0 1.0 1 0 0 0.0 1.0 0.0
cell 32.931772800876544 15.420349699183177 0.0 1.0 1.0 1 0 0 0.0 1.0 0.0
cell 7.7068925303388545 7.290983387380405 0.0 1.0 1.0 1 0 0 0.0 1.0 0.0
cell 38.65330801749543 9.690566010200724 0.0 1.0 1.0 1 0 0 0.0 1.0 0.0
cell 21.697174117758152 59.89049076562657 0.0 1.264911064067352 0.7905694150420947 1 0 0 0.9778628234086909 0.20924697989501162 2.7199829955780497
cell 16.654784147055324 22.450031491779665 0.0 1.0 1.0 1 0 0 0.0 1.0 0.0
cell 1.880453597855187 12.892670002062811 0.0 1.0 1.0 1 0 0 0.0 1.0 0.0
cell 10.919285011800318 17.989887140401358 0.0 1.0 1.0 1 0 0 0.0 1.0 0.0
cell 58.6501186188931 43.240144366256565 0.0 1.643167672515499 0.6085806194501844 1 0 0 0.9736626810720309 -0.22799338474531347 3.601625234031013
cell 54.90666337634247 36.878101805773504 0.0 1.140175425099138 0.8770580193070291 1 0 0 0.5762422523535256 -0.8172789405108489 5.054938665619044
cell 56.280708764413 54.09011153982171 0.0 1.0 1.0 1 0 0 0.0 1.0 0.0
cell 45.70878079950215 1.1252583567304209 0.0 1.0 1.0 1 0 0 0.0 1.0 0.0
cell 42.85551046872545 45.58422955681035 0.0 1.0 1.0 1 0 0 0.0 1.0 0.0
cell 30.91778486684054 5.086649501189882 0.0 1.0 1.0 1 0 0 0.0 1.0 0.0
cell 16.72600149761351 44.10811316065166 0.0 1.643167672515499 0.6085806194501844 1 0 0 0.9664221277600324 -0.2569596679943595 3.6613424815275026
cell 44.20799237825337 61.64020079509692 0.0 1.0 1.0 1 0 0 0.0 1.0 0.0
cell 21.23767720430675 27.881403834776656 0.0 1.0 1.0 1 0 0 0.0 1.0 0.0
cell 41.04256255551154 60.32118751045385 0.0 1.0 1.0 1 0 0 0.0 1.0 0.0
cell 39.1291104576774 15.389688070704912 0.0 1.5491933384829673 0.6454972243679027 1 0 0 0.9882344907722941 -0.1529463672272887 3.4486907237760214
cell 8.450641696617684 12.423169729621067 0.0 1.0 1.0 1 0 0 0.0 1.0 0.0
cell 19.65413730126484 18.007472044064478 0.0 1.0 1.0 1 0 0 0.0 1.0 0.0
cell 57.768920720542894 46.71694291831526 0.0 1.643167672515499 0.6085806194501844 1 0 0 0.9999546374170104 -0.009524867884395962 3.1606426774122185
cell 48.91393169265276 58.69206704623039 0.0 1.0 1.0 1 0 0 0.0 1.0 0.0
cell 61.64187313549607 44.13182671011696 0.0 1.643167672515499 0.6085806194501844 1 0 0 0.6230453523988492 -0.7821857125096277 4.9379251424994015
cell 29.222239687963672 20.9948069574319 0.0 1.0 1.0 1 0 0 0.0 1.0 0.0
cell 16.554592643064055 34.193487441460114 0.0 1.0 1.0 1 0 0 0.0 1.0 0.0
cell 1.8428962807246603 59.49605647922654 0.0 1.0 1.0 1 0 0 0.0 1.0 0.0
cell 32.071577939280154 17.108010869591066 0.0 1.0 1.0 1 0 0 0.0 1.0 0.0
cell 43.953392783408276 3.8592297246407443 0.0 1.0 1.0 1 0 0 0.0 1.0 0.0
cell 47.027524222299604 59.36331596834571 0.0 1.0 1.0 1 0 0 0.0 1.0 0.0
cell 37.08755446963989 34.8801085789839 0.0 1.0 1.0 1 0 0 0.0 1.0 0.0
cell 2.8585702209496504 44.671718571264904 0.0 1.643167672515499 0.6085806194501844 1 0 0 0.5188175518980583 0.854884991003179 1.090934405888263
cell 9.190064256574491 14.305225212419687 0.0 1.0 1.0 1 0 0 0.0 1.0 0.0
cell 1.9373850733668276 7.326452378202887 0.0 1.0 1.0 1 0 0 0.0 1.0 0.0
cell 53.33885899388091 36.36313122402577 0.0 1.643167672515499 0.6085806194501844 1 0 0 0.7979905114710428 0.6026700121975404 1.8479070178134411
cell 34.89413767878328 32.56227091819523 0.0 1.0 1.0 1 0 0 0.0 1.0 0.0
cell 31.161632850281883 10.413840326458244 0.0 1.0 1.0 1 0 0 0.0 1.0 0.0
cell 35.6073383453262 10.158893057879911 0.0 1.0 1.0 1 0 0 0.0 1.0 0.0
cell 49.02074540659314 45.50428885068042 0.0 1.0954451150103324 0.9128709291752768 1 0 0 0.8683729792628129 -0.49591165431579276 4.179361371937
cell 56.756162493239664 41.21464490493761 0.0 1.264911064067352 0.7905694150420947 1 0 0 0.7676274613497772 -0.6408963103199271 4.532923322434853
cell 23.19236658895866 16.038155918072725 0.0 1.0 1.0 1 0 0 0.0 1.0 0.0
cell 39.48354260934764 40.532545150296144 0.0 1.0 1.0 1 0 0 0.0 1.0 0.0
cell 37.301226150275276 50.29754907850443 0.0 1.0 1.0 1 0 0 0.0 1.0 0.0
cell 40.41465848632093 7.96274475119795 0.0 1.0954451150103324 0.9128709291752768 1 0 0 0.9865890853125775 -0.16322370153287083 3.469507249666389
cell 13.456275954711778 25.197142175158174 0.0 1.0 1.0 1 0 0 0.0 1.0 0.0
cell 39.7354801455736 19.179264008281137 0.0 1.0 1.0 1 0 0 0.0 1.0 0.0
cell 46.49733735324085 55.9131510159356 0.0 1.0 1.0 1 0 0 0.0 1.0 0.0
cell 11.048947685684405 60.41063708008504 0.0 1.0954451150103324 0.9128709291752768 1 0 0 0.9999864164159719 -0.005212195654667616 3.1520170920995834
cell 16.751639021494594 56.48433538575123 0.0 1.643167672515499 0.6085806194501844 1 0 0 0.9735047024361925 -0.22866699441462993 3.6030090075024668
cell 17.659851291600134 38.73923159133915 0.0 1.0 1.0 1 0 0 0.0 1.0 0.0
cell 46.7669782326242 17.027352409292746 0.0 1.643167672515499 0.6085806194501844 1 0 0 -0.7225855689462698 -0.6912814879270206 1.6150705987630891
cell 23.830889775232944 41.87846606933935 0.0 1.0 1.0 1 0 0 0.0 1.0 0.0
cell 42.34516115798498 7.078370967515454 0.0 1.0 1.0 1 0 0 0.0 1.0 0.0
cell 3.9769807594346993 57.113617895957745 0.0 1.3784048752090226 0.7254762501100115 1 0 0 0.8661525293841443 0.4997797473302105 2.0949037168129614
cell 51.46199011775298 50.8923295773378 0.0 1.0 1.0 1 0 0 0.0 1.0 0.0
cell 17.155324257160693 41.43136061103087 0.0 1.341640786499874 0.7453559924999297 1 0 0 -0.01133986797752422 -0.999935701629986 0.022680222057569033
cell 60.78996362025179 11.481493057815095 0.0 1.0 1.0 1 0 0 0.0 1.0 0.0
cell 55.13142570856 25.476070581844002 0.0 1.643167672515499 0.6085806194501844 1 0 0 0.4469851208457074 -0.8945413918553732 5.3564009414203175
cell 49.94820101142694 43.63038110870355 0.0 1.0 1.0 1 0 0 0.0 1.0 0.0
cell 28.17017613638297 2.016562112104261 0.0 1.0 1.0 1 0 0 0.0 1.0 0.0
cell 14.598663973681994 58.26204511348229 0.0 1.4491376746189442 0.690065559342354 1 0 0 0.814339996474935 -0.5803881202619525 4.380003087423053
cell 30.83298961522099 42.85802721551624 0.0 1.0 1.0 1 0 0 0.0 1.0 0.0
cell 33.21563009916915 10.133303793780428 0.0 1.0 1.0 1 0 0 0.0 1.0 0.0
cell 38.31463770207431 29.28755142390124 0.0 1.0 1.0 1 0 0 0.0 1.0 0.0
cell 50.608538108504 14.549226299998717 0.0 1.0 1.0 1 0 0 0.0 1.0 0.0
cell 59.730027822800416 33.748311899866344 0.0 1.4491376746189442 0.690065559342354 1 0 0 0.15130298019042882 -0.9884874345106743 5.979412715680507
cell 19.980252596337483 7.78579107416294 0.0 1.0 1.0 1 0 0 0.0 1.0 0.0
cell 34.21478984632131 6.410247261968613 0.0 1.0 1.0 1 0 0 0.0 1.0 0.0
cell 50.36312861256761 59.93374890884673 0.0 1.0 1.0 1 0 0 0.0 1.0 0.0
cell 39.59691602437255 13.788694480543038 0.0 1.0 1.0 1 0 0 0.0 1.0 0.0
cell 11.23858276804264 14.494314573730021 0.0 1.0 1.0 1 0 0 0.0 1.0 0.0
cell 52.65277797060594 24.56877083245915 0.0 1.0 1.0 1 0 0 0.0 1.0 0.0
cell 19.61963376518913 15.978935854816452 0.0 1.0 1.0 1 0 0 0.0 1.0 0.0
cell 4.531978440141659 14.68343391288695 0.0 1.0 1.0 1 0 0 0.0 1.0 0.0
cell 50.885349760985164 10.447579745117869 0.0 1.0 1.0 1 0 0 0.0 1.0 0.0
cell 55.45994744880867 61.64904568617981 0.0 1.0 1.0 1 0 0 0.0 1.0 0.0
cell 35.62820979614514 2.756665252072804 0.0 1.0 1.0 1 0 0 0.0 1.0 0.0
cell 38.096099657517414 7.37823248481819 0.0 1.643167672515499 0.6085806194501844 1 0 0 0.9203926740924079 -0.3909953010932826 3.945018117779221
cell 16.6883426883728 37.22039716106178 0.0 1.0 1.0 1 0 0 0.0 1.0 0.0
cell 30.52384739292589 52.90610064712003 0.0 1.0 1.0 1 0 0 0.0 1.0 0.0
cell 13.353016790069285 23.186038281944114 0.0 1.0 1.0 1 0 0 0.0 1.0 0.0
cell 18.07344651384869 2.423350046187303 0.0 1.0 1.0 1 0 0 0.0 1.0 0.0
cell 14.738938920585346 43.985266720326806 0.0 1.643167672515499 0.6085806194501844 1 0 0 0.8344936424735269 -0.5510175683871301 4.308758917377774
cell 44.4583043398892 26.67293610006074 0.0 1.1832159566199234 0.8451542547285166 1 0 0 0.8211595611993494 -0.5706986727257144 4.356305534882068
cell 57.84290519809262 27.064021764025842 0.0 1.0 1.0 1 0 0 0.0 1.0 0.0
cell 37.88046659006138 36.796887277009496 0.0 1.0 1.0 1 0 0 0.0 1.0 0.0
cell 12.18212641274312 48.805372429276666 0.0 1.2247448713915894 0.8164965809277259 1 0 0 0.8478565768153835 -0.5302256360747749 4.259325990572388
cell 21.512827480943354 18.90134857398981 0.0 1.0 1.0 1 0 0 0.0 1.0 0.0
cell 39.03026366204338 60.60473386414124 0.0 1.0 1.0 1 0 0 0.0 1.0 0.0
cell 29.663923469122647 14.21004388863699 0.0 1.0 1.0 1 0 0 0.0 1.0 0.0
cell 46.18415359542897 61.094503762518826 0.0 1.0 1.0 1 0 0 0.0 1.0 0.0
cell 40.62579681855722 10.192147362515716 0.0 1.0 1.0 1 0 0 0.0 1.0 0.0
cell 52.732748794940036 6.560197029535715 0.0 1.58113883008419 0.6324555320336757 1 0 0 -0.7800914091117409 0.6256655603675645 4.4935615013215475
cell 11.460973742738997 25.488414858669966 0.0 1.0 1.0 1 0 0 0.0 1.0 0.0
cell 59.78815702456457 37.73415764579321 0.0 1.643167672515499 0.6085806194501844 1 0 0 0.45406905255402835 -0.8909664951684138 5.340531183372481
cell 50.29913842026287 16.555580584446616 0.0 1.0 1.0 1 0 0 0.0 1.0 0.0
cell 11.820671636418014 58.308316035567394 0.0 1.0 1.0 1 0 0 0.0 1.0 0.0
cell 2.46221335272807 2.421593381236582 0.0 1.0 1.0 1 0 0 0.0 1.0 0.0
cell 18.46083936600133 33.39699534599151 0.0 1.0 1.0 1 0 0 0.0 1.0 0.0
cell 4.3118606291990575 0.7479945275387866 0.0 1.0 1.0 1 0 0 0.0 1.0 0.0
cell 11.211326150786451 9.130505695728678 0.0 1.0 1.0 1 0 0 0.0 1.0 0.0
cell 35.748256157095206 13.242160243395238 0.0 1.0 1.0 1 0 0 0.0 1.0 0.0
cell 50.447121532974585 47.26197442059401 0.0 1.0 1.0 1 0 0 0.0 1.0 0.0
cell 12.911409084716615 8.010066552890773 0.0 1.0 1.0 1 0 0 0.0 1.0 0.0
cell 33.3700356803338 31.238405454562145 0.0 1.0 1.0 1 0 0 0.0 1.0 0.0
cell 28.44081203087234 53.19600368543493 0.0 1.0 1.0 1 0 0 0.0 1.0 0.0
cell 38.583830185092836 51.78358699497187 0.0 1.0 1.0 1 0 0 0.0 1.0 0.0
cell 45.19771243315546 54.336357946118746 0.0 1.0 1.0 1 0 0 0.0 1.0 0.0
cell 55.846124495107254 49.46019752693034 0.0 1.643167672515499 0.6085806194501844 1 0 0 0.887221802268824 0.46134311914112236 2.1825757497029667
cell 47.55466493903807 0.27623010229908507 0.0 1.0 1.0 1 0 0 0.0 1.0 0.0
cell 30.8981008363281 15.726230809828175 0.0 1.0 1.0 1 0 0 0.0 1.0 0.0
cell 53.61552446858512 21.210557427361216 0.0 1.0 1.0 1 0 0 0.0 1.0 0.0
cell 27.526857706641213 60.449757253788064 0.0 1.0 1.0 1 0 0 0.0 1.0 0.0
cell 12.424303006609678 12.828321641355986 0.0 1.0 1.0 1 0 0 0.0 1.0 0.0
cell 24.17620710925299 34.53165633106606 0.0 1.0 1.0 1 0 0 0.0 1.0 0.0
cell 56.44629830904664 8.770954279205169 0.0 1.0 1.0 1 0 0 0.0 1.0 0.0
cell 2.805215611811771 25.055747561623978 0.0 1.0 1.0 1 0 0 0.0 1.0 0.0
cell 50.62876064590169 33.86277555866959 0.0 1.5491933384829673 0.6454972243679027 1 0 0 0.8572758320470976 0.514857405295832 2.05991004107749
cell 12.494769843323404 2.196987773345209 0.0 1.0 1.0 1 0 0 0.0 1.0 0.0
cell 4.780965618800099 17.68560957997175 0.0 1.0 1.0 1 0 0 0.0 1.0 0.0
cell 6.05140954908781 28.352935421986146 0.0 1.0 1.0 1 0 0 0.0 1.0 0.0
cell 41.1863118991398 54.88803797093303 0.0 1.0 1.0 1 0 0 0.0 1.0 0.0
cell 46.88925684512631 41.86063923339055 0.0 1.0 1.0 1 0 0 0.0 1.0 0.0
cell 49.64894510806378 36.41237432863543 0.0 1.0 1.0 1 0 0 0.0 1.0 0.0
cell 43.5724838515042 15.051515906227067 0.0 1.0 1.0 1 0 0 0.0 1.0 0.0
cell 27.672138310937804 45.76191991181767 0.0 1.0 1.0 1 0 0 0.0 1.0 0.0
cell 44.50006376870749 50.78979444931305 0.0 1.0 1.0 1 0 0 0.0 1.0 0.0
cell 12.812645988743085 6.041039329114269 0.0 1.0 1.0 1 0 0 0.0 1.0 0.0
cell 46.07590412126659 19.803444575310856 0.0 1.643167672515499 0.6085806194501844 1 0 0 0.6689701950110231 0.7432892291611077 1.465644904096815
cell 18.590983073969 48.518303859485606 0.0 1.58113883008419 0.6324555320336757 1 0 0 0.366815904632852 -0.9302935515784158 5.532017260772263
cell 44.098666358720955 10.113923677844621 0.0 1.0 1.0 1 0 0 0.0 1.0 0.0
cell 52.75874408705195 52.739322208023246 0.0 1.643167672515499 0.6085806194501844 1 0 0 0.89856755735678 0.43883521379427837 2.2329886687493072
cell 11.02081753326879 7.079868104146494 0.0 1.0 1.0 1 0 0 0.0 1.0 0.0
cell 56.480084216158716 60.05868914624225 0.0 1.0 1.0 1 0 0 0.0 1.0 0.0
cell 51.921095441984825 22.35952164284149 0.0 1.0 1.0 1 0 0 0.0 1.0 0.0
cell 47.813925101949664 9.899652665144854 0.0 1.0 1.0 1 0 0 0.0 1.0 0.0
cell 47.83069832614298 40.07847145968352 0.0 1.0 1.0 1 0 0 0.0 1.0 0.0
cell 36.16233058263333 41.902710667942536 0.0 1.0 1.0 1 0 0 0.0 1.0 0.0
cell 38.99346293623795 4.085434505955697 0.0 1.0 1.0 1 0 0 0.0 1.0 0.0
cell 31.163503952489734 44.81402546497385 0.0 1.0 1.0 1 0 0 0.0 1.0 0.0
cell 30.79776451352568 19.660033024638686 0.0 1.0 1.0 1 0 0 0.0 1.0 0.0
cell 12.982779510865791 18.151161602385812 0.0 1.0 1.0 1 0 0 0.0 1.0 0.0
cell 35.08701581926871 8.272923232112555 0.0 1.0 1.0 1 0 0 0.0 1.0 0.0
cell 20.091176814730666 21.946909112166704 0.0 1.0 1.0 1 0 0 0.0 1.0 0.0
cell 51.530029857169836 26.19704766587493 0.0 1.0 1.0 1 0 0 0.0 1.0 0.0
cell 0.7461093034334266 21.51631534995921 0.0 1.0 1.0 1 0 0 0.0 1.0 0.0
cell 19.1287553771854 37.23233810563915 0.0 1.0488088481701516 0.9534625892455922 1 0 0 0.7943568094866904 0.6074514459791217 1.8358960215991362
cell 7.4340053871148175 51.31641032101647 0.0 1.643167672515499 0.6085806194501844 1 0 0 0.5257916650975104 -0.8506133815747242 5.175894217662845
cell 5.439019958911498 35.85384015807403 0.0 1.643167672515499 0.6085806194501844 1 0 0 0.627110475356387 0.7789303253168967 1.3556760816803233
cell 42.096846281950164 20.623778970466088 0.0 1.0 1.0 1 0 0 0.0 1.0 0.0
cell 42.35895662759449 9.113768422639389 0.0 1.0 1.0 1 0 0 0.0 1.0 0.0
cell 43.49504031207629 21.36208163431286 0.0 1.0 1.0 1 0 0 0.0 1.0 0.0
cell 38.676556396990335 38.69730930229371 0.0 1.0 1.0 1 0 0 0.0 1.0 0.0
cell 53.461656204183534 61.46962539237172 0.0 1.0 1.0 1 0 0 0.0 1.0 0.0
cell 20.12217124520539 29.60119953317581 0.0 1.0 1.0 1 0 0 0.0 1.0 0.0
cell 23.61944768012971 4.315727721126548 0.0 1.0 1.0 1 0 0 0.0 1.0 0.0
cell 58.7999562311917 28.81846354093475 0.0 1.0 1.0 1 0 0 0.0 1.0 0.0
cell 29.188154824379055 44.39645822903681 0.0 1.0 1.0 1 0 0 0.0 1.0 0.0
cell 18.507200693109553 50.29488100710881 0.0 1.643167672515499 0.6085806194501844 1 0 0 0.39328172681070334 -0.9194180133958608 5.474788843406567
cell 13.921145859305387 50.47561861664893 0.0 1.643167672515499 0.6085806194501844 1 0 0 0.9984407428171536 -0.055821887129786855 3.253294491184228
cell 31.70867220724683 13.881616060089693 0.0 1.0 1.0 1 0 0 0.0 1.0 0.0
cell 12.98971910702086 30.603244829201028 0.0 1.0 1.0 1 0 0 0.0 1.0 0.0
cell 41.866330202561265 53.02250136756241 0.0 1.0 1.0 1 0 0 0.0 1.0 0.0
cell 41.755510309064626 58.431641652577035 0.0 1.0 1.0 1 0 0 0.0 1.0 0.0
cell 44.24759677126514 35.04489776884179 0.0 1.4491376746189442 0.690065559342354 1 0 0 0.6684276713429124 -0.7437771495435253 4.818999715597156
cell 19.874637121335986 3.4059506371639534 0.0 1.0954451150103324 0.9128709291752768 1 0 0 0.7976373752654586 -0.6031373123755732 4.436449740851939
cell 10.660099664197766 52.13106625605261 0.0 1.643167672515499 0.6085806194501844 1 0 0 0.7595870510297182 -0.6504056518112187 4.557829368110203
cell 33.72748129812085 13.58882078705271 0.0 1.0 1.0 1 0 0 0.0 1.0 0.0
cell 60.103370620964085 58.699887137021676 0.0 1.0 1.0 1 0 0 0.0 1.0 0.0
cell 34.58523924129316 29.621155855200055 0.0 1.0 1.0 1 0 0 0.0 1.0 0.0
cell 20.085305612144694 9.793095252952286 0.0 1.0 1.0 1 0 0 0.0 1.0 0.0
cell 60.59293722127489 53.2068708123421 0.0 1.0 1.0 1 0 0 0.0 1.0 0.0
cell 41.39788386324957 33.259714150257714 0.0 1.643167672515499 0.6085806194501844 1 0 0 0.6665333135125242 0.7454752457178005 1.4590975170164124
cell 42.35219726319929 0.0603845048996766 0.0 1.0 1.0 1 0 0 0.0 1.0 0.0
cell 0.2403238022873461 58.25263429509235 0.0 1.0 1.0 1 0 0 0.0 1.0 0.0
cell 45.84325981772455 52.4885295221671 0.0 1.0 1.0 1 0 0 0.0 1.0 0.0
cell 27.283764990448 20.33563114197908 0.0 1.0 1.0 1 0 0 0.0 1.0 0.0
cell 7.530347420718639 45.61260283038664 0.0 1.0 1.0 1 0 0 0.0 1.0 0.0
cell 3.4319068691334627 28.972417488352253 0.0 1.0954451150103324 0.9128709291752768 1 0 0 0.415835792829302 -0.9094397140008929 5.4254620480029345
cell 57.703495812850285 55.516992258710026 0.0 1.0 1.0 1 0 0 0.0 1.0 0.0
cell 9.464089961458624 41.207032804760175 0.0 1.643167672515499 0.6085806194501844 1 0 0 0.9555862469270238 0.2947115957744538 2.5432852617175157
cell 1.123004730485274 3.794778944514578 0.0 1.0 1.0 1 0 0 0.0 1.0 0.0
cell 3.132972063754152 4.228911583186753 0.0 1.0 1.0 1 0 0 0.0 1.0 0.0
cell 41.236978177941324 49.447792939343685 0.0 1.0 1.0 1 0 0 0.0 1.0 0.0
cell 2.9357948773696063 55.7258835068224 0.0 1.0 1.0 1 0 0 0.0 1.0 0.0
cell 51.636727840519335 28.262395613213 0.0 1.643167672515499 0.6085806194501844 1 0 0 0.47655163681705126 -0.8791464823605843 5.289729057868416
cell 51.09328693001305 52.877919980830136 0.0 1.0 1.0 1 0 0 0.0 1.0 0.0
cell 35.89730125187738 36.52598803009323 0.0 1.0 1.0 1 0 0 0.0 1.0 0.0
cell 45.71070425339032 57.79857274212332 0.0 1.0 1.0 1 0 0 0.0 1.0 0.0
cell 14.02314160230141 0.7990380895023669 0.0 1.0 1.0 1 0 0 0.0 1.0 0.0
cell 44.911170780343305 17.49240157336002 0.0 1.140175425099138 0.8770580193070291 1 0 0 0.6075669967997603 -0.7942684334654878 4.977197729741732
cell 2.495148210702227 14.571986384093693 0.0 1.0 1.0 1 0 0 0.0 1.0 0.0
cell 34.99595358862841 61.21177219616474 0.0 1.0 1.0 1 0 0 0.0 1.0 0.0
cell 3.5781401793907257 43.4364440475501 0.0 1.58113883008419 0.6324555320336757 1 0 0 0.4824678968608673 0.8759136535633244 1.0069400895811345
cell 31.627308864198977 8.544638884619248 0.0 1.0 1.0 1 0 0 0.0 1.0 0.0
cell 1.2047340913790952 38.593008759627885 0.0 1.643167672515499 0.6085806194501844 1 0 0 0.4378850168525441 -0.8990309850144472 5.376695691773296
cell 13.059716177692179 10.045142606430456 0.0 1.0 1.0 1 0 0 0.0 1.0 0.0
cell 36.33798090223694 28.859344805114638 0.0 1.0 1.0 1 0 0 0.0 1.0 0.0
cell 1.9847280308302464 50.878547401121615 0.0 1.0 1.0 1 0 0 0.0 1.0 0.0
cell 45.540187769566735 32.59595112130541 0.0 1.643167672515499 0.6085806194501844 1 0 0 0.9317305576630037 -0.3631503379001432 3.8848863400908162
cell 4.692081496132643 24.864280933435257 0.0 1.0 1.0 1 0 0 0.0 1.0 0.0
cell 18.205847243193727 6.776422984801161 0.0 1.0 1.0 1 0 0 0.0 1.0 0.0
cell 8.80804456523535 1.7854197270123824 0.0 1.0 1.0 1 0 0 0.0 1.0 0.0
cell 11.614355767255105 11.112383481830857 0.0 1.0 1.0 1 0 0 0.0 1.0 0.0
cell 14.062531745504506 16.590590405621988 0.0 1.0 1.0 1 0 0 0.0 1.0 0.0
cell 25.489408139570365 36.11418578008791 0.0 1.0 1.0 1 0 0 0.0 1.0 0.0
cell 26.94136520289006 5.816592573381013 0.0 1.0 1.0 1 0 0 0.0 1.0 0.0
cell 11.883867378795848 39.21473773465041 0.0 1.643167672515499 0.6085806194501844 1 0 0 0.8668286678586414 0.4986061176704645 2.0976126428698345
cell 51.326141171712734 7.65133555372615 0.0 1.0 1.0 1 0 0 0.0 1.0 0.0
cell 43.91731542640152 47.25202049535263 0.0 1.0 1.0 1 0 0 0.0 1.0 0.0
cell 19.647583931938772 35.07178746535993 0.0 1.0 1.0 1 0 0 0.0 1.0 0.0
cell 48.40230816748467 17.396736530537776 0.0 1.0 1.0 1 0 0 0.0 1.0 0.0
cell 21.97144642153041 57.90794052923581 0.0 1.6124515496597105 0.6201736729460421 1 0 0 0.917049512380869 0.39877335899231103 2.321234931072308
cell 22.86777488612467 26.37539329823115 0.0 1.0 1.0 1 0 0 0.0 1.0 0.0
cell 12.109702765366043 28.936229570380547 0.0 1.0 1.0 1 0 0 0.0 1.0 0.0
cell 45.780674987960374 40.11253919962742 0.0 1.0 1.0 1 0 0 0.0 1.0 0.0
cell 29.742288152171277 54.794041099144366 0.0 1.0 1.0 1 0 0 0.0 1.0 0.0
cell 28.935851042415816 5.432505222157078 0.0 1.0 1.0 1 0 0 0.0 1.0 0.0
cell 46.966281952709444 45.35408710131296 0.0 1.0 1.0 1 0 0 0.0 1.0 0.0
cell 46.98651158498773 11.850212454177132 0.0 1.0488088481701516 0.9534625892455922 1 0 0 0.3464652726255777 -0.9380627989982783 5.575584596840479
cell 49.02759082367017 11.4552761017962 0.0 1.0 1.0 1 0 0 0.0 1.0 0.0
cell 25.162051371977533 17.48395206145508 0.0 1.0 1.0 1 0 0 0.0 1.0 0.0
cell 26.894255056178686 32.69837627133217 0.0 1.0 1.0 1 0 0 0.0 1.0 0.0
cell 61.484786572013775 19.818542883165353 0.0 1.0 1.0 1 0 0 0.0 1.0 0.0
cell 0.2916137298232099 32.4224330358864 0.0 1.643167672515499 0.6085806194501844 1 0 0 0.5447297094456549 -0.8386116763122562 5.131051759545924
cell 28.016999498729895 24.27107633225435 0.0 1.0 1.0 1 0 0 0.0 1.0 0.0
cell 4.0505745709600145 36.13522320061985 0.0 1.4142135623730954 0.7071067811865474 1 0 0 0.47223805728135404 0.8814710529876364 0.983656117668485
cell 21.558055862385853 6.866175172448869 0.0 1.0 1.0 1 0 0 0.0 1.0 0.0
cell 34.45552903547063 11.701748097861298 0.0 1.0 1.0 1 0 0 0.0 1.0 0.0
cell 38.15517492193514 20.48244746378435 0.0 1.0 1.0 1 0 0 0.0 1.0 0.0
cell 20.491995769808273 41.82378713560465 0.0 1.0 1.0 1 0 0 0.0 1.0 0.0
cell 28.429973884155146 29.703054250663676 0.0 1.0 1.0 1 0 0 0.0 1.0 0.0
cell 43.768731626178784 1.8004115918280557 0.0 1.0 1.0 1 0 0 0.0 1.0 0.0
cell 5.916822816022573 15.940097939305613 0.0 1.0 1.0 1 0 0 0.0 1.0 0.0
cell 18.16716944438471 30.018610645197967 0.0 1.0 1.0 1 0 0 0.0 1.0 0.0
cell 57.58402240782126 21.003915239205124 0.0 1.1832159566199234 0.8451542547285166 1 0 0 0.3192863629504778 -0.9476582814674579 5.633232630136273
cell 15.871551547849577 39.95552218957981 0.0 1.0954451150103324 0.9128709291752768 1 0 0 0.9866319949307494 0.16296412666280172 2.81420425271995
cell 55.99869789352433 18.541648866190208 0.0 1.0 1.0 1 0 0 0.0 1.0 0.0
cell 55.93676429113678 27.013729742400503 0.0 1.0 1.0 1 0 0 0.0 1.0 0.0
cell 1.5684373205996205 5.54247976140527 0.0 1.0 1.0 1 0 0 0.0 1.0 0.0
cell 48.805515129112955 20.77829321885431 0.0 1.0 1.0 1 0 0 0.0 1.0 0.0
cell 30.04889235614449 24.872678574050624 0.0 1.0 1.0 1 0 0 0.0 1.0 0.0
cell 59.01394953146108 3.807502062610655 0.0 1.0 1.0 1 0 0 0.0 1.0 0.0
cell 6.169987548112887 61.59759269554766 0.0 1.0954451150103324 0.9128709291752768 1 0 0 0.4015765152029548 -0.9158254759709685 5.456710082829319
cell 4.205881873552602 41.07915504507496 0.0 1.6124515496597105 0.6201736729460421 1 0 0 0.9655442760386078 0.26023883455218716 2.615053549394682
cell 50.76317449806539 12.503269444326685 0.0 1.0 1.0 1 0 0 0.0 1.0 0.0
cell 7.540226877445511 26.525361308891522 0.0 1.0 1.0 1 0 0 0.0 1.0 0.0
cell 49.436696571419674 0.6566931827264355 0.0 1.0 1.0 1 0 0 0.0 1.0 0.0
cell 47.32314989852494 24.444851269072103 0.0 1.0 1.0 1 0 0 0.0 1.0 0.0
cell 3.6447725355188503 12.891809254841144 0.0 1.0 1.0 1 0 0 0.0 1.0 0.0
cell 31.325207480076035 39.316092884706826 0.0 1.0 1.0 1 0 0 0.0 1.0 0.0
cell 55.72047709641139 33.238968289839626 0.0 1.643167672515499 0.6085806194501844 1 0 0 0.9914638370211837 -0.13038197681900554 3.4031011245133276
cell 15.190167532917096 14.916928866181369 0.0 1.0 1.0 1 0 0 0.0 1.0 0.0
cell 9.594187105966467 26.34992478358503 0.0 1.0 1.0 1 0 0 0.0 1.0 0.0
cell 40.33163532773829 42.350254117411495 0.0 1.0 1.0 1 0 0 0.0 1.0 0.0
cell 47.613114598648835 36.47558912839066 0.0 1.0 1.0 1 0 0 0.0 1.0 0.0
cell 60.221332199749575 50.98078647234813 0.0 1.30384048104053 0.7669649888473703 1 0 0 0.94472943665884 -0.3278510202977426 3.8096485951776597
cell 9.856065403794325 29.18098569235667 0.0 1.0 1.0 1 0 0 0.0 1.0 0.0
cell 16.47654522433521 7.800189530756625 0.0 1.0 1.0 1 0 0 0.0 1.0 0.0
cell 36.93897695291218 8.593011687578898 0.0 1.0 1.0 1 0 0 0.0 1.0 0.0
cell 9.884110950053634 58.576737228261855 0.0 1.643167672515499 0.6085806194501844 1 0 0 0.29018364646166717 0.9569709772643108 0.588837472131627
cell 46.39984516876409 50.62574295203909 0.0 1.0 1.0 1 0 0 0.0 1.0 0.0
cell 43.05556837361991 16.982047707028045 0.0 1.0 1.0 1 0 0 0.0 1.0 0.0
cell 45.870511543025046 10.648978247190191 0.0 1.0 1.0 1 0 0 0.0 1.0 0.0
cell 33.677286754635766 59.62232517128327 0.0 1.0 1.0 1 0 0 0.0 1.0 0.0
cell 37.73821468692844 13.135792001190577 0.0 1.0 1.0 1 0 0 0.0 1.0 0.0
cell 4.406909637223877 2.7012586095771183 0.0 1.0 1.0 1 0 0 0.0 1.0 0.0
cell 25.995392029400044 30.89086208736063 0.0 1.0488088481701516 0.9534625892455922 1 0 0 0.15020358076298979 -0.9886550886562897 5.981636934321797
cell 57.598085552881685 38.649966910612534 0.0 1.643167672515499 0.6085806194501844 1 0 0 0.3592288730659537 -0.9332494933059245 5.548302346686847
cell 57.13325978332839 57.24994230943716 0.0 1.0 1.0 1 0 0 0.0 1.0 0.0
cell 42.41100672579951 5.049369104540522 0.0 1.0 1.0 1 0 0 0.0 1.0 0.0
cell 52.96629168097543 29.736975500275214 0.0 1.1832159566199234 0.8451542547285166 1 0 0 0.9779042775311222 -0.2090531606705192 3.5628059060709094
cell 5.3985151017862725 30.209842408866095 0.0 1.0 1.0 1 0 0 0.0 1.0 0.0
cell 41.64447928500896 43.920059309535006 0.0 1.0 1.0 1 0 0 0.0 1.0 0.0
cell 44.883855728478096 45.41393521650819 0.0 1.0 1.0 1 0 0 0.0 1.0 0.0
cell 12.079373769424523 16.322783196444494 0.0 1.0 1.0 1 0 0 0.0 1.0 0.0
cell 51.02848744572533 45.334181799088945 0.0 1.0 1.0 1 0 0 0.0 1.0 0.0
cell 36.894260842454436 32.86492347887894 0.0 1.0 1.0 1 0 0 0.0 1.0 0.0
cell 25.221654032100755 27.34990218532206 0.0 1.0 1.0 1 0 0 0.0 1.0 0.0
cell 36.30594001348843 48.90939409301853 0.0 1.0 1.0 1 0 0 0.0 1.0 0.0
cell 10.77144328725148 21.507977812690264 0.0 1.0 1.0 1 0 0 0.0 1.0 0.0
cell 60.00473432100816 23.586313901556277 0.0 1.0 1.0 1 0 0 0.0 1.0 0.0
cell 10.823631894771633 37.45470061892868 0.0 1.643167672515499 0.6085806194501844 1 0 0 0.6618411209712066 -0.749644135968245 4.836641107829014
cell 55.30778718123841 30.307751308648267 0.0 1.0488088481701516 0.9534625892455922 1 0 0 0.1730814675196082 0.9849075111914107 0.34791500358971716
cell 17.913609942927017 17.058222172541786 0.0 1.0 1.0 1 0 0 0.0 1.0 0.0
cell 43.2136517782382 49.182681538872075 0.0 1.0 1.0 1 0 0 0.0 1.0 0.0
cell 46.75302786011073 27.973309309299392 0.0 1.0 1.0 1 0 0 0.0 1.0 0.0
cell 21.708079732120765 20.77811659410003 0.0 1.0 1.0 1 0 0 0.0 1.0 0.0
cell 18.704577317955867 61.08702203659835 0.0 1.5491933384829673 0.6454972243679027 1 0 0 0.9823251965059406 -0.1871822863135426 3.518178545489949
cell 42.50671634064182 23.192022802483297 0.0 1.0 1.0 1 0 0 0.0 1.0 0.0
cell 32.35098068124224 48.70694714568223 0.0 1.0 1.0 1 0 0 0.0 1.0 0.0
cell 5.54345190482122 57.54811936103643 0.0 1.0488088481701516 0.9534625892455922 1 0 0 0.5039771512795059 -0.863716985469311 5.226790677167966
cell 18.155848252625116 45.824041320841225 0.0 1.643167672515499 0.6085806194501844 1 0 0 0.9983397421164659 -0.05759999401760575 3.2568564378904226
cell 13.348059717050507 36.11646069889587 0.0 1.0 1.0 1 0 0 0.0 1.0 0.0
cell 21.634814105315304 54.44391130071306 0.0 1.30384048104053 0.7669649888473703 1 0 0 0.9385140441618134 -0.34524105913265557 3.8465839033598495
cell 58.3194179857181 53.820130637079124 0.0 1.0 1.0 1 0 0 0.0 1.0 0.0
cell 36.65886462122403 38.383863103777585 0.0 1.0 1.0 1 0 0 0.0 1.0 0.0
cell 39.776206626276114 58.722944374442676 0.0 1.0 1.0 1 0 0 0.0 1.0 0.0
cell 5.9081104087602245 8.089362737836279 0.0 1.0 1.0 1 0 0 0.0 1.0 0.0
cell 22.135620285133015 40.602842418480364 0.0 1.0 1.0 1 0 0 0.0 1.0 0.0
cell 10.89184187246333 34.53792875269809 0.0 1.643167672515499 0.6085806194501844 1 0 0 0.5441708319327171 -0.8389744368415849 5.132384334935956
cell 32.104959402586985 41.269274364396686 0.0 1.0 1.0 1 0 0 0.0 1.0 0.0
cell 32.91930977130964 4.776215990940422 0.0 1.0 1.0 1 0 0 0.0 1.0 0.0
cell 58.34789055919488 1.8350005024990963 0.0 1.0 1.0 1 0 0 0.0 1.0 0.0
cell 27.05276800364635 37.845669085322555 0.0 1.0 1.0 1 0 0 0.0 1.0 0.0
cell 25.18405035978657 11.440437889245748 0.0 1.0 1.0 1 0 0 0.0 1.0 0.0
cell 38.458253476391384 57.1271827513737 0.0 1.0 1.0 1 0 0 0.0 1.0 0.0
cell 16.72156158669309 58.89834687573972 0.0 1.5491933384829673 0.6454972243679027 1 0 0 0.9470913541298619 -0.3209641209426132 3.7950872393309556
cell 30.360169395693024 48.254123406804766 0.0 1.0 1.0 1 0 0 0.0 1.0 0.0
cell 32.671206856221424 37.766560411181736 0.0 1.0 1.0 1 0 0 0.0 1.0 0.0
cell 58.056790922595674 17.907831501955247 0.0 1.0 1.0 1 0 0 0.0 1.0 0.0
cell 20.082837943510654 53.06720414639375 0.0 1.5491933384829673 0.6454972243679027 1 0 0 0.9438393881445782 0.3304046146573444 2.4681281872611733
cell 29.71130147504714 46.31291774955859 0.0 1.0 1.0 1 0 0 0.0 1.0 0.0
cell 13.180399438279114 53.60992796193641 0.0 1.643167672515499 0.6085806194501844 1 0 0 0.8158549937286276 -0.5782565427282782 4.374772850962532
cell 59.48441175995644 0.1492792662401493 0.0 1.0 1.0 1 0 0 0.0 1.0 0.0
cell 24.7798172341325 0.6062314241445371 0.0 1.0 1.0 1 0 0 0.0 1.0 0.0
cell 52.436661031710166 9.08165944837799 0.0 1.0 1.0 1 0 0 0.0 1.0 0.0
cell 33.11802429043246 22.391969968121337 0.0 1.0 1.0 1 0 0 0.0 1.0 0.0
cell 51.1942323313387 5.632467413199394 0.0 1.0 1.0 1 0 0 0.0 1.0 0.0
cell 25.913896929509765 53.34565815974332 0.0 1.2247448713915894 0.8164965809277259 1 0 0 0.9919688630704376 -0.12648230982530026 3.3952366540553203
cell 54.181664888660166 17.7518257117091 0.0 1.0 1.0 1 0 0 0.0 1.0 0.0
cell 17.847244073601278 14.979844347443617 0.0 1.0 1.0 1 0 0 0.0 1.0 0.0
cell 10.995550879503838 43.55713787122794 0.0 1.643167672515499 0.6085806194501844 1 0 0 0.6135349611127097 -0.7896675575787737 4.962126575084477
cell 42.48827316264153 56.481104891748956 0.0 1.0 1.0 1 0 0 0.0 1.0 0.0
cell 43.450170347456364 19.07120868357631 0.0 1.0 1.0 1 0 0 0.0 1.0 0.0
cell 48.59102599278212 55.461917273287945 0.0 1.0 1.0 1 0 0 0.0 1.0 0.0
cell 60.09933604283369 7.788703820519331 0.0 1.0 1.0 1 0 0 0.0 1.0 0.0
cell 35.114717120694294 55.84879793453845 0.0 1.0 1.0 1 0 0 0.0 1.0 0.0
cell 5.545323459990871 6.128592629387978 0.0 1.0 1.0 1 0 0 0.0 1.0 0.0
cell 47.69512634091947 46.97754109080597 0.0 1.0 1.0 1 0 0 0.0 1.0 0.0
cell 6.049134922026537 9.785054850064187 0.0 1.0 1.0 1 0 0 0.0 1.0 0.0
cell 23.300982930181757 49.0919729023316 0.0 1.4142135623730954 0.7071067811865474 1 0 0 0.7967673724979797 -0.6042861525160623 4.43933191977992
cell 48.05958946135354 22.492800750074778 0.0 1.0 1.0 1 0 0 0.0 1.0 0.0
cell 21.99481812540705 8.846682886919755 0.0 1.0488088481701516 0.9534625892455922 1 0 0 0.967945436914391 0.2511605684748475 2.633834511724999
cell 39.91720320503923 47.894737931802446 0.0 1.0 1.0 1 0 0 0.0 1.0 0.0
cell 56.766647567510645 10.758199072777638 0.0 1.0 1.0 1 0 0 0.0 1.0 0.0
cell 9.864327475002836 46.07534830349318 0.0 1.0 1.0 1 0 0 0.0 1.0 0.0
cell 25.052500549597653 37.582165497268576 0.0 1.6124515496597105 0.6201736729460421 1 0 0 0.011341727863505605 0.9999356805360383 0.02268394206876145
cell 36.917322808402766 43.79561108754426 0.0 1.0 1.0 1 0 0 0.0 1.0 0.0
cell 1.1894023346163052 29.011265752295245 0.0 1.0954451150103324 0.9128709291752768 1 0 0 0.8650038110362512 -0.5017652906417116 4.1928693734443065
cell 51.26112682684008 61.62400194474173 0.0 1.0 1.0 1 0 0 0.0 1.0 0.0
cell 14.478200652887104 13.027023199557055 0.0 1.0 1.0 1 0 0 0.0 1.0 0.0
cell 45.85989878256833 47.043180636364674 0.0 1.0 1.0 1 0 0 0.0 1.0 0.0
cell 30.333393225586025 58.26633916746323 0.0 1.0 1.0 1 0 0 0.0 1.0 0.0
cell 27.68574534248 9.231355363790653 0.0 1.0 1.0 1 0 0 0.0 1.0 0.0
cell 39.0307954286057 46.00352673873798 0.0 1.0 1.0 1 0 0 0.0 1.0 0.0
cell 29.945088589752434 28.637660764226126 0.0 1.0 1.0 1 0 0 0.0 1.0 0.0
cell 23.871437582851495 58.85234140259518 0.0 1.2247448713915894 0.8164965809277259 1 0 0 0.9946247152474281 -0.1035455253450023 3.3490555617276905
cell 51.12419849715275 20.476796981700314 0.0 1.0488088481701516 0.9534625892455922 1 0 0 0.15609524365325933 0.9877420082738354 0.3134723843786776
cell 30.206041491370478 17.684631925326322 0.0 1.0 1.0 1 0 0 0.0 1.0 0.0
cell 23.710253753013383 2.2702259669827924 0.0 1.0 1.0 1 0 0 0.0 1.0 0.0
cell 10.904882792340057 30.57156926056093 0.0 1.0 1.0 1 0 0 0.0 1.0 0.0
cell 57.684738309398625 12.431111041280639 0.0 1.0 1.0 1 0 0 0.0 1.0 0.0
cell 29.69491873600085 8.898332087327352 0.0 1.0 1.0 1 0 0 0.0 1.0 0.0
cell 13.08239476677744 45.738912126075085 0.0 1.643167672515499 0.6085806194501844 1 0 0 0.5107136929531579 -0.8597508498571824 5.211155903535792
cell 31.69446823096643 32.182394547087114 0.0 1.0 1.0 1 0 0 0.0 1.0 0.0
cell 14.683686105487244 6.852454939402483 0.0 1.0488088481701516 0.9534625892455922 1 0 0 0.3345273769985266 -0.9423860323871983 5.600977971136677
cell 51.82511789487684 48.74015153450978 0.0 1.0 1.0 1 0 0 0.0 1.0 0.0
cell 14.146417779371147 19.781346871877847 0.0 1.0 1.0 1 0 0 0.0 1.0 0.0
cell 7.4041251009537765 5.260688101298087 0.0 1.0 1.0 1 0 0 0.0 1.0 0.0
cell 19.331521663447024 27.242435244885677 0.0 1.0 1.0 1 0 0 0.0 1.0 0.0
cell 18.266421486944118 12.922246952389958 0.0 1.0 1.0 1 0 0 0.0 1.0 0.0
cell 19.90648199468052 40.352305348347265 0.0 1.643167672515499 0.6085806194501844 1 0 0 0.2937293470767454 -0.9558886287982867 5.686933393249968
cell 7.986228983137784 16.054489894923123 0.0 1.0 1.0 1 0 0 0.0 1.0 0.0
cell 30.416106746829772 12.316939667897453 0.0 1.0 1.0 1 0 0 0.0 1.0 0.0
cell 27.211640268882647 43.74795871602697 0.0 1.0 1.0 1 0 0 0.0 1.0 0.0
cell 35.06768548781801 34.54085198789929 0.0 1.0 1.0 1 0 0 0.0 1.0 0.0
cell 41.761249710781 1.9658264723282806 0.0 1.0 1.0 1 0 0 0.0 1.0 0.0
cell 31.759821254292426 46.74217547436763 0.0 1.0 1.0 1 0 0 0.0 1.0 0.0
cell 38.4653179076231 22.447497991968078 0.0 1.5491933384829673 0.6454972243679027 1 0 0 0.22833504265400478 -0.9735826150338727 5.822450898559105
cell 52.37157114240036 16.891213897262542 0.0 1.0 1.0 1 0 0 0.0 1.0 0.0
cell 52.888627941532086 10.901588383559544 0.0 1.0 1.0 1 0 0 0.0 1.0 0.0
cell 54.52803676120821 49.980758875754 0.0 1.643167672515499 0.6085806194501844 1 0 0 0.8105086707110841 0.5857266382043346 1.8900400758981826
cell 45.99518746340461 6.934946156539368 0.0 1.0 1.0 1 0 0 0.0 1.0 0.0
cell 46.01792237473914 8.849745950050188 0.0 1.0 1.0 1 0 0 0.0 1.0 0.0
cell 24.05273651291675 23.39896745013274 0.0 1.0 1.0 1 0 0 0.0 1.0 0.0
cell 6.661918746361157 21.264831239668464 0.0 1.0 1.0 1 0 0 0.0 1.0 0.0
cell 34.683331736607904 38.11607399693321 0.0 1.0 1.0 1 0 0 0.0 1.0 0.0
cell 57.11747172689739 52.3913895156435 0.0 1.0 1.0 1 0 0 0.0 1.0 0.0
cell 49.350829177340216 2.7142629445628614 0.0 1.0 1.0 1 0 0 0.0 1.0 0.0
cell 27.57464077325846 3.896498459773863 0.0 1.0 1.0 1 0 0 0.0 1.0 0.0
cell 45.18502182325203 22.23311138895667 0.0 1.0 1.0 1 0 0 0.0 1.0 0.0
cell 36.33816624873396 0.9083595187540113 0.0 1.0 1.0 1 0 0 0.0 1.0 0.0
cell 2.3273518350882436 17.940914395272642 0.0 1.0 1.0 1 0 0 0.0 1.0 0.0
cell 52.64695636660152 19.101834366028125 0.0 1.0 1.0 1 0 0 0.0 1.0 0.0
cell 0.8726589111636874 46.92567276761164 0.0 1.643167672515499 0.6085806194501844 1 0 0 0.6598760324853677 0.7513744883554205 1.4413075225197207
cell 27.56720375110226 35.9384783627769 0.0 1.0 1.0 1 0 0 0.0 1.0 0.0
cell 59.118819139130245 52.18677873060094 0.0 1.0 1.0 1 0 0 0.0 1.0 0.0
cell 55.426420085173284 58.24894540797512 0.0 1.0 1.0 1 0 0 0.0 1.0 0.0
cell 5.663452493492707 26.595875095841002 0.0 1.0 1.0 1 0 0 0.0 1.0 0.0
cell 61.68730808909784 54.839291917365905 0.0 1.0 1.0 1 0 0 0.0 1.0 0.0
cell 51.965784400023345 43.621904897589474 0.0 1.0 1.0 1 0 0 0.0 1.0 0.0
cell 12.042062378979024 0.2267617979850192 0.0 1.0 1.0 1 0 0 0.0 1.0 0.0
cell 21.493258514579534 31.45703778131308 0.0 1.0 1.0 1 0 0 0.0 1.0 0.0
cell 16.527976497174183 11.824664500550147 0.0 1.0 1.0 1 0 0 0.0 1.0 0.0
cell 45.112417249260965 48.911998437045234 0.0 1.0 1.0 1 0 0 0.0 1.0 0.0
cell 13.477356193644535 51.53137122122334 0.0 1.643167672515499 0.6085806194501844 1 0 0 0.9883934819455574 -0.15191551878441187 3.4466046491810087
cell 1.8567975927090279 31.085532296803247 0.0 1.0 1.0 1 0 0 0.0 1.0 0.0
cell 56.15443091323105 13.16488665561685 0.0 1.0 1.0 1 0 0 0.0 1.0 0.0
cell 36.552730382004334 52.13614462631602 0.0 1.0 1.0 1 0 0 0.0 1.0 0.0
cell 51.94023792398936 40.09940665233989 0.0 1.0 1.0 1 0 0 0.0 1.0 0.0
cell 37.06769777365804 60.90770101441998 0.0 1.0 1.0 1 0 0 0.0 1.0 0.0
cell 14.917824820023707 60.88756757193849 0.0 1.264911064067352 0.7905694150420947 1 0 0 0.8140331330393795 -0.5808184383386015 4.381060137699387
cell 53.35199843866672 58.214238140892554 0.0 1.0 1.0 1 0 0 0.0 1.0 0.0
cell 0.5064385868053631 1.8845426331418376 0.0 1.0 1.0 1 0 0 0.0 1.0 0.0
cell 8.439669725725865 28.097481757787524 0.0 1.0 1.0 1 0 0 0.0 1.0 0.0
cell 52.52565824722584 14.934562048294593 0.0 1.0 1.0 1 0 0 0.0 1.0 0.0
cell 41.504215895636314 14.494064853792311 0.0 1.0 1.0 1 0 0 0.0 1.0 0.0
cell 52.63176994905614 54.772849495720195 0.0 1.0 1.0 1 0 0 0.0 1.0 0.0
cell 60.51306595452732 32.114972520151504 0.0 1.0 1.0 1 0 0 0.0 1.0 0.0
cell 7.468206275802137 29.822510774693146 0.0 1.0 1.0 1 0 0 0.0 1.0 0.0
cell 54.3877322488216 14.059474850172075 0.0 1.0 1.0 1 0 0 0.0 1.0 0.0
cell 15.686109567089838 18.49930405545968 0.0 1.1832159566199234 0.8451542547285166 1 0 0 0.1130606799968124 0.9935880849922962 0.22660589325000227
cell 31.050108188054267 56.38098794408015 0.0 1.0 1.0 1 0 0 0.0 1.0 0.0
cell 24.970114520729716 6.161328134421441 0.0 1.0 1.0 1 0 0 0.0 1.0 0.0
cell 16.31255601217421 60.443685409028376 0.0 1.58113883008419 0.6324555320336757 1 0 0 0.8574895561066413 -0.5145013713956798 4.2224447527327555
cell 39.0451417852246 35.04950335021246 0.0 1.0 1.0 1 0 0 0.0 1.0 0.0
cell 3.9058022418171445 50.21255921708307 0.0 1.0 1.0 1 0 0 0.0 1.0 0.0
cell 57.512252877552434 44.35477778771468 0.0 1.1832159566199234 0.8451542547285166 1 0 0 0.3251627163159331 0.9456580819292161 0.6623675795072825
cell 37.187718809947334 45.807094991635985 0.0 1.0 1.0 1 0 0 0.0 1.0 0.0
cell 61.325173340802905 37.66607427464152 0.0 1.643167672515499 0.6085806194501844 1 0 0 0.5697512518833592 -0.8218172004633056 5.070779021475147
cell 45.72966270912841 2.95699855340333 0.0 1.0 1.0 1 0 0 0.0 1.0 0.0
cell 48.21863730349033 33.97810616862407 0.0 1.58113883008419 0.6324555320336757 1 0 0 0.9620237462383652 -0.2729657701498516 3.694541722082747
cell 10.604962112958974 1.6589419820395932 0.0 1.0 1.0 1 0 0 0.0 1.0 0.0
cell 37.012388281356166 4.498620244322407 0.0 1.0 1.0 1 0 0 0.0 1.0 0.0
cell 16.383072403113815 1.0847880953974476 0.0 1.0954451150103324 0.9128709291752768 1 0 0 0.9509894034990285 -0.3092234700545252 3.7703454023812863
cell 2.194570351101281 57.63462803864862 0.0 1.0 1.0 1 0 0 0.0 1.0 0.0
cell 50.11558577711851 31.659684194369145 0.0 1.0488088481701516 0.9534625892455922 1 0 0 0.6135313989742153 0.7896703251818079 1.3210497102422598
cell 16.604814983979836 50.172064927490275 0.0 1.643167672515499 0.6085806194501844 1 0 0 0.752424339544804 0.6586786874194166 1.7034699847638388
cell 34.981417054801184 4.553494835512294 0.0 1.0 1.0 1 0 0 0.0 1.0 0.0
cell 46.68921141996498 22.276920334426897 0.0 1.5491933384829673 0.6454972243679027 1 0 0 0.7978631796911905 0.6028385741581763 1.8474845180293002
cell 25.63298919744235 9.542938646682614 0.0 1.0 1.0 1 0 0 0.0 1.0 0.0
cell 28.81973985725962 18.99879427347508 0.0 1.0 1.0 1 0 0 0.0 1.0 0.0
cell 25.556178104794697 39.25438231619412 0.0 1.0 1.0 1 0 0 0.0 1.0 0.0
cell 39.248196178487454 11.703084096975 0.0 1.0 1.0 1 0 0 0.0 1.0 0.0
cell 7.569544753243901 40.555843877076185 0.0 1.643167672515499 0.6085806194501844 1 0 0 -0.5574513483123297 -0.83020960863192 1.1826254704370118
cell 35.82491291755649 24.22367535026144 0.0 1.58113883008419 0.6324555320336757 1 0 0 0.3643812514722804 -0.9312498609801211 5.537248730005749
cell 29.631617677023346 35.684731317102056 0.0 1.0 1.0 1 0 0 0.0 1.0 0.0
cell 61.72173552412684 30.464164703558183 0.0 1.0 1.0 1 0 0 0.0 1.0 0.0
cell 53.22006517270178 33.13249755129271 0.0 1.643167672515499 0.6085806194501844 1 0 0 0.94236253209758 -0.334593571514214 3.8239404741873164
cell 53.620402519592595 48.44516917260815 0.0 1.0 1.0 1 0 0 0.0 1.0 0.0
cell 15.392660730359564 25.772972258621756 0.0 1.0 1.0 1 0 0 0.0 1.0 0.0
cell 14.907748875691755 38.239790657829 0.0 1.0 1.0 1 0 0 0.0 1.0 0.0
cell 28.20246572384741 47.7140215096641 0.0 1.0 1.0 1 0 0 0.0 1.0 0.0
cell 28.930398400417378 49.569005063775585 0.0 1.0 1.0 1 0 0 0.0 1.0 0.0
cell 58.08194959185589 14.435788637944164 0.0 1.0 1.0 1 0 0 0.0 1.0 0.0
cell 34.282219206873336 1.1634806133948663 0.0 1.0 1.0 1 0 0 0.0 1.0 0.0
cell 59.592246178079115 5.778884449359014 0.0 1.0 1.0 1 0 0 0.0 1.0 0.0
cell 19.05175333556806 43.51308117426125 0.0 1.3784048752090226 0.7254762501100115 1 0 0 0.9898480182425579 0.14212987293767904 2.85636705117903
cell 3.8096278064039724 26.89430186469737 0.0 1.0 1.0 1 0 0 0.0 1.0 0.0
cell 35.82682493372655 47.272767872038855 0.0 1.0 1.0 1 0 0 0.0 1.0 0.0
cell 11.07998423185349 4.93029221758624 0.0 1.0 1.0 1 0 0 0.0 1.0 0.0
cell 54.46263285440722 28.4156474462754 0.0 1.0 1.0 1 0 0 0.0 1.0 0.0
cell 49.73676863396921 51.509461115845994 0.0 1.0 1.0 1 0 0 0.0 1.0 0.0
cell 54.58523142462082 12.041039476571886 0.0 1.0 1.0 1 0 0 0.0 1.0 0.0
cell 22.44862924822337 24.5898348134427 0.0 1.0 1.0 1 0 0 0.0 1.0 0.0
cell 55.442883921428475 22.17199447349978 0.0 1.0 1.0 1 0 0 0.0 1.0 0.0
cell 42.54759559663686 51.0736115321569 0.0 1.0 1.0 1 0 0 0.0 1.0 0.0
cell 2.6864617581003896 52.5326817562519 0.0 1.643167672515499 0.6085806194501844 1 0 0 0.924291356029809 0.3816876853771638 2.3583495872079987
cell 22.249296180767963 46.0570131571694 0.0 1.643167672515499 0.6085806194501844 1 0 0 0.8369894790918991 -0.5472189798330019 4.299668590432357
cell 53.304273297170326 26.800694937018537 0.0 1.58113883008419 0.6324555320336757 1 0 0 0.6291297929813984 -0.7773002660382812 4.922318949706125
cell 4.333786825015277 38.9394851014772 0.0 1.643167672515499 0.6085806194501844 1 0 0 0.8588481227534959 0.5122303212840841 2.0660333329347695
cell 25.590762847610257 55.17663974408734 0.0 1.0954451150103324 0.9128709291752768 1 0 0 0.900022248445276 -0.4358439540747465 4.0435441889345745
cell 29.298905864503524 51.350699908340985 0.0 1.0 1.0 1 0 0 0.0 1.0 0.0
cell 24.6578982838676 25.34922349336874 0.0 1.0 1.0 1 0 0 0.0 1.0 0.0
cell 5.7624608549725655 49.860886797085094 0.0 1.643167672515499 0.6085806194501844 1 0 0 0.8230230366767404 -0.5680079938692738 4.349759603893701
cell 3.2470081630287098 60.967853907474264 0.0 1.0 1.0 1 0 0 0.0 1.0 0.0
cell 54.821063227123005 10.095135965701788 0.0 1.0 1.0 1 0 0 0.0 1.0 0.0
cell 23.16759804205616 6.287120391171936 0.0 1.0 1.0 1 0 0 0.0 1.0 0.0
cell 23.943648151103115 39.8914242182724 0.0 1.0 1.0 1 0 0 0.0 1.0 0.0
cell 33.12904544959543 33.71719376288983 0.0 1.0488088481701516 0.9534625892455922 1 0 0 0.829136097270453 -0.5590468068088056 4.328064117056816
cell 11.475953617659364 23.432023755818413 0.0 1.0 1.0 1 0 0 0.0 1.0 0.0
cell 9.605300728437257 52.63664120406203 0.0 1.643167672515499 0.6085806194501844 1 0 0 0.7018116326465021 -0.7123625708036961 4.727310398648415
cell 23.26448410996768 14.128245962746552 0.0 1.0 1.0 1 0 0 0.0 1.0 0.0
cell 28.87230534017662 42.55125864115034 0.0 1.0 1.0 1 0 0 0.0 1.0 0.0
cell 41.09553580670053 22.277642704318353 0.0 1.0 1.0 1 0 0 0.0 1.0 0.0
cell 20.357917785909933 44.873301327237215 0.0 1.0488088481701516 0.9534625892455922 1 0 0 0.9763384326119177 0.21624815607284112 2.7056525448067106
cell 37.90851097937141 18.489728695863974 0.0 1.0 1.0 1 0 0 0.0 1.0 0.0
cell 32.30611625187044 25.860531813553045 0.0 1.0 1.0 1 0 0 0.0 1.0 0.0
cell 28.989397720553534 39.60294564098797 0.0 1.0 1.0 1 0 0 0.0 1.0 0.0
cell 43.963835882396474 23.692460692985485 0.0 1.643167672515499 0.6085806194501844 1 0 0 0.7548985174419758 -0.6558416183530189 4.572186568498126
cell 28.647447437571604 26.143795395027524 0.0 1.0 1.0 1 0 0 0.0 1.0 0.0
cell 19.405455393843347 31.548980421699703 0.0 1.0 1.0 1 0 0 0.0 1.0 0.0
cell 36.77553567392148 14.903645219775239 0.0 1.0 1.0 1 0 0 0.0 1.0 0.0
cell 28.280329159874913 7.393446497963166 0.0 1.0 1.0 1 0 0 0.0 1.0 0.0
cell 32.477307068651946 12.009438660695109 0.0 1.0 1.0 1 0 0 0.0 1.0 0.0
cell 61.174641384813754 16.028249223439126 0.0 1.0 1.0 1 0 0 0.0 1.0 0.0
cell 37.19465891697025 55.57525897887739 0.0 1.0 1.0 1 0 0 0.0 1.0 0.0
cell 0.4444010079377827 14.369396589108074 0.0 1.0 1.0 1 0 0 0.0 1.0 0.0
cell 11.961569712185662 54.967930482991434 0.0 1.643167672515499 0.6085806194501844 1 0 0 0.9834937932313115 -0.18094186545818075 3.5054807336852254
cell 37.67114904501903 27.389566634114065 0.0 1.0 1.0 1 0 0 0.0 1.0 0.0
cell 38.26854986957777 42.21926671927402 0.0 1.0 1.0 1 0 0 0.0 1.0 0.0
cell 59.44396610808771 30.55234374393558 0.0 1.0 1.0 1 0 0 0.0 1.0 0.0
cell 60.83446011302674 28.891727176978407 0.0 1.0 1.0 1 0 0 0.0 1.0 0.0
cell 9.303547546780019 34.233030503661595 0.0 1.0 1.0 1 0 0 0.0 1.0 0.0
cell 61.477181482000745 5.10365328629176 0.0 1.0 1.0 1 0 0 0.0 1.0 0.0
cell 40.367845943883644 0.3423232402873771 0.0 1.0 1.0 1 0 0 0.0 1.0 0.0
cell 8.44241378112937 52.18714044361053 0.0 1.643167672515499 0.6085806194501844 1 0 0 0.6226199474780146 -0.7825243772576508 4.939012640849761
cell 19.80115532778487 19.98592997120735 0.0 1.0 1.0 1 0 0 0.0 1.0 0.0
cell 56.770776761276 28.952115190496787 0.0 1.0488088481701516 0.9534625892455922 1 0 0 0.6074978609009243 0.794321313449917 1.305813496246844
cell 5.720095242343503 4.126008796431689 0.0 1.0 1.0 1 0 0 0.0 1.0 0.0
cell 3.5332382944435237 5.944501624619287 0.0 1.0 1.0 1 0 0 0.0 1.0 0.0
cell 41.97877215326278 37.10127699400543 0.0 1.0 1.0 1 0 0 0.0 1.0 0.0
cell 49.79064036895089 56.8693121905615 0.0 1.0 1.0 1 0 0 0.0 1.0 0.0
cell 24.860387115123025 48.823016980678496 0.0 1.5165750888103104 0.6593804733957869 1 0 0 0.9050156705238335 -0.42537822711828593 4.020352189317381
cell 2.6919985748094826 21.36495448340393 0.0 1.0 1.0 1 0 0 0.0 1.0 0.0
cell 18.797362309283024 55.19828619104237 0.0 1.6124515496597105 0.6201736729460421 1 0 0 0.9488056807965747 0.31586038068765215 2.4988660111121304
cell 3.368199735706545 16.333263605313554 0.0 1.0 1.0 1 0 0 0.0 1.0 0.0
cell 11.988452975001561 35.42628190124805 0.0 1.643167672515499 0.6085806194501844 1 0 0 0.6635302737802626 -0.748149434122014 4.832130066717143
cell 31.593253350274328 3.264515255163975 0.0 1.0 1.0 1 0 0 0.0 1.0 0.0
cell 50.86315950619898 38.35857291703684 0.0 1.0 1.0 1 0 0 0.0 1.0 0.0
cell 50.05103526276129 27.69808081883323 0.0 1.0 1.0 1 0 0 0.0 1.0 0.0
cell 53.06773006029807 42.12415600817472 0.0 1.0 1.0 1 0 0 0.0 1.0 0.0
cell 1.9319179881843072 27.112792733270492 0.0 1.0 1.0 1 0 0 0.0 1.0 0.0
cell 25.410361500440043 19.546670644908264 0.0 1.0 1.0 1 0 0 0.0 1.0 0.0
cell 49.18472615016534 53.48452663389634 0.0 1.0 1.0 1 0 0 0.0 1.0 0.0
cell 53.70680692725048 23.092449239514995 0.0 1.0 1.0 1 0 0 0.0 1.0 0.0
cell 33.363941075067125 8.21211628880043 0.0 1.0 1.0 1 0 0 0.0 1.0 0.0
cell 57.676710725639616 48.609049463299556 0.0 1.5491933384829673 0.6454972243679027 1 0 0 0.9097431300258425 0.4151715758223134 2.2853298676792644
cell 35.028944020978486 22.95239350477494 0.0 1.0 1.0 1 0 0 0.0 1.0 0.0
cell 13.243117988210985 60.088093997812585 0.0 1.264911064067352 0.7905694150420947 1 0 0 0.6976716391226085 -0.7164176742403642 4.73890065390833
cell 16.974979210878658 24.443989937349215 0.0 1.0 1.0 1 0 0 0.0 1.0 0.0
cell 42.85400778908046 25.16400241358176 0.0 1.0 1.0 1 0 0 0.0 1.0 0.0
cell 2.1777596176886185 32.95190933156113 0.0 1.643167672515499 0.6085806194501844 1 0 0 0.37276100533206313 -0.927927385577034 5.519219901112634
cell 14.842298507538162 30.890309746991377 0.0 1.0 1.0 1 0 0 0.0 1.0 0.0
cell 44.162709539006265 8.070949029885755 0.0 1.0 1.0 1 0 0 0.0 1.0 0.0
cell 26.927418916416045 56.87197270638427 0.0 1.0 1.0 1 0 0 0.0 1.0 0.0
cell 21.40559995544216 16.98003712171611 0.0 1.0 1.0 1 0 0 0.0 1.0 0.0
cell 34.66938729395281 21.05635460270072 0.0 1.0 1.0 1 0 0 0.0 1.0 0.0
cell 24.596063694094358 29.426772037417443 0.0 1.0 1.0 1 0 0 0.0 1.0 0.0
cell 37.46383769253402 40.330041092036495 0.0 1.0 1.0 1 0 0 0.0 1.0 0.0
cell 18.91966212191641 25.241074274276514 0.0 1.0 1.0 1 0 0 0.0 1.0 0.0
cell 32.25758480147039 1.4241668636586922 0.0 1.0 1.0 1 0 0 0.0 1.0 0.0
cell 0.01222865282652117 27.133992430471725 0.0 1.0 1.0 1 0 0 0.0 1.0 0.0
cell 40.15403983511444 20.827018021485394 0.0 1.6124515496597105 0.6201736729460421 1 0 0 0.23273250203767928 -0.9725407870599987 5.813412516111623
cell 38.42976565302027 24.56583275707727 0.0 1.5491933384829673 0.6454972243679027 1 0 0 0.5612313276549944 -0.8276589858502186 5.091439758576711
cell 3.9454726442428796 59.17768058230487 0.0 1.0 1.0 1 0 0 0.0 1.0 0.0
cell 49.125820384351435 29.552304599527233 0.0 1.4491376746189442 0.690065559342354 1 0 0 -0.30754988231721586 -0.9515319594667678 0.62523407649019
