1000
 Lattice="61.89677336629337 0.0 0.0 0.0 61.89677336629337 0.0 0.0 0.0 1.0"Properties=species:S:1:pos:R:3:aspherical_shape:R:3:orientation:R:4:Color:R:1
cell 14.01445639466709 19.930136172426305 0.0 1.643167672515499 0.6085806194501844 1 0 0 0.7589587122909206 -0.6511387509876121 4.559760423827188
cell 45.562369071479566 24.883038726002624 0.0 1.0 1.0 1 0 0 0.0 1.0 0.0
cell 56.894500777747886 40.9781780223221 0.0 1.0 1.0 1 0 0 0.0 1.0 0.0
cell 59.705135089742114 45.82821121990561 0.0 1.0 1.0 1 0 0 0.0 1.0 0.0
cell 40.42557557769314 53.497222320849346 0.0 1.0 1.0 1 0 0 0.0 1.0 0.0
cell 23.673675249040304 24.74393356518683 0.0 1.1832159566199234 0.8451542547285166 1 0 0 0.9405035012655886 0.3397839962493363 2.4482182140070687
cell 53.339481050800494 6.835618257519726 0.0 1.341640786499874 0.7453559924999297 1 0 0 0.5079746513901816 0.8613720180880172 1.0656637006445326
cell 0.4815708049607704 23.331905063581882 0.0 1.4142135623730954 0.7071067811865474 1 0 0 0.05566168426717193 0.9984496867166326 0.11138093293206189
cell 28.23080773907646 50.79698956082158 0.0 1.0 1.0 1 0 0 0.0 1.0 0.0
cell 36.19136444146313 16.57168903063493 0.0 1.0 1.0 1 0 0 0.0 1.0 0.0
cell 20.659948796829433 16.651253217789005 0.0 1.0 1.0 1 0 0 0.0 1.0 0.0
cell 17.30659969828243 58.667805142437196 0.0 1.0 1.0 1 0 0 0.0 1.0 0.0
cell 33.62365789832796 2.5134055765401397 0.0 1.0 1.0 1 0 0 0.0 1.0 0.0
cell 36.81215601787812 11.229126079124308 0.0 1.0 1.0 1 0 0 0.0 1.0 0.0
cell 52.833517573075916 22.09214792601447 0.0 1.643167672515499 0.6085806194501844 1 0 0 0.941105327570854 0.3381135348041479 2.451769347442934
cell 32.79739312369696 46.706515561516426 0.0 1.0 1.0 1 0 0 0.0 1.0 0.0
cell 10.476861127440475 22.868967339564946 0.0 1.643167672515499 0.6085806194501844 1 0 0 0.8728638988682791 0.48796374255928754 2.1220818912028996
cell 22.15965385835109 8.320491530398558 0.0 1.643167672515499 0.6085806194501844 1 0 0 0.242473982148906 0.9701579087864264 0.489830247194996
cell 0.9834522414942326 8.845566496754223 0.0 1.0 1.0 1 0 0 0.0 1.0 0.0
cell 51.21509230281623 47.25521357957473 0.0 1.0 1.0 1 0 0 0.0 1.0 0.0
cell 60.2955509020797 4.0690637629920685 0.0 1.30384048104053 0.7669649888473703 1 0 0 0.9219193975144923 0.3873817554900019 2.3460128546923964
cell 40.66662636621205 55.56512529473001 0.0 1.0 1.0 1 0 0 0.0 1.0 0.0
cell 7.4273458489402495 44.750443383474405 0.0 1.643167672515499 0.6085806194501844 1 0 0 0.27413236834782345 -0.9616919697200416 5.727810520488697
cell 44.064029201640196 35.14306216770771 0.0 1.643167672515499 0.6085806194501844 1 0 0 0.9878459674587992 0.15543598224152982 2.829455084760423
cell 35.76090001876154 55.55905817226404 0.0 1.0 1.0 1 0 0 0.0 1.0 0.0
cell 6.726499400639207 3.6066809194427427 0.0 1.643167672515499 0.6085806194501844 1 0 0 0.3004520897171168 -0.9537969080389271 5.672852090879061
cell 33.7750162793553 13.983575115097134 0.0 1.0 1.0 1 0 0 0.0 1.0 0.0
cell 59.71988637117289 23.257250204485594 0.0 1.0954451150103324 0.9128709291752768 1 0 0 0.16993243035882413 -0.9854557164643896 5.94166310352736
cell 30.571139013716866 44.03646302309838 0.0 1.0 1.0 1 0 0 0.0 1.0 0.0
cell 55.72899224496847 31.089596510922785 0.0 1.0 1.0 1 0 0 0.0 1.0 0.0
cell 11.132565446810611 46.65935283330699 0.0 1.6124515496597105 0.6201736729460421 1 0 0 0.4688493013429757 -0.8832781739804304 5.3072101715371565
cell 5.177070522455304 61.86398648922228 0.0 1.0 1.0 1 0 0 0.0 1.0 0.0
cell 49.99963664601126 8.26189996585036 0.0 1.58113883008419 0.6324555320336757 1 0 0 0.5181126663646487 -0.855312378580197 5.193899565956656
cell 55.2403297297284 21.18037983874549 0.0 1.643167672515499 0.6085806194501844 1 0 0 0.9993506630990956 0.036031266469523995 3.06951451897777
cell 41.329942386923186 59.63131668510163 0.0 1.0 1.0 1 0 0 0.0 1.0 0.0
cell 10.964513158454208 38.89885836010275 0.0 1.0 1.0 1 0 0 0.0 1.0 0.0
cell 11.757657437915258 13.71473119819888 0.0 1.643167672515499 0.6085806194501844 1 0 0 0.7845756285153356 0.6200331306791325 1.8040227935641455
cell 11.581550817294648 56.690298385625105 0.0 1.0 1.0 1 0 0 0.0 1.0 0.0
cell 60.9292199998762 34.508853087132614 0.0 1.0 1.0 1 0 0 0.0 1.0 0.0
cell 27.128666184894797 5.776507069402769 0.0 1.0 1.0 1 0 0 0.0 1.0 0.0
cell 1.683492827948957 5.055893209806752 0.0 1.643167672515499 0.6085806194501844 1 0 0 0.7253671950274898 -0.6883621375249742 4.660049952385932
cell 38.90753274417432 41.32981590141268 0.0 1.0 1.0 1 0 0 0.0 1.0 0.0
cell 37.68076697012648 39.466934934496024 0.0 1.643167672515499 0.6085806194501844 1 0 0 -0.9780215107950704 0.208504015362122 3.561682866951029
cell 17.168540654032928 47.18731630286418 0.0 1.0 1.0 1 0 0 0.0 1.0 0.0
cell 40.72245860576352 12.417195614212657 0.0 1.0 1.0 1 0 0 0.0 1.0 0.0
cell 32.757288444858894 58.27134936989545 0.0 1.0 1.0 1 0 0 0.0 1.0 0.0
cell 33.568476559473446 26.317528828214996 0.0 1.58113883008419 0.6324555320336757 1 0 0 0.94987141674262 -0.31264083491343214 3.777536588902239
cell 61.532159023060004 57.241066563310625 0.0 1.643167672515499 0.6085806194501844 1 0 0 0.4840273039940901 0.8750528949659059 1.010502480244152
cell 47.27315794454223 34.41826657454115 0.0 1.643167672515499 0.6085806194501844 1 0 0 0.9997101009929661 -0.02407725010530749 3.1897518076540035
cell 50.511081960905784 45.28416792819059 0.0 1.0 1.0 1 0 0 0.0 1.0 0.0
cell 51.29871222634945 26.932437912163042 0.0 1.0 1.0 1 0 0 0.0 1.0 0.0
cell 8.593245022327974 33.34539653209583 0.0 1.0 1.0 1 0 0 0.0 1.0 0.0
cell 32.58413949880058 21.561090142351404 0.0 1.341640786499874 0.7453559924999297 1 0 0 0.6802162892263259 -0.733011459576975 4.787069979892955
cell 55.72341416628325 36.01695041004139 0.0 1.0 1.0 1 0 0 0.0 1.0 0.0
cell 33.11591039281137 48.72761881364416 0.0 1.0 1.0 1 0 0 0.0 1.0 0.0
cell 40.21815437573813 51.46108979809244 0.0 1.0 1.0 1 0 0 0.0 1.0 0.0
cell 56.58658471212548 19.94766651539129 0.0 1.643167672515499 0.6085806194501844 1 0 0 0.9945411120172956 0.10434546711477795 2.932521148087739
cell 40.265022422980294 1.1712687274931597 0.0 1.0 1.0 1 0 0 0.0 1.0 0.0
cell 23.54735946019704 33.3007561540146 0.0 1.643167672515499 0.6085806194501844 1 0 0 0.706390271147358 -0.7078225659219703 4.714414551426546
cell 58.39530581650423 27.120993000051506 0.0 1.0 1.0 1 0 0 0.0 1.0 0.0
cell 27.79836405597464 22.91930653818392 0.0 1.0 1.0 1 0 0 0.0 1.0 0.0
cell 37.80749005689713 6.086124371064904 0.0 1.0 1.0 1 0 0 0.0 1.0 0.0
cell 25.508729225927503 55.554788896675944 0.0 1.0 1.0 1 0 0 0.0 1.0 0.0
cell 32.825630214996345 32.892771112964425 0.0 1.0488088481701516 0.9534625892455922 1 0 0 0.5709772338229955 -0.8209658936008489 5.067793887974645
cell 19.394494538340503 27.927197714160332 0.0 1.643167672515499 0.6085806194501844 1 0 0 0.9998800095395628 0.015490852886908511 3.110609708586784
cell 0.9947728213247334 33.59888208456523 0.0 1.0 1.0 1 0 0 0.0 1.0 0.0
cell 50.3804173651298 36.12780154448494 0.0 1.2247448713915894 0.8164965809277259 1 0 0 0.999443879633101 -0.033345636355235436 3.2082962918426827
cell 43.749759838182214 37.33938303333023 0.0 1.0 1.0 1 0 0 0.0 1.0 0.0
cell 28.81979875664651 31.97035877964525 0.0 1.0 1.0 1 0 0 0.0 1.0 0.0
cell 56.910464295815764 52.15865155754869 0.0 1.0 1.0 1 0 0 0.0 1.0 0.0
cell 47.97866669809232 42.8664808219886 0.0 1.0 1.0 1 0 0 0.0 1.0 0.0
cell 39.316604952605914 34.60010653329686 0.0 1.0 1.0 1 0 0 0.0 1.0 0.0
cell 28.41181578730324 2.4310614636436223 0.0 1.0 1.0 1 0 0 0.0 1.0 0.0
cell 34.44686644284962 39.32422559924819 0.0 1.0 1.0 1 0 0 0.0 1.0 0.0
cell 44.02260024017763 21.034275919228595 0.0 1.0 1.0 1 0 0 0.0 1.0 0.0
cell 0.11610861354783192 42.435465153700136 0.0 1.0 1.0 1 0 0 0.0 1.0 0.0
cell 27.561440365605055 46.77776589508008 0.0 1.0 1.0 1 0 0 0.0 1.0 0.0
cell 51.296325466578566 59.80956781062959 0.0 1.643167672515499 0.6085806194501844 1 0 0 0.9597371658695643 -0.2808995771599818 3.711055247541042
cell 32.05662166051807 42.63620878744783 0.0 1.0 1.0 1 0 0 0.0 1.0 0.0
cell 14.199529677758298 47.88801795665983 0.0 1.0 1.0 1 0 0 0.0 1.0 0.0
cell 55.03995516961269 59.80632012043338 0.0 1.643167672515499 0.6085806194501844 1 0 0 0.662395858106842 -0.7491540076398848 4.835160622647818
cell 50.14386170594553 32.400195976753935 0.0 1.0 1.0 1 0 0 0.0 1.0 0.0
cell 53.740060970659535 38.81694423307551 0.0 1.0 1.0 1 0 0 0.0 1.0 0.0
cell 57.42077961647992 32.6445077617052 0.0 1.4491376746189442 0.690065559342354 1 0 0 0.563800667438408 0.8259108955547236 1.1979607990003547
cell 18.027485897098313 43.88804105719619 0.0 1.0 1.0 1 0 0 0.0 1.0 0.0
cell 52.55885312581021 19.197290732105284 0.0 1.643167672515499 0.6085806194501844 1 0 0 0.892962001012275 0.45013205256697053 2.2077662235019164
cell 15.123942840060451 36.595502269722076 0.0 1.0488088481701516 0.9534625892455922 1 0 0 0.9890614795272703 -0.14750386339119087 3.4376807583013003
cell 11.979178695911251 2.259561315529215 0.0 1.643167672515499 0.6085806194501844 1 0 0 0.9992305163065508 0.03922212745050974 3.0631282719687674
cell 45.1773452320903 33.66713881206491 0.0 1.643167672515499 0.6085806194501844 1 0 0 0.9815083083064385 0.1914195411274228 2.756376196566677
cell 54.06953781184479 18.970285456005897 0.0 1.643167672515499 0.6085806194501844 1 0 0 0.941453723735662 0.3371422341746221 2.4538331351210196
cell 24.388868644728248 8.773296996662719 0.0 1.0 1.0 1 0 0 0.0 1.0 0.0
cell 18.278095790488887 45.83693081677525 0.0 1.0 1.0 1 0 0 0.0 1.0 0.0
cell 57.464905763512334 23.466943522284634 0.0 1.0 1.0 1 0 0 0.0 1.0 0.0
cell 45.88572686447588 30.20178006780536 0.0 1.0 1.0 1 0 0 0.0 1.0 0.0
cell 33.2265192615696 28.423523723455677 0.0 1.58113883008419 0.6324555320336757 1 0 0 0.779520057320663 -0.6263772666969886 4.4953868438388085
cell 14.338957664838862 27.98994551846582 0.0 1.643167672515499 0.6085806194501844 1 0 0 0.999324569074563 0.03674786584196246 3.0680803703373165
cell 55.65662187850668 37.9146153086886 0.0 1.0 1.0 1 0 0 0.0 1.0 0.0
cell 30.809359535506065 32.48296812431251 0.0 1.0 1.0 1 0 0 0.0 1.0 0.0
cell 31.372640413437527 34.43418207531473 0.0 1.0 1.0 1 0 0 0.0 1.0 0.0
cell 34.097951850667535 23.272685726037288 0.0 1.0 1.0 1 0 0 0.0 1.0 0.0
cell 27.356560228774978 56.214244533584996 0.0 1.0 1.0 1 0 0 0.0 1.0 0.0
cell 19.689671952185837 40.19167586134373 0.0 1.6124515496597105 0.6201736729460421 1 0 0 0.18030762166661254 -0.9836102691457271 5.920586927576814
cell 38.72202297807385 29.079106955425786 0.0 1.0 1.0 1 0 0 0.0 1.0 0.0
cell 44.1662208038382 14.443767909853905 0.0 1.643167672515499 0.6085806194501844 1 0 0 0.525408946264105 -0.8508498335109685 5.176793958129891
cell 22.20552347997714 22.919347710995023 0.0 1.341640786499874 0.7453559924999297 1 0 0 0.8095920796223162 -0.5869928999679751 4.396271608466357
cell 6.5702483214436915 36.61982088717049 0.0 1.643167672515499 0.6085806194501844 1 0 0 0.9958717551079317 -0.09077140176425467 3.323385688090106
cell 25.806429377603344 22.44882729542255 0.0 1.0 1.0 1 0 0 0.0 1.0 0.0
cell 3.913037486678953 31.72408981670741 0.0 1.0 1.0 1 0 0 0.0 1.0 0.0
cell 41.85331311197761 52.05930743323937 0.0 1.0 1.0 1 0 0 0.0 1.0 0.0
cell 48.356691375008054 52.02821640897129 0.0 1.0 1.0 1 0 0 0.0 1.0 0.0
cell 52.84448883036916 28.21867851878328 0.0 1.0 1.0 1 0 0 0.0 1.0 0.0
cell 29.4449076185553 58.901933693371895 0.0 1.0 1.0 1 0 0 0.0 1.0 0.0
cell 16.969670434792427 19.413057234720046 0.0 1.643167672515499 0.6085806194501844 1 0 0 0.5380175107597283 -0.8429336617527536 5.147018413277145
cell 5.9692154420835335 27.28416981116367 0.0 1.0 1.0 1 0 0 0.0 1.0 0.0
cell 29.411340209048166 47.39022218542882 0.0 1.0 1.0 1 0 0 0.0 1.0 0.0
cell 3.2718689077922822 47.37968409459312 0.0 1.643167672515499 0.6085806194501844 1 0 0 0.12979420539906888 -0.9915409543961481 6.022862453971688
cell 30.110951148116218 42.03336853980726 0.0 1.0 1.0 1 0 0 0.0 1.0 0.0
cell 16.294920614673355 17.47265907225358 0.0 1.2247448713915894 0.8164965809277259 1 0 0 0.9999518034122891 -0.009817884319484113 3.1612287376938584
cell 60.76957453134671 38.92018172828287 0.0 1.0 1.0 1 0 0 0.0 1.0 0.0
cell 55.20122760789734 15.253660380677264 0.0 1.0 1.0 1 0 0 0.0 1.0 0.0
cell 36.87150018925677 29.67728214875242 0.0 1.643167672515499 0.6085806194501844 1 0 0 0.9594242113823287 -0.2819666338654217 3.7132792535222627
cell 2.7199815614511924 7.300561249848497 0.0 1.5165750888103104 0.6593804733957869 1 0 0 0.9905056738915827 0.13747185162272874 2.8657754972427645
cell 48.00972183531626 59.58947100050199 0.0 1.341640786499874 0.7453559924999297 1 0 0 0.7967256263662938 -0.6043411919530529 4.439470080253817
cell 17.839286193980723 51.19823735019433 0.0 1.0 1.0 1 0 0 0.0 1.0 0.0
cell 19.583186951700156 9.600894797565045 0.0 1.643167672515499 0.6085806194501844 1 0 0 -0.05236679373555435 0.998627918152631 6.178403792385303
cell 30.402159421897736 53.4703802779048 0.0 1.0 1.0 1 0 0 0.0 1.0 0.0
cell 61.42725469326678 10.716314019402173 0.0 1.643167672515499 0.6085806194501844 1 0 0 0.9785874037551832 0.20583171089919597 2.7269655714275367
cell 30.693572962556342 55.48697053163028 0.0 1.0 1.0 1 0 0 0.0 1.0 0.0
cell 23.891849796768064 6.032036398238362 0.0 1.0 1.0 1 0 0 0.0 1.0 0.0
cell 31.936417157992967 26.461533359868092 0.0 1.6124515496597105 0.6201736729460421 1 0 0 0.7579815758365834 -0.6522759620684252 4.562759120286559
cell 54.40407039325178 34.831258221839605 0.0 1.0 1.0 1 0 0 0.0 1.0 0.0
cell 26.182300945840872 30.377274415247005 0.0 1.4142135623730954 0.7071067811865474 1 0 0 0.7975159304297893 -0.6032978872088873 4.436852397655391
cell 60.48994255758694 15.60664100278154 0.0 1.0954451150103324 0.9128709291752768 1 0 0 0.9910468991456372 -0.1335142078350362 3.409420844962122
cell 14.06021357852858 61.37578544748033 0.0 1.0 1.0 1 0 0 0.0 1.0 0.0
cell 58.34035817314549 41.92196160084604 0.0 1.0 1.0 1 0 0 0.0 1.0 0.0
cell 28.56671085547906 52.83453476022527 0.0 1.0 1.0 1 0 0 0.0 1.0 0.0
cell 25.766977289763513 46.192639529812084 0.0 1.0 1.0 1 0 0 0.0 1.0 0.0
cell 38.070973796487884 27.333894921138278 0.0 1.0 1.0 1 0 0 0.0 1.0 0.0
cell 44.05625429144589 30.504471251402784 0.0 1.0 1.0 1 0 0 0.0 1.0 0.0
cell 4.328610713669347 35.72616669824587 0.0 1.0 1.0 1 0 0 0.0 1.0 0.0
cell 12.880487206778131 51.32623988230451 0.0 1.0 1.0 1 0 0 0.0 1.0 0.0
cell 52.60163019416814 35.622546163322326 0.0 1.0 1.0 1 0 0 0.0 1.0 0.0
cell 35.308304233857534 12.590898704818057 0.0 1.0 1.0 1 0 0 0.0 1.0 0.0
cell 25.271114656884272 20.510648753489296 0.0 1.0 1.0 1 0 0 0.0 1.0 0.0
cell 58.955265741231166 55.79652973697076 0.0 1.5491933384829673 0.6454972243679027 1 0 0 0.20394230070994562 0.9789829099535569 0.41076635830613706
cell 35.724318186485206 37.735772635710475 0.0 1.0 1.0 1 0 0 0.0 1.0 0.0
cell 36.18165483589924 46.070362756382536 0.0 1.0 1.0 1 0 0 0.0 1.0 0.0
cell 57.3095968540295 17.402235107365488 0.0 1.643167672515499 0.6085806194501844 1 0 0 0.9938238794180625 -0.1109688996901038 3.3639884895959993
cell 46.37829021285165 59.261879524508856 0.0 1.0 1.0 1 0 0 0.0 1.0 0.0
cell 39.36608177402007 43.344023598063075 0.0 1.0 1.0 1 0 0 0.0 1.0 0.0
cell 26.077069377353226 48.145948868663055 0.0 1.0 1.0 1 0 0 0.0 1.0 0.0
cell 9.754664691696794 45.387775226894 0.0 1.4142135623730954 0.7071067811865474 1 0 0 0.3283622142806528 -0.9445518811757809 5.614047062039338
cell 60.45420892438706 17.99782018474204 0.0 1.6124515496597105 0.6201736729460421 1 0 0 0.9991706054184172 0.04071978963346661 3.0601305516686925
cell 44.43922593185317 58.781164365350186 0.0 1.0 1.0 1 0 0 0.0 1.0 0.0
cell 13.058242930884468 53.33681239189111 0.0 1.0 1.0 1 0 0 0.0 1.0 0.0
cell 51.86786447618259 43.87596000950659 0.0 1.0 1.0 1 0 0 0.0 1.0 0.0
cell 2.530623567941083 38.877509430639726 0.0 1.0 1.0 1 0 0 0.0 1.0 0.0
cell 18.965642850610063 3.026402117289419 0.0 1.140175425099138 0.8770580193070291 1 0 0 0.9987444039185019 -0.050096064131588874 3.2418267365395312
cell 51.864824620679 39.538686448412214 0.0 1.0 1.0 1 0 0 0.0 1.0 0.0
cell 0.6259070192820219 52.869082172039974 0.0 1.643167672515499 0.6085806194501844 1 0 0 -0.40235348738414434 0.9154843915599092 5.455012997811987
cell 43.48412476818413 0.2819577774457974 0.0 1.0 1.0 1 0 0 0.0 1.0 0.0
cell 19.740101637035792 42.84357240979623 0.0 1.0 1.0 1 0 0 0.0 1.0 0.0
cell 0.33414568006706796 7.147736091776805 0.0 1.0 1.0 1 0 0 0.0 1.0 0.0
cell 61.60600335146516 46.015254844667446 0.0 1.0 1.0 1 0 0 0.0 1.0 0.0
cell 55.80958563408686 4.468061994824152 0.0 1.58113883008419 0.6324555320336757 1 0 0 0.687193743038759 -0.7264741974278095 4.767947076912696
cell 18.171922703137213 53.154099174335315 0.0 1.0 1.0 1 0 0 0.0 1.0 0.0
cell 22.93869908158385 45.45635657632846 0.0 1.643167672515499 0.6085806194501844 1 0 0 0.6202774516188913 0.7843824851519658 1.338192747113979
cell 26.85576101335625 36.670660122879525 0.0 1.0 1.0 1 0 0 0.0 1.0 0.0
cell 37.25381320203808 54.204435442086236 0.0 1.0 1.0 1 0 0 0.0 1.0 0.0
cell 42.013552757617504 15.985497475199105 0.0 1.0 1.0 1 0 0 0.0 1.0 0.0
cell 59.27194737681003 19.275197019120487 0.0 1.643167672515499 0.6085806194501844 1 0 0 0.9552256268491593 -0.2958783564416814 3.7423424848005182
cell 31.095516000109022 20.722051386243095 0.0 1.0 1.0 1 0 0 0.0 1.0 0.0
cell 55.78372668101366 45.07292211129444 0.0 1.0 1.0 1 0 0 0.0 1.0 0.0
cell 5.392287926268599 37.615995498829 0.0 1.0 1.0 1 0 0 0.0 1.0 0.0
cell 5.008962221460411 44.96005336465086 0.0 1.0 1.0 1 0 0 0.0 1.0 0.0
cell 42.86473600079485 12.410482935502253 0.0 1.0 1.0 1 0 0 0.0 1.0 0.0
cell 35.81212229972417 26.42923338230499 0.0 1.0 1.0 1 0 0 0.0 1.0 0.0
cell 47.948559217495436 30.024196574163025 0.0 1.0 1.0 1 0 0 0.0 1.0 0.0
cell 8.976896556662135 39.51544220628552 0.0 1.0 1.0 1 0 0 0.0 1.0 0.0
cell 13.930281002538369 9.584443550191748 0.0 1.6124515496597105 0.6201736729460421 1 0 0 0.5791306316020612 -0.8152347585451676 5.047861539745444
cell 40.58675048428753 19.82208590097778 0.0 1.3784048752090226 0.7254762501100115 1 0 0 0.5069114061266833 -0.8619981591271926 5.219989434150159
cell 27.934375653379675 48.76896827664229 0.0 1.0 1.0 1 0 0 0.0 1.0 0.0
cell 10.035427227760113 46.41586764088503 0.0 1.643167672515499 0.6085806194501844 1 0 0 0.3567635234842521 -0.9341947271908044 5.553583035924883
cell 18.55937464513419 31.30987829945281 0.0 1.5491933384829673 0.6454972243679027 1 0 0 0.8211183419218494 -0.5707579772193402 4.35644997936004
cell 56.60572210274753 56.80245670780398 0.0 1.4142135623730954 0.7071067811865474 1 0 0 0.3282384109910891 -0.9445949108215886 5.6143091979197495
cell 44.21194485976259 47.947473506799476 0.0 1.58113883008419 0.6324555320336757 1 0 0 0.7256119637204554 -0.6881041186519264 4.6593386565171455
cell 15.974349512904935 0.073690046603725 0.0 1.0 1.0 1 0 0 0.0 1.0 0.0
cell 60.29096605150543 30.633484707437464 0.0 1.0 1.0 1 0 0 0.0 1.0 0.0
cell 36.012911199581 57.60365984889969 0.0 1.0 1.0 1 0 0 0.0 1.0 0.0
cell 35.1336205252189 1.2059745571027145 0.0 1.0 1.0 1 0 0 0.0 1.0 0.0
cell 10.321359623285227 10.490752998422536 0.0 1.5165750888103104 0.6593804733957869 1 0 0 0.3409118136773532 -0.9400952799026371 5.587412020369899
cell 20.408673995823694 30.682394407503466 0.0 1.140175425099138 0.8770580193070291 1 0 0 0.8935314378412117 0.4490006342862078 2.2102994947804753
cell 8.091032964766722 50.77560894177041 0.0 1.0 1.0 1 0 0 0.0 1.0 0.0
cell 9.638103375013717 49.75839674621214 0.0 1.0 1.0 1 0 0 0.0 1.0 0.0
cell 42.798546618078326 29.2052344633219 0.0 1.0 1.0 1 0 0 0.0 1.0 0.0
cell 21.503657654002602 52.30709267421999 0.0 1.0 1.0 1 0 0 0.0 1.0 0.0
cell 59.13604213605043 49.46186100420238 0.0 1.0488088481701516 0.9534625892455922 1 0 0 0.6784009784868725 0.7346918485923564 1.4911679791306862
cell 37.52600493580955 56.257343007142865 0.0 1.0 1.0 1 0 0 0.0 1.0 0.0
cell 8.408738629660794 10.06690322265293 0.0 1.643167672515499 0.6085806194501844 1 0 0 -0.13934105313109252 0.9902444500790287 6.003593417349767
cell 22.72996314250455 48.91245348655848 0.0 1.0 1.0 1 0 0 0.0 1.0 0.0
cell 5.54076143158639 42.320680203312584 0.0 1.0 1.0 1 0 0 0.0 1.0 0.0
cell 39.725462355411324 15.918411386648764 0.0 1.0 1.0 1 0 0 0.0 1.0 0.0
cell 34.66243272230428 28.906976314861552 0.0 1.6124515496597105 0.6201736729460421 1 0 0 0.8288560773378787 -0.5594618870486752 4.329065521617235
cell 3.3352011199769334 48.581793647737854 0.0 1.643167672515499 0.6085806194501844 1 0 0 0.3155770586285644 -0.9488999526121517 5.641055853332225
cell 56.11770660375319 53.945839135160504 0.0 1.1832159566199234 0.8451542547285166 1 0 0 0.22050941301267224 0.9753848464953753 0.4446734168589259
cell 28.702415308477402 37.506859795878825 0.0 1.0 1.0 1 0 0 0.0 1.0 0.0
cell 4.2716957720665665 59.0931916814367 0.0 1.0488088481701516 0.9534625892455922 1 0 0 0.4961982705173156 -0.8682092353434309 5.244756404254858
cell 4.094102170563958 13.04855781933219 0.0 1.643167672515499 0.6085806194501844 1 0 0 0.9986523010761971 -0.051899725964755325 3.2454387608077377
cell 4.1709663185628205 22.944794980144135 0.0 1.3784048752090226 0.7254762501100115 1 0 0 0.6889762104917979 -0.7247839549661415 4.763034190659351
cell 12.859565139001617 39.66328123794966 0.0 1.0 1.0 1 0 0 0.0 1.0 0.0
cell 58.80347239484925 51.48250539075807 0.0 1.2247448713915894 0.8164965809277259 1 0 0 0.3914934372484046 0.9201808999275248 0.8045080313847651
cell 36.262126066845596 40.18758307203678 0.0 1.0 1.0 1 0 0 0.0 1.0 0.0
cell 12.769013792586659 49.25559748295574 0.0 1.0 1.0 1 0 0 0.0 1.0 0.0
cell 24.859257249401317 51.52141352981824 0.0 1.0 1.0 1 0 0 0.0 1.0 0.0
cell 59.15998109047965 37.97750247669404 0.0 1.0 1.0 1 0 0 0.0 1.0 0.0
cell 22.91100802415106 27.88028118344814 0.0 1.2247448713915894 0.8164965809277259 1 0 0 0.7271874321816674 -0.6864389546616895 4.65475395400213
cell 37.224713487433625 13.178253015683158 0.0 1.0 1.0 1 0 0 0.0 1.0 0.0
cell 42.080837317640764 54.13798034461163 0.0 1.0 1.0 1 0 0 0.0 1.0 0.0
cell 18.347602599240993 7.688051755404198 0.0 1.341640786499874 0.7453559924999297 1 0 0 0.6411125533015902 0.76744686721565 1.3918941411830668
cell 15.183871920369276 16.238870999493557 0.0 1.58113883008419 0.6324555320336757 1 0 0 0.2765019287186122 -0.9610133627660374 5.722880884873509
cell 29.460915910675695 39.40218902036759 0.0 1.0 1.0 1 0 0 0.0 1.0 0.0
cell 30.917448586430577 7.177422424967665 0.0 1.0 1.0 1 0 0 0.0 1.0 0.0
cell 51.155410788120044 61.45044954999018 0.0 1.6124515496597105 0.6201736729460421 1 0 0 -0.8887693260329427 0.45835475900545525 4.093878989361169
cell 38.14097232084126 17.11614893718349 0.0 1.0 1.0 1 0 0 0.0 1.0 0.0
cell 2.8959057995745283 1.4129612606344601 0.0 1.0 1.0 1 0 0 0.0 1.0 0.0
cell 56.598679808420165 18.51737527725462 0.0 1.643167672515499 0.6085806194501844 1 0 0 0.9840977585021456 -0.17762770535885591 3.4987432439614223
cell 30.56532745275297 5.159836516845842 0.0 1.0 1.0 1 0 0 0.0 1.0 0.0
cell 45.49990165107835 55.33096073052902 0.0 1.0 1.0 1 0 0 0.0 1.0 0.0
cell 21.80370179843064 34.622603230061095 0.0 1.643167672515499 0.6085806194501844 1 0 0 0.16913242716176613 0.985593335043602 0.33989869630720887
cell 54.5719000547941 8.967929858265805 0.0 1.0954451150103324 0.9128709291752768 1 0 0 0.6030927556418885 0.7976710650965556 1.2947453678415102
cell 18.603096071495187 37.34669897003344 0.0 1.0 1.0 1 0 0 0.0 1.0 0.0
cell 41.06431304599493 7.4936983009119436 0.0 1.0 1.0 1 0 0 0.0 1.0 0.0
cell 51.505505678230435 11.89289691864932 0.0 1.0 1.0 1 0 0 0.0 1.0 0.0
cell 1.7697179053794427 50.672854998448635 0.0 1.643167672515499 0.6085806194501844 1 0 0 0.27195051283995925 -0.9623112378882849 5.732346593118825
cell 24.197635893867247 47.486528308650314 0.0 1.0 1.0 1 0 0 0.0 1.0 0.0
cell 43.84085478307476 5.505230751469797 0.0 1.0 1.0 1 0 0 0.0 1.0 0.0
cell 49.55143302326015 18.702833668015867 0.0 1.0 1.0 1 0 0 0.0 1.0 0.0
cell 39.16000078447054 13.787770431256883 0.0 1.0 1.0 1 0 0 0.0 1.0 0.0
cell 43.00013115286964 40.53514862681323 0.0 1.0 1.0 1 0 0 0.0 1.0 0.0
cell 7.675364139053776 24.032828379790036 0.0 1.0 1.0 1 0 0 0.0 1.0 0.0
cell 4.072634748195554 26.515116943270208 0.0 1.0 1.0 1 0 0 0.0 1.0 0.0
cell 24.513829399935386 49.49952649015311 0.0 1.0 1.0 1 0 0 0.0 1.0 0.0
cell 1.2561296152693977 61.28597119185088 0.0 1.643167672515499 0.6085806194501844 1 0 0 -0.16671240421356187 0.9860055650356817 5.9481963756988065
cell 15.722537435709452 59.9752532790492 0.0 1.0 1.0 1 0 0 0.0 1.0 0.0
cell 43.72917820791333 10.76041712631527 0.0 1.0 1.0 1 0 0 0.0 1.0 0.0
cell 8.4973919045512 2.036371487044278 0.0 1.4832396974191329 0.6741998624632419 1 0 0 0.757499164879204 0.6528361319713459 1.7189476596841773
cell 52.991841335629346 55.59820256322537 0.0 1.0 1.0 1 0 0 0.0 1.0 0.0
cell 15.259218193050884 43.241974086319416 0.0 1.643167672515499 0.6085806194501844 1 0 0 0.42080624991432014 -0.9071505387933398 5.4145174892645915
cell 3.0225379215097927 30.06207557045778 0.0 1.0 1.0 1 0 0 0.0 1.0 0.0
cell 14.817509612738672 38.75836087003706 0.0 1.0 1.0 1 0 0 0.0 1.0 0.0
cell 40.24707254304301 9.313339934321682 0.0 1.0 1.0 1 0 0 0.0 1.0 0.0
cell 45.10263333462308 32.082031878020324 0.0 1.0 1.0 1 0 0 0.0 1.0 0.0
cell 58.376887041924086 2.366302275390629 0.0 1.643167672515499 0.6085806194501844 1 0 0 0.39393365713983985 0.919138876216446 0.8098148159719574
cell 55.42052676401844 23.815162877644596 0.0 1.0 1.0 1 0 0 0.0 1.0 0.0
cell 32.17719069052236 15.639953303105267 0.0 1.0 1.0 1 0 0 0.0 1.0 0.0
cell 45.81331215865623 37.49587815045265 0.0 1.0 1.0 1 0 0 0.0 1.0 0.0
cell 13.545598288248916 57.325436950513144 0.0 1.0 1.0 1 0 0 0.0 1.0 0.0
cell 48.32733531503681 23.288543341079638 0.0 1.0 1.0 1 0 0 0.0 1.0 0.0
cell 46.06767074832396 17.846425596173365 0.0 1.0 1.0 1 0 0 0.0 1.0 0.0
cell 2.603204056532532 3.317011702434731 0.0 1.643167672515499 0.6085806194501844 1 0 0 0.3659984873905306 0.9306154454058043 0.7494110186513752
cell 1.744491932904296 37.00839978111367 0.0 1.0 1.0 1 0 0 0.0 1.0 0.0
cell 59.12023395048334 33.92323875006064 0.0 1.0 1.0 1 0 0 0.0 1.0 0.0
cell 55.11403152124854 43.21063166522412 0.0 1.0 1.0 1 0 0 0.0 1.0 0.0
cell 35.953293404237584 5.279754757968473 0.0 1.0 1.0 1 0 0 0.0 1.0 0.0
cell 17.572723059104128 60.69227418930188 0.0 1.0 1.0 1 0 0 0.0 1.0 0.0
cell 18.844459299344013 4.827917000218421 0.0 1.2247448713915894 0.8164965809277259 1 0 0 0.9810157368838348 -0.19392814129534341 3.5319221155878635
cell 2.6183411161680525 51.85338456608021 0.0 1.643167672515499 0.6085806194501844 1 0 0 0.5175101896842897 -0.8556770439674833 5.195308053110391
cell 34.97235569975231 49.40022022580242 0.0 1.0 1.0 1 0 0 0.0 1.0 0.0
cell 10.946497428050465 40.70453582059709 0.0 1.0 1.0 1 0 0 0.0 1.0 0.0
cell 21.81324478116755 54.305433183242485 0.0 1.0 1.0 1 0 0 0.0 1.0 0.0
cell 21.00368878433584 41.343688216669165 0.0 1.0 1.0 1 0 0 0.0 1.0 0.0
cell 10.392762971814022 3.3950425090872147 0.0 1.643167672515499 0.6085806194501844 1 0 0 0.03084228516468034 -0.9995242635603303 6.221490953122453
cell 3.196114166071676 61.41163808380871 0.0 1.643167672515499 0.6085806194501844 1 0 0 -0.2822179245201103 0.9593503234374612 5.710974850694527
cell 24.16959225812954 11.097612219735414 0.0 1.58113883008419 0.6324555320336757 1 0 0 0.5603823312488825 0.828234050751397 1.1896947003585676
cell 25.575316858160196 10.881101831607054 0.0 1.0 1.0 1 0 0 0.0 1.0 0.0
cell 7.9748154475672735 52.85588357005653 0.0 1.0 1.0 1 0 0 0.0 1.0 0.0
cell 31.602112134615403 50.11647507167769 0.0 1.0 1.0 1 0 0 0.0 1.0 0.0
cell 30.94119244779811 46.01692406064582 0.0 1.0 1.0 1 0 0 0.0 1.0 0.0
cell 37.45520473449781 25.633203782466207 0.0 1.0 1.0 1 0 0 0.0 1.0 0.0
cell 29.231961524964824 21.42450070055565 0.0 1.0 1.0 1 0 0 0.0 1.0 0.0
cell 6.903080730433531 33.14947614836406 0.0 1.0 1.0 1 0 0 0.0 1.0 0.0
cell 33.0332701635303 60.337863026955546 0.0 1.0 1.0 1 0 0 0.0 1.0 0.0
cell 60.41696401258754 47.781555351559454 0.0 1.0 1.0 1 0 0 0.0 1.0 0.0
cell 59.10398782234574 12.092279764363745 0.0 1.0 1.0 1 0 0 0.0 1.0 0.0
cell 47.7742397131339 18.16824964957722 0.0 1.0 1.0 1 0 0 0.0 1.0 0.0
cell 16.53691905572378 4.028855487957416 0.0 1.3784048752090226 0.7254762501100115 1 0 0 0.9007799579771718 -0.43427579636291574 4.040060947277374
cell 53.941316551148574 36.906620753516364 0.0 1.0 1.0 1 0 0 0.0 1.0 0.0
cell 53.98769028050916 49.63908282845129 0.0 1.0 1.0 1 0 0 0.0 1.0 0.0
cell 48.46484562153662 39.24482104316367 0.0 1.0 1.0 1 0 0 0.0 1.0 0.0
cell 50.89488341739111 55.8460065146969 0.0 1.0 1.0 1 0 0 0.0 1.0 0.0
cell 23.326218460451177 4.14441120295519 0.0 1.0 1.0 1 0 0 0.0 1.0 0.0
cell 48.317407317474085 48.487163275329536 0.0 1.0 1.0 1 0 0 0.0 1.0 0.0
cell 56.42160409077484 29.144861948815244 0.0 1.0 1.0 1 0 0 0.0 1.0 0.0
cell 40.06603264688964 27.441939697376885 0.0 1.0 1.0 1 0 0 0.0 1.0 0.0
cell 45.38805707725136 48.87410944232373 0.0 1.643167672515499 0.6085806194501844 1 0 0 0.8171902967464847 -0.5763679544383017 4.370146923049749
cell 38.537993464686124 50.75489410940611 0.0 1.0 1.0 1 0 0 0.0 1.0 0.0
cell 12.650627799809616 30.7995988312913 0.0 1.0488088481701516 0.9534625892455922 1 0 0 0.28322561867254475 -0.95905330869955 5.708873741120142
cell 15.195787362956237 7.578525696143982 0.0 1.643167672515499 0.6085806194501844 1 0 0 0.430193567697194 0.9027366694180312 0.8894143783930563
cell 10.364160362433044 8.81186392052648 0.0 1.643167672515499 0.6085806194501844 1 0 0 -0.006462042515444924 -0.9999791207852935 0.012924174979890068
cell 24.743098948427466 39.60303390629453 0.0 1.0 1.0 1 0 0 0.0 1.0 0.0
cell 44.74422233002079 3.8582849272314905 0.0 1.0 1.0 1 0 0 0.0 1.0 0.0
cell 10.268379873194153 33.44551809370892 0.0 1.643167672515499 0.6085806194501844 1 0 0 0.9566081151513595 0.2913776141479702 2.550259402661052
cell 50.436263035724885 20.190498721056215 0.0 1.0 1.0 1 0 0 0.0 1.0 0.0
cell 44.766022949832916 50.65094311951933 0.0 1.643167672515499 0.6085806194501844 1 0 0 0.8327390809381855 -0.5536656238906531 4.315112087489209
cell 30.691882775924007 37.89800828560966 0.0 1.0 1.0 1 0 0 0.0 1.0 0.0
cell 11.362577254415765 52.62567621834019 0.0 1.0 1.0 1 0 0 0.0 1.0 0.0
cell 27.89693168857344 13.725713188590008 0.0 1.0 1.0 1 0 0 0.0 1.0 0.0
cell 38.719747237965635 22.058141506352737 0.0 1.0 1.0 1 0 0 0.0 1.0 0.0
cell 16.404429811336836 11.223600313527223 0.0 1.0 1.0 1 0 0 0.0 1.0 0.0
cell 54.96519935661359 22.360174895551445 0.0 1.643167672515499 0.6085806194501844 1 0 0 0.999788836593508 -0.020549506636406673 3.1826945599761913
cell 19.131774230157227 59.07886983035621 0.0 1.0 1.0 1 0 0 0.0 1.0 0.0
cell 30.995473605483273 18.65774144789517 0.0 1.0 1.0 1 0 0 0.0 1.0 0.0
cell 50.21375689093631 30.364152600340766 0.0 1.0 1.0 1 0 0 0.0 1.0 0.0
cell 25.3063446294165 4.996931558718859 0.0 1.0 1.0 1 0 0 0.0 1.0 0.0
cell 6.223963509047743 35.09843827036617 0.0 1.0 1.0 1 0 0 0.0 1.0 0.0
cell 11.753473584496762 43.27119734448527 0.0 1.643167672515499 0.6085806194501844 1 0 0 -0.28492532709438023 0.9585497159668664 5.705328256565008
cell 48.57774211072872 28.559446481893833 0.0 1.0 1.0 1 0 0 0.0 1.0 0.0
cell 10.835995042858535 19.755012693671517 0.0 1.643167672515499 0.6085806194501844 1 0 0 0.7135902044776432 0.7005633590715085 1.5892193287794127
cell 38.29951056407346 48.765202855069376 0.0 1.0 1.0 1 0 0 0.0 1.0 0.0
cell 52.33509783577807 57.3859044958518 0.0 1.0 1.0 1 0 0 0.0 1.0 0.0
cell 60.76318762652817 24.8408069611611 0.0 1.140175425099138 0.8770580193070291 1 0 0 0.46188676502245607 -0.8869389022345848 5.322942706290367
cell 42.314486336201384 9.136513479818163 0.0 1.0 1.0 1 0 0 0.0 1.0 0.0
cell 3.798905110260329 19.50958210741459 0.0 1.643167672515499 0.6085806194501844 1 0 0 0.9848206875745373 -0.17357480613618909 3.4905094981575178
cell 14.19964639216398 3.8351231786717777 0.0 1.643167672515499 0.6085806194501844 1 0 0 -0.16550330749794076 -0.986209235004034 0.3325366700656085
cell 3.782507958767387 55.10105128948769 0.0 1.140175425099138 0.8770580193070291 1 0 0 0.5313261391100896 -0.8471673588485132 5.1628549499248235
cell 58.90791459508198 43.89778613055642 0.0 1.0 1.0 1 0 0 0.0 1.0 0.0
cell 28.02774252369616 10.010280926498108 0.0 1.0 1.0 1 0 0 0.0 1.0 0.0
cell 8.472880041438115 4.513154855612508 0.0 1.5165750888103104 0.6593804733957869 1 0 0 0.041208011197965876 -0.9991505891571641 6.200745941831344
cell 47.23256499857625 50.197913166963716 0.0 1.0 1.0 1 0 0 0.0 1.0 0.0
cell 51.63268906385978 6.905901749994203 0.0 1.58113883008419 0.6324555320336757 1 0 0 0.5845415905554512 -0.8113637463621992 5.034555394490525
cell 30.865626507057787 22.733693246140103 0.0 1.0 1.0 1 0 0 0.0 1.0 0.0
cell 4.511718422992885 43.652240049869064 0.0 1.0 1.0 1 0 0 0.0 1.0 0.0
cell 15.43913732082817 57.971026982594644 0.0 1.0 1.0 1 0 0 0.0 1.0 0.0
cell 48.189892577415876 2.3672362406766725 0.0 1.0 1.0 1 0 0 0.0 1.0 0.0
cell 31.252731032030574 11.940544744785615 0.0 1.0 1.0 1 0 0 0.0 1.0 0.0
cell 27.47141965845747 39.059289652489525 0.0 1.0 1.0 1 0 0 0.0 1.0 0.0
cell 37.016884381792586 52.155575496432235 0.0 1.0 1.0 1 0 0 0.0 1.0 0.0
cell 55.860169892684866 50.41032534415939 0.0 1.0 1.0 1 0 0 0.0 1.0 0.0
cell 39.35926081755615 18.447140735601398 0.0 1.0 1.0 1 0 0 0.0 1.0 0.0
cell 24.303607278579893 45.40551699039796 0.0 1.0 1.0 1 0 0 0.0 1.0 0.0
cell 36.29935776742201 59.6639994057131 0.0 1.0 1.0 1 0 0 0.0 1.0 0.0
cell 34.61125260339519 33.842711428798225 0.0 1.0 1.0 1 0 0 0.0 1.0 0.0
cell 33.30882427508152 0.502686171120997 0.0 1.0 1.0 1 0 0 0.0 1.0 0.0
cell 45.38461195234787 0.6471193544466358 0.0 1.0 1.0 1 0 0 0.0 1.0 0.0
cell 59.7708934032539 10.128334360476293 0.0 1.0 1.0 1 0 0 0.0 1.0 0.0
cell 56.97597978715698 43.43423102678145 0.0 1.0 1.0 1 0 0 0.0 1.0 0.0
cell 14.84107095069343 53.97581751158581 0.0 1.0 1.0 1 0 0 0.0 1.0 0.0
cell 23.013995621140673 0.36867464715296533 0.0 1.0 1.0 1 0 0 0.0 1.0 0.0
cell 36.234213991518466 7.303813386773313 0.0 1.0 1.0 1 0 0 0.0 1.0 0.0
cell 34.90993776249564 19.51051699707012 0.0 1.0 1.0 1 0 0 0.0 1.0 0.0
cell 10.200776041155711 1.347639232561036 0.0 1.0 1.0 1 0 0 0.0 1.0 0.0
cell 32.473072104852406 5.866777785841657 0.0 1.0 1.0 1 0 0 0.0 1.0 0.0
cell 1.0720003925047377 17.19408922912496 0.0 1.643167672515499 0.6085806194501844 1 0 0 0.999402770999127 -0.034555771142698574 3.2107179576352647
cell 41.19670349318297 43.9167564008442 0.0 1.0 1.0 1 0 0 0.0 1.0 0.0
cell 22.49458091472672 16.538002559755647 0.0 1.0 1.0 1 0 0 0.0 1.0 0.0
cell 43.52984707331067 52.73869401953191 0.0 1.0 1.0 1 0 0 0.0 1.0 0.0
cell 11.46037829264864 58.700388303199404 0.0 1.0 1.0 1 0 0 0.0 1.0 0.0
cell 7.006410919530448 40.01927522438675 0.0 1.0 1.0 1 0 0 0.0 1.0 0.0
cell 32.82133633319037 7.886787573771263 0.0 1.0 1.0 1 0 0 0.0 1.0 0.0
cell 35.72767376439004 21.02969436737264 0.0 1.643167672515499 0.6085806194501844 1 0 0 0.5795769197480172 -0.8149175382180706 5.046766456456129
cell 21.399582344270527 43.393243369536144 0.0 1.0 1.0 1 0 0 0.0 1.0 0.0
cell 9.07941927466171 41.311616767933174 0.0 1.0 1.0 1 0 0 0.0 1.0 0.0
cell 4.9190271543282424 40.85617195031317 0.0 1.0 1.0 1 0 0 0.0 1.0 0.0
cell 49.9449439561523 43.298478702859036 0.0 1.0 1.0 1 0 0 0.0 1.0 0.0
cell 38.70845939772983 20.020140463892275 0.0 1.0 1.0 1 0 0 0.0 1.0 0.0
cell 25.177512243263674 32.71087732712336 0.0 1.0488088481701516 0.9534625892455922 1 0 0 0.7321109469568808 -0.6811854089349677 4.640353820058135
cell 55.06189887434381 25.779428918569632 0.0 1.0 1.0 1 0 0 0.0 1.0 0.0
cell 53.77426496111684 44.51738787692343 0.0 1.0 1.0 1 0 0 0.0 1.0 0.0
cell 30.775378810796077 24.78119907237174 0.0 1.0 1.0 1 0 0 0.0 1.0 0.0
cell 51.80005727082224 25.16764142770054 0.0 1.0 1.0 1 0 0 0.0 1.0 0.0
cell 26.354952427661313 61.573653365266985 0.0 1.0 1.0 1 0 0 0.0 1.0 0.0
cell 42.07432723051313 27.72715816138735 0.0 1.0 1.0 1 0 0 0.0 1.0 0.0
cell 18.818214283727983 41.83304888161289 0.0 1.58113883008419 0.6324555320336757 1 0 0 0.35528352649188066 -0.9347585869108094 5.556750577183072
cell 8.94866822191153 44.80172304191015 0.0 1.643167672515499 0.6085806194501844 1 0 0 0.3371838716614198 -0.9414388119742118 5.595337334407657
cell 54.860929426877654 27.787300550201223 0.0 1.0 1.0 1 0 0 0.0 1.0 0.0
cell 33.7523607032654 37.32531718181664 0.0 1.0 1.0 1 0 0 0.0 1.0 0.0
cell 25.962164107641385 13.021236605526724 0.0 1.0 1.0 1 0 0 0.0 1.0 0.0
cell 52.18199419466918 29.845568267108057 0.0 1.0 1.0 1 0 0 0.0 1.0 0.0
cell 57.012836455289666 11.838490921241265 0.0 1.1832159566199234 0.8451542547285166 1 0 0 0.726839470614089 -0.686807384903097 4.655767498477309
cell 17.16075525619827 42.31141761394837 0.0 1.6124515496597105 0.6201736729460421 1 0 0 0.4406949551400134 -0.8976569258431316 5.370439878552761
cell 37.525769701534 42.83198180527494 0.0 1.0 1.0 1 0 0 0.0 1.0 0.0
cell 33.442129575446096 50.77953097412125 0.0 1.0 1.0 1 0 0 0.0 1.0 0.0
cell 12.688153346340135 47.2190221105509 0.0 1.0 1.0 1 0 0 0.0 1.0 0.0
cell 58.465924113251305 8.182923465084038 0.0 1.341640786499874 0.7453559924999297 1 0 0 0.8000361356139516 -0.5999518161585103 4.428474414293164
cell 57.67686893046935 45.42477454978325 0.0 1.0 1.0 1 0 0 0.0 1.0 0.0
cell 45.5180391041338 46.74324555077255 0.0 1.0 1.0 1 0 0 0.0 1.0 0.0
cell 1.0992945486465715 59.68455479378872 0.0 1.643167672515499 0.6085806194501844 1 0 0 0.2409761317712306 0.9705310422220272 0.4867429928887852
cell 39.26019228094012 56.91537537779437 0.0 1.0 1.0 1 0 0 0.0 1.0 0.0
cell 60.700276907084756 8.795396520358326 0.0 1.643167672515499 0.6085806194501844 1 0 0 0.3127967147199146 0.9498200962605646 0.6362721566158851
cell 8.838995307562053 48.46364581613029 0.0 1.643167672515499 0.6085806194501844 1 0 0 0.38688538921971577 -0.9221278087165081 5.488682197114495
cell 46.64571096485549 12.658673132415572 0.0 1.643167672515499 0.6085806194501844 1 0 0 0.6517269411203112 -0.7584536862709301 4.8634670287117405
cell 14.94352969901673 40.463412022259504 0.0 1.643167672515499 0.6085806194501844 1 0 0 0.07478900143420449 -0.9971993808985616 6.133467510691168
cell 25.20578287885836 53.53038785786152 0.0 1.0 1.0 1 0 0 0.0 1.0 0.0
cell 36.977360565025315 1.8490227310493272 0.0 1.0 1.0 1 0 0 0.0 1.0 0.0
cell 32.439761949787595 38.90006214501461 0.0 1.0 1.0 1 0 0 0.0 1.0 0.0
cell 35.86102129664158 24.414071758478315 0.0 1.0 1.0 1 0 0 0.0 1.0 0.0
cell 24.79929227597224 1.0168762536000016 0.0 1.0 1.0 1 0 0 0.0 1.0 0.0
cell 0.8764034061274559 25.115271840912648 0.0 1.0 1.0 1 0 0 0.0 1.0 0.0
cell 40.87703090842646 37.81624522262739 0.0 1.0 1.0 1 0 0 0.0 1.0 0.0
cell 12.72764463622711 35.9552553719898 0.0 1.341640786499874 0.7453559924999297 1 0 0 0.9998983489822962 0.014258039924128574 3.1130756074727346
cell 42.8980514257996 22.570012472746658 0.0 1.0 1.0 1 0 0 0.0 1.0 0.0
cell 53.32884626139678 10.581941839913284 0.0 1.0 1.0 1 0 0 0.0 1.0 0.0
cell 16.95409253238524 56.628007599380766 0.0 1.0 1.0 1 0 0 0.0 1.0 0.0
cell 60.38272837844161 27.025709109483056 0.0 1.0 1.0 1 0 0 0.0 1.0 0.0
cell 2.356992053095105 27.010056501751098 0.0 1.2247448713915894 0.8164965809277259 1 0 0 0.6117160240508177 0.7910774335799622 1.3164560004229806
cell 55.38850971592504 33.52777317232852 0.0 1.58113883008419 0.6324555320336757 1 0 0 0.9998408764893464 -0.017838769604865686 3.1772720852984118
cell 3.9758950640834794 28.442034311729838 0.0 1.0 1.0 1 0 0 0.0 1.0 0.0
cell 3.7367377219136757 10.439006189096803 0.0 1.643167672515499 0.6085806194501844 1 0 0 0.9839101716726818 0.17866385778616162 2.782336071030474
cell 31.92915515397839 52.115112223347346 0.0 1.0 1.0 1 0 0 0.0 1.0 0.0
cell 48.706344102799626 31.726087807079825 0.0 1.0 1.0 1 0 0 0.0 1.0 0.0
cell 53.61874991483653 16.583518125085764 0.0 1.0 1.0 1 0 0 0.0 1.0 0.0
cell 47.70079301708161 21.39649133476281 0.0 1.0 1.0 1 0 0 0.0 1.0 0.0
cell 15.84852909726979 48.606542921846334 0.0 1.0 1.0 1 0 0 0.0 1.0 0.0
cell 20.2841530629485 55.697152174725254 0.0 1.0 1.0 1 0 0 0.0 1.0 0.0
cell 0.9156669138488104 44.31554981691958 0.0 1.0 1.0 1 0 0 0.0 1.0 0.0
cell 23.066777360217134 18.3770561176393 0.0 1.0 1.0 1 0 0 0.0 1.0 0.0
cell 16.16628856194859 35.114261111009036 0.0 1.643167672515499 0.6085806194501844 1 0 0 0.9997788448644024 -0.021030010974825725 3.183655776410375
cell 5.824429126953922 32.09041133454857 0.0 1.643167672515499 0.6085806194501844 1 0 0 0.2497513577233241 -0.9683100016602928 5.778338373153657
cell 26.9870875733086 28.415359642331225 0.0 1.0 1.0 1 0 0 0.0 1.0 0.0
cell 1.3207044828562327 11.635658763621535 0.0 1.643167672515499 0.6085806194501844 1 0 0 0.9995339127077068 -0.030527976467863937 3.2026580940956197
cell 6.630232151893811 14.936410927364538 0.0 1.643167672515499 0.6085806194501844 1 0 0 0.9740416133070777 0.22636902514731402 2.6848960194235563
cell 18.78867359580426 57.092462922562696 0.0 1.0 1.0 1 0 0 0.0 1.0 0.0
cell 61.1869507684299 32.47540321654493 0.0 1.0 1.0 1 0 0 0.0 1.0 0.0
cell 48.38617742987888 11.088153114347735 0.0 1.6124515496597105 0.6201736729460421 1 0 0 0.4838091266764309 -0.8751735421872563 5.273181453426036
cell 16.09615187435564 9.598065447737907 0.0 1.341640786499874 0.7453559924999297 1 0 0 0.2151516576755669 0.9765806491014737 0.4336942435194988
cell 32.17631523123056 30.945887541340028 0.0 1.0 1.0 1 0 0 0.0 1.0 0.0
cell 43.16239292725712 17.151224615077354 0.0 1.643167672515499 0.6085806194501844 1 0 0 0.4216596148795471 -0.9067541944648682 5.412635659669857
cell 29.056082845878205 45.3667926707672 0.0 1.0 1.0 1 0 0 0.0 1.0 0.0
cell 4.598687925142248 56.60457454295712 0.0 1.643167672515499 0.6085806194501844 1 0 0 0.5052244500749199 -0.86298798082389 5.223901246482782
cell 10.039373699403253 31.99973540709582 0.0 1.643167672515499 0.6085806194501844 1 0 0 0.03394046158705526 0.9994238565629988 0.06789396256197787
cell 55.35174741705537 10.989531817752377 0.0 1.140175425099138 0.8770580193070291 1 0 0 0.5399321675947751 -0.8417085329236051 5.142472270442301
cell 49.42092934063564 21.727474298804513 0.0 1.0 1.0 1 0 0 0.0 1.0 0.0
cell 6.514366273880036 20.0253144637174 0.0 1.643167672515499 0.6085806194501844 1 0 0 0.8920801113840185 0.45187727855367654 2.203855446454121
cell 41.51595498577208 47.9678505604004 0.0 1.0 1.0 1 0 0 0.0 1.0 0.0
cell 39.98511760410271 23.596896323702914 0.0 1.0 1.0 1 0 0 0.0 1.0 0.0
cell 46.559667023806135 28.508174354378262 0.0 1.0 1.0 1 0 0 0.0 1.0 0.0
cell 53.1867061505722 42.60514618841039 0.0 1.0 1.0 1 0 0 0.0 1.0 0.0
cell 44.32550696113429 19.295126637347554 0.0 1.6124515496597105 0.6201736729460421 1 0 0 0.9984765204566725 0.055178239340668296 3.031180098788725
cell 17.2645687062999 39.5903697174287 0.0 1.643167672515499 0.6085806194501844 1 0 0 -0.0172688654704011 -0.9998508820245973 0.03453944777537821
cell 47.05867469120924 19.796225014537526 0.0 1.643167672515499 0.6085806194501844 1 0 0 0.9999136463451592 0.013141531597494522 3.115308833822482
cell 2.8623005601367266 44.51950193269685 0.0 1.0 1.0 1 0 0 0.0 1.0 0.0
cell 29.328562284115126 23.71099500552379 0.0 1.643167672515499 0.6085806194501844 1 0 0 0.6960552224760376 -0.7179882500875859 4.743408209084835
cell 53.86357944545762 53.85638023003326 0.0 1.0954451150103324 0.9128709291752768 1 0 0 0.20796919158169935 0.9781353768026461 0.41899659194367506
cell 61.048430041079506 40.68004627939155 0.0 1.0 1.0 1 0 0 0.0 1.0 0.0
cell 4.501181016283529 46.14177844218383 0.0 1.643167672515499 0.6085806194501844 1 0 0 0.07051337847294967 -0.9975108337538648 6.142041420588927
cell 59.174526101710974 32.12882841010755 0.0 1.0 1.0 1 0 0 0.0 1.0 0.0
cell 49.866943169628044 37.775846423978194 0.0 1.0 1.0 1 0 0 0.0 1.0 0.0
cell 5.021596304595506 33.950585087163624 0.0 1.0 1.0 1 0 0 0.0 1.0 0.0
cell 51.06850513863169 50.68108808582293 0.0 1.0 1.0 1 0 0 0.0 1.0 0.0
cell 13.216755373822993 37.68923666588591 0.0 1.0 1.0 1 0 0 0.0 1.0 0.0
cell 8.941699647270276 12.29309503825515 0.0 1.643167672515499 0.6085806194501844 1 0 0 0.04410096128561675 0.9990270793195171 0.088230538199347
cell 50.92352205422145 57.92063615399625 0.0 1.643167672515499 0.6085806194501844 1 0 0 0.9089691553238465 -0.4168633765034452 4.001576314334201
cell 6.019513597236747 23.286047494507464 0.0 1.643167672515499 0.6085806194501844 1 0 0 0.9454976357746637 0.32562896177170947 2.4782389142608414
cell 50.96131403346302 34.738156747666174 0.0 1.643167672515499 0.6085806194501844 1 0 0 0.9897853572454907 0.1425655869500647 2.8554866578481337
cell 7.929888372335813 60.872323431600734 0.0 1.0 1.0 1 0 0 0.0 1.0 0.0
cell 34.08701886992476 31.04455334579958 0.0 1.0 1.0 1 0 0 0.0 1.0 0.0
cell 32.20612905996742 54.18693266997841 0.0 1.0 1.0 1 0 0 0.0 1.0 0.0
cell 2.3930369342444004 20.684457732270996 0.0 1.643167672515499 0.6085806194501844 1 0 0 0.8190585137717867 -0.5737099885987273 4.363649222982181
cell 2.922958639446176 40.72489695934374 0.0 1.0 1.0 1 0 0 0.0 1.0 0.0
cell 36.77528533703275 18.62412832375819 0.0 1.0 1.0 1 0 0 0.0 1.0 0.0
cell 31.140011699554513 40.45416841051157 0.0 1.0 1.0 1 0 0 0.0 1.0 0.0
cell 28.14435618940041 0.3790221279465826 0.0 1.0 1.0 1 0 0 0.0 1.0 0.0
cell 19.67907693355067 51.71364948586749 0.0 1.0 1.0 1 0 0 0.0 1.0 0.0
cell 19.29711172226077 49.807317950125245 0.0 1.0 1.0 1 0 0 0.0 1.0 0.0
cell 12.459891968822324 17.433846464405683 0.0 1.341640786499874 0.7453559924999297 1 0 0 0.9643548109057151 0.2646125444551005 2.6059884071918917
cell 22.124651931899685 9.972749577718714 0.0 1.5165750888103104 0.6593804733957869 1 0 0 -0.11718047991142846 0.9931106358949778 6.048284660495654
cell 47.26312330397459 6.81354545493576 0.0 1.0 1.0 1 0 0 0.0 1.0 0.0
cell 35.76091732053806 14.600363121230851 0.0 1.0 1.0 1 0 0 0.0 1.0 0.0
cell 24.515229258657325 16.575543047823366 0.0 1.0 1.0 1 0 0 0.0 1.0 0.0
cell 56.05994469202977 8.458764768425867 0.0 1.643167672515499 0.6085806194501844 1 0 0 0.7979824179434709 -0.6026807286226197 4.4353051480299275
cell 9.798242581388699 55.811429472049475 0.0 1.0 1.0 1 0 0 0.0 1.0 0.0
cell 32.496393862443504 56.21876264275572 0.0 1.0 1.0 1 0 0 0.0 1.0 0.0
cell 53.19046557280766 47.75365955555268 0.0 1.0 1.0 1 0 0 0.0 1.0 0.0
cell 6.342131111735844 55.707284891181395 0.0 1.0 1.0 1 0 0 0.0 1.0 0.0
cell 11.44984114518759 4.486865553835202 0.0 1.5165750888103104 0.6593804733957869 1 0 0 0.14477528446638438 -0.9894645607638899 5.99261358615858
cell 55.43358937828071 13.125712215410857 0.0 1.0 1.0 1 0 0 0.0 1.0 0.0
cell 0.5675570289571344 38.3162856773087 0.0 1.0 1.0 1 0 0 0.0 1.0 0.0
cell 29.9665622990668 1.1082189834583815 0.0 1.0 1.0 1 0 0 0.0 1.0 0.0
cell 55.085070520705145 17.029616860873436 0.0 1.643167672515499 0.6085806194501844 1 0 0 0.9578895835477095 0.287136806645884 2.559119795794767
cell 6.03814335942513 60.0418098139529 0.0 1.0 1.0 1 0 0 0.0 1.0 0.0
cell 41.66708272363144 61.65629192560241 0.0 1.0 1.0 1 0 0 0.0 1.0 0.0
cell 9.746292271121568 53.77240962182103 0.0 1.0 1.0 1 0 0 0.0 1.0 0.0
cell 40.77360465335686 29.261651947347858 0.0 1.0 1.0 1 0 0 0.0 1.0 0.0
cell 42.76718291859479 42.58227356346931 0.0 1.0 1.0 1 0 0 0.0 1.0 0.0
cell 41.13311145826618 31.873674452875505 0.0 1.0 1.0 1 0 0 0.0 1.0 0.0
cell 49.30920079814225 24.269632456178208 0.0 1.643167672515499 0.6085806194501844 1 0 0 0.8581267807681328 0.513437852255286 2.063220174117743
cell 51.820859268075516 31.667446571240934 0.0 1.0 1.0 1 0 0 0.0 1.0 0.0
cell 38.0071788356284 32.4523587607461 0.0 1.643167672515499 0.6085806194501844 1 0 0 0.7232965585429365 -0.6905375358370786 4.66605658207232
cell 19.785998255054416 44.6344759519125 0.0 1.0 1.0 1 0 0 0.0 1.0 0.0
cell 46.77291160678219 56.58133982016946 0.0 1.5491933384829673 0.6454972243679027 1 0 0 0.7637574093401109 -0.6455033847146598 4.5449570327944535
cell 51.55643228943304 18.48886198553707 0.0 1.0 1.0 1 0 0 0.0 1.0 0.0
cell 42.38880768518426 56.18917709976986 0.0 1.0 1.0 1 0 0 0.0 1.0 0.0
cell 13.237233385155763 7.252165480385957 0.0 1.643167672515499 0.6085806194501844 1 0 0 0.3312449677922169 0.9435447903053321 0.6752454563123987
cell 26.61085819325287 1.7230456952941902 0.0 1.0 1.0 1 0 0 0.0 1.0 0.0
cell 51.91277734485147 37.54187395200102 0.0 1.0 1.0 1 0 0 0.0 1.0 0.0
cell 29.379541369587834 8.519586843490385 0.0 1.0 1.0 1 0 0 0.0 1.0 0.0
cell 50.7203524808016 24.25181295222982 0.0 1.643167672515499 0.6085806194501844 1 0 0 0.8922481273590008 0.451545434285805 2.2045993550172214
cell 46.0421094019819 42.388174720021695 0.0 1.0 1.0 1 0 0 0.0 1.0 0.0
cell 29.05348985247747 6.450297774688933 0.0 1.0 1.0 1 0 0 0.0 1.0 0.0
cell 44.561942913402305 36.13796610427817 0.0 1.643167672515499 0.6085806194501844 1 0 0 0.999806187976457 -0.019687216257905534 3.1809696300489714
cell 7.698649742435306 35.1757923243137 0.0 1.0 1.0 1 0 0 0.0 1.0 0.0
cell 27.220217252849572 44.70596473138967 0.0 1.0 1.0 1 0 0 0.0 1.0 0.0
cell 14.392722764734893 49.91725043746195 0.0 1.0 1.0 1 0 0 0.0 1.0 0.0
cell 31.92480841682641 36.43453651475884 0.0 1.0 1.0 1 0 0 0.0 1.0 0.0
cell 21.071620451125355 32.509657326126444 0.0 1.6124515496597105 0.6201736729460421 1 0 0 0.9944118241318484 -0.10557046948256815 3.3531277713586434
cell 42.44135292611765 38.60385195921584 0.0 1.0 1.0 1 0 0 0.0 1.0 0.0
cell 43.577640862736864 24.555365374427055 0.0 1.0 1.0 1 0 0 0.0 1.0 0.0
cell 25.610279350575382 44.03138547648007 0.0 1.0 1.0 1 0 0 0.0 1.0 0.0
cell 37.68283514335166 15.197748192804655 0.0 1.0 1.0 1 0 0 0.0 1.0 0.0
cell 36.75673306519401 22.6570150860485 0.0 1.0 1.0 1 0 0 0.0 1.0 0.0
cell 60.19424513487903 6.65589298083567 0.0 1.643167672515499 0.6085806194501844 1 0 0 0.48932619760949897 0.8721008383971601 1.0226339309971182
cell 37.65623557280431 37.871772421886554 0.0 1.0 1.0 1 0 0 0.0 1.0 0.0
cell 15.123171811502756 55.98826270982733 0.0 1.0 1.0 1 0 0 0.0 1.0 0.0
cell 23.88844334883482 22.516969475987345 0.0 1.1832159566199234 0.8451542547285166 1 0 0 0.755914679601916 0.6546701437841294 1.7141003116261624
cell 10.643885957872836 30.48014294484955 0.0 1.643167672515499 0.6085806194501844 1 0 0 0.42804493685045447 0.9037574519951083 0.8846568100000427
cell 33.95349864717326 43.29157401165921 0.0 1.0 1.0 1 0 0 0.0 1.0 0.0
cell 61.66596784993747 2.2826366158666613 0.0 1.643167672515499 0.6085806194501844 1 0 0 -0.20419676946446538 -0.9789298643622412 0.4112862359154468
cell 17.512263981778165 15.894044880501843 0.0 1.0 1.0 1 0 0 0.0 1.0 0.0
cell 34.67044314458715 17.863912959149843 0.0 1.0 1.0 1 0 0 0.0 1.0 0.0
cell 22.533735863878317 42.274036850606294 0.0 1.643167672515499 0.6085806194501844 1 0 0 0.6239800212824662 0.7814402939702643 1.3476511936562197
cell 36.44109058614254 31.054224080161458 0.0 1.6124515496597105 0.6201736729460421 1 0 0 0.861147576207613 -0.5083550452112711 4.208139697021637
cell 53.682463239303516 31.21122596881012 0.0 1.0 1.0 1 0 0 0.0 1.0 0.0
cell 50.62924330083956 28.58299450176932 0.0 1.0 1.0 1 0 0 0.0 1.0 0.0
cell 27.108475891822092 18.94381549077131 0.0 1.0 1.0 1 0 0 0.0 1.0 0.0
cell 13.264191571414926 55.3592998723706 0.0 1.0 1.0 1 0 0 0.0 1.0 0.0
cell 20.79910087538156 48.45557616641179 0.0 1.0 1.0 1 0 0 0.0 1.0 0.0
cell 20.598891462438093 37.23213341179981 0.0 1.0 1.0 1 0 0 0.0 1.0 0.0
cell 27.638121346329573 58.21085655772939 0.0 1.0 1.0 1 0 0 0.0 1.0 0.0
cell 60.083371241468924 42.24458500965191 0.0 1.0 1.0 1 0 0 0.0 1.0 0.0
cell 13.846905721029236 59.32895994857424 0.0 1.0 1.0 1 0 0 0.0 1.0 0.0
cell 39.875098789058896 61.024870543797256 0.0 1.0 1.0 1 0 0 0.0 1.0 0.0
cell 23.360216548769895 14.879505915234283 0.0 1.0 1.0 1 0 0 0.0 1.0 0.0
cell 38.77286202085309 11.798996071245115 0.0 1.0 1.0 1 0 0 0.0 1.0 0.0
cell 53.149506475258256 40.77738919566266 0.0 1.0 1.0 1 0 0 0.0 1.0 0.0
cell 20.472155367673228 12.970667443356884 0.0 1.0 1.0 1 0 0 0.0 1.0 0.0
cell 0.8105136350294989 54.561130853266945 0.0 1.643167672515499 0.6085806194501844 1 0 0 0.5032424248929568 -0.864145278172517 5.228491568165418
cell 26.44139093417729 40.6279228974079 0.0 1.0 1.0 1 0 0 0.0 1.0 0.0
cell 20.95012582707915 59.647294918826525 0.0 1.0 1.0 1 0 0 0.0 1.0 0.0
cell 34.34561966108598 45.31193843575695 0.0 1.0 1.0 1 0 0 0.0 1.0 0.0
cell 26.8470454157339 3.7604417798558636 0.0 1.0 1.0 1 0 0 0.0 1.0 0.0
cell 59.30264019196826 28.863881079984356 0.0 1.0 1.0 1 0 0 0.0 1.0 0.0
cell 52.5117387348587 45.838797038762856 0.0 1.0 1.0 1 0 0 0.0 1.0 0.0
cell 57.05605727874179 6.549301993819933 0.0 1.0954451150103324 0.9128709291752768 1 0 0 0.4878291877983769 -0.8729391064283785 5.263982837905343
cell 18.6431349080343 18.350314401193298 0.0 1.643167672515499 0.6085806194501844 1 0 0 0.8558117802366892 -0.517287344527303 4.228949085898249
cell 44.533687521789524 28.477771419253326 0.0 1.0 1.0 1 0 0 0.0 1.0 0.0
cell 15.312460980112574 19.04060425599148 0.0 1.0 1.0 1 0 0 0.0 1.0 0.0
cell 21.456504718403913 45.275147918474254 0.0 1.0 1.0 1 0 0 0.0 1.0 0.0
cell 33.253366668821194 35.081004044249944 0.0 1.0 1.0 1 0 0 0.0 1.0 0.0
cell 5.9957116241723005 57.73087527708521 0.0 1.0488088481701516 0.9534625892455922 1 0 0 0.2367154957568258 -0.9715790107184284 5.8052175722587505
cell 42.23215167929062 20.150388742794 0.0 1.0 1.0 1 0 0 0.0 1.0 0.0
cell 26.087440501112034 59.5711177345259 0.0 1.0 1.0 1 0 0 0.0 1.0 0.0
cell 46.101356762311326 2.2856206731992836 0.0 1.0 1.0 1 0 0 0.0 1.0 0.0
cell 1.8555447524474564 42.507551494751596 0.0 1.0 1.0 1 0 0 0.0 1.0 0.0
cell 0.2933132166932557 1.0116276639651023 0.0 1.643167672515499 0.6085806194501844 1 0 0 0.19839980055120432 0.980121175743715 0.3994499909681299
cell 56.433324353155925 47.01540464193489 0.0 1.0 1.0 1 0 0 0.0 1.0 0.0
cell 59.87337506179338 13.970857695635113 0.0 1.0 1.0 1 0 0 0.0 1.0 0.0
cell 22.77127259430705 60.269477851897314 0.0 1.0 1.0 1 0 0 0.0 1.0 0.0
cell 36.43650129116861 9.26290973773793 0.0 1.0 1.0 1 0 0 0.0 1.0 0.0
cell 16.097314470457864 50.60641723306312 0.0 1.0 1.0 1 0 0 0.0 1.0 0.0
cell 23.841932618944526 43.414924462155376 0.0 1.0 1.0 1 0 0 0.0 1.0 0.0
cell 51.88402413318133 13.796275082975244 0.0 1.0 1.0 1 0 0 0.0 1.0 0.0
cell 51.992122588522314 49.13318583420953 0.0 1.0 1.0 1 0 0 0.0 1.0 0.0
cell 43.064635329168986 46.65464429742397 0.0 1.0 1.0 1 0 0 0.0 1.0 0.0
cell 57.84227645886418 10.100207016557965 0.0 1.3784048752090226 0.7254762501100115 1 0 0 -0.47404854665900353 -0.8804987083525373 0.987766264800821
cell 36.18288443182677 28.086939529059045 0.0 1.58113883008419 0.6324555320336757 1 0 0 0.9799063348076412 -0.1994582036514293 3.543202620357554
cell 26.388926025895824 50.159828401042276 0.0 1.0 1.0 1 0 0 0.0 1.0 0.0
cell 9.731737275866587 6.344337742121747 0.0 1.643167672515499 0.6085806194501844 1 0 0 0.963537054746756 0.2675749318040594 2.599842035457623
cell 30.380603558534286 26.824627290215144 0.0 1.0954451150103324 0.9128709291752768 1 0 0 0.9334904196020762 -0.3586023375706572 3.8751330907509467
cell 39.61602828521279 45.3485051208337 0.0 1.0 1.0 1 0 0 0.0 1.0 0.0
cell 49.12902711061271 50.353166504241024 0.0 1.0 1.0 1 0 0 0.0 1.0 0.0
cell 7.084351267490069 0.631316343226177 0.0 1.0 1.0 1 0 0 0.0 1.0 0.0
cell 44.13650090510798 56.760012799457314 0.0 1.0 1.0 1 0 0 0.0 1.0 0.0
cell 40.85319784604012 41.88253411601562 0.0 1.0 1.0 1 0 0 0.0 1.0 0.0
cell 48.937953806182726 0.4422592751801036 0.0 1.4832396974191329 0.6741998624632419 1 0 0 0.8296139789366377 -0.5583373943709307 4.326353401488997
cell 17.806739733715855 13.480284168857125 0.0 1.6124515496597105 0.6201736729460421 1 0 0 0.8261028403888432 -0.5635193848497898 4.33887238661647
cell 17.757487216195745 0.9675938259413128 0.0 1.0 1.0 1 0 0 0.0 1.0 0.0
cell 12.789968608488335 29.035873926518423 0.0 1.643167672515499 0.6085806194501844 1 0 0 0.9778146550468113 -0.20947195606019767 3.563662461430273
cell 48.57008220792188 44.83268433581512 0.0 1.0 1.0 1 0 0 0.0 1.0 0.0
cell 12.798229576623624 41.59224374284231 0.0 1.643167672515499 0.6085806194501844 1 0 0 0.10298734128878971 -0.9946826667506911 6.076844767654232
cell 23.728159583834586 37.835634984526415 0.0 1.0 1.0 1 0 0 0.0 1.0 0.0
cell 8.125025697515563 25.64637018708462 0.0 1.643167672515499 0.6085806194501844 1 0 0 0.999059547273407 0.04335920896251635 3.05484704057668
cell 38.33230827893619 9.858380468035431 0.0 1.0 1.0 1 0 0 0.0 1.0 0.0
cell 8.588318218662451 21.89324242993043 0.0 1.341640786499874 0.7453559924999297 1 0 0 0.23730716417981013 0.9714346657541806 0.47918577761782954
cell 34.10339939791983 25.148636016352757 0.0 1.0954451150103324 0.9128709291752768 1 0 0 0.9654177971027851 -0.26070764667958174 3.6691029050170623
cell 20.526593457376045 6.634231914599549 0.0 1.3784048752090226 0.7254762501100115 1 0 0 0.15645596360679934 0.987684935316859 0.3142027985318328
cell 46.829962320595946 3.8306576829952257 0.0 1.0 1.0 1 0 0 0.0 1.0 0.0
cell 16.655712588346816 54.59739343338805 0.0 1.0 1.0 1 0 0 0.0 1.0 0.0
cell 16.286865951487247 44.77483795369184 0.0 1.0 1.0 1 0 0 0.0 1.0 0.0
cell 49.27121310793415 27.088209696175607 0.0 1.0 1.0 1 0 0 0.0 1.0 0.0
cell 12.388349978305929 0.6423003609041771 0.0 1.0954451150103324 0.9128709291752768 1 0 0 0.16105791070999598 0.9869449576332668 0.32352492778345837
cell 13.046937668551998 45.068900898125 0.0 1.58113883008419 0.6324555320336757 1 0 0 0.439888622359094 -0.8980523369598336 5.372236010573525
cell 61.02938360852247 60.21588324638965 0.0 1.643167672515499 0.6085806194501844 1 0 0 0.12620366363217986 0.9920043524530604 0.25308220620518523
cell 56.5950575920233 27.124153774061124 0.0 1.0 1.0 1 0 0 0.0 1.0 0.0
cell 44.49073156340132 17.4038207531765 0.0 1.4142135623730954 0.7071067811865474 1 0 0 0.4502903049538618 -0.8928822101848363 5.349004417535865
cell 45.48889546735505 14.555397602332013 0.0 1.6124515496597105 0.6201736729460421 1 0 0 0.6728680401332636 -0.7397625298480728 4.807027388621914
cell 41.000603569577095 39.91975015543397 0.0 1.0 1.0 1 0 0 0.0 1.0 0.0
cell 14.330104591465869 45.64854132899488 0.0 1.0 1.0 1 0 0 0.0 1.0 0.0
cell 21.726026833666207 26.47344847468345 0.0 1.341640786499874 0.7453559924999297 1 0 0 0.9125701659177636 0.4089201539137259 2.2990517614939683
cell 57.47175973396577 36.965566554659794 0.0 1.0 1.0 1 0 0 0.0 1.0 0.0
cell 42.0034335637225 30.620856294820086 0.0 1.0 1.0 1 0 0 0.0 1.0 0.0
cell 37.1040845484311 36.01348185440435 0.0 1.0 1.0 1 0 0 0.0 1.0 0.0
cell 14.615765316674034 2.049897036803557 0.0 1.3784048752090226 0.7254762501100115 1 0 0 0.8500889014973158 -0.5266392119383886 4.250877147311728
cell 40.77385266922166 35.318463487982065 0.0 1.643167672515499 0.6085806194501844 1 0 0 0.9445290222132459 0.32842796195952884 2.4723151922227937
cell 47.52969496272977 25.05176403086427 0.0 1.0 1.0 1 0 0 0.0 1.0 0.0
cell 58.419345438335824 47.3650090974788 0.0 1.0 1.0 1 0 0 0.0 1.0 0.0
cell 20.659590736776767 8.557946669828894 0.0 1.643167672515499 0.6085806194501844 1 0 0 0.18586766832244925 0.982574785892848 0.3739096889245015
cell 39.04786422563882 36.62149520633895 0.0 1.0 1.0 1 0 0 0.0 1.0 0.0
cell 39.83615650447337 47.339266432443736 0.0 1.0 1.0 1 0 0 0.0 1.0 0.0
cell 14.569612447696809 51.982088480939915 0.0 1.0 1.0 1 0 0 0.0 1.0 0.0
cell 23.73871187298592 41.274585953673636 0.0 1.0 1.0 1 0 0 0.0 1.0 0.0
cell 11.262176533050793 50.597968132766766 0.0 1.0 1.0 1 0 0 0.0 1.0 0.0
cell 1.5993379499626854 55.97194292249166 0.0 1.643167672515499 0.6085806194501844 1 0 0 0.5867425498886136 -0.8097735363360596 5.029124742800882
cell 49.283629292570055 57.40928224646975 0.0 1.643167672515499 0.6085806194501844 1 0 0 0.8873203461176788 -0.46115355725138085 4.1001822655372475
cell 15.468935941938641 32.741110529326996 0.0 1.643167672515499 0.6085806194501844 1 0 0 0.25002564740806277 0.9682392140572386 0.5054134875236216
cell 53.487415813321235 12.458562073910484 0.0 1.0 1.0 1 0 0 0.0 1.0 0.0
cell 20.169950618621627 46.577027473065186 0.0 1.0 1.0 1 0 0 0.0 1.0 0.0
cell 9.687047623279414 51.760199740770354 0.0 1.0 1.0 1 0 0 0.0 1.0 0.0
cell 30.089206013057318 51.44086397546784 0.0 1.0 1.0 1 0 0 0.0 1.0 0.0
cell 12.3854731835952 19.377705993587128 0.0 1.264911064067352 0.7905694150420947 1 0 0 0.8739057410549671 0.48609541836060205 2.12636024237988
cell 58.11935066106277 13.718459912199338 0.0 1.0 1.0 1 0 0 0.0 1.0 0.0
cell 41.02714862919107 21.834853627494468 0.0 1.0 1.0 1 0 0 0.0 1.0 0.0
cell 46.439026546973366 39.28764159215125 0.0 1.0 1.0 1 0 0 0.0 1.0 0.0
cell 44.01533863112094 2.177873095512866 0.0 1.0 1.0 1 0 0 0.0 1.0 0.0
cell 24.8408572052072 14.252000922429266 0.0 1.6124515496597105 0.6201736729460421 1 0 0 -0.6297762502578638 -0.7767765924711845 1.3625302577770766
cell 4.987264246147561 52.47922840677611 0.0 1.643167672515499 0.6085806194501844 1 0 0 0.4648851650296183 -0.885370986273768 5.316175498894107
cell 22.37770391773544 13.253831298609397 0.0 1.0 1.0 1 0 0 0.0 1.0 0.0
cell 44.61231145311791 43.4493172665991 0.0 1.0 1.0 1 0 0 0.0 1.0 0.0
cell 54.816917771833324 52.14966518492959 0.0 1.0 1.0 1 0 0 0.0 1.0 0.0
cell 23.68524946373426 54.89342562207924 0.0 1.0 1.0 1 0 0 0.0 1.0 0.0
cell 28.605072028400567 15.532154260671488 0.0 1.1832159566199234 0.8451542547285166 1 0 0 0.9999770919180242 -0.006768725077255761 3.1551302071175913
cell 18.136746371335928 11.376714260805924 0.0 1.643167672515499 0.6085806194501844 1 0 0 0.827548474315216 -0.5613942666776695 4.333731963158759
cell 55.20689095505567 48.4047851904487 0.0 1.0 1.0 1 0 0 0.0 1.0 0.0
cell 54.46210100179562 46.48471239119226 0.0 1.0 1.0 1 0 0 0.0 1.0 0.0
cell 47.352313533405564 40.926989605709664 0.0 1.0 1.0 1 0 0 0.0 1.0 0.0
cell 49.9739023838676 13.260516442971964 0.0 1.0 1.0 1 0 0 0.0 1.0 0.0
cell 35.25892480350952 51.4609489962771 0.0 1.0 1.0 1 0 0 0.0 1.0 0.0
cell 54.50893000641251 19.893996085523334 0.0 1.58113883008419 0.6324555320336757 1 0 0 0.9607108247595951 0.2775512766854775 2.5791040513282693
cell 19.402414573235376 38.85385901494038 0.0 1.58113883008419 0.6324555320336757 1 0 0 -0.029825857993765127 -0.9995551101339715 0.059660563710033365
cell 49.170752345125756 46.756832823604796 0.0 1.0 1.0 1 0 0 0.0 1.0 0.0
cell 38.22783919232947 7.918677624825688 0.0 1.1832159566199234 0.8451542547285166 1 0 0 0.985527230595088 0.16951719014771427 2.8009131567820598
cell 17.137683974114097 8.577200834705481 0.0 1.643167672515499 0.6085806194501844 1 0 0 0.4445140885293125 0.8957718599615387 0.9212634755021709
cell 3.139583815277749 24.701212088954094 0.0 1.643167672515499 0.6085806194501844 1 0 0 0.22391106343106867 0.9746095811519441 0.45165117416875517
cell 27.9004818258364 60.268848053447904 0.0 1.0 1.0 1 0 0 0.0 1.0 0.0
cell 25.714333570338347 38.04602487090356 0.0 1.0 1.0 1 0 0 0.0 1.0 0.0
cell 8.2320516904654 28.957870186129707 0.0 1.643167672515499 0.6085806194501844 1 0 0 0.35427856014329107 0.9351399370269652 0.7242849529065513
cell 28.377273494006957 26.90528817570461 0.0 1.0 1.0 1 0 0 0.0 1.0 0.0
cell 12.214162100276402 34.80421085481439 0.0 1.643167672515499 0.6085806194501844 1 0 0 0.98352707115436 0.1807608926358975 2.778072587530306
cell 38.98155524273691 54.873478392241694 0.0 1.0 1.0 1 0 0 0.0 1.0 0.0
cell 54.43921803951294 5.864052733556659 0.0 1.5491933384829673 0.6454972243679027 1 0 0 0.8609718487461617 -0.5086526080407102 4.2088308519372974
cell 60.86566907159133 44.10243986268645 0.0 1.0 1.0 1 0 0 0.0 1.0 0.0
cell 37.793540726464826 44.756651666212825 0.0 1.0 1.0 1 0 0 0.0 1.0 0.0
cell 34.098819641270595 21.27492678792742 0.0 1.0 1.0 1 0 0 0.0 1.0 0.0
cell 49.92911371806156 10.635605096750629 0.0 1.643167672515499 0.6085806194501844 1 0 0 0.5870597489212718 -0.8095436067294296 5.028341205048664
cell 46.362703309754444 53.57956297397707 0.0 1.643167672515499 0.6085806194501844 1 0 0 0.8449439493333207 -0.5348548611399272 4.270264582459765
cell 53.76782649766752 14.436458840129234 0.0 1.0 1.0 1 0 0 0.0 1.0 0.0
cell 61.35222781456809 28.853518741909735 0.0 1.0 1.0 1 0 0 0.0 1.0 0.0
cell 49.657616650831145 5.360235615993576 0.0 1.58113883008419 0.6324555320336757 1 0 0 0.40611382244006444 -0.9138225009393891 5.446790583574337
cell 8.520289331874352 30.628925270144617 0.0 1.643167672515499 0.6085806194501844 1 0 0 0.15833979329133677 0.9873846818036306 0.3180180141514577
cell 50.7929987755391 22.18972434283506 0.0 1.643167672515499 0.6085806194501844 1 0 0 0.8355215575427339 0.5494576661412269 1.9781626475130687
cell 23.35855867920909 52.89543165145504 0.0 1.0 1.0 1 0 0 0.0 1.0 0.0
cell 1.1789443012365821 13.068890828026127 0.0 1.0 1.0 1 0 0 0.0 1.0 0.0
cell 1.8749682305332969 31.77333663730966 0.0 1.0 1.0 1 0 0 0.0 1.0 0.0
cell 1.2701650664840098 18.436229313710495 0.0 1.643167672515499 0.6085806194501844 1 0 0 0.998255617797822 0.05903999945027703 3.023443947863625
cell 34.56899812724387 8.603092608254189 0.0 1.0 1.0 1 0 0 0.0 1.0 0.0
cell 34.20977845310543 15.965749924614352 0.0 1.0 1.0 1 0 0 0.0 1.0 0.0
cell 0.5481667814035351 35.57392144250457 0.0 1.0 1.0 1 0 0 0.0 1.0 0.0
cell 21.88170470426877 38.16672649510893 0.0 1.643167672515499 0.6085806194501844 1 0 0 0.5169705128568891 -0.8560032060900736 5.196569215782565
cell 27.004323938894036 42.594211011806856 0.0 1.0 1.0 1 0 0 0.0 1.0 0.0
cell 25.231782220318554 42.02553400210393 0.0 1.0 1.0 1 0 0 0.0 1.0 0.0
cell 16.707913986992647 37.949723246154065 0.0 1.0 1.0 1 0 0 0.0 1.0 0.0
cell 32.368758140219576 23.752946514652688 0.0 1.5165750888103104 0.6593804733957869 1 0 0 0.7326130617113752 -0.680645356856186 4.638878997358122
cell 11.580749164279172 7.729152974364482 0.0 1.643167672515499 0.6085806194501844 1 0 0 0.1638773321918425 0.9864807245930781 0.32923969999695285
cell 51.922757315038474 2.4957938241960074 0.0 1.643167672515499 0.6085806194501844 1 0 0 0.3097978236297132 -0.9508024550211748 5.653224532272821
cell 46.96229403933701 31.78941182379031 0.0 1.0 1.0 1 0 0 0.0 1.0 0.0
cell 58.858312557611015 0.7293289027736722 0.0 1.643167672515499 0.6085806194501844 1 0 0 0.4974546686810123 0.8674899726264645 1.0413243307465305
cell 38.098430638721176 46.728894747832236 0.0 1.0 1.0 1 0 0 0.0 1.0 0.0
cell 34.817757051022625 61.03743752045678 0.0 1.0 1.0 1 0 0 0.0 1.0 0.0
cell 28.70318728638817 43.34346002574402 0.0 1.0 1.0 1 0 0 0.0 1.0 0.0
cell 46.8514169815364 61.12633980001409 0.0 1.0 1.0 1 0 0 0.0 1.0 0.0
cell 5.912061902049056 2.1398114028937996 0.0 1.0 1.0 1 0 0 0.0 1.0 0.0
cell 42.93842740344759 44.594131219680534 0.0 1.0 1.0 1 0 0 0.0 1.0 0.0
cell 43.08184226790064 7.3102511867350515 0.0 1.0 1.0 1 0 0 0.0 1.0 0.0
cell 26.246131344463723 9.082046088315202 0.0 1.0 1.0 1 0 0 0.0 1.0 0.0
cell 29.38965411719344 33.89155682297465 0.0 1.0 1.0 1 0 0 0.0 1.0 0.0
cell 40.91258481798772 14.346156483967867 0.0 1.0 1.0 1 0 0 0.0 1.0 0.0
cell 10.370676894964143 42.718574498132284 0.0 1.643167672515499 0.6085806194501844 1 0 0 0.29038480928093463 -0.9569099552930125 5.6939274059290845
cell 38.735833767477494 52.84128991307428 0.0 1.0 1.0 1 0 0 0.0 1.0 0.0
cell 1.7329254484262835 14.616275841412193 0.0 1.4491376746189442 0.690065559342354 1 0 0 0.9772401871982528 -0.21213584450706055 3.569112716309527
cell 9.609277499433514 20.447192810451526 0.0 1.643167672515499 0.6085806194501844 1 0 0 0.6072258706495822 0.7945292581232342 1.3051287490376313
cell 31.20376388681324 59.58598345888573 0.0 1.0 1.0 1 0 0 0.0 1.0 0.0
cell 59.20125739060001 35.89039664174692 0.0 1.0 1.0 1 0 0 0.0 1.0 0.0
cell 49.05685434121388 16.738803263611842 0.0 1.0 1.0 1 0 0 0.0 1.0 0.0
cell 44.79322542113295 22.95059952380066 0.0 1.0 1.0 1 0 0 0.0 1.0 0.0
cell 27.82828624805123 24.96594904522985 0.0 1.0 1.0 1 0 0 0.0 1.0 0.0
cell 47.39603378985759 0.8387679966937049 0.0 1.0 1.0 1 0 0 0.0 1.0 0.0
cell 37.355015544912135 3.81969650784118 0.0 1.0 1.0 1 0 0 0.0 1.0 0.0
cell 41.640846219037776 10.81232716643762 0.0 1.0 1.0 1 0 0 0.0 1.0 0.0
cell 0.3598793899523047 30.67499155356197 0.0 1.0 1.0 1 0 0 0.0 1.0 0.0
cell 41.47877466112194 33.501743264386086 0.0 1.0 1.0 1 0 0 0.0 1.0 0.0
cell 7.859638901021282 47.206133645243604 0.0 1.140175425099138 0.8770580193070291 1 0 0 0.5303326126164307 -0.8477896673087204 5.165199614396046
cell 57.41117848822361 38.97412530977453 0.0 1.0 1.0 1 0 0 0.0 1.0 0.0
cell 48.59627322016885 55.37444860764054 0.0 1.643167672515499 0.6085806194501844 1 0 0 0.9384864353353375 -0.3453161025662884 3.846743825393781
cell 28.021286886765267 30.108694121908684 0.0 1.0488088481701516 0.9534625892455922 1 0 0 0.9738037031563157 0.22739029820783058 2.6827987831424163
cell 25.802953708240704 24.50791691593757 0.0 1.0 1.0 1 0 0 0.0 1.0 0.0
cell 33.26658028961864 12.004432503343555 0.0 1.0488088481701516 0.9534625892455922 1 0 0 0.8325476907095077 0.5539533759209937 1.9673820425733168
cell 25.981035236344464 34.61819030029299 0.0 1.0 1.0 1 0 0 0.0 1.0 0.0
cell 7.07227443325201 41.684486169032574 0.0 1.0 1.0 1 0 0 0.0 1.0 0.0
cell 26.529162200340956 16.98032722469706 0.0 1.0 1.0 1 0 0 0.0 1.0 0.0
cell 35.49152530702817 3.2328272234939543 0.0 1.0 1.0 1 0 0 0.0 1.0 0.0
cell 21.064290879511827 3.7589979516731615 0.0 1.0 1.0 1 0 0 0.0 1.0 0.0
cell 16.502459559524564 6.215069430023768 0.0 1.643167672515499 0.6085806194501844 1 0 0 0.4545657316023906 0.890713194947051 0.9437692042298136
cell 3.4761458512249397 37.20171101369776 0.0 1.2247448713915894 0.8164965809277259 1 0 0 0.8435217636253739 -0.5370949955923429 4.275571490668461
cell 60.31041159235709 58.09720553493723 0.0 1.58113883008419 0.6324555320336757 1 0 0 0.4418205831362052 0.8971034345699406 0.9152541264417132
cell 52.240681104471754 52.41631349078813 0.0 1.0 1.0 1 0 0 0.0 1.0 0.0
cell 53.28521790815154 26.48991735988561 0.0 1.0 1.0 1 0 0 0.0 1.0 0.0
cell 27.05942486714208 54.19059176129399 0.0 1.0 1.0 1 0 0 0.0 1.0 0.0
cell 7.7217564052820045 58.80771417440736 0.0 1.0 1.0 1 0 0 0.0 1.0 0.0
cell 31.765381587606434 1.8116144701085155 0.0 1.0 1.0 1 0 0 0.0 1.0 0.0
cell 10.50222414827333 61.427035431493 0.0 1.0 1.0 1 0 0 0.0 1.0 0.0
cell 20.93356968252346 20.48138770479668 0.0 1.58113883008419 0.6324555320336757 1 0 0 0.9507715000786566 -0.30989281153034365 3.77175323750277
cell 25.814077753986933 57.515859009581966 0.0 1.0 1.0 1 0 0 0.0 1.0 0.0
cell 33.018737848316526 9.95218155425397 0.0 1.0 1.0 1 0 0 0.0 1.0 0.0
cell 46.54136430261884 44.40141200142541 0.0 1.0 1.0 1 0 0 0.0 1.0 0.0
cell 44.427054825415865 39.06081271184847 0.0 1.0 1.0 1 0 0 0.0 1.0 0.0
cell 21.474546102519447 1.7534452747248128 0.0 1.0 1.0 1 0 0 0.0 1.0 0.0
cell 4.340206363047464 49.237696374225564 0.0 1.643167672515499 0.6085806194501844 1 0 0 0.5063223267636776 -0.8623443056115206 5.221355936111655
cell 9.553117331452912 34.970574064328744 0.0 1.643167672515499 0.6085806194501844 1 0 0 0.9838584448539442 0.17894848557497853 2.781757491243315
cell 50.092686271072004 48.695016011223544 0.0 1.0 1.0 1 0 0 0.0 1.0 0.0
cell 31.540931829945798 28.975832103868484 0.0 1.0 1.0 1 0 0 0.0 1.0 0.0
cell 14.41728474473198 33.54422998926927 0.0 1.643167672515499 0.6085806194501844 1 0 0 0.9791696090755475 -0.2030440264150596 3.5505240695752556
cell 24.389160590288483 26.54901142719881 0.0 1.0 1.0 1 0 0 0.0 1.0 0.0
cell 5.581121588269929 11.872293538615985 0.0 1.643167672515499 0.6085806194501844 1 0 0 -0.027670698052324874 0.9996170929257348 6.227836846455531
cell 28.884757713631956 54.852248827639286 0.0 1.0 1.0 1 0 0 0.0 1.0 0.0
cell 42.74860817915276 58.195645592969946 0.0 1.0 1.0 1 0 0 0.0 1.0 0.0
cell 31.49761366530876 61.67595507131347 0.0 1.0 1.0 1 0 0 0.0 1.0 0.0
cell 49.70530022026521 54.17275051336626 0.0 1.0 1.0 1 0 0 0.0 1.0 0.0
cell 34.01851607328302 54.85782223285525 0.0 1.0 1.0 1 0 0 0.0 1.0 0.0
cell 58.50631118130485 20.67331536997648 0.0 1.643167672515499 0.6085806194501844 1 0 0 0.9992558197195414 0.03857209816211045 3.0644293151708313
cell 14.719346921627276 11.017044628919606 0.0 1.5165750888103104 0.6593804733957869 1 0 0 0.6846356244955949 -0.7288854928392572 4.774977959864218
cell 29.171309271730568 56.87979077874688 0.0 1.0 1.0 1 0 0 0.0 1.0 0.0
cell 23.199973633534068 20.443943452710556 0.0 1.0488088481701516 0.9534625892455922 1 0 0 0.3320795119095926 0.9432513969085266 0.677014686224159
cell 59.11121246918219 40.06032516063939 0.0 1.0 1.0 1 0 0 0.0 1.0 0.0
cell 37.779674541614874 58.29648298678716 0.0 1.0 1.0 1 0 0 0.0 1.0 0.0
cell 59.70898092463288 16.927259150153716 0.0 1.643167672515499 0.6085806194501844 1 0 0 0.9997961160612198 0.020192233875920743 3.1012054410326515
cell 23.208722940704277 2.3008864663883055 0.0 1.0 1.0 1 0 0 0.0 1.0 0.0
cell 37.22268033787742 20.678135337348646 0.0 1.0 1.0 1 0 0 0.0 1.0 0.0
cell 45.045267973607736 40.832380768059785 0.0 1.0 1.0 1 0 0 0.0 1.0 0.0
cell 9.306092522210893 37.75168426959826 0.0 1.0 1.0 1 0 0 0.0 1.0 0.0
cell 5.9178279666580815 48.44397849220348 0.0 1.643167672515499 0.6085806194501844 1 0 0 0.4717082110580299 -0.8817547071722572 5.300731182402421
cell 23.392571561181356 12.211614090196305 0.0 1.6124515496597105 0.6201736729460421 1 0 0 0.5679045709994845 0.8230944042076166 1.207915636838454
cell 10.025764488772515 27.467389818479838 0.0 1.643167672515499 0.6085806194501844 1 0 0 0.9072943144378062 -0.42049616762680636 4.009576885483548
cell 22.95917579073763 7.277129022360711 0.0 1.0 1.0 1 0 0 0.0 1.0 0.0
cell 22.700130597510547 39.67601348932235 0.0 1.0 1.0 1 0 0 0.0 1.0 0.0
cell 51.33105248647946 41.7352678891384 0.0 1.0488088481701516 0.9534625892455922 1 0 0 0.7611062957550657 0.6486271706936138 1.7300340165016572
cell 54.29700368091932 57.46264596799396 0.0 1.0488088481701516 0.9534625892455922 1 0 0 0.6514867451354361 0.758660016682595 1.4190849812208421
cell 29.686852612045932 60.974992915884215 0.0 1.0 1.0 1 0 0 0.0 1.0 0.0
cell 38.89012001450468 2.4953538035348197 0.0 1.0 1.0 1 0 0 0.0 1.0 0.0
cell 21.23993587137858 61.643207539251186 0.0 1.0 1.0 1 0 0 0.0 1.0 0.0
cell 31.859131817815516 13.801452452255317 0.0 1.0 1.0 1 0 0 0.0 1.0 0.0
cell 47.737431534898114 56.59481963169013 0.0 1.643167672515499 0.6085806194501844 1 0 0 0.7864834525890317 -0.617611349315762 4.4729965343107025
cell 12.240721764089066 60.49211474269507 0.0 1.0 1.0 1 0 0 0.0 1.0 0.0
cell 45.454086782416844 26.7589919024374 0.0 1.0 1.0 1 0 0 0.0 1.0 0.0
cell 39.41221851190105 30.83606861303526 0.0 1.0 1.0 1 0 0 0.0 1.0 0.0
cell 38.10686171213374 23.997735754567586 0.0 1.0 1.0 1 0 0 0.0 1.0 0.0
cell 34.35767698840614 6.564410418283583 0.0 1.0 1.0 1 0 0 0.0 1.0 0.0
cell 45.876770172402004 21.301112201822853 0.0 1.0 1.0 1 0 0 0.0 1.0 0.0
cell 11.24689372118752 37.135914739465996 0.0 1.0 1.0 1 0 0 0.0 1.0 0.0
cell 20.6379498382918 57.6660597646844 0.0 1.0 1.0 1 0 0 0.0 1.0 0.0
cell 52.09794328446267 21.440307692075926 0.0 1.643167672515499 0.6085806194501844 1 0 0 0.8796606313470318 0.4756019067015412 2.1502963455610966
cell 19.103889073003426 16.570870560531258 0.0 1.643167672515499 0.6085806194501844 1 0 0 0.813052723898123 -0.582190061888592 4.384432112741104
cell 57.97742649324582 30.48764314829416 0.0 1.643167672515499 0.6085806194501844 1 0 0 0.6767072231905233 0.7362522217839286 1.4865620812399905
cell 36.581736398927774 61.66780387118238 0.0 1.0 1.0 1 0 0 0.0 1.0 0.0
cell 15.651204872227934 46.56678170996915 0.0 1.0 1.0 1 0 0 0.0 1.0 0.0
cell 6.66875489855538 51.535270371855326 0.0 1.4142135623730954 0.7071067811865474 1 0 0 0.6782886597413609 -0.7347955457583206 4.792323063901347
cell 53.09474873041382 51.00680429628325 0.0 1.0 1.0 1 0 0 0.0 1.0 0.0
cell 0.5085230842293195 27.11002316853597 0.0 1.0 1.0 1 0 0 0.0 1.0 0.0
cell 23.985413887123254 56.8870711423145 0.0 1.0 1.0 1 0 0 0.0 1.0 0.0
cell 39.53852314605889 59.00120974346242 0.0 1.0 1.0 1 0 0 0.0 1.0 0.0
cell 17.921524773143247 26.935634450536018 0.0 1.643167672515499 0.6085806194501844 1 0 0 0.9609268195630204 0.2768025423374908 2.5806625851388643
cell 28.376573991776134 41.089547756916616 0.0 1.0 1.0 1 0 0 0.0 1.0 0.0
cell 47.9211772107632 9.73724723828329 0.0 1.643167672515499 0.6085806194501844 1 0 0 0.43216426295353183 -0.9017949045242108 5.389402605169806
cell 22.31145982185849 30.391300656251367 0.0 1.4491376746189442 0.690065559342354 1 0 0 0.8765867153796685 -0.48124394065783743 4.145739120925325
cell 19.68965349982695 11.123450286050055 0.0 1.0 1.0 1 0 0 0.0 1.0 0.0
cell 12.364723053297988 9.683338027269176 0.0 1.0 1.0 1 0 0 0.0 1.0 0.0
cell 29.79737850802457 49.39295314325695 0.0 1.0 1.0 1 0 0 0.0 1.0 0.0
cell 32.68499993848552 17.496259186964682 0.0 1.0 1.0 1 0 0 0.0 1.0 0.0
cell 47.471846662488616 53.28032707987206 0.0 1.643167672515499 0.6085806194501844 1 0 0 0.9285218270766121 -0.37127781598462095 3.9023623050478764
cell 46.97875343386454 16.103546015833484 0.0 1.140175425099138 0.8770580193070291 1 0 0 0.9247818615034882 -0.3804977117331236 3.9222615147568294
cell 16.062427296487964 14.452326498028892 0.0 1.0 1.0 1 0 0 0.0 1.0 0.0
cell 43.521779318387736 26.503169534318687 0.0 1.0 1.0 1 0 0 0.0 1.0 0.0
cell 46.65312665384824 23.167615914769833 0.0 1.0 1.0 1 0 0 0.0 1.0 0.0
cell 3.5325359268385306 42.363718051311594 0.0 1.0 1.0 1 0 0 0.0 1.0 0.0
cell 36.00675166605297 42.30565337859291 0.0 1.643167672515499 0.6085806194501844 1 0 0 0.9289372671802981 0.37023715864780427 2.3830640360928896
cell 18.055031780956075 20.54674529056487 0.0 1.643167672515499 0.6085806194501844 1 0 0 0.7020075272692959 -0.7121695245215487 4.72676033839438
cell 21.87424016236767 5.546586789400352 0.0 1.0 1.0 1 0 0 0.0 1.0 0.0
cell 15.650011183812545 30.974517199653107 0.0 1.0 1.0 1 0 0 0.0 1.0 0.0
cell 51.30716371823928 4.842782857358685 0.0 1.643167672515499 0.6085806194501844 1 0 0 0.5419736927948434 -0.8403954523427175 5.137617578424305
cell 3.181020922661244 53.22914458616718 0.0 1.643167672515499 0.6085806194501844 1 0 0 0.5111993660140389 -0.8594621621612232 5.210025914303356
cell 14.604737080278259 26.736265535825616 0.0 1.643167672515499 0.6085806194501844 1 0 0 0.9999855967076424 0.005367157279268277 3.1308582874944695
cell 24.87939662733581 36.169878871693754 0.0 1.0 1.0 1 0 0 0.0 1.0 0.0
cell 53.59714696163636 24.669799407459177 0.0 1.0 1.0 1 0 0 0.0 1.0 0.0
cell 9.585593591065965 59.69647014756938 0.0 1.0 1.0 1 0 0 0.0 1.0 0.0
cell 41.35188060495698 45.91272572108673 0.0 1.0 1.0 1 0 0 0.0 1.0 0.0
cell 56.80602604181562 25.249802846849516 0.0 1.0 1.0 1 0 0 0.0 1.0 0.0
cell 61.575919463332525 5.324366101651279 0.0 1.643167672515499 0.6085806194501844 1 0 0 0.8091798707880898 0.5875610067996091 1.8855099016974333
cell 53.0950164317809 0.27897550653253317 0.0 1.643167672515499 0.6085806194501844 1 0 0 0.9050925118184019 -0.42521470464961103 4.019990835294842
cell 6.589995938786459 43.687574611491584 0.0 1.0 1.0 1 0 0 0.0 1.0 0.0
cell 26.723378617199533 52.156054536429224 0.0 1.0 1.0 1 0 0 0.0 1.0 0.0
cell 34.86983610739337 10.607431092572636 0.0 1.0 1.0 1 0 0 0.0 1.0 0.0
cell 43.73712225605648 54.74333076143269 0.0 1.0 1.0 1 0 0 0.0 1.0 0.0
cell 50.203980267771556 52.32964761400562 0.0 1.0 1.0 1 0 0 0.0 1.0 0.0
cell 30.0169047256334 10.407267770775618 0.0 1.0 1.0 1 0 0 0.0 1.0 0.0
cell 43.073003939778985 60.167687994905215 0.0 1.0 1.0 1 0 0 0.0 1.0 0.0
cell 39.5794591571033 32.79292144436585 0.0 1.0 1.0 1 0 0 0.0 1.0 0.0
cell 12.334349381837105 44.19464408381692 0.0 1.58113883008419 0.6324555320336757 1 0 0 0.2887466759822759 -0.9574055343004795 5.697350316954382
cell 42.092596325772035 1.7943065012293342 0.0 1.0 1.0 1 0 0 0.0 1.0 0.0
cell 4.263801866445282 2.407653050157431 0.0 1.643167672515499 0.6085806194501844 1 0 0 0.6675705408659292 -0.7445465552723824 4.821303328391737
cell 30.21186173086941 3.13125482845307 0.0 1.0 1.0 1 0 0 0.0 1.0 0.0
cell 47.40983976831541 26.856730759791716 0.0 1.0 1.0 1 0 0 0.0 1.0 0.0
cell 22.45460446678911 58.25939620314256 0.0 1.0 1.0 1 0 0 0.0 1.0 0.0
cell 15.958818127944767 12.816760473728605 0.0 1.0 1.0 1 0 0 0.0 1.0 0.0
cell 28.706121120665003 4.4660139547491955 0.0 1.0 1.0 1 0 0 0.0 1.0 0.0
cell 2.3046837055450493 9.841473378014216 0.0 1.643167672515499 0.6085806194501844 1 0 0 0.9426965987334176 0.33365119921325903 2.4612444991184668
cell 19.432615401968707 61.1119057529827 0.0 1.0 1.0 1 0 0 0.0 1.0 0.0
cell 49.35123462843997 41.37451542211913 0.0 1.0 1.0 1 0 0 0.0 1.0 0.0
cell 1.0441899632148948 40.307627130781334 0.0 1.0 1.0 1 0 0 0.0 1.0 0.0
cell 29.085277319148243 12.041640234495251 0.0 1.0 1.0 1 0 0 0.0 1.0 0.0
cell 24.442351092851926 30.67473226904276 0.0 1.0488088481701516 0.9534625892455922 1 0 0 0.3981317914223041 0.9173282273313446 0.8189587357549263
cell 57.30707091037922 34.892265232538364 0.0 1.0 1.0 1 0 0 0.0 1.0 0.0
cell 54.62659622298434 2.9041115960595167 0.0 1.643167672515499 0.6085806194501844 1 0 0 0.7053013001052653 -0.7089076639942768 4.717489154635072
cell 21.29857045279923 14.815209522914483 0.0 1.0 1.0 1 0 0 0.0 1.0 0.0
cell 3.9236358653533627 14.544387589819616 0.0 1.4142135623730954 0.7071067811865474 1 0 0 0.9639445636862766 -0.2661031344040761 3.6802889295173835
cell 30.41673941742356 16.655241506254413 0.0 1.0488088481701516 0.9534625892455922 1 0 0 0.6558184944571002 -0.7549186064258998 4.852652655044212
cell 34.53470350372123 58.98123395515518 0.0 1.0 1.0 1 0 0 0.0 1.0 0.0
cell 42.9865471110184 48.76623347413616 0.0 1.0 1.0 1 0 0 0.0 1.0 0.0
cell 40.737119484218525 3.3322261769112704 0.0 1.0 1.0 1 0 0 0.0 1.0 0.0
cell 46.22894786936991 51.23478002443662 0.0 1.6124515496597105 0.6201736729460421 1 0 0 0.9008555843077631 -0.4341188964114769 4.039712597242398
cell 7.34579045541507 38.27247880810765 0.0 1.0 1.0 1 0 0 0.0 1.0 0.0
cell 39.88051907114913 6.0829653136990895 0.0 1.0 1.0 1 0 0 0.0 1.0 0.0
cell 23.018681467656805 50.911412121668135 0.0 1.0 1.0 1 0 0 0.0 1.0 0.0
cell 46.33882721387762 9.672266631832382 0.0 1.643167672515499 0.6085806194501844 1 0 0 0.261761506838091 -0.9651325885793371 5.753491512527246
cell 41.58346224945528 36.47058738292531 0.0 1.4491376746189442 0.690065559342354 1 0 0 0.9984312367860216 0.05599165482404637 3.0295507487390005
cell 35.509564220283075 32.39778936956363 0.0 1.0 1.0 1 0 0 0.0 1.0 0.0
cell 50.2556159448163 39.76364044359655 0.0 1.0 1.0 1 0 0 0.0 1.0 0.0
cell 18.892591218364494 47.79254450456338 0.0 1.0 1.0 1 0 0 0.0 1.0 0.0
cell 5.5770862761795765 30.62857736216293 0.0 1.5491933384829673 0.6454972243679027 1 0 0 0.9972988176125496 -0.07345112925347409 3.2886273251075866
cell 14.483564081295615 42.15260850681043 0.0 1.643167672515499 0.6085806194501844 1 0 0 0.32933642551748 -0.9442126449202899 5.611983890824561
cell 27.973759346524837 35.20061314072766 0.0 1.0 1.0 1 0 0 0.0 1.0 0.0
cell 2.451667852366286 35.08536700550143 0.0 1.0 1.0 1 0 0 0.0 1.0 0.0
cell 47.25821471634407 46.27880616606415 0.0 1.0 1.0 1 0 0 0.0 1.0 0.0
cell 29.097936437201543 19.40660930227427 0.0 1.0 1.0 1 0 0 0.0 1.0 0.0
cell 57.17569974717121 48.933576380604634 0.0 1.0 1.0 1 0 0 0.0 1.0 0.0
cell 53.431384172606144 59.49141690296057 0.0 1.0954451150103324 0.9128709291752768 1 0 0 0.7827710839714694 0.6223097541402759 1.7982126640200078
cell 42.85776198649199 34.46219853260347 0.0 1.643167672515499 0.6085806194501844 1 0 0 0.924947704582813 0.3800943879972255 2.361795971225326
cell 57.75584826562312 21.9547360697971 0.0 1.5491933384829673 0.6454972243679027 1 0 0 -0.9961142764918631 0.08807013210556729 3.317961417116254
cell 33.043726558888 40.833712360328 0.0 1.0 1.0 1 0 0 0.0 1.0 0.0
cell 5.094930871075481 39.22931181496714 0.0 1.0 1.0 1 0 0 0.0 1.0 0.0
cell 1.106566809235774 49.470699024931896 0.0 1.643167672515499 0.6085806194501844 1 0 0 -0.4180179203813889 0.9084387806781582 5.42066056867325
cell 60.87398745189403 50.250800023837336 0.0 1.4491376746189442 0.690065559342354 1 0 0 0.7962517228333742 0.6049654485050228 1.8421477055286126
cell 31.29229292472193 48.01148442101728 0.0 1.0 1.0 1 0 0 0.0 1.0 0.0
cell 8.161901962563132 27.31722634606601 0.0 1.643167672515499 0.6085806194501844 1 0 0 0.951512463121195 -0.30761019574298326 3.766953502582046
cell 32.88532130319359 19.512383700378173 0.0 1.0 1.0 1 0 0 0.0 1.0 0.0
cell 41.03689846997219 17.547005824911235 0.0 1.0 1.0 1 0 0 0.0 1.0 0.0
cell 48.51336436101984 14.937314479046947 0.0 1.0 1.0 1 0 0 0.0 1.0 0.0
cell 44.93615404550221 53.0921711055708 0.0 1.3784048752090226 0.7254762501100115 1 0 0 0.7447395414609542 -0.6673552392725538 4.602896364461632
cell 16.346401452368138 52.63967499997381 0.0 1.0 1.0 1 0 0 0.0 1.0 0.0
cell 46.69624627711766 48.22979225888729 0.0 1.0 1.0 1 0 0 0.0 1.0 0.0
cell 38.39475298473871 0.4912966112924558 0.0 1.0 1.0 1 0 0 0.0 1.0 0.0
cell 52.60694047954443 8.646506232069862 0.0 1.0 1.0 1 0 0 0.0 1.0 0.0
cell 34.25138925271044 56.91589362584017 0.0 1.0 1.0 1 0 0 0.0 1.0 0.0
cell 55.65134867909569 1.2734042240419678 0.0 1.643167672515499 0.6085806194501844 1 0 0 0.8351551297210908 -0.5500144628103409 4.306355764157036
cell 50.75483210097283 33.68647852295801 0.0 1.643167672515499 0.6085806194501844 1 0 0 0.9665915569130487 0.2563215989814527 2.623163186692032
cell 44.71384231703286 45.319151052688454 0.0 1.0 1.0 1 0 0 0.0 1.0 0.0
cell 48.07232980574041 13.206270623604617 0.0 1.643167672515499 0.6085806194501844 1 0 0 0.42576430259536724 -0.9048341055881352 5.4035724951716775
cell 61.6806568186756 14.41637269079815 0.0 1.5491933384829673 0.6454972243679027 1 0 0 0.8790233075826935 -0.4767788006260149 4.135565721717892
cell 14.345824762435303 14.081598312602916 0.0 1.5165750888103104 0.6593804733957869 1 0 0 0.6809986846449129 -0.7322846383148417 4.784934178547799
cell 45.119409736607714 7.173009156037886 0.0 1.0 1.0 1 0 0 0.0 1.0 0.0
cell 49.78381384769235 25.777153762253707 0.0 1.0 1.0 1 0 0 0.0 1.0 0.0
cell 60.54776414816518 21.75611422170828 0.0 1.643167672515499 0.6085806194501844 1 0 0 0.9971047073483189 -0.07604079552334525 3.2938211883996558
cell 0.46716883445803487 47.85879448690431 0.0 1.0 1.0 1 0 0 0.0 1.0 0.0
cell 19.06035340647716 24.253107165812118 0.0 1.643167672515499 0.6085806194501844 1 0 0 0.7991845914201776 0.6010856751217449 1.8518748646782495
cell 34.71272758823504 41.36903852687975 0.0 1.0 1.0 1 0 0 0.0 1.0 0.0
cell 53.08159386956418 23.398991589124304 0.0 1.30384048104053 0.7669649888473703 1 0 0 0.9952466094251551 0.09738678774727527 2.946509878490709
cell 1.9897757314809448 16.087638569106417 0.0 1.643167672515499 0.6085806194501844 1 0 0 0.999555279892204 -0.02982016833650529 3.2012418329214785
cell 61.127189446314375 12.383608059770932 0.0 1.0 1.0 1 0 0 0.0 1.0 0.0
cell 45.64222452454847 57.49168249745637 0.0 1.0 1.0 1 0 0 0.0 1.0 0.0
cell 40.990002986612474 57.588662418639736 0.0 1.0 1.0 1 0 0 0.0 1.0 0.0
cell 29.916402358450004 13.894311693292197 0.0 1.0 1.0 1 0 0 0.0 1.0 0.0
cell 58.23628563424313 53.57073745644916 0.0 1.1832159566199234 0.8451542547285166 1 0 0 0.45632482284929476 -0.8898132703278592 5.335464259022977
cell 29.508297086453858 28.619290928553557 0.0 1.0 1.0 1 0 0 0.0 1.0 0.0
cell 20.965224742630955 18.672651073728833 0.0 1.1832159566199234 0.8451542547285166 1 0 0 0.9272291490277618 -0.3744944661717349 3.90929566411834
cell 27.215095245725163 11.74103101126481 0.0 1.0 1.0 1 0 0 0.0 1.0 0.0
cell 49.15562220620502 59.26371533240216 0.0 1.643167672515499 0.6085806194501844 1 0 0 0.8343981831781917 -0.5511621103712888 4.309105355610799
cell 19.3829659653661 14.29627852578444 0.0 1.58113883008419 0.6324555320336757 1 0 0 0.8024984158338845 -0.5966542487773853 4.420243545950367
cell 8.36722896806361 42.8873631942418 0.0 1.0 1.0 1 0 0 0.0 1.0 0.0
cell 17.995670138436925 28.927857921548817 0.0 1.58113883008419 0.6324555320336757 1 0 0 0.9654472729448529 -0.26059847114545165 3.6688767358544268
cell 35.136940145338244 35.83908464974177 0.0 1.0 1.0 1 0 0 0.0 1.0 0.0
cell 11.629246709622052 26.86305487963391 0.0 1.643167672515499 0.6085806194501844 1 0 0 0.9848526219619351 -0.17339352068258423 3.4901413448151026
cell 47.874189422820436 37.33374727770291 0.0 1.0 1.0 1 0 0 0.0 1.0 0.0
cell 42.67496556252976 14.112573145610542 0.0 1.0 1.0 1 0 0 0.0 1.0 0.0
cell 45.44638571290968 11.687383870982304 0.0 1.643167672515499 0.6085806194501844 1 0 0 0.3874294368794094 -0.921899360797752 5.487502067769543
cell 57.42285329408789 4.231273336509963 0.0 1.643167672515499 0.6085806194501844 1 0 0 0.8576783672993732 -0.5141865597880612 4.221710570149727
cell 43.32609270826438 50.74466416668974 0.0 1.0 1.0 1 0 0 0.0 1.0 0.0
cell 52.253234704345125 15.789955131973498 0.0 1.0 1.0 1 0 0 0.0 1.0 0.0
cell 4.869394428105066 50.86268801672038 0.0 1.4832396974191329 0.6741998624632419 1 0 0 0.273370281282326 -0.9619088778629824 5.729395229762627
cell 45.89048800230923 5.495000612707931 0.0 1.0 1.0 1 0 0 0.0 1.0 0.0
cell 36.522064445521146 48.09445820742127 0.0 1.0 1.0 1 0 0 0.0 1.0 0.0
cell 31.291075017330044 9.150360843252763 0.0 1.0 1.0 1 0 0 0.0 1.0 0.0
cell 44.35724561273888 8.976534709300303 0.0 1.0 1.0 1 0 0 0.0 1.0 0.0
cell 6.848054821011054 49.27754372918797 0.0 1.341640786499874 0.7453559924999297 1 0 0 0.4566306016506535 -0.8896563907690217 5.334776910865188
cell 20.467814467966967 22.457879527336235 0.0 1.643167672515499 0.6085806194501844 1 0 0 0.7820515036474236 -0.6232138041176589 4.487283575744404
cell 41.81904560073024 5.614772379474761 0.0 1.0 1.0 1 0 0 0.0 1.0 0.0
cell 53.036737182692434 3.8535348341940883 0.0 1.0954451150103324 0.9128709291752768 1 0 0 0.4279794461246311 -0.903788467338931 5.398673424564445
cell 22.13346964923671 56.29318774553302 0.0 1.0 1.0 1 0 0 0.0 1.0 0.0
cell 19.963260632037393 53.69723631199472 0.0 1.0 1.0 1 0 0 0.0 1.0 0.0
cell 26.441090737026038 15.016773864345893 0.0 1.0 1.0 1 0 0 0.0 1.0 0.0
cell 35.88973489063959 44.11902772395439 0.0 1.0 1.0 1 0 0 0.0 1.0 0.0
cell 46.999664741591694 35.596515472906106 0.0 1.643167672515499 0.6085806194501844 1 0 0 0.9965323307963102 -0.08320645213968315 3.3081981800434033
cell 24.726801570587437 28.634703417078576 0.0 1.140175425099138 0.8770580193070291 1 0 0 0.9657380122129949 0.25951896224918375 2.6165445220485366
cell 55.46166853364727 39.720423413609154 0.0 1.0 1.0 1 0 0 0.0 1.0 0.0
cell 50.271784234590584 0.39791193403950564 0.0 1.643167672515499 0.6085806194501844 1 0 0 0.8690143437209332 -0.49478689393240377 4.176771827944415
cell 9.439130433419967 36.21678203882286 0.0 1.58113883008419 0.6324555320336757 1 0 0 0.9903741689627854 0.13841605922461483 2.863868854527847
cell 30.980609494089798 57.57466339547118 0.0 1.0 1.0 1 0 0 0.0 1.0 0.0
cell 38.085597281873575 60.351228507332 0.0 1.0 1.0 1 0 0 0.0 1.0 0.0
cell 5.690091880126488 25.242967344134712 0.0 1.0 1.0 1 0 0 0.0 1.0 0.0
cell 27.309864028117172 33.22702715572199 0.0 1.0 1.0 1 0 0 0.0 1.0 0.0
cell 11.988109777190077 33.41286280191899 0.0 1.5165750888103104 0.6593804733957869 1 0 0 0.9396205427402913 0.34221811123966034 2.4430395905260984
cell 54.90272855703848 41.484447832386984 0.0 1.0 1.0 1 0 0 0.0 1.0 0.0
cell 44.93763870921896 60.71608536142971 0.0 1.0 1.0 1 0 0 0.0 1.0 0.0
cell 16.46432198252057 2.0718535310136494 0.0 1.58113883008419 0.6324555320336757 1 0 0 0.9375686220582351 -0.34780034349008687 3.8520405558111586
cell 16.683220017074632 29.641363393071323 0.0 1.643167672515499 0.6085806194501844 1 0 0 0.8697463576464659 -0.49349901049617695 4.173809066709488
cell 60.98131972096448 36.91425168995536 0.0 1.0 1.0 1 0 0 0.0 1.0 0.0
cell 32.4670382887665 44.624750894630736 0.0 1.0 1.0 1 0 0 0.0 1.0 0.0
cell 29.933689606824558 35.896176016266146 0.0 1.0 1.0 1 0 0 0.0 1.0 0.0
cell 41.67528024586772 24.005726117373086 0.0 1.0 1.0 1 0 0 0.0 1.0 0.0
cell 41.64583913374149 50.04599414413506 0.0 1.0 1.0 1 0 0 0.0 1.0 0.0
cell 12.553353576480466 21.439668399058313 0.0 1.643167672515499 0.6085806194501844 1 0 0 0.5377070134516586 -0.8431317617578511 5.147755033102758
cell 33.74676188997155 52.79650413528012 0.0 1.0 1.0 1 0 0 0.0 1.0 0.0
cell 30.16133622164829 30.489873177526707 0.0 1.0 1.0 1 0 0 0.0 1.0 0.0
cell 53.35264702466737 33.063844597356734 0.0 1.58113883008419 0.6324555320336757 1 0 0 0.9631559649281595 0.2689434647343304 2.597000829959619
cell 24.285769331234587 58.90683155561062 0.0 1.0 1.0 1 0 0 0.0 1.0 0.0
cell 49.18377470456939 7.268909832941979 0.0 1.6124515496597105 0.6201736729460421 1 0 0 0.37500146405133905 -0.9270242186476857 5.514388599585023
cell 58.33940019286062 15.784587239920286 0.0 1.0 1.0 1 0 0 0.0 1.0 0.0
cell 34.62870351711532 47.399170501431676 0.0 1.0 1.0 1 0 0 0.0 1.0 0.0
cell 1.7363865576632895 46.21347577671215 0.0 1.0 1.0 1 0 0 0.0 1.0 0.0
cell 24.56850980247568 60.88097609897363 0.0 1.0 1.0 1 0 0 0.0 1.0 0.0
cell 40.02744712714796 49.405145689965316 0.0 1.0 1.0 1 0 0 0.0 1.0 0.0
cell 34.008969562019544 4.549640334960567 0.0 1.0 1.0 1 0 0 0.0 1.0 0.0
cell 25.044510608410413 3.019966950361206 0.0 1.0 1.0 1 0 0 0.0 1.0 0.0
cell 48.076902321869724 33.36027564708668 0.0 1.643167672515499 0.6085806194501844 1 0 0 0.9928933882200235 -0.11900722511243436 3.380172536898934
cell 7.941535250042002 56.84712468173471 0.0 1.0 1.0 1 0 0 0.0 1.0 0.0
cell 39.41317470027633 38.652750416541885 0.0 1.0 1.0 1 0 0 0.0 1.0 0.0
cell 42.76110499591383 3.7662804155537293 0.0 1.0 1.0 1 0 0 0.0 1.0 0.0
cell 22.61757292906423 36.099013542087654 0.0 1.643167672515499 0.6085806194501844 1 0 0 0.12116800793814332 0.9926320133122355 0.24293295171313745
cell 2.2696405601468883 58.81389479865257 0.0 1.5491933384829673 0.6454972243679027 1 0 0 0.8941959244772857 -0.4476758298682345 4.069921592678842
cell 55.241794506788544 55.489955520584736 0.0 1.1832159566199234 0.8451542547285166 1 0 0 0.0857556039601097 0.9963162030146036 0.17172212289704405
cell 32.1311396437739 3.8373368370505325 0.0 1.0 1.0 1 0 0 0.0 1.0 0.0
cell 51.7063163162077 54.064089385992204 0.0 1.0 1.0 1 0 0 0.0 1.0 0.0
cell 18.47509114813249 55.11086916844626 0.0 1.0 1.0 1 0 0 0.0 1.0 0.0
cell 21.596245636371435 11.44276954736221 0.0 1.0 1.0 1 0 0 0.0 1.0 0.0
cell 35.50168175303111 53.52835340800089 0.0 1.0 1.0 1 0 0 0.0 1.0 0.0
cell 54.40303484255736 29.52718917932974 0.0 1.0 1.0 1 0 0 0.0 1.0 0.0
cell 21.206502138014443 50.33845645838475 0.0 1.0 1.0 1 0 0 0.0 1.0 0.0
cell 28.532038908718558 17.427466324138084 0.0 1.0 1.0 1 0 0 0.0 1.0 0.0
cell 58.758252178564426 25.09693365517449 0.0 1.0 1.0 1 0 0 0.0 1.0 0.0
cell 19.679360838483486 1.2288450566926514 0.0 1.0 1.0 1 0 0 0.0 1.0 0.0
cell 39.07111237623206 4.4635059474701935 0.0 1.0 1.0 1 0 0 0.0 1.0 0.0
cell 39.49611106335694 25.5666744991433 0.0 1.0 1.0 1 0 0 0.0 1.0 0.0
cell 60.0034230711907 53.837193327457946 0.0 1.643167672515499 0.6085806194501844 1 0 0 0.7252986207896281 0.688434390977574 1.6229361264069313
cell 1.4883627302856108 28.909191045120913 0.0 1.0 1.0 1 0 0 0.0 1.0 0.0
cell 5.70536949856622 53.78249256462375 0.0 1.4491376746189442 0.690065559342354 1 0 0 0.49343670346379126 -0.869781708059434 5.2511121674766015
cell 17.53012336282164 49.22313106103473 0.0 1.0 1.0 1 0 0 0.0 1.0 0.0
cell 51.394556888871065 9.970303892778727 0.0 1.0 1.0 1 0 0 0.0 1.0 0.0
cell 12.394390063384986 15.37280505511708 0.0 1.643167672515499 0.6085806194501844 1 0 0 0.8597469613973412 0.5107202388470998 2.0695480224908684
cell 49.40665014962411 3.6608734388637525 0.0 1.0 1.0 1 0 0 0.0 1.0 0.0
cell 8.00410420328937 54.79320918634404 0.0 1.0 1.0 1 0 0 0.0 1.0 0.0
cell 11.4606183224685 54.65324276130445 0.0 1.0 1.0 1 0 0 0.0 1.0 0.0
cell 56.75850073846095 14.709147098375473 0.0 1.0 1.0 1 0 0 0.0 1.0 0.0
cell 47.9314177006302 5.107166099793504 0.0 1.0 1.0 1 0 0 0.0 1.0 0.0
cell 16.991729415221684 40.933013823214864 0.0 1.643167672515499 0.6085806194501844 1 0 0 0.2627684260317535 -0.9648589297305564 5.751404624387582
cell 43.16040510520307 32.328722205402016 0.0 1.0 1.0 1 0 0 0.0 1.0 0.0
cell 9.634187079798382 57.787726208028936 0.0 1.0 1.0 1 0 0 0.0 1.0 0.0
cell 27.542514169848687 7.787858221935942 0.0 1.0 1.0 1 0 0 0.0 1.0 0.0
cell 25.10717749756743 18.499203010279896 0.0 1.0 1.0 1 0 0 0.0 1.0 0.0
cell 26.39889225228094 26.452632065406064 0.0 1.0 1.0 1 0 0 0.0 1.0 0.0
cell 5.89027532844078 29.15299945564839 0.0 1.0 1.0 1 0 0 0.0 1.0 0.0
cell 27.246413879480418 20.95958835798908 0.0 1.0 1.0 1 0 0 0.0 1.0 0.0
cell 22.14690643696793 47.114255627880034 0.0 1.0 1.0 1 0 0 0.0 1.0 0.0
cell 61.74327473257632 19.578638574446565 0.0 1.643167672515499 0.6085806194501844 1 0 0 0.9789228454731901 -0.2042304154886654 3.552947630170005
cell 50.43552192924759 15.208534017911788 0.0 1.0 1.0 1 0 0 0.0 1.0 0.0
cell 19.448505485702025 35.67104241531493 0.0 1.643167672515499 0.6085806194501844 1 0 0 -0.031105472446697216 0.9995161077160627 6.220964325878145
cell 41.514285643286556 25.92476453434492 0.0 1.0 1.0 1 0 0 0.0 1.0 0.0
cell 11.179893518442407 48.56771437657684 0.0 1.0 1.0 1 0 0 0.0 1.0 0.0
cell 3.079213730017421 33.415166421901844 0.0 1.0 1.0 1 0 0 0.0 1.0 0.0
cell 46.66281678896264 8.313353245488313 0.0 1.264911064067352 0.7905694150420947 1 0 0 0.1835060980578986 -0.9830185715313647 5.914081432477705
cell 36.792513976434904 50.10416546926812 0.0 1.0 1.0 1 0 0 0.0 1.0 0.0
cell 36.68282309470012 34.051724514377895 0.0 1.0 1.0 1 0 0 0.0 1.0 0.0
cell 50.89551835919895 17.132300157023085 0.0 1.0 1.0 1 0 0 0.0 1.0 0.0
cell 6.19744267088836 46.64150840145458 0.0 1.643167672515499 0.6085806194501844 1 0 0 0.302501281656978 -0.9531489781749156 5.668553717934329
cell 25.597058024461862 7.132285944943003 0.0 1.0 1.0 1 0 0 0.0 1.0 0.0
