position_x,position_y,position_z,orientation,aspect_ratio
30.365706964577512, 11.603177420519165, 0.0, 0.0, 1.0 
49.169486567579646, 33.64125395343879, 0.0, 0.0, 1 
3.9583735737496197, 5.579253140529995, 0.0, 0.0, 1.0 
0.6782849366670464, 6.883003699721665, 0.0, 0.0, 1.0 
19.565817388810853, 17.071802201303594, 0.0, 0.0, 1.0 
21.803403842398275, 9.204399217617212, 0.0, 0.0, 1.0 
3.1305810785822916, 26.727652522129304, 0.0, 0.0, 1.0 
4.9457914631476925, 50.200785592170604, 0.0, 0.0, 1.0 
2.322089968785763, 47.96007893851935, 0.0, 0.0, 1.0 
21.280239610623546, 44.14957803999312, 0.0, 0.0, 1.0 
52.35148278130593, 55.47689741128521, 0.0, 0.0, 1.0 
23.382670055538895, 36.172154941824104, 0.0, 0.0, 1.0 
44.50773495006391, 22.31617627389999, 0.0, 0.0, 1.0 
33.32741508465264, 36.803187267897634, 0.0, 0.0, 1.0 
3.0853342765237213, 12.594116259581801, 0.0, 0.0, 1.0 
46.07388013529088, 26.095776985661182, 0.0, 0.0, 1 
27.494115841715054, 55.56095747903125, 0.0, 0.0, 1.0 
9.921026646834274, 25.003870704566772, 0.0, 0.0, 1.0 
58.477544646776764, 33.17919145998005, 0.0, 0.0, 1 
52.670411244872184, 0.4333400784285084, 0.0, 0.0, 1 
16.257151882653943, 28.88095269431408, 0.0, 0.0, 1 
17.368385508006373, 45.167799041662185, 0.0, 0.0, 1 
21.030825154262335, 58.83354668168115, 0.0, 0.0, 1.0 
29.71449266708767, 47.02382965853249, 0.0, 0.0, 1.0 
25.169611788224316, 50.462475752504474, 0.0, 5.023267504664581, 1.1 
46.74001071084802, 51.18981807415258, 0.0, 0.0, 1 
46.07400712959089, 3.0456650929966385, 0.0, 0.0, 1.0 
19.758009882064417, 50.06823912228748, 0.0, 0.0, 1.0 
58.973297581885085, 52.78669130683418, 0.0, 0.0, 1.0 
58.74910627023633, 24.249244698571356, 0.0, 0.0, 1.0 
8.94325400703611, 28.95904319844935, 0.0, 0.0, 1.0 
59.459481940687176, 49.331873016880614, 0.0, 0.0, 1 
10.326343499002716, 50.64388783454486, 0.0, 0.0, 1.0 
1.501915021577484, 46.09590901528487, 0.0, 0.0, 1.0 
26.570842354279105, 11.572202290145466, 0.0, 0.0, 1.0 
24.671435598756712, 45.102857420887666, 0.0, 0.0, 1.0 
20.324752561533597, 7.705319957983592, 0.0, 0.0, 1.0 
13.207353710351997, 13.217109970165794, 0.0, 0.0, 1.0 
46.53580606758368, 22.58650645947902, 0.0, 0.0, 1 
38.631380240257194, 3.8625523148290033, 0.0, 0.0, 1.0 
58.98341709543399, 29.67233963299908, 0.0, 0.0, 1 
0.09885694538781148, 56.549774417747344, 0.0, 0.0, 1.0 
19.963778304740668, 2.3620855860227863, 0.0, 0.0, 1.0 
9.304865818645379, 54.583142328776944, 0.0, 0.0, 1.0 
18.654903527070257, 53.98036474038896, 0.0, 0.0, 1.0 
39.734175638610665, 11.056426782052364, 0.0, 0.0, 1.0 
31.90672924863986, 15.329624597596437, 0.0, 0.0, 1.0 
7.118181439605832, 14.727562965541452, 0.0, 0.1457227665728581, 1.1 
16.960090282393043, 19.50596267039372, 0.0, 0.0, 1 
1.0821758884473736, 26.424298349365053, 0.0, 0.0, 1.0 
5.827677634381601, 46.439759859653925, 0.0, 2.337207958391206, 1.2000000000000002 
53.226054709105924, 34.19397730158734, 0.0, 0.0, 1.0 
55.65780164253163, 16.745233222521176, 0.0, 0.0, 1 
30.98128866774725, 22.35147243828702, 0.0, 0.0, 1.0 
11.688414401465822, 59.45230901223501, 0.0, 0.0, 1.0 
51.61644353686004, 53.60080227531488, 0.0, 0.0, 1 
54.86462611065711, 14.897038650635068, 0.0, 0.0, 1.0 
16.082596428427482, 16.113411367447217, 0.0, 0.0, 1.0 
59.87074208210063, 8.4973664016746, 0.0, 0.0, 1.0 
46.857230781066285, 4.932031438113932, 0.0, 0.0, 1 
6.710611994730687, 16.672060480082695, 0.0, 0.0, 1.0 
34.61537150006923, 35.21050690720363, 0.0, 0.0, 1.0 
44.322777957555466, 8.125803526431739, 0.0, 0.0, 1 
40.753063606765004, 27.160217964637113, 0.0, 0.0, 1 
8.395201352053645, 10.894717416462829, 0.0, 0.0, 1.0 
6.9630891157739, 29.519355009700092, 0.0, 0.0, 1 
7.158112818105744, 42.33711831365393, 0.0, 0.0, 1 
4.343544766571767, 37.30092046673037, 0.0, 3.0487990044934046, 1.3000000000000003 
21.96866265151534, 34.71165994223288, 0.0, 0.0, 1 
24.468135604703537, 19.488238272288726, 0.0, 0.0, 1.0 
41.694907607229624, 57.56904678315732, 0.0, 0.0, 1.0 
5.455316403212248, 9.37078824970141, 0.0, 0.0, 1.0 
15.746247232194259, 30.855059017149916, 0.0, 0.0, 1 
32.65810777264402, 17.264874409838306, 0.0, 0.0, 1.0 
39.11238350074712, 23.40189869465095, 0.0, 0.0, 1.0 
5.320648638264244, 35.485561225288905, 0.0, 0.0, 1.0 
56.1469161728682, 50.64846415860817, 0.0, 0.0, 1 
49.36241719608355, 1.7506157787066259, 0.0, 0.0, 1.0 
34.13298842600648, 38.68458867139766, 0.0, 0.0, 1 
37.258492725252275, 14.291336641459624, 0.0, 0.0, 1.0 
20.42357561293245, 20.531756655569378, 0.0, 0.0, 1.0 
31.05502188272623, 40.01172824060204, 0.0, 0.0, 1.0 
33.27859446597797, 51.072172987818035, 0.0, 0.0, 1.0 
14.839576348427059, 27.38256782014124, 0.0, 0.0, 1 
22.977623479219492, 58.31969101689176, 0.0, 0.0, 1.0 
22.484820445704894, 60.33714184274604, 0.0, 0.0, 1.0 
17.09301881386054, 59.88574057733826, 0.0, 0.0, 1.0 
39.180745747548876, 0.38636662158039337, 0.0, 0.0, 1.0 
51.767064529846216, 44.72589542334254, 0.0, 0.0, 1 
9.991106848683627, 17.724126419491615, 0.0, 0.0, 1.0 
15.541113800131699, 38.30038154809604, 0.0, 0.0, 1.0 
37.83347013103822, 33.87342644060845, 0.0, 0.0, 1 
11.585020575847354, 39.32779708932139, 0.0, 0.0, 1.0 
60.24404268452868, 13.885942372894512, 0.0, 0.0, 1.0 
25.352337356246988, 22.869712847796134, 0.0, 0.0, 1.0 
17.238793157090257, 12.203550546587012, 0.0, 0.0, 1.0 
47.06574184676771, 56.52504740920184, 0.0, 0.0, 1.0 
46.68438934306866, 36.859429206805494, 0.0, 0.0, 1.0 
52.64181419942469, 23.470778507420864, 0.0, 0.0, 1.0 
7.986494426956469, 23.66282218549103, 0.0, 2.848134086414348, 1.4000000000000004 
48.28075600586654, 17.558833384712596, 0.0, 0.0, 1 
37.32897801368388, 51.67384559666119, 0.0, 0.0, 1.0 
52.89802668113772, 51.9716792668468, 0.0, 0.0, 1 
3.052582259730933, 32.13842040573872, 0.0, 0.0, 1.0 
59.09752068819772, 6.604225597838602, 0.0, 0.0, 1.0 
31.341574419525124, 27.71724921326966, 0.0, 0.0, 1.0 
5.43149597607975, 42.873934874612424, 0.0, 0.0, 1 
10.434281426694287, 23.029930030351604, 0.0, 0.0, 1.0 
28.720091308370716, 16.71203090206548, 0.0, 0.0, 1.0 
26.766450045449176, 59.3636677156821, 0.0, 0.0, 1.0 
41.510962130838564, 6.003905241505947, 0.0, 0.0, 1.0 
6.948251797477171, 21.99561910706386, 0.0, 0.0, 1.0 
43.84383981332962, 11.614226132047614, 0.0, 0.0, 1.0 
43.370922519432064, 38.22353159352716, 0.0, 0.0, 1 
22.82179022836888, 38.18341717268575, 0.0, 0.0, 1 
12.535652879900217, 2.4431151792090335, 0.0, 0.0, 1 
50.13213420338147, 3.6043790272221607, 0.0, 0.0, 1.0 
54.42978068505863, 55.740932118360135, 0.0, 0.0, 1 
34.25042093055071, 21.014784380847, 0.0, 0.0, 1.0 
29.43473488291413, 27.482090515415454, 0.0, 0.0, 1 
17.449678670565284, 4.8334372232455625, 0.0, 0.0, 1.0 
51.72044513283793, 7.3553037875604215, 0.0, 0.0, 1 
45.29343788856306, 24.20221451390666, 0.0, 0.0, 1.0 
36.84826573698596, 40.88642164837382, 0.0, 0.0, 1.0 
48.89233280650564, 5.2471547633534055, 0.0, 0.0, 1.0 
53.77218071249562, 7.660941994032277, 0.0, 0.0, 1 
30.63924609334386, 16.9935088909831, 0.0, 0.0, 1.0 
17.23124851384539, 52.53278566303946, 0.0, 0.0, 1 
52.833864949806326, 14.613724252458605, 0.0, 0.0, 1 
6.252346977032321, 38.92986017223776, 0.0, 0.0, 1.0 
14.143785749458063, 56.97913284845701, 0.0, 0.0, 1.0 
18.89331234261588, 6.302540840624296, 0.0, 0.0, 1 
19.804741531087, 9.714080727894643, 0.0, 0.0, 1.0 
26.168766062332256, 46.572846769176294, 0.0, 0.0, 1.0 
59.769678375368635, 54.69083062975995, 0.0, 0.0, 1 
38.27468203100038, 30.37760112705145, 0.0, 0.0, 1 
57.38764172728132, 49.04832193381594, 0.0, 0.0, 1 
1.9394285682751227, 5.289541573585769, 0.0, 0.0, 1.0 
23.870124723788376, 21.43508783839962, 0.0, 0.0, 1.0 
27.01366087035645, 4.1320465624951135, 0.0, 3.6420638082876247, 1.1 
45.97753955299396, 49.28805791146554, 0.0, 0.0, 1 
46.52693107913266, 60.03534936325514, 0.0, 0.0, 1.0 
5.549285637938425, 28.05550291796525, 0.0, 0.0, 1.0 
26.916597632226217, 17.02915239184195, 0.0, 0.0, 1.0 
9.496443348081288, 6.947003657740608, 0.0, 0.0, 1.0 
36.070449361808926, 53.227804612328846, 0.0, 0.0, 1.0 
1.6337214730351475, 22.945248356170296, 0.0, 0.0, 1.0 
15.197969778736251, 32.841251790251775, 0.0, 0.0, 1 
41.811203347802014, 11.346751837349977, 0.0, 0.0, 1.0 
11.483483908432996, 19.1190170269731, 0.0, 0.0, 1.0 
48.41361237566279, 8.674415753383164, 0.0, 0.0, 1.0 
43.98609708329197, 2.793648063570976, 0.0, 0.0, 1.0 
59.761322493870864, 17.31717988690118, 0.0, 0.0, 1.0 
28.289732950044375, 2.563203668064926, 0.0, 0.0, 1.0 
48.88302208520536, 28.262738730156634, 0.0, 0.0, 1.0 
5.722239845844702, 53.5900463683023, 0.0, 0.0, 1.0 
53.48403480061989, 39.6298896100924, 0.0, 0.0, 1 
13.50219165343865, 5.8587072353145055, 0.0, 0.0, 1.0 
35.092492006178034, 60.218225524348775, 0.0, 0.0, 1.0 
16.603338197737678, 34.30589281750313, 0.0, 0.0, 1 
23.941053884836144, 34.22286570119965, 0.0, 0.0, 1 
38.510852852975134, 12.660210546299286, 0.0, 0.0, 1.0 
24.247075775775095, 39.64668481929829, 0.0, 0.0, 1 
19.950919052988827, 35.26901248221866, 0.0, 0.0, 1.0 
25.45760538076282, 55.67275874275264, 0.0, 0.0, 1.0 
38.03706789049446, 16.147739189351302, 0.0, 0.0, 1.0 
24.66609202727224, 12.124906850743375, 0.0, 0.0, 1.0 
14.112121421208371, 36.8241223645116, 0.0, 0.0, 1 
22.2144971213256, 47.58539449593922, 0.0, 0.0, 1.0 
30.279685134209227, 57.781387031746256, 0.0, 0.0, 1.0 
53.640787874742195, 53.88326725695023, 0.0, 0.0, 1 
42.01314768361192, 25.546656029127, 0.0, 0.0, 1 
28.09036982278804, 46.003450216607945, 0.0, 0.0, 1.0 
11.059229422075711, 41.299765827937314, 0.0, 0.0, 1 
49.95240292889639, 35.56431591327971, 0.0, 0.0, 1.0 
4.695868639046554, 32.046968760284855, 0.0, 0.0, 1.0 
18.119049385979196, 55.95017452612245, 0.0, 0.0, 1 
48.60910120780238, 22.846329390164776, 0.0, 0.0, 1 
19.151175974652734, 31.80257916036616, 0.0, 0.0, 1 
14.470847487222352, 42.24283182115834, 0.0, 0.0, 1.0 
19.029972193745714, 59.35768125203727, 0.0, 0.0, 1.0 
50.7222133629614, 37.41012464503613, 0.0, 0.0, 1.0 
41.92443047012732, 48.71937328225381, 0.0, 0.0, 1.0 
30.007053641580963, 6.258840631681814, 0.0, 0.0, 1.0 
42.17470524494113, 54.091320049722185, 0.0, 0.0, 1 
47.333627336824485, 24.48435357427778, 0.0, 0.0, 1.0 
35.32369335139172, 37.10670567676668, 0.0, 0.0, 1 
49.61785919777525, 30.1339945854575, 0.0, 0.0, 1.0 
48.701719904263584, 14.028213001448048, 0.0, 0.0, 1.0 
14.354528666855193, 9.329262529091661, 0.0, 0.0, 1.0 
37.61283569868737, 57.064875176241905, 0.0, 0.0, 1.0 
30.743032092171727, 54.257224111454114, 0.0, 0.0, 1.0 
7.168905282341808, 9.351382585383853, 0.0, 0.0, 1.0 
51.41405523135282, 1.9947508547886688, 0.0, 0.0, 1.0 
9.849450217875038, 32.423388757730585, 0.0, 0.0, 1.0 
28.951256101437224, 13.330981628746937, 0.0, 0.0, 1.0 
12.688593829637988, 35.34113470734314, 0.0, 0.0, 1 
25.33776101561059, 35.71003722981131, 0.0, 0.0, 1.0 
16.305114887985532, 49.148709648896144, 0.0, 0.0, 1 
9.436402567171012, 47.26497439915513, 0.0, 0.0, 1.0 
29.388362305147428, 40.143794240792964, 0.0, 0.0, 1.0 
58.24223832156947, 27.753359564199297, 0.0, 0.0, 1.0 
28.605869866370174, 44.06983011993052, 0.0, 0.0, 1.0 
32.136320785780356, 38.40861768053402, 0.0, 0.0, 1.0 
5.38118664384825, 55.5608842410619, 0.0, 0.0, 1.0 
45.77822494191905, 58.15221722455626, 0.0, 0.0, 1.0 
26.656084646929695, 44.58117983014905, 0.0, 0.0, 1.0 
12.49657082047097, 42.7946190440309, 0.0, 0.0, 1.0 
18.8080536954356, 26.370352066270023, 0.0, 0.0, 1 
58.677592472459, 47.40936526486308, 0.0, 0.0, 1 
25.59479641534554, 15.475799627229193, 0.0, 5.1735322575619, 1.1 
15.54775277236431, 18.1117565819907, 0.0, 0.0, 1.0 
29.78559346580707, 32.821798381934194, 0.0, 0.0, 1.0 
60.07577823843053, 36.96808852756283, 0.0, 0.0, 1 
0.890825706336976, 35.369980262444344, 0.0, 0.0, 1.0 
39.56940100389075, 19.917952569029563, 0.0, 0.0, 1 
55.19607951856431, 57.64025336422692, 0.0, 0.0, 1 
21.18530349855379, 51.47056572189684, 0.0, 0.0, 1.0 
4.795238643702238, 7.445274605985803, 0.0, 0.0, 1.0 
19.460005497989187, 4.320293201235368, 0.0, 0.0, 1.0 
1.8546998413057103, 51.472957511753584, 0.0, 0.0, 1.0 
52.90087136853096, 28.79742927163958, 0.0, 0.0, 1 
10.382684529652721, 30.45779926872911, 0.0, 0.0, 1.0 
47.65709938106321, 6.804494548798763, 0.0, 0.0, 1.0 
30.703285902126574, 34.62302857210428, 0.0, 0.0, 1 
3.1040751364028574, 49.8337131204905, 0.0, 0.0, 1.0 
0.39127976574238954, 38.7999938682123, 0.0, 0.0, 1 
57.4534500596809, 25.878611258265103, 0.0, 0.0, 1.0 
2.66655008781544, 15.972810080354243, 0.0, 0.0, 1.0 
33.62588961762221, 10.263304519549573, 0.0, 0.0, 1.0 
37.36788190929868, 37.394632841380044, 0.0, 0.0, 1.0 
36.9194049207934, 8.923528568919085, 0.0, 0.0, 1.0 
4.356275273845196, 39.25634439918254, 0.0, 0.0, 1 
36.36365932403377, 44.379737946893314, 0.0, 0.0, 1.0 
12.12445385147692, 37.348771955300954, 0.0, 0.0, 1.0 
29.52501251836083, 55.8047651373687, 0.0, 0.0, 1.0 
29.353437336712997, 24.122012226533773, 0.0, 0.0, 1.0 
53.392253318662206, 25.30641014454969, 0.0, 0.0, 1.0 
3.957336206246602, 14.384837249138535, 0.0, 3.100141437638034, 1.1 
11.438871662304102, 26.503018907671752, 0.0, 0.0, 1.0 
47.894876581738444, 35.283783617354636, 0.0, 0.0, 1.0 
55.025847783256125, 6.037269354036618, 0.0, 0.0, 1 
52.15115097968796, 26.942611424098683, 0.0, 0.0, 1.0 
35.178657594738254, 14.01198235895189, 0.0, 0.0, 1.0 
56.72279302402476, 23.96263267166521, 0.0, 0.0, 1.0 
59.58494099239914, 3.1208161742557, 0.0, 0.0, 1 
12.878116846135434, 48.179928724396646, 0.0, 0.0, 1 
46.21597098220133, 17.2708816947598, 0.0, 0.0, 1.0 
36.12430165424574, 39.00928166864029, 0.0, 0.0, 1 
6.459519310059182, 59.006950911162605, 0.0, 0.0, 1.0 
9.64909103577937, 39.868814915925576, 0.0, 0.0, 1 
60.378828993866826, 4.998420841438985, 0.0, 0.0, 1.0 
8.989306537174414, 21.612022533854578, 0.0, 0.0, 1.0 
51.15166854967365, 33.9442595711744, 0.0, 0.0, 1.0 
3.9787275227450283, 51.84530952883203, 0.0, 3.8204439654381117, 1.4000000000000004 
33.56813538831321, 56.433315118191366, 0.0, 0.0, 1.0 
18.224293327855822, 48.61346313924194, 0.0, 0.0, 1.0 
50.873599978921646, 28.5687150525235, 0.0, 0.0, 1.0 
7.333558623380614, 34.97132146760119, 0.0, 0.0, 1 
58.75725541601808, 1.215462298100329, 0.0, 0.0, 1 
21.22792922091052, 11.123684119950985, 0.0, 0.0, 1.0 
22.920276362317914, 18.023772690275504, 0.0, 0.0, 1.0 
55.327280922437275, 11.396967403617706, 0.0, 0.0, 1 
15.336886811549103, 45.68027912689043, 0.0, 0.0, 1 
28.149823093482205, 38.59902428593189, 0.0, 0.0, 1.0 
56.744609148541365, 0.978335948080446, 0.0, 0.0, 1 
49.80770360339025, 21.30655243264323, 0.0, 0.0, 1 
21.426443436604508, 36.700078273126, 0.0, 0.0, 1.0 
25.68482352656022, 41.14527286123796, 0.0, 0.0, 1.0 
47.684186485591404, 44.1925704692949, 0.0, 0.0, 1 
0.8017913659811701, 58.47090470438548, 0.0, 0.0, 1 
58.96111297661727, 15.458460273647972, 0.0, 0.0, 1.0 
50.794937438209665, 14.316779042257927, 0.0, 0.0, 1.0 
34.123523636540924, 6.79542775530579, 0.0, 0.0, 1.0 
36.58199634140563, 35.493708397548396, 0.0, 0.0, 1 
26.810090696222684, 24.343775554314735, 0.0, 0.0, 1.0 
10.641068849307826, 15.729661453996478, 0.0, 0.0, 1.0 
2.862220497322459, 58.724356800777, 0.0, 0.0, 1.0 
11.239154391903789, 13.748589688302859, 0.0, 0.0, 1.0 
37.61784714258665, 42.781296212788554, 0.0, 0.0, 1.0 
7.9874027816777655, 25.532904505677667, 0.0, 0.0, 1.0 
27.249050489211623, 22.416168950793086, 0.0, 0.0, 1.0 
30.96520730239641, 45.452241949556914, 0.0, 0.0, 1.0 
29.106142035349173, 22.15633659138503, 0.0, 0.0, 1.0 
12.933906485976037, 7.859785843129627, 0.0, 0.0, 1.0 
13.775567852320785, 51.59556222021773, 0.0, 0.0, 1 
36.37839874399711, 58.63507707110749, 0.0, 0.0, 1.0 
25.895714860865983, 33.691322111326436, 0.0, 0.0, 1.0 
56.00778246471727, 36.40049643552637, 0.0, 0.0, 1 
38.182029885827276, 7.3346265561224975, 0.0, 0.0, 1.0 
53.94837003646974, 59.20952936588896, 0.0, 0.0, 1 
56.2910954899549, 4.476865919117837, 0.0, 0.0, 1 
9.312408221932817, 19.619836131020797, 0.0, 3.07588567260327, 1.1 
37.44947142952844, 28.461896190092737, 0.0, 0.0, 1 
41.84829434761023, 34.41408636569512, 0.0, 0.0, 1.0 
16.816433222688833, 47.15526731621772, 0.0, 0.0, 1 
12.367022039179156, 50.164191873755215, 0.0, 0.0, 1 
5.509668517745276, 18.255832694523857, 0.0, 0.0, 1.0 
27.716508221286034, 52.11511343350906, 0.0, 0.23976649228323926, 1.3000000000000003 
30.994673137196397, 59.658252937709875, 0.0, 0.0, 1.0 
41.02471853991181, 9.462930299231633, 0.0, 0.0, 1.0 
59.61161196813928, 40.452664024525454, 0.0, 0.0, 1.0 
57.045818001849554, 6.2847354940855675, 0.0, 0.0, 1 
40.24650234910739, 7.60169180574426, 0.0, 0.0, 1.0 
43.381734935099686, 15.080917943698992, 0.0, 0.0, 1.0 
0.8707953102277154, 21.109918887181884, 0.0, 0.0, 1.0 
29.876554818200667, 15.090885420141928, 0.0, 0.0, 1.0 
25.666277452291354, 28.300514528553133, 0.0, 0.0, 1.0 
33.08576976619205, 59.94151739866247, 0.0, 0.0, 1.0 
36.297473099247625, 21.271688378813312, 0.0, 0.0, 1.0 
50.615887165470234, 0.152641889774004, 0.0, 0.0, 1.0 
50.470545219835586, 8.951318747450602, 0.0, 0.0, 1 
31.28617582731138, 36.55723310622982, 0.0, 0.0, 1.0 
7.735363633672117, 0.044700648260907895, 0.0, 0.0, 1.0 
34.624215209589984, 26.346556761008035, 0.0, 0.0, 1.0 
16.70583857881215, 54.515793064726985, 0.0, 0.0, 1 
47.008632348946314, 19.093361389933623, 0.0, 0.0, 1 
12.835358547041277, 27.9297510726072, 0.0, 0.0, 1.0 
37.89498217983758, 1.9665898347273008, 0.0, 0.0, 1.0 
11.955160010845637, 44.74878276054683, 0.0, 0.0, 1 
41.98432235020186, 2.4813478522284673, 0.0, 0.0, 1.0 
10.724137002494988, 56.03097452862594, 0.0, 0.0, 1.0 
3.785020586650474, 42.92795041838231, 0.0, 0.0, 1 
19.85714832271678, 42.69263160428683, 0.0, 0.0, 1 
48.239053540173366, 40.65032794810319, 0.0, 0.0, 1 
36.66472199439298, 26.651519449648475, 0.0, 0.0, 1.0 
9.123277865063255, 1.5093494841884065, 0.0, 0.0, 1.0 
57.70980657287549, 54.39105607218356, 0.0, 0.0, 1 
34.322592335088856, 44.10062433936203, 0.0, 0.0, 1 
5.693177312538377, 0.44504298722455915, 0.0, 0.0, 1.0 
45.55037904859694, 6.527544906970165, 0.0, 0.0, 1 
13.825139592982792, 11.295251075316951, 0.0, 0.0, 1 
32.45633419876623, 49.197658687684324, 0.0, 0.0, 1.0 
8.042837934282856, 5.517983124730887, 0.0, 0.0, 1.0 
11.137510123711026, 1.0083322295488404, 0.0, 0.0, 1.0 
40.15413891147225, 39.566844528936784, 0.0, 0.0, 1 
56.414085468744254, 56.01143774194714, 0.0, 0.0, 1 
2.4287822820575773, 39.096908789097554, 0.0, 0.0, 1 
40.153768822852925, 53.78969281572678, 0.0, 0.0, 1.0 
21.406082092345926, 3.800307293793871, 0.0, 0.0, 1.0 
47.4554913537388, 15.618391396851267, 0.0, 0.0, 1.0 
45.8636218307935, 34.988584301557665, 0.0, 0.0, 1 
10.062972535331275, 4.939892325521133, 0.0, 0.0, 1 
53.84570543249368, 45.01484965495351, 0.0, 0.0, 1 
42.648170211700894, 36.334617847940244, 0.0, 0.0, 1 
1.5136179220337087, 8.78195960631469, 0.0, 0.0, 1 
27.821419086527854, 0.6553132886557266, 0.0, 0.0, 1.0 
19.448413272246462, 37.21012869162605, 0.0, 0.0, 1.0 
28.079823161405386, 6.05590213922036, 0.0, 0.0, 1.0 
20.97744309787124, 18.50038664605529, 0.0, 0.0, 1.0 
60.04576936824498, 60.04569316675776, 0.0, 0.0, 1 
42.410289638624704, 22.029951488273266, 0.0, 0.0, 1 
21.911951979497168, 21.933138923189162, 0.0, 0.0, 1.0 
50.10145170865413, 26.667669164388535, 0.0, 0.0, 1.0 
1.8142344546573197, 28.31522019197687, 0.0, 0.0, 1.0 
58.67891638780298, 10.073757561367286, 0.0, 0.0, 1.0 
28.74449440560642, 36.64396809384083, 0.0, 0.0, 1.0 
3.0487912662487595, 35.74081125523855, 0.0, 0.0, 1.0 
53.15792644767751, 57.36753337641188, 0.0, 0.0, 1 
0.10824170934893387, 19.20662147502129, 0.0, 0.0, 1.0 
50.83024146078467, 51.72788138021045, 0.0, 0.0, 1 
28.226335404373515, 48.34614436540762, 0.0, 4.185849549256771, 1.3000000000000003 
3.6138568183504356, 0.20085453144884027, 0.0, 0.0, 1.0 
15.862590063387795, 43.75792608203156, 0.0, 0.0, 1.0 
20.55413916495928, 33.23996562629015, 0.0, 0.0, 1 
56.19358214416184, 27.469308621756195, 0.0, 0.0, 1.0 
46.26802324816646, 54.674173107781385, 0.0, 0.0, 1 
56.48009226193319, 32.894372607334496, 0.0, 0.0, 1 
44.978753445473735, 18.8448846050587, 0.0, 0.0, 1 
23.21983854105848, 51.00586997059153, 0.0, 0.0, 1.0 
49.25535699335331, 47.96030684333044, 0.0, 0.0, 1 
54.57584973984875, 46.85322362612422, 0.0, 0.0, 1 
17.850307427335277, 43.23651625291666, 0.0, 0.0, 1.0 
39.62242189829814, 43.05577418852559, 0.0, 0.0, 1 
22.24169805026965, 27.33410163332874, 0.0, 0.0, 1 
33.028299238571, 45.69495015010359, 0.0, 0.0, 1.0 
45.210934746749956, 47.44085001803539, 0.0, 0.0, 1 
33.277052484722624, 4.903270100357664, 0.0, 0.0, 1.0 
4.9694054188528325, 21.68615973138223, 0.0, 0.0, 1.0 
11.30015296377387, 33.901443788492536, 0.0, 0.0, 1.0 
53.643964159927435, 30.726418462299456, 0.0, 0.0, 1 
20.516454190836303, 0.40743808867671366, 0.0, 0.0, 1.0 
14.995210678081513, 40.275053116871376, 0.0, 0.0, 1.0 
21.68972239945097, 29.29059054391459, 0.0, 0.0, 1 
54.37147396577543, 18.366274420902364, 0.0, 0.0, 1 
48.02642754266425, 49.5381157466021, 0.0, 0.0, 1 
18.66929303787642, 13.691737537171525, 0.0, 0.0, 1.0 
34.0689641632816, 52.92375104154888, 0.0, 0.0, 1.0 
26.452561792144085, 8.010247203737503, 0.0, 0.0, 1.0 
51.1301476838331, 57.07066882507676, 0.0, 0.0, 1.0 
44.17805941634101, 40.14727958767408, 0.0, 0.0, 1 
39.84425708036233, 34.19664840160149, 0.0, 0.0, 1.0 
43.10062947287747, 32.80130441435106, 0.0, 0.0, 1 
41.16186134626421, 0.6532998115941225, 0.0, 0.0, 1.0 
3.3879910014640604, 55.229192444768614, 0.0, 0.0, 1.0 
32.84048369321718, 8.359239667461104, 0.0, 0.0, 1.0 
52.72581293616567, 37.70298568698856, 0.0, 0.0, 1 
8.790099489141191, 56.51795803976742, 0.0, 0.0, 1.0 
3.4556615763551632, 17.91053772488691, 0.0, 0.0, 1.0 
14.56081282343453, 1.9031531108095632, 0.0, 0.0, 1.0 
9.661160807642352, 59.96816389723901, 0.0, 0.0, 1.0 
27.428731767457954, 9.702837533229067, 0.0, 0.0, 1.0 
33.15119828977724, 13.785564347143525, 0.0, 0.0, 1.0 
51.64959743668507, 30.416361638000254, 0.0, 0.0, 1 
5.108598990021344, 3.9658856483849294, 0.0, 0.0, 1.0 
21.795481062374307, 42.19851242153005, 0.0, 0.0, 1 
2.670914088390936, 44.56411145471179, 0.0, 0.0, 1 
40.37982900069961, 44.97109079760213, 0.0, 0.0, 1.0 
8.911716773301691, 49.18446537450243, 0.0, 0.0, 1.0 
35.585991289881164, 56.72076102219884, 0.0, 0.0, 1.0 
27.622847024422445, 40.60978335843833, 0.0, 0.0, 1.0 
51.23198596233054, 10.866206722241886, 0.0, 0.0, 1 
20.778375690798683, 25.87744762072954, 0.0, 0.0, 1 
24.804030029658502, 37.652983615886534, 0.0, 0.0, 1 
47.26969874815863, 1.4742171229511274, 0.0, 0.0, 1.0 
16.90115518490873, 6.8286651439571004, 0.0, 0.0, 1.0 
25.535451465873184, 2.6918094114769655, 0.0, 3.0229069957749846, 1.2000000000000002 
35.871414579281634, 1.6755876132950758, 0.0, 0.0, 1.0 
34.56584423996171, 3.2868405872246638, 0.0, 0.0, 1.0 
13.563439459408029, 38.79112248768111, 0.0, 0.0, 1.0 
46.375642285586146, 31.46518242589159, 0.0, 0.0, 1 
51.51359073891625, 39.34330401466715, 0.0, 0.0, 1 
8.002723337227561, 45.79701208778502, 0.0, 0.0, 1.0 
43.20229849465996, 23.937483748895087, 0.0, 0.0, 1 
7.325775519098305, 55.068435901707964, 0.0, 0.0, 1.0 
20.898728007322493, 38.709857270603806, 0.0, 0.0, 1.0 
13.27716706526408, 53.571615668245535, 0.0, 0.0, 1.0 
39.86256617606834, 48.47106948099711, 0.0, 0.0, 1.0 
54.664130069005815, 23.7140691769721, 0.0, 0.0, 1 
14.852105287080764, 47.683175678456635, 0.0, 0.0, 1 
46.94478845468852, 42.30943990327498, 0.0, 0.0, 1 
23.232226119365738, 43.619096347015756, 0.0, 0.0, 1 
0.28181412555092755, 47.70364646735896, 0.0, 0.0, 1.0 
7.633921753804534, 40.36090580136171, 0.0, 0.0, 1.0 
45.12233132470509, 10.015824146488091, 0.0, 0.0, 1 
14.663925940571664, 14.707335810385048, 0.0, 0.0, 1.0 
33.453408414820444, 19.091616743186833, 0.0, 0.0, 1.0 
18.967903467862758, 19.014506195426634, 0.0, 0.0, 1 
16.430906846462754, 21.51964028949935, 0.0, 0.0, 1.0 
59.4970435104477, 26.186324143154156, 0.0, 0.0, 1.0 
27.609923732197707, 27.8171390013313, 0.0, 0.0, 1 
20.657944293897003, 13.149917040671005, 0.0, 0.0, 1.0 
24.912210677948206, 57.77228296775041, 0.0, 0.0, 1.0 
21.332847330563226, 23.92133464495902, 0.0, 0.0, 1.0 
49.692879362685844, 7.086174305567784, 0.0, 0.0, 1.0 
3.1652721165812046, 3.668909431564306, 0.0, 0.0, 1 
32.18799819083625, 20.727717536955, 0.0, 0.0, 1.0 
47.82892233580854, 58.433478426370776, 0.0, 0.0, 1.0 
29.16166065348653, 50.52962501664719, 0.0, 0.0, 1.0 
34.174670773903415, 29.855104644634768, 0.0, 0.0, 1.0 
14.307761274707094, 29.413618994309864, 0.0, 0.0, 1 
13.220938647148126, 33.3731214040131, 0.0, 0.0, 1 
9.108687502738798, 41.819772117472404, 0.0, 0.0, 1.0 
38.32447864946325, 21.48615442727521, 0.0, 0.0, 1.0 
42.74113250395021, 27.388196531628463, 0.0, 0.0, 1 
35.80610628992174, 33.565743479691804, 0.0, 0.0, 1 
54.92889681490858, 29.05189176685553, 0.0, 0.0, 1 
8.409487604753465, 31.018663474167777, 0.0, 0.0, 1.0 
23.7367957443929, 41.65345695776558, 0.0, 0.0, 1.0 
41.17116902957302, 46.843022675973586, 0.0, 0.0, 1 
53.96502398374473, 36.099062477249355, 0.0, 0.0, 1 
12.37282286221305, 9.801451192186745, 0.0, 0.0, 1.0 
41.411272909026415, 52.25051358458264, 0.0, 0.0, 1 
56.7736825028097, 38.24146851057403, 0.0, 0.0, 1 
51.02460431392638, 42.84260152264779, 0.0, 0.0, 1 
5.65285674315288, 13.17510168972246, 0.0, 0.5467547877369571, 1.2000000000000002 
52.280488402713544, 41.205937846703954, 0.0, 0.0, 1 
19.87525970614287, 22.43501456569118, 0.0, 0.0, 1 
59.10372774767938, 43.97448636743729, 0.0, 0.0, 1 
27.10480673556843, 29.78480939294385, 0.0, 0.0, 1.0 
11.859791983401447, 11.80439380105414, 0.0, 0.0, 1.0 
35.80474292570059, 47.89642420233008, 0.0, 0.0, 1.0 
35.99760004445429, 15.91152487221503, 0.0, 0.0, 1.0 
56.57374235878756, 9.80745148962817, 0.0, 0.0, 1 
15.78726273634258, 51.10859222046027, 0.0, 0.0, 1.0 
19.660108851734964, 29.812405197282743, 0.0, 0.0, 1 
44.79011094333535, 4.640760931253817, 0.0, 0.0, 1.0 
9.294096832271812, 34.44089436291831, 0.0, 0.0, 1.0 
1.358211250754509, 54.91948920991856, 0.0, 0.0, 1.0 
16.05837943575777, 36.29414687238849, 0.0, 0.0, 1 
4.778233340266785, 59.035996544757396, 0.0, 0.0, 1.0 
42.34105003028322, 30.93584720389735, 0.0, 0.0, 1 
32.337421017650676, 43.80727447402799, 0.0, 0.0, 1 
40.41617050263449, 21.760362050206364, 0.0, 0.0, 1.0 
38.96192059044751, 9.20137194788804, 0.0, 0.0, 1.0 
11.242707574430344, 54.05732013384003, 0.0, 0.0, 1 
58.458364370452216, 18.958689231960463, 0.0, 0.0, 1.0 
59.89316649846286, 45.84898305018628, 0.0, 0.0, 1.0 
49.603640331844446, 53.2900291842635, 0.0, 0.0, 1 
26.211711388781605, 6.017856217632781, 0.0, 0.0, 1.0 
43.21989166482263, 0.9031382165655069, 0.0, 0.0, 1.0 
44.29897782122429, 31.174647478274085, 0.0, 0.0, 1 
38.60804860473335, 50.045391806444215, 0.0, 0.0, 1.0 
1.147506081114858, 3.384767644942614, 0.0, 0.0, 1 
5.95352421781824, 33.51930122981381, 0.0, 0.0, 1 
16.415133980372147, 41.71054681141581, 0.0, 0.0, 1 
24.89257262479801, 4.579933065414311, 0.0, 0.0, 1.0 
22.088565182114348, 54.90694878102821, 0.0, 0.0, 1.0 
39.90912090340571, 25.242321147344253, 0.0, 0.0, 1.0 
48.304105849847495, 54.93739737570931, 0.0, 0.0, 1 
29.809176896116952, 29.425093454520237, 0.0, 3.019319302697322, 1.2000000000000002 
20.288747829677284, 48.106995286770484, 0.0, 0.0, 1.0 
2.742344649739087, 53.299023133205665, 0.0, 0.0, 1.0 
10.855683629514859, 48.657851393376326, 0.0, 0.0, 1 
25.20005760551301, 43.08269973380989, 0.0, 0.0, 1 
18.93619437510043, 39.24474974351318, 0.0, 0.0, 1.0 
12.416463223264747, 22.514494340515032, 0.0, 0.0, 1.0 
31.98824270217371, 52.680715064490556, 0.0, 0.0, 1.0 
40.88792507180944, 41.4437144958186, 0.0, 0.0, 1.0 
13.784710489622727, 31.360847628083075, 0.0, 0.0, 1 
0.697367157408968, 44.19730348373774, 0.0, 0.0, 1 
59.43061980467787, 11.9812385551608, 0.0, 0.0, 1.0 
34.72657616089252, 17.525625986647153, 0.0, 0.0, 1.0 
15.921278066703454, 23.447663056052644, 0.0, 0.0, 1.0 
4.193655590729725, 19.77124948036826, 0.0, 0.0, 1.0 
13.519994383240363, 18.61360445887521, 0.0, 0.0, 1.0 
58.01887561608711, 59.77632294400569, 0.0, 0.0, 1 
59.256909929907444, 20.769048943862234, 0.0, 0.0, 1.0 
55.46551019453602, 2.533888436365509, 0.0, 0.0, 1.0 
55.39959791189249, 48.78831725937162, 0.0, 0.0, 1 
34.8339153931121, 54.873774501584016, 0.0, 0.0, 1 
26.479872033680362, 18.993359633704788, 0.0, 3.192276822550988, 1.1 
46.6630354950938, 13.798217435665073, 0.0, 0.0, 1 
42.431643912163786, 59.46817971872771, 0.0, 0.0, 1.0 
3.996992611788116, 33.990029933429724, 0.0, 0.0, 1 
1.2774518883167165, 31.8287512903334, 0.0, 0.0, 1 
47.11811638016622, 10.262545682951126, 0.0, 0.0, 1.0 
22.658001294919544, 12.628354069130612, 0.0, 0.0, 1 
55.82580742010858, 7.947873788239285, 0.0, 0.0, 1 
44.515048267569014, 59.735646285613086, 0.0, 0.0, 1.0 
30.432221876108798, 48.907857439672135, 0.0, 0.0, 1.0 
48.564374142116115, 60.281649391385585, 0.0, 0.0, 1.0 
59.71973134336594, 31.536321940481148, 0.0, 0.0, 1 
54.114612901947346, 50.38304681039057, 0.0, 0.0, 1 
28.42999716405279, 11.423248439407438, 0.0, 0.0, 1.0 
31.558254435549355, 41.9195126100901, 0.0, 0.0, 1.0 
17.99410933494556, 2.92405360999017, 0.0, 0.0, 1.0 
11.413272558399893, 46.757428556781036, 0.0, 0.0, 1 
43.71503074571228, 20.428439984725518, 0.0, 0.0, 1.0 
0.37307067580389003, 1.529240077464217, 0.0, 0.0, 1 
2.731452186605528, 7.200636187984966, 0.0, 0.0, 1.0 
22.494363395355858, 32.750656593712925, 0.0, 0.0, 1 
55.624051588214, 54.14867756323546, 0.0, 0.0, 1 
12.639813375079862, 15.231640887600543, 0.0, 0.0, 1.0 
7.814656867675571, 53.114806660219216, 0.0, 0.0, 1.0 
17.321737605069178, 24.921871077498015, 0.0, 0.0, 1 
16.003384029055567, 3.4019701475136954, 0.0, 0.0, 1.0 
57.232748961893975, 20.52536889729638, 0.0, 0.0, 1 
4.131293095728833, 57.1360263478096, 0.0, 0.0, 1.0 
25.094053110967106, 30.261952596904482, 0.0, 0.0, 1.0 
14.085560729412961, 16.649250269243094, 0.0, 0.0, 1.0 
56.89858521097994, 15.186391727821466, 0.0, 0.0, 1 
55.45972247080819, 25.613447818895764, 0.0, 0.0, 1.0 
30.501798723225278, 2.7223370793043777, 0.0, 0.0, 1.0 
23.74023178154583, 49.03355530198096, 0.0, 0.0, 1.0 
38.88174294072984, 41.19507934893636, 0.0, 0.0, 1.0 
39.94580038583322, 2.2435505875491573, 0.0, 0.0, 1.0 
31.2702341345342, 4.626710217516568, 0.0, 0.0, 1.0 
32.38166608505192, 11.853577902914411, 0.0, 0.0, 1.0 
18.38621598338083, 41.1905228896896, 0.0, 0.0, 1.0 
40.860414603637345, 18.294784279602602, 0.0, 0.0, 1.0 
44.81510191600161, 27.675003372318738, 0.0, 0.0, 1 
52.549970042359, 46.61189704959279, 0.0, 0.0, 1 
26.764673675702017, 37.14269847106905, 0.0, 0.0, 1.0 
34.9164987753122, 8.621605474239818, 0.0, 0.0, 1.0 
50.52170902205908, 46.324819380696546, 0.0, 0.0, 1 
34.43589570184935, 12.09353105509696, 0.0, 0.0, 1.0 
24.107909572045557, 14.085860724579552, 0.0, 0.0, 1.0 
45.509471923396916, 52.76675956037836, 0.0, 0.0, 1 
2.1471776408041556, 19.505262516789085, 0.0, 0.0, 1.0 
45.730517018985864, 43.89259141502539, 0.0, 0.0, 1 
22.90855186067324, 5.239855563355995, 0.0, 0.0, 1.0 
13.436188804472597, 46.23333296055373, 0.0, 0.0, 1 
22.107599226750498, 14.569849643850743, 0.0, 0.0, 1.0 
47.593271265388545, 29.83144244463426, 0.0, 0.0, 1 
7.413624619689741, 47.73443172094197, 0.0, 0.0, 1.0 
58.302416955189955, 4.738466993422392, 0.0, 0.0, 1 
55.934044714907955, 22.136220477593113, 0.0, 0.0, 1 
30.810411522073608, 8.150510811672126, 0.0, 0.0, 1.0 
0.07747292669571007, 33.43695678713363, 0.0, 0.0, 1 
53.43575447260925, 2.2709719537225777, 0.0, 0.0, 1.0 
43.975015195158235, 25.80747840470247, 0.0, 0.0, 1 
4.441232829203126, 2.0744046108095544, 0.0, 0.0, 1.0 
23.536541961577083, 16.08785221055371, 0.0, 0.0, 1.0 
57.240867321437634, 34.75256246268124, 0.0, 0.0, 1 
56.13810537734909, 13.298199319463672, 0.0, 0.0, 1.0 
9.452720321576125, 27.000806043284694, 0.0, 0.0, 1 
29.215330268951686, 4.374846647252823, 0.0, 0.0, 1.0 
38.64607253737479, 35.74694180917146, 0.0, 0.0, 1.0 
40.91904537544494, 55.732696625662335, 0.0, 0.0, 1.0 
3.738032678257068, 28.587892701779783, 0.0, 0.0, 1.0 
4.376239600391069, 25.163567180122765, 0.0, 0.0, 1.0 
21.07640656105095, 31.287661076526096, 0.0, 0.0, 1 
57.53469040360569, 40.19265099703082, 0.0, 0.0, 1 
12.735579431013532, 55.53781913857225, 0.0, 0.0, 1 
24.188744412578846, 47.05595852944912, 0.0, 0.0, 1.0 
28.598165726106437, 31.157469978429802, 0.0, 0.0, 1.0 
35.50986677453968, 19.377815967609063, 0.0, 0.0, 1.0 
14.698721212611936, 55.04994189293471, 0.0, 0.0, 1 
27.938229165550535, 20.439750618846293, 0.0, 0.0, 1.0 
23.243280169337783, 10.616938402058095, 0.0, 0.0, 1.0 
7.074074672253016, 1.9512672960999589, 0.0, 0.0, 1.0 
28.300410688012146, 57.448356374890594, 0.0, 0.0, 1.0 
8.62056440805776, 3.4811324909628008, 0.0, 0.0, 1.0 
3.492030470137282, 9.077739275894112, 0.0, 0.0, 1.0 
30.09361706631146, 20.37744360370911, 0.0, 0.0, 1.0 
32.064458123746334, 6.504372915169479, 0.0, 0.0, 1.0 
38.11035842592076, 39.28967232483773, 0.0, 0.0, 1 
20.069330745864693, 15.112934909981918, 0.0, 0.0, 1.0 
32.95497837378436, 31.436876771782043, 0.0, 0.0, 1 
8.966678326982299, 8.878217060241143, 0.0, 0.0, 1.0 
51.920467481924824, 35.82435852623126, 0.0, 0.0, 1.0 
51.87457421254465, 58.9768155523977, 0.0, 0.0, 1 
48.6956330826793, 37.154960346007584, 0.0, 0.0, 1.0 
57.876441279680336, 8.230508786408246, 0.0, 0.0, 1.0 
23.468842768927416, 56.30962232364516, 0.0, 0.0, 1.0 
43.53130285959118, 6.263361887531512, 0.0, 0.0, 1.0 
35.31374380720043, 51.37367657112684, 0.0, 0.0, 1.0 
22.716373194268684, 45.60526434101796, 0.0, 0.0, 1.0 
57.68501566231736, 31.250019330745015, 0.0, 0.0, 1 
3.6745039280156595, 46.5244524387509, 0.0, 3.6205334221015995, 1.3000000000000003 
6.832453986714184, 3.9354595253187346, 0.0, 0.0, 1.0 
47.126774703834826, 33.34639344400144, 0.0, 0.0, 1 
12.207703809677811, 57.48223051861797, 0.0, 0.0, 1.0 
15.203087517940764, 12.741502927099111, 0.0, 0.0, 1.0 
38.33073788678754, 44.64570189910162, 0.0, 0.0, 1.0 
32.870290629557076, 40.324653162221615, 0.0, 0.0, 1 
29.75123529434646, 0.824957197345582, 0.0, 0.0, 1.0 
12.090504330103277, 17.15514293483973, 0.0, 0.0, 1.0 
24.50337429826868, 59.76964333710418, 0.0, 0.0, 1.0 
42.1013047491592, 16.71565488043184, 0.0, 0.0, 1.0 
33.78581593382928, 47.61321961452106, 0.0, 0.0, 1.0 
20.334599921019173, 40.69187297262383, 0.0, 0.0, 1 
16.983290147654504, 39.771152369417024, 0.0, 0.0, 1.0 
4.323639463832062, 11.03015683542732, 0.0, 0.0, 1.0 
56.94320466512923, 29.38907863099308, 0.0, 0.0, 1 
17.875446484938582, 22.929894846648928, 0.0, 0.0, 1.0 
30.39937685322289, 43.54449916141798, 0.0, 0.0, 1 
43.88145863273946, 34.734955001314944, 0.0, 0.0, 1.0 
52.964430667837036, 5.7576119652100495, 0.0, 0.0, 1 
50.04126230423091, 49.849156728740766, 0.0, 0.0, 1 
58.52222860523337, 56.232474805356944, 0.0, 0.0, 1 
1.9372674897779325, 42.608209977895726, 0.0, 0.0, 1 
36.74337639968511, 17.765367349513316, 0.0, 0.0, 1.0 
17.729494069213892, 50.570180233129086, 0.0, 0.0, 1.0 
40.59655505016944, 36.05280366868807, 0.0, 0.0, 1.0 
19.19292928967113, 52.050716755568864, 0.0, 0.0, 1 
12.961957382708864, 20.561361656843182, 0.0, 0.0, 1.0 
10.38876713564949, 10.33380295905793, 0.0, 0.0, 1.0 
33.946113257243155, 15.580819664544853, 0.0, 0.0, 1.0 
49.008440056038545, 42.56993409249037, 0.0, 0.0, 1 
5.769197671651919, 23.64715040210634, 0.0, 3.8137045940631853, 1.1 
38.379130574126634, 58.89469962468558, 0.0, 0.0, 1.0 
59.25601641938963, 35.08131604882895, 0.0, 0.0, 1 
52.086835984114735, 50.062544389819756, 0.0, 0.0, 1 
50.28091822739752, 17.825398247683495, 0.0, 0.0, 1 
47.54141271257362, 53.06148543026271, 0.0, 0.0, 1 
8.324215377699879, 51.17097349768391, 0.0, 0.0, 1.0 
53.02966771526165, 43.11372496528529, 0.0, 0.0, 1 
39.35565058377547, 37.64754513320657, 0.0, 0.0, 1 
16.79992887444748, 26.86179812543998, 0.0, 0.0, 1 
31.457126171072158, 18.854274801770817, 0.0, 0.0, 1.0 
53.31269756520395, 11.151258144844437, 0.0, 0.0, 1 
6.345572252171731, 51.68426109067523, 0.0, 0.0, 1.0 
52.359969931799924, 18.09578714846008, 0.0, 0.0, 1.0 
37.02068820086396, 31.99912353129603, 0.0, 0.0, 1 
48.81671190289274, 51.445584570181495, 0.0, 0.0, 1 
41.68119608469095, 43.36477270259601, 0.0, 0.0, 1 
44.98063847609432, 56.253853359227264, 0.0, 0.0, 1.0 
37.92010117069779, 24.99843349217796, 0.0, 0.0, 1.0 
25.250020044651514, 10.038011494131476, 0.0, 2.2069056677867853, 1.1 
44.431279548451414, 45.54339270493062, 0.0, 0.0, 1 
56.92562190757748, 52.5369371214974, 0.0, 0.0, 1 
24.71124203124073, 52.43086542468618, 0.0, 3.198186778648213, 1.3000000000000003 
31.71072960648986, 47.349948894306465, 0.0, 0.0, 1.0 
20.760735465443187, 46.11230564085705, 0.0, 0.0, 1.0 
34.98856129170725, 31.68346131910264, 0.0, 0.0, 1 
7.032968679443937, 7.45410661167987, 0.0, 2.9525210821386847, 1.4000000000000004 
8.261817809779743, 58.51056182224296, 0.0, 0.0, 1.0 
41.50625075048075, 29.026272737515836, 0.0, 0.0, 1.0 
13.106856284130739, 0.47701934924098094, 0.0, 0.0, 1.0 
16.53909535413241, 1.4432519440362386, 0.0, 0.0, 1.0 
31.132988458795896, 13.475818932606684, 0.0, 0.0, 1.0 
18.42133442587484, 20.981368458921203, 0.0, 0.0, 1.0 
58.00777213642116, 36.67503502722668, 0.0, 0.0, 1 
54.44453912238712, 32.604163743229925, 0.0, 0.0, 1 
31.58446924224741, 10.001942328574264, 0.0, 0.0, 1.0 
54.28134442481266, 41.48204497211947, 0.0, 0.0, 1 
48.07630257140739, 3.348106513502709, 0.0, 0.0, 1.0 
40.269287571440294, 30.67216723535133, 0.0, 0.0, 1 
6.029014393444977, 5.849275206760461, 0.0, 0.0, 1.0 
43.40398193398361, 52.503764999278864, 0.0, 0.0, 1.0 
40.42765985517917, 59.21701215548615, 0.0, 0.0, 1.0 
15.818343983640778, 10.763276731392729, 0.0, 0.0, 1.0 
39.39488599783822, 51.95213861187337, 0.0, 0.0, 1.0 
17.15218161111398, 32.342734078665096, 0.0, 0.0, 1 
53.638275322014756, 16.46621277317767, 0.0, 0.0, 1.0 
10.184624437611046, 37.87297545892654, 0.0, 0.0, 1 
32.55682977525472, 26.0910250772887, 0.0, 0.0, 1.0 
55.97249754497774, 59.51002017764898, 0.0, 0.0, 1.0 
1.1940456723950477, 40.71674742670286, 0.0, 0.0, 1 
33.76068430363632, 33.30220191811556, 0.0, 0.0, 1.0 
24.761856924981778, 24.84842714258045, 0.0, 0.0, 1.0 
57.48756757956907, 2.8070956866698418, 0.0, 0.0, 1 
47.95810336685042, 12.163447259237687, 0.0, 0.0, 1.0 
5.600747434957754, 40.8831250781787, 0.0, 2.949313691062461, 1.1 
16.651151372236953, 14.186237682961647, 0.0, 0.0, 1.0 
48.094943899233044, 26.35895009267543, 0.0, 0.0, 1 
9.196136443621475, 14.240691322542917, 0.0, 0.0, 1.0 
20.617726173353198, 53.485677790719045, 0.0, 0.0, 1.0 
45.580936574125914, 29.558534334796466, 0.0, 0.0, 1 
38.898871628535055, 55.44354535369509, 0.0, 0.0, 1.0 
41.35659852938255, 14.809598985987806, 0.0, 0.0, 1.0 
45.74914656365478, 20.7556030865787, 0.0, 0.0, 1 
15.379510055496914, 25.447478426733856, 0.0, 0.0, 1 
31.786206813060666, 1.1383841750341488, 0.0, 0.0, 1.0 
22.64060964686053, 52.92688579008075, 0.0, 0.0, 1.0 
2.0478997461098327, 33.87292404748571, 0.0, 0.0, 1 
3.703571066046759, 23.24007492226309, 0.0, 0.0, 1.0 
24.2212634072254, 26.806866150140273, 0.0, 0.0, 1.0 
7.70761623349425, 12.85316157884058, 0.0, 0.0, 1.0 
57.694332811589405, 17.034242535116764, 0.0, 0.0, 1.0 
54.225893476263636, 4.163707446412134, 0.0, 0.0, 1.0 
11.806010928625515, 52.10236742088808, 0.0, 0.0, 1 
42.885250751484, 41.79047674596029, 0.0, 0.0, 1.0 
56.29687639171032, 41.762081873315154, 0.0, 0.0, 1 
44.947926206913316, 41.99054291340801, 0.0, 0.0, 1 
28.230881573266142, 25.854799694899743, 0.0, 0.0, 1.0 
22.442552159964674, 20.01754894568528, 0.0, 0.0, 1.0 
18.05655481142888, 35.790085675122725, 0.0, 0.0, 1 
35.4102965107412, 28.250807502885685, 0.0, 0.0, 1.0 
49.4436801360991, 39.10210847653231, 0.0, 0.0, 1.0 
31.542591722812233, 56.152877725148656, 0.0, 0.0, 1.0 
21.757875845054205, 49.55475898353302, 0.0, 0.0, 1.0 
39.05193481670708, 32.25867555001406, 0.0, 0.0, 1 
37.09589278679285, 23.119727386744707, 0.0, 0.0, 1.0 
51.551318240527905, 16.18464009329448, 0.0, 0.0, 1 
20.122461052496508, 55.41573654415455, 0.0, 0.0, 1.0 
39.09707793943101, 46.54862325908275, 0.0, 0.0, 1.0 
42.27587790525634, 7.867711926278976, 0.0, 0.0, 1 
10.935708907001096, 8.39843886539584, 0.0, 0.0, 1.0 
44.65945781792446, 13.518213650523332, 0.0, 0.0, 1.0 
26.45258344164457, 31.716887784718264, 0.0, 0.0, 1.0 
54.5852633872629, 9.521999801359389, 0.0, 0.0, 1 
5.036639834998277, 30.077916158390302, 0.0, 0.0, 1.0 
4.679857217669792, 48.35290315562928, 0.0, 3.0877311080369556, 1.9000000000000008 
23.410461591485884, 3.2421797795090717, 0.0, 0.0, 1.0 
50.9391379644344, 5.509147783219934, 0.0, 0.0, 1.0 
55.153844951712856, 20.23782515188289, 0.0, 0.0, 1.0 
40.68252199491119, 4.121016479833772, 0.0, 0.0, 1.0 
60.279732656085045, 51.17877214098595, 0.0, 0.0, 1.0 
22.349402434670232, 7.205913654957091, 0.0, 0.0, 1.0 
58.16233427992487, 13.568825704523022, 0.0, 0.0, 1 
36.65834057771401, 3.5621612156824662, 0.0, 0.0, 1.0 
49.535581317723214, 15.911851107371918, 0.0, 0.0, 1 
54.19674992613829, 27.20968264017518, 0.0, 0.0, 1.0 
14.942683392956221, 20.027249994466796, 0.0, 0.0, 1.0 
40.57511756724334, 12.945545772390595, 0.0, 0.0, 1.0 
6.340032328492025, 20.113464710088486, 0.0, 3.0693294515569307, 1.2000000000000002 
53.14803742182003, 19.963986943383635, 0.0, 0.0, 1 
14.648268393837986, 34.86517380258194, 0.0, 0.0, 1 
6.633989265311721, 44.40101392262218, 0.0, 0.0, 1.0 
1.6653615567010929, 37.22634183574038, 0.0, 0.0, 1.0 
29.500396680774983, 9.702933683773374, 0.0, 0.0, 1.0 
11.82177170781375, 31.915222945584947, 0.0, 0.0, 1.0 
52.04815468781901, 12.711898284870765, 0.0, 0.0, 1 
38.819812503910526, 18.017776821209097, 0.0, 0.0, 1.0 
56.618886509038084, 47.16624464619649, 0.0, 0.0, 1 
29.02084643061652, 34.696560061927045, 0.0, 0.0, 1 
31.19342360004865, 50.75097724054713, 0.0, 0.0, 1.0 
51.0463419621896, 19.675824837719244, 0.0, 0.0, 1.0 
49.34136710197577, 24.786367590567362, 0.0, 0.0, 1 
56.44721697305898, 18.64538018683239, 0.0, 0.0, 1.0 
25.90808474182684, 20.90525244238506, 0.0, 0.0, 1.0 
14.439798295899362, 22.021934059534782, 0.0, 0.0, 1.0 
13.361181247667743, 25.94856777891802, 0.0, 0.0, 1.0 
58.20997600898102, 50.93347721661271, 0.0, 0.0, 1 
11.460019823717523, 6.368850141390414, 0.0, 0.0, 1.0 
18.28924161857225, 28.37100333133349, 0.0, 0.0, 1 
18.603691058622406, 33.80131584515235, 0.0, 0.0, 1.0 
21.960331999379235, 1.8147984707053275, 0.0, 0.0, 1.0 
44.63327676795556, 36.5971719318999, 0.0, 0.0, 1 
11.926124273949595, 24.478612431831372, 0.0, 0.0, 1.0 
1.8295802399412182, 14.145678169685969, 0.0, 0.0, 1.0 
4.725626342655734, 16.303767164159876, 0.0, 0.0, 1.0 
60.233818435747295, 28.013183059547067, 0.0, 0.0, 1.0 
36.44721525506419, 12.395615215020419, 0.0, 0.0, 1.0 
33.32803692272982, 27.99256453186355, 0.0, 0.0, 1.0 
33.04020640664832, 22.604890706943838, 0.0, 0.0, 1.0 
32.564914574978296, 34.91192884667908, 0.0, 0.0, 1.0 
1.035334817719172, 12.244581961683886, 0.0, 0.0, 1.0 
6.062843900396888, 26.104193206512754, 0.0, 0.0, 1.0 
50.61362255019399, 23.148064169939364, 0.0, 0.0, 1.0 
43.72264921665554, 57.85720986966927, 0.0, 0.0, 1.0 
52.50789638342231, 9.230947232934744, 0.0, 0.0, 1.0 
35.01613227905628, 46.00079107017482, 0.0, 0.0, 1.0 
17.60953689061854, 57.94210001482079, 0.0, 0.0, 1.0 
37.54955706137137, 19.625615386039062, 0.0, 0.0, 1.0 
13.937029234687294, 44.24843152725155, 0.0, 0.0, 1.0 
35.35634801278009, 5.167757463152504, 0.0, 0.0, 1.0 
21.552596639524033, 16.603289802629742, 0.0, 0.0, 1.0 
26.21029073078739, 39.15104074997356, 0.0, 0.0, 1.0 
22.816573671730847, 25.367939642320508, 0.0, 0.0, 1.0 
34.84670854557141, 40.615511304396335, 0.0, 0.0, 1 
54.85163669165206, 52.25537495332308, 0.0, 0.0, 1 
16.15456405388145, 56.451925534671076, 0.0, 0.0, 1 
32.282897130067454, 58.055144993689034, 0.0, 0.0, 1.0 
18.341908072161356, 8.240063202187912, 0.0, 0.0, 1.0 
23.819463437421028, 8.686348843161817, 0.0, 0.0, 1.0 
6.496257456822434, 31.4807418631576, 0.0, 0.0, 1 
19.366152996511847, 24.436509709459468, 0.0, 0.0, 1 
47.42408772565741, 38.78321806620836, 0.0, 0.0, 1.0 
33.82629931817923, 24.49850187206582, 0.0, 0.0, 1.0 
35.05959829200268, 22.838321479916683, 0.0, 0.0, 1.0 
24.52434388605325, 32.21778109750377, 0.0, 0.0, 1.0 
58.32531649102566, 42.01396765612215, 0.0, 0.0, 1 
57.219426693710595, 57.92962100779215, 0.0, 0.0, 1 
1.626758917884017, 60.33769001399047, 0.0, 0.0, 1 
41.17356824579334, 23.62691988275522, 0.0, 0.0, 1.0 
48.46900394174451, 46.066235086603896, 0.0, 0.0, 1 
54.042248077014015, 12.983565256566711, 0.0, 0.0, 1.0 
20.91419895207877, 5.7830267481165185, 0.0, 0.0, 1.0 
39.6141659819469, 57.28647400987, 0.0, 0.0, 1.0 
55.685998746502015, 30.979340058817392, 0.0, 0.0, 1 
55.028136921764705, 43.40292235935736, 0.0, 0.0, 1 
7.503866688825713, 27.52252243516926, 0.0, 0.0, 1 
28.906782356931632, 18.700758282321022, 0.0, 0.2753631552303554, 1.1 
32.12699913195214, 29.597628393392263, 0.0, 0.0, 1.0 
18.08089461640644, 15.572784792366432, 0.0, 0.0, 1 
42.97666869215846, 55.99795447085126, 0.0, 0.0, 1.0 
10.902585183272876, 28.455730905081676, 0.0, 0.0, 1.0 
31.73230035613663, 24.234691070334296, 0.0, 0.0, 1.0 
8.649836942025045, 16.213407919822608, 0.0, 0.0, 1.0 
0.2454712701356057, 10.383938142523498, 0.0, 0.0, 1.0 
37.72298293330002, 10.798359337535066, 0.0, 0.0, 1.0 
19.276179910218627, 44.66046676845493, 0.0, 0.0, 1 
45.43197205896367, 38.52931883666159, 0.0, 0.0, 1.0 
0.5720653250465979, 15.75977960030995, 0.0, 0.0, 1.0 
28.685705132318926, 53.94257679016154, 0.0, 0.0, 1.0 
12.018277551750824, 4.41219231932299, 0.0, 0.0, 1.0 
49.79321437472163, 44.46481597652417, 0.0, 0.0, 1 
27.274628349896666, 35.19068901376137, 0.0, 0.0, 1.0 
47.27349829021712, 47.662580153950074, 0.0, 0.0, 1 
31.80307287716658, 33.015423091369655, 0.0, 0.0, 1.0 
42.78549672994272, 4.3773305711267465, 0.0, 0.0, 1.0 
37.85052594299693, 48.16180490026807, 0.0, 0.0, 1 
8.180329089811718, 38.39378302340402, 0.0, 0.0, 1.0 
49.96699418612839, 12.443726559587477, 0.0, 0.0, 1 
36.21309494150661, 30.0627161889405, 0.0, 0.0, 1.0 
54.789350458160754, 37.98609686557451, 0.0, 0.0, 1 
24.329624296364635, 6.682927789141247, 0.0, 0.0, 1.0 
57.10511066433004, 43.654266818668944, 0.0, 0.0, 1 
23.100930013622992, 30.74439286971768, 0.0, 0.0, 1 
37.121393810503676, 46.28646884495848, 0.0, 0.0, 1.0 
2.130842544433404, 56.83135476500974, 0.0, 0.0, 1.0 
16.3556737002825, 8.745320171499218, 0.0, 0.0, 1.0 
4.645767247185949, 44.82302642738834, 0.0, 0.0, 1.0 
36.85131012740182, 55.127108915310195, 0.0, 0.0, 1.0 
42.87479489888063, 18.553417189532485, 0.0, 0.0, 1.0 
3.2357968181599177, 40.95188525735354, 0.0, 0.0, 1.0 
45.88889673034115, 11.885096364017656, 0.0, 0.0, 1.0 
38.1219363471057, 53.529301431994725, 0.0, 0.0, 1.0 
42.69222545700526, 50.59746677172352, 0.0, 0.0, 1 
15.232057492708485, 53.04808151961949, 0.0, 0.0, 1.0 
42.57488500748819, 13.20391709488775, 0.0, 0.0, 1.0 
59.28801252993427, 58.170564354196124, 0.0, 0.0, 1 
41.095857233509484, 32.52197068269243, 0.0, 0.0, 1 
26.3773407982815, 13.552145062704799, 0.0, 6.074861506868755, 1.2000000000000002 
10.908236052404774, 21.027198377385456, 0.0, 3.857466093573472, 1.1 
24.94126670379443, 17.505593150836255, 0.0, 0.0, 1.0 
49.83999432749615, 58.710193891563904, 0.0, 0.0, 1.0 
2.400995387220809, 1.7829645353230081, 0.0, 0.0, 1 
0.5698781572370971, 29.945627489885368, 0.0, 0.0, 1 
36.58805149112032, 49.78392615381838, 0.0, 0.0, 1.0 
19.555108982643198, 57.42371154335878, 0.0, 0.0, 1.0 
35.68996243376477, 10.536428373947388, 0.0, 0.0, 1.0 
7.9148082872414856, 32.98651551706524, 0.0, 0.0, 1.0 
13.038657820423149, 40.800762752553744, 0.0, 0.0, 1.0 
47.76234676861358, 21.011927399687767, 0.0, 0.0, 1.0 
26.021962212975893, 48.548385010810776, 0.0, 3.2638308440378365, 1.1 
44.149392255816856, 16.993880921269206, 0.0, 0.0, 1 
49.22736101442526, 10.582783916433803, 0.0, 0.0, 1.0 
60.37108819863879, 42.30087340503511, 0.0, 0.0, 1 
28.975031026931244, 59.40124776518532, 0.0, 0.0, 1.0 
27.811723682635176, 33.1109635652129, 0.0, 0.0, 1 
10.53106817446093, 43.308906871253406, 0.0, 0.0, 1 
1.0498253635185404, 49.570620749265466, 0.0, 0.0, 1.0 
43.04600488997274, 9.756287693607494, 0.0, 0.0, 1 
53.928688369113495, 21.86864632521094, 0.0, 0.0, 1.0 
35.82504474427019, 24.760755608071783, 0.0, 0.0, 1 
2.5766815918370094, 30.210301053297425, 0.0, 0.0, 1.0 
21.553328120455962, 56.87434191470781, 0.0, 0.0, 1.0 
28.627327359555544, 7.951153347152853, 0.0, 2.7090930460985057, 1.2000000000000002 
6.751354283092037, 36.918462510516626, 0.0, 0.0, 1.0 
33.5542993533873, 42.24030420954476, 0.0, 0.0, 1.0 
27.146534927392597, 42.58044856103927, 0.0, 0.0, 1.0 
29.09914881076465, 42.01124144963969, 0.0, 0.0, 1.0 
1.3929701408317245, 17.587602924182093, 0.0, 0.0, 1.0 
36.143417483997375, 7.036405066574166, 0.0, 0.0, 1.0 
49.06512983261259, 19.37148564307562, 0.0, 0.0, 1 
32.55493177825434, 3.0181456152998023, 0.0, 0.0, 1.0 
23.61504475915724, 28.79650853365118, 0.0, 0.0, 1 
2.4017867226943763, 24.857073266271673, 0.0, 0.0, 1.0 
50.21577072452038, 40.96507018241485, 0.0, 0.0, 1 
46.17954418579897, 40.37751470645649, 0.0, 0.0, 1.0 
0.29611639153824726, 24.54839985840186, 0.0, 0.0, 1.0 
50.36811778443574, 55.21666098195871, 0.0, 0.0, 1 
51.84063847535538, 21.576828685849563, 0.0, 0.0, 1.0 
6.350008547522352, 11.275115345269581, 0.0, 0.0, 1.0 
23.946745922286187, 1.2832000019829526, 0.0, 0.0, 1.0 
40.02990677899694, 16.423816225989594, 0.0, 0.0, 1.0 
38.68322331443929, 26.853885342038836, 0.0, 0.0, 1.0 
26.56172620756777, 57.35468357987073, 0.0, 0.0, 1.0 
10.634547796658795, 2.9636856840450494, 0.0, 0.0, 1.0 
53.32216863123101, 48.49222428634851, 0.0, 0.0, 1 
18.78459063631288, 46.64415860560432, 0.0, 0.0, 1.0 
13.629227557707093, 58.94310844468791, 0.0, 0.0, 1 
45.12003619217279, 33.081230786978864, 0.0, 0.0, 1 
51.31978485569477, 48.21500878613326, 0.0, 0.0, 1 
17.470817978797037, 37.76252663297327, 0.0, 0.0, 1.0 
17.803841721722044, 10.234612808342469, 0.0, 0.0, 1.0 
43.5567951596569, 29.298006879156016, 0.0, 0.0, 1 
10.71854915723854, 35.904323935170865, 0.0, 0.0, 1 
18.51937805943154, 0.9051420093334632, 0.0, 0.0, 1.0 
41.38183069356292, 37.977587885226164, 0.0, 0.0, 1 
7.60361276197175, 18.495955696277868, 0.0, 0.0, 1.0 
25.889771311749097, 0.7727288308002208, 0.0, 0.0, 1.0 
13.894867596929263, 23.954978607071453, 0.0, 0.0, 1.0 
41.65117791989443, 20.192062871435592, 0.0, 0.0, 1.0 
27.181553955093317, 50.21672410314529, 0.0, 0.0, 1.0 
48.36830655003217, 31.773893451449002, 0.0, 0.0, 1 
52.43024462783761, 32.291334492895956, 0.0, 0.0, 1.0 
20.221298815356803, 27.812584825745564, 0.0, 0.0, 1 
51.39680510695376, 25.01799802617762, 0.0, 0.0, 1.0 
9.974056641054359, 45.25065723665784, 0.0, 0.0, 1.0 
6.766845792805448, 57.04616857640096, 0.0, 0.0, 1.0 
30.836877273538782, 31.170614793058636, 0.0, 0.0, 1.0 
26.223010888349545, 26.343477563894908, 0.0, 0.0, 1.0 
10.204317818700947, 58.00434934838198, 0.0, 0.0, 1.0 
34.498884983016914, 49.453292560002275, 0.0, 0.0, 1.0 
23.318899020587025, 23.424299151911693, 0.0, 0.0, 1.0 
15.625235662039756, 58.45473329890146, 0.0, 0.0, 1 
30.51456488355102, 25.795654063027577, 0.0, 0.0, 1.0 
55.18170939332463, 34.48072339752284, 0.0, 0.0, 1 
2.2784934381243884, 10.667228500156423, 0.0, 0.0, 1.0 
40.66272933439617, 50.325589161825896, 0.0, 0.0, 1.0 
0.6250278511909698, 53.056726859449384, 0.0, 0.0, 1.0 
34.32493152161639, 58.38319452960215, 0.0, 0.0, 1.0 
22.27465456622544, 40.15513098977717, 0.0, 0.0, 1.0 
55.51885571842931, 39.94120035169985, 0.0, 0.0, 1 
24.088222066028468, 54.28818358438809, 0.0, 0.0, 1.0 
6.911373362947575, 49.717418733596695, 0.0, 0.0, 1.0 
17.530756686957137, 17.60742151708077, 0.0, 0.0, 1 
60.06271572655287, 22.644500172270806, 0.0, 0.0, 1.0 
44.25259983492527, 54.39599897390131, 0.0, 0.0, 1.0 
19.208727010607987, 11.676664129111517, 0.0, 0.0, 1.0 
39.54422990279487, 28.76142432423653, 0.0, 0.0, 1 
17.71950101949893, 30.298077706495334, 0.0, 0.0, 1 
43.184095676024214, 47.11832790909814, 0.0, 0.0, 1 
58.8252503021845, 38.5307456431475, 0.0, 0.0, 1 
42.4020549809221, 45.23625448976404, 0.0, 0.0, 1.0 
49.059347166024565, 56.77383705503222, 0.0, 0.0, 1.0 
50.41038206638339, 32.057732365127144, 0.0, 0.0, 1.0 
54.69216442193416, 0.673100403385004, 0.0, 0.0, 1.0 
35.59817701663502, 42.491902377726795, 0.0, 0.0, 1.0 
44.71860848337053, 50.87757979626414, 0.0, 0.0, 1 
45.42189922452979, 15.333562270802462, 0.0, 0.0, 1 
15.093113634786075, 60.43328595983867, 0.0, 0.0, 1.0 
14.896714399830792, 7.342525432300466, 0.0, 0.0, 1.0 
55.827499860645155, 45.2845670681949, 0.0, 0.0, 1 
30.11129766318891, 38.164205464206916, 0.0, 0.0, 1.0 
29.960975735663997, 52.410710070589055, 0.0, 0.0, 1.0 
46.38364073057569, 8.413255118532707, 0.0, 0.0, 1.0 
57.38700718580671, 11.719303368700126, 0.0, 0.0, 1.0 
9.783715791452916, 52.63472359776019, 0.0, 0.0, 1.0 
57.956948683810666, 22.385510368816856, 0.0, 0.0, 1.0 
15.447559505076445, 5.376207482854201, 0.0, 0.0, 1.0 
37.391254832642886, 5.422416217396799, 0.0, 0.0, 1.0 
8.734812053301125, 36.40713608807328, 0.0, 0.0, 1 
43.98243294146645, 49.0240480664254, 0.0, 0.0, 1 
9.818425823371806, 12.322517607365185, 0.0, 0.0, 1.0 
26.484113473809362, 53.759889658470314, 0.0, 0.0, 1.0 
12.338635708268638, 29.928412363750972, 0.0, 0.0, 1.0 
33.79801915812471, 1.4092304722950044, 0.0, 0.0, 1.0 
39.4512608006265, 5.678391411129376, 0.0, 0.0, 1.0 
32.760483923227376, 54.57824626419733, 0.0, 0.0, 1.0 
46.81155388748189, 27.966248281494813, 0.0, 0.0, 1 
57.89235578260242, 45.54138101761992, 0.0, 0.0, 1 
45.27505337397744, 1.1730934486176035, 0.0, 0.0, 1.0 
27.637005945545656, 15.016150859717742, 0.0, 2.366497356072219, 1.1 
8.576131325626582, 43.81255602965726, 0.0, 0.0, 1 
14.281992303792972, 49.610960737871224, 0.0, 0.0, 1 
14.004394435530022, 3.9223344661599824, 0.0, 0.0, 1.0 
52.192789396660096, 3.8908775721389257, 0.0, 0.0, 1.0 
43.67932244963188, 43.6223424425731, 0.0, 0.0, 1 
39.273529844313714, 14.559467604865453, 0.0, 0.0, 1.0 
37.10832193545101, 0.05227753030931378, 0.0, 0.0, 1.0 
46.47814881805167, 45.79653691215913, 0.0, 0.0, 1 
2.877605390329211, 21.35720872356578, 0.0, 0.0, 1.0 
42.11976099080277, 39.86394239787426, 0.0, 0.0, 1 
