position_x,position_y,position_z,orientation,aspect_ratio
33.00135489894126, 18.683567691335007, 0.0, 0.0, 1.0 
3.055868236219556, 44.44010406259196, 0.0, 0.0, 1.0 
21.146500874378034, 51.91056513905874, 0.0, 0.0, 1.0 
24.90859156958103, 32.100903045949146, 0.0, 0.0, 1.0 
47.47380466025022, 8.207500250548172, 0.0, 0.0, 1.0 
41.799885015804016, 44.27047006648924, 0.0, 0.0, 1.0 
8.248538210214482, 1.3177354800687513, 0.0, 0.0, 1.0 
42.6542483112514, 38.92799048198123, 0.0, 0.0, 1.0 
29.91553633311429, 4.96183298120391, 0.0, 0.0, 1.0 
44.96619238348467, 45.838693563265146, 0.0, 0.0, 1.0 
21.97147626330292, 21.599587696444118, 0.0, 0.0, 1 
44.604091757074634, 22.79360196749796, 0.0, 0.0, 1 
7.106514580403353, 28.125627707618616, 0.0, 0.0, 1.0 
47.21874510786117, 17.185434161073374, 0.0, 0.0, 1.0 
53.831345019450275, 55.81476108050545, 0.0, 0.0, 1.0 
24.584322805515598, 16.03107919590494, 0.0, 0.0, 1.0 
10.803341851331444, 52.72438031300855, 0.0, 0.0, 1.0 
32.51325966193848, 36.93014960095902, 0.0, 0.0, 1.0 
25.209612695674252, 48.21118553133944, 0.0, 0.0, 1.0 
9.728010643808922, 22.591912101820363, 0.0, 0.0, 1.0 
58.40267499792139, 2.108909217115425, 0.0, 0.0, 1.0 
19.073492113718288, 52.07585563290452, 0.0, 0.0, 1.0 
50.149980106556924, 15.207716412257588, 0.0, 0.0, 1.0 
11.440843808735776, 2.8513698150054543, 0.0, 0.0, 1.0 
55.674014008052644, 7.600301763934689, 0.0, 0.0, 1.0 
9.061067838026863, 40.47124549852113, 0.0, 0.0, 1.0 
12.09302194506314, 13.456098083512847, 0.0, 0.0, 1.0 
45.77332679678918, 40.477087818754406, 0.0, 0.0, 1.0 
60.276015337279475, 26.89214790085361, 0.0, 0.0, 1.0 
19.83487244123601, 46.796115295056325, 0.0, 0.0, 1.0 
8.656036241704287, 8.387537685321893, 0.0, 0.0, 1.0 
26.950173031980796, 31.92360734352718, 0.0, 0.0, 1.0 
32.94680126711775, 40.66012909536293, 0.0, 0.008601676601506873, 1.1 
54.64345200812588, 34.47425257110534, 0.0, 0.0, 1.0 
25.85916759857813, 5.2820475926059025, 0.0, 0.0, 1 
53.1438925859146, 0.6905676044297124, 0.0, 0.0, 1.0 
0.0071971693443791465, 1.9482408892859047, 0.0, 0.0, 1.0 
36.459781825530015, 23.620609872234784, 0.0, 0.0, 1.0 
17.94382720721022, 50.418559372423054, 0.0, 0.0, 1.0 
57.758851025521764, 51.98248262673307, 0.0, 0.0, 1.0 
43.56119596633746, 37.09719281796324, 0.0, 0.0, 1.0 
2.150530885400228, 30.2853110741174, 0.0, 0.0, 1.0 
18.20685315538815, 25.49309818102012, 0.0, 0.0, 1.0 
44.562505680412634, 10.25443570027882, 0.0, 0.0, 1.0 
5.300619068175085, 31.87200543189077, 0.0, 0.0, 1.0 
1.4091157479882848, 7.129567423876288, 0.0, 0.0, 1.0 
47.06293374478157, 45.72464815277783, 0.0, 0.0, 1.0 
53.44072277961608, 48.75129791202261, 0.0, 0.0, 1.0 
38.3869093258338, 35.809754125380515, 0.0, 0.0, 1 
54.05013729024543, 59.33731886494159, 0.0, 0.0, 1.0 
12.55008818489666, 4.545962566744841, 0.0, 0.0, 1.0 
9.972751224543106, 38.622765948538394, 0.0, 0.0, 1.0 
51.20836764958843, 45.38153221085418, 0.0, 0.0, 1.0 
25.457936367078357, 55.214342262198414, 0.0, 0.0, 1.0 
17.01756108851944, 52.24302481454269, 0.0, 0.0, 1.0 
23.689903626843844, 17.856526390028915, 0.0, 0.0, 1.0 
24.79656832396974, 3.5714581961090945, 0.0, 0.0, 1 
29.222325182172284, 22.67941214087657, 0.0, 0.0, 1.0 
15.898964967180943, 34.61288310834419, 0.0, 0.0, 1.0 
30.87338411837876, 40.693941100569575, 0.0, 0.0, 1.0 
55.440457492889536, 4.094347266034748, 0.0, 0.0, 1.0 
13.38348139854148, 43.696577870130064, 0.0, 0.0, 1.0 
21.15457171884775, 10.962227107336636, 0.0, 0.0, 1.0 
43.19540664630381, 52.93911229744643, 0.0, 0.0, 1.0 
2.3669230274600555, 49.80612296116572, 0.0, 0.0, 1.0 
16.16958298697446, 13.198966971431647, 0.0, 0.0, 1.0 
7.817630691499143, 54.689992636460815, 0.0, 0.0, 1.0 
10.093726577435005, 58.06753667998094, 0.0, 0.0, 1.0 
27.69997760104911, 55.18512195955471, 0.0, 0.0, 1.0 
58.235545615691, 27.074087086268797, 0.0, 0.0, 1.0 
3.9180323417505427, 26.597806861865212, 0.0, 0.0, 1.0 
11.513176307253206, 47.366687766875444, 0.0, 0.0, 1.0 
55.04007557658122, 25.526158779054285, 0.0, 0.0, 1 
49.24596935299215, 4.515239315844179, 0.0, 0.0, 1.0 
32.18199538996462, 8.17160269646059, 0.0, 0.0, 1.0 
19.345807508053987, 39.73240030431274, 0.0, 0.0, 1.0 
19.274677039294627, 55.57547944630284, 0.0, 0.0, 1.0 
2.311097038359049, 5.337845960859725, 0.0, 0.0, 1.0 
34.15832032211337, 7.947718057903285, 0.0, 0.0, 1.0 
8.114439472269051, 42.291007094420905, 0.0, 0.0, 1.0 
55.358703172248404, 16.517742836412506, 0.0, 0.0, 1.0 
46.89004726296315, 1.095549594357865, 0.0, 0.0, 1.0 
46.64522891648159, 22.604511797142667, 0.0, 0.0, 1.0 
9.465227640458876, 19.068055662317764, 0.0, 0.0, 1 
30.1517995173298, 33.470476630055785, 0.0, 0.0, 1.0 
23.778036709956414, 30.4423804984843, 0.0, 0.0, 1.0 
3.2620730813160876, 47.954366797478066, 0.0, 0.0, 1.0 
45.611621467955466, 36.937433524147785, 0.0, 0.0, 1.0 
17.53451572723018, 43.38370887154107, 0.0, 0.0, 1.0 
30.669623144081296, 27.84869967083862, 0.0, 0.0, 1.0 
38.95244964033711, 5.282316712118363, 0.0, 0.0, 1.0 
34.72197980206465, 27.36608449138298, 0.0, 0.0, 1 
32.41497828879169, 11.671649871915854, 0.0, 0.0, 1.0 
1.8372886954075036, 58.69850715536569, 0.0, 0.0, 1.0 
54.98128307494839, 57.44881569934865, 0.0, 0.0, 1.0 
36.23139320830521, 58.59938345704091, 0.0, 0.0, 1.0 
38.128688415963516, 7.1517817926703415, 0.0, 0.0, 1.0 
11.217109931289857, 15.329025486777613, 0.0, 0.0, 1.0 
31.570650782528627, 13.49797437707795, 0.0, 0.0, 1.0 
38.62094157564392, 46.03086097499035, 0.0, 0.0, 1.0 
4.159857532279282, 30.158038121010826, 0.0, 0.0, 1.0 
22.280915179640814, 37.71406472599907, 0.0, 0.0, 1.0 
0.10075384823152381, 30.455031151590266, 0.0, 0.0, 1.0 
40.57951048547393, 39.098945864414645, 0.0, 0.0, 1.0 
21.455732114743267, 58.984009953531746, 0.0, 0.0, 1.0 
0.43838196840544447, 21.499302701665812, 0.0, 0.0, 1 
26.333947199647785, 24.782049530693616, 0.0, 0.0, 1.0 
60.298956277722574, 42.920628116722476, 0.0, 0.0, 1.0 
28.441607105544218, 49.8510046398889, 0.0, 0.0, 1.0 
42.24292327752528, 54.752038256202404, 0.0, 0.0, 1.0 
3.7298804816778137, 55.027625904762445, 0.0, 0.0, 1.0 
43.41189019072646, 56.46335662909815, 0.0, 0.0, 1.0 
14.963674574075096, 36.47513690427085, 0.0, 0.0, 1.0 
3.092116368080417, 15.946525315164859, 0.0, 0.0, 1.0 
41.654488522948434, 40.76304981911016, 0.0, 0.0, 1.0 
28.84097552872504, 3.3224222286604514, 0.0, 0.0, 1.0 
25.844065827326354, 42.84184267990023, 0.0, 0.0, 1.0 
17.386739620193712, 59.253573007506716, 0.0, 0.0, 1.0 
57.40887428507092, 16.397191087304513, 0.0, 0.0, 1.0 
16.62963439962677, 4.2172761218441845, 0.0, 0.0, 1.0 
43.357135741789286, 33.588790516249176, 0.0, 0.0, 1.0 
55.45203812536171, 48.58819096128731, 0.0, 0.0, 1.0 
38.64214152436613, 42.69612599004806, 0.0, 0.0, 1.0 
10.574349629086315, 33.243075506115, 0.0, 0.0, 1.0 
12.468688124196781, 45.512910806401585, 0.0, 0.0, 1.0 
60.00284278154789, 23.359723489881848, 0.0, 0.0, 1 
16.076258920930094, 54.08565041087465, 0.0, 0.0, 1.0 
33.50499083222757, 47.909975466237334, 0.0, 0.0, 1.0 
25.193756773743296, 10.6090332115801, 0.0, 0.0, 1.0 
57.722494307277785, 7.500071950147122, 0.0, 0.0, 1.0 
57.556752878843604, 48.43268276025679, 0.0, 0.0, 1.0 
37.287084016420536, 9.019971374328595, 0.0, 0.0, 1.0 
40.98796328870769, 49.50045638311651, 0.0, 0.35864091240903945, 1.1 
35.288346034728974, 34.35242575362616, 0.0, 0.0, 1.0 
28.7484762406454, 60.294017311906934, 0.0, 0.0, 1.0 
47.94761853712955, 43.830598638590146, 0.0, 0.0, 1.0 
37.73045277930888, 3.5088303260202856, 0.0, 3.796178553829893, 1.1 
20.526686000482016, 16.39594833039161, 0.0, 0.0, 1.0 
59.09713846900964, 57.18792870310983, 0.0, 0.0, 1.0 
11.105418215335476, 40.272681584506394, 0.0, 0.0, 1.0 
35.77702023079373, 51.448677188615314, 0.0, 0.0, 1.0 
27.79109154356014, 1.659574110757382, 0.0, 0.0, 1.0 
43.14842619106939, 30.049699949904756, 0.0, 0.0, 1.0 
30.076040341137865, 8.43283435328349, 0.0, 0.0, 1.0 
20.70157151609138, 3.907944405358468, 0.0, 0.0, 1.0 
6.075073796143754, 42.456646720419755, 0.0, 0.0, 1.0 
37.93975532313022, 28.78221967088909, 0.0, 0.0, 1.0 
9.685451027131025, 51.03428385964733, 0.0, 0.0, 1.0 
16.820249180799223, 7.749753643295604, 0.0, 0.0, 1.0 
13.797450327287553, 34.786614910999454, 0.0, 0.0, 1 
42.0829496747187, 51.268844164263484, 0.0, 0.0, 1.0 
43.756629378805606, 40.60042205488071, 0.0, 0.0, 1.0 
48.661650356784655, 22.464088933035946, 0.0, 0.0, 1 
12.769633384334307, 8.100803419225446, 0.0, 0.0, 1.0 
18.488633523133426, 29.075308164566895, 0.0, 0.0, 1 
59.721443134170414, 19.801053663074338, 0.0, 0.0, 1 
42.53016311563252, 10.419056770416818, 0.0, 0.0, 1.0 
47.6028986974292, 56.24733275047394, 0.0, 0.0, 1.0 
56.77343282651951, 21.773305912076566, 0.0, 0.0, 1.0 
3.9131951356563404, 58.51921815655561, 0.0, 0.0, 1.0 
31.846441864173432, 55.1258888815862, 0.0, 0.0, 1.0 
50.11469361770278, 27.69603205930981, 0.0, 0.0, 1.0 
18.46901874954251, 41.525421714104304, 0.0, 0.0, 1.0 
30.3742660997371, 24.324599321516736, 0.0, 0.0, 1.0 
16.79385821764985, 48.71174558775211, 0.0, 0.0, 1.0 
20.8318997224858, 32.45522934060559, 0.0, 0.0, 1.0 
56.24777555628703, 43.23066999420224, 0.0, 0.0, 1.0 
53.61893000766622, 52.32755384019167, 0.0, 0.0, 1.0 
23.654672850071908, 1.9134145597700063, 0.0, 0.0, 1.0 
4.2523612324581626, 17.6165379727389, 0.0, 0.0, 1.0 
50.442768706880706, 50.74130956719341, 0.0, 0.0, 1.0 
11.717449746158234, 50.865535461927365, 0.0, 0.0, 1.0 
50.81342324546791, 57.731808140210276, 0.0, 0.0, 1.0 
58.992680832081035, 37.68003427234709, 0.0, 0.0, 1.0 
7.450986018859844, 19.21878836961125, 0.0, 0.0, 1.0 
55.570956219474915, 32.62052032667798, 0.0, 0.0, 1.0 
3.227994171264413, 3.472967957654323, 0.0, 0.0, 1.0 
27.504004419627087, 51.642974997502996, 0.0, 0.0, 1.0 
49.851625966345814, 40.16141314889026, 0.0, 0.0, 1.0 
14.999815670475735, 23.979512461806426, 0.0, 0.0, 1.0 
32.12458786478547, 33.000928713151794, 0.0, 0.0, 1 
12.324943036569461, 0.9965467656939819, 0.0, 0.0, 1.0 
29.135577875244866, 44.413561005435014, 0.0, 0.0, 1.0 
42.01480490880099, 15.901858938622501, 0.0, 0.0, 1.0 
55.07144919835963, 12.991233251403292, 0.0, 0.0, 1 
55.639458066899586, 20.11298066505104, 0.0, 0.0, 1.0 
39.97953525223879, 51.292576443348985, 0.0, 0.0, 1.0 
1.1188110983014141, 3.6405868117665245, 0.0, 0.0, 1.0 
21.32071466503288, 55.46526568616252, 0.0, 0.0, 1.0 
40.864827084192704, 46.041960869439876, 0.0, 0.0, 1.0 
23.12413237611991, 23.29906228705583, 0.0, 0.0, 1 
54.73834514120511, 53.953807322735884, 0.0, 0.0, 1.0 
9.81886381176671, 10.108638401520603, 0.0, 0.0, 1.0 
59.885899565058956, 35.83149274982884, 0.0, 0.0, 1.0 
19.36819189028888, 27.18138161576127, 0.0, 0.0, 1.0 
53.52838910251349, 32.78521337873498, 0.0, 0.0, 1.0 
39.06450065438202, 30.443239585999013, 0.0, 0.0, 1.0 
38.20050743776836, 32.251795170641124, 0.0, 0.0, 1.0 
17.34599863847583, 27.412752798517214, 0.0, 0.0, 1.0 
14.592368532745361, 4.379761826909411, 0.0, 0.0, 1 
13.80822195289153, 22.275553071702785, 0.0, 0.0, 1.0 
39.82431554241796, 47.78969220523972, 0.0, 0.33380870166055415, 1.1 
56.418690165414304, 46.751520332745564, 0.0, 0.0, 1.0 
7.190394754100618, 44.11903574089687, 0.0, 0.0, 1.0 
29.48741080043141, 13.776769629285187, 0.0, 0.0, 1.0 
6.668268432178624, 8.51805035778918, 0.0, 0.0, 1.0 
10.322132725532603, 29.69809364189734, 0.0, 0.0, 1.0 
19.034021775679623, 23.645532243705954, 0.0, 0.0, 1.0 
29.795277099543217, 17.28072195487368, 0.0, 0.0, 1.0 
26.008369533286793, 21.23210718328205, 0.0, 0.0, 1 
5.7436430499609115, 54.86384423284945, 0.0, 0.0, 1.0 
40.67764373350422, 1.556257581778642, 0.0, 0.0, 1.0 
41.96843759695249, 28.376473841909437, 0.0, 0.0, 1.0 
52.79531654512301, 38.16482000545689, 0.0, 0.0, 1.0 
55.68266018689708, 52.10335718862883, 0.0, 0.0, 1.0 
22.566488463115036, 0.2508625813679171, 0.0, 0.0, 1.0 
33.91674077414861, 55.09971219277526, 0.0, 0.0, 1.0 
40.54541041421986, 23.173207398102488, 0.0, 0.0, 1 
14.178722878443017, 57.74248193994872, 0.0, 0.0, 1.0 
41.143487804095074, 17.746792867409084, 0.0, 0.0, 1.0 
6.735537256419341, 37.06154885651639, 0.0, 0.0, 1.0 
1.242078988314387, 32.1578536582344, 0.0, 0.0, 1.0 
41.66471836347629, 12.315541597166968, 0.0, 0.0, 1.0 
20.537493825385837, 0.377128163993616, 0.0, 0.0, 1 
30.904911125471347, 3.1459075254365705, 0.0, 0.0, 1.0 
22.27443298425589, 12.6666871650613, 0.0, 0.0, 1.0 
50.782065719625216, 38.31347421822661, 0.0, 0.0, 1.0 
34.45181144269909, 11.44041263280897, 0.0, 0.0, 1 
29.287330057774092, 35.36122853232022, 0.0, 0.0, 1.0 
38.60642380277678, 1.6970152443900104, 0.0, 0.0, 1.0 
50.9945142549677, 13.293204317132139, 0.0, 0.0, 1 
11.886234639248027, 9.8940712882664, 0.0, 0.0, 1.0 
36.74276648434931, 14.710400619734719, 0.0, 0.0, 1.0 
14.004740983330276, 54.242712206458144, 0.0, 0.0, 1.0 
47.21108142657238, 29.700403911050422, 0.0, 0.0, 1.0 
29.634836102228377, 38.94817308397564, 0.0, 0.0, 1.0 
35.04978834468762, 40.67575459477372, 0.0, 0.9996108126000117, 1.2000000000000002 
46.674512792263606, 58.03200176081107, 0.0, 0.0, 1.0 
58.25553305066306, 43.07547161368827, 0.0, 0.0, 1.0 
59.58353079546415, 48.311329706109404, 0.0, 0.0, 1.0 
4.534711872147415, 21.17020688720572, 0.0, 0.0, 1 
1.5758183531965775, 23.226971378334074, 0.0, 0.0, 1.0 
28.449951243040086, 37.24053931670258, 0.0, 0.0, 1.0 
40.87340088763881, 26.700019381927085, 0.0, 0.0, 1.0 
45.78425829011237, 24.48972395827183, 0.0, 0.0, 1 
30.941781311660424, 31.3770526163273, 0.0, 0.0, 1.0 
48.76788752356723, 57.88396045905662, 0.0, 0.0, 1.0 
26.044091148828826, 8.797768557912326, 0.0, 0.0, 1.0 
7.998985501148024, 26.300027218899356, 0.0, 0.0, 1 
33.042355619006806, 6.359790352734785, 0.0, 0.0, 1.0 
44.00440941075443, 28.207674419175767, 0.0, 0.0, 1.0 
56.54963835375159, 5.751544881659396, 0.0, 0.0, 1.0 
34.13560003327782, 20.365765071523384, 0.0, 0.0, 1.0 
11.777586763560539, 34.920170342165505, 0.0, 0.0, 1.0 
10.949098894450369, 11.806954282069432, 0.0, 0.0, 1.0 
28.97216989834319, 31.76344100024943, 0.0, 0.0, 1.0 
33.69180737592767, 38.76797144802454, 0.0, 0.0, 1.0 
42.18597956493086, 6.854455813071834, 0.0, 0.0, 1.0 
41.33498185535002, 33.73974889767343, 0.0, 0.0, 1.0 
52.13638156799553, 27.54915206098273, 0.0, 0.0, 1.0 
42.85051112317569, 13.990976287395437, 0.0, 0.0, 1.0 
9.852243829321411, 54.544812927776825, 0.0, 0.0, 1.0 
48.64026390766224, 9.916106940764509, 0.0, 0.0, 1.0 
36.44161641532838, 11.177912496685282, 0.0, 0.0, 1.0 
39.953595297435164, 28.583213009488794, 0.0, 0.0, 1.0 
31.331531078817573, 35.19315972508131, 0.0, 0.0, 1.0 
48.07611953609822, 2.8316612850092664, 0.0, 0.0, 1.0 
14.411881049825281, 16.88597561819736, 0.0, 0.0, 1.0 
51.26704569996694, 29.367778278500747, 0.0, 0.0, 1.0 
56.210786759937015, 14.73129507868325, 0.0, 0.0, 1.0 
2.3859139771780145, 33.86275206096882, 0.0, 0.0, 1.0 
25.710038105289314, 1.7748746220285785, 0.0, 0.0, 1 
24.341861109478717, 53.52847726164073, 0.0, 0.0, 1.0 
42.71424271354142, 1.4079152622243651, 0.0, 0.0, 1.0 
8.526642664473655, 49.3382752016268, 0.0, 0.0, 1.0 
5.554549580431176, 51.344632800260634, 0.0, 0.0, 1.0 
15.714669929479003, 6.085596098151611, 0.0, 0.0, 1.0 
50.95737053997209, 25.848222122260722, 0.0, 0.0, 1.0 
41.96776458089508, 47.80122976415951, 0.0, 0.0, 1.0 
24.6525365987538, 41.11528913711334, 0.0, 0.0, 1.0 
41.71451680642291, 24.8495194270282, 0.0, 0.0, 1 
27.77630369451198, 17.487357663889885, 0.0, 0.0, 1 
51.04314179116516, 0.8385366232290886, 0.0, 0.0, 1.0 
60.218677527465644, 58.851494082496, 0.0, 0.0, 1.0 
11.634427340671955, 6.40836072511969, 0.0, 0.0, 1 
8.344377907649564, 45.835756977403356, 0.0, 0.0, 1.0 
50.642207136792045, 54.267110821278735, 0.0, 0.0, 1.0 
26.593319885644735, 15.840854835844615, 0.0, 0.0, 1.0 
12.045564595195449, 26.015662237282285, 0.0, 0.0, 1.0 
35.616221909593186, 47.93586394860468, 0.0, 0.0, 1.0 
34.49018842825279, 46.12577353022223, 0.0, 0.0, 1.0 
24.92641217587902, 7.116365808877063, 0.0, 0.0, 1.0 
9.188100287710917, 15.492850054399758, 0.0, 0.0, 1.0 
24.29477712821206, 12.503981383432453, 0.0, 0.0, 1.0 
19.666481247618023, 30.778764262799495, 0.0, 0.0, 1.0 
31.442748209434665, 47.956104533183066, 0.0, 0.0, 1.0 
30.060431195608516, 20.78677172101336, 0.0, 0.0, 1.0 
28.209169741660524, 46.26908450978106, 0.0, 0.0, 1.0 
47.78502684712855, 11.811582490546291, 0.0, 0.0, 1.0 
4.185356870940676, 46.13162822271882, 0.0, 0.0, 1.0 
7.324196065960235, 3.1362935300851285, 0.0, 0.0, 1.0 
49.22736204312023, 29.536714942324178, 0.0, 0.0, 1.0 
38.20349494460461, 19.85376551393849, 0.0, 0.0, 1.0 
26.980680337954986, 6.949157757559668, 0.0, 0.0, 1 
39.31129948154199, 8.932752863922326, 0.0, 0.0, 1.0 
48.94143679899932, 13.459347050242611, 0.0, 0.0, 1.0 
27.038140255763764, 44.53589330171841, 0.0, 0.0, 1.0 
40.27423498067154, 19.61833027659786, 0.0, 0.0, 1.0 
20.756819093305776, 44.93381450425418, 0.0, 0.0, 1.0 
7.989582675085412, 58.22306668166414, 0.0, 0.0, 1.0 
30.888161822382056, 56.93013370974339, 0.0, 0.0, 1.0 
20.21203239052376, 12.853945599557914, 0.0, 0.0, 1.0 
51.5538575337319, 20.422107238579713, 0.0, 0.0, 1.0 
24.077607777586884, 8.926054940821958, 0.0, 0.0, 1.0 
6.485528403934026, 49.53946283967166, 0.0, 0.0, 1.0 
54.330988147153704, 46.92067370576324, 0.0, 0.0, 1.0 
27.90819985177874, 42.704707116098554, 0.0, 0.0, 1.0 
34.859349776586924, 53.22289247056163, 0.0, 0.0, 1.0 
57.982112423505775, 11.041220404493579, 0.0, 0.0, 1.0 
33.582553758424375, 25.733641513428427, 0.0, 0.0, 1.0 
18.203100772223248, 38.028555791100466, 0.0, 0.0, 1.0 
28.311399181210582, 24.568484561917863, 0.0, 0.0, 1.0 
56.59597992495498, 50.288607482521385, 0.0, 0.0, 1.0 
20.01329426123789, 50.28413476149912, 0.0, 0.0, 1.0 
32.12701846111103, 20.539333297532735, 0.0, 0.0, 1 
35.91833532229604, 16.58901012079679, 0.0, 0.0, 1.0 
59.80419013557078, 51.837135764500225, 0.0, 0.0, 1.0 
5.612162397111459, 35.37645994366349, 0.0, 0.0, 1.0 
9.149596005137807, 27.984739773271393, 0.0, 0.0, 1.0 
21.395913811169873, 27.05431224947532, 0.0, 0.0, 1.0 
53.89933511096632, 11.29535176523829, 0.0, 0.0, 1.0 
8.564770675147761, 33.393239324380026, 0.0, 0.0, 1.0 
49.67738700529776, 36.64482166229072, 0.0, 0.0, 1.0 
23.184275215817042, 35.85647048103605, 0.0, 0.0, 1.0 
51.876602307243715, 23.959349691143203, 0.0, 0.0, 1.0 
14.147352817508292, 13.339072191882508, 0.0, 0.0, 1.0 
5.071506540320339, 28.250787978277167, 0.0, 0.0, 1.0 
26.11882413613173, 33.837536825473315, 0.0, 0.0, 1.0 
21.69473863905621, 43.155022772788485, 0.0, 0.0, 1.0 
54.7931003310081, 21.93533856158572, 0.0, 0.0, 1.0 
41.853043897823206, 3.272644384625082, 0.0, 0.0, 1.0 
48.369949821004845, 50.874668150186515, 0.0, 0.0, 1.0 
38.32827576009976, 58.54521647015731, 0.0, 0.0, 1.0 
9.671648583680227, 35.070776214675796, 0.0, 0.0, 1 
53.94267062530068, 39.85952280359383, 0.0, 0.0, 1.0 
53.338889554756754, 16.723665314618238, 0.0, 0.0, 1.0 
6.250567572815271, 29.998702307881757, 0.0, 0.0, 1.0 
36.201983115923724, 20.096475557020135, 0.0, 0.0, 1.0 
23.543553899170437, 58.83998663379722, 0.0, 0.0, 1.0 
16.750181805742166, 20.263285882133815, 0.0, 0.0, 1 
47.83990592829485, 40.313624811902166, 0.0, 0.0, 1.0 
50.71886479968894, 22.279635470604187, 0.0, 0.0, 1.0 
22.69535727186809, 3.763072322193302, 0.0, 0.0, 1.0 
5.646903317570369, 22.89853185126493, 0.0, 0.0, 1.0 
17.305474375473377, 39.890542346064755, 0.0, 0.0, 1.0 
10.619312015099137, 20.72290612398268, 0.0, 0.0, 1.0 
20.55305774163011, 28.876637709837155, 0.0, 0.0, 1.0 
27.47324314594153, 26.42286980108391, 0.0, 0.0, 1.0 
37.60020700476579, 41.03452780135326, 0.0, 0.0, 1.0 
56.72071312262788, 34.29547159745327, 0.0, 0.0, 1.0 
57.06877222337959, 25.343112353855457, 0.0, 0.0, 1 
22.551316732872134, 28.716111908594264, 0.0, 0.0, 1 
32.959622248358905, 31.143914702015646, 0.0, 0.0, 1 
17.20696091354497, 55.73638054695517, 0.0, 0.0, 1.0 
32.38898214384671, 24.09264496400243, 0.0, 0.0, 1.0 
36.263061447238805, 42.54166297386586, 0.0, 0.0, 1.0 
44.80855206217958, 42.29138881435675, 0.0, 0.0, 1.0 
24.939177058190232, 44.6713337355845, 0.0, 0.0, 1.0 
46.298702537691874, 31.575741512471733, 0.0, 0.0, 1.0 
39.49437060097889, 37.42239339057362, 0.0, 0.0, 1.0 
23.469320830854766, 39.434062924013574, 0.0, 0.0, 1.0 
6.458471336690235, 33.551758631798364, 0.0, 0.0, 1.0 
8.599811482445908, 20.88936778922139, 0.0, 0.0, 1.0 
52.139524108037314, 15.0226959781854, 0.0, 0.0, 1.0 
22.107862718354326, 50.14209017015616, 0.0, 0.0, 1.0 
31.978374064293163, 4.790730481287866, 0.0, 0.0, 1.0 
4.345520604689167, 5.12718305999773, 0.0, 0.0, 1.0 
5.5024782911385195, 6.8577134414776575, 0.0, 0.0, 1.0 
0.7340245215373247, 56.99954113275324, 0.0, 0.0, 1.0 
28.784779224329046, 40.805319179992004, 0.0, 0.0, 1.0 
37.45683338797592, 60.37646185619263, 0.0, 0.0, 1.0 
13.07294841008291, 56.07567107126407, 0.0, 0.0, 1.0 
45.95085967889331, 43.98731204004091, 0.0, 0.0, 1.0 
38.04790930625737, 54.928845567020915, 0.0, 0.0, 1.0 
20.954549764394784, 48.42366331262585, 0.0, 0.0, 1.0 
2.5615600392247297, 8.846101692903135, 0.0, 0.0, 1 
14.830987077205064, 7.91759107035322, 0.0, 0.0, 1.0 
24.255337783175282, 24.98499094013176, 0.0, 0.0, 1 
59.131992885762045, 12.682429413360982, 0.0, 0.0, 1.0 
41.4441581000974, 21.346632271173448, 0.0, 0.0, 1.0 
10.493036577728422, 4.697136990026526, 0.0, 0.0, 1.0 
38.52987689456654, 23.395315542024356, 0.0, 0.0, 1.0 
26.353501038663666, 49.93589474829358, 0.0, 0.0, 1.0 
35.02212669727021, 18.48086498280997, 0.0, 0.0, 1.0 
40.143667428156824, 7.00852024659882, 0.0, 0.0, 1.0 
43.068774751959175, 49.469515417037414, 0.0, 0.0, 1.0 
2.887121914251855, 40.93165381714663, 0.0, 0.0, 1.0 
44.007365833888386, 15.68616673620013, 0.0, 0.0, 1.0 
59.40925701025565, 44.754782132059844, 0.0, 0.0, 1.0 
59.1903052526258, 41.24325886424141, 0.0, 0.0, 1.0 
32.71736160722927, 27.617838044542175, 0.0, 0.0, 1.0 
46.05622919116699, 28.026439651001525, 0.0, 0.0, 1.0 
14.733185377650205, 48.88155516357125, 0.0, 0.0, 1.0 
23.070714343019546, 48.322003008308066, 0.0, 0.0, 1.0 
15.892599087810321, 50.60044151076737, 0.0, 0.0, 1.0 
11.176904584845776, 27.83914785927153, 0.0, 0.0, 1.0 
19.078317002530447, 36.182035703870966, 0.0, 0.0, 1.0 
56.1999200017171, 27.210712916130635, 0.0, 0.0, 1.0 
35.693226509194396, 3.6074046443550403, 0.0, 0.0, 1.0 
22.93260840221919, 7.2456964146888865, 0.0, 0.0, 1.0 
36.78352086926476, 27.126927642489893, 0.0, 0.0, 1.0 
0.9345885857495936, 0.10560821131521085, 0.0, 0.0, 1.0 
2.083974419218078, 1.7730588621551757, 0.0, 0.0, 1.0 
25.427789303392814, 14.13347961788257, 0.0, 0.0, 1.0 
40.7189605877096, 42.53356091168522, 0.0, 0.0, 1.0 
54.792063710566, 9.467867094510202, 0.0, 0.0, 1.0 
25.498981542037146, 26.650068930009375, 0.0, 0.0, 1.0 
21.836286985154253, 5.571580224531371, 0.0, 0.0, 1.0 
43.06090669418165, 4.981416097828669, 0.0, 0.0, 1.0 
4.400973290698891, 49.67297869774073, 0.0, 0.0, 1.0 
55.190711841476066, 0.5371695849634796, 0.0, 0.0, 1.0 
42.28481643228897, 19.428240052254495, 0.0, 0.0, 1.0 
15.260595146125295, 27.54516261507293, 0.0, 0.0, 1.0 
29.571522322512998, 51.54935823519474, 0.0, 0.0, 1.0 
52.394639915604394, 31.07109964390314, 0.0, 0.0, 1.0 
7.634127819281846, 35.262802731895036, 0.0, 0.0, 1.0 
15.663434549721039, 47.09286012169807, 0.0, 0.0, 1.0 
16.10136115237607, 38.150242683074914, 0.0, 0.0, 1.0 
58.47702975202793, 30.640589534093962, 0.0, 0.0, 1.0 
2.7481491527973887, 56.896461416439024, 0.0, 0.0, 1.0 
45.132098480295355, 4.806786273497051, 0.0, 0.0, 1.0 
53.05347553024369, 13.122959305094485, 0.0, 0.0, 1.0 
26.60630884092745, 28.347407354523618, 0.0, 0.0, 1.0 
28.92344443492131, 19.147272023699667, 0.0, 0.0, 1.0 
17.02868153488667, 36.29797849428538, 0.0, 0.0, 1.0 
5.364614091566452, 47.79480897744856, 0.0, 0.0, 1.0 
17.75764261693177, 5.929315207765643, 0.0, 0.0, 1.0 
8.01619251361114, 13.790175075325624, 0.0, 0.0, 1 
54.133290621696936, 43.368916000690376, 0.0, 0.0, 1.0 
6.006176616832785, 13.900834871360845, 0.0, 0.0, 1.0 
1.4309476953185918, 51.629563129219235, 0.0, 0.0, 1.0 
27.660114494265606, 58.62468610271861, 0.0, 0.0, 1.0 
26.338335402302118, 12.281467023365645, 0.0, 0.0, 1.0 
34.44538548396583, 23.845919519888565, 0.0, 0.0, 1.0 
58.46277470861051, 46.62642053480403, 0.0, 0.0, 1.0 
1.3427520144116578, 19.630865382483616, 0.0, 0.0, 1.0 
51.711334629513516, 36.46722793865012, 0.0, 0.0, 1.0 
9.328555403616422, 2.9906291299772474, 0.0, 0.0, 1.0 
33.25335212204927, 44.291635537216905, 0.0, 0.0, 1.0 
54.416195742536196, 30.91731908417351, 0.0, 0.0, 1.0 
49.80075094891939, 11.586636719870302, 0.0, 0.0, 1.0 
51.468330414121525, 32.94111362819511, 0.0, 0.0, 1.0 
24.524658111112704, 57.02723577468142, 0.0, 0.0, 1.0 
27.889274335263735, 5.140952594187331, 0.0, 0.0, 1.0 
52.21677998703279, 2.5380024162416075, 0.0, 0.0, 1.0 
33.62964611492854, 3.64298494863934, 0.0, 0.0, 1.0 
12.672159693044776, 49.046669934950074, 0.0, 0.0, 1.0 
39.6346987753135, 12.500831640552406, 0.0, 0.0, 1.0 
44.31287983449745, 31.716972225587213, 0.0, 0.0, 1.0 
37.14794684324882, 56.76446203444263, 0.0, 0.0, 1.0 
48.571374351021056, 34.94208928928325, 0.0, 0.0, 1.0 
27.14709058711661, 22.908813456622028, 0.0, 0.0, 1 
20.00053581845401, 9.302612101054857, 0.0, 0.0, 1.0 
50.13481108556945, 2.7141519305623882, 0.0, 0.0, 1.0 
15.300318792623736, 59.44463181898561, 0.0, 0.0, 1.0 
52.75952608039848, 9.597218551007131, 0.0, 0.0, 1.0 
46.447092736287914, 54.50680598728483, 0.0, 0.0, 1.0 
15.537580302196526, 2.5011020771005437, 0.0, 0.0, 1.0 
21.049561450296668, 23.496284855439466, 0.0, 0.0, 1 
17.87246438984832, 21.938090684441818, 0.0, 0.0, 1 
11.453632518760084, 31.383072228752738, 0.0, 0.0, 1.0 
4.852301943730174, 12.230785759780858, 0.0, 0.0, 1 
5.951908513750772, 26.443817115688574, 0.0, 0.0, 1.0 
0.3148036810921256, 50.00198941133226, 0.0, 0.0, 1.0 
44.23012177880016, 6.683989402113933, 0.0, 0.0, 1.0 
2.6001543604508823, 53.3323907656767, 0.0, 0.0, 1.0 
13.596203345379575, 47.20285384416115, 0.0, 0.0, 1.0 
36.91829490322118, 53.181259596705736, 0.0, 0.0, 1.0 
43.9336512399557, 3.1167320150763653, 0.0, 0.0, 1.0 
35.361719500262055, 60.430322309744064, 0.0, 0.0, 1.0 
15.459648022083176, 43.566558063619055, 0.0, 0.0, 1.0 
54.20904459072169, 27.340475038540642, 0.0, 0.0, 1 
7.193013717173972, 15.619496388151239, 0.0, 0.0, 1.0 
9.422725165417958, 31.49595165194426, 0.0, 0.0, 1.0 
31.629032773123583, 51.51432500887728, 0.0, 0.0, 1.0 
36.74930902356926, 49.63656826268701, 0.0, 0.0, 1.0 
58.55775583004061, 18.104027711691554, 0.0, 0.0, 1.0 
25.197477726882866, 35.72365880132961, 0.0, 0.0, 1.0 
52.48554253561655, 18.54825456003295, 0.0, 0.0, 1.0 
12.102966906233949, 57.924214783656176, 0.0, 0.0, 1.0 
16.469179085467548, 29.238994442458615, 0.0, 0.0, 1.0 
23.436900657377755, 14.335483600090077, 0.0, 0.0, 1 
13.273710199772523, 59.571417172701636, 0.0, 0.0, 1.0 
26.133083033605132, 46.367221949222454, 0.0, 0.0, 1.0 
52.29611166180147, 47.082355192837554, 0.0, 0.0, 1.0 
21.5847656749094, 2.0534715475027703, 0.0, 0.0, 1.0 
10.908874864303638, 24.313074130605067, 0.0, 0.0, 1.0 
42.93600791457275, 45.91391668804536, 0.0, 0.0, 1.0 
31.240261700421865, 10.048526018511284, 0.0, 0.0, 1.0 
6.686558910944911, 53.01935371727073, 0.0, 0.0, 1.0 
41.001962518014174, 5.145133995800017, 0.0, 0.0, 1.0 
8.786835253609736, 36.89163650035033, 0.0, 0.0, 1.0 
38.450161461028785, 10.783746332124071, 0.0, 0.0, 1.0 
38.79487146495509, 14.419541491149147, 0.0, 0.0, 1.0 
0.15786816046846588, 17.934246843252932, 0.0, 0.0, 1.0 
52.90640474595003, 57.62305052712034, 0.0, 0.0, 1.0 
6.965860832995479, 40.57983642184714, 0.0, 0.0, 1.0 
29.762554610154954, 55.17753148474613, 0.0, 0.0, 1.0 
28.113623457548254, 33.645978244122375, 0.0, 0.0, 1.0 
14.38492333171049, 29.392950189119958, 0.0, 0.0, 1.0 
19.730001880395026, 5.777172543169745, 0.0, 0.0, 1.0 
8.94903561698738, 56.370153710092254, 0.0, 0.0, 1.0 
26.725648452288848, 40.980632424155104, 0.0, 0.0, 1.0 
53.27626862358391, 29.223909047252135, 0.0, 0.0, 1.0 
45.75036530221141, 59.88286962239325, 0.0, 0.0, 1.0 
57.86364340479327, 35.999576447293336, 0.0, 0.0, 1.0 
49.79864707080398, 24.140244361089362, 0.0, 0.0, 1.0 
19.10057533944697, 11.133012058987061, 0.0, 0.0, 1.0 
55.07693024407585, 41.54510011246857, 0.0, 0.0, 1.0 
56.09492095793328, 59.18653678713052, 0.0, 0.0, 1.0 
46.73861022085651, 38.62176456074079, 0.0, 0.0, 1.0 
50.360270429276206, 31.271034706855183, 0.0, 0.0, 1.0 
53.640326354107124, 7.754444109314187, 0.0, 0.0, 1.0 
32.464393667329475, 1.91928117998544, 0.0, 0.0, 1.0 
18.155492508425997, 53.94292261096886, 0.0, 0.0, 1.0 
1.637722135840606, 10.702422934949201, 0.0, 0.0, 1 
5.0177016407523425, 60.240187965803166, 0.0, 0.0, 1.0 
26.54230892512207, 56.939332033747405, 0.0, 0.0, 1.0 
20.798619396525996, 19.930324195824046, 0.0, 0.0, 1 
52.701408010393294, 54.10299690541893, 0.0, 0.0, 1.0 
33.55521308510368, 13.308060852733442, 0.0, 0.0, 1.0 
8.258953806658214, 29.84923551454827, 0.0, 0.0, 1.0 
53.010150290625695, 41.7063464472303, 0.0, 0.0, 1.0 
57.356676619681856, 28.916707512947955, 0.0, 0.0, 1.0 
39.07892984432441, 17.979842793382176, 0.0, 0.0, 1.0 
31.187390053396776, 22.443057744867044, 0.0, 0.0, 1.0 
17.306334597203747, 14.845522545645778, 0.0, 0.0, 1 
39.19466559247241, 56.69659078831262, 0.0, 0.0, 1.0 
52.11421916921058, 43.5567626224208, 0.0, 0.0, 1.0 
53.22869682900269, 45.224114249491464, 0.0, 0.0, 1.0 
22.264502143638616, 25.13719468774456, 0.0, 0.0, 1.0 
18.198829200157952, 13.043862026838061, 0.0, 0.0, 1 
8.459825683321974, 4.8348313716911875, 0.0, 0.0, 1.0 
17.751574969735067, 46.93254628566017, 0.0, 0.0, 1.0 
40.81296485703643, 14.170561284892099, 0.0, 0.0, 1.0 
49.685271520333984, 56.10343492137454, 0.0, 0.0, 1.0 
25.562666446659748, 39.26848382621835, 0.0, 0.0, 1.0 
29.227892590815166, 10.271501481057493, 0.0, 0.0, 1.0 
22.043652262467162, 34.15120107393169, 0.0, 0.0, 1.0 
9.135001642082365, 59.9208795736008, 0.0, 0.0, 1.0 
51.75240705296793, 55.965294300200114, 0.0, 0.0, 1.0 
13.89443040813496, 9.782510998818598, 0.0, 0.0, 1.0 
5.728463042723107, 10.400796417651087, 0.0, 0.0, 1.0 
46.31209167274242, 19.064228022633536, 0.0, 0.0, 1.0 
41.101158155154835, 30.21752533659631, 0.0, 0.0, 1.0 
47.24513160163476, 49.215297170162685, 0.0, 0.0, 1.0 
38.57087863497801, 39.22093808076436, 0.0, 0.0, 1.0 
32.63121363787556, 49.74751997654107, 0.0, 1.0003820416526121, 1.1 
18.286613323461584, 57.455006471670536, 0.0, 0.0, 1.0 
54.904585188595895, 38.02503606737792, 0.0, 0.0, 1.0 
18.474560737796086, 0.5310209689365702, 0.0, 0.0, 1.0 
19.619154934993347, 18.212529976659443, 0.0, 0.0, 1 
13.25538251484179, 27.696982348002223, 0.0, 0.0, 1.0 
60.30373639303919, 14.44359611861111, 0.0, 0.0, 1 
2.754884032391298, 24.865813721935563, 0.0, 0.0, 1 
40.20104562728349, 32.09175895075086, 0.0, 0.0, 1.0 
12.377131512532223, 29.561461498577238, 0.0, 0.0, 1.0 
17.60313602379886, 18.395174720566946, 0.0, 0.0, 1 
56.84558668203556, 9.32721578746113, 0.0, 0.0, 1.0 
44.81581964799456, 1.2577540848910649, 0.0, 0.0, 1.0 
45.501051304451295, 20.92158262482181, 0.0, 0.0, 1 
49.89508755368597, 59.62919646586167, 0.0, 0.0, 1.0 
39.391024746908826, 21.522190768863044, 0.0, 0.0, 1.0 
22.01694464482075, 9.114208125358179, 0.0, 0.0, 1.0 
11.79614462716439, 22.429248232607247, 0.0, 0.0, 1.0 
2.153691395572729, 46.30242272984993, 0.0, 0.0, 1.0 
26.53114162048669, 53.496801278441325, 0.0, 0.0, 1.0 
39.688397816948665, 25.032316808777, 0.0, 0.0, 1.0 
2.8002073555083884, 12.425328303127458, 0.0, 0.0, 1 
43.419875716122014, 21.136860242135597, 0.0, 0.0, 1.0 
37.42490827112646, 44.27940611888184, 0.0, 0.0, 1.0 
24.00730653933299, 46.528685272940336, 0.0, 0.0, 1.0 
25.58415370625122, 58.72218909351389, 0.0, 0.0, 1.0 
31.63945084489317, 38.80187448707439, 0.0, 0.0, 1.0 
13.69609122630002, 6.212645946563899, 0.0, 0.0, 1 
43.67955661441617, 60.00438497366708, 0.0, 0.0, 1.0 
21.67069339407697, 18.04149268521601, 0.0, 0.0, 1.0 
4.800017224221762, 24.72684815717998, 0.0, 0.0, 1.0 
10.994684648155811, 56.23740386281422, 0.0, 0.0, 1.0 
35.61458926612201, 13.06641467355325, 0.0, 0.0, 1.0 
39.79537335940299, 3.425804436317996, 0.0, 0.0, 1.0 
36.406960651429124, 35.96283251343739, 0.0, 0.0, 1.0 
57.02696695740224, 57.28568981975761, 0.0, 0.0, 1.0 
31.220901631454325, 44.33943858358195, 0.0, 0.7939912494301679, 1.1 
33.31264600922158, 9.787219410662292, 0.0, 0.0, 1.0 
7.57369254586617, 51.18657604360264, 0.0, 0.0, 1.0 
52.64534942020363, 34.60669795153677, 0.0, 0.0, 1.0 
4.702953646450981, 37.229822084067976, 0.0, 0.0, 1.0 
48.064335965215335, 27.885247656490353, 0.0, 0.0, 1 
37.49539681872654, 37.61865006927078, 0.0, 0.0, 1.0 
54.28535417483329, 2.3905728121982777, 0.0, 0.0, 1.0 
5.144637426353287, 44.28286158680701, 0.0, 0.0, 1.0 
25.16070413454056, 23.077009007535597, 0.0, 0.0, 1 
10.616806009022836, 49.21674794116428, 0.0, 0.0, 1.0 
12.259440954342072, 41.974501992709854, 0.0, 0.0, 1.0 
42.58376796491942, 22.975042391272982, 0.0, 0.0, 1.0 
37.88231251253467, 51.397737565133305, 0.0, 0.0, 1.0 
3.7660377224694126, 39.09922202705577, 0.0, 0.0, 1.0 
10.045317915305708, 26.156175596331135, 0.0, 0.0, 1.0 
13.42583990071704, 2.691116920166459, 0.0, 0.0, 1.0 
57.13751191738209, 12.837514763345206, 0.0, 0.0, 1 
18.816573972829257, 32.6229514101283, 0.0, 0.0, 1.0 
2.1979596718947065, 17.767482322388048, 0.0, 0.0, 1 
36.0060460044976, 54.993225892472914, 0.0, 0.0, 1.0 
45.50778138591107, 56.320675183821486, 0.0, 0.0, 1.0 
14.312686102515746, 41.83030348100288, 0.0, 0.0, 1.0 
10.170110187277928, 42.15105085469703, 0.0, 0.0, 1.0 
43.13457156365255, 17.547305869790502, 0.0, 0.0, 1 
34.65856301279508, 49.69825187899429, 0.0, 0.0, 1.0 
22.40563182847387, 57.16069562962487, 0.0, 0.0, 1.0 
48.543893568267315, 54.370712017519764, 0.0, 0.0, 1.0 
21.697683510187787, 30.576825889738412, 0.0, 0.0, 1.0 
51.33854859797974, 48.9072117888129, 0.0, 0.0, 1.0 
13.26836008291746, 15.181251458916412, 0.0, 0.0, 1.0 
22.59872132111206, 41.28020054779689, 0.0, 0.0, 1.0 
2.631577619163589, 37.416736521118196, 0.0, 0.0, 1.0 
15.121318846763671, 55.91681365526299, 0.0, 0.0, 1.0 
48.979897196084565, 0.961837527999828, 0.0, 0.0, 1.0 
45.995079568780476, 2.9980364281750664, 0.0, 0.0, 1.0 
46.287763992843196, 51.04960360335525, 0.0, 0.0, 1.0 
46.57981486251947, 10.050961076025072, 0.0, 0.0, 1.0 
29.494829974062917, 26.214904881697134, 0.0, 0.0, 1.0 
37.610211370008365, 25.271843872768255, 0.0, 0.0, 1.0 
58.05204952137143, 39.562988398852724, 0.0, 0.0, 1.0 
5.375208506285863, 19.328149488848375, 0.0, 0.0, 1.0 
20.2105793531651, 53.79005873652148, 0.0, 0.0, 1.0 
50.04101148799389, 43.6901592266431, 0.0, 0.0, 1.0 
9.60144574978354, 6.51661393812409, 0.0, 0.0, 1 
29.8249917032787, 29.734727534424174, 0.0, 0.0, 1.0 
27.56679249074345, 39.104526316293835, 0.0, 0.0, 1.0 
19.969354968842673, 34.27926929516266, 0.0, 0.0, 1.0 
46.299187092266585, 6.509766203520974, 0.0, 0.0, 1.0 
43.883943585317304, 44.11955492848244, 0.0, 0.0, 1.0 
45.732050324045396, 11.939609650610564, 0.0, 0.0, 1.0 
16.973174500187756, 23.809824598891026, 0.0, 0.0, 1.0 
54.51064436282639, 5.966281682050463, 0.0, 0.0, 1.0 
30.698759679703347, 53.35124006399864, 0.0, 0.0, 1.0 
53.601000749691615, 20.247375838358852, 0.0, 0.0, 1.0 
42.852242691660024, 26.515383242791025, 0.0, 0.0, 1 
51.55544687827207, 52.429802101421416, 0.0, 0.0, 1.0 
49.476941253271804, 52.58689580117064, 0.0, 0.0, 1.0 
26.898002335049064, 19.343760912462695, 0.0, 0.0, 1 
35.01131640338228, 30.825894669458645, 0.0, 0.0, 1.0 
32.76792760583398, 53.2869157782033, 0.0, 0.0, 1.0 
5.854810533124026, 38.93696544707113, 0.0, 0.0, 1.0 
49.48291798681891, 33.09916714693238, 0.0, 0.0, 1.0 
8.871204534418016, 24.43356565953086, 0.0, 0.0, 1.0 
33.884779650633625, 29.253329913036932, 0.0, 0.0, 1 
20.228857534036138, 37.84679832586916, 0.0, 0.0, 1.0 
12.406393251652476, 17.04415281303437, 0.0, 0.0, 1 
35.28488466488608, 9.546860922903802, 0.0, 0.0, 1.0 
49.25725179847889, 17.029066410493833, 0.0, 0.0, 1.0 
3.52332385937394, 35.561506552199326, 0.0, 0.0, 1.0 
37.02407281218631, 30.649808106008848, 0.0, 0.0, 1.0 
6.14815142098439, 1.4649384861419505, 0.0, 0.0, 1.0 
38.784214777112794, 26.926332941218824, 0.0, 0.0, 1.0 
1.0193397088999494, 16.11977513605087, 0.0, 0.0, 1.0 
55.903997678462204, 55.64999633166386, 0.0, 0.0, 1.0 
14.93318687230922, 52.36877482221276, 0.0, 0.0, 1.0 
32.387161232925884, 46.13378546654865, 0.0, 0.0, 1.0 
17.623337551497354, 30.915050938667186, 0.0, 0.0, 1.0 
4.627084834240527, 53.15762693996047, 0.0, 0.0, 1.0 
32.72474284804437, 15.148661536112744, 0.0, 0.0, 1.0 
57.474110282053715, 3.9151637013024496, 0.0, 0.0, 1.0 
32.13019685280259, 42.48143976437882, 0.0, 0.4154606549205722, 1.1 
39.7573591773234, 44.352889168387655, 0.0, 0.0, 1.0 
1.0366041926170955, 44.61298487822255, 0.0, 0.0, 1.0 
20.90038655916344, 7.4427388808199355, 0.0, 0.0, 1.0 
0.2694047904029059, 5.474168325167271, 0.0, 0.0, 1.0 
28.9785033307927, 6.780197654582939, 0.0, 0.0, 1.0 
51.28750542341161, 4.361581014277287, 0.0, 0.0, 1.0 
42.250113615220016, 31.92127029723219, 0.0, 0.0, 1.0 
28.831626987809557, 56.95992775420721, 0.0, 3.5320897934053797, 1.1 
48.40966748807245, 18.889848128513755, 0.0, 0.0, 1.0 
55.301018861831395, 45.0391474362903, 0.0, 0.0, 1.0 
4.922779961332853, 40.753515221819974, 0.0, 0.0, 1.0 
39.653769231235394, 40.851444321874396, 0.0, 0.0, 1.0 
39.96393731305064, 16.114987612472966, 0.0, 0.0, 1.0 
33.276660967637504, 22.209939141913807, 0.0, 0.0, 1.0 
57.9273770053128, 55.50603174375231, 0.0, 0.0, 1.0 
36.09425586813216, 7.327192527389247, 0.0, 0.0, 1.0 
3.9462190454319015, 14.075227716971101, 0.0, 0.0, 1.0 
16.462179232661097, 16.739113683068837, 0.0, 0.0, 1.0 
45.198373042521425, 17.372400242744725, 0.0, 0.0, 1.0 
44.578299135380945, 58.195133223300054, 0.0, 0.0, 1.0 
45.16744374417472, 49.35570694603552, 0.0, 0.0, 1.0 
42.50064613867258, 58.297053065221654, 0.0, 0.0, 1.0 
48.92583817212594, 42.012196320504316, 0.0, 0.0, 1.0 
34.5091404309095, 1.827747432120623, 0.0, 0.0, 1.0 
10.337642311679074, 17.165511160471645, 0.0, 0.0, 1 
59.78443579725473, 7.298182361456543, 0.0, 0.0, 1.0 
22.912721554911293, 32.28345840525181, 0.0, 0.0, 1.0 
36.496745606014684, 39.42977395510485, 0.0, 0.0, 1.0 
46.10303840582047, 47.502265849631016, 0.0, 0.0, 1.0 
34.12021391107696, 32.713983315676884, 0.0, 0.0, 1 
5.091291027465007, 15.794015584331438, 0.0, 0.0, 1.0 
51.85856427775361, 11.46922815781077, 0.0, 0.0, 1.0 
39.484267866839765, 60.27396121237676, 0.0, 0.0, 1.0 
0.10955784720536897, 46.42409208984945, 0.0, 0.0, 1.0 
50.56331347609164, 34.797222757889124, 0.0, 0.0, 1.0 
58.657640458847844, 5.6451343704146195, 0.0, 0.0, 1.0 
39.31517434340909, 33.91169673540356, 0.0, 0.0, 1 
22.270468637890914, 53.660590173399825, 0.0, 0.0, 1.0 
23.392850780480863, 55.316753639746175, 0.0, 0.0, 1.0 
24.25525923771755, 50.079523028744646, 0.0, 0.0, 1.0 
12.930426573461972, 24.13007287393289, 0.0, 0.0, 1.0 
44.66234399300655, 38.79754156791807, 0.0, 0.0, 1.0 
59.65431165112121, 32.29564212288383, 0.0, 0.0, 1.0 
15.026017017332537, 11.448972427792242, 0.0, 0.0, 1.0 
5.249848409931564, 3.323364460326223, 0.0, 0.0, 1.0 
17.91330713852885, 34.47767383207972, 0.0, 0.0, 1.0 
51.93622977086727, 40.00012375951489, 0.0, 0.0, 1.0 
7.381802564558727, 31.66060039262866, 0.0, 0.0, 1.0 
10.279484807580998, 1.1424583440331086, 0.0, 0.0, 1.0 
24.63220847562942, 0.12855723708275452, 0.0, 0.0, 1.0 
27.509921449703555, 13.929129303701053, 0.0, 0.0, 1.0 
19.942443421288928, 21.738862726432124, 0.0, 0.0, 1 
47.49485425186143, 20.760964836260822, 0.0, 0.0, 1 
48.187599513767296, 47.35873408223253, 0.0, 0.0, 1.0 
27.83162593397056, 30.03134718999218, 0.0, 0.0, 1.0 
31.21053571878075, 0.05734962981067189, 0.0, 3.6920197600727325, 1.1 
10.874392472507472, 36.76906511884704, 0.0, 0.0, 1.0 
30.405707180765766, 11.884728028974349, 0.0, 0.0, 1.0 
16.381093740446264, 41.68371883814355, 0.0, 0.0, 1.0 
47.8464838325245, 59.73507606358421, 0.0, 0.0, 1.0 
35.07379131189343, 56.821492711345165, 0.0, 0.0, 1.0 
1.5011631866892956, 35.67571949265724, 0.0, 0.0, 1.0 
18.660400183321695, 4.070904666636182, 0.0, 0.0, 1.0 
3.486531063605351, 51.49714863368214, 0.0, 0.0, 1.0 
40.46390405418246, 10.622234182666132, 0.0, 0.0, 1.0 
57.12878274166932, 41.39114545676406, 0.0, 0.0, 1.0 
15.584810050006249, 31.103693802759924, 0.0, 0.0, 1 
30.94395215941544, 18.8959293016993, 0.0, 0.0, 1.0 
13.158520582840474, 40.16752406052321, 0.0, 0.0, 1.0 
58.87839819321563, 9.170077903206638, 0.0, 0.0, 1.0 
25.728994580621233, 17.63853697589246, 0.0, 0.0, 1.0 
47.169452290667515, 4.669737708974951, 0.0, 0.0, 1.0 
42.75364021734494, 42.43537159392735, 0.0, 0.0, 1.0 
14.103223408599233, 25.886785047493305, 0.0, 0.0, 1.0 
26.800071688736708, 3.488732911256082, 0.0, 0.0, 1 
27.186561093552644, 10.475010450871357, 0.0, 0.0, 1.0 
27.280058318776426, 35.52272092285373, 0.0, 0.0, 1.0 
33.33462565908701, 0.057000907216938526, 0.0, 0.0, 1.0 
26.69860119110794, 60.401895475076145, 0.0, 0.0, 1.0 
40.36780355189173, 58.403083807678485, 0.0, 0.0, 1.0 
7.544192712408933, 6.702230825723179, 0.0, 0.0, 1.0 
35.3588839995715, 44.312733001910445, 0.0, 0.631477541763992, 1.1 
46.90051290655983, 42.183697045818946, 0.0, 0.0, 1.0 
46.51814642767972, 35.09482645372162, 0.0, 0.0, 1.0 
29.818166778675668, 1.523250527543603, 0.0, 0.0, 1.0 
15.229237733782806, 40.01395261430739, 0.0, 0.0, 1.0 
24.354658404298977, 37.555150125642626, 0.0, 0.0, 1.0 
59.308950113488116, 0.2242797145823298, 0.0, 0.0, 1.0 
37.93918002412265, 16.338051392308103, 0.0, 0.0, 1.0 
50.64450380590631, 9.758953943971093, 0.0, 0.0, 1.0 
20.393268172476557, 57.28167309988689, 0.0, 0.0, 1.0 
49.09518848102015, 45.53638072331939, 0.0, 0.0, 1.0 
29.987743686759394, 42.591190858339985, 0.0, 0.0, 1.0 
10.066668194429315, 13.624626584859646, 0.0, 0.0, 1.0 
30.489986882079954, 37.06577954290508, 0.0, 0.0, 1.0 
55.925418054231535, 11.165179906312245, 0.0, 0.0, 1 
28.65808109063797, 28.095229085963535, 0.0, 0.0, 1.0 
2.477578056974515, 21.31826679083669, 0.0, 0.0, 1 
22.511802442837705, 16.206738474364663, 0.0, 0.0, 1.0 
55.79132943484989, 36.188645065295624, 0.0, 0.0, 1.0 
13.807155952679, 50.71809372761452, 0.0, 0.0, 1.0 
41.28325926774678, 56.57544626682368, 0.0, 0.0, 1.0 
16.40140154282862, 0.6950168041606603, 0.0, 0.0, 1.0 
6.895642130181057, 12.09953816074355, 0.0, 0.0, 1 
7.126281640607917, 60.04995144737462, 0.0, 0.0, 1.0 
11.511570655815245, 18.894262129754328, 0.0, 0.0, 1 
48.34537864054198, 31.417818665172366, 0.0, 0.0, 1.0 
57.695669259985074, 19.93059034588736, 0.0, 0.0, 1.0 
41.097488953495095, 53.04832506199126, 0.0, 0.0, 1.0 
0.5109614270434449, 53.49965818360418, 0.0, 0.0, 1.0 
6.845831156049135, 24.586650470394954, 0.0, 0.0, 1.0 
41.55966974152842, 60.147912348923235, 0.0, 0.0, 1.0 
16.24945361607755, 57.58884863845225, 0.0, 0.0, 1.0 
22.842202007995912, 44.78825839269533, 0.0, 0.0, 1.0 
44.04287360527604, 47.64445275296072, 0.0, 0.0, 1.0 
50.41700978617348, 6.217202004137525, 0.0, 0.0, 1.0 
18.46037895503225, 16.560174529531803, 0.0, 0.0, 1 
55.948253210847255, 23.62275560107754, 0.0, 0.0, 1.0 
47.66506138417237, 36.79396258025166, 0.0, 0.0, 1.0 
41.574515093553664, 37.23521694496489, 0.0, 0.0, 1.0 
51.53178021371452, 7.903115942131733, 0.0, 0.0, 1.0 
24.827107370033115, 19.574005018960932, 0.0, 0.0, 1.0 
35.85568048436511, 28.9999058242228, 0.0, 0.0, 1.0 
58.652955226212484, 50.12316474835856, 0.0, 0.0, 1.0 
26.411181316174403, 37.393663081482906, 0.0, 0.0, 1.0 
23.428050482600373, 26.861054641193487, 0.0, 0.0, 1.0 
40.16702849342285, 54.861027823217995, 0.0, 0.0, 1.0 
51.287264190397, 16.839148056677246, 0.0, 0.0, 1.0 
30.257748038113103, 46.154822157445835, 0.0, 0.0, 1.0 
3.3679652575111496, 19.51829539547562, 0.0, 0.0, 1 
17.976686588092022, 9.478752145963728, 0.0, 0.0, 1.0 
13.523213347692241, 18.747249399088595, 0.0, 0.0, 1 
10.747708152436704, 8.204852603045673, 0.0, 0.0, 1.0 
46.93511087132777, 13.634641455813025, 0.0, 0.0, 1.0 
21.463249850158043, 39.57222946696085, 0.0, 0.0, 1.0 
15.545635417552273, 18.576638729241097, 0.0, 0.0, 1.0 
17.056330356257316, 11.28147520711598, 0.0, 0.0, 1.0 
28.328010860325175, 12.130146128874994, 0.0, 0.0, 1.0 
52.7250752690107, 22.137104168463274, 0.0, 0.0, 1 
6.839911750599333, 56.537491685186765, 0.0, 0.0, 1.0 
47.41794153315826, 33.25075325472753, 0.0, 0.0, 1.0 
8.736722229365993, 52.864664496375546, 0.0, 0.0, 1.0 
28.656181731627548, 15.6303659138479, 0.0, 0.0, 1.0 
36.13701772698068, 32.483109226844846, 0.0, 0.0, 1.0 
21.36286249084316, 14.516895407670376, 0.0, 0.0, 1.0 
14.66687240812121, 20.43017634467695, 0.0, 0.0, 1 
23.77059917835675, 43.004122323441244, 0.0, 0.0, 1.0 
34.22478657565691, 42.50934540206243, 0.0, 0.0, 1.0 
53.35573276528085, 4.233814315011726, 0.0, 0.0, 1.0 
10.3712211017613, 45.669712826501964, 0.0, 0.0, 1.0 
8.331846251961348, 17.317328009590558, 0.0, 0.0, 1.0 
1.8473282496488959, 26.724246143985958, 0.0, 0.0, 1 
16.72278336197777, 32.808479550184536, 0.0, 0.0, 1.0 
23.785200330091307, 5.446557056108799, 0.0, 0.0, 1.0 
18.753348333385162, 20.137371602587386, 0.0, 0.0, 1 
51.95676668587876, 59.474474588068574, 0.0, 0.0, 1.0 
20.534625435837786, 41.40594785397962, 0.0, 0.0, 1.0 
25.422222054409787, 51.73488097324375, 0.0, 0.0, 1.0 
53.74749847537218, 36.30025331436031, 0.0, 0.0, 1.0 
60.076319793528526, 10.851473413471226, 0.0, 0.0, 1.0 
11.191629526961684, 59.73461447184845, 0.0, 0.0, 1.0 
18.868462523391873, 48.57633225081869, 0.0, 0.0, 1.0 
30.025627917678243, 58.73312102565912, 0.0, 3.432028928888761, 1.1 
45.147899652910944, 29.884887596850795, 0.0, 0.0, 1.0 
1.9527710548301913, 14.205340697929298, 0.0, 0.0, 1.0 
13.542127490914094, 31.22692199065482, 0.0, 0.0, 1.0 
19.591540431573435, 2.1884870834411654, 0.0, 0.0, 1.0 
58.88650633150858, 53.64594033756396, 0.0, 0.0, 1.0 
43.755062052887496, 24.664230618924076, 0.0, 0.0, 1 
44.33817492555596, 19.233104036277677, 0.0, 0.0, 1.0 
34.84676096235826, 5.503705600097153, 0.0, 0.0, 1.0 
16.613777828522636, 45.203379050229735, 0.0, 0.0, 1.0 
15.284964145960917, 15.004872433142639, 0.0, 0.0, 1.0 
36.868655605311154, 5.418574532770268, 0.0, 0.0, 1.0 
5.99612079178635, 58.369628746904, 0.0, 0.0, 1.0 
37.06285372262165, 18.245110503019813, 0.0, 0.0, 1.0 
33.25637992057814, 34.58791185671829, 0.0, 0.0, 1 
35.29294941522686, 21.974092022624518, 0.0, 0.0, 1.0 
0.506438538842878, 9.019076600247237, 0.0, 0.0, 1.0 
17.512857819693032, 2.397519066743341, 0.0, 0.0, 1.0 
19.380418953949324, 14.666185511606521, 0.0, 0.0, 1.0 
9.256613438862487, 43.972834946984484, 0.0, 0.0, 1.0 
37.377611255220366, 21.745505519461027, 0.0, 0.0, 1.0 
0.3906006590682109, 34.023242744537825, 0.0, 0.0, 1.0 
48.96105719349026, 26.000892586579674, 0.0, 0.0, 1 
4.4135330582067, 33.684096022368166, 0.0, 0.0, 1.0 
43.686926547664925, 12.105881437522736, 0.0, 0.0, 1.0 
15.859719643948921, 22.134576849559693, 0.0, 0.0, 1 
56.31973626534011, 2.266830328900802, 0.0, 0.0, 1.0 
53.88135011536648, 23.820296058395392, 0.0, 0.0, 1.0 
28.051676146471618, 21.000164985619683, 0.0, 0.0, 1.0 
23.227695396721202, 51.789860370495695, 0.0, 0.0, 1.0 
47.839818927401936, 24.328389413942997, 0.0, 0.0, 1 
23.120820086271564, 10.808941154137457, 0.0, 0.0, 1.0 
6.260243868846294, 17.466498275025714, 0.0, 0.0, 1.0 
3.660440665826254, 23.057110778082425, 0.0, 0.0, 1.0 
22.83402008277532, 19.723533606017654, 0.0, 0.0, 1.0 
0.7785498677087618, 41.09149880298994, 0.0, 0.0, 1.0 
57.22540578905962, 0.3742267537196973, 0.0, 0.0, 1.0 
32.12964879327756, 58.73656082894402, 0.0, 0.0, 1.0 
7.421826589539958, 47.6456365485844, 0.0, 0.0, 1.0 
45.32010506445666, 52.86411633326911, 0.0, 0.0, 1.0 
25.764790067453276, 30.231680753901365, 0.0, 0.0, 1.0 
56.458929924318994, 30.781202678945277, 0.0, 0.0, 1.0 
34.18142101788983, 58.657729558680394, 0.0, 0.0, 1.0 
59.53060974974597, 3.7717913886891887, 0.0, 0.0, 1.0 
7.824201763487957, 10.207511752997444, 0.0, 0.0, 1 
49.50695268439138, 8.058939136709633, 0.0, 0.0, 1.0 
56.823306213609484, 53.793441844808626, 0.0, 0.0, 1.0 
12.925371977443115, 36.63580672714558, 0.0, 0.0, 1.0 
44.85710315327995, 13.806840949815776, 0.0, 0.0, 1.0 
29.389004611900887, 47.997554168092066, 0.0, 0.0, 1.0 
31.846526700518634, 29.516872500587212, 0.0, 0.0, 1.0 
57.6059223846246, 32.45751791535941, 0.0, 0.0, 1.0 
9.460535912959635, 47.482484787937814, 0.0, 0.0, 1.0 
46.062565332912996, 15.503267435940302, 0.0, 0.0, 1.0 
0.5934417602580735, 37.579686859419404, 0.0, 0.0, 1.0 
19.414646267618032, 59.12702944052543, 0.0, 0.0, 1.0 
23.992363376225725, 21.421303463933892, 0.0, 0.0, 1.0 
52.494120619012214, 50.61850425164163, 0.0, 0.0, 1.0 
15.942444063920956, 9.638090175278135, 0.0, 0.0, 1.0 
6.380662726993655, 5.005916178739571, 0.0, 0.0, 1.0 
2.9775415901065148, 60.39518868718868, 0.0, 0.0, 1.0 
44.49662530131046, 35.246327573681725, 0.0, 0.0, 1.0 
12.678808439034324, 20.586253102212126, 0.0, 0.0, 1 
50.94323104078416, 41.85534714060613, 0.0, 0.0, 1.0 
11.933297702518372, 54.398124353540375, 0.0, 0.0, 1.0 
50.41880288544287, 18.749177047224396, 0.0, 0.0, 1.0 
49.555309743352474, 20.595322106050038, 0.0, 0.0, 1.0 
56.55163140257014, 18.25869450405131, 0.0, 0.0, 1.0 
48.75088842240736, 38.48686533246491, 0.0, 0.0, 1.0 
54.456402311322535, 18.400835803393008, 0.0, 0.0, 1.0 
42.46893467958725, 35.43180305464253, 0.0, 0.0, 1.0 
49.303995991198626, 49.0634646894088, 0.0, 0.0, 1.0 
36.55588279015, 46.07349595767291, 0.0, 0.0, 1.0 
60.029095937473784, 55.306607105201834, 0.0, 0.0, 1.0 
37.627439358583494, 12.81488507163933, 0.0, 0.0, 1.0 
40.43520601693458, 35.576378944108434, 0.0, 0.0, 1.0 
58.27953015895898, 14.542062511023286, 0.0, 0.0, 1.0 
12.866303222391121, 52.55687923615034, 0.0, 0.0, 1.0 
28.103669652594423, 8.634178089880518, 0.0, 0.0, 1.0 
30.50973823696624, 49.735658051824025, 0.0, 0.0, 1.0 
47.39045023635225, 52.714465330814384, 0.0, 0.0, 1.0 
3.9890608173998507, 42.587898906455685, 0.0, 0.0, 1.0 
0.7670160248941787, 12.537980258737115, 0.0, 0.0, 1.0 
31.027872580382674, 6.5792296303892535, 0.0, 0.0, 1.0 
54.225056527478515, 14.863250446153247, 0.0, 0.0, 1.0 
21.121600998168, 36.019368705850894, 0.0, 0.0, 1.0 
31.828043366571933, 17.034106563363515, 0.0, 0.0, 1.0 
34.375267058731644, 36.18767464171475, 0.0, 0.0, 1.0 
1.6219877205023687, 55.164863891418875, 0.0, 0.0, 1.0 
11.320020074889753, 43.83366335471645, 0.0, 0.0, 1.0 
1.0114803042106544, 28.574999240191815, 0.0, 0.0, 1.0 
45.403711989568464, 33.428740786667205, 0.0, 0.0, 1.0 
48.33427958289448, 6.359368990975958, 0.0, 0.0, 1.0 
16.157029890022475, 25.68100173902912, 0.0, 0.0, 1.0 
13.018277599442888, 11.636091613413194, 0.0, 0.0, 1.0 
12.015053248742074, 38.45088599379918, 0.0, 0.0, 1.0 
1.933498059428978, 42.78736371748791, 0.0, 0.0, 1.0 
4.576357170669198, 8.703681665614734, 0.0, 0.0, 1 
8.954033405986019, 11.90989383418157, 0.0, 0.0, 1.0 
48.07515621985616, 15.345655287055827, 0.0, 0.0, 1.0 
34.754342345129544, 14.921298923056831, 0.0, 0.0, 1.0 
35.44214745871037, 37.81344010319975, 0.0, 0.0, 1 
38.84018934293493, 49.5509362530505, 0.0, 0.0, 1.0 
4.831656259398495, 56.70210536072472, 0.0, 0.0, 1.0 
46.912898289699235, 26.17129707963742, 0.0, 0.0, 1.0 
20.196640648923644, 25.330550423652813, 0.0, 0.0, 1.0 
19.61328409845096, 43.26845166873349, 0.0, 0.0, 1.0 
45.412062196337935, 8.384168022642632, 0.0, 0.0, 1.0 
55.9999778611048, 39.67886827269374, 0.0, 0.0, 1.0 
41.344272337154884, 8.683361081716091, 0.0, 0.0, 1.0 
60.124191033290614, 39.37886411630629, 0.0, 0.0, 1.0 
14.373138400799627, 0.8479511964654163, 0.0, 0.0, 1.0 
33.00769391856149, 56.898823485786636, 0.0, 0.0, 1.0 
7.896839212285559, 38.748335507915705, 0.0, 0.0, 1 
57.93266526588637, 23.502906338680475, 0.0, 0.0, 1 
30.661993586184334, 15.401932316177042, 0.0, 0.0, 1.0 
28.62802361743051, 53.41468992198056, 0.0, 0.0, 1.0 
43.39747573980654, 8.542229483601114, 0.0, 0.0, 1.0 
12.64459379386841, 33.117828254260694, 0.0, 0.0, 1 
44.326326682859886, 54.651531418106906, 0.0, 0.0, 1.0 
58.74036583905463, 34.179223871331786, 0.0, 0.0, 1.0 
58.848164769017664, 21.61278905919416, 0.0, 0.0, 1.0 
37.28346786349156, 34.11559912128146, 0.0, 0.0, 1.0 
27.284907003650478, 48.09250098955537, 0.0, 0.0, 1.0 
33.90568066930011, 16.801104426189543, 0.0, 0.0, 1.0 
56.899119376380774, 37.88016440254106, 0.0, 0.0, 1.0 
39.02935693049627, 53.10243564101025, 0.0, 0.0, 1.0 
37.708323050119425, 47.844820880801656, 0.0, 0.0, 1.0 
6.538786615968286, 21.0241308014512, 0.0, 0.0, 1.0 
36.56184832920902, 1.7995025753168443, 0.0, 0.0, 1.0 
18.66711021393286, 45.081257981037425, 0.0, 0.0, 1.0 
54.549386162641575, 50.43561348185879, 0.0, 0.0, 1.0 
50.22897687662979, 47.24611018776863, 0.0, 0.0, 1.0 
3.4315011386911105, 6.965577061097504, 0.0, 0.0, 1 
6.256364392119887, 45.9828378088187, 0.0, 0.0, 1.0 
31.525110364781703, 25.98911181617509, 0.0, 0.0, 1.0 
3.006467920723569, 28.467637419764664, 0.0, 0.0, 1.0 
14.515779345757108, 45.35030440003417, 0.0, 0.0, 1.0 
1.233751256588774, 48.15494292920294, 0.0, 0.0, 1.0 
53.04511848055177, 25.690331329613993, 0.0, 0.0, 1.0 
24.050395003730554, 34.01275325516552, 0.0, 0.0, 1.0 
1.7073082506791708, 39.238703328564206, 0.0, 0.0, 1.0 
3.314057772747039, 32.001784663309394, 0.0, 0.0, 1.0 
44.9388849658772, 26.352924853241966, 0.0, 0.0, 1 
18.85811900720724, 7.5993139238867355, 0.0, 0.0, 1.0 
57.330485438627896, 44.91406529931844, 0.0, 0.0, 1.0 
3.733396785998201, 10.517011983504378, 0.0, 0.0, 1 
35.62327628523476, 25.48682868809088, 0.0, 0.0, 1.0 
4.123222790749972, 1.616148857362438, 0.0, 0.0, 1.0 
24.620134254615383, 28.537205383492495, 0.0, 0.0, 1.0 
14.077272111355567, 38.27017503482229, 0.0, 0.0, 1.0 
55.3445307095083, 29.04970581839177, 0.0, 0.0, 1.0 
58.19210031484355, 58.99507664561644, 0.0, 0.0, 1.0 
59.38921248466822, 28.72286620156656, 0.0, 0.0, 1.0 
59.4894591116604, 16.229250690880246, 0.0, 0.0, 1.0 
14.711992276569255, 32.92066525090879, 0.0, 0.0, 1.0 
33.74341747473005, 51.506879479140046, 0.0, 0.0, 1.0 
44.205696854641396, 51.14636871271501, 0.0, 0.0, 1.0 
52.44701773676212, 6.083850958065731, 0.0, 0.0, 1.0 
7.739547380917433, 22.791504424171972, 0.0, 0.0, 1.0 
0.7338858918769628, 25.019882935881277, 0.0, 0.0, 1 
21.89813378341428, 46.663589539752934, 0.0, 0.0, 1.0 
59.09013816844619, 25.167923548702543, 0.0, 0.0, 1 
