position_x,position_y,position_z,orientation,aspect_ratio
25.31280593544293, 39.29817814997162, 0.0, 0.0, 1.0 
50.887073222969754, 36.98192152672173, 0.0, 0.0, 1.0 
16.910808999804704, 55.020967421643824, 0.0, 0.2019310748376133, 1.6000000000000005 
44.58231051902685, 32.88419864918879, 0.0, 0.0, 1.0 
40.24481636907903, 3.166982562869069, 0.0, -0.6850583019195174, 2.7000000000000015 
37.345856939504245, 21.05336075181553, 0.0, 0.0, 1.0 
29.28787942084898, 32.04633380421566, 0.0, 0.0, 1.0 
43.062733771251686, 45.12672410266624, 0.0, 0.0, 1.0 
30.890365681617734, 4.273247954480812, 0.0, 1.4099944111373715, 2.6000000000000014 
27.569678276395763, 51.76353700602955, 0.0, 1.572080995859332, 2.7000000000000015 
46.75173091520966, 24.721305587545984, 0.0, 0.27919704801036677, 2.7000000000000015 
19.434402051239797, 16.975003204774367, 0.0, 2.089154865841798, 2.6000000000000014 
5.467656731402537, 14.589806595965017, 0.0, 0.0, 1.0 
13.681970099516208, 10.579464338838736, 0.0, 5.600263539964043, 1.4000000000000004 
29.75559312644649, 14.511608910548476, 0.0, 0.0, 1.0 
48.426472612661506, 27.25954957651896, 0.0, -0.33935467927763846, 2.7000000000000015 
44.21271077844779, 61.5504155471149, 0.0, 0.9099038340157506, 2.7000000000000015 
9.980003834685979, 21.551113116982297, 0.0, 0.41493173750381235, 1.9000000000000008 
32.26471188060877, 22.452677330865363, 0.0, 0.0, 1.0 
34.893744411701704, 34.536636133590434, 0.0, 0.0, 1.0 
10.2554930680238, 32.22966741906228, 0.0, 0.0, 1.0 
22.549880589193336, 55.09920998051829, 0.0, 1.3905513459808665, 2.7000000000000015 
43.081479112498734, 3.5123327039213197, 0.0, 6.779324167216423, 2.7000000000000015 
20.30883568781495, 27.47189284784174, 0.0, 0.0, 1.0 
26.904047222619184, 19.82519990971953, 0.0, 0.0, 1.0 
23.15737340358251, 14.525500553954805, 0.0, 1.5232415273268867, 2.7000000000000015 
55.63462600938408, 9.984620714957067, 0.0, 3.165021358236674, 2.7000000000000015 
30.95150390154376, 19.514734240785277, 0.0, 0.0, 1.0 
23.356493434467023, 24.87293803758497, 0.0, 0.0, 1.0 
9.181132902727674, 49.72058847435714, 0.0, 0.0, 1.0 
52.728552046044406, 28.834904349595515, 0.0, 0.0, 1.0 
22.03738967145347, 15.168807513411993, 0.0, 1.290577806184213, 2.6000000000000014 
14.932343570948214, 6.164227303270673, 0.0, 6.5416842813637555, 2.7000000000000015 
21.941683748627668, 27.90888341273609, 0.0, 0.0, 1.0 
20.205867307730443, 55.995344114850546, 0.0, 1.5045921515467953, 2.5000000000000013 
31.34323229592342, 46.51976021079072, 0.0, 0.0, 1.0 
8.846968377090663, 36.11060493599057, 0.0, 1.9771559708254307, 2.6000000000000014 
48.45386475581255, 10.801964691607024, 0.0, 6.202199827458316, 1.2000000000000002 
18.811105991427326, 0.4640063096069188, 0.0, 1.3851149538198357, 2.7000000000000015 
35.44648478180236, 48.09202889219649, 0.0, 0.0, 1.0 
29.035341519117143, 26.617736309158637, 0.0, 0.0, 1.0 
60.49504078709772, 60.49889712746222, 0.0, 0.0, 1.0 
52.00301249221042, 21.649929296138698, 0.0, 0.19510711708848094, 2.6000000000000014 
10.350982734622361, 40.764383203921916, 0.0, 0.0, 1.0 
31.98799039912733, 53.87145078652181, 0.0, 0.0, 1.0 
30.938435581071335, 29.499386651043977, 0.0, 0.0, 1.0 
50.30032682898553, 1.7087469327999332, 0.0, 3.6646644121403127, 2.7000000000000015 
37.616741415337145, 16.261807473651633, 0.0, 2.1103888468523357, 1.1 
30.853535413740367, 27.436143454750933, 0.0, 0.0, 1.0 
22.707613376346316, 20.541854664309195, 0.0, 8.723150062755353, 2.300000000000001 
55.92910548310551, 18.522531440260256, 0.0, 5.756752306423631, 1.2000000000000002 
4.784639188095506, 22.925621083318575, 0.0, 0.0, 1.0 
18.564783191772335, 35.04131703319711, 0.0, 0.0, 1.0 
31.07397359068347, 50.416442261840224, 0.0, 6.2257302195285575, 1.1 
18.370684883611535, 37.609318306308865, 0.0, 0.0, 1.0 
59.54587220272176, 56.25706022503249, 0.0, 0.0, 1.0 
61.08986140838116, 32.30922544382224, 0.0, 0.0, 1.0 
16.58224479572076, 4.022466187109076, 0.0, 0.0, 1.0 
44.89527646788945, 6.748457625072158, 0.0, 0.0, 1.0 
6.060541337100693, 45.42797174888377, 0.0, 0.0, 1.0 
30.39554660558598, 33.36174703071945, 0.0, 0.0, 1.0 
41.29251237979059, 6.074657948991818, 0.0, 3.135859639625549, 2.7000000000000015 
24.71855117212319, 2.5902738381909693, 0.0, 0.0, 1.0 
62.02497648176699, 36.89662728928094, 0.0, 0.0, 1.0 
39.504123284640166, 17.390730810307335, 0.0, 8.109397648395644, 2.7000000000000015 
2.466881833834851, 10.061854500151357, 0.0, 5.646616452127175, 2.7000000000000015 
33.027539854933366, 19.005387708969657, 0.0, 0.0, 1.0 
18.08775835835582, 49.912410561475, 0.0, 0.2972584422476764, 1.9000000000000008 
2.457066957260644, 31.741608318015633, 0.0, 0.0, 1.0 
19.731899567092846, 59.03365919027924, 0.0, 3.672055945316748, 1.6000000000000005 
6.314136102578843, 11.134223882331376, 0.0, 3.7736876386287372, 1.2000000000000002 
43.10023549973777, 11.755664697875288, 0.0, 0.0, 1.0 
26.652831642657425, 10.214659946861733, 0.0, 0.0, 1.0 
56.973200950764685, 61.174521852015545, 0.0, 0.0, 1.0 
8.49441151569637, 54.24447771052292, 0.0, 0.8205724292108243, 2.7000000000000015 
4.379469177010468, 52.166437559270236, 0.0, 0.0, 1.0 
21.709675590473704, 4.07487700918634, 0.0, 0.0, 1.0 
60.465205321671775, 52.958424783074626, 0.0, 4.791310129190015, 2.7000000000000015 
14.283200453134489, 44.47684296692087, 0.0, 0.0, 1.0 
48.35240952822383, 44.83508235270539, 0.0, 0.0, 1.0 
59.155908187933534, 27.65878992305461, 0.0, 0.0, 1.0 
34.069834630318674, 27.822610864725107, 0.0, 0.0, 1.0 
13.118867143546742, 35.67364118674365, 0.0, 0.0, 1.0 
21.447293496824532, 39.5662739828018, 0.0, 0.0, 1.0 
44.8261744974716, 30.10868976338067, 0.0, 5.807332064172924, 1.4000000000000004 
4.72338151971854, 19.51411667332774, 0.0, 0.0, 1.0 
23.185492108405963, 3.290411173466388, 0.0, 0.0, 1.0 
50.8193600975784, 28.05223809813665, 0.0, 0.0, 1.0 
62.649894368307265, 58.10170281611285, 0.0, 4.242222074842864, 2.7000000000000015 
28.299954817591914, 15.994654243221158, 0.0, 0.0, 1.0 
5.990574758609956, 60.469064571105584, 0.0, 5.487590465485963, 2.7000000000000015 
15.622055157950651, 24.96853004574473, 0.0, 1.0647286032413978, 2.7000000000000015 
3.952040179367511, 42.90488463700086, 0.0, 2.6504253257983055, 2.4000000000000012 
1.7686291607245461, 24.236704730110937, 0.0, 0.0, 1.0 
33.315043405335665, 38.02970874150153, 0.0, 0.0, 1.0 
15.30869196422999, 57.6352118819244, 0.0, 3.0797865143760075, 2.7000000000000015 
2.1494422135242783, 58.61274142185902, 0.0, 0.11941023545544892, 1.3000000000000003 
9.227024164368858, 25.087528184311765, 0.0, 0.0, 1.0 
4.638296942019268, 9.592662779821376, 0.0, 0.0, 1.0 
18.626539312155714, 56.98089471223133, 0.0, 0.5457856465446306, 2.7000000000000015 
17.93283064980437, 1.660382594097254, 0.0, 0.95392108097992, 2.7000000000000015 
6.405741625588377, 18.767413588806168, 0.0, 0.0, 1.0 
9.751688443979752, 19.73951865494381, 0.0, 0.0, 1.0 
34.734629539836824, 44.335822650600605, 0.0, 0.0, 1.0 
42.2264552112842, 37.57022240619598, 0.0, 0.0, 1.0 
46.372393197843, 44.420657357022044, 0.0, 0.0, 1.0 
8.03060673272441, 43.93765238892744, 0.0, 0.0, 1.0 
56.57173978065134, 53.953752410458975, 0.0, 0.0, 1.0 
11.700876241533702, 58.26249162558905, 0.0, 5.909755904331851, 2.7000000000000015 
47.67342697251584, 53.805300285626416, 0.0, 0.0, 1.0 
61.62546273686994, 45.22770786994379, 0.0, 0.0, 1.0 
36.999101066701456, 6.934534514371873, 0.0, 0.0, 1.0 
61.54890903247158, 18.947400247310203, 0.0, 6.767564829976246, 2.7000000000000015 
17.17953120028666, 30.844276164974055, 0.0, 7.005534178187443, 2.7000000000000015 
6.079247922517581, 53.93023934421958, 0.0, 0.22510459129656582, 1.9000000000000008 
55.47235207310322, 2.842751724788093, 0.0, 0.0, 1.0 
59.89556079261867, 45.27993141249285, 0.0, 0.0, 1.0 
13.288986864105857, 26.885579972299013, 0.0, 7.4145904994269864, 2.7000000000000015 
46.09231452973456, 31.536464795862074, 0.0, 0.0, 1.0 
20.089169384971804, 29.81449731010489, 0.0, 7.411322239884737, 2.7000000000000015 
49.70298918544381, 43.413876858660984, 0.0, 0.0, 1.0 
21.245109253787, 30.098878275176304, 0.0, 1.3122694108136383, 2.100000000000001 
36.118665866069115, 9.021672724462329, 0.0, 1.9323670251562537, 1.1 
37.638456932403486, 58.00074198864865, 0.0, 0.0, 1.0 
34.53447021720141, 51.823528972760165, 0.0, 0.0, 1.0 
23.047025323927222, 5.556613801890657, 0.0, 0.0, 1.0 
19.324883331648074, 46.53056179433854, 0.0, 0.0, 1.0 
26.569023561694443, 3.9261089069111885, 0.0, 0.0, 1.0 
2.1065666592256793, 38.77717170035751, 0.0, 0.0, 1.0 
24.601577583444417, 43.077922929985284, 0.0, 0.669358744901097, 1.6000000000000005 
17.51776879274166, 18.71280094963271, 0.0, 0.0, 1.0 
56.85187821145235, 37.95466720182701, 0.0, 0.0, 1.0 
21.600990390506354, 22.555403145731262, 0.0, 0.0, 1.0 
14.462809768769807, 32.125831122832416, 0.0, 0.0, 1.0 
43.43123643773946, 9.89177465289292, 0.0, 2.7532226078645325, 2.7000000000000015 
15.320764148301542, 39.19376693637966, 0.0, 0.0, 1.0 
11.7071940476409, 27.128705499329612, 0.0, 0.0, 1.0 
3.1248580400314907, 14.605103999854592, 0.0, 0.45800386250891534, 2.7000000000000015 
4.6167648546941225, 35.88995107410938, 0.0, 0.0, 1.0 
60.68144981895471, 38.22312006548074, 0.0, 0.0, 1.0 
13.603590071448135, 17.30758629245469, 0.0, 0.0, 1.0 
36.43094955421398, 13.188882035744548, 0.0, 2.34073485183879, 2.6000000000000014 
38.371766377977224, 2.2464995622688226, 0.0, 0.12717778629903695, 2.000000000000001 
39.295973973888415, 51.04257504292658, 0.0, 5.403357189856301, 2.200000000000001 
53.44876145721323, 55.016932486446876, 0.0, 0.0, 1.0 
0.39405729893422276, 26.658661572836643, 0.0, 0.0, 1.0 
31.599071283714007, 17.704037139903377, 0.0, 0.0, 1.0 
23.871287574230248, 56.76447341863086, 0.0, 1.389903766965352, 2.7000000000000015 
24.055349137722846, 46.664320981832034, 0.0, 1.4809840856161245, 2.5000000000000013 
22.476024968752377, 11.512881110175236, 0.0, 0.9159803684622656, 2.7000000000000015 
14.453072075103925, 19.177859785472684, 0.0, 0.0, 1.0 
24.035348417659254, 9.071657848221122, 0.0, 1.500889935412239, 2.7000000000000015 
0.2733326041482531, 9.830495540505105, 0.0, 6.183340901856223, 2.7000000000000015 
2.1629015421327242, 12.991516646306245, 0.0, 3.094360944604539, 2.200000000000001 
10.671327667788566, 16.195666937689445, 0.0, 0.0, 1.0 
11.147483470853425, 14.631295507554112, 0.0, 0.2560656119574275, 2.7000000000000015 
21.07846078609699, 52.15166014657714, 0.0, 5.6758282613570525, 2.7000000000000015 
10.1220096039899, 44.20353055492937, 0.0, 0.0, 1.0 
35.98003895874833, 28.47265387683899, 0.0, 0.0, 1.0 
59.144639342833855, 52.264940382433814, 0.0, 0.0, 1.0 
7.242852669164478, 42.041506386234666, 0.0, 0.0, 1.0 
54.65571923863066, 26.5210224287744, 0.0, 0.0, 1.0 
24.10336702341128, 15.870852626845576, 0.0, 1.7178607990137509, 2.7000000000000015 
28.304630522372253, 33.2887027639589, 0.0, 0.0, 1.0 
58.616478472672355, 59.68883179455359, 0.0, 0.0, 1.0 
0.41784986766483967, 31.94935376853059, 0.0, 0.0, 1.0 
27.887689539032746, 55.48088013426201, 0.0, 1.7864599663340597, 1.9000000000000008 
6.852217871998167, 58.54633256407452, 0.0, 6.134920939569125, 2.7000000000000015 
6.440034439323941, 23.42805477284222, 0.0, 0.0, 1.0 
25.726541160115218, 45.55864165362564, 0.0, 1.5779325116026808, 2.7000000000000015 
9.238111405797298, 30.45945289349126, 0.0, 0.0, 1.0 
40.125878171715, 34.53001461288302, 0.0, 0.0, 1.0 
18.178876772916617, 16.932270114323316, 0.0, 0.0, 1.0 
44.40717581329095, 22.870457715106113, 0.0, 6.414250241923708, 2.7000000000000015 
47.02907364998839, 46.36793140759166, 0.0, 0.0, 1.0 
52.09910901293994, 61.67445385838746, 0.0, 0.650936416730152, 2.000000000000001 
14.351595842880105, 48.16389860322169, 0.0, 0.0, 1.0 
7.1077499515087394, 28.826629690218123, 0.0, 0.0, 1.0 
21.647918847884924, 56.453193197565405, 0.0, 1.2627970279795884, 2.7000000000000015 
40.590622068010795, 44.5515903942072, 0.0, 0.0, 1.0 
48.56868616141207, 3.9666097073618234, 0.0, 0.5138020209495825, 1.3000000000000003 
45.28257261031757, 3.600478733997124, 0.0, 0.606672260153978, 2.7000000000000015 
49.64049539199795, 17.08224236621422, 0.0, 3.4547558424819997, 2.7000000000000015 
8.626059613169076, 8.82041572787711, 0.0, 5.391984904063677, 1.2000000000000002 
44.19724905534689, 56.92641974671508, 0.0, 0.0, 1.0 
51.65640365005064, 43.80892602753722, 0.0, 0.0, 1.0 
53.59922524276931, 24.69811395529005, 0.0, 5.7575579490956965, 2.7000000000000015 
36.98004317814762, 44.96340017459954, 0.0, 0.0, 1.0 
27.105371458716096, 62.4813862353305, 0.0, 0.0, 1.0 
40.43471714851016, 42.71608179848222, 0.0, 0.0, 1.0 
3.9418150014496054, 26.593366040107927, 0.0, 0.0, 1.0 
15.190836299642589, 7.5257123571053155, 0.0, 6.621379321707792, 2.7000000000000015 
11.103065878273386, 61.370677649947865, 0.0, 2.061431995129508, 2.7000000000000015 
37.118007982979286, 46.904086025726706, 0.0, 0.0, 1.0 
58.56933178544799, 34.54710677631598, 0.0, 0.0, 1.0 
14.81752365831812, 29.72970635212513, 0.0, 7.1099670502644985, 2.6000000000000014 
55.15356388410051, 60.820240672916945, 0.0, 0.0, 1.0 
19.340910288728868, 42.85307680899356, 0.0, 0.0, 1.0 
32.431915642173216, 59.133242850458785, 0.0, 0.0, 1.0 
27.555147746852274, 17.85775796949173, 0.0, 0.0, 1.0 
25.809092194771104, 41.18833532256145, 0.0, 0.0, 1.0 
31.634361295490635, 37.01447249377019, 0.0, 0.0, 1.0 
56.08104554825521, 57.26895220503462, 0.0, 0.0, 1.0 
34.70009735833574, 62.48606723734392, 0.0, 3.3111708488322673, 2.7000000000000015 
2.946022805912994, 19.600076969846047, 0.0, -0.6968895948666505, 2.7000000000000015 
54.9799154356724, 7.6224461980294, 0.0, 2.179645996718512, 2.7000000000000015 
57.946022985643275, 48.541217651827814, 0.0, 0.0, 1.0 
40.1041136056841, 10.214976377146979, 0.0, 3.291852145257629, 2.7000000000000015 
61.77600242082306, 30.429096401288007, 0.0, 0.0, 1.0 
30.47163029077287, 52.443095584722435, 0.0, 2.481794599570047, 1.1 
11.33247932418259, 30.465305575004184, 0.0, 0.0, 1.0 
42.83570716842079, 7.890220432489407, 0.0, 0.6174068068660514, 2.7000000000000015 
12.047632990176483, 13.328731640259345, 0.0, 0.0, 1.0 
25.043967630645632, 22.09548828308069, 0.0, 0.0, 1.0 
13.555651154503181, 59.28984775972643, 0.0, 4.482553318597925, 2.6000000000000014 
34.304406055690414, 22.37990484153389, 0.0, 0.0, 1.0 
27.667941670941325, 31.35794661023394, 0.0, 0.0, 1.0 
58.767392787423745, 50.40079359413011, 0.0, 0.0, 1.0 
38.44106856001486, 7.727144967431835, 0.0, 2.3250718771694583, 2.7000000000000015 
27.396627039209122, 29.526671609773764, 0.0, 0.0, 1.0 
30.558322730390866, 58.38975538874016, 0.0, 0.0, 1.0 
50.13799285944894, 40.08468874081926, 0.0, 0.0, 1.0 
0.09050619392567036, 24.608082675771236, 0.0, 0.0, 1.0 
55.39811375565698, 50.10700751442815, 0.0, 0.0, 1.0 
5.14000172049652, 12.713175714680917, 0.0, 0.0, 1.0 
53.8562916960511, 4.5823275854787875, 0.0, -0.44019539143374237, 2.7000000000000015 
53.54290678889065, 39.34720651823961, 0.0, 0.0, 1.0 
38.34368302830026, 56.13586193340968, 0.0, 0.0, 1.0 
25.18983708880394, 12.886252376617874, 0.0, 1.846552162838859, 2.6000000000000014 
30.66516410607357, 25.49511390994913, 0.0, 0.0, 1.0 
7.311331834645839, 5.207377995287303, 0.0, 5.44872258155059, 2.000000000000001 
32.20412881476457, 8.29686537161013, 0.0, 0.0, 1.0 
45.10067328949602, 12.745701033099815, 0.0, 0.0, 1.0 
43.21316183469688, 51.160782354227315, 0.0, 0.0, 1.0 
23.84141588823381, 28.290689765763798, 0.0, 0.0, 1.0 
32.58695351936079, 30.621354045274135, 0.0, 0.0, 1.0 
0.3476525986255933, 48.30904587300501, 0.0, 0.0, 1.0 
5.1143696359480915, 4.596766500653563, 0.0, 4.279575738833384, 2.7000000000000015 
52.39205825319039, 40.84645319127566, 0.0, 0.0, 1.0 
47.681710155573306, 42.91340584423376, 0.0, 0.0, 1.0 
11.066631921103946, 35.611984269812, 0.0, 0.0, 1.0 
20.978275638909007, 0.07322283007872317, 0.0, 0.0, 1.0 
10.861314048453892, 11.646014777756099, 0.0, 4.899704170354434, 1.5000000000000004 
47.929202905192085, 17.585001168020593, 0.0, 3.6206788772896874, 2.7000000000000015 
48.47643479398669, 60.1467369348597, 0.0, 2.5059719667800993, 1.9000000000000008 
28.181397882583667, 37.04261730163489, 0.0, 0.0, 1.0 
43.77602799795823, 42.05153795575244, 0.0, 0.0, 1.0 
31.038252402416063, 60.60573391020557, 0.0, 0.0, 1.0 
25.313035094277446, 15.254417965252197, 0.0, 1.8453867144685656, 2.5000000000000013 
6.058733541866845, 40.74306871086128, 0.0, 2.0241467657460346, 2.5000000000000013 
8.654503178615432, 10.887071397433262, 0.0, 0.0, 1.0 
15.659336152732255, 9.00395750721927, 0.0, 0.4793223719271146, 2.7000000000000015 
46.504338058827855, 33.558994145781874, 0.0, 0.0, 1.0 
57.38951730400595, 19.874656513028263, 0.0, 0.0, 1.0 
32.588353272904385, 4.565959923683113, 0.0, 0.0, 1.0 
36.57123289588114, 19.004980683760145, 0.0, 1.7484161495574324, 1.1 
35.14715056331234, 38.370187876389004, 0.0, 0.0, 1.0 
51.65758702067184, 49.147654179645144, 0.0, 0.0, 1.0 
0.0526180725140308, 43.61098141545897, 0.0, 0.0, 1.0 
17.360963841454193, 26.162754727741383, 0.0, 0.9912044041158568, 2.7000000000000015 
13.252513136361483, 33.80281211461379, 0.0, 0.0, 1.0 
21.40797326385412, 32.560428910245335, 0.0, 0.9490070675714363, 2.7000000000000015 
20.370447919960146, 37.85276395434529, 0.0, 0.0, 1.0 
52.38327984901861, 45.720454061668086, 0.0, 0.0, 1.0 
38.34056427076406, 23.952271287820274, 0.0, 1.2321442780812812, 2.7000000000000015 
9.232900493139999, 12.929688098659053, 0.0, 0.46142019166746834, 1.1 
14.327876639702353, 40.90985060282014, 0.0, 0.0, 1.0 
3.735015483866376, 50.278244632975614, 0.0, 0.0, 1.0 
37.25613172525377, 4.779718682130815, 0.0, 6.016341592560241, 2.7000000000000015 
48.153754530404235, 39.564504352300254, 0.0, 0.0, 1.0 
19.8662160738144, 36.24946052608131, 0.0, 0.0, 1.0 
26.39991883313111, 55.71123411222395, 0.0, 1.8155490640766585, 2.6000000000000014 
54.16943675209315, 30.427540069880056, 0.0, 0.0, 1.0 
57.51707705794364, 55.75461524519223, 0.0, 0.0, 1.0 
5.446265253646801, 17.567111994929153, 0.0, 5.834017935192731, 2.6000000000000014 
53.37129880696903, 1.865887961135307, 0.0, 6.292940594702126, 2.300000000000001 
15.411496582827821, 11.562386386741517, 0.0, 0.0, 1.0 
4.144681628615162, 6.214990170774907, 0.0, 4.259430376108809, 1.1 
12.24579695254171, 37.3410453458395, 0.0, 0.0, 1.0 
39.48645554058541, 49.0355123142931, 0.0, 0.0, 1.0 
36.07634654862772, 24.76508741921403, 0.0, 0.0, 1.0 
12.731881939935901, 19.13141960177816, 0.0, 0.0, 1.0 
26.415594951409755, 60.072646586853345, 0.0, 0.0, 1.0 
14.253745028712384, 37.41345158560659, 0.0, 0.0, 1.0 
7.825398935023223, 14.803865112929312, 0.0, 5.808037649079237, 2.7000000000000015 
29.58003955706275, 17.724580897745245, 0.0, 0.0, 1.0 
61.11724113062928, 24.9772128062671, 0.0, 0.0, 1.0 
12.174101807059781, 16.872004134380504, 0.0, 1.8466429971165572, 2.7000000000000015 
15.244251176129081, 13.630167636596102, 0.0, 0.0, 1.0 
1.9470420234020196, 55.08040429404132, 0.0, 0.0, 1.0 
25.72621776589152, 18.326161249896135, 0.0, 0.0, 1.0 
61.573670034740005, 58.74262041968013, 0.0, 4.4607220313678635, 2.7000000000000015 
24.66222667567749, 0.5822370107873591, 0.0, 0.0, 1.0 
20.89337625340216, 5.409417879380173, 0.0, 1.1637626812429067, 2.7000000000000015 
49.54902127039021, 54.29306427354156, 0.0, 0.0, 1.0 
1.1294247730172509, 30.115440229472544, 0.0, 0.0, 1.0 
59.65145527345436, 0.36463789175918765, 0.0, 5.259696351754953, 2.7000000000000015 
57.14174762124088, 32.99099911013561, 0.0, 0.0, 1.0 
50.85448786512969, 59.25910072365128, 0.0, 1.3388506138944622, 1.7000000000000006 
13.70651565009494, 14.871066290767983, 0.0, 4.27109852708442, 1.4000000000000004 
52.235671949900926, 20.388795306741567, 0.0, -0.055122554667039726, 2.7000000000000015 
55.92549868735402, 47.33992764459168, 0.0, 0.9873117454596068, 2.7000000000000015 
19.504661446026706, 4.725873424922913, 0.0, 1.2966326285801941, 2.7000000000000015 
47.156517720413625, 30.2079185527058, 0.0, 7.104079542158449, 2.7000000000000015 
47.79111952712165, 0.09157934217855124, 0.0, 1.448698935295973, 2.300000000000001 
16.065840081280353, 19.18434886410647, 0.0, 0.0, 1.0 
11.274968135701371, 42.55943046041207, 0.0, 0.0, 1.0 
46.17403783016882, 38.98924560596557, 0.0, 0.0, 1.0 
23.01002005241364, 17.78764438525731, 0.0, 1.6363413108767983, 2.7000000000000015 
39.415409003462514, 22.616094918205512, 0.0, 0.7110691856593597, 1.6000000000000005 
51.980668597647046, 23.82701853992568, 0.0, -0.04588592880821482, 2.7000000000000015 
26.070248918340823, 36.109762653925294, 0.0, -0.16719587228010063, 2.7000000000000015 
56.962297273865374, 8.835461702893012, 0.0, 0.09617614406111825, 2.7000000000000015 
61.10614616585819, 27.045602832355197, 0.0, 0.0, 1.0 
33.31567450587851, 57.514163950961496, 0.0, 0.0, 1.0 
56.18682362591977, 22.46952135676537, 0.0, 0.14545142441162762, 2.7000000000000015 
52.96060088229848, 8.367663064730184, 0.0, 4.2588540833943975, 2.7000000000000015 
31.51166243247614, 56.557568923319174, 0.0, 0.0, 1.0 
34.78995089354438, 26.202893278118935, 0.0, 0.0, 1.0 
46.39042232348012, 49.893512943952416, 0.0, 0.0, 1.0 
21.587324531682466, 48.65068730341702, 0.0, 5.053977967575976, 2.7000000000000015 
16.294018084852436, 37.50306528474032, 0.0, 0.0, 1.0 
9.815203754343322, 26.82873391786039, 0.0, 0.0, 1.0 
16.853028417582966, 14.43778607513518, 0.0, 7.681213846532311, 2.300000000000001 
37.01330796866691, 52.23233779203742, 0.0, 5.674464724698058, 2.7000000000000015 
53.5042597966327, 49.62868454831427, 0.0, 0.0, 1.0 
39.899852138487134, 25.288090299285123, 0.0, 1.2786719274183194, 2.7000000000000015 
12.457142115125988, 22.1537648998542, 0.0, 7.252016186486514, 2.7000000000000015 
42.818452546235775, 18.932971289251554, 0.0, -1.107447370174943, 2.7000000000000015 
29.99561014861165, 12.54471275290443, 0.0, 0.0, 1.0 
16.30185248577658, 44.53859258463066, 0.0, 0.0, 1.0 
21.383768170189626, 60.7005835378774, 0.0, 2.6202472090920237, 1.1 
57.56359430787988, 31.198961507154458, 0.0, 0.0, 1.0 
50.12380487042474, 8.849737622026485, 0.0, 0.02113813155490493, 2.7000000000000015 
7.618364894251237, 26.846068026664813, 0.0, 0.0, 1.0 
43.84946052406844, 15.80977043318506, 0.0, 0.0, 1.0 
19.830799001468208, 25.522322532059885, 0.0, 0.0, 1.0 
11.362618737447502, 39.009911435402735, 0.0, 0.0, 1.0 
49.02236855281779, 46.78729054019027, 0.0, 0.0, 1.0 
28.44968707395493, 9.223033979264976, 0.0, 0.0, 1.0 
1.3860201165508426, 7.243555274538998, 0.0, 0.9926807010872434, 1.7000000000000006 
22.8356655259264, 44.46743335681424, 0.0, 1.4393928636638738, 1.6000000000000005 
31.74419867403131, 11.633844776023809, 0.0, 0.0, 1.0 
23.656602840360758, 35.09892097205871, 0.0, 0.7673165773165886, 2.7000000000000015 
40.26138341637915, 54.43291165556195, 0.0, 0.0, 1.0 
61.877918726457054, 49.40957125056709, 0.0, 0.0, 1.0 
45.421156466616644, 28.146507654752224, 0.0, 5.81726933324861, 2.200000000000001 
9.21711871298613, 6.148948662302951, 0.0, 4.305618188837371, 2.7000000000000015 
53.520747984808615, 34.26134780310361, 0.0, 0.0, 1.0 
48.90128968231962, 28.79168796648151, 0.0, 0.0, 1.0 
20.76747452240477, 16.626588138605072, 0.0, 8.226866870572785, 2.7000000000000015 
18.253761814824745, 24.540157165874195, 0.0, 0.0, 1.0 
57.76380163827321, 53.13855782906288, 0.0, 1.466571432236579, 2.7000000000000015 
22.89300159514185, 47.328736917654915, 0.0, 4.550982165027086, 2.7000000000000015 
54.75783035035771, 53.523199221632346, 0.0, 0.0, 1.0 
31.25755402240046, 48.44563402516774, 0.0, 3.3283014520428584, 1.3000000000000003 
52.08121709496782, 56.5706304525938, 0.0, 0.0, 1.0 
22.86179881285095, 62.061219378823544, 0.0, 0.0, 1.0 
19.624212257311115, 21.92298979694932, 0.0, 0.0, 1.0 
23.423223755244173, 21.561794585198253, 0.0, 0.0, 1.0 
33.31103658342678, 12.667102827939223, 0.0, 0.0, 1.0 
35.09401382096655, 57.26270844991703, 0.0, 3.930279054583384, 2.100000000000001 
48.471315824370556, 34.27940582351193, 0.0, 0.0, 1.0 
31.89100368912052, 6.5107422262506915, 0.0, 0.0, 1.0 
50.70458105922103, 11.63727494246957, 0.0, 7.252639462447149, 2.7000000000000015 
25.46939785265901, 27.08898017736447, 0.0, 0.0, 1.0 
30.89242027766736, 31.400963863027794, 0.0, 0.0, 1.0 
36.294536977734175, 33.08130595942902, 0.0, 0.0, 1.0 
23.033100144889676, 1.287197121787857, 0.0, 0.0, 1.0 
59.959062806053815, 48.88701769208399, 0.0, 0.0, 1.0 
40.47409541732514, 56.36986838223173, 0.0, 0.0, 1.0 
20.881152032232624, 9.181934286739182, 0.0, 0.816896410189828, 2.7000000000000015 
45.20649905520679, 21.65489663902716, 0.0, 6.711397385742447, 2.000000000000001 
7.080367221698027, 1.0986071959705275, 0.0, 3.546747259046202, 1.6000000000000005 
41.52263813615028, 62.183554262546195, 0.0, 0.9232706715735979, 2.7000000000000015 
45.74013432034199, 47.92424732806591, 0.0, 0.0, 1.0 
4.471134219597845, 31.4941889873554, 0.0, 0.0, 1.0 
39.896878677330875, 52.54371910651779, 0.0, 0.0, 1.0 
1.6320111469864163, 43.54410347007221, 0.0, 2.336726215226097, 2.7000000000000015 
3.405257570324778, 0.9452725572355177, 0.0, 4.821511316905311, 2.7000000000000015 
50.4513265339763, 30.080193972664773, 0.0, 0.0, 1.0 
37.89446949187597, 31.79510898730807, 0.0, 0.0, 1.0 
15.105957673466332, 33.78100715736055, 0.0, 0.0, 1.0 
59.35125496028092, 26.013494097757114, 0.0, 0.0, 1.0 
26.952397056467312, 14.448976134926475, 0.0, 0.0, 1.0 
60.342040095907436, 34.17665022556723, 0.0, 0.0, 1.0 
42.653374770985856, 1.6087457038426767, 0.0, 6.345152010473358, 2.7000000000000015 
9.941106813384264, 56.49143754617924, 0.0, 0.2543111020602268, 2.4000000000000012 
20.105919858189093, 51.17523314326196, 0.0, -0.4068299278169069, 2.7000000000000015 
38.69180417670681, 43.91841627960817, 0.0, 0.0, 1.0 
21.459373142476235, 24.27154794200398, 0.0, 0.0, 1.0 
10.369358112612101, 48.01243388652581, 0.0, 0.0, 1.0 
0.9374152830948621, 35.2664637925757, 0.0, 0.0, 1.0 
47.04736041058311, 51.83060805657653, 0.0, 0.0, 1.0 
47.19013702358097, 26.295735578943436, 0.0, 5.862376101431162, 2.000000000000001 
10.571220962271523, 54.012220471891915, 0.0, 0.46611072957849736, 2.7000000000000015 
16.6381863996441, 17.215299452358405, 0.0, 0.0, 1.0 
57.586302297857166, 39.722340800158456, 0.0, 0.0, 1.0 
3.6509980459679405, 11.25339837389659, 0.0, 3.226996335479816, 1.4000000000000004 
19.951396872588663, 2.2398382663880687, 0.0, 1.5310532908443077, 2.7000000000000015 
19.038798958105396, 6.583828961093869, 0.0, 0.9258566101848313, 2.7000000000000015 
51.831287317956956, 15.256883885245786, 0.0, 3.3603886463557924, 2.7000000000000015 
30.105928975579143, 36.313593549492026, 0.0, 0.0, 1.0 
19.43819682511545, 9.849134842681426, 0.0, 1.4766866776517371, 2.7000000000000015 
7.20275666384639, 30.756182306017607, 0.0, 0.0, 1.0 
57.68106858631347, 21.675175742061487, 0.0, 0.32759031648575504, 2.7000000000000015 
25.20042031140621, 25.39914548286264, 0.0, 0.0, 1.0 
57.47010127424303, 28.453381321278396, 0.0, 0.0, 1.0 
43.40169741778202, 26.52250542963845, 0.0, 3.7808581756857182, 1.5000000000000004 
3.8547238437895825, 28.360165604608127, 0.0, 0.0, 1.0 
27.12013495629382, 25.819218316955215, 0.0, 0.0, 1.0 
20.656490159998743, 45.40167167439747, 0.0, 3.554422597138461, 2.7000000000000015 
56.06254355441682, 29.814517023452776, 0.0, 0.0, 1.0 
38.51798487605754, 35.86840906744084, 0.0, 0.0, 1.0 
59.51922011284087, 24.419593515915018, 0.0, 0.0, 1.0 
16.19230677207227, 52.350707372954254, 0.0, 6.328573963091896, 2.7000000000000015 
1.2812049021808343, 41.964603308558104, 0.0, 0.0, 1.0 
36.87599013910219, 26.637909214431573, 0.0, 0.0, 1.0 
36.90178711593382, 37.13844112116869, 0.0, 0.0, 1.0 
57.92516040805033, 36.24990409498559, 0.0, 0.0, 1.0 
54.300326056349725, 17.608172228795297, 0.0, -0.3692265317594989, 2.7000000000000015 
24.293306979170694, 50.13931404183004, 0.0, 1.2706939215484865, 2.7000000000000015 
34.849819846750954, 15.778778701514533, 0.0, 7.906796872300419, 2.7000000000000015 
48.21011171697261, 55.86360392556865, 0.0, 0.0, 1.0 
38.98498956378459, 45.856796087801456, 0.0, 0.0, 1.0 
35.118597424292254, 36.48361458548562, 0.0, 0.0, 1.0 
24.294585205086246, 30.149349091250517, 0.0, 0.0, 1.0 
33.38954992065906, 48.01936542496215, 0.0, 0.0, 1.0 
27.78246532222399, 40.90705967627793, 0.0, 0.0, 1.0 
47.2762076974835, 14.233657980524764, 0.0, 2.956475683142322, 2.7000000000000015 
30.480429800085354, 21.43430250457113, 0.0, 0.0, 1.0 
9.133151924688454, 57.60050969607809, 0.0, 0.2080417318546496, 2.4000000000000012 
15.877211095893482, 59.00995586096384, 0.0, 6.467789553156575, 2.7000000000000015 
61.16936102519383, 20.659709622804684, 0.0, 0.0, 1.0 
40.420320304792845, 47.33621986480367, 0.0, 0.0, 1.0 
20.44802336925968, 41.20583496936894, 0.0, 0.0, 1.0 
28.91928044015951, 19.33873670456713, 0.0, 0.0, 1.0 
24.75552650826227, 6.717239713311309, 0.0, 0.0, 1.0 
47.395320460664344, 58.634835658110966, 0.0, 4.911915260393922, 2.6000000000000014 
10.139270872469769, 37.28968568219033, 0.0, 0.0, 1.0 
29.208327881691517, 30.24673715154493, 0.0, 0.0, 1.0 
26.37486561389247, 33.784388585606436, 0.0, 0.2528590448944423, 2.6000000000000014 
35.10934604800182, 40.32148148593, 0.0, 0.0, 1.0 
34.114533160570836, 24.30051124340028, 0.0, 0.0, 1.0 
22.51627783442678, 29.571967630174274, 0.0, 0.0, 1.0 
14.809395146243704, 50.172775112170676, 0.0, 0.4342260329366045, 1.2000000000000002 
22.115652679353772, 37.62544844180129, 0.0, 0.0, 1.0 
3.2338287244219504, 46.21319515017294, 0.0, 0.0, 1.0 
25.64734354629415, 28.832932330268452, 0.0, 0.0, 1.0 
47.096789463832394, 9.537427939602443, 0.0, -0.10251941721643278, 2.7000000000000015 
56.651196839672295, 59.19623648709126, 0.0, 0.0, 1.0 
60.09396076802136, 9.986451371682223, 0.0, 0.551996997012655, 2.7000000000000015 
3.716592536045136, 21.161669005987193, 0.0, 0.0, 1.0 
6.93695679183647, 37.91160087414909, 0.0, 2.13199333218819, 2.6000000000000014 
28.151726114814355, 61.48669659988156, 0.0, 1.4366151354834347, 2.7000000000000015 
26.42555605561504, 8.124228923003475, 0.0, 1.1893172341938818, 1.1 
28.60347521899577, 22.758660362965358, 0.0, 0.0, 1.0 
36.67136463895001, 23.221191652796705, 0.0, 0.9699969630807308, 2.7000000000000015 
45.64835576099498, 37.01250773818182, 0.0, 0.0, 1.0 
54.65402578922238, 58.85962509044197, 0.0, 0.0, 1.0 
22.70928488629314, 36.28042077803506, 0.0, 6.375343214691386, 2.7000000000000015 
28.534874106594756, 20.985586099435306, 0.0, 0.0, 1.0 
52.73775203565654, 26.829616982147453, 0.0, 0.0, 1.0 
33.39841953069141, 35.935706182093554, 0.0, 0.0, 1.0 
12.367741725758757, 32.1313562988842, 0.0, 0.0, 1.0 
7.186531779112712, 49.406183346471025, 0.0, 0.0, 1.0 
11.549138686272611, 9.176024214871102, 0.0, 4.558538551688559, 2.200000000000001 
28.339378753676534, 13.281181363643373, 0.0, 0.0, 1.0 
54.8883868195329, 5.658619066241198, 0.0, 5.518467482094167, 2.000000000000001 
56.19040664862989, 51.95228096550611, 0.0, 0.0, 1.0 
41.9929712155497, 41.44251967032395, 0.0, 0.0, 1.0 
48.047048608825065, 32.23978063566718, 0.0, 0.0, 1.0 
13.99461248290682, 25.465371408609524, 0.0, 1.2651101559136742, 2.7000000000000015 
23.935528835320067, 61.15977160304434, 0.0, 0.8228654704022389, 2.6000000000000014 
2.889841918985236, 35.2262731441607, 0.0, 0.0, 1.0 
62.241387375538686, 5.4274752410778895, 0.0, 1.3470365796051873, 2.7000000000000015 
11.21888220701745, 25.266320535323377, 0.0, 0.0, 1.0 
5.073516825941007, 16.123662070965704, 0.0, 0.08847006988980491, 2.6000000000000014 
54.82927884150113, 37.8593749706927, 0.0, 0.0, 1.0 
24.09346918511005, 12.588116528798919, 0.0, 1.5890215636707679, 2.7000000000000015 
1.8294418437290816, 47.60506636271217, 0.0, 0.0, 1.0 
21.309414364316748, 17.75264978574116, 0.0, 2.334888673352796, 2.7000000000000015 
49.12832168051247, 21.21985418842945, 0.0, 5.793894057650509, 2.4000000000000012 
57.686892456628094, 24.778991675354465, 0.0, -0.61300853009503, 2.5000000000000013 
0.0927277626101369, 38.510471755882996, 0.0, 0.0, 1.0 
39.41707080555936, 30.421536883487327, 0.0, 0.0, 1.0 
59.0801632601348, 32.587228289118094, 0.0, 0.0, 1.0 
6.977444026191292, 55.94604639665781, 0.0, 0.6891992872019326, 1.9000000000000008 
41.79727285349689, 53.04245522616995, 0.0, 0.0, 1.0 
13.282644265878481, 46.253886486835114, 0.0, 0.0, 1.0 
22.90322474457256, 10.058500112028604, 0.0, 0.9689029503696963, 2.7000000000000015 
33.212254085067784, 55.493281889498675, 0.0, 0.0, 1.0 
18.578426505192912, 14.583116412822788, 0.0, 8.782970230059735, 2.7000000000000015 
55.21795978891292, 43.06046633981539, 0.0, 0.0, 1.0 
55.59980105262455, 39.580656086837784, 0.0, 0.0, 1.0 
7.793126712536321, 45.82576297584451, 0.0, 0.0, 1.0 
23.294819985413344, 39.197199190081214, 0.0, 0.0, 1.0 
28.36229253649802, 11.27726971880417, 0.0, 0.0, 1.0 
16.22304403429235, 21.197576121167184, 0.0, 8.478604774698804, 2.7000000000000015 
35.2957100446717, 46.168067520706416, 0.0, 0.0, 1.0 
39.37253524624537, 20.136866114626486, 0.0, 1.8997186421764547, 2.300000000000001 
21.055964395280103, 7.567203283256141, 0.0, 0.9228236977016882, 2.5000000000000013 
13.318058565637013, 39.09527972689453, 0.0, 0.0, 1.0 
18.908862000234627, 60.5379163824431, 0.0, 0.4827061924877012, 2.7000000000000015 
49.99541185921689, 15.911031087604583, 0.0, 3.546197221760452, 2.7000000000000015 
39.17081057276063, 8.855246934622908, 0.0, 2.6537535865520288, 2.7000000000000015 
34.16833956727457, 53.72659874805024, 0.0, 0.0, 1.0 
38.724104648803845, 37.94261047813885, 0.0, 0.0, 1.0 
60.915714163345925, 43.48078399828336, 0.0, 0.0, 1.0 
50.170897194142455, 14.037947371641343, 0.0, 2.6194559689506103, 2.7000000000000015 
14.737622561852302, 54.43424022876405, 0.0, 5.7389053347197985, 2.7000000000000015 
4.799900471243361, 46.90014773072865, 0.0, 0.0, 1.0 
51.97765365500877, 10.340178557268146, 0.0, 4.633009344924334, 2.000000000000001 
28.48343113034448, 43.919127051548784, 0.0, 0.0, 1.0 
49.017371504556394, 57.93972510901325, 0.0, 0.0, 1.0 
39.783383604884676, 32.469236414108224, 0.0, 0.0, 1.0 
13.149491756692711, 8.713078357375057, 0.0, 0.0, 1.0 
36.48366242448056, 54.30080642703316, 0.0, 3.7575628520643805, 1.9000000000000008 
9.297503738400692, 42.380530717034254, 0.0, 0.0, 1.0 
21.688196711265288, 58.778668243886635, 0.0, 0.9015877828922619, 2.7000000000000015 
43.03470094220289, 62.18525104148638, 0.0, 3.9921005008547943, 2.7000000000000015 
43.75289154679196, 53.01277632755234, 0.0, 0.0, 1.0 
61.392463041516955, 40.046150730193546, 0.0, 0.0, 1.0 
29.402096187188512, 0.08747861201991286, 0.0, 2.1075380540648343, 2.7000000000000015 
33.119885793614024, 60.98852057073783, 0.0, 0.0, 1.0 
41.8628672456088, 35.55402602354661, 0.0, 0.0, 1.0 
42.273409588817344, 16.97461215561817, 0.0, 0.0, 1.0 
46.04335251009512, 7.907054261790636, 0.0, 2.407600302413251, 2.7000000000000015 
0.2060067582659006, 1.4114982618863887, 0.0, 1.0274260647524598, 2.7000000000000015 
38.20855665608267, 33.77529895959772, 0.0, 0.0, 1.0 
32.68759064937769, 44.12937566764722, 0.0, 0.0, 1.0 
60.01705931896815, 58.22163253249216, 0.0, 0.0, 1.0 
22.96709652298182, 31.277734688143497, 0.0, 0.0, 1.0 
2.173362396332133, 26.13919391711926, 0.0, 0.0, 1.0 
16.346539657885018, 40.96180726322724, 0.0, 0.0, 1.0 
7.624631396650525, 61.533079030880195, 0.0, 5.455710232837476, 2.7000000000000015 
15.609414519302998, 15.478834232200619, 0.0, 0.0, 1.0 
31.49131217651487, 38.99484823578687, 0.0, 0.0, 1.0 
43.52332701708937, 58.87735734621295, 0.0, 2.7512171577198075, 1.9000000000000008 
61.116056773100766, 55.461272907629365, 0.0, -1.7277509527338757, 2.7000000000000015 
7.681226975503535, 21.805475632886164, 0.0, 0.0, 1.0 
20.842591292560083, 35.03492196159322, 0.0, 0.4642816423762351, 2.300000000000001 
58.789493143054834, 38.01225274724159, 0.0, 0.0, 1.0 
19.15909119596387, 30.29626478272226, 0.0, 0.8452365322749406, 2.7000000000000015 
23.243677888531572, 23.25875890566288, 0.0, 0.0, 1.0 
30.28766555100986, 44.83032815309093, 0.0, 0.0, 1.0 
57.498734361301004, 26.476600211226053, 0.0, 0.0, 1.0 
62.48697275749525, 16.59057769227312, 0.0, 0.15737660435835243, 2.7000000000000015 
55.94172928428276, 44.99823958769724, 0.0, 0.0, 1.0 
34.40498163813701, 29.817840920691637, 0.0, 0.0, 1.0 
1.7694668228470043, 49.60600450026019, 0.0, 0.0, 1.0 
0.34868652347676604, 51.09241662727407, 0.0, 0.0, 1.0 
12.330179707571821, 48.026254203749325, 0.0, 0.0, 1.0 
59.314404555618005, 19.18100824757171, 0.0, 0.0, 1.0 
51.86089148663864, 33.60264035104883, 0.0, 0.0, 1.0 
14.409428362737579, 22.546134716635784, 0.0, 2.0519501614896836, 2.7000000000000015 
19.50509531556482, 31.90943856353554, 0.0, 7.006696661484926, 2.7000000000000015 
11.6503908524628, 52.62572928019649, 0.0, 5.941766750938276, 1.2000000000000002 
43.99224788979703, 47.695331382722436, 0.0, 0.0, 1.0 
28.792503370813936, 52.72470657722063, 0.0, 1.6280080341782794, 2.7000000000000015 
21.830399715785784, 12.6123823350885, 0.0, 1.1578726657353684, 2.7000000000000015 
1.8812675553318456, 18.925495210263893, 0.0, -0.25305185861281654, 2.7000000000000015 
3.374746501741366, 37.28336773716058, 0.0, 0.0, 1.0 
51.42594687507737, 54.64128416433444, 0.0, 0.0, 1.0 
56.68340164304076, 11.366035654684243, 0.0, 3.3836191281383643, 2.7000000000000015 
47.97580657520606, 8.01284049884549, 0.0, 2.7143891944096517, 2.5000000000000013 
10.202685788859746, 9.152109702191016, 0.0, -1.4501293237590018, 2.7000000000000015 
13.606140948206377, 20.91675704314301, 0.0, 0.0, 1.0 
20.64873816740083, 47.60911470610809, 0.0, 5.496407698557292, 2.7000000000000015 
17.021736496062854, 10.588222151061318, 0.0, 6.627731561387912, 2.6000000000000014 
37.30622667266553, 3.4316029139580655, 0.0, 0.008138661608477458, 2.7000000000000015 
11.23999019470255, 33.80586551721422, 0.0, 0.0, 1.0 
62.626865184869274, 54.75522019321777, 0.0, 0.0, 1.0 
6.538814986790034, 36.03760096080976, 0.0, 0.0, 1.0 
8.256076293916076, 32.53496366405556, 0.0, 0.0, 1.0 
30.055998110005202, 10.464618846773575, 0.0, 0.0, 1.0 
30.450393127318986, 23.47149746273373, 0.0, 0.0, 1.0 
35.95318918702491, 31.091970688703697, 0.0, 0.0, 1.0 
2.915279946633196, 22.903369944651082, 0.0, 0.0, 1.0 
44.37337028513662, 19.610311176547032, 0.0, 1.5397746527391383, 1.1 
62.288380978265124, 46.74109023454659, 0.0, 8.319838475986993, 2.7000000000000015 
54.585915229357774, 21.329097496979237, 0.0, 0.11391198991189334, 2.7000000000000015 
60.14102132638597, 13.223165634551064, 0.0, 2.6664577564914858, 2.7000000000000015 
34.095808967921684, 9.006402106827956, 0.0, 0.0, 1.0 
25.836240292620797, 62.126248464518795, 0.0, 1.3822151420710227, 2.7000000000000015 
55.09709995966386, 0.9115250523681584, 0.0, 6.81797887862087, 2.300000000000001 
59.929269888908046, 36.26806448163667, 0.0, 4.348974536330281, 1.1 
13.38099432935914, 30.488561063630673, 0.0, 0.0, 1.0 
54.07115590010856, 56.97759167930063, 0.0, 0.0, 1.0 
15.32371166740362, 28.40414069352177, 0.0, 7.180761204487676, 2.7000000000000015 
33.52245209426999, 17.008447101748423, 0.0, 0.0, 1.0 
52.81327023845441, 53.11261697600244, 0.0, 0.0, 1.0 
36.61324661243556, 10.703508799631711, 0.0, 2.6316097356944854, 2.7000000000000015 
42.21844632306653, 55.021631032623965, 0.0, 0.0, 1.0 
49.90446743237092, 33.02398308692661, 0.0, 0.0, 1.0 
1.8354903343420286, 15.35298156089232, 0.0, 0.3298644169024613, 2.7000000000000015 
13.170173458234144, 56.869615551928305, 0.0, 6.238585773228889, 2.7000000000000015 
5.586905340481826, 34.23799592483284, 0.0, 0.0, 1.0 
59.56617959968434, 3.9791834379671758, 0.0, 0.22321702459466222, 2.7000000000000015 
21.487501481914205, 2.0792877077853555, 0.0, 0.0, 1.0 
28.192029178691556, 7.209669046860084, 0.0, 0.0, 1.0 
8.293064348788766, 40.53846322587421, 0.0, 0.0, 1.0 
0.4951647876142433, 12.00641111298646, 0.0, 2.8165438755980663, 2.4000000000000012 
7.920026241063322, 38.73294091066544, 0.0, 2.2384449998641887, 1.3000000000000003 
48.98489119981241, 36.25990494633522, 0.0, 0.0, 1.0 
32.53881890532611, 28.590740235485928, 0.0, 0.0, 1.0 
4.09407339607634, 41.32886235061741, 0.0, 2.380803261973938, 2.7000000000000015 
46.4775767642679, 20.70946483013153, 0.0, 0.9380936902671857, 2.5000000000000013 
41.85528565266526, 4.500082349813045, 0.0, 0.1461762051047391, 2.7000000000000015 
6.008873569497532, 43.42614407336597, 0.0, 0.0, 1.0 
26.527697129399375, 47.68579766587889, 0.0, 1.7879130527899634, 2.7000000000000015 
52.9589854214164, 14.157177663936574, 0.0, 3.122461564032228, 2.7000000000000015 
47.68773597011105, 48.320339069033366, 0.0, 0.0, 1.0 
44.281892652420005, 54.8777229085828, 0.0, 0.0, 1.0 
5.868826328451794, 50.90362625230309, 0.0, 0.0, 1.0 
16.44077514473053, 23.83754971840066, 0.0, 0.8769151871588957, 2.7000000000000015 
16.07493538640607, 2.06992556332503, 0.0, 5.472362795157252, 1.1 
13.415871672668043, 51.53435482446665, 0.0, 0.3720534888344024, 1.5000000000000004 
21.757075848780598, 19.696703257012693, 0.0, 2.645654947836268, 2.7000000000000015 
35.45985930776734, 50.1189429731551, 0.0, 0.0, 1.0 
50.36255439736309, 45.285398000527884, 0.0, 0.0, 1.0 
29.202730680558858, 3.5409181944164185, 0.0, 0.0, 1.0 
43.28556217663397, 34.282164372391556, 0.0, 0.0, 1.0 
37.497957626928326, 29.82775782506925, 0.0, 0.0, 1.0 
54.05997169000184, 22.984886316518143, 0.0, 0.15145013784835243, 2.7000000000000015 
38.6665414971385, 12.714382424456144, 0.0, 2.5482748529091674, 2.7000000000000015 
18.024570314079266, 21.3552682380841, 0.0, 2.673941064681177, 2.7000000000000015 
9.545984516873453, 46.14199770165389, 0.0, 0.0, 1.0 
38.99222371393018, 26.61332316832341, 0.0, 7.009460855635671, 2.7000000000000015 
26.705753981845557, 12.353955996710475, 0.0, 0.0, 1.0 
39.858973316334, 14.51054064283362, 0.0, 5.61318928531943, 2.4000000000000012 
49.61654596302763, 62.00650429291918, 0.0, 1.2624642658596736, 1.6000000000000005 
0.5662198701016735, 20.71384657547082, 0.0, 0.0, 1.0 
41.45560493440982, 15.434246148183185, 0.0, 8.585024475454802, 2.7000000000000015 
1.8374215684999389, 1.242890956369652, 0.0, 1.6961934994138077, 2.7000000000000015 
53.61308507837961, 32.42111921561144, 0.0, 0.0, 1.0 
17.31124425047663, 29.361202905675007, 0.0, 7.221466195578184, 2.7000000000000015 
10.370392650480536, 23.398699574929946, 0.0, 0.0, 1.0 
35.98235530338615, 16.868896388126686, 0.0, 1.6545280456251914, 2.7000000000000015 
33.415594675364844, 50.073291679594796, 0.0, 0.0, 1.0 
1.6912626125751813, 21.96478831050582, 0.0, -0.9692050758444909, 2.7000000000000015 
47.84326900628004, 5.691303392116312, 0.0, 0.9065944938495674, 2.7000000000000015 
26.90043193675776, 23.849053228380807, 0.0, 0.0, 1.0 
60.476893811045535, 28.95277156416276, 0.0, 0.0, 1.0 
44.708953097516805, 40.37731734854338, 0.0, 0.0, 1.0 
18.940132402619543, 18.845322756810084, 0.0, 8.737662322219016, 2.7000000000000015 
7.633264272428735, 20.165343365274197, 0.0, 0.0, 1.0 
18.131162205071544, 33.47709592080629, 0.0, 0.419082619974684, 2.7000000000000015 
26.120870013795354, 53.39223841544643, 0.0, 1.8997679261386353, 2.7000000000000015 
54.435622560031206, 28.539798651894845, 0.0, 0.0, 1.0 
62.37092957089226, 22.46368158795041, 0.0, 0.0, 1.0 
9.568108872036426, 39.02462984989179, 0.0, 0.0, 1.0 
41.040719532952494, 18.521034532658263, 0.0, 0.0, 1.0 
41.299086942120006, 30.906470602767186, 0.0, 1.8033778652104469, 1.4000000000000004 
58.30858581525942, 41.60233755349427, 0.0, 0.0, 1.0 
59.03036736702735, 15.367502955251776, 0.0, 0.9397305455612079, 2.7000000000000015 
5.71593441526634, 27.516906460119195, 0.0, 0.0, 1.0 
42.293532231245074, 43.433472848063545, 0.0, 0.0, 1.0 
59.03537325474179, 47.006923664485875, 0.0, 0.0, 1.0 
35.04345872796192, 7.191684993442253, 0.0, 0.0, 1.0 
37.17876030370219, 49.00704100330679, 0.0, 0.0, 1.0 
33.066992638065585, 20.75776730171815, 0.0, 6.358252181020985, 1.4000000000000004 
17.177203269844476, 36.01290866114385, 0.0, 0.0, 1.0 
41.27504301614655, 51.03949699837928, 0.0, 0.0, 1.0 
4.825825264956393, 1.6245968319531547, 0.0, 4.464980474432883, 2.7000000000000015 
29.606681585321986, 40.013553291409956, 0.0, 0.0, 1.0 
18.88778636722764, 27.24577468923519, 0.0, 1.2192483479166338, 2.7000000000000015 
54.84983528406481, 48.245558018683354, 0.0, 0.0, 1.0 
38.50553703395669, 39.96426786614085, 0.0, 0.0, 1.0 
50.826460099747976, 52.67565989389979, 0.0, 0.0, 1.0 
18.60936649222033, 20.04449500617606, 0.0, 8.872776007954174, 2.6000000000000014 
37.62106436799977, 50.558050769891686, 0.0, 5.840938013083872, 2.7000000000000015 
0.5645124453598138, 8.234163158290887, 0.0, 0.704096236607826, 2.7000000000000015 
61.697190462548484, 35.3609413371498, 0.0, 0.0, 1.0 
19.39068118829348, 39.39256477922148, 0.0, 0.0, 1.0 
48.89065309212798, 41.49873743516995, 0.0, 0.0, 1.0 
24.224406828857763, 18.356065981588586, 0.0, 1.9134529784134888, 2.7000000000000015 
7.5888515738818105, 16.71330010960835, 0.0, 0.0, 1.0 
59.037227215278726, 54.33461565367511, 0.0, 0.0, 1.0 
17.8625182101102, 9.423067033269568, 0.0, 7.119270958943204, 2.7000000000000015 
38.151797438606344, 19.057672121753185, 0.0, 1.4957351966349766, 2.7000000000000015 
56.56586384493959, 0.337922477635248, 0.0, 6.822500390383818, 2.7000000000000015 
56.409756539249635, 41.38503304967657, 0.0, 0.0, 1.0 
33.41008887209297, 33.88511833931659, 0.0, 0.0, 1.0 
25.835105626882132, 51.19105239804543, 0.0, 1.862534074616664, 2.7000000000000015 
27.404382255287945, 38.992310512921264, 0.0, 0.0, 1.0 
3.0421832585919995, 16.79416974072896, 0.0, 0.23571104666606796, 2.7000000000000015 
55.97321211909704, 36.26904276971525, 0.0, 0.0, 1.0 
25.054711966440667, 23.747121003413824, 0.0, 0.0, 1.0 
47.212640375645826, 19.03110614393903, 0.0, 0.0, 1.0 
0.7866322254443034, 56.56822366915033, 0.0, 0.0, 1.0 
51.532951375092104, 38.90828900937205, 0.0, 0.0, 1.0 
20.796458598886733, 19.228169469865723, 0.0, 2.505937844624957, 2.7000000000000015 
32.268466654547254, 24.419168486909058, 0.0, 0.0, 1.0 
35.155366918110026, 12.878272977310656, 0.0, 2.3623982232139866, 2.7000000000000015 
5.809644668496351, 21.11124100573571, 0.0, 0.0, 1.0 
22.571938316548238, 7.703981218517646, 0.0, 1.1540087134486294, 2.7000000000000015 
12.603979299877434, 28.82024184051477, 0.0, 0.0, 1.0 
33.00658409446778, 42.118634314606325, 0.0, 0.0, 1.0 
42.32154225553092, 24.919160197598618, 0.0, 5.82448965212065, 2.5000000000000013 
21.763933015653908, 34.323503440253674, 0.0, 0.7884340895296464, 2.7000000000000015 
23.860443983068375, 40.97790086500715, 0.0, 0.0, 1.0 
52.17604238962736, 35.60253921734349, 0.0, 0.0, 1.0 
59.01751272379844, 23.010259023740208, 0.0, 0.17932372137233227, 2.7000000000000015 
9.702323247007119, 3.072773190991376, 0.0, 6.192950472776936, 1.5000000000000004 
28.21513151049306, 5.1122492086609155, 0.0, 0.0, 1.0 
55.492071043959655, 14.799755392890566, 0.0, -1.2559982216379084, 2.7000000000000015 
31.70384694308572, 34.94491510802761, 0.0, 0.0, 1.0 
1.2380665338206582, 53.16782875385535, 0.0, 0.0, 1.0 
2.4221694648660983, 17.77590199049375, 0.0, 6.495629440579123, 2.7000000000000015 
35.06727470710798, 42.350871323003645, 0.0, 0.0, 1.0 
50.71000771539739, 22.81627565608698, 0.0, 6.2466853392728465, 2.7000000000000015 
49.264631879350596, 12.64012900958759, 0.0, 4.880256153288313, 1.1 
23.499149480251464, 26.610173574409608, 0.0, 0.0, 1.0 
61.25987770244715, 7.823584053604105, 0.0, 7.118611646676219, 2.7000000000000015 
60.79179889305124, 47.092149074839675, 0.0, 0.0, 1.0 
12.196889443490406, 4.373023008688532, 0.0, 0.8014233771253612, 2.7000000000000015 
13.678168640073718, 12.599259503821749, 0.0, 0.0, 1.0 
55.594528338398625, 31.845620188582068, 0.0, 0.0, 1.0 
26.560819711828962, 34.890403785164615, 0.0, -0.23522195727414216, 2.7000000000000015 
17.4438949842051, 12.727839599353768, 0.0, 7.334011235461208, 2.6000000000000014 
50.927145390067494, 26.25060669547962, 0.0, 6.010777176363334, 1.9000000000000008 
15.634048575107611, 56.189059201709654, 0.0, 6.585797365611008, 2.7000000000000015 
17.22765952968442, 6.169508535626728, 0.0, 0.6399333953828125, 2.7000000000000015 
41.257526317876035, 48.923329361969586, 0.0, 5.243152430889081, 2.300000000000001 
2.6794620382790644, 40.65946183155228, 0.0, 0.0, 1.0 
34.50848240450332, 3.856814582939405, 0.0, 0.4027843812650691, 2.5000000000000013 
8.363306442547374, 18.41835861480293, 0.0, 0.0, 1.0 
42.49882827929246, 39.59234256902492, 0.0, 0.0, 1.0 
57.90172000516667, 2.284631455276592, 0.0, 0.4933906839067101, 2.4000000000000012 
33.41270186483803, 14.726948205974205, 0.0, 0.0, 1.0 
52.19473111806686, 51.12060384792081, 0.0, 0.0, 1.0 
50.343131584541084, 34.96320794746398, 0.0, 0.0, 1.0 
49.062152978065484, 19.68133915443983, 0.0, 5.730159934212016, 2.6000000000000014 
0.6952383349511181, 40.20032989499936, 0.0, 0.0, 1.0 
59.75760456879866, 30.86349433597819, 0.0, 0.0, 1.0 
50.15186769361824, 56.25134415444391, 0.0, 0.0, 1.0 
38.62752951373172, 41.947466988588985, 0.0, 0.0, 1.0 
52.57383171577573, 58.48310876159037, 0.0, 0.0, 1.0 
47.74358720195648, 23.392231163570507, 0.0, 0.10316663093364757, 2.7000000000000015 
52.809251598236735, 37.51480859281543, 0.0, 0.0, 1.0 
12.329810217481272, 40.84597140597606, 0.0, 0.0, 1.0 
55.46636879208105, 24.985009857811743, 0.0, -0.32952232100040946, 2.6000000000000014 
17.179394275597666, 51.15610171028997, 0.0, 0.26381986543098634, 1.9000000000000008 
27.327544718318315, 27.673847928795166, 0.0, 0.0, 1.0 
29.87333986227682, 6.005250913645737, 0.0, 0.0, 1.0 
24.15565428128027, 37.61948042042232, 0.0, 0.0, 1.0 
31.68465197459846, 2.003708020114267, 0.0, 6.157178206372217, 1.4000000000000004 
61.53920416882973, 14.754122947577972, 0.0, 6.159841147616303, 1.7000000000000006 
7.446124310885679, 24.985697955150126, 0.0, 0.0, 1.0 
54.05347312489717, 36.119390311475975, 0.0, 0.0, 1.0 
44.51887679021497, 49.59070740896481, 0.0, 0.0, 1.0 
45.707178929413054, 42.472129449248115, 0.0, 0.0, 1.0 
8.510603530529695, 59.32421192384219, 0.0, 5.709651525287556, 2.100000000000001 
41.57434452269007, 22.672418172315083, 0.0, 5.341524383229651, 2.7000000000000015 
15.623276803966803, 26.805335660537377, 0.0, 1.0412916824058507, 2.7000000000000015 
15.284954882777427, 46.35723170483531, 0.0, 0.0, 1.0 
58.64784124045552, 61.74575447081225, 0.0, 0.0, 1.0 
30.030106883348118, 54.420403393681646, 0.0, 0.7977106394602875, 1.1 
42.91185200163263, 31.158477604623016, 0.0, 4.650619975480543, 2.000000000000001 
56.765487460548535, 15.216166970100588, 0.0, 4.795432338242143, 2.7000000000000015 
29.354442979942025, 60.2910792232187, 0.0, 1.6612989233129922, 2.7000000000000015 
44.839914531138, 25.571165413149355, 0.0, 0.9752358796015649, 2.4000000000000012 
29.150461959204087, 28.468266860569944, 0.0, 0.0, 1.0 
1.8247473724741199, 28.160470247108975, 0.0, 0.0, 1.0 
5.344680065019918, 29.72906460398046, 0.0, 0.0, 1.0 
16.660459334046042, 34.27003666434341, 0.0, 0.0, 1.0 
53.23143901299774, 12.880024688201937, 0.0, 3.1974874549809824, 2.7000000000000015 
33.84781661933169, 5.854263117582066, 0.0, 5.272013296131165, 1.8000000000000007 
1.7259831595720243, 33.55935608326461, 0.0, 0.0, 1.0 
15.153652930148892, 17.337414921782685, 0.0, 0.0, 1.0 
11.347940269311149, 46.240094269712216, 0.0, 0.0, 1.0 
38.675270912718055, 0.5753703096115528, 0.0, 0.0, 1.0 
25.162088003302895, 48.4855580821734, 0.0, 1.4864297108511835, 2.7000000000000015 
45.406866146971815, 17.679414176383666, 0.0, 6.362579647451357, 2.7000000000000015 
12.330812190570652, 49.81714563073972, 0.0, 6.176375497136071, 1.9000000000000008 
17.321311442291854, 46.38659166120003, 0.0, 0.0, 1.0 
47.590518700155855, 37.60329445681967, 0.0, 0.0, 1.0 
47.079942404830526, 35.57526612740146, 0.0, 0.0, 1.0 
45.14231874931601, 34.97363939706415, 0.0, 0.0, 1.0 
23.140545202605697, 58.41113321983483, 0.0, 1.3465024380028634, 2.7000000000000015 
45.72277652520542, 53.408517462166, 0.0, 0.0, 1.0 
45.7022093886265, 59.37814655997296, 0.0, 5.304692529146509, 2.7000000000000015 
18.320584807164547, 44.60629388497636, 0.0, 0.0, 1.0 
49.22961004277918, 30.995161682610025, 0.0, 0.7942068840771617, 2.7000000000000015 
6.182545525357753, 32.49318782228411, 0.0, 0.0, 1.0 
16.636944091891795, 31.919733243963243, 0.0, 0.47815822398257324, 2.7000000000000015 
58.57460484764067, 29.607913676868815, 0.0, 0.0, 1.0 
62.34884745033348, 17.876659333917157, 0.0, 0.2891664501937878, 2.7000000000000015 
31.681602433167768, 9.806598627324458, 0.0, 3.5587405743580556, 2.7000000000000015 
8.215534094618041, 52.001277684203814, 0.0, 0.9632380747591761, 2.000000000000001 
5.653029169330919, 25.470857211943304, 0.0, 0.0, 1.0 
42.664775989126554, 49.25384008287327, 0.0, 0.0, 1.0 
36.83705249483409, 41.16441425643845, 0.0, 0.0, 1.0 
45.07927431386331, 5.101060224328493, 0.0, 0.11403341855933725, 2.6000000000000014 
54.15086080110318, 51.56748961561663, 0.0, 0.0, 1.0 
60.727883033850034, 22.690468701494893, 0.0, 0.0, 1.0 
50.55285278278795, 24.992967806064698, 0.0, 6.2523678675871395, 2.6000000000000014 
33.18922736313232, 40.06547408022036, 0.0, 0.0, 1.0 
17.360518785253564, 39.26078733562522, 0.0, 0.0, 1.0 
35.27339705627734, 55.49340368964864, 0.0, 0.0, 1.0 
57.19296451127595, 46.65150657460123, 0.0, 0.0, 1.0 
57.968138382854754, 45.07288415287781, 0.0, 0.0, 1.0 
49.65812116894415, 48.71008833343967, 0.0, 0.0, 1.0 
17.33460795670831, 42.80438948714805, 0.0, 0.0, 1.0 
29.34638143173576, 42.06343844206445, 0.0, 0.0, 1.0 
52.45094308144512, 30.546467126813937, 0.0, 0.8258495423172909, 2.000000000000001 
7.713906700613095, 34.44800637004922, 0.0, 0.5562755373188568, 1.1 
3.338212978182353, 48.269128587315834, 0.0, 0.0, 1.0 
61.954605509691994, 52.76794902291788, 0.0, 0.0, 1.0 
11.70861902587148, 55.58017232510675, 0.0, 0.1449838764107186, 2.7000000000000015 
55.10035776963113, 34.22546135333407, 0.0, 1.5751155337530114, 1.5000000000000004 
33.32707926336156, 46.025079746431224, 0.0, 0.0, 1.0 
27.849417762404105, 2.2724333297537935, 0.0, 1.6219177615713523, 2.7000000000000015 
17.828135793895395, 22.831522596733016, 0.0, 0.0, 1.0 
16.30552456856097, 48.35623331979166, 0.0, 1.6682005978229704, 1.3000000000000003 
59.3101695639141, 21.18985955161675, 0.0, 0.0, 1.0 
36.891442219424114, 61.693155073317556, 0.0, 1.2104129885085004, 1.2000000000000002 
55.224225300147964, 20.137393462955384, 0.0, 0.36484002518315567, 2.7000000000000015 
21.657134700167404, 26.004113182477326, 0.0, 0.0, 1.0 
14.814375217512172, 0.8006529655146464, 0.0, 1.969035281470889, 2.7000000000000015 
27.705536454073155, 48.68470635541969, 0.0, 2.393120539848709, 2.5000000000000013 
49.546210448860954, 38.18713507025438, 0.0, 0.0, 1.0 
18.280900342266037, 48.1712317024574, 0.0, 0.0, 1.0 
41.47434093358788, 27.033972602749408, 0.0, 0.0, 1.0 
39.051379286316525, 5.396805296910037, 0.0, 5.96411242925673, 2.7000000000000015 
1.3976493013784415, 36.96109663997137, 0.0, 0.0, 1.0 
8.414208216081102, 47.811699950916974, 0.0, 0.0, 1.0 
39.861636298928914, 58.29158281904984, 0.0, 0.0, 1.0 
28.81335612087136, 24.65086639491292, 0.0, 0.0, 1.0 
34.69610321091925, 18.97987376535003, 0.0, 1.791440837774797, 2.7000000000000015 
51.30374630998755, 6.928348916669959, 0.0, 4.862470185938941, 1.8000000000000007 
3.7624265186797157, 24.68713531776483, 0.0, 0.0, 1.0 
34.17217031469897, 31.987107885343015, 0.0, 0.0, 1.0 
24.769285212645002, 4.584859408113712, 0.0, 0.0, 1.0 
24.60909063010543, 59.97219533229612, 0.0, 1.1994704650965062, 2.7000000000000015 
36.89226059602391, 43.10132722743298, 0.0, 0.0, 1.0 
40.24647226020382, 40.69348477146985, 0.0, 0.0, 1.0 
2.4735607988589026, 6.148403157087703, 0.0, 1.3868410033160559, 2.7000000000000015 
19.75741691437027, 23.49147221863718, 0.0, 0.0, 1.0 
3.7574957659582173, 33.383323711484074, 0.0, 0.0, 1.0 
32.49390092797178, 51.8880129361088, 0.0, 0.0, 1.0 
10.547522984554137, 28.7471527527149, 0.0, 0.0, 1.0 
26.328135043166938, 16.4018296183022, 0.0, 0.0, 1.0 
25.88618174659582, 30.73922215773337, 0.0, 0.0, 1.0 
50.297215674695195, 50.67316817912926, 0.0, 0.0, 1.0 
14.916808384222369, 3.746343613231702, 0.0, 1.0005272749554166, 2.7000000000000015 
5.373520573720228, 37.75096266068708, 0.0, 0.0, 1.0 
51.53790778609773, 31.807547662175025, 0.0, 0.0, 1.0 
59.13534891958802, 43.42404977894273, 0.0, 0.0, 1.0 
24.456737189818117, 53.14485929039619, 0.0, 1.3766264689523846, 2.5000000000000013 
9.048608992208726, 62.227848411237005, 0.0, 5.562551942650812, 1.8000000000000007 
7.3217096296673985, 13.04227489813004, 0.0, -1.1378213231197447, 2.5000000000000013 
26.533813434563235, 5.9739671471761735, 0.0, 0.0, 1.0 
46.23890841765411, 55.26723805528499, 0.0, 0.0, 1.0 
32.245324343782706, 32.66336777871636, 0.0, 0.0, 1.0 
15.301683097414582, 42.74239647848486, 0.0, 0.0, 1.0 
15.1837298949627, 35.74703356215874, 0.0, 0.0, 1.0 
20.861782970094332, 21.04389716855329, 0.0, 0.0, 1.0 
46.87023570871618, 40.93728409928394, 0.0, 0.0, 1.0 
6.709042075104756, 2.7197620163574627, 0.0, 3.9343162737663833, 2.7000000000000015 
31.14265275363968, 42.95404823109724, 0.0, 0.0, 1.0 
22.764141461069784, 32.92968150827992, 0.0, 7.261754406690529, 2.7000000000000015 
47.7347534040107, 15.723945138230652, 0.0, 0.0, 1.0 
13.276637631595296, 42.67485152560974, 0.0, 0.0, 1.0 
24.43294346407496, 34.136471360961934, 0.0, 1.0085757778171611, 2.5000000000000013 
42.911036598515196, 46.8114145942248, 0.0, 5.618803703171262, 2.5000000000000013 
31.980710089559373, 0.09462286609775816, 0.0, 0.8675273807707449, 1.3000000000000003 
8.495546600713137, 23.252200714650556, 0.0, 0.0, 1.0 
40.952488028086364, 59.629760885052754, 0.0, 2.37958395459551, 2.5000000000000013 
55.435011749952366, 55.44479567893961, 0.0, 0.0, 1.0 
12.189200743836947, 44.425969964869665, 0.0, 0.0, 1.0 
62.46291232866522, 28.553121357112772, 0.0, 0.0, 1.0 
61.13883325721806, 0.19154276888256844, 0.0, 4.976262207404387, 2.7000000000000015 
34.29497495122227, 10.956370172977557, 0.0, 0.0, 1.0 
10.259125218634065, 5.318934130269009, 0.0, 4.070844543740886, 2.7000000000000015 
17.9629908221547, 53.32367235739387, 0.0, 6.039624226223502, 2.7000000000000015 
6.638025761122304, 9.171125074367085, 0.0, 0.0, 1.0 
43.74848508753939, 36.33824110991008, 0.0, 0.0, 1.0 
45.78730086139052, 15.911601069948722, 0.0, 0.0, 1.0 
35.45712164947313, 20.76270316456875, 0.0, 0.0, 1.0 
52.112309866545345, 0.5241878158710137, 0.0, 0.13099206544763814, 2.7000000000000015 
48.94398126234737, 52.2452509786919, 0.0, 0.0, 1.0 
28.41414313399449, 58.36967044375376, 0.0, 1.5004871280572216, 2.7000000000000015 
29.758028727778438, 38.11102671160131, 0.0, 0.0, 1.0 
26.916467048817893, 42.761168206978944, 0.0, 0.0, 1.0 
3.2274624029270305, 53.665836388659145, 0.0, 0.0, 1.0 
13.881008319970949, 4.2925764261115145, 0.0, 0.7481976940341889, 2.7000000000000015 
31.366224191716107, 41.00951275933501, 0.0, 0.0, 1.0 
6.530024703594793, 47.41716078130988, 0.0, 0.0, 1.0 
59.48995029568083, 39.901221061186696, 0.0, 0.0, 1.0 
24.605864834134042, 32.18779536643904, 0.0, 0.0, 1.0 
46.078221204459126, 2.6956194781513507, 0.0, 0.6470611865052053, 2.7000000000000015 
49.89858375962391, 6.16383545890608, 0.0, 1.4774808832821673, 2.7000000000000015 
60.77362895203176, 50.79011548354753, 0.0, 0.0, 1.0 
47.06149503361733, 12.842349089490368, 0.0, 2.505939038599564, 2.300000000000001 
3.6607398082127363, 8.133841773679684, 0.0, 5.857739923759253, 2.7000000000000015 
41.42269621262244, 45.963129042402564, 0.0, 0.0, 1.0 
26.76345059931146, 21.867349189802802, 0.0, 0.0, 1.0 
38.30843890360511, 28.124229355381672, 0.0, 0.0, 1.0 
12.26713750891996, 23.92062899969902, 0.0, 1.07798698715447, 2.5000000000000013 
38.550218064702406, 47.73437779670988, 0.0, 0.0, 1.0 
26.46319518254236, 32.459904898055576, 0.0, 0.0, 1.0 
57.00556153076853, 50.21147021986187, 0.0, 1.1319993055763902, 2.5000000000000013 
30.285720010458533, 16.18026207343762, 0.0, 0.0, 1.0 
34.51861102199887, 59.17630037050414, 0.0, 0.0, 1.0 
25.103920895160424, 10.090976126554015, 0.0, 1.70837282290515, 2.7000000000000015 
52.23953766848377, 19.053869942656004, 0.0, 0.015166688512101338, 2.7000000000000015 
25.56960284733619, 58.274057028968215, 0.0, 0.0, 1.0 
18.392896175890645, 41.065516345038425, 0.0, 0.0, 1.0 
53.252286445641595, 60.370673817142915, 0.0, 0.0, 1.0 
30.138836823882244, 8.035065979868167, 0.0, 0.0, 1.0 
45.38513568899103, 10.943393571553386, 0.0, 2.8196951791815277, 2.7000000000000015 
1.0730785317258176, 4.641720064482791, 0.0, 1.8701164893894047, 2.7000000000000015 
45.10728305864303, 51.5101656234605, 0.0, 0.0, 1.0 
53.92828291424914, 11.086044514822847, 0.0, 3.6818893636018437, 1.6000000000000005 
29.284638305642954, 49.7079781084519, 0.0, 2.07585446072642, 1.7000000000000006 
31.570324282739023, 13.703846376921918, 0.0, 0.0, 1.0 
38.241576444068826, 53.64039449632396, 0.0, 4.267182829165731, 1.2000000000000002 
33.790434482936185, 1.526217131018129, 0.0, 1.2450062710447203, 2.100000000000001 
9.364629840415024, 1.4553950126604591, 0.0, 2.416621135686464, 2.7000000000000015 
5.273245231346434, 57.065964736941446, 0.0, 5.249773845803348, 1.3000000000000003 
29.71933973572085, 1.5686480106346017, 0.0, 2.383759663460243, 2.000000000000001 
56.745312343990214, 23.70688729501986, 0.0, -0.08925889993558037, 2.7000000000000015 
3.143919726067032, 29.925748101584876, 0.0, 0.0, 1.0 
51.00004667795463, 47.22435196763575, 0.0, 0.0, 1.0 
62.32665561927447, 33.67463865198426, 0.0, 0.0, 1.0 
31.95895372025555, 15.737893597239172, 0.0, 0.0, 1.0 
36.6602044857898, 35.11284466579094, 0.0, 0.0, 1.0 
42.745162518917326, 28.522619580671073, 0.0, 5.578626415509512, 1.5000000000000004 
17.80305372885568, 28.080179621903618, 0.0, 0.757754862476543, 2.7000000000000015 
40.51197179608604, 28.764474925801224, 0.0, 0.4085929015937665, 1.2000000000000002 
41.183446025769165, 12.113509429190836, 0.0, 4.246818613678283, 1.3000000000000003 
26.19223837352604, 37.49536585573831, 0.0, 0.0, 1.0 
49.30726905566633, 2.6515225999231995, 0.0, 0.5204944549162412, 2.7000000000000015 
57.543557180395396, 4.631987720854186, 0.0, 6.465978152009908, 2.7000000000000015 
62.08853751082617, 41.81197074551113, 0.0, 0.0, 1.0 
60.12856938724651, 8.541398026293065, 0.0, 0.6271346766474778, 2.7000000000000015 
6.65149814261632, 7.3645264625000895, 0.0, 3.3003778935604906, 2.300000000000001 
26.313057499920053, 1.8776258487171753, 0.0, 0.0, 1.0 
17.767013814258565, 7.778141588752638, 0.0, 0.5254358777373047, 2.7000000000000015 
37.221184192104865, 14.542169164450618, 0.0, 2.911372845890942, 2.7000000000000015 
42.301052959853806, 57.23997256451302, 0.0, 1.5220332376275707, 1.3000000000000003 
2.362428993259037, 51.61371417514148, 0.0, 0.0, 1.0 
13.700987689946087, 53.44703953291126, 0.0, -0.2712974351056831, 2.7000000000000015 
28.12644085530408, 45.84526920728929, 0.0, 3.3306184454819068, 1.3000000000000003 
53.00113488696256, 47.622574552952464, 0.0, 0.0, 1.0 
4.492922360089043, 55.205149293462966, 0.0, 6.169992320684604, 1.6000000000000005 
50.90954534934, 41.962659894000495, 0.0, 0.0, 1.0 
60.22654155313297, 41.71391337543353, 0.0, 0.0, 1.0 
40.576984507541454, 38.77852338561717, 0.0, 0.0, 1.0 
56.682111191847895, 34.63087758627079, 0.0, 0.0, 1.0 
29.47300037190503, 56.36492554948614, 0.0, 0.0, 1.0 
8.800317473768713, 28.488540355530198, 0.0, 0.0, 1.0 
11.203619012992647, 19.141749504331255, 0.0, 1.4283796048927058, 2.6000000000000014 
41.664870700558886, 33.105960004391314, 0.0, 0.0, 1.0 
21.01209762698627, 43.84227879845643, 0.0, 0.0, 1.0 
28.393970424325353, 35.0000166480656, 0.0, -0.7608134898318516, 2.7000000000000015 
40.36984431144902, 36.750579034398534, 0.0, 0.0, 1.0 
44.375088155819434, 43.99029426966951, 0.0, 0.0, 1.0 
27.27231286552787, 58.383208619583506, 0.0, 1.3547017932930692, 2.7000000000000015 
18.836466704974555, 12.39873264885795, 0.0, 7.799743669836575, 2.7000000000000015 
32.605368611963925, 26.42246811484953, 0.0, 0.0, 1.0 
38.53153566549059, 59.8220444161904, 0.0, 0.0, 1.0 
25.06183004558084, 56.21492377586021, 0.0, 1.5733697623659157, 2.7000000000000015 
5.196227719128384, 48.89822721981014, 0.0, 0.0, 1.0 
48.33293038472266, 50.300920115408005, 0.0, 0.0, 1.0 
9.600827327102486, 17.384449522594394, 0.0, 1.0246944372851918, 2.7000000000000015 
10.347221993538692, 51.202555563125344, 0.0, 5.631039206541658, 1.4000000000000004 
29.776133360150215, 35.04637108097191, 0.0, -0.6691795763159762, 2.300000000000001 
20.18530117167629, 11.8293272792035, 0.0, 1.8540451330871437, 2.7000000000000015 
54.390925601528316, 41.20668634027937, 0.0, 0.0, 1.0 
10.218372920592472, 60.14121157222267, 0.0, 5.709270391233489, 2.5000000000000013 
40.85220589134075, 20.971933956699147, 0.0, 5.177305416131083, 1.1 
3.2435016288985516, 57.10253334939395, 0.0, 0.7787954827433123, 1.3000000000000003 
36.23494449011561, 1.1705909127136502, 0.0, 5.714368518599142, 2.7000000000000015 
1.8257914441663736, 44.7592180324135, 0.0, 2.6834444258247423, 2.6000000000000014 
45.04487903085418, 45.9759626194012, 0.0, 0.0, 1.0 
4.3115565761413075, 44.56770177509512, 0.0, 0.0, 1.0 
24.972399480656147, 20.199647445126427, 0.0, 0.0, 1.0 
36.817591239592765, 39.15806548916543, 0.0, 0.0, 1.0 
58.10736629770708, 57.72113539192953, 0.0, 0.0, 1.0 
18.713249472428544, 15.608810003601441, 0.0, 2.7192560128234, 2.7000000000000015 
39.0819801420704, 61.58513630102597, 0.0, 3.6066078446820433, 2.7000000000000015 
18.030079988017444, 3.818613993640263, 0.0, 1.1105034721555231, 2.7000000000000015 
43.99012950241938, 14.102522295065294, 0.0, 3.4737213344233058, 2.7000000000000015 
53.16237750579557, 42.71847186435954, 0.0, 0.0, 1.0 
52.6206869282574, 3.6463247035876662, 0.0, 5.875164301881053, 2.7000000000000015 
55.98217362128952, 27.73208106112104, 0.0, 0.0, 1.0 
4.1100486588270675, 39.231949468528086, 0.0, 0.0, 1.0 
1.8201653751559066, 60.657477851949835, 0.0, 2.4791585084360244, 2.7000000000000015 
57.14698080376741, 43.298987788910914, 0.0, 0.0, 1.0 
19.5039282599929, 33.14781260247159, 0.0, 6.9316825710080945, 2.7000000000000015 
46.124730591268765, 57.14938788019149, 0.0, 0.0, 1.0 
44.14727847325859, 38.35721510879685, 0.0, 0.0, 1.0 
36.03335787096066, 59.85990511375236, 0.0, 5.279657405389221, 2.6000000000000014 
53.90976477834851, 44.64553156523309, 0.0, 0.0, 1.0 
20.63836646034941, 14.01424695161142, 0.0, 1.703923877299456, 2.7000000000000015 
22.2212460472645, 42.153584343904235, 0.0, 1.9021427167951184, 1.1 
1.326837263660324, 46.2129529168955, 0.0, 2.4766646315400576, 2.6000000000000014 
