position_x,position_y,position_z,orientation,aspect_ratio
56.81805242611071, 39.54706451429143, 0.0, 1.4405745750455894, 2.7000000000000015 
46.30068200329362, 56.39791806085844, 0.0, 5.738065262969126, 1.8000000000000007 
19.34234233608569, 13.290316942477162, 0.0, 0.0, 1.0 
53.81379237208404, 52.6114194224218, 0.0, 1.25825541539593, 2.300000000000001 
31.652615521423137, 16.41856201215343, 0.0, 0.0, 1.0 
5.869813630717918, 63.73116905281039, 0.0, 0.09423573705114217, 2.6000000000000014 
11.147315717175099, 40.42129790371356, 0.0, 1.7769837847099226, 1.4000000000000004 
60.660485874918884, 59.06863724458262, 0.0, 1.031577464948307, 2.7000000000000015 
1.9199627765774805, 59.17054048891011, 0.0, 7.126737726039189, 2.7000000000000015 
2.250923296889567, 38.06210679253211, 0.0, 0.0, 1.0 
48.051736588678274, 0.5494961374479624, 0.0, 0.0, 1.0 
38.66308864559579, 54.365957681655765, 0.0, 0.0, 1.0 
45.027287220997124, 37.98043235876816, 0.0, 3.7647469099917723, 2.7000000000000015 
4.5327039146367465, 61.50485709195714, 0.0, 1.0255720356481222, 2.7000000000000015 
29.273359743436632, 21.967348018747405, 0.0, 0.0, 1.0 
46.18779281464961, 28.49279785918541, 0.0, 0.0, 1.0 
26.12453214685295, 14.881282815197101, 0.0, 7.651666605679836, 2.7000000000000015 
38.200327932773554, 64.59898819412399, 0.0, 0.0, 1.0 
53.70018377956632, 2.985714608810545, 0.0, 0.0, 1.0 
60.81623252137552, 16.018138291446135, 0.0, 0.0, 1.0 
22.988654146252117, 46.371687850168165, 0.0, 6.5353783485941355, 1.4000000000000004 
8.441660111961392, 19.976933199154725, 0.0, 0.0, 1.0 
44.03165389626479, 51.50346275552468, 0.0, 0.6772449014991033, 2.5000000000000013 
63.416900116430504, 41.59744504575621, 0.0, 1.9316763413160665, 2.7000000000000015 
54.6303560484581, 38.95181330343009, 0.0, 1.6334986280834556, 2.7000000000000015 
45.9841987376549, 2.858282463893624, 0.0, 0.0, 1.0 
6.779110022334309, 26.56002560002149, 0.0, 0.0, 1.0 
46.815931394127226, 39.95631577334343, 0.0, 3.5290675109285297, 2.7000000000000015 
48.71591181681427, 17.149422492479136, 0.0, 0.0, 1.0 
5.421000301305056, 40.066035390136285, 0.0, 1.7942784717613827, 1.3000000000000003 
35.918399214564424, 13.084339422087822, 0.0, 0.0, 1.0 
12.213852297764806, 61.09341590594598, 0.0, -0.41296903587991113, 2.7000000000000015 
34.52122297662122, 3.1319045828693746, 0.0, 0.0, 1.0 
56.13630240343778, 12.58136906487389, 0.0, 0.0, 1.0 
5.410329971957671, 18.725590169295987, 0.0, 0.0, 1.0 
27.459365989277977, 30.703716376800863, 0.0, 0.0, 1.0 
16.28410594794974, 19.494700118895068, 0.0, 3.7386446759714076, 2.7000000000000015 
31.984360110630263, 36.04583790835022, 0.0, 0.7575300799070765, 2.200000000000001 
29.012320667711506, 23.84125396776492, 0.0, 0.0, 1.0 
21.040963570087456, 36.28803595490323, 0.0, 3.880110141501126, 2.7000000000000015 
61.649546673526466, 29.924908750759293, 0.0, 0.0, 1.0 
52.18439952625467, 46.99334567397036, 0.0, 2.269590057233126, 2.100000000000001 
6.305082031440592, 48.244259441391286, 0.0, 0.8266732451010511, 2.7000000000000015 
2.941722476481292, 58.519629225042465, 0.0, 1.1001941716860981, 2.7000000000000015 
3.5131571272853117, 62.13916878973473, 0.0, 1.2207345463048793, 2.7000000000000015 
19.872464358374415, 38.61916264302861, 0.0, 3.717736643617783, 2.7000000000000015 
19.366292269462065, 55.81133737653025, 0.0, 4.852391322720344, 2.7000000000000015 
53.347556908258554, 57.04581056815731, 0.0, 6.578773772900527, 2.5000000000000013 
41.96699281931661, 4.034446505632566, 0.0, 0.0, 1.0 
30.979873062718948, 12.372848314412703, 0.0, 0.0, 1.0 
3.4380030778021147, 19.12238855964819, 0.0, 2.2170428301722453, 2.7000000000000015 
60.912010137417084, 48.83936307401457, 0.0, 3.103164204687084, 2.7000000000000015 
22.98499485278844, 2.3932726247718206, 0.0, 0.6896228867189378, 2.7000000000000015 
25.142241534032177, 19.01548997849459, 0.0, 7.304970893286874, 2.5000000000000013 
6.990648390683741, 20.86270197955163, 0.0, 4.021496653378595, 2.7000000000000015 
30.481137745653914, 59.89957938905211, 0.0, 0.5242358084886821, 2.7000000000000015 
22.709709507173915, 64.32332967587418, 0.0, 4.013926618967951, 1.1 
29.03422215646459, 60.75179904354748, 0.0, 0.15448928556257963, 2.7000000000000015 
36.87904603807863, 55.30082647845408, 0.0, 0.0, 1.0 
15.613864985930627, 32.20596012031324, 0.0, 3.6603540295039667, 2.7000000000000015 
7.901962356607995, 33.82934292946684, 0.0, 0.7936672336383995, 1.1 
15.663435371697368, 38.754532666604945, 0.0, 4.176812111569265, 2.7000000000000015 
55.33112211500153, 58.60416379629983, 0.0, 0.3216221474821437, 1.9000000000000008 
40.502303007932035, 18.909738633165837, 0.0, 0.0, 1.0 
45.65636381873669, 12.505943292043229, 0.0, 0.0, 1.0 
63.9437659949735, 29.85202914214755, 0.0, 0.0, 1.0 
11.607522446831679, 57.423993685452544, 0.0, 6.091198237111735, 2.7000000000000015 
58.43166526999519, 62.2049949579041, 0.0, 3.803288464547595, 1.9000000000000008 
31.35715267296855, 26.947303826007257, 0.0, 0.0, 1.0 
49.839255845832675, 13.275264012724586, 0.0, 1.414930833007454, 2.7000000000000015 
42.07815147218639, 36.35041094144445, 0.0, 3.129443062593409, 2.7000000000000015 
47.24151835369495, 47.45465815832854, 0.0, 1.63095281114465, 2.7000000000000015 
53.47314922352871, 32.69761255507974, 0.0, 0.0, 1.0 
53.91446113044036, 28.74862031036972, 0.0, 2.3046379078683383, 2.7000000000000015 
8.712967554814607, 24.832396257527094, 0.0, 4.402634855301098, 2.7000000000000015 
34.378450464108845, 64.06498653105953, 0.0, 0.0, 1.0 
24.417528477029197, 23.70118490180492, 0.0, 0.0, 1.0 
43.75554848679595, 57.066048012229, 0.0, 0.0, 1.0 
7.967169388021716, 30.631924541300716, 0.0, 4.561740143212524, 2.7000000000000015 
24.21491140074497, 28.901286188281404, 0.0, 0.0, 1.0 
54.95966146905925, 34.16853852292583, 0.0, 1.5841429646400034, 2.7000000000000015 
15.811257064629244, 57.06418923111407, 0.0, -0.632490888801987, 2.7000000000000015 
17.696707399730464, 56.596484655797234, 0.0, -0.8114894875751136, 2.7000000000000015 
47.35540523679747, 13.564737857651462, 0.0, 0.0, 1.0 
49.411652561024574, 40.038081832581874, 0.0, 3.574808292256035, 2.7000000000000015 
14.880964272175527, 23.421225150843295, 0.0, 0.0, 1.0 
5.13679607409979, 25.575093867451173, 0.0, 0.0, 1.0 
50.851589707149806, 5.412900676528107, 0.0, 2.378807892138933, 1.8000000000000007 
14.485719200818016, 49.65438507257419, 0.0, 4.896710703997517, 2.7000000000000015 
59.795677825661876, 23.49475746635758, 0.0, 0.0, 1.0 
9.085895869692031, 21.437501471705925, 0.0, 3.689748901295403, 2.7000000000000015 
23.25440650744894, 60.429648330146556, 0.0, 4.145432447191275, 2.7000000000000015 
29.642295400496565, 38.343697880092186, 0.0, 3.993931512473636, 2.7000000000000015 
39.084544044329505, 61.82065101251448, 0.0, 0.09840101599355788, 2.4000000000000012 
40.07656936694118, 16.85747800652084, 0.0, 0.0, 1.0 
1.4462076764281622, 49.93503440801232, 0.0, -0.5437499276889598, 2.7000000000000015 
62.62293974265065, 22.155085455992484, 0.0, -4.508709527839485, 2.7000000000000015 
24.603609874552287, 0.22271733868015772, 0.0, 4.198231883769595, 2.7000000000000015 
32.62216674201768, 38.32802325856963, 0.0, 7.215596653157956, 2.7000000000000015 
47.81386000401588, 15.32443163862542, 0.0, 0.0, 1.0 
51.74367562839946, 3.271884608865721, 0.0, 2.3357525752063513, 2.7000000000000015 
9.53195770148816, 10.593491757520503, 0.0, 1.817872704522767, 1.4000000000000004 
34.910991226766654, 16.239008611492586, 0.0, 0.0, 1.0 
15.338407880985649, 34.72858799488556, 0.0, 3.968289720906123, 2.7000000000000015 
41.046059524695245, 13.736579652610747, 0.0, 0.0, 1.0 
38.14168173057047, 31.090848025776307, 0.0, 0.0, 1.0 
58.877743647890064, 48.44622665409055, 0.0, 2.417907689472729, 2.6000000000000014 
33.57104461690819, 10.239721018474127, 0.0, 0.0, 1.0 
41.58458157610679, 42.31193306284272, 0.0, 1.1685375031521374, 2.7000000000000015 
21.372799363934686, 3.542796372225702, 0.0, 3.1316882519932787, 2.7000000000000015 
17.73859077880422, 25.304484076260056, 0.0, 0.0, 1.0 
1.4802805663140595, 51.68597037476108, 0.0, 2.2545688170290066, 2.7000000000000015 
4.103847658348083, 22.913309685886706, 0.0, 2.5784807547136217, 2.7000000000000015 
10.5327437567212, 55.71626304617671, 0.0, 6.486046904359148, 2.7000000000000015 
2.885548910251117, 36.129046884537445, 0.0, 0.0, 1.0 
0.3449885929672732, 38.64570747345565, 0.0, 1.5119488942556794, 1.1 
47.733349885998365, 61.347205315381125, 0.0, 4.1928393119611, 1.1 
9.020031999514774, 56.486071183613845, 0.0, 0.33575169384388925, 2.7000000000000015 
62.23352402601799, 10.889869659924484, 0.0, 1.0967366340291005, 1.6000000000000005 
27.738383529624656, 22.942745403425008, 0.0, 1.673972699099712, 2.6000000000000014 
39.29279357864546, 22.079591646310714, 0.0, 0.0, 1.0 
43.55887676993849, 40.388447139871786, 0.0, 4.389437362094797, 2.7000000000000015 
27.703118464936427, 37.471835016963105, 0.0, 4.156641036256906, 2.7000000000000015 
53.562095095617956, 24.690231556998235, 0.0, 0.0, 1.0 
39.3381581485557, 26.815140831830572, 0.0, 0.0, 1.0 
41.490670764590085, 30.004107831325502, 0.0, 0.0, 1.0 
21.521726164875453, 20.797500722703415, 0.0, 0.0, 1.0 
17.922779517792872, 29.18776530087885, 0.0, 0.0, 1.0 
22.667901255223473, 24.294246292068717, 0.0, 0.0, 1.0 
12.556605982160766, 27.0123340586048, 0.0, 4.082051200984007, 2.7000000000000015 
6.104114753625471, 59.63227547089578, 0.0, 7.311864840409807, 2.7000000000000015 
19.357635000897503, 39.86025006103929, 0.0, 3.87543504835294, 2.7000000000000015 
16.82833496318441, 6.437159526953282, 0.0, 4.198398170283641, 2.7000000000000015 
44.73709010147903, 29.85802809512514, 0.0, 0.8812321621279608, 1.1 
26.670815153843815, 55.59883052827019, 0.0, 3.97873005725543, 2.4000000000000012 
22.483868328977238, 49.17064045830867, 0.0, 6.625778882669825, 2.7000000000000015 
10.861406857178187, 50.500917869466726, 0.0, 1.9435198470166466, 2.7000000000000015 
61.697206689083906, 34.34058199314451, 0.0, 1.6420381296666062, 2.4000000000000012 
45.14264053200481, 4.536017404377316, 0.0, 0.0, 1.0 
47.149901031350154, 11.654793537401366, 0.0, 0.0, 1.0 
39.29529564484882, 38.14098131095538, 0.0, 0.0, 1.0 
62.725074724391725, 2.788562226584012, 0.0, 0.0, 1.0 
50.99781617379908, 12.229549975541323, 0.0, 0.0, 1.0 
3.8654553783268977, 50.243983558171664, 0.0, 2.359760976396464, 2.7000000000000015 
27.404903376846804, 49.232068387234165, 0.0, 4.915688428778292, 2.7000000000000015 
38.780787399424796, 10.811194732573584, 0.0, 0.0, 1.0 
53.966852438589214, 44.77701445763899, 0.0, 2.406675997329319, 1.8000000000000007 
20.45556092682679, 46.53361625148528, 0.0, 6.434616575422513, 2.7000000000000015 
25.809622208518025, 44.118073369111166, 0.0, 5.125363566378838, 2.7000000000000015 
61.12734324576392, 1.6681881095752276, 0.0, 0.0, 1.0 
2.4165207583742507, 21.567969922933802, 0.0, 2.3168261343524468, 2.7000000000000015 
5.677128694368855, 23.567499309890255, 0.0, 0.0, 1.0 
59.4277977806978, 7.544771275295558, 0.0, 0.0, 1.0 
17.27481536269306, 49.25832827080003, 0.0, -0.573854045585462, 2.5000000000000013 
51.5056828191402, 64.34448656344989, 0.0, 1.6188461624745831, 2.7000000000000015 
52.455699177445126, 27.84331362435078, 0.0, 0.0, 1.0 
5.287066879713997, 3.02938895678418, 0.0, 0.0, 1.0 
42.871763344105744, 14.552156863239412, 0.0, 0.0, 1.0 
43.1936821326902, 31.045248169074682, 0.0, 0.0, 1.0 
50.485230916246636, 48.46130772277412, 0.0, 1.359749062776677, 2.7000000000000015 
32.87050706121027, 55.82799284378865, 0.0, 0.0, 1.0 
55.539293833515806, 45.217409810313164, 0.0, 2.3013505845633793, 2.6000000000000014 
34.98453533394166, 37.81486014489672, 0.0, 1.384231050360532, 2.7000000000000015 
50.96977252579135, 20.53303273219409, 0.0, 0.0, 1.0 
16.26863553855315, 60.83645971721887, 0.0, 5.446947186749194, 2.7000000000000015 
33.47381882885101, 17.30124998605329, 0.0, 0.0, 1.0 
56.03700120642085, 55.948198584698005, 0.0, 0.7804265373270034, 2.7000000000000015 
62.73423619277746, 15.638498872087197, 0.0, 0.0, 1.0 
13.516119679829725, 41.29857181438426, 0.0, 0.5632751169434247, 1.3000000000000003 
42.43775510846945, 24.45963274710962, 0.0, 0.0, 1.0 
25.781498025571963, 35.98517731903305, 0.0, 0.0, 1.0 
22.40434490123139, 15.929174290018219, 0.0, 0.0, 1.0 
33.87260184549773, 45.89294611142925, 0.0, 0.0, 1.0 
53.867759309577046, 47.42335877301936, 0.0, 7.761830423534243, 2.200000000000001 
63.234983637546264, 13.577743691766422, 0.0, 0.7840027502208153, 2.100000000000001 
46.75655804073375, 7.2341009305925565, 0.0, 0.0, 1.0 
50.11260925647438, 34.697129144340344, 0.0, 0.6802103182077969, 2.7000000000000015 
20.587763794730957, 15.87184735820955, 0.0, 0.0, 1.0 
7.905003185182646, 27.613409989546827, 0.0, 5.129005790748465, 2.5000000000000013 
19.769970105290536, 60.11675303502083, 0.0, 0.0, 1.0 
22.47133878265135, 33.228894039312856, 0.0, 0.0, 1.0 
25.545959874208833, 4.20519287935976, 0.0, 4.240150902714672, 2.300000000000001 
2.607117816646491, 5.1173033711393705, 0.0, 4.176849528803565, 2.7000000000000015 
13.15902522713292, 55.997244059721645, 0.0, -0.28524919871923465, 2.7000000000000015 
7.827481528033711, 54.271941559543215, 0.0, 0.8825615594865425, 2.7000000000000015 
51.87962881560506, 1.6380671429079168, 0.0, 2.5137423292520236, 2.7000000000000015 
52.389565923724454, 61.259668959851545, 0.0, 6.392777650455867, 2.7000000000000015 
57.62956312825863, 37.7583891305252, 0.0, 1.3550346597741827, 2.7000000000000015 
17.82170465683668, 58.06161943916825, 0.0, 5.393991901226197, 2.7000000000000015 
18.008809672800364, 51.4999031423796, 0.0, -1.0271991722591234, 2.7000000000000015 
19.97507167462788, 62.15457140948436, 0.0, 4.011468806887816, 2.100000000000001 
37.67961160135959, 23.261746896723874, 0.0, 0.0, 1.0 
57.039108677233614, 22.877939882004036, 0.0, 0.0, 1.0 
2.667043241633951, 3.501943855256871, 0.0, 0.7838947067237533, 2.7000000000000015 
36.32984060121547, 15.09107919635235, 0.0, 0.0, 1.0 
57.15928071428583, 34.06865249425358, 0.0, 3.1648176201450453, 2.000000000000001 
50.44631644543604, 56.97217459097811, 0.0, 0.0, 1.0 
33.631790484421025, 57.67646818278212, 0.0, 0.0, 1.0 
29.293268976139284, 52.772781154618514, 0.0, 0.0, 1.0 
60.15072644585488, 52.61183804127287, 0.0, 3.777071189317333, 2.4000000000000012 
43.046553223922125, 37.95201686858983, 0.0, 3.692443285550933, 2.7000000000000015 
0.6442872261037143, 54.712160556329465, 0.0, 1.6851303505364887, 2.7000000000000015 
27.935323398429453, 35.88052006967305, 0.0, 3.7498347610196565, 2.7000000000000015 
41.98999566435785, 61.89226075421588, 0.0, -0.4772216625877646, 2.7000000000000015 
49.05948071491169, 5.554110191997123, 0.0, 1.540399740325811, 2.7000000000000015 
44.544314992347765, 43.670679107312, 0.0, 4.314134017260655, 2.7000000000000015 
39.72768558861956, 49.209988818973144, 0.0, 0.0, 1.0 
54.19268591162104, 13.148402340072593, 0.0, 0.0, 1.0 
63.21993997050468, 63.16059918967963, 0.0, 4.4877656876373075, 1.4000000000000004 
53.95662333073604, 16.871004646932192, 0.0, 0.0, 1.0 
29.414005404291416, 15.615144936965894, 0.0, 0.0, 1.0 
15.82188706557031, 30.98490845839605, 0.0, 3.8248137631818735, 2.7000000000000015 
52.95722800432992, 40.4309015488523, 0.0, 1.264855941582697, 2.7000000000000015 
7.608472585662829, 62.03177759953471, 0.0, 1.592227838101828, 2.7000000000000015 
58.02629321467884, 9.061811951198425, 0.0, 6.224754146523515, 1.7000000000000006 
6.935238450996133, 44.690101009636976, 0.0, 2.8209482497855887, 1.5000000000000004 
36.34122069562914, 62.5471235134747, 0.0, -0.18890710196672938, 2.7000000000000015 
47.72200479779122, 8.740861259695444, 0.0, 3.068674072166077, 2.7000000000000015 
48.778348281955864, 2.3135574921548443, 0.0, 0.0, 1.0 
40.58309185527921, 2.510128797951549, 0.0, 0.0, 1.0 
1.2688103319286783, 62.117129678820106, 0.0, 6.98211456525519, 2.7000000000000015 
11.732015251891248, 12.60344571486301, 0.0, 1.6920008307221766, 2.7000000000000015 
15.405988079797117, 27.703068686534444, 0.0, 4.147041051322069, 2.7000000000000015 
28.894656026407183, 55.26386099746772, 0.0, 3.1673632550313737, 2.5000000000000013 
10.155429857430041, 58.668690730537996, 0.0, 0.24294220485102744, 2.7000000000000015 
37.53240678968409, 48.5043106297111, 0.0, 2.929733569451972, 2.7000000000000015 
34.725497948367064, 31.75520902790591, 0.0, 1.1155504116865, 2.200000000000001 
43.357504517590215, 5.376879263206185, 0.0, 0.0, 1.0 
53.22755146603066, 38.08286861422813, 0.0, -4.979670910483404, 2.7000000000000015 
29.669321292716404, 35.00000960157938, 0.0, 0.0, 1.0 
16.95293183892069, 61.81766276151131, 0.0, 5.277404046374036, 2.7000000000000015 
34.10977442087938, 35.44356149955821, 0.0, 2.1034792089513035, 2.4000000000000012 
35.3072716786157, 18.265174603905404, 0.0, 0.0, 1.0 
26.77948205430763, 59.23691498882609, 0.0, 1.5149787116992424, 2.7000000000000015 
23.10819804489691, 13.28012129285294, 0.0, 7.658320360978838, 2.7000000000000015 
9.769660496986111, 16.451606648407065, 0.0, 3.265306780273868, 2.6000000000000014 
34.364990268913736, 48.859892750069726, 0.0, 2.8338363247713905, 2.6000000000000014 
15.425158099054647, 15.651666324879324, 0.0, 0.0, 1.0 
2.9031389743674954, 31.220806802283185, 0.0, 0.0, 1.0 
19.250597810017585, 34.237284486497906, 0.0, 3.4128807778940873, 2.7000000000000015 
60.462136269621254, 9.38064048829085, 0.0, 0.08595157013853798, 1.2000000000000002 
58.923434755391824, 56.30514154441487, 0.0, 1.2061696886514008, 2.7000000000000015 
2.801608591328562, 43.63289983767793, 0.0, 2.489223984575795, 2.000000000000001 
38.11260827778099, 4.837100397359752, 0.0, 0.0, 1.0 
34.590805108204854, 7.071591879490169, 0.0, 2.7917729591773432, 1.1 
9.671977732354863, 43.73605498743943, 0.0, 0.0, 1.0 
5.0247155187118935, 55.17932609087146, 0.0, 1.3224381085099068, 2.7000000000000015 
31.72264416142767, 33.93624337378554, 0.0, 0.0, 1.0 
21.729682495003203, 59.125889061885445, 0.0, 5.176187161616977, 2.7000000000000015 
47.99847383412828, 29.44880704170144, 0.0, 0.0, 1.0 
20.77913918687796, 27.338947059645527, 0.0, 0.0, 1.0 
52.536281320585644, 63.815926502171465, 0.0, 1.4431688485541607, 2.7000000000000015 
61.67487920695535, 63.41938217227077, 0.0, 1.3437498360976363, 2.7000000000000015 
5.745201815984478, 34.08809451143648, 0.0, 0.0, 1.0 
4.368791744779951, 6.010036834140051, 0.0, 1.4815345241543043, 2.7000000000000015 
38.186759528987615, 34.877779662115145, 0.0, 2.8167801913997126, 2.5000000000000013 
48.448976318014054, 41.5070279936761, 0.0, 3.110067225256514, 2.7000000000000015 
12.269094760472248, 59.839170857787195, 0.0, -0.1833110492880954, 2.7000000000000015 
35.43231162069373, 45.44192744558483, 0.0, 0.0, 1.0 
49.28907633761778, 60.12448702316498, 0.0, 0.18880880552176688, 2.7000000000000015 
41.45455638479397, 15.739123578489751, 0.0, 0.0, 1.0 
20.97699715376012, 45.205591310469394, 0.0, 6.253849503664364, 2.7000000000000015 
39.99470124852983, 52.77479744760906, 0.0, 0.0, 1.0 
27.79048942994674, 46.82937468527184, 0.0, 0.0, 1.0 
20.59810287421491, 55.75796794851476, 0.0, 0.0, 1.0 
45.025278424016285, 16.727294105383734, 0.0, 0.0, 1.0 
60.57168038171866, 40.169132932681634, 0.0, 1.1828805371767497, 2.7000000000000015 
23.240807889461234, 10.815523806356547, 0.0, 3.2099342086363514, 2.7000000000000015 
37.16917411083142, 44.1944984550852, 0.0, 2.1636748149153, 2.7000000000000015 
43.87805752229577, 3.3829598004542465, 0.0, 0.0, 1.0 
10.713239446619689, 25.471628822322756, 0.0, 4.204781189851335, 2.7000000000000015 
60.955027070712596, 31.864390165873488, 0.0, 1.4028033408676077, 1.1 
34.53137258835524, 5.07373679305145, 0.0, 0.0, 1.0 
21.29914845405036, 12.053839427169995, 0.0, 0.0, 1.0 
6.46350149026937, 29.751936017063223, 0.0, -1.9862074715845752, 2.6000000000000014 
18.765118891251333, 23.565601362463873, 0.0, 0.0, 1.0 
10.983536755768176, 32.70241773127709, 0.0, 4.806072346100782, 2.7000000000000015 
51.79426019297924, 29.5236576794235, 0.0, 0.0, 1.0 
17.279672916296708, 16.555737431258365, 0.0, 0.0, 1.0 
41.12740076474745, 54.37782894481938, 0.0, 0.0, 1.0 
28.886622317669698, 1.129855412370328, 0.0, 3.5671653829648724, 2.7000000000000015 
51.55181815331576, 8.371394588527478, 0.0, 0.0, 1.0 
16.806685290453263, 27.11230592387361, 0.0, 0.0, 1.0 
30.476914463139348, 47.43512187301597, 0.0, 0.0, 1.0 
42.11269163368491, 63.46740827450606, 0.0, 0.0, 1.0 
26.417709186922057, 32.354315995643056, 0.0, 0.0, 1.0 
13.011314939234818, 58.34663535964054, 0.0, -0.23928794604033704, 1.9000000000000008 
1.1330843036048335, 40.4578658803331, 0.0, 2.4928847892806383, 1.4000000000000004 
45.8402619068235, 24.39541036609975, 0.0, 0.0, 1.0 
60.449568912032035, 61.21438966952874, 0.0, 6.097425320434823, 2.200000000000001 
38.62965904629817, 18.008914894444654, 0.0, 0.0, 1.0 
27.399460954860118, 18.625802966766525, 0.0, 0.0, 1.0 
59.7494116653328, 29.145422514317602, 0.0, 0.0, 1.0 
13.47145230945517, 26.14816736132802, 0.0, 4.174212570112936, 2.7000000000000015 
44.88630432128712, 40.468210932380835, 0.0, 4.414508609402985, 2.7000000000000015 
35.04218298251117, 1.1956518393102178, 0.0, 0.0, 1.0 
55.30349868124229, 25.753176024207093, 0.0, 0.0, 1.0 
38.207919670918926, 15.986119665071481, 0.0, 0.0, 1.0 
59.12961954593692, 12.754995615985429, 0.0, 0.0, 1.0 
30.40691611412494, 19.517435859139738, 0.0, 0.0, 1.0 
29.431286807371713, 30.80392695030731, 0.0, 2.018022628533505, 1.2000000000000002 
3.1301538966299565, 25.979977274856985, 0.0, 0.0, 1.0 
61.753113602885826, 56.85920276842173, 0.0, 1.8073207234133348, 2.6000000000000014 
22.064184560257804, 39.179402557682096, 0.0, 4.376385031184155, 2.7000000000000015 
52.35571674988801, 15.613593241537469, 0.0, 0.0, 1.0 
47.69839327876365, 25.323773746075123, 0.0, 0.0, 1.0 
58.22064400373561, 25.121483753930487, 0.0, 1.9829130420506729, 1.8000000000000007 
42.55144971312141, 2.0856951867497893, 0.0, 0.0, 1.0 
31.77838579570702, 58.43527778858944, 0.0, 3.983937054784004, 1.2000000000000002 
44.941916896499706, 35.754778788020175, 0.0, 2.2930389243364977, 2.200000000000001 
23.766837282351393, 34.67151726529901, 0.0, 0.0, 1.0 
31.041267128347613, 8.346746856246611, 0.0, 4.067150475397245, 1.1 
32.313688651391814, 44.546446020011274, 0.0, 0.0, 1.0 
3.053811833778795, 64.65188537757751, 0.0, 1.4540778499709393, 2.7000000000000015 
38.80073610591379, 46.193559145574284, 0.0, 2.9352113494519116, 2.7000000000000015 
29.785865667723066, 10.293663339407958, 0.0, 1.3601430984449523, 2.7000000000000015 
15.723947505414015, 54.8865217101941, 0.0, -0.08949602548658205, 2.7000000000000015 
45.01841804681539, 32.01829319814375, 0.0, 0.0, 1.0 
25.968035252989566, 49.73901867863645, 0.0, 7.535537096228702, 2.7000000000000015 
44.501449404294775, 1.4537166133933195, 0.0, 0.0, 1.0 
33.955353793958515, 38.33115535712109, 0.0, 1.2191657065836987, 2.7000000000000015 
41.92204352079814, 8.505880053506765, 0.0, 0.0, 1.0 
59.032026273482266, 44.905862554751224, 0.0, 2.1097285766026705, 2.7000000000000015 
27.27803286296214, 27.265479998834664, 0.0, 0.0, 1.0 
32.33371424289796, 46.595662466772346, 0.0, 0.0, 1.0 
55.06796014960184, 49.1617629462488, 0.0, 8.730448467456824, 2.6000000000000014 
40.96521955814933, 28.007463619377088, 0.0, 0.0, 1.0 
43.249654205231984, 0.15901856835189643, 0.0, 0.0, 1.0 
58.32756761052359, 5.285279132613246, 0.0, 0.0, 1.0 
59.22897461109716, 30.815846765934964, 0.0, 0.0, 1.0 
25.35787244137149, 56.087614956688455, 0.0, 1.1200284578564068, 2.7000000000000015 
6.965032323230334, 35.767594527989225, 0.0, 1.9101130760838252, 1.1 
38.90947677196464, 24.800913063103547, 0.0, 0.0, 1.0 
24.106714517162438, 25.602794157623926, 0.0, 0.0, 1.0 
17.81247724369263, 53.66180034042717, 0.0, -0.2581801816700041, 2.7000000000000015 
33.06609359475094, 1.795545618591246, 0.0, 0.0, 1.0 
20.951804892717067, 53.9864034606872, 0.0, 3.3752821017086876, 2.5000000000000013 
20.947130131893836, 43.93505260970906, 0.0, 6.190938854160863, 2.7000000000000015 
15.299609071149627, 59.827150178036135, 0.0, 5.98979037997201, 2.7000000000000015 
26.18885115656371, 8.817098047010072, 0.0, 3.6072425220533857, 2.7000000000000015 
4.578467882592811, 44.05593089396506, 0.0, 2.648649807075272, 2.7000000000000015 
6.606747605026072, 22.15372461950095, 0.0, 4.061494394289395, 2.7000000000000015 
20.34613655845711, 58.1336039097159, 0.0, 0.0, 1.0 
25.205201436622, 27.329963997548045, 0.0, 0.0, 1.0 
34.596525437769046, 43.90828955281685, 0.0, 3.0492519277568078, 2.7000000000000015 
37.894279962676116, 56.85612647375883, 0.0, 0.0, 1.0 
57.04555333921557, 47.18345478295478, 0.0, 2.5623572013449065, 2.7000000000000015 
28.62103822077914, 50.83244914498205, 0.0, 0.0, 1.0 
60.98061486333824, 3.825536644456175, 0.0, 0.5382204507515586, 1.2000000000000002 
50.78903519528047, 36.544369347194205, 0.0, 0.44112963561880486, 2.200000000000001 
45.82022125789082, 14.878007641532161, 0.0, 0.0, 1.0 
50.63514278022319, 33.07685103137865, 0.0, 1.1623861723961517, 2.7000000000000015 
49.09349332148789, 20.520098090242907, 0.0, 0.0, 1.0 
62.31573237154509, 47.26321395347922, 0.0, 2.6291396871192743, 2.7000000000000015 
25.389627969384097, 58.715274024367275, 0.0, 1.298937625263959, 2.7000000000000015 
50.947396039772826, 15.439087763725023, 0.0, 1.4954003546124917, 2.4000000000000012 
20.048018764620064, 21.935408623788536, 0.0, 0.0, 1.0 
36.053900815664846, 57.810361716583614, 0.0, 0.0, 1.0 
46.27402740796891, 0.8794963364469592, 0.0, 0.0, 1.0 
31.03094210353347, 14.477500699109557, 0.0, 0.0, 1.0 
29.51101311261996, 6.914537806605635, 0.0, 2.9500192976080877, 2.7000000000000015 
55.55464417385094, 53.86540069616469, 0.0, 0.0, 1.0 
50.79542976854845, 39.428459644585516, 0.0, 0.6700997591920771, 2.6000000000000014 
25.393923475113315, 20.879015930690535, 0.0, 0.8660703261581848, 2.7000000000000015 
47.8339543774635, 27.353078022855932, 0.0, 0.0, 1.0 
9.357458104280193, 29.935793820074263, 0.0, 4.885433028918193, 2.7000000000000015 
23.893748531145903, 21.745284627519354, 0.0, 0.0, 1.0 
12.123073609886207, 22.657711908365, 0.0, 3.51439792685881, 2.6000000000000014 
14.009833415303648, 38.354541038613846, 0.0, 4.128056875556844, 2.7000000000000015 
40.17472870464021, 63.93281355826186, 0.0, 0.0, 1.0 
0.9919828674361905, 26.3797393435184, 0.0, 0.0, 1.0 
36.78237039940368, 17.127086319909015, 0.0, 0.0, 1.0 
1.4727532538988646, 5.9782367234698635, 0.0, 4.576183160134966, 2.6000000000000014 
16.36009795612509, 13.248348905162453, 0.0, 0.0, 1.0 
49.96340856385543, 7.418708104116281, 0.0, 2.570152560463079, 2.100000000000001 
52.22661936003119, 22.120970715276584, 0.0, 0.0, 1.0 
19.00718306969652, 20.16593035725446, 0.0, 2.698750734806887, 1.9000000000000008 
44.475365799586335, 33.960125701975805, 0.0, 6.13775301297692, 1.1 
3.9329931940651917, 24.359714370512076, 0.0, 0.0, 1.0 
48.49756395755806, 22.131407710797404, 0.0, 0.0, 1.0 
20.808867460058654, 42.494540655398495, 0.0, 0.19024102456165473, 1.8000000000000007 
10.407284031841543, 20.283675993983387, 0.0, 0.0, 1.0 
33.56336793834907, 33.89447266139819, 0.0, 2.0979596863943692, 2.000000000000001 
10.64451747311001, 38.49259391002812, 0.0, 2.612385423685618, 2.300000000000001 
39.643051239100295, 55.786205569199375, 0.0, 0.0, 1.0 
20.549330149680348, 49.633264471582095, 0.0, 4.345978962597799, 2.7000000000000015 
47.51264696127721, 10.0086104402317, 0.0, 0.0, 1.0 
17.981034833464985, 36.46647447343772, 0.0, 3.7756623733452015, 2.7000000000000015 
13.651087157515025, 4.630408605983226, 0.0, 2.960846467206558, 2.7000000000000015 
34.02334500133005, 61.869424718128705, 0.0, 0.029921639068427926, 2.7000000000000015 
3.270101872104271, 41.63671366846996, 0.0, 2.8498611090915578, 1.1 
21.769938623661517, 56.375560608242004, 0.0, 4.850576937285064, 2.7000000000000015 
64.67941260577666, 6.497601108660089, 0.0, 1.5398536653349753, 1.4000000000000004 
60.48838708664027, 18.06241280592358, 0.0, 0.0, 1.0 
54.51242456232583, 62.603349642341705, 0.0, 1.462568788161083, 2.7000000000000015 
32.91310763046959, 32.04934410232742, 0.0, 2.1670161803125008, 1.1 
54.9583236657301, 4.189042791745818, 0.0, 0.0, 1.0 
4.63156138610159, 37.97781064481359, 0.0, 0.6403862503438853, 1.2000000000000002 
27.557859117482806, 34.03453117461175, 0.0, 0.0, 1.0 
40.82952193463365, 20.936226622636948, 0.0, 0.0, 1.0 
37.327080458680086, 11.912499540991519, 0.0, 0.0, 1.0 
58.74539313838042, 19.175880886324755, 0.0, 0.0, 1.0 
50.05593463412046, 3.5817890441913467, 0.0, 1.7626230579959226, 2.7000000000000015 
26.220802226263416, 38.3525343106205, 0.0, 0.0, 1.0 
49.409362464978386, 15.268945880628582, 0.0, 1.0569685166962692, 2.7000000000000015 
4.687373570512659, 20.170536864198546, 0.0, 2.9532929053257377, 2.7000000000000015 
58.22892002667712, 64.5491812978496, 0.0, 0.0, 1.0 
38.21211758854388, 58.630684049421745, 0.0, 0.0, 1.0 
15.665120809609013, 45.60090381525636, 0.0, 1.3465115906538883, 2.7000000000000015 
22.618814605404403, 62.44099148804177, 0.0, 3.619799338468702, 2.7000000000000015 
58.05402465118397, 27.148520522156225, 0.0, 2.645242799107304, 2.7000000000000015 
42.836178585137205, 47.610947029844844, 0.0, 0.10126593654907057, 2.200000000000001 
12.81103997489192, 13.197717033535971, 0.0, 1.801642450050908, 2.7000000000000015 
20.06287133266979, 37.100635043361365, 0.0, 4.0193765330386615, 2.7000000000000015 
64.39307017537452, 33.51727218534171, 0.0, 1.8244192893243407, 2.7000000000000015 
29.08121247402079, 48.864187392787606, 0.0, 0.0, 1.0 
30.256850157786864, 0.2688000240310104, 0.0, 3.5877812751745046, 1.7000000000000006 
50.067205409279794, 30.028831429856496, 0.0, 1.907081458205668, 2.6000000000000014 
43.568894551987974, 7.429062683670371, 0.0, 0.0, 1.0 
18.737689647986112, 27.397428015203495, 0.0, 0.0, 1.0 
2.1779821972978755, 17.844632915064437, 0.0, 1.3403610164732422, 2.5000000000000013 
63.41488915817881, 28.087181441503283, 0.0, 2.2692297027621886, 2.7000000000000015 
36.33757722197684, 64.3043948313859, 0.0, 0.0, 1.0 
35.386659061864634, 26.422822938556656, 0.0, 0.0, 1.0 
57.38331652668275, 15.736083728735142, 0.0, 0.0, 1.0 
26.201710387344242, 40.25220201040045, 0.0, 3.6998936414580075, 2.7000000000000015 
63.93723488246666, 11.540058299726558, 0.0, 4.255153492931504, 2.7000000000000015 
4.951615541800625, 35.99958041231799, 0.0, 0.0, 1.0 
53.28082210043128, 49.492007179444386, 0.0, 1.2828117321778019, 2.7000000000000015 
14.66600887216915, 63.37413380883852, 0.0, 5.517092690071851, 2.7000000000000015 
6.587737739562425, 32.20369320081134, 0.0, 6.134958811142399, 1.1 
63.196274359039656, 39.322204568379526, 0.0, 1.9449650463044146, 2.7000000000000015 
62.204286245174465, 59.378992219045436, 0.0, 4.10332109986257, 2.7000000000000015 
8.839474539181516, 28.03011906482586, 0.0, 4.881074041393344, 2.7000000000000015 
23.239195013080582, 19.79169103536476, 0.0, 0.0, 1.0 
13.973817777159411, 61.448722930442344, 0.0, 5.828215299575529, 2.7000000000000015 
30.458580508538923, 28.83721860529533, 0.0, 0.0, 1.0 
7.8799870298486425, 24.97088393888847, 0.0, 4.585476725441728, 2.4000000000000012 
32.64612235781748, 13.351480407065885, 0.0, 0.0, 1.0 
17.351122987222542, 14.746717067313229, 0.0, 3.25624995776046, 1.7000000000000006 
50.238806123329084, 63.551098812329876, 0.0, 0.0, 1.0 
42.11991754815815, 58.30115473026304, 0.0, 0.0, 1.0 
34.0669927964033, 24.917406047245834, 0.0, 0.0, 1.0 
41.96528661444719, 17.709678799709636, 0.0, 0.0, 1.0 
3.911007705792034, 13.829160936541726, 0.0, 1.9232585168540526, 2.7000000000000015 
13.721562427034012, 21.74710418209875, 0.0, 0.0, 1.0 
45.70358394855775, 22.10632153550725, 0.0, 0.0, 1.0 
4.810404136063991, 28.98855057869005, 0.0, 0.0, 1.0 
13.971921391596592, 44.29810158744446, 0.0, 0.0, 1.0 
8.042381321486898, 12.603697014721973, 0.0, 0.0, 1.0 
1.9440586101310628, 24.75776679059416, 0.0, 0.0, 1.0 
51.15584340314013, 55.544445238986974, 0.0, 0.29327056352411474, 2.7000000000000015 
41.344166166430476, 0.601924963403213, 0.0, 0.0, 1.0 
30.32268502288027, 17.448818019319738, 0.0, 0.0, 1.0 
42.94984624463932, 44.59913803378626, 0.0, 4.719693343408146, 2.7000000000000015 
53.877281696016, 14.96397726021565, 0.0, 0.0, 1.0 
8.620002646937298, 51.90224400661448, 0.0, 2.4603368290582526, 2.7000000000000015 
55.44663588675648, 30.292497216251725, 0.0, 0.0, 1.0 
48.09110381230804, 49.18840138610556, 0.0, 1.9116150491949608, 2.7000000000000015 
8.431259887833852, 38.497266719710815, 0.0, 1.3383406738934247, 2.000000000000001 
26.45828483590877, 24.10047537256164, 0.0, 0.0, 1.0 
18.291635844040503, 61.78134187863201, 0.0, 4.868801828678552, 2.200000000000001 
52.5316059593681, 20.22193625052809, 0.0, 1.0254109796078574, 2.7000000000000015 
55.2244906755586, 9.338769319992387, 0.0, 0.0, 1.0 
0.6688373554383364, 3.7525874349896893, 0.0, 0.0, 1.0 
31.797995913459673, 40.17798063366758, 0.0, 4.704501264686285, 2.7000000000000015 
0.34229681207477447, 23.6288638050906, 0.0, 2.202616617104606, 2.7000000000000015 
47.75478458448845, 3.725909448589752, 0.0, 0.0, 1.0 
2.4785487940263597, 15.259155731822391, 0.0, 7.777566148354506, 2.7000000000000015 
59.00034961874596, 39.11106845989644, 0.0, 1.5637537557031145, 2.300000000000001 
56.7098334461519, 57.75641214907582, 0.0, 6.698844270771401, 2.7000000000000015 
19.617533709568686, 4.726651686512662, 0.0, 3.5571272784819326, 1.1 
15.814806906164259, 25.234964075507314, 0.0, 0.0, 1.0 
64.3273698196607, 44.67246595697844, 0.0, 2.333526941200072, 1.7000000000000006 
52.59872191385093, 53.026889134793926, 0.0, 0.6839679028870305, 2.7000000000000015 
9.46018451895901, 22.83022318194473, 0.0, 3.903190838701133, 2.7000000000000015 
25.73098433061684, 64.20549640663603, 0.0, 3.804917376213216, 2.6000000000000014 
9.626149112619357, 41.1939813996139, 0.0, 1.543487017105673, 2.7000000000000015 
7.969419259026154, 17.29504418951565, 0.0, 3.214865810124328, 2.7000000000000015 
31.78080303187519, 30.417652073438273, 0.0, 0.0, 1.0 
45.95075668028257, 46.219414257110216, 0.0, 4.699868374465959, 2.7000000000000015 
12.150873222174042, 28.546322116698256, 0.0, 10.647590316112199, 2.7000000000000015 
32.7764907522035, 48.09966417950917, 0.0, 2.9730063334292924, 2.7000000000000015 
41.08893690617355, 37.800108330488584, 0.0, 3.9187377375228625, 2.7000000000000015 
1.3774989352915121, 19.511266628791596, 0.0, 0.0, 1.0 
44.63346641540464, 55.212949740494984, 0.0, 2.620486724679828, 2.7000000000000015 
45.09158724679074, 6.4281613501432515, 0.0, 0.0, 1.0 
61.39110142546582, 28.029921335836036, 0.0, 2.95206972128541, 1.3000000000000003 
46.47252489048207, 58.280331398685114, 0.0, 0.0, 1.0 
56.17958672416778, 42.78017489691108, 0.0, 2.101772072663992, 2.7000000000000015 
44.499560795769256, 58.94227283384333, 0.0, 0.0, 1.0 
36.11817562769675, 28.200485447823176, 0.0, 0.0, 1.0 
46.811686640311855, 16.784211099760086, 0.0, 0.0, 1.0 
56.807348245060936, 24.918421096380495, 0.0, 0.0, 1.0 
13.074669339924997, 63.053128564268405, 0.0, 5.797752581001241, 2.7000000000000015 
63.7271490566224, 47.90675917469464, 0.0, 2.57738014242539, 2.6000000000000014 
8.787236270869517, 35.820457226666036, 0.0, 1.9168593360589357, 1.7000000000000006 
11.87346467123484, 30.680381799846757, 0.0, 4.313053114221658, 2.7000000000000015 
36.92234626328526, 9.896139955586133, 0.0, 0.0, 1.0 
53.50895930321155, 35.2259201516214, 0.0, 1.6237235321797954, 2.000000000000001 
23.257909607356126, 30.692894436789146, 0.0, 0.0, 1.0 
37.19110908263851, 47.52097912597936, 0.0, 2.853544910130474, 2.7000000000000015 
58.946438014399064, 35.84276912838653, 0.0, 2.5008807239010773, 1.5000000000000004 
60.50364335564722, 42.55245968929027, 0.0, 1.13991934565833, 1.2000000000000002 
44.281259745509836, 13.53574657251797, 0.0, 0.0, 1.0 
32.52514195002285, 22.83669205395285, 0.0, 0.0, 1.0 
26.361036887121717, 28.97127108863266, 0.0, 0.0, 1.0 
59.18809231703096, 53.4994812973115, 0.0, 3.921910861707601, 2.7000000000000015 
24.260392790573068, 48.78680926321835, 0.0, 7.237239726289236, 2.7000000000000015 
46.66443542978854, 30.839769263903644, 0.0, 0.0, 1.0 
36.48917452293939, 3.7269623308500273, 0.0, 0.0, 1.0 
33.040625646481445, 15.338138765228281, 0.0, 0.0, 1.0 
44.9616991850951, 64.03523096841178, 0.0, 0.0, 1.0 
21.281094729716045, 30.61448766440607, 0.0, 0.0, 1.0 
0.44371568107158976, 45.746508033990814, 0.0, 2.462082486121941, 2.7000000000000015 
6.165606312287443, 11.53661328021064, 0.0, 6.633544482478873, 1.3000000000000003 
21.537721143670918, 14.075861057944477, 0.0, 0.0, 1.0 
57.21243092707667, 17.958315925558093, 0.0, 0.0, 1.0 
61.36744672372463, 22.940216964786938, 0.0, 1.8785145566734263, 2.7000000000000015 
30.79060930757379, 23.463444487542965, 0.0, 0.0, 1.0 
55.410776536407596, 47.088807444877304, 0.0, 2.1308080212257408, 2.7000000000000015 
33.1454307614044, 60.340350712728835, 0.0, 0.4228168311515615, 2.5000000000000013 
33.51094664421499, 40.606809660413454, 0.0, 0.0, 1.0 
35.90186324153636, 22.30176727293217, 0.0, 0.0, 1.0 
52.315060024261065, 58.25576323690703, 0.0, 0.0, 1.0 
53.47491181746325, 30.717752332875488, 0.0, 0.0, 1.0 
3.172691577070009, 8.165058351802893, 0.0, -0.4509391028648327, 2.7000000000000015 
5.071532776137919, 30.790460639681054, 0.0, 0.0, 1.0 
26.12662316065289, 17.97503683191963, 0.0, 7.848307476631822, 2.6000000000000014 
12.301361866222546, 50.963610096390795, 0.0, 2.4399254906801207, 2.7000000000000015 
21.46535608401926, 47.689621754875986, 0.0, 6.2376241606856615, 2.7000000000000015 
38.78193200183736, 62.9757388589321, 0.0, -0.20666719102805017, 2.7000000000000015 
53.88786339866021, 22.636778350772293, 0.0, 0.0, 1.0 
13.533864786670238, 31.582154965708288, 0.0, 4.1908774293562425, 2.7000000000000015 
51.60613315658027, 31.56362131729998, 0.0, 0.7702379544575687, 1.1 
15.97800434305459, 33.560029669228186, 0.0, 3.441824587283251, 2.7000000000000015 
54.30707691414374, 20.549210336643146, 0.0, 0.0, 1.0 
41.74071641038919, 6.45613553563835, 0.0, 0.0, 1.0 
22.959580951298246, 9.343072890502132, 0.0, 2.994850511782373, 2.7000000000000015 
40.06303641448436, 7.666734973954422, 0.0, 0.0, 1.0 
60.170500082266415, 20.03570029627855, 0.0, 2.5431442628587413, 2.200000000000001 
62.966669105207146, 0.7724474795158331, 0.0, 0.0, 1.0 
28.456349606929127, 43.47652357057823, 0.0, 6.091665489126354, 2.7000000000000015 
55.785341695312766, 60.76228902765795, 0.0, 2.0827544742152564, 2.4000000000000012 
27.33367726810045, 52.08288864120415, 0.0, 0.0, 1.0 
40.25092772295593, 59.092439909281964, 0.0, 0.0, 1.0 
39.182709983797764, 12.83037706138673, 0.0, 0.0, 1.0 
27.975531124719176, 54.17054538754586, 0.0, 6.171176347902072, 2.4000000000000012 
42.02379570571261, 49.34032373609601, 0.0, 6.130605586538651, 1.6000000000000005 
48.15110975350824, 6.599468635025204, 0.0, 1.4701563277992395, 2.7000000000000015 
3.5462932164005587, 39.5985176944653, 0.0, 0.0, 1.0 
44.42158375696311, 45.98747044075215, 0.0, 4.381645839386544, 2.7000000000000015 
5.475498690878995, 7.707439621439639, 0.0, 5.256894457428154, 2.7000000000000015 
42.39681114471897, 19.76345746478488, 0.0, 0.0, 1.0 
16.305853467274726, 51.430528316466656, 0.0, 5.621798783589031, 2.200000000000001 
38.04510279327875, 28.10773443795974, 0.0, 0.0, 1.0 
29.358683229999823, 27.14245320343963, 0.0, 0.0, 1.0 
29.245050971211597, 13.433117677674433, 0.0, 0.0, 1.0 
63.320522593122945, 24.302026615644834, 0.0, 0.0, 1.0 
22.142439988976992, 22.525000657988617, 0.0, 0.0, 1.0 
31.412478902995687, 2.825368332116923, 0.0, 3.614868954652988, 2.000000000000001 
31.08648731728129, 61.68758588513506, 0.0, -0.4055963560319538, 2.7000000000000015 
23.700499928651627, 42.141085440170286, 0.0, 5.8147843044888115, 2.7000000000000015 
36.94871180529445, 29.793561903499853, 0.0, -0.1886649900460601, 2.100000000000001 
30.546001325644927, 50.35609689205568, 0.0, 0.0, 1.0 
18.103642297353407, 54.87946558048561, 0.0, -0.6033934627384999, 2.7000000000000015 
26.081607240532207, 25.689061908863195, 0.0, 0.0, 1.0 
38.5821043710012, 33.05471639754046, 0.0, 0.0, 1.0 
59.220369855475916, 14.810613042363423, 0.0, 0.0, 1.0 
14.769822560553424, 56.53063282423341, 0.0, -0.5161828135177755, 2.7000000000000015 
25.452466152314106, 47.207635844254646, 0.0, 3.536462764205567, 2.7000000000000015 
50.40932702688215, 22.430989743351745, 0.0, 0.0, 1.0 
62.18695817326494, 37.472688893694, 0.0, 1.4402323257217224, 2.7000000000000015 
6.509548389032812, 58.01430960414203, 0.0, 3.903569295645042, 2.7000000000000015 
49.781897161521925, 61.67439933189396, 0.0, 0.0, 1.0 
49.337115054534, 28.17013499537179, 0.0, 7.893279305301066, 2.200000000000001 
4.455530391691065, 32.54874052776636, 0.0, 0.0, 1.0 
24.558518713768443, 5.14080852059138, 0.0, 4.514397951854093, 2.7000000000000015 
31.19908269409695, 43.173302501392364, 0.0, -0.8212204548610231, 2.7000000000000015 
17.634262975867763, 21.880436941571187, 0.0, 0.17680965215616173, 2.5000000000000013 
5.242373001146682, 42.164431066328994, 0.0, 2.645122066288393, 1.7000000000000006 
11.17857149387003, 17.619411987691684, 0.0, 3.305028526906485, 2.100000000000001 
0.8340679683772352, 63.3012340284697, 0.0, 0.5936578781391999, 2.7000000000000015 
17.39385281525417, 11.855216620332653, 0.0, 3.394372918759567, 2.300000000000001 
36.20052935274347, 34.53720108539956, 0.0, 2.604797910406602, 2.7000000000000015 
6.428954220575589, 54.54604733931986, 0.0, 0.8476086233705235, 2.7000000000000015 
64.5784615820208, 2.004665401904003, 0.0, 0.0, 1.0 
43.94653800168545, 11.511087085151312, 0.0, 0.0, 1.0 
42.22134475398393, 22.395461584205357, 0.0, 0.0, 1.0 
30.13337641247332, 25.375236515934162, 0.0, 0.0, 1.0 
62.4759000531492, 18.0930293608775, 0.0, 2.3400894683499134, 2.100000000000001 
51.5993300610297, 24.08494406675673, 0.0, 0.0, 1.0 
43.05285942695156, 54.499362311494025, 0.0, 5.278861538654744, 1.3000000000000003 
32.56626544533898, 28.65579868529869, 0.0, 0.0, 1.0 
40.30826327773709, 9.684705537459022, 0.0, 0.0, 1.0 
50.40889061001791, 58.79008990194792, 0.0, 0.0, 1.0 
22.15971720234249, 28.855527753303573, 0.0, 0.0, 1.0 
62.968705887017904, 8.424100612826749, 0.0, 4.4202114264306624, 2.7000000000000015 
46.76284845261611, 5.258587193964128, 0.0, 0.0, 1.0 
62.56451362097605, 44.82493710104192, 0.0, 1.6611987602209521, 2.7000000000000015 
39.790780030184386, 41.15607221633335, 0.0, 1.6939093975124284, 2.4000000000000012 
58.305329313016706, 32.48779850470114, 0.0, 0.0, 1.0 
55.57679321253693, 40.64242173221905, 0.0, 1.6510591214275043, 2.7000000000000015 
55.68969059419518, 14.60545194929465, 0.0, 0.0, 1.0 
53.65369525601347, 7.9974320694300625, 0.0, 0.0, 1.0 
57.169328510063075, 52.921478393723724, 0.0, 0.0, 1.0 
58.94006780438082, 3.3175040874965465, 0.0, 0.0, 1.0 
60.32408465752213, 5.69505910424112, 0.0, 0.0, 1.0 
54.13876823663066, 56.08198380447574, 0.0, 6.718994666524465, 2.200000000000001 
7.957421192130204, 64.48920021121829, 0.0, 5.417032110944156, 2.7000000000000015 
13.404303047182832, 33.60121495339832, 0.0, 4.327020550548208, 2.7000000000000015 
50.06924203948849, 0.8332850731488701, 0.0, 0.0, 1.0 
52.266474873940275, 6.456605279318525, 0.0, 0.0, 1.0 
6.7241113875562, 24.62897707671447, 0.0, 0.0, 1.0 
45.96081606421437, 18.542847748865356, 0.0, 0.0, 1.0 
24.020959398933776, 1.6830909778029752, 0.0, 3.741810216627365, 2.7000000000000015 
48.522663884765755, 44.8698087805494, 0.0, 2.8556078831688994, 2.7000000000000015 
36.63261114126263, 32.434932907394916, 0.0, 4.515497696891662, 1.1 
48.060692653282075, 32.61695124562224, 0.0, 8.326464295780937, 2.7000000000000015 
7.525809738276578, 10.59138535180477, 0.0, 0.7978991116444315, 2.7000000000000015 
63.59486936538456, 4.597677154491746, 0.0, 0.0, 1.0 
56.813679211509374, 10.66194303252914, 0.0, 0.0, 1.0 
40.07565059549383, 35.603236152135175, 0.0, 3.08101584594791, 2.7000000000000015 
43.76099077207793, 21.26795195610261, 0.0, 0.0, 1.0 
22.34982919012068, 52.14009542487602, 0.0, 5.631703809148593, 2.7000000000000015 
1.2881548472219284, 42.65632665640373, 0.0, 2.058932473667095, 1.5000000000000004 
42.49490975203263, 12.564751867045944, 0.0, 0.0, 1.0 
40.86532542772953, 60.69038935158044, 0.0, 0.0, 1.0 
57.61521405449258, 7.208773735533699, 0.0, 0.0, 1.0 
28.886264353241614, 18.196902569451915, 0.0, 0.0, 1.0 
26.255027969863924, 11.107739164103561, 0.0, 4.136365958934526, 2.7000000000000015 
63.77488175493331, 36.43857279277052, 0.0, 2.1172587664233777, 2.7000000000000015 
57.541673797376205, 56.14755020903848, 0.0, 1.1874239981085661, 2.7000000000000015 
25.42139218567628, 42.47214439866692, 0.0, 5.4932305476068946, 2.7000000000000015 
38.06757261832019, 41.10782140686703, 0.0, 0.0, 1.0 
13.84800419751453, 14.655012793531121, 0.0, 2.7119558412666716, 1.9000000000000008 
28.046805510098, 39.7783695589465, 0.0, 3.3938190727096145, 2.7000000000000015 
56.9170764371126, 3.7138731464610304, 0.0, 0.0, 1.0 
0.07087580070990586, 0.0003903203575674752, 0.0, 0.0, 1.0 
56.37831519289058, 28.70348617454678, 0.0, 2.925292661918661, 2.7000000000000015 
9.840090437349815, 54.00412114631165, 0.0, 0.6292294672790764, 2.7000000000000015 
15.001989003955533, 10.794898867069165, 0.0, 0.0, 1.0 
60.292966849332636, 21.658157037622228, 0.0, 0.0, 1.0 
37.94759500323536, 52.74829911177261, 0.0, 0.0, 1.0 
59.90556781987522, 33.74336404325291, 0.0, 2.262682621775545, 1.1 
26.580567295146746, 61.805742291255534, 0.0, 0.8164092051457011, 2.7000000000000015 
64.07039603039321, 25.935525248068757, 0.0, 2.404102116600042, 2.7000000000000015 
11.129055835451407, 21.367874632528732, 0.0, 3.3638964540895757, 2.7000000000000015 
13.296868256735268, 19.76095532085545, 0.0, 5.222546906791511, 1.3000000000000003 
23.671981327453672, 52.78265394349188, 0.0, 5.007567528991594, 2.200000000000001 
10.432395684819506, 29.715968869011242, 0.0, 4.59094609732239, 2.7000000000000015 
5.512497723358961, 17.404819722059333, 0.0, 3.5005720136574117, 2.6000000000000014 
33.16131032343552, 42.616392680800054, 0.0, 0.0, 1.0 
50.53919993090438, 52.42007052959738, 0.0, 0.7366148338898215, 2.7000000000000015 
52.227871154869966, 13.720047964818892, 0.0, 0.0, 1.0 
29.00958918594497, 57.162305443106334, 0.0, 3.955940807677707, 2.6000000000000014 
45.10999207743824, 20.098527587295017, 0.0, 0.0, 1.0 
59.39918353470176, 46.41563427126904, 0.0, 2.323326174431059, 2.7000000000000015 
17.075320561344842, 4.338703509695374, 0.0, 3.691124534141627, 2.7000000000000015 
42.49726566138216, 52.574836807645404, 0.0, 5.287812449593362, 1.1 
23.134418769883148, 27.152870223109144, 0.0, 0.0, 1.0 
37.401166630658594, 26.13690760563049, 0.0, 0.0, 1.0 
51.40481150796534, 54.366665933333074, 0.0, 6.878035816202677, 2.6000000000000014 
40.583145592265765, 23.596103571163457, 0.0, 0.0, 1.0 
62.30780722828766, 5.889888205711154, 0.0, 1.121480152180509, 1.7000000000000006 
11.718801599996452, 19.208654049990873, 0.0, 0.0, 1.0 
5.672182124499506, 27.472844144568203, 0.0, 3.9108136821230746, 2.7000000000000015 
23.179905672132836, 5.041803707643077, 0.0, 4.9427619969680805, 2.7000000000000015 
40.04217938021103, 4.127354734644768, 0.0, 0.0, 1.0 
39.872525385159804, 57.45212949675992, 0.0, 0.0, 1.0 
39.01260191380321, 20.069966776167036, 0.0, 0.0, 1.0 
0.5888367874307946, 17.68529050689453, 0.0, 0.0, 1.0 
3.4874955031749355, 16.76758603189195, 0.0, 8.153728566623306, 2.7000000000000015 
30.740249414711666, 45.43804163790588, 0.0, 0.0, 1.0 
38.747503468201536, 60.359528927818275, 0.0, 0.0, 1.0 
10.354398282928248, 36.03074818956076, 0.0, 5.03459440800337, 1.8000000000000007 
15.083904466055083, 20.51096045006367, 0.0, 0.0, 1.0 
0.8810467791410376, 36.573539818149015, 0.0, 0.0, 1.0 
60.81685294848027, 11.862700189519986, 0.0, 1.0381923111561489, 1.2000000000000002 
50.40936872584835, 26.662480135762493, 0.0, 1.4363382273997158, 2.7000000000000015 
40.63227755421977, 11.681998090806866, 0.0, 0.0, 1.0 
14.512491074512324, 12.711188186835557, 0.0, 0.0, 1.0 
57.50772087431911, 13.715984480375704, 0.0, 0.0, 1.0 
61.03462836337686, 46.3390580883805, 0.0, 1.9494300445865462, 2.7000000000000015 
35.73944630324894, 46.97841874150728, 0.0, 2.496344321679926, 2.7000000000000015 
7.455346966441309, 2.1615907689722835, 0.0, 5.268336166480739, 2.7000000000000015 
44.09788110999779, 23.328700600442513, 0.0, 0.0, 1.0 
36.078841541507664, 24.508693565452376, 0.0, 0.0, 1.0 
34.38568314364915, 29.159133396934326, 0.0, 1.5470391430762387, 1.4000000000000004 
24.035567326126273, 16.096930603334304, 0.0, 1.5225568794902389, 2.7000000000000015 
64.18456699162257, 20.283717038293695, 0.0, 1.9840133653492065, 2.7000000000000015 
27.637762702422165, 16.622189222480824, 0.0, 0.0, 1.0 
3.9525668115201626, 2.1363682683606764, 0.0, 1.711072247686331, 2.7000000000000015 
58.46101603823374, 22.690562718837658, 0.0, 1.9397360122794536, 2.7000000000000015 
12.668276225155514, 39.156592875677504, 0.0, 4.2415896638774, 1.2000000000000002 
31.26973327659867, 51.93726395184343, 0.0, 0.14004427369649658, 2.4000000000000012 
52.16536414208059, 35.11597776973013, 0.0, 1.4184206266537411, 2.7000000000000015 
10.115368665439497, 12.403700268155179, 0.0, 0.0, 1.0 
49.86202930266489, 18.842295045423892, 0.0, 0.0, 1.0 
9.88568079646676, 46.753020670966386, 0.0, 1.2363158723138459, 2.6000000000000014 
47.89717199279029, 18.84320959576702, 0.0, 0.0, 1.0 
30.74183943340463, 56.57262561881687, 0.0, 3.4287517861098036, 1.8000000000000007 
59.37447897803459, 1.3198644076756763, 0.0, 0.0, 1.0 
3.7358324673703867, 47.448721418515994, 0.0, 0.10445478511057106, 1.6000000000000005 
5.58176510358716, 0.8976112445789807, 0.0, 7.285069087659715, 2.7000000000000015 
63.06570032025623, 31.543582960786008, 0.0, 0.24721108522105117, 1.4000000000000004 
13.469020776200054, 17.559411955588093, 0.0, 3.936051229918547, 2.7000000000000015 
45.30391341240524, 8.428072078631763, 0.0, 0.0, 1.0 
48.4517012966406, 58.34972675831227, 0.0, 1.8403444781409906, 1.1 
28.488954686186176, 20.20945096205824, 0.0, 0.0, 1.0 
1.72493144246349, 32.739215987344, 0.0, 0.6488402421752009, 1.4000000000000004 
36.63728104791316, 42.59804616060664, 0.0, 0.0, 1.0 
34.900652815582504, 50.34753225499813, 0.0, 0.0, 1.0 
19.666921798635087, 25.596047635895925, 0.0, 0.0, 1.0 
2.205833817606913, 27.705308307570416, 0.0, 0.0, 1.0 
63.60864039792399, 54.34580472790361, 0.0, 0.9780954843390386, 2.7000000000000015 
42.157216615579685, 10.53458384951786, 0.0, 0.0, 1.0 
37.763344680574, 13.955479039225715, 0.0, 0.0, 1.0 
55.64681061482073, 7.570017853328045, 0.0, 0.0, 1.0 
50.231201298739826, 50.64505316022478, 0.0, 0.7986987658429705, 2.7000000000000015 
40.82605536850693, 25.606866031090423, 0.0, 0.0, 1.0 
28.416565372117233, 63.935694426757145, 0.0, 2.4716325097835607, 2.7000000000000015 
32.012353007189795, 18.44916560246926, 0.0, 0.0, 1.0 
48.450850118756904, 35.85041149229626, 0.0, 1.332360144015178, 2.7000000000000015 
58.07437472494223, 59.7672128123587, 0.0, 0.6878072891481775, 2.7000000000000015 
18.73315224838875, 49.325525156222284, 0.0, 5.4461081137504905, 2.7000000000000015 
6.598017845779276, 38.10457964039445, 0.0, 1.2316477623323174, 1.5000000000000004 
7.150518241759774, 6.268415129122131, 0.0, 1.5698554417880608, 2.7000000000000015 
47.68749062218746, 54.78303684291265, 0.0, 6.269338041778066, 2.300000000000001 
25.10555946116046, 16.15066754841766, 0.0, 7.806396504586856, 2.7000000000000015 
36.46904981714852, 51.60328842364468, 0.0, 0.0, 1.0 
56.33661814817478, 31.964663050287314, 0.0, 2.443146426371365, 1.5000000000000004 
7.433221456076864, 57.09250689097621, 0.0, 0.526449680290059, 2.7000000000000015 
11.325379230570336, 8.635347238010112, 0.0, 5.159754404578891, 2.7000000000000015 
53.24664680233907, 9.795382908575814, 0.0, 0.0, 1.0 
55.725164099864955, 21.73706859467788, 0.0, 0.0, 1.0 
23.71272839289113, 38.41419788306518, 0.0, 3.5337765450830263, 2.7000000000000015 
19.649933751864722, 2.553866453288977, 0.0, 2.9395970782040033, 2.7000000000000015 
13.13182305393406, 48.84597118880382, 0.0, 2.3214147266438023, 2.7000000000000015 
35.05051751777066, 8.996519018195336, 0.0, 0.0, 1.0 
8.100052215911106, 15.263464544661044, 0.0, 3.229382005898846, 2.7000000000000015 
46.02487606285313, 26.43651903355754, 0.0, 0.0, 1.0 
43.8587859877066, 62.32716863399402, 0.0, 0.0, 1.0 
52.91589187111269, 4.5901642375840215, 0.0, 0.0, 1.0 
17.389138194951745, 10.112617361070606, 0.0, 0.0, 1.0 
59.63660231671473, 49.828313557972045, 0.0, 3.1619197519881865, 2.7000000000000015 
15.220532241299878, 64.54271795285273, 0.0, 5.458962643084694, 2.7000000000000015 
52.8170123166052, 11.75037971956505, 0.0, 0.0, 1.0 
38.05724819003286, 39.43585242875303, 0.0, 0.056721691506125195, 2.7000000000000015 
53.896578493589544, 26.679543574796536, 0.0, 0.0, 1.0 
16.01005224561029, 8.956297665698386, 0.0, 1.519104603422019, 2.7000000000000015 
62.94334845768163, 34.82212607911774, 0.0, 1.6882292271077177, 2.7000000000000015 
34.46493521035614, 23.278944009296804, 0.0, 0.0, 1.0 
55.7196807755395, 16.625135761525815, 0.0, 0.0, 1.0 
1.7832207902170274, 46.202504347333516, 0.0, 2.4345361632808076, 2.6000000000000014 
34.662324479306605, 59.346742457494955, 0.0, 0.0, 1.0 
62.8003449235514, 51.50921985748524, 0.0, 1.5082414484385553, 1.7000000000000006 
28.077286702260356, 25.522091363266934, 0.0, 0.0, 1.0 
29.59856668193387, 5.474919779264345, 0.0, 2.6266534063677405, 2.7000000000000015 
58.31210021915103, 51.08486363233991, 0.0, 4.802166160493693, 1.4000000000000004 
42.917659440014496, 28.718357250293636, 0.0, 0.0, 1.0 
11.939706943030593, 54.435190866830716, 0.0, 0.0, 1.0 
57.49321448616446, 1.7533840798237565, 0.0, 0.0, 1.0 
19.849522404641576, 17.759044142693078, 0.0, 0.0, 1.0 
49.702536085436336, 9.845322531546953, 0.0, 1.809953023635192, 2.000000000000001 
4.219021226543981, 21.548609448161052, 0.0, 2.709879587552636, 2.200000000000001 
23.58536266687304, 44.65896413574141, 0.0, 0.3001686595047661, 1.6000000000000005 
39.366460289079846, 1.0960786072305717, 0.0, 0.0, 1.0 
7.176244180834208, 40.41739220013399, 0.0, 1.9301406674921402, 1.8000000000000007 
61.26857893648698, 7.578677652012206, 0.0, 0.0, 1.0 
51.30264184971527, 10.34455784189168, 0.0, 0.0, 1.0 
1.1747125721039913, 48.23375844310421, 0.0, 0.0, 1.0 
32.66078600110301, 53.1635749932131, 0.0, 0.0, 1.0 
57.18741987638707, 48.63996465142199, 0.0, 2.335450203433912, 2.100000000000001 
61.89300371341698, 26.409838803545778, 0.0, 2.5035356076645554, 2.6000000000000014 
1.3811570026402806, 34.59334943966427, 0.0, 0.6770120851496862, 1.1 
41.28916138372236, 39.58353611504893, 0.0, 4.021100064949339, 2.7000000000000015 
57.42505059110332, 45.00110190687486, 0.0, 2.0411668500214777, 2.7000000000000015 
54.75099867271377, 11.201537223832736, 0.0, 0.0, 1.0 
11.94362998950468, 52.66185014084662, 0.0, -0.16708290770664855, 2.200000000000001 
32.12064507187715, 25.048672211186254, 0.0, 0.0, 1.0 
47.32211728399642, 23.3320680315489, 0.0, 0.0, 1.0 
13.693398641212173, 36.08423706057891, 0.0, -2.1576239204284002, 2.7000000000000015 
27.217609304864418, 45.204832640675114, 0.0, 5.751254522137207, 2.7000000000000015 
48.66410331570344, 12.130572154164353, 0.0, 1.5182121588746988, 2.7000000000000015 
15.844269079754909, 53.27396982445349, 0.0, -0.6494553224475437, 2.7000000000000015 
19.176934882044574, 51.97182874621707, 0.0, -1.6738300747200365, 2.7000000000000015 
1.016927627264427, 30.56794647561059, 0.0, 1.8652577812813151, 1.5000000000000004 
43.92148166287187, 18.41541401289268, 0.0, 0.0, 1.0 
34.964254695130116, 56.12689448616939, 0.0, 0.0, 1.0 
53.557695192247245, 63.66880095207821, 0.0, 7.79570844987946, 2.7000000000000015 
8.179737478784004, 9.0485710829937, 0.0, 1.3239235426599443, 2.7000000000000015 
21.683093024778575, 25.727256430350245, 0.0, 0.0, 1.0 
12.398454357689127, 42.52211217145936, 0.0, 0.3790556882593373, 2.7000000000000015 
15.424244451820206, 42.55748624207863, 0.0, 1.3267756000773554, 2.200000000000001 
54.10268009252317, 1.0002852915588782, 0.0, 2.170297301765003, 2.7000000000000015 
55.40298913924269, 23.72799754156665, 0.0, 0.0, 1.0 
4.437810290010551, 45.60768726220062, 0.0, 3.0164218160404537, 1.9000000000000008 
42.630349115355784, 32.990520249947735, 0.0, 0.0, 1.0 
18.550481256200648, 58.94627780919521, 0.0, 5.259798392233902, 2.7000000000000015 
63.99020225885502, 49.587276235884424, 0.0, 2.297938657124597, 1.1 
37.120874862200644, 19.170148697147866, 0.0, 0.0, 1.0 
46.06086694913865, 60.09468319308841, 0.0, 5.9862060644674, 2.7000000000000015 
56.28367401788554, 5.678232179414004, 0.0, 0.0, 1.0 
36.654858397755284, 59.727680659830476, 0.0, 0.0, 1.0 
34.96692664246679, 42.056669136471335, 0.0, 0.0, 1.0 
14.70709290170968, 28.773829373786935, 0.0, 3.95807490232051, 2.7000000000000015 
2.164105414102624, 1.2974365135900414, 0.0, 1.015234656764471, 2.7000000000000015 
22.562703110084186, 35.76365961915007, 0.0, 3.4956708863221664, 2.7000000000000015 
44.1390220632183, 25.474426020514574, 0.0, 0.0, 1.0 
34.48457885562488, 52.26804461760556, 0.0, 0.0, 1.0 
10.40295776334056, 14.543218510921559, 0.0, 3.1351221559252456, 2.7000000000000015 
31.53052420674145, 10.422767164813521, 0.0, 0.0, 1.0 
34.22427931051275, 54.26330101265554, 0.0, 0.0, 1.0 
28.438764111985037, 28.978645584099475, 0.0, 0.0, 1.0 
11.58372042425366, 23.54220839985855, 0.0, 3.824268414994243, 2.7000000000000015 
10.93540383451471, 27.723370002971816, 0.0, 4.45851439653602, 2.7000000000000015 
42.92525604508478, 60.14924109822143, 0.0, 0.0, 1.0 
52.27121623099122, 59.893317379353924, 0.0, 3.058603519360287, 2.7000000000000015 
20.702610746956786, 32.5095282000035, 0.0, 0.0, 1.0 
30.48142890720795, 37.28869154574883, 0.0, 4.0192567918144855, 2.7000000000000015 
32.65256962104791, 7.224060129019902, 0.0, 4.251295052426758, 2.000000000000001 
45.79337575688831, 61.8832603944423, 0.0, 0.0, 1.0 
46.81362701037614, 63.64192485024558, 0.0, 0.0, 1.0 
13.940890723244319, 24.826442687633442, 0.0, 4.087156303463006, 2.7000000000000015 
58.86107552047742, 10.737333392767718, 0.0, 0.0, 1.0 
50.6557750802715, 17.724055069904555, 0.0, 0.9045857378851213, 2.7000000000000015 
33.9872207041999, 21.399320070986608, 0.0, 0.0, 1.0 
15.16978705573906, 36.36961997723892, 0.0, 4.105934659505572, 2.7000000000000015 
19.50455778294567, 11.17797952088696, 0.0, 0.0, 1.0 
52.992735160406404, 43.16843062315072, 0.0, 0.22735686908014913, 2.7000000000000015 
41.69218988006252, 56.326051253247925, 0.0, 5.882439306781983, 1.2000000000000002 
17.097070795507793, 47.14907074885392, 0.0, 5.862029280108937, 2.7000000000000015 
19.28178211118845, 31.047472386120347, 0.0, 0.0, 1.0 
36.611392704171514, 7.876924890021044, 0.0, 0.0, 1.0 
39.609898104572395, 14.844532452993587, 0.0, 0.0, 1.0 
60.179570663917396, 56.37297059061416, 0.0, 1.2416293421992222, 2.7000000000000015 
56.288117082393036, 19.79806943239134, 0.0, 0.0, 1.0 
32.22344903241177, 20.4732433935976, 0.0, 0.0, 1.0 
17.221301962933065, 39.10200838033842, 0.0, 4.064949487840188, 2.7000000000000015 
15.575363138745603, 17.630500016973855, 0.0, 0.0, 1.0 
4.012513865772898, 27.488156406247565, 0.0, 0.0, 1.0 
31.18547388659611, 54.485454667640894, 0.0, 3.6907162496365338, 1.2000000000000002 
32.48778538987601, 4.885299944036555, 0.0, 4.159983541467253, 1.4000000000000004 
23.952926167852997, 55.7999650149867, 0.0, 4.513296531657894, 2.7000000000000015 
40.5769273848544, 33.25289201270192, 0.0, 0.0, 1.0 
59.41940493825068, 25.52189869449389, 0.0, 2.4997218948968736, 2.7000000000000015 
8.198288381104264, 42.48769925932848, 0.0, 1.735530185263675, 2.200000000000001 
13.635114151760888, 53.8814702149489, 0.0, 1.6996360716980747, 1.5000000000000004 
26.913107199937247, 20.96070257111009, 0.0, 1.3409054625783714, 2.4000000000000012 
23.06064923197576, 17.855593718112825, 0.0, 0.0, 1.0 
57.63448198219999, 20.9274511118519, 0.0, 0.0, 1.0 
36.36003820737128, 5.861616345875375, 0.0, 0.0, 1.0 
31.506669820316752, 49.21703157364493, 0.0, 3.4241781230870165, 2.6000000000000014 
33.42291533023414, 26.81210622265094, 0.0, 0.0, 1.0 
61.37244377706944, 25.163457113645528, 0.0, 2.1446246436365404, 2.4000000000000012 
55.66928376848792, 51.18341420921959, 0.0, 1.728811759711732, 2.7000000000000015 
1.5872850283627136, 60.731684976964864, 0.0, 0.9052308861374693, 2.7000000000000015 
21.38330399783242, 18.92881903370313, 0.0, 0.0, 1.0 
61.15774153026491, 14.06564720143045, 0.0, 0.6752914077267522, 1.4000000000000004 
48.764940111510285, 52.2519070860155, 0.0, 0.701684354103351, 2.7000000000000015 
48.53174255212883, 56.2675275683455, 0.0, 0.0, 1.0 
25.757149620929216, 22.587395706897933, 0.0, 0.0, 1.0 
17.180185826530217, 64.12645134168596, 0.0, 4.918938185216635, 1.6000000000000005 
8.339793538078702, 13.967451787883771, 0.0, 2.9296723533762, 2.7000000000000015 
5.3593066397826234, 13.870311306134104, 0.0, 2.276968969426498, 2.7000000000000015 
0.9005027581328746, 21.164665856631867, 0.0, 0.0, 1.0 
25.31186554942709, 30.601159298479427, 0.0, 0.0, 1.0 
13.72535735169398, 29.694268141317774, 0.0, 4.205391578184145, 2.7000000000000015 
12.167521248028542, 33.41061821421402, 0.0, 4.456602177360631, 2.7000000000000015 
9.813503139621085, 26.499858767477622, 0.0, 4.625249109319936, 2.7000000000000015 
52.160936155588956, 17.44871259457262, 0.0, 0.0, 1.0 
25.420490464737497, 62.60463649450772, 0.0, 3.564231717582947, 2.7000000000000015 
25.82346484723569, 52.93234290007247, 0.0, 6.914084235884641, 2.7000000000000015 
17.881018874512066, 18.66112555079071, 0.0, 0.589743011894263, 1.1 
58.8599025528133, 42.353912335003734, 0.0, 1.689607154234877, 2.7000000000000015 
19.090803078512064, 15.795788846579807, 0.0, 5.036499448918527, 2.7000000000000015 
39.955952644338495, 5.7835301479604135, 0.0, 0.0, 1.0 
18.41048672381407, 47.757179727473584, 0.0, 5.932744272856643, 2.7000000000000015 
40.15010885059398, 31.463775383635234, 0.0, 0.0, 1.0 
35.47349454027255, 11.046878673008475, 0.0, 0.0, 1.0 
17.67607094664291, 45.166211713310055, 0.0, 0.9714837816113953, 2.7000000000000015 
35.93667965508509, 40.641173904472915, 0.0, 0.6508768088710732, 2.7000000000000015 
59.192360185779854, 58.99193247579635, 0.0, 1.0840177749064852, 2.7000000000000015 
62.06743901696147, 41.90386463931418, 0.0, 1.5166285444838796, 2.7000000000000015 
64.32254393089706, 16.18317818984014, 0.0, 1.7800673887273604, 2.7000000000000015 
7.346448234673253, 51.28794044291766, 0.0, 2.044901106275958, 2.7000000000000015 
0.09501872854728732, 8.736658627759118, 0.0, 0.7486291699311886, 2.7000000000000015 
59.36082769607445, 27.613188672075925, 0.0, 2.405428592878495, 2.5000000000000013 
38.224580926251264, 6.802999495592843, 0.0, 0.0, 1.0 
35.61948993808559, 20.303574634195176, 0.0, 0.0, 1.0 
54.60357191140149, 51.561941436655886, 0.0, 1.4800495546325365, 2.300000000000001 
34.041050225488775, 12.19801025767846, 0.0, 0.0, 1.0 
38.61844303475986, 50.90508218236044, 0.0, 0.0, 1.0 
36.81222745697689, 38.24450198124505, 0.0, 2.7049350784315616, 2.6000000000000014 
37.071269489832716, 1.5413724243588274, 0.0, 0.0, 1.0 
25.517378779371565, 34.06395752214758, 0.0, 0.0, 1.0 
64.21677140647095, 22.468590307457912, 0.0, 0.0, 1.0 
29.124883933772637, 32.99423143271943, 0.0, 0.0, 1.0 
39.49744586062765, 29.488627118485695, 0.0, 0.0, 1.0 
44.390295724927675, 27.526309769093725, 0.0, 0.0, 1.0 
22.85396944198261, 56.24149847292465, 0.0, 4.625417900581829, 2.7000000000000015 
36.21822863838148, 36.344429632290705, 0.0, 0.0, 1.0 
1.728965213863091, 55.76333045062341, 0.0, 1.8324697211605838, 2.7000000000000015 
2.89378282821838, 29.313466567955032, 0.0, 0.0, 1.0 
0.49332862054735827, 28.353565589009598, 0.0, 0.0, 1.0 
29.270862974272735, 45.44244268629694, 0.0, 4.71290289554088, 2.7000000000000015 
43.34411145484941, 16.432343851006767, 0.0, 0.0, 1.0 
9.746345800557293, 32.52890288855567, 0.0, 4.789334178882389, 2.7000000000000015 
11.533049592905824, 24.82417218093661, 0.0, 3.964481098216324, 2.7000000000000015 
54.29051492820808, 6.0880534739017165, 0.0, 0.0, 1.0 
20.13001402835961, 51.321332388309116, 0.0, 4.295441794300879, 2.7000000000000015 
38.474133830722245, 45.10424540393391, 0.0, 2.799235075035841, 2.7000000000000015 
51.05917251322614, 37.96706247058716, 0.0, 6.650807298424688, 2.7000000000000015 
48.524384058566504, 63.30953335694545, 0.0, 0.0, 1.0 
17.216724055774616, 37.302958892179966, 0.0, 3.9401838417975807, 2.7000000000000015 
27.689373892518876, 14.525169509046098, 0.0, 0.0, 1.0 
42.54229361420688, 26.700454938427782, 0.0, 0.0, 1.0 
56.10081302369522, 27.243582631143923, 0.0, 2.3832283707502975, 2.7000000000000015 
9.283263720744031, 60.84608475727211, 0.0, 5.178929483205785, 2.7000000000000015 
45.49843938763979, 10.437755306598689, 0.0, 0.0, 1.0 
20.683236673928317, 23.874845096855317, 0.0, 0.0, 1.0 
36.84655357254092, 49.84219394088823, 0.0, 0.0, 1.0 
45.9954616469194, 50.260848227651564, 0.0, 0.46165337355321817, 2.7000000000000015 
12.05297417690109, 46.75536422518118, 0.0, 0.878937611741976, 2.100000000000001 
11.452398664341734, 15.681601289520303, 0.0, 3.249863983756535, 2.7000000000000015 
36.081704955923406, 61.133201632906605, 0.0, 0.324712520544871, 2.200000000000001 
57.058085730021126, 63.29627092787476, 0.0, 0.0, 1.0 
32.43514601913267, 64.61758976132367, 0.0, 0.0, 1.0 
55.4917524294999, 2.2043623089267452, 0.0, 0.0, 1.0 
30.19616665432429, 41.92267389254761, 0.0, 5.516157014114115, 1.2000000000000002 
60.98042690091119, 51.15508658231931, 0.0, 0.0, 1.0 
24.968243968586844, 51.01814533131579, 0.0, 6.862217147113216, 2.7000000000000015 
52.0073300865816, 25.966194045179588, 0.0, 0.0, 1.0 
24.128762616027053, 40.14174859052788, 0.0, 3.801788880016022, 2.6000000000000014 
12.041441659055637, 35.741346694902944, 0.0, 4.206742408985463, 2.7000000000000015 
62.215226453323616, 20.083006777096244, 0.0, 2.360659996358817, 2.100000000000001 
46.3209991782992, 52.46527770908474, 0.0, 5.392505989299032, 2.5000000000000013 
52.238058804752406, 49.771345247479395, 0.0, 1.0230675008174994, 2.7000000000000015 
64.26401435579649, 42.79218550718521, 0.0, 2.1558003135956176, 2.4000000000000012 
46.5664642931327, 37.515788392612855, 0.0, 3.625011147539936, 2.7000000000000015 
30.86208721834377, 32.10816281106546, 0.0, 0.0, 1.0 
56.08163201414979, 62.4150247042057, 0.0, 2.152438165516237, 2.7000000000000015 
53.44763575559469, 54.54336764233832, 0.0, 0.5023153499147113, 2.7000000000000015 
19.92909296229037, 29.116917698191923, 0.0, 0.0, 1.0 
28.14636341025857, 41.96585371794065, 0.0, -0.6999412801895317, 2.7000000000000015 
43.72660428492342, 9.45987045943234, 0.0, 0.0, 1.0 
57.47007494405639, 30.01457798419201, 0.0, 0.0, 1.0 
2.012332852329562, 23.32062029366981, 0.0, 2.5042015101017787, 2.6000000000000014 
16.914328113595445, 2.426375869834553, 0.0, 2.7864944157931504, 2.7000000000000015 
17.061259289445786, 30.54928048579235, 0.0, 4.002993260530771, 2.7000000000000015 
33.808228564318554, 19.38690011405458, 0.0, 0.0, 1.0 
52.09536390292866, 51.23765938030581, 0.0, 7.19390156778707, 2.7000000000000015 
53.35131583338272, 18.803804780400174, 0.0, 0.0, 1.0 
47.10177443532025, 20.652703307313335, 0.0, 0.0, 1.0 
61.21152698455737, 38.67591449834863, 0.0, 1.1510298772791359, 2.7000000000000015 
34.505941229539914, 14.204127416581366, 0.0, 0.0, 1.0 
54.56694546616213, 42.16084624994087, 0.0, 1.2600692635081763, 2.7000000000000015 
56.16474255252701, 0.27612036131984535, 0.0, 0.0, 1.0 
24.024087508873475, 37.21334824182185, 0.0, 3.2406417593665986, 2.7000000000000015 
38.48727125456868, 8.822921848153507, 0.0, 0.0, 1.0 
48.89318114954111, 53.728176216149876, 0.0, 0.4918455832531993, 2.7000000000000015 
58.93774645953467, 16.878110935154186, 0.0, 0.0, 1.0 
32.94220580455548, 62.95317533268243, 0.0, 6.1980423466519845, 2.7000000000000015 
49.365391344954475, 24.117748174670623, 0.0, 0.0, 1.0 
30.93059386583046, 21.495511961315497, 0.0, 0.0, 1.0 
38.22309037267195, 36.720225277143236, 0.0, 3.025467074521206, 2.7000000000000015 
19.21545505261672, 9.214168149547346, 0.0, 2.128486261307379, 2.7000000000000015 
0.13322300058164893, 10.511731928847961, 0.0, 4.095168441404105, 2.7000000000000015 
39.27139575338171, 43.59543410768095, 0.0, 2.616818195077689, 2.7000000000000015 
22.227979898805994, 50.60381810870565, 0.0, 0.0, 1.0 
9.737854915333005, 18.68669838504772, 0.0, 0.0, 1.0 
60.21651682374324, 64.27389924241695, 0.0, 3.901899894692326, 1.2000000000000002 
3.4331285889286876, 34.19539137363093, 0.0, 0.0, 1.0 
26.588960622001455, 3.5569153713804185, 0.0, 4.120630291922934, 2.7000000000000015 
7.736105919825379, 46.20935131973922, 0.0, 6.090772758946602, 1.5000000000000004 
18.38187791911215, 32.79796986002678, 0.0, 3.4891735718668744, 2.200000000000001 
6.116100752548948, 61.685590328105775, 0.0, 1.0600905451438734, 2.7000000000000015 
56.82322427707894, 51.00722720306952, 0.0, 2.0105446847207458, 2.7000000000000015 
40.39123751401043, 46.962498755145305, 0.0, 2.352801331481708, 2.7000000000000015 
15.333217890740913, 58.64671708921745, 0.0, -0.3788599805043544, 2.7000000000000015 
41.528990780035066, 34.586057890775876, 0.0, 3.136427615278337, 2.7000000000000015 
40.6911938597601, 50.960215405496854, 0.0, 0.0, 1.0 
16.809371118059147, 23.448147932246176, 0.0, 0.0, 1.0 
32.949882717339094, 50.91430130531999, 0.0, 0.0, 1.0 
28.288047985786434, 11.33992291550524, 0.0, 3.4760921321501597, 1.3000000000000003 
24.32007122441926, 32.4037214818255, 0.0, 0.0, 1.0 
17.805417406870347, 35.03454344676116, 0.0, 3.439944198948364, 2.7000000000000015 
27.080332867771332, 1.486312329739686, 0.0, 3.6318737842493376, 2.4000000000000012 
5.484356177669184, 15.298841034045514, 0.0, 2.340987371495063, 2.7000000000000015 
38.51076386116824, 2.8605933801967036, 0.0, 0.0, 1.0 
4.457016894383216, 58.8886645703153, 0.0, 1.2463058361630008, 2.7000000000000015 
37.45152163973657, 21.211520447359923, 0.0, 0.0, 1.0 
11.295018473637391, 44.56671660625369, 0.0, 2.5174761720610612, 2.300000000000001 
7.736050559338656, 18.597610291662843, 0.0, 5.859517745928803, 2.000000000000001 
8.667959597460378, 23.330918835863883, 0.0, 4.021970287930533, 2.7000000000000015 
55.14385726402949, 18.553457117144262, 0.0, 0.0, 1.0 
36.10953693012999, 53.56119168636147, 0.0, 0.0, 1.0 
27.95943862633814, 3.275352045415131, 0.0, 3.790461381377323, 2.7000000000000015 
6.684821323861491, 16.244888261620055, 0.0, 3.1039100481597552, 2.100000000000001 
