position_x,position_y,position_z,orientation,aspect_ratio
12.271541073681293, 45.445014218208925, 0.0, 4.423664440496596, 2.7000000000000015 
6.62270706960062, 7.54550399329676, 0.0, 3.8316879702688995, 2.7000000000000015 
17.775305104964964, 5.155637788771859, 0.0, 0.0, 1.0 
35.24708295545942, 39.344932057023264, 0.0, 0.0, 1.0 
61.704113003285556, 23.336958084075455, 0.0, 1.6166549426951424, 2.7000000000000015 
64.00332869828291, 33.2957031955144, 0.0, 5.4723020174696835, 2.7000000000000015 
27.83286311899987, 6.123957114052801, 0.0, 3.7027421143200336, 2.7000000000000015 
59.44913614247836, 58.87112638929871, 0.0, 2.544527092910825, 2.7000000000000015 
25.411439363371745, 8.835625655354777, 0.0, 3.533715789243472, 2.5000000000000013 
60.70877737387908, 39.469720442039176, 0.0, 3.7695825652036943, 2.7000000000000015 
14.014426301580066, 12.403427416638655, 0.0, 4.235382539048503, 2.7000000000000015 
37.32776240893105, 64.3910252970537, 0.0, 2.8058267572918525, 2.7000000000000015 
5.976550808705039, 26.34718698356997, 0.0, 1.0708612908181103, 2.7000000000000015 
51.88507840856389, 53.50825826325057, 0.0, 0.0, 1.0 
6.049986348323919, 43.77699031484371, 0.0, 0.0, 1.0 
19.15485987150727, 4.797605429872318, 0.0, 4.482646339911538, 2.7000000000000015 
47.58291861066428, 61.37256114432649, 0.0, 0.0, 1.0 
8.32519777656005, 56.287424034899324, 0.0, -1.1803824195501273, 2.7000000000000015 
54.22000879968871, 32.002530915773576, 0.0, 3.511834598400929, 2.7000000000000015 
30.50847858034379, 54.55796791286683, 0.0, 0.0, 1.0 
12.27848378256899, 53.561087925350016, 0.0, -1.5861710607522277, 2.7000000000000015 
48.10994506214865, 56.777167568947675, 0.0, 3.4759968973829336, 2.7000000000000015 
24.28272941221662, 42.4177108685383, 0.0, 0.0, 1.0 
6.537445746098644, 60.98019424759966, 0.0, -1.079751118374434, 2.7000000000000015 
32.27000608308056, 32.198297762916795, 0.0, 0.0, 1.0 
30.136400146568562, 8.351076766077332, 0.0, 0.0, 1.0 
38.3624409931154, 38.998562039425316, 0.0, 2.3873399090826988, 2.7000000000000015 
11.099660504140727, 27.383926147344628, 0.0, 0.0, 1.0 
60.9268189403817, 20.363251762253984, 0.0, 1.0326035015606936, 2.100000000000001 
17.7576125197972, 63.01000537125255, 0.0, 0.0, 1.0 
53.66249324982916, 10.856227080284876, 0.0, 2.0425999481097348, 2.7000000000000015 
49.604637419572406, 51.14942505322771, 0.0, 0.0, 1.0 
45.05231969073857, 6.5406481771276335, 0.0, 3.655392693709616, 2.7000000000000015 
17.728122451825907, 44.139444177387276, 0.0, 0.0, 1.0 
48.966053173407865, 43.682092615896856, 0.0, 0.9814926144446983, 1.1 
31.752036014442385, 5.836267104948719, 0.0, 3.210003087495876, 2.6000000000000014 
62.135254566579874, 17.426801836051514, 0.0, 1.107406373790779, 2.7000000000000015 
26.531823895148204, 3.852614952701687, 0.0, 3.5151538601039234, 2.7000000000000015 
17.151436029907508, 61.37712853699141, 0.0, 0.0, 1.0 
0.02661149076271061, 60.56822191547688, 0.0, 2.2788539307705693, 2.7000000000000015 
32.717457845566635, 44.55918489726229, 0.0, 2.5140367500731124, 2.7000000000000015 
52.635521191201434, 33.96038565153456, 0.0, 3.8226866228204606, 2.7000000000000015 
39.12162891530638, 20.85267492840042, 0.0, 4.125544130213979, 2.7000000000000015 
36.378906285291336, 40.08201597317821, 0.0, 2.1046069574055255, 2.200000000000001 
36.60078489768715, 1.8733312401305755, 0.0, 2.851816909967623, 2.7000000000000015 
38.12681047300497, 23.12092480472779, 0.0, 3.7484261626537334, 2.7000000000000015 
21.441114623086435, 11.674774433822067, 0.0, 0.0, 1.0 
33.65850060786822, 33.44545689449205, 0.0, 4.12772760347892, 2.7000000000000015 
20.05686426300884, 31.585388862813808, 0.0, 0.2314492533562529, 2.7000000000000015 
13.424568614119558, 47.66849208127712, 0.0, 0.0, 1.0 
9.87776416554659, 39.19725616644204, 0.0, 0.0, 1.0 
23.46776281137656, 12.241229451527909, 0.0, 2.793783707158469, 2.7000000000000015 
20.31264286890742, 59.410209256552584, 0.0, 5.085238122349732, 2.7000000000000015 
1.8010199863960035, 4.4643631416439185, 0.0, 1.4856423906028193, 2.7000000000000015 
52.71938092926502, 19.55707180384614, 0.0, 6.418522268687564, 2.7000000000000015 
10.649625402898977, 4.062928673383264, 0.0, -1.8457904416238256, 2.7000000000000015 
36.111077526988694, 47.36680249857163, 0.0, 3.9463161579707826, 2.5000000000000013 
0.17242922595459265, 29.70888354476478, 0.0, 1.1021673694123002, 2.7000000000000015 
1.1610541308331306, 28.472595529899873, 0.0, 1.5881690387710679, 2.7000000000000015 
35.054074894358045, 36.530626706597246, 0.0, 4.6803978757361975, 2.5000000000000013 
33.399727598644944, 27.755879734573664, 0.0, -0.823174988100755, 2.7000000000000015 
42.879740013813915, 47.80488102641459, 0.0, 0.0, 1.0 
32.33540009781048, 52.05728794857424, 0.0, 0.0, 1.0 
1.2251388301973694, 50.22820483615629, 0.0, 0.0, 1.0 
27.62790525310536, 54.68127962661001, 0.0, 4.77379427693822, 2.300000000000001 
56.39608641193874, 51.701874756812686, 0.0, 5.268989213792525, 1.4000000000000004 
8.093368707908088, 46.995006939316255, 0.0, 5.387997710837955, 2.100000000000001 
25.21747593355125, 6.4482650329150175, 0.0, 0.0, 1.0 
39.72497117835451, 39.63563345208146, 0.0, 2.9160668661114304, 2.7000000000000015 
41.2851100990123, 31.325956796973404, 0.0, 1.9160576907232487, 2.7000000000000015 
50.13957483827273, 34.26601582318152, 0.0, 4.335077355777061, 2.7000000000000015 
52.05868263001136, 35.04454034280159, 0.0, 3.9403409189228897, 2.7000000000000015 
44.42111399179893, 46.58782154723348, 0.0, 0.0, 1.0 
39.30851317369815, 29.796726412575612, 0.0, 5.1374582549283945, 2.7000000000000015 
42.00849884145201, 0.750230180106353, 0.0, 3.3288026758011253, 2.7000000000000015 
23.155617122530103, 2.553567269125736, 0.0, 4.091649172897736, 2.7000000000000015 
46.37156194103121, 33.44828947453078, 0.0, 0.0, 1.0 
30.866754834795366, 44.40553068564084, 0.0, 0.0, 1.0 
25.170232939178003, 56.32369561043548, 0.0, 4.245556748373641, 2.300000000000001 
53.50851658778135, 63.047179220773266, 0.0, 3.3940593754539297, 2.7000000000000015 
56.21818946287481, 49.115156319299174, 0.0, 0.0, 1.0 
16.517516183866913, 49.26337602948784, 0.0, 0.0, 1.0 
63.34402928351466, 49.51928462430869, 0.0, 0.0, 1.0 
33.09214605274188, 0.7081190774434576, 0.0, 2.5940696883247636, 2.5000000000000013 
25.040616906229545, 5.06766760537507, 0.0, 3.6762265673809593, 2.7000000000000015 
49.26196967923599, 35.30459240567971, 0.0, 4.097241870724819, 2.7000000000000015 
16.512229548726918, 9.70037420745933, 0.0, 0.0, 1.0 
6.047164864801736, 48.23475080394748, 0.0, 5.4885448807058, 2.7000000000000015 
54.27100233227504, 22.10650423566554, 0.0, 5.533434243375427, 2.300000000000001 
43.01823099901297, 25.10832099760331, 0.0, 1.2104614761018397, 2.7000000000000015 
2.4030756868149252, 16.513728954970162, 0.0, 1.6434745042983525, 2.7000000000000015 
35.75480158784793, 23.467242570678422, 0.0, -1.1247420937828687, 2.7000000000000015 
33.587604375659566, 24.813314369163418, 0.0, -0.5419641546478101, 1.9000000000000008 
40.17770472786985, 58.26738362840884, 0.0, 0.0, 1.0 
58.48875152651773, 55.795484040137346, 0.0, 1.836653069630174, 1.1 
11.354036767211845, 52.12241201528011, 0.0, 4.59127445139149, 2.7000000000000015 
58.3677205136412, 29.141487785926447, 0.0, 0.2575965404589148, 2.7000000000000015 
14.535825381020846, 6.293186611753149, 0.0, 0.0, 1.0 
59.77033080652563, 54.189856083281335, 0.0, 0.694875137359937, 1.2000000000000002 
32.86076771514701, 62.198424063316054, 0.0, 0.0, 1.0 
27.523602538842276, 16.840463418594823, 0.0, 4.655408881414426, 2.7000000000000015 
61.21774614418322, 18.404820787017957, 0.0, 1.1096829242693333, 2.7000000000000015 
25.809851365868997, 22.135069690368486, 0.0, 2.283219571535505, 2.7000000000000015 
18.202215141726658, 49.88174927227181, 0.0, 0.0, 1.0 
54.64180837917688, 41.369491326149145, 0.0, 3.5330086172512245, 2.7000000000000015 
26.166418558874224, 14.975704151807916, 0.0, 3.2270315890834858, 2.7000000000000015 
50.503881870965834, 11.20506921257016, 0.0, 1.98555256419598, 2.7000000000000015 
30.526819672830737, 21.88948309400698, 0.0, -2.3283228328836776, 2.7000000000000015 
37.18027203212389, 58.5917017964285, 0.0, 0.0, 1.0 
29.18794963477037, 32.24841427672519, 0.0, -0.6553968231084861, 2.5000000000000013 
13.489303568761569, 43.670303781925206, 0.0, 0.0, 1.0 
41.736972383919024, 57.98141844550051, 0.0, 3.7456135272196063, 2.6000000000000014 
50.24932810985175, 1.0568488897345356, 0.0, 1.6855676648044788, 2.7000000000000015 
36.47629410688187, 2.846724382231634, 0.0, 2.996527466430352, 2.7000000000000015 
13.681218106282929, 9.90134037696842, 0.0, 4.187172041314973, 2.7000000000000015 
22.474858781957995, 58.493768101368005, 0.0, 4.815141802675303, 2.7000000000000015 
37.62869920585375, 40.88702775849638, 0.0, 2.902982945344838, 2.7000000000000015 
35.522403227583354, 56.26966564469253, 0.0, 4.0058860988481975, 2.7000000000000015 
4.107604501753997, 27.71779600566321, 0.0, 1.5971904763243512, 2.7000000000000015 
32.773026358818164, 60.13528566605475, 0.0, 0.0, 1.0 
35.852567822392416, 29.392978759498682, 0.0, 4.991125104187565, 2.5000000000000013 
10.850552996087625, 40.55374816601888, 0.0, 0.0, 1.0 
30.653872408421545, 29.425695709037996, 0.0, -0.49854390175936386, 2.7000000000000015 
36.87183453511017, 53.278854783950415, 0.0, 0.0, 1.0 
48.540669434925555, 32.68920549268995, 0.0, 4.238971485866283, 2.7000000000000015 
20.902592969214083, 16.95294838158487, 0.0, 3.662433930981012, 2.7000000000000015 
24.069585879751404, 7.158698766026724, 0.0, 3.714947829054732, 2.7000000000000015 
13.3789218311187, 24.813702035293698, 0.0, 2.2668175777682102, 2.7000000000000015 
30.165720314548473, 47.64598954395214, 0.0, 0.0, 1.0 
9.500194712038567, 47.233233778190225, 0.0, 4.885906066744856, 2.7000000000000015 
60.44899610657094, 52.27653403886175, 0.0, 0.7252361706499724, 1.4000000000000004 
23.50263876862621, 53.527854290209476, 0.0, 4.269312196830164, 2.6000000000000014 
35.77860599563274, 59.77908232901695, 0.0, 0.0, 1.0 
30.839417626269906, 50.77394887947713, 0.0, 0.0, 1.0 
41.46159164074284, 28.308589973492325, 0.0, 5.627665821141504, 1.9000000000000008 
10.397268740139511, 42.25305633891099, 0.0, 0.0, 1.0 
26.305722863728143, 54.27230082207608, 0.0, 0.0, 1.0 
38.671896868422195, 15.661650173355124, 0.0, 5.732391297311163, 2.100000000000001 
56.147012858392564, 14.116002736362587, 0.0, 4.930571990900288, 2.7000000000000015 
41.018445952446235, 3.37233821078162, 0.0, 3.597990466093489, 2.7000000000000015 
53.89554890301789, 30.563464521413295, 0.0, 3.3660890047111662, 2.7000000000000015 
23.326153743566522, 25.75738162848838, 0.0, 2.940414023205771, 2.7000000000000015 
32.57359428224817, 37.360947672759444, 0.0, 5.190618499027767, 2.7000000000000015 
61.30109500342894, 29.21228185187498, 0.0, 3.9403657957558034, 2.6000000000000014 
29.67481629307896, 59.851005795393746, 0.0, 0.0, 1.0 
25.265364601490035, 36.71163247442337, 0.0, 0.0, 1.0 
57.360278727763124, 23.600228837707856, 0.0, 4.8882969293117045, 2.7000000000000015 
1.5423524913155353, 35.78204511245053, 0.0, 4.672729634012944, 1.8000000000000007 
54.43431412521332, 58.142442642375464, 0.0, 3.2410969212619554, 2.7000000000000015 
27.100597278959206, 34.57444727787819, 0.0, 0.0, 1.0 
27.9555188404568, 21.48970895218386, 0.0, 2.4243562422980918, 2.7000000000000015 
26.773244669975142, 60.93011289244468, 0.0, 0.0, 1.0 
39.67605432664986, 46.95063211474881, 0.0, 0.0, 1.0 
41.37341155076497, 38.46287775150859, 0.0, 3.172687814446413, 2.7000000000000015 
11.953532616709202, 31.183628030249036, 0.0, 0.0, 1.0 
36.69258804419931, 51.2187117885161, 0.0, 0.0, 1.0 
15.44212388893028, 8.039735489982315, 0.0, 0.0, 1.0 
51.571381778416445, 51.56079113346627, 0.0, 0.0, 1.0 
7.44123443232067, 0.4464219075311442, 0.0, 4.971347392088863, 2.7000000000000015 
41.38417909357868, 61.55572822845465, 0.0, 0.0, 1.0 
33.77067019702157, 9.059676635257466, 0.0, 0.0, 1.0 
38.826081560132856, 6.208123766448, 0.0, 3.1683251288123526, 2.6000000000000014 
19.932137306966837, 48.73995057554953, 0.0, 0.0, 1.0 
23.624422010374875, 17.815209968902387, 0.0, 3.714682450584038, 2.000000000000001 
54.48405833109164, 55.67887965125786, 0.0, 0.0, 1.0 
50.580424627793775, 27.40468976255115, 0.0, 4.045059035341047, 2.4000000000000012 
62.092194577416706, 41.30360104477723, 0.0, 3.3035315916090897, 2.7000000000000015 
12.447185671123439, 0.08323643085536271, 0.0, 4.4953853750023, 2.5000000000000013 
20.78740543821373, 4.363395463160278, 0.0, 4.343780196537102, 2.7000000000000015 
25.22033502322136, 4.0646965314763355, 0.0, 3.7380956191854016, 2.7000000000000015 
34.907768067460246, 53.87967211273228, 0.0, 0.0, 1.0 
22.824814306826966, 50.78675080032928, 0.0, 4.6707054905495, 2.7000000000000015 
55.83923385363374, 27.552310900783894, 0.0, 1.1193170562517085, 2.4000000000000012 
63.74404057647606, 5.059218279891048, 0.0, 0.6251896134501166, 2.7000000000000015 
37.36626643980552, 21.52274645189544, 0.0, 3.3987829360781303, 2.7000000000000015 
30.76214196602508, 18.417935570877695, 0.0, 3.087815064870877, 2.7000000000000015 
46.266946452189046, 55.59457136857935, 0.0, 3.1910554203170576, 2.7000000000000015 
7.637761683136662, 55.27737429527909, 0.0, -1.1641914065617616, 2.7000000000000015 
33.94275901319991, 17.972741795578198, 0.0, 3.4990221883395827, 2.7000000000000015 
47.44080218614757, 35.22872939649616, 0.0, 0.0, 1.0 
22.527048016594055, 64.59236576188765, 0.0, 4.272534521015767, 2.7000000000000015 
24.295475320421595, 60.924688011723774, 0.0, 4.654870847688727, 2.7000000000000015 
50.94561771693056, 49.62546783486095, 0.0, 0.0, 1.0 
39.40240489691124, 61.1440284147275, 0.0, 0.0, 1.0 
17.45962003025609, 64.5754358290299, 0.0, 0.0, 1.0 
60.47698272294924, 14.575676926052244, 0.0, 1.3318971067866618, 2.7000000000000015 
30.087638948168447, 58.06635039602627, 0.0, 0.0, 1.0 
28.48953389212446, 31.35581757670672, 0.0, -0.47207902445962835, 2.7000000000000015 
26.449073537537192, 45.050364657532846, 0.0, 4.381360087361905, 2.7000000000000015 
50.360483499931554, 47.663011061826694, 0.0, 0.0, 1.0 
7.269781714826407, 10.043510384799976, 0.0, 1.01146817350009, 2.7000000000000015 
21.537235288986007, 56.3074916766465, 0.0, 5.055892731116107, 2.7000000000000015 
8.543232567948309, 42.5068204180817, 0.0, 0.0, 1.0 
27.535194724847923, 0.8652096197467479, 0.0, 0.0, 1.0 
41.50222948217443, 55.78815427675138, 0.0, 3.4192593879160764, 2.7000000000000015 
35.69229880007762, 54.81514732050429, 0.0, 3.199981517897801, 2.5000000000000013 
44.65878508826281, 26.629981393087306, 0.0, 1.2051927342188797, 2.7000000000000015 
20.706601292971342, 45.73063184298333, 0.0, 0.0, 1.0 
28.69890812440523, 42.08469162144833, 0.0, 5.264948533726666, 2.6000000000000014 
41.28376329525938, 12.8213035340017, 0.0, 6.117674280681934, 2.7000000000000015 
12.435515997843313, 43.368827759456146, 0.0, 5.322777429208077, 2.7000000000000015 
11.080067311839992, 36.395084979860115, 0.0, 0.0, 1.0 
19.32095709296004, 62.513839983727436, 0.0, 4.803262412933129, 2.7000000000000015 
23.950363232117738, 1.9102912937746912, 0.0, 3.904897127023578, 2.6000000000000014 
54.823123102121, 35.991835275783124, 0.0, 3.5638483584320637, 2.7000000000000015 
34.536033161427376, 5.398645685139404, 0.0, 3.2776372975843797, 2.100000000000001 
37.460187938118324, 10.718517428912067, 0.0, 0.0, 1.0 
16.768949036376338, 47.20786041502956, 0.0, 0.0, 1.0 
9.086944218301188, 16.5168895236248, 0.0, 1.2702584261502003, 2.7000000000000015 
11.61892294169619, 48.258726292687385, 0.0, 4.310620258684608, 2.7000000000000015 
18.165652460418173, 48.07913208891329, 0.0, 0.0, 1.0 
30.7364482040418, 0.2120952654965055, 0.0, 0.0, 1.0 
4.924305262536396, 37.55322780465736, 0.0, 0.609782379693385, 2.7000000000000015 
24.02687082843897, 56.01448811328433, 0.0, 4.377609214615295, 2.6000000000000014 
26.76922478047943, 58.910303984502114, 0.0, 0.0, 1.0 
49.90539911400753, 53.11677041756756, 0.0, 0.0, 1.0 
8.964100315064112, 10.89061826366296, 0.0, 4.5841910420761485, 2.7000000000000015 
30.693766105388455, 13.378996720325647, 0.0, 3.2312965058483067, 2.7000000000000015 
58.06827183099564, 30.799574805142928, 0.0, 0.31905725696207277, 2.7000000000000015 
28.298759614338948, 9.04739393026441, 0.0, 0.0, 1.0 
17.523039297134407, 3.5180703883896087, 0.0, 0.0, 1.0 
21.71745080645316, 2.287329451475671, 0.0, 4.135395403998655, 2.7000000000000015 
9.629545477551295, 35.5143130279454, 0.0, 0.0, 1.0 
44.13285410777249, 57.56640381289589, 0.0, 3.9239951029699127, 2.6000000000000014 
63.16180941222493, 47.489573035104165, 0.0, 2.5559474754568656, 1.1 
8.33616985593503, 58.15322482484197, 0.0, -0.9281408370972611, 2.7000000000000015 
63.65104926755858, 23.93586563410649, 0.0, 1.1241802110199828, 2.7000000000000015 
11.8703781583611, 50.550593928219556, 0.0, 4.359185562931659, 2.7000000000000015 
32.65229100293389, 23.58675048303827, 0.0, 0.0, 1.0 
17.32785071447957, 59.61759151756326, 0.0, 0.0, 1.0 
44.30078401631907, 59.65361668633763, 0.0, 0.0, 1.0 
53.49171330325968, 46.39173232427207, 0.0, 0.0, 1.0 
18.436547415177728, 6.6516914371937235, 0.0, 0.0, 1.0 
19.518094726798637, 58.60456628081817, 0.0, 0.0, 1.0 
40.34405561075334, 51.7850017190872, 0.0, 0.0, 1.0 
41.676591737264275, 44.71685299529472, 0.0, 0.0, 1.0 
50.56458428300541, 17.044146741984203, 0.0, -0.18939537479308774, 2.7000000000000015 
46.984740496377, 48.89025924367019, 0.0, 0.0, 1.0 
49.160809934271796, 61.642314190359876, 0.0, 4.086045287837063, 2.7000000000000015 
51.15618102378712, 57.616636362442875, 0.0, 3.413402543926204, 2.7000000000000015 
7.220504662896678, 42.21377702570363, 0.0, 1.7718425863858724, 2.7000000000000015 
29.409805241012965, 64.04108501548153, 0.0, 0.0, 1.0 
37.443243245052926, 28.190479770676838, 0.0, 4.014375433412865, 2.7000000000000015 
52.31923171331804, 48.07861481981394, 0.0, 0.0, 1.0 
29.029916362686233, 53.13329158009234, 0.0, 0.0, 1.0 
64.56669021902287, 63.05604169476488, 0.0, 2.33683702048946, 2.7000000000000015 
14.255595161906365, 36.423581054983785, 0.0, 1.108439068330065, 2.7000000000000015 
12.672376793642746, 17.939878176414037, 0.0, 1.109973353385305, 2.7000000000000015 
52.35485605139863, 60.05149387390159, 0.0, 3.5487768261922095, 2.7000000000000015 
16.45145210436228, 30.891482844694977, 0.0, 0.09264981840071804, 2.7000000000000015 
50.46092048913469, 14.44403183906675, 0.0, 0.21976340738077194, 2.7000000000000015 
64.60320078562452, 37.83871312281434, 0.0, 4.252100997000475, 1.9000000000000008 
31.372402472038658, 16.34266157809021, 0.0, 4.19988913757965, 2.7000000000000015 
63.39624462810969, 45.11324763521371, 0.0, 0.0, 1.0 
30.97574176109005, 41.877861300879424, 0.0, 5.078201060190451, 2.7000000000000015 
40.69071181363185, 59.9045390991165, 0.0, 0.0, 1.0 
3.1986549958932935, 24.74754836787824, 0.0, 1.7341346516212002, 2.7000000000000015 
28.943654592556246, 55.0350188890956, 0.0, 0.0, 1.0 
4.999070847178968, 53.28635063444468, 0.0, 5.08760143119448, 2.7000000000000015 
6.600570973230803, 30.348756928634845, 0.0, 0.5480722251394242, 2.7000000000000015 
38.035274058315395, 54.2119626247404, 0.0, 3.0174626635304618, 2.4000000000000012 
57.44180765775903, 7.4687485640229605, 0.0, 4.878607518558447, 2.7000000000000015 
24.367953988134257, 64.13052862983906, 0.0, 4.096404208680954, 2.5000000000000013 
57.22113489293825, 38.085890862262374, 0.0, 4.272502558368918, 2.7000000000000015 
40.04570155716731, 33.597593448114, 0.0, 4.8306453366092335, 2.5000000000000013 
55.56264274004488, 53.756590924139005, 0.0, 0.0, 1.0 
22.31135646765531, 45.613829160149045, 0.0, 0.0, 1.0 
35.68427778711761, 8.278646121496502, 0.0, 0.0, 1.0 
23.86178869844713, 48.71610220814846, 0.0, 5.467111100435194, 2.7000000000000015 
45.3509278277873, 0.8676855636729455, 0.0, 3.2207553422208055, 2.7000000000000015 
25.15179211937517, 16.040877950771172, 0.0, 3.5830841498193955, 2.7000000000000015 
45.54826412608062, 35.24077339912026, 0.0, 0.0, 1.0 
25.662236220439357, 50.00827355395215, 0.0, 4.458351032524665, 2.7000000000000015 
6.449918037810058, 34.548040166536374, 0.0, 0.8638765823429316, 2.7000000000000015 
54.02879797542955, 20.726864979388335, 0.0, 5.910002135601276, 2.7000000000000015 
32.10836716853894, 58.00210557350467, 0.0, 0.0, 1.0 
58.163045747104505, 2.366447790457837, 0.0, 0.1092701243898674, 2.7000000000000015 
42.32533405209466, 52.304139867107644, 0.0, 0.0, 1.0 
24.62615005575656, 58.975351905951044, 0.0, 4.46953075933181, 2.7000000000000015 
23.59627686966567, 37.37697346587718, 0.0, 5.136273924214074, 2.7000000000000015 
21.573543612279497, 62.46609432431943, 0.0, 4.382413107991248, 2.7000000000000015 
24.074562141131157, 52.032486896311, 0.0, 4.4577264726412436, 2.6000000000000014 
21.336547032810124, 43.819556395433864, 0.0, 0.0, 1.0 
47.68343368994086, 41.10811483108178, 0.0, 5.616257434530238, 1.9000000000000008 
13.009426190316416, 61.47031020520771, 0.0, 0.0, 1.0 
14.502293656021621, 42.29084129165585, 0.0, 0.0, 1.0 
4.973845568149937, 7.868625426860332, 0.0, 0.8570859122629922, 2.7000000000000015 
43.56131357027893, 64.44141046318562, 0.0, 0.0, 1.0 
23.582301914381546, 58.016689717112506, 0.0, 0.0, 1.0 
31.552160274534067, 11.744693285045814, 0.0, 0.0, 1.0 
28.336664052954973, 62.28558266409761, 0.0, 0.0, 1.0 
21.575806460354748, 7.459926688190247, 0.0, 4.3347422535406785, 2.7000000000000015 
3.527741317391368, 58.53046664840357, 0.0, 4.784642327353457, 2.7000000000000015 
30.40095286321042, 56.483637012129066, 0.0, 0.0, 1.0 
38.54679527532991, 37.059933099864814, 0.0, 5.307281283904097, 2.200000000000001 
23.323279504474783, 10.937726435694676, 0.0, 0.0, 1.0 
14.502404852548636, 15.078843294260203, 0.0, 4.308121858309581, 2.7000000000000015 
9.441292854500542, 31.693169318881505, 0.0, 0.6456017378928548, 2.7000000000000015 
21.581177627805854, 47.54443110658533, 0.0, 0.0, 1.0 
48.4437845439299, 27.14552748102561, 0.0, 3.7679386559368218, 2.7000000000000015 
23.201414578665904, 9.008728969409798, 0.0, 4.134713359279535, 2.7000000000000015 
20.594488337528972, 55.57429167586519, 0.0, 0.0, 1.0 
40.466583962049754, 43.18189456802931, 0.0, 0.0, 1.0 
12.2473463535634, 2.333785709917243, 0.0, 4.162577304932095, 2.300000000000001 
44.802968194573765, 38.51220052287024, 0.0, 3.1120822931897747, 2.7000000000000015 
55.56514207351148, 34.93719645278106, 0.0, 3.4820112268703434, 2.7000000000000015 
53.55228623803862, 52.00473628091983, 0.0, 0.0, 1.0 
44.19300298123702, 53.11841137879845, 0.0, 0.0, 1.0 
31.26738173640977, 61.14072233975825, 0.0, 0.0, 1.0 
29.028043403712015, 34.01462023312336, 0.0, 0.0, 1.0 
28.38387460841665, 29.05625891984561, 0.0, 6.153386838110104, 2.7000000000000015 
20.20002988127378, 14.658672421636622, 0.0, 3.384336368339965, 2.7000000000000015 
54.84423761682392, 33.47188965366071, 0.0, 3.2534387327754826, 2.7000000000000015 
62.256091798799105, 33.45902222252247, 0.0, 5.33905613771186, 2.7000000000000015 
36.247891078341176, 45.968996166730406, 0.0, 0.0, 1.0 
21.826219457037247, 0.5353957107754254, 0.0, 4.297497281877022, 2.6000000000000014 
28.081942330779746, 44.67915785283194, 0.0, 5.080833290943109, 2.7000000000000015 
20.658764917440887, 38.51717382523698, 0.0, 5.136035517677955, 2.7000000000000015 
51.601661642682515, 38.02598944611045, 0.0, 4.029581302545464, 2.7000000000000015 
0.5317809294790941, 25.385279180320957, 0.0, 1.384154425072878, 2.7000000000000015 
4.568785701863661, 22.518116689711146, 0.0, 1.7645780887348572, 2.7000000000000015 
28.55669905432651, 1.34986577729151, 0.0, 2.4650897178675013, 1.8000000000000007 
22.332036460935065, 33.169543333696105, 0.0, 0.38321472851963345, 2.7000000000000015 
13.867164741514074, 0.6447127241047239, 0.0, 0.0, 1.0 
44.51455615206179, 44.53481846169613, 0.0, 0.0, 1.0 
35.68248744332763, 34.522094125868364, 0.0, 4.445259696354531, 1.1 
5.807497468143498, 54.595934496306384, 0.0, 4.977608528755726, 2.7000000000000015 
5.663432097231941, 14.434774984279624, 0.0, 1.6885006891031866, 2.7000000000000015 
1.5385167639382413, 52.26929849988416, 0.0, 0.0, 1.0 
64.69202998505884, 31.523243594274238, 0.0, 5.811090368684781, 2.7000000000000015 
10.06666228096628, 57.055990496923215, 0.0, 5.0120764052275355, 2.7000000000000015 
42.36986042780165, 57.25083125580944, 0.0, 3.783968892553437, 2.7000000000000015 
59.51858408894759, 61.71081948461125, 0.0, 2.679459950969082, 2.7000000000000015 
51.40759614362005, 30.945987113394867, 0.0, 3.2503194362395407, 2.200000000000001 
12.338217169654783, 41.15704854180354, 0.0, 0.0, 1.0 
8.193022482422345, 45.5094238472496, 0.0, 5.648062057472403, 1.1 
9.681406085322832, 49.821148909430136, 0.0, -1.4793295646386448, 2.7000000000000015 
15.527053787728033, 10.844075195999189, 0.0, 4.05973121595365, 2.7000000000000015 
10.695826964945116, 46.10701543556326, 0.0, 5.0021116589311205, 2.7000000000000015 
30.64538512752452, 33.75061671925621, 0.0, 0.0, 1.0 
19.458948105057118, 7.794645720971314, 0.0, 0.0, 1.0 
17.276516140823322, 13.631512883980134, 0.0, 4.032932716295195, 2.7000000000000015 
33.6241045354127, 19.15227215977878, 0.0, 3.2829820721102787, 2.7000000000000015 
63.31683113022878, 29.57931262465657, 0.0, 0.9740741696330724, 2.7000000000000015 
47.32957059746744, 32.14865346224552, 0.0, 4.433128945939475, 2.7000000000000015 
16.027717351322902, 27.828517155581018, 0.0, 0.7186024922119019, 2.7000000000000015 
56.00105536112925, 18.456427583960558, 0.0, 0.7149789339421534, 2.7000000000000015 
7.174483446371039, 53.53917638973561, 0.0, 5.027000134414887, 2.7000000000000015 
2.7224197810316446, 19.500976535256537, 0.0, 1.711953579010048, 2.7000000000000015 
28.75828453000353, 12.32315465751857, 0.0, 3.00363487929863, 2.7000000000000015 
26.893843246737376, 50.40673022584301, 0.0, 4.596584492951846, 2.6000000000000014 
35.01998833055198, 50.04376529861856, 0.0, 0.0, 1.0 
17.86455811479139, 39.255523446166876, 0.0, 0.0, 1.0 
39.944497011765094, 45.12354035275594, 0.0, 0.0, 1.0 
41.89293109368437, 35.47467067701969, 0.0, 0.0, 1.0 
37.50884926268557, 57.131834913618995, 0.0, 3.7210303938847313, 2.6000000000000014 
37.53550334058187, 5.3526507770945, 0.0, 2.9785156149670318, 2.300000000000001 
37.28193749817243, 24.469310852649564, 0.0, 4.444171131716573, 2.7000000000000015 
13.991393121004887, 4.472627233190264, 0.0, 0.0, 1.0 
9.431961620903426, 5.2401806958497925, 0.0, 4.8917726459467135, 2.7000000000000015 
21.22709596828464, 51.16222069094134, 0.0, 0.0, 1.0 
26.694758519605113, 11.73549922738965, 0.0, 3.0127196965530008, 2.7000000000000015 
19.104528177094796, 40.87564327504186, 0.0, 6.340091903370192, 2.4000000000000012 
29.594560260307517, 43.048635977447645, 0.0, 4.9857922292935335, 2.7000000000000015 
0.999621104069631, 22.865502178538353, 0.0, 1.4005178395597557, 2.7000000000000015 
5.08773445790259, 40.242082438681194, 0.0, 0.6563794453270432, 2.6000000000000014 
30.758758900219192, 35.538785748026626, 0.0, 0.0, 1.0 
28.248000603268398, 58.39077852241982, 0.0, 0.0, 1.0 
51.55486197176004, 45.986980768385806, 0.0, 0.0, 1.0 
58.35553648905821, 52.11666562796319, 0.0, 0.0, 1.0 
42.83340904968908, 39.4941438744765, 0.0, 3.079965837593614, 2.7000000000000015 
43.18065962902711, 9.116879707993423, 0.0, 3.7759380690053193, 2.7000000000000015 
43.283276297907406, 61.37926600226792, 0.0, 0.0, 1.0 
24.43388603069118, 38.80924281402514, 0.0, 0.0, 1.0 
38.863980538227366, 55.86127691431203, 0.0, 2.8912441775598583, 2.7000000000000015 
40.88862314597203, 40.63943816979068, 0.0, 3.0943884548148626, 2.5000000000000013 
22.408524081111256, 61.77016699700264, 0.0, 4.501672868873412, 2.7000000000000015 
9.213740486069533, 53.12113138049357, 0.0, 5.004232449482578, 2.7000000000000015 
32.20678417074715, 33.743566838168405, 0.0, 3.8814247092034253, 2.7000000000000015 
49.665698566726995, 56.172375904268335, 0.0, 3.3643180776986386, 2.5000000000000013 
56.58554110498145, 44.73869528187282, 0.0, 0.0, 1.0 
25.639897106287247, 20.449568156485377, 0.0, 2.238854681248325, 2.7000000000000015 
31.25826325423975, 59.38830071864311, 0.0, 0.0, 1.0 
31.829498084779654, 19.903761070511905, 0.0, 3.5562822054243446, 2.7000000000000015 
6.895062759090603, 49.37949307769399, 0.0, 0.0, 1.0 
33.4864580600319, 48.83210116263053, 0.0, 0.0, 1.0 
38.740701975111136, 25.513301881874003, 0.0, 4.347624019685977, 2.7000000000000015 
16.07018100906081, 43.35544827551799, 0.0, 0.0, 1.0 
2.668026477672539, 42.44412623990728, 0.0, 0.0, 1.0 
22.060716077442205, 38.251777757284266, 0.0, 5.130328851460302, 2.7000000000000015 
31.243635054732877, 37.91861703843226, 0.0, 5.199104558447426, 2.7000000000000015 
44.631937874762, 36.98806921259882, 0.0, 0.0, 1.0 
51.415232379891826, 8.184112635646528, 0.0, 2.1845106756823696, 2.7000000000000015 
23.444023444775, 59.81187679540606, 0.0, 4.597533340292775, 2.5000000000000013 
40.01519659844416, 63.026645444387626, 0.0, 0.0, 1.0 
46.212692868380955, 60.09398809546123, 0.0, 0.0, 1.0 
14.932470073090865, 64.23944217741378, 0.0, 0.0, 1.0 
46.8998253568564, 57.2974220705004, 0.0, 3.7594655392684433, 2.7000000000000015 
33.87088919667609, 22.31438491041498, 0.0, -2.0519483775104757, 2.7000000000000015 
24.341161318667506, 49.68576344155037, 0.0, 5.122010851894028, 2.7000000000000015 
46.71704930376407, 37.1332954796311, 0.0, 0.853297972825418, 1.3000000000000003 
30.815572612574837, 1.7707593928433973, 0.0, 2.3760762426049116, 2.7000000000000015 
26.768732699173096, 62.87732714520953, 0.0, 0.0, 1.0 
16.9840716243153, 36.49559131404698, 0.0, 4.509522436779642, 2.7000000000000015 
41.75124974800208, 1.6979293501532882, 0.0, 3.411730316295189, 2.7000000000000015 
60.03930192522398, 46.758809109998374, 0.0, 0.0, 1.0 
15.844166333090977, 15.408458975203947, 0.0, 4.297239178647441, 2.7000000000000015 
32.538413713923326, 40.77180507359094, 0.0, 5.263808276711508, 2.300000000000001 
44.606659605694745, 33.41098346716116, 0.0, 0.0, 1.0 
19.76299445141773, 50.610828527254846, 0.0, 0.0, 1.0 
5.916901781231575, 0.5546660308728524, 0.0, 4.451147686259925, 2.7000000000000015 
28.747772250992327, 25.15633674992787, 0.0, 3.0668050374718154, 2.7000000000000015 
22.36892254577499, 42.211780925606874, 0.0, 0.0, 1.0 
13.424739820566662, 55.460749494384004, 0.0, 0.0, 1.0 
47.61210696674981, 25.212796409602934, 0.0, 3.7230062429625037, 2.7000000000000015 
54.37474547440442, 48.3124942328139, 0.0, 5.027495521801879, 1.1 
10.633174358211456, 48.898758786839736, 0.0, 4.562093140964045, 2.7000000000000015 
15.3786042020835, 1.5615118781832018, 0.0, 0.0, 1.0 
25.51765142626108, 61.6565809294998, 0.0, 4.384911969231631, 1.2000000000000002 
23.26199099269329, 4.53237589379339, 0.0, 0.0, 1.0 
16.426287419901044, 45.360817229562706, 0.0, 0.0, 1.0 
24.950730498076148, 40.725503928830214, 0.0, 0.0, 1.0 
51.53369002865552, 18.094822298296226, 0.0, 5.8485036696866475, 2.7000000000000015 
14.836078247288073, 44.329923783250614, 0.0, 0.0, 1.0 
27.50498077577827, 13.737903634660052, 0.0, 2.9214266036283396, 2.6000000000000014 
44.026604304975244, 4.865492759616844, 0.0, 3.62207593114895, 2.7000000000000015 
61.489950007312544, 13.350573103586488, 0.0, 1.4540079004164863, 2.7000000000000015 
5.063349150345158, 34.78185032489154, 0.0, 0.7425056533824634, 2.7000000000000015 
8.140246258138605, 6.653968789308774, 0.0, -1.8399779728713275, 2.7000000000000015 
21.00598100061765, 34.00274966271645, 0.0, 3.4193554942186535, 2.7000000000000015 
34.64680421918687, 47.259213483061046, 0.0, 4.464951673446269, 2.6000000000000014 
32.50016790628031, 35.646503864585284, 0.0, 5.468554937506632, 2.5000000000000013 
46.9596646313743, 43.33928703073723, 0.0, 5.3155254142583175, 1.2000000000000002 
62.80801107457388, 15.921843621148202, 0.0, 1.2549717304963404, 2.7000000000000015 
4.587840141731682, 56.69267848621847, 0.0, 4.701937044750723, 2.7000000000000015 
12.147230780399424, 33.676502917588614, 0.0, 0.880031564642237, 2.7000000000000015 
4.596247733775356, 44.94203499304191, 0.0, 3.4593202839460195, 2.000000000000001 
2.6326604524135027, 27.845832980428966, 0.0, 2.0092661856919993, 2.7000000000000015 
25.664613754126577, 13.439405397233198, 0.0, 2.5846611626224942, 2.7000000000000015 
27.2424175217701, 52.6187886096953, 0.0, 0.0, 1.0 
35.151522330439136, 12.017414008131121, 0.0, 0.0, 1.0 
11.388003517073965, 55.58904529490105, 0.0, -1.4832270393833218, 2.7000000000000015 
8.245425165452247, 36.171604085310705, 0.0, 1.3952111871405903, 2.7000000000000015 
9.15731447878713, 3.1206423314408145, 0.0, 5.239662169056027, 2.7000000000000015 
48.78765946921904, 37.131779053446515, 0.0, 0.7673715367377534, 1.4000000000000004 
10.612067607852323, 0.7582205723606769, 0.0, 4.68967083564955, 2.7000000000000015 
8.427243903831304, 50.3908434768072, 0.0, 5.119596558073106, 2.7000000000000015 
28.28792100161279, 5.33063067900246, 0.0, 3.483382565843262, 2.6000000000000014 
27.088397721196962, 10.3792061203443, 0.0, 3.393589473427687, 2.7000000000000015 
23.135299022936188, 61.410716500712, 0.0, 4.385824819774126, 2.7000000000000015 
6.719853730504862, 58.47126186659361, 0.0, 5.028837183188453, 2.7000000000000015 
3.0105191845502466, 51.10673076352554, 0.0, 0.0, 1.0 
37.46857932176343, 55.413324050090786, 0.0, 2.8928775418918815, 2.5000000000000013 
54.89861599907626, 50.502185293182706, 0.0, 0.0, 1.0 
3.3582438699735406, 53.11714292952413, 0.0, 2.0198359069574137, 1.1 
25.484250606648168, 45.26946635569387, 0.0, 4.462412215955912, 2.7000000000000015 
4.102856610916776, 38.42222569642314, 0.0, 6.841942997646766, 2.7000000000000015 
47.712162716579456, 3.2216433411159957, 0.0, 4.032333496718323, 2.7000000000000015 
64.41962658850875, 26.997352560588574, 0.0, 1.2061241011129686, 2.7000000000000015 
17.440075725252203, 8.18040214243419, 0.0, 0.0, 1.0 
39.41395692315715, 56.7525166731129, 0.0, 3.0102403673811495, 2.6000000000000014 
62.08295077087151, 31.92090031504535, 0.0, 2.3944847730420737, 2.7000000000000015 
37.65718207619146, 8.832426534573877, 0.0, 0.0, 1.0 
6.065235804932636, 23.779956877349335, 0.0, 1.3850943913263598, 2.7000000000000015 
14.791689372395767, 56.323590966443795, 0.0, 0.0, 1.0 
52.432191996741146, 26.902641781496115, 0.0, 0.6042711444054231, 2.7000000000000015 
35.20383121250255, 26.400893561333664, 0.0, -1.1949666744144942, 2.7000000000000015 
62.7050329148753, 52.74640726236093, 0.0, 0.0, 1.0 
33.48286843423288, 14.762081789521712, 0.0, 3.642552158597099, 2.7000000000000015 
0.27707931450839207, 46.391673692970315, 0.0, 0.0, 1.0 
19.639623070309675, 46.95996899688274, 0.0, 0.0, 1.0 
34.36967839113802, 60.81044983992076, 0.0, 0.0, 1.0 
14.987010700856734, 50.6533251953841, 0.0, 0.0, 1.0 
45.32258322959453, 24.18857915699491, 0.0, 4.647836642988538, 2.7000000000000015 
18.393525418855226, 58.049801911205726, 0.0, 0.0, 1.0 
8.677947129726052, 29.4566068999764, 0.0, 0.9781250181672415, 2.7000000000000015 
21.61365878392606, 60.24261797804898, 0.0, 4.960767901871644, 2.5000000000000013 
50.10664565935667, 39.91700197487735, 0.0, 5.479152341978159, 2.7000000000000015 
54.837635255671046, 28.48991926874157, 0.0, 1.0350536232198142, 2.7000000000000015 
29.807381352551396, 4.876955377882309, 0.0, 3.2633980992872162, 2.7000000000000015 
19.49102864591703, 36.52466602670911, 0.0, 4.1454851795143135, 1.9000000000000008 
30.432750479565684, 6.682704558099226, 0.0, 3.2469517749609005, 2.300000000000001 
15.291189780588985, 47.73541598982097, 0.0, 0.0, 1.0 
56.378294840459866, 59.159287554388115, 0.0, 3.1288061866534167, 2.7000000000000015 
9.123917888897834, 18.962050505649227, 0.0, 0.9489822084397588, 2.7000000000000015 
31.50594855437588, 27.915790170503225, 0.0, -0.49348213192756735, 2.7000000000000015 
55.07238205788222, 1.5130706433935572, 0.0, 0.5456922357235966, 2.300000000000001 
29.32007142172491, 14.49476209464705, 0.0, 3.107719557991632, 2.7000000000000015 
13.493677518605823, 57.52222597501029, 0.0, 0.0, 1.0 
35.09870654117062, 13.925050267707176, 0.0, 0.0, 1.0 
18.94211278016586, 16.452341844681868, 0.0, 4.121960389189963, 2.7000000000000015 
23.077918818592245, 16.111923923672922, 0.0, 3.607328210729311, 2.300000000000001 
46.079257977229155, 58.32034887863616, 0.0, 3.9778655862199632, 2.6000000000000014 
26.784138232895987, 56.873852259567606, 0.0, 0.0, 1.0 
49.00540055859613, 63.591450265692494, 0.0, 0.8808150467154823, 1.5000000000000004 
48.25580803921995, 28.633478037739035, 0.0, 0.40299018014996235, 2.000000000000001 
11.604585106500188, 61.47964917856786, 0.0, 4.464335682873841, 2.7000000000000015 
2.8967022101419926, 49.03907090195139, 0.0, 0.0, 1.0 
60.50570347370005, 1.6879461941429634, 0.0, 0.22168530281813162, 2.7000000000000015 
30.758476040576383, 40.12888349300908, 0.0, 5.334261357403947, 2.7000000000000015 
18.860776772399024, 56.35204456386814, 0.0, 0.0, 1.0 
19.186500567193438, 54.52463271170709, 0.0, 0.0, 1.0 
13.136461316716808, 15.21806108978163, 0.0, -1.9698062928590705, 2.7000000000000015 
16.505819086808255, 6.616757810773475, 0.0, 0.0, 1.0 
7.336454107958991, 37.10699258215771, 0.0, 1.075841344354963, 2.6000000000000014 
8.32377558675701, 39.478503589395935, 0.0, 1.7025879592793298, 2.7000000000000015 
48.06043691765887, 59.340683328763994, 0.0, 3.9116756530084404, 2.7000000000000015 
41.49526114390465, 50.44231000035289, 0.0, 0.0, 1.0 
29.82534122858434, 10.56312060185993, 0.0, 1.6763892098014919, 1.3000000000000003 
50.619183702388604, 6.5677209481166345, 0.0, 1.718205678457748, 2.7000000000000015 
34.67347523655747, 45.04724315817097, 0.0, 0.0, 1.0 
10.718894083260517, 6.883483799691379, 0.0, 4.425426745189366, 2.7000000000000015 
43.732645666197314, 27.864099452167352, 0.0, 0.8132398242842444, 2.7000000000000015 
12.292531777370039, 56.79427808366063, 0.0, 4.636533169097728, 2.7000000000000015 
44.92969853714558, 2.9604754657624897, 0.0, 3.4354498549436574, 2.7000000000000015 
21.44312193939001, 52.540380796487206, 0.0, 0.0, 1.0 
45.12821653735445, 20.829600890361284, 0.0, 4.7331703080358825, 2.7000000000000015 
14.432581903003383, 60.39248310490163, 0.0, 0.0, 1.0 
42.51821969159034, 43.05216741456069, 0.0, 0.0, 1.0 
45.58051186247632, 64.10110143927109, 0.0, 0.0, 1.0 
51.54942579626031, 12.105880198636383, 0.0, 2.275482784055259, 2.7000000000000015 
11.303449902145365, 23.761346970324308, 0.0, 0.7531416875074682, 2.7000000000000015 
20.214568543815307, 62.20289099270872, 0.0, 4.817253022896854, 2.300000000000001 
32.07953917111936, 7.888377545477729, 0.0, 0.0, 1.0 
40.470515753182575, 54.200949358304506, 0.0, 2.6724168267133592, 2.6000000000000014 
0.4080889341604173, 48.405030056637926, 0.0, 5.996410042033746, 1.1 
32.41870983021915, 64.09894472080346, 0.0, 0.0, 1.0 
59.629772722858114, 60.248170129440005, 0.0, 2.641320846408014, 2.7000000000000015 
59.06545916044018, 16.70772799340228, 0.0, 1.603072072821955, 2.7000000000000015 
36.497991416947926, 37.715381558729675, 0.0, 0.0, 1.0 
43.32675218897912, 6.840238626516076, 0.0, 3.7453376625096415, 2.7000000000000015 
59.94433475669303, 44.3348884303379, 0.0, 4.318156188172234, 1.6000000000000005 
48.984893809942776, 49.25089558830303, 0.0, 0.0, 1.0 
35.05545175882089, 42.70004573410026, 0.0, 2.3774018176792895, 2.7000000000000015 
21.132947181367452, 40.86263353820761, 0.0, 0.0, 1.0 
31.70620676429844, 9.71486498838872, 0.0, 0.0, 1.0 
62.13046253059903, 35.93850556089365, 0.0, 5.063225900988186, 2.7000000000000015 
20.958618170414034, 63.25374957703751, 0.0, 4.5491895512993485, 2.7000000000000015 
50.33942935525314, 32.31056942227288, 0.0, 4.12631675736, 2.7000000000000015 
41.53003983495583, 46.558709566572404, 0.0, 0.0, 1.0 
50.927768187132564, 43.97019835790264, 0.0, 0.9341145979283633, 1.1 
21.53373924833873, 13.62944270142792, 0.0, 2.899417589462365, 2.7000000000000015 
33.81853732923299, 25.99886429402594, 0.0, 5.736640200115868, 2.7000000000000015 
17.173177390534516, 1.891069299390193, 0.0, 0.0, 1.0 
31.29073363570087, 31.517413814424692, 0.0, -0.7321097329456111, 2.7000000000000015 
55.07294919120827, 5.284913181350268, 0.0, 0.744553778347721, 2.7000000000000015 
15.082741920761197, 32.297879244693476, 0.0, 0.0, 1.0 
12.589678312343892, 5.658295725160652, 0.0, 4.006294793854584, 2.7000000000000015 
43.12440908095562, 45.112060230731046, 0.0, 4.900887194461666, 2.4000000000000012 
60.871593582521974, 42.581401439983054, 0.0, 3.745380156572083, 2.7000000000000015 
29.213463251973376, 26.407456485037294, 0.0, 0.16537674842678093, 2.7000000000000015 
46.04647008558965, 29.317557331942115, 0.0, 3.9594682778339525, 2.7000000000000015 
9.001832309376846, 40.97199157894612, 0.0, 0.0, 1.0 
3.078729925439701, 45.641578948023316, 0.0, 3.8009969924951137, 2.000000000000001 
33.2448228471851, 41.851097691414715, 0.0, 0.0, 1.0 
24.122195679827783, 13.206311788582514, 0.0, 2.6635598672985243, 2.7000000000000015 
2.181341142600887, 22.660462557934512, 0.0, 1.4616698440314528, 2.7000000000000015 
15.2868325183373, 35.546921489534625, 0.0, 0.0, 1.0 
21.216413766949735, 3.1482467115432278, 0.0, 4.139401637566797, 2.7000000000000015 
19.780019497505144, 0.5227230329140591, 0.0, 4.509153136601274, 2.7000000000000015 
17.550049741088824, 55.71372981589156, 0.0, 0.0, 1.0 
60.32208452263906, 64.02918407095109, 0.0, 2.209061907362466, 2.7000000000000015 
48.30309694683291, 47.29672808173665, 0.0, 0.0, 1.0 
20.150373023713783, 15.555383669452544, 0.0, 3.477681691437513, 2.7000000000000015 
35.9568008649498, 4.5699432821110735, 0.0, 3.1343439105015287, 2.100000000000001 
0.1323896884952788, 58.445477131913435, 0.0, 2.078127980495551, 2.7000000000000015 
62.589750179411936, 64.46574860732095, 0.0, 4.069332683857564, 2.7000000000000015 
51.5375924274584, 63.62968303007243, 0.0, 3.5069215332693324, 2.7000000000000015 
16.02140509910266, 57.001075603406925, 0.0, 0.0, 1.0 
40.97206270185021, 48.543100479103884, 0.0, 0.0, 1.0 
3.2691604572939896, 55.266125452570456, 0.0, 0.0, 1.0 
43.649409007741205, 35.23791329535983, 0.0, 0.0, 1.0 
9.235776261205174, 28.15738344453698, 0.0, 0.6483453586207653, 2.7000000000000015 
49.657426968241246, 45.707756767494736, 0.0, 0.0, 1.0 
36.364784566452926, 25.715426332053706, 0.0, -1.529573694165356, 2.6000000000000014 
20.542259356259166, 8.921816849164063, 0.0, 0.0, 1.0 
52.11505164035793, 32.217983608922786, 0.0, 3.520941155669386, 2.7000000000000015 
37.64550284604644, 3.914126688847043, 0.0, 3.3944357189913394, 2.6000000000000014 
10.244865944531055, 11.451170774795097, 0.0, 4.541132720364136, 2.7000000000000015 
9.306325395157346, 43.96946923687117, 0.0, 0.0, 1.0 
10.331493560895431, 51.64824224893114, 0.0, 4.866296572587274, 2.7000000000000015 
18.750569942791998, 60.053752968069304, 0.0, 0.0, 1.0 
6.026267589687526, 46.555616811662595, 0.0, 0.0, 1.0 
49.65888838468547, 3.980820816942279, 0.0, 1.3620691747110485, 2.7000000000000015 
57.76566612589364, 17.154515882192236, 0.0, 1.5150043370827546, 2.7000000000000015 
22.005222538450468, 57.20213695071801, 0.0, 5.057678190715253, 2.6000000000000014 
38.534407922007084, 43.66575811364106, 0.0, 0.0, 1.0 
6.736849054899464, 15.853116462246522, 0.0, 1.6946112911683573, 2.7000000000000015 
18.56073962396815, 61.413070266568276, 0.0, 0.0, 1.0 
42.62506237976928, 3.0515310688734445, 0.0, 3.547762644223722, 2.7000000000000015 
20.070404113849847, 35.08798611526396, 0.0, 3.3479059872561363, 2.5000000000000013 
55.46908329802561, 23.14759525139551, 0.0, 4.846437163120034, 2.7000000000000015 
32.969732313894674, 55.24819090728451, 0.0, 0.0, 1.0 
14.08645663229852, 40.78651086439582, 0.0, 0.0, 1.0 
13.421637796947737, 51.58151077500423, 0.0, 0.0, 1.0 
9.626067312972047, 55.10470328844469, 0.0, 4.927004598404589, 2.7000000000000015 
59.53039908120909, 57.119287738558654, 0.0, 2.2794263479167927, 2.6000000000000014 
51.61663067918355, 40.538542561429736, 0.0, 5.52518867428608, 1.3000000000000003 
50.8395023335423, 29.278101464933872, 0.0, 3.5948860428032936, 2.7000000000000015 
1.161552404560485, 40.12870496714368, 0.0, 3.706920183699257, 1.9000000000000008 
33.76805305267881, 31.759029845360626, 0.0, -2.0703306594189956, 2.7000000000000015 
44.83057400923762, 1.8725948541662412, 0.0, 3.3260251135039702, 2.7000000000000015 
42.5932126664384, 37.03426717529358, 0.0, 0.0, 1.0 
7.4044488754896305, 44.402349829620654, 0.0, 5.357166291893617, 2.4000000000000012 
13.836134144194231, 2.522380120409077, 0.0, 0.0, 1.0 
46.49733898440033, 16.250838459760995, 0.0, 0.9150932781000429, 2.7000000000000015 
32.24504757608804, 15.52964059361245, 0.0, 4.053401597389757, 2.7000000000000015 
40.430529675218224, 36.9588692412054, 0.0, 0.0, 1.0 
3.5128174533569685, 40.7887786580633, 0.0, 0.0, 1.0 
29.432662041312774, 22.90214150979997, 0.0, -1.9240573424147, 1.8000000000000007 
16.370427538984764, 29.47965865193509, 0.0, 0.48732354091027086, 2.7000000000000015 
33.333016580449204, 47.26394421746628, 0.0, 0.0, 1.0 
34.42064732741831, 1.0077350434757146, 0.0, 2.374631974478136, 2.7000000000000015 
63.796598499547024, 40.620124844351174, 0.0, 3.6062854754445834, 2.7000000000000015 
64.2270713676975, 22.24039876334337, 0.0, 1.2037604295500544, 2.7000000000000015 
21.87748581019792, 9.950607584217527, 0.0, 0.0, 1.0 
27.005203684476584, 27.171483946586207, 0.0, 0.07625003524797569, 2.7000000000000015 
64.25586931890898, 51.384393149073915, 0.0, 0.0, 1.0 
24.18270072008455, 44.78407286930953, 0.0, 5.352695378377741, 2.300000000000001 
8.188694163571359, 1.9924238574499729, 0.0, 4.967235343355547, 2.7000000000000015 
34.31826614438714, 51.569735331895586, 0.0, 0.0, 1.0 
38.90651672448727, 48.57318952898405, 0.0, 0.0, 1.0 
45.322544072410324, 61.61434569851979, 0.0, 0.0, 1.0 
4.340804512323212, 47.636079643067205, 0.0, 0.0, 1.0 
10.391569200506718, 44.67171412092095, 0.0, 5.40747748354756, 2.7000000000000015 
33.94177411760645, 58.91680004248587, 0.0, 0.0, 1.0 
32.85083164323658, 45.89370723231667, 0.0, 0.0, 1.0 
29.13191933964174, 36.8236113212777, 0.0, 0.0, 1.0 
37.59885710456711, 42.18877539509455, 0.0, 3.3088031926762675, 2.5000000000000013 
46.01997880190229, 18.484843075818297, 0.0, 4.62038074378331, 2.7000000000000015 
58.315389691855536, 21.433800570763303, 0.0, 0.7509577825767292, 2.7000000000000015 
8.766146617566509, 26.374394694700367, 0.0, 0.6904045427018914, 2.7000000000000015 
48.068280188318354, 38.75800760029212, 0.0, 3.1143027843067075, 2.7000000000000015 
31.44711550432809, 30.113636662566094, 0.0, -0.5659033867963318, 2.7000000000000015 
1.0951823097322744, 16.56810022666703, 0.0, 1.542269955901847, 2.7000000000000015 
17.610677854847545, 34.7885538815433, 0.0, -2.069485719806757, 2.7000000000000015 
37.447545298857236, 32.38755095842033, 0.0, 5.374057847406322, 2.7000000000000015 
39.8080591439219, 53.1750255282116, 0.0, 2.9915437852995206, 2.5000000000000013 
39.40006887385657, 9.976682613295688, 0.0, 0.0, 1.0 
9.034950259978793, 63.48072049216275, 0.0, 5.114794381265399, 2.7000000000000015 
25.130114530447646, 54.513751455447746, 0.0, 4.224131234965002, 2.5000000000000013 
38.25263657606189, 45.526005742804834, 0.0, 0.0, 1.0 
6.427746850372776, 40.10432482419171, 0.0, 7.440490662317955, 2.7000000000000015 
42.25846530219487, 10.810710217730819, 0.0, 0.2608547178441628, 2.4000000000000012 
36.28201353408108, 16.631209277294996, 0.0, 3.840906082491031, 2.7000000000000015 
25.41303013984536, 1.4572159295594573, 0.0, 3.459377152314065, 2.6000000000000014 
63.205388838712736, 27.222418441054614, 0.0, 1.1740409801419687, 2.7000000000000015 
29.462667134590397, 49.43898554997303, 0.0, 0.0, 1.0 
16.147436100633996, 33.57785790785182, 0.0, -1.5380313244720916, 2.7000000000000015 
42.043482868290354, 54.44442457176219, 0.0, 2.7768947291233284, 2.7000000000000015 
45.03802329174099, 42.66938893657984, 0.0, 0.0, 1.0 
15.98935169867378, 4.901308061491349, 0.0, 0.0, 1.0 
17.871273692287602, 10.977420333876273, 0.0, 0.0, 1.0 
29.66367075427599, 3.9242069555228145, 0.0, 2.8647965103671176, 2.7000000000000015 
6.42395291511945, 11.075883587687633, 0.0, 0.8294038118455127, 2.7000000000000015 
60.68698268125676, 36.235403649808454, 0.0, 4.872447273411037, 2.7000000000000015 
32.65068956499222, 38.99505114382121, 0.0, 5.307625156145296, 2.7000000000000015 
5.529147304296176, 41.87882390011612, 0.0, 0.0, 1.0 
9.696004837616705, 37.514239129539064, 0.0, 0.0, 1.0 
21.065818221514416, 59.470974713700656, 0.0, 4.992502020464169, 2.7000000000000015 
19.40705109516615, 12.073029266853538, 0.0, 0.0, 1.0 
27.038983385858995, 43.45754164926962, 0.0, 4.65905020515857, 2.6000000000000014 
13.53168402208662, 45.609103792683236, 0.0, 0.0, 1.0 
46.39980327883387, 26.971738989728482, 0.0, 1.5635368083461583, 2.7000000000000015 
57.240759676400934, 47.381088328734656, 0.0, 0.0, 1.0 
2.896828412420139, 35.28950333243321, 0.0, 7.698954265215269, 2.7000000000000015 
44.02315255697144, 51.112863188605544, 0.0, 0.0, 1.0 
31.471498295099927, 46.776905951143476, 0.0, 4.121918869779386, 2.6000000000000014 
15.479456499185103, 12.728475594413728, 0.0, 4.194449145007112, 2.7000000000000015 
30.584889092385655, 52.55491856321744, 0.0, 0.0, 1.0 
4.167603516994916, 4.411821845594585, 0.0, 3.189573440994561, 2.7000000000000015 
63.48382630828889, 35.736617706665335, 0.0, 5.109599692758775, 2.7000000000000015 
1.8987109879097106, 25.770291502307302, 0.0, 1.542260196651918, 2.7000000000000015 
25.646712983487806, 47.632225042640115, 0.0, 4.348988142990573, 2.6000000000000014 
31.487092862038583, 26.054295039422062, 0.0, 0.0, 1.0 
52.98106461213451, 43.805521499354306, 0.0, 0.0, 1.0 
39.771075626008866, 41.70877496806363, 0.0, 3.268824753097197, 2.7000000000000015 
40.350097247859594, 27.03158814557336, 0.0, 5.186944298509942, 1.6000000000000005 
44.091513496835006, 18.011764526444523, 0.0, 4.469465773843677, 2.7000000000000015 
34.16037597361076, 55.70442059352, 0.0, 4.207822362619741, 2.7000000000000015 
5.336896653707103, 36.46281675321194, 0.0, 0.6795598024482884, 2.7000000000000015 
38.7468653816008, 0.6984399165513201, 0.0, 3.2218452489926332, 2.7000000000000015 
34.7717273738582, 62.30659967005159, 0.0, 0.0, 1.0 
38.824877727298336, 59.20625117833095, 0.0, 0.0, 1.0 
39.10404222171775, 7.902678157904596, 0.0, 3.884538546290535, 2.7000000000000015 
16.520184436962488, 53.05622218419355, 0.0, 0.0, 1.0 
40.03480620131821, 11.664394600173893, 0.0, 6.130508792797691, 2.000000000000001 
20.16764052117677, 57.18206538214199, 0.0, 0.0, 1.0 
20.097110788352747, 13.21442715697252, 0.0, -3.4927314379024046, 2.7000000000000015 
63.3464490342952, 57.628926623216636, 0.0, 2.1145624740975544, 2.7000000000000015 
2.615663435213103, 29.908112571985995, 0.0, 0.0, 1.0 
15.676379323324337, 3.2595153732537705, 0.0, 0.0, 1.0 
14.942508985485341, 46.252623360901, 0.0, 0.0, 1.0 
23.756054814749675, 46.51429101334286, 0.0, 5.612992139993935, 2.5000000000000013 
19.915450899616744, 10.553394930912294, 0.0, 0.0, 1.0 
57.90809359851551, 40.745042676954405, 0.0, 3.811526484872673, 2.7000000000000015 
41.58814181106924, 24.84761305559722, 0.0, 4.643953536225045, 2.7000000000000015 
53.29929081745359, 16.027027762815546, 0.0, 0.5920802983679916, 2.7000000000000015 
28.688051574828616, 46.73707834639544, 0.0, 4.59009244477341, 2.4000000000000012 
45.74893044517506, 50.37633505610177, 0.0, 0.0, 1.0 
63.36566240759305, 42.78119918874162, 0.0, 3.441559737620977, 2.7000000000000015 
6.884465929005359, 51.64996989681843, 0.0, 5.2246612290734165, 2.6000000000000014 
29.677313980707343, 45.66789082744127, 0.0, 0.0, 1.0 
30.13786288056593, 37.552599473308284, 0.0, -0.8518182644336644, 2.6000000000000014 
52.62029184194144, 13.824694292243805, 0.0, 0.21078284966701416, 2.7000000000000015 
43.239589586890375, 14.164773324201834, 0.0, 0.051474563426416875, 2.7000000000000015 
53.69290102701123, 53.90441424777028, 0.0, 0.0, 1.0 
60.00221548370012, 50.16742581968004, 0.0, 2.0214826353041015, 1.1 
33.601604664313946, 7.213421842834565, 0.0, 0.0, 1.0 
32.060995922783874, 3.2819655837189803, 0.0, 2.5228822303675105, 2.7000000000000015 
27.835139450350077, 47.72726075854133, 0.0, 4.4291930786856915, 2.7000000000000015 
16.401964916207135, 41.994634387497506, 0.0, 0.7374519836737828, 2.7000000000000015 
34.61821875041206, 16.683455591457, 0.0, 3.8283469694990697, 2.7000000000000015 
18.166063188108975, 51.85130447046754, 0.0, 0.0, 1.0 
56.21528508651289, 57.24818076083904, 0.0, 3.3160420129489525, 2.7000000000000015 
34.03098565650741, 38.891706298830314, 0.0, 4.886378758767594, 2.6000000000000014 
25.08539485524965, 63.243846218279, 0.0, 3.666924087932042, 1.6000000000000005 
50.602256181110555, 61.5129245720276, 0.0, 3.905586086438727, 2.7000000000000015 
32.143296990898136, 43.174918614897486, 0.0, 0.0, 1.0 
35.631977883597, 43.55616928334789, 0.0, 2.7501776493788674, 2.5000000000000013 
18.562863596096754, 9.479198643324937, 0.0, 0.0, 1.0 
10.2222590801347, 33.33716100954233, 0.0, 0.6046814261755754, 2.7000000000000015 
19.18005393529451, 30.06744827275129, 0.0, 0.39910668188886167, 2.7000000000000015 
12.690159713581723, 37.015058596369144, 0.0, 0.0, 1.0 
23.462810760986695, 32.31244567883366, 0.0, 0.3678301922982712, 2.7000000000000015 
20.76685663853931, 54.059869931742114, 0.0, 0.0, 1.0 
14.130799380736702, 34.01396392331446, 0.0, 3.106389470218752, 1.4000000000000004 
15.97953418411319, 59.078977921818996, 0.0, 0.0, 1.0 
54.527912444092394, 18.854523503477395, 0.0, 0.5377552387704659, 2.7000000000000015 
33.6073050351093, 29.30994917000091, 0.0, -1.0107179045305092, 2.7000000000000015 
2.1482053096941285, 57.40973553429547, 0.0, 2.3341327022223726, 1.6000000000000005 
2.3640267602365723, 31.712232130154426, 0.0, 0.0, 1.0 
11.428984117992606, 29.244123239843102, 0.0, 0.0, 1.0 
11.610662752976259, 13.086841229880424, 0.0, 4.507986647007458, 2.7000000000000015 
18.206340415664744, 46.06581538828455, 0.0, 0.0, 1.0 
46.50990578718441, 54.04793192711093, 0.0, 0.0, 1.0 
0.21149116337556267, 19.911543832813898, 0.0, 1.5771393428907714, 2.7000000000000015 
3.4850911112108474, 21.450673319527095, 0.0, 1.7271889125690782, 2.7000000000000015 
0.945921721237222, 42.90305552726709, 0.0, 3.9835390396564287, 2.7000000000000015 
37.661264700974954, 60.54738411851235, 0.0, 0.0, 1.0 
12.73450866234118, 12.3552264948587, 0.0, 4.261519311086888, 2.7000000000000015 
48.5046104891191, 54.63239001519433, 0.0, 0.0, 1.0 
45.72727411129079, 31.312650979999805, 0.0, 0.0, 1.0 
36.2172383646025, 63.46281804374031, 0.0, 0.0, 1.0 
42.68615138036967, 33.55915455748325, 0.0, 0.0, 1.0 
40.3267589996419, 23.97888076920776, 0.0, 4.656452240432461, 2.7000000000000015 
33.429238248035276, 10.89961939231798, 0.0, 0.0, 1.0 
59.308071568042074, 40.070850007726484, 0.0, 4.08667879520604, 2.7000000000000015 
60.427512396348284, 30.84230824817109, 0.0, 4.399113909050112, 1.8000000000000007 
62.00826066289173, 57.40929735120815, 0.0, 1.8090358637512072, 2.7000000000000015 
26.212142778110785, 2.6866448528703604, 0.0, 3.1368872009881503, 2.200000000000001 
13.122703996456028, 59.47481004467062, 0.0, 0.0, 1.0 
36.43378469017022, 31.488808965321095, 0.0, 0.0, 1.0 
40.86002860721036, 8.15492402935284, 0.0, 4.054134938152021, 2.7000000000000015 
59.28494844417083, 20.087720753410625, 0.0, 1.3821761175772025, 2.7000000000000015 
47.778752656285434, 45.31872972849182, 0.0, 0.0, 1.0 
13.190213968268841, 49.64677854326422, 0.0, 0.0, 1.0 
33.95681792249989, 36.05271226520147, 0.0, 4.951163784106487, 2.7000000000000015 
61.784665032301135, 45.969113004526996, 0.0, 0.0, 1.0 
63.67614230696393, 18.95813934540902, 0.0, 1.5983565370785031, 2.7000000000000015 
42.850815310009395, 41.62902505571253, 0.0, 3.2033099916688235, 2.100000000000001 
8.459227828984334, 61.97613950530797, 0.0, 5.03220263504039, 2.7000000000000015 
14.713715170342217, 58.40208116252275, 0.0, 0.0, 1.0 
57.22868011430123, 64.52706644488005, 0.0, 3.427990241287059, 2.7000000000000015 
16.32256960098409, 55.00391423650379, 0.0, 0.0, 1.0 
39.60689139006372, 50.09811371311528, 0.0, 0.0, 1.0 
39.297622957731896, 1.9562100530701236, 0.0, 3.3204405583715277, 2.7000000000000015 
25.41880654266932, 58.72551506299088, 0.0, 4.458775867830405, 2.7000000000000015 
26.01128680166029, 42.13093064467815, 0.0, 5.125674731131106, 2.7000000000000015 
9.605789654352385, 0.25118735180837104, 0.0, 4.971938793144258, 2.7000000000000015 
44.05892285724281, 62.88396812074851, 0.0, 0.0, 1.0 
25.211009589615887, 51.8784138918775, 0.0, 4.540781696913786, 2.7000000000000015 
11.733295596642716, 42.67390488010639, 0.0, 5.61217325423896, 2.6000000000000014 
5.283437905302762, 5.714595257639843, 0.0, 3.2019186943718636, 2.7000000000000015 
54.82293850482527, 14.668923868190342, 0.0, 1.640372046186901, 2.7000000000000015 
52.44844011846952, 55.466939802156304, 0.0, 0.0, 1.0 
44.66813834072688, 16.179917785021946, 0.0, 0.7914581766962122, 2.7000000000000015 
36.09266042185552, 48.954557344259094, 0.0, 4.155056046578958, 2.7000000000000015 
22.671423984376215, 5.556955264968813, 0.0, 3.595164690120726, 2.4000000000000012 
2.158215678918567, 47.157887174455716, 0.0, 0.0, 1.0 
1.672278872673475, 54.29839551776258, 0.0, 0.0, 1.0 
15.825182408625933, 61.00290667347031, 0.0, 0.0, 1.0 
8.933340673059675, 24.47517044144728, 0.0, 1.2020504172841786, 2.7000000000000015 
47.63254240534078, 50.78775961559426, 0.0, 0.0, 1.0 
43.898710663293244, 54.82591512359285, 0.0, 2.935951888703543, 2.6000000000000014 
30.98670687586666, 62.98364782805815, 0.0, 0.0, 1.0 
64.59116986308712, 53.436624502634366, 0.0, 0.0, 1.0 
28.44561203472373, 3.364789826066439, 0.0, 2.899204025248593, 2.7000000000000015 
17.2216061420256, 57.582133398733646, 0.0, 0.0, 1.0 
17.746453849214795, 12.610379866213652, 0.0, 4.021960136769907, 2.7000000000000015 
13.859500168652012, 27.360168377024657, 0.0, 0.7745891561472749, 2.7000000000000015 
37.77081896191957, 47.20089529532675, 0.0, 0.0, 1.0 
35.50764264922398, 52.492369710386676, 0.0, 0.0, 1.0 
11.020060096271468, 9.832572572298455, 0.0, 4.383749432078899, 2.7000000000000015 
1.8748036348623187, 38.49678281416435, 0.0, 3.87708115474357, 1.1 
21.467172557817243, 18.472269943483, 0.0, 3.5103507058225216, 2.7000000000000015 
27.900834942998525, 38.23406184403084, 0.0, 0.0, 1.0 
11.820368575650956, 3.5313489233776925, 0.0, 3.9883787441847276, 2.7000000000000015 
6.872038581593174, 28.941305505231746, 0.0, 0.8114607005897803, 2.7000000000000015 
43.67224619076055, 29.453318411115774, 0.0, 3.4924401781827874, 2.7000000000000015 
27.45562691209764, 7.010131780244728, 0.0, 3.71187478643473, 1.9000000000000008 
29.93931590109544, 16.29362918787188, 0.0, 4.037220659219889, 2.7000000000000015 
45.85368578145487, 4.482095466294546, 0.0, 3.5516814199634923, 2.7000000000000015 
18.800000039101352, 1.8264450517173696, 0.0, 4.834749359516751, 2.7000000000000015 
41.69473679820221, 7.129108960187305, 0.0, 3.7017197161791273, 2.7000000000000015 
29.622313960748063, 39.61951279851295, 0.0, 5.2338406651295415, 2.7000000000000015 
36.88074436942336, 14.78542184245871, 0.0, 2.2724597512385984, 1.3000000000000003 
27.863626146718207, 41.08005262317383, 0.0, 5.326701591508266, 2.7000000000000015 
61.844040877587425, 50.91558185250631, 0.0, 0.0, 1.0 
55.110171082834064, 61.61311359589673, 0.0, 3.4643633008916948, 2.7000000000000015 
13.215668282356772, 63.420913868457504, 0.0, 0.0, 1.0 
20.47864227772404, 0.19275181788501095, 0.0, 4.434536044093725, 2.7000000000000015 
56.516580966684394, 55.61414759572975, 0.0, 0.0, 1.0 
7.117526743494845, 39.12819236574421, 0.0, 1.2024350221053788, 2.6000000000000014 
19.677872899970353, 2.9791483700501042, 0.0, 4.584909186009206, 2.7000000000000015 
53.069269066848406, 59.06561264068338, 0.0, 9.657026851903831, 2.7000000000000015 
42.31892519640024, 31.63704073241318, 0.0, 2.004959828440863, 2.7000000000000015 
42.078580003748705, 63.1962020118044, 0.0, 0.0, 1.0 
48.39637894409644, 30.97747558231155, 0.0, 4.027712098966128, 2.7000000000000015 
34.446568104701385, 41.8760998888539, 0.0, 2.114984696506508, 2.4000000000000012 
4.303957753431141, 43.25974694586879, 0.0, 0.0, 1.0 
37.67552272851881, 49.679004414698156, 0.0, 4.200596139196712, 2.7000000000000015 
9.6029290775566, 8.217078756357806, 0.0, 4.738989133877498, 2.7000000000000015 
9.20714657437128, 33.97013602322933, 0.0, 0.5931324317569445, 2.7000000000000015 
55.44350630011312, 46.48303664666672, 0.0, 0.0, 1.0 
27.28762232648819, 23.580301774089552, 0.0, 2.389776282978011, 2.300000000000001 
44.41016535898105, 11.967998382876889, 0.0, 6.141469362107738, 2.7000000000000015 
63.06537716911321, 60.90114338234257, 0.0, 1.9304249087614478, 2.7000000000000015 
23.235376230839822, 43.90901801265506, 0.0, 0.0, 1.0 
18.40195958204001, 42.53891957016857, 0.0, 0.9773473200269098, 2.6000000000000014 
22.991319802484988, 40.250955931041425, 0.0, 0.0, 1.0 
11.513189825631363, 38.39602570482112, 0.0, 0.0, 1.0 
31.619701233512604, 2.4245888764312924, 0.0, 2.6502697845060994, 2.7000000000000015 
26.892490948758322, 48.00325843236102, 0.0, 4.345706060059164, 2.7000000000000015 
0.46012133385846876, 44.59070177700978, 0.0, 3.6940424851434552, 2.7000000000000015 
31.468172132921165, 49.009020172973834, 0.0, 0.0, 1.0 
58.98899144072775, 48.3997610130742, 0.0, 0.0, 1.0 
26.586292702428416, 7.925787848353523, 0.0, 0.0, 1.0 
13.831508574064053, 8.126534974664487, 0.0, 4.046111637031198, 2.7000000000000015 
32.40444223191464, 4.683136940023052, 0.0, 3.193567445836157, 2.6000000000000014 
14.705943606858987, 49.11056839763115, 0.0, 0.0, 1.0 
16.937925986025068, 23.847511747592762, 0.0, 1.5054082519223597, 2.7000000000000015 
26.51537366565707, 32.84293362498513, 0.0, 0.34156822135664855, 2.7000000000000015 
46.02211187253255, 52.19537503831603, 0.0, 0.0, 1.0 
16.635750962023163, 51.14247721495877, 0.0, 0.0, 1.0 
46.9232488646203, 62.94609370401302, 0.0, 0.0, 1.0 
21.56547584663869, 49.41429495448363, 0.0, 0.0, 1.0 
17.26153654329632, 15.658519620717533, 0.0, 4.258438235511205, 2.7000000000000015 
40.881736264664454, 34.44649774774693, 0.0, 1.8241522944163426, 2.7000000000000015 
23.6931139394895, 47.64777004731765, 0.0, 5.623612061831299, 2.5000000000000013 
34.657579191717176, 21.123958158137018, 0.0, -2.42387063028023, 2.7000000000000015 
27.736043567411688, 39.74265022888601, 0.0, 5.6836305196161625, 2.7000000000000015 
58.00368847806784, 50.164066274796, 0.0, 0.0, 1.0 
6.996972568680961, 62.89013669720599, 0.0, -1.2617113065520855, 2.7000000000000015 
48.25615995610137, 0.5109065913644961, 0.0, 0.6498696844511178, 2.300000000000001 
40.33829171959507, 5.291346100821581, 0.0, 3.6032343556000836, 2.7000000000000015 
31.951195352332533, 53.97197478097619, 0.0, 0.0, 1.0 
16.182150936471828, 62.99896789010034, 0.0, 0.0, 1.0 
31.8697888702023, 56.11681531907554, 0.0, 0.0, 1.0 
18.676430206231682, 37.684677124492346, 0.0, 4.142666178021589, 2.7000000000000015 
31.398438471233057, 21.005426410993724, 0.0, 3.7326442713895287, 2.7000000000000015 
35.13268198502314, 28.614699431283714, 0.0, -1.091511691406666, 2.7000000000000015 
37.12380395848329, 12.673206503893976, 0.0, 0.0, 1.0 
10.500359055908572, 62.00634468340074, 0.0, 4.758882619876195, 2.7000000000000015 
49.87237473866824, 58.34280632531184, 0.0, 3.501331014576981, 2.7000000000000015 
49.681992061697656, 30.116331327592363, 0.0, 0.3074545982809074, 2.7000000000000015 
4.406046787403175, 50.6137902249753, 0.0, 4.607489627294116, 2.6000000000000014 
38.26110776126147, 27.204161319963056, 0.0, 3.9417408977856687, 2.6000000000000014 
33.65232135524585, 3.0739551172467343, 0.0, 2.6361887559087207, 2.7000000000000015 
12.062503804747934, 35.25356524807251, 0.0, 0.5521592149430326, 2.7000000000000015 
22.89261927280484, 14.680915252521928, 0.0, 3.1680775103411554, 2.7000000000000015 
29.704267180958958, 61.70906407535301, 0.0, 0.0, 1.0 
34.20988820099926, 63.736638015872956, 0.0, 0.0, 1.0 
11.760661316905244, 58.814845713737895, 0.0, 4.535004145779273, 2.5000000000000013 
11.994268762444182, 7.059716291106446, 0.0, 4.299737110745451, 2.7000000000000015 
6.880806554701556, 33.269390031860766, 0.0, 0.7528392943736915, 2.7000000000000015 
24.68140681312263, 9.864924323244592, 0.0, 4.168713563461883, 2.6000000000000014 
27.13043468568946, 36.986389342212, 0.0, 5.683508981004273, 2.7000000000000015 
58.92320300361132, 37.53054428916996, 0.0, 1.9233685942548981, 2.5000000000000013 
51.03176062635954, 3.2490705966216393, 0.0, 1.7314557215595252, 2.5000000000000013 
27.910477499258995, 64.05864477072404, 0.0, 0.0, 1.0 
23.38932996704707, 64.13521436259471, 0.0, 4.276998529935904, 2.5000000000000013 
33.5753572914124, 57.172419953504175, 0.0, 0.0, 1.0 
8.426859989947706, 59.87438066538477, 0.0, -1.0160895035492286, 2.7000000000000015 
23.58060733363777, 35.080634855799104, 0.0, 3.2781366779684995, 2.6000000000000014 
33.25384125774416, 12.921983609761014, 0.0, 0.0, 1.0 
33.58211327216918, 53.23904799541391, 0.0, 0.0, 1.0 
14.60389324152158, 62.36450922431637, 0.0, 0.0, 1.0 
23.98892623766343, 31.14413778418314, 0.0, 0.3191573065589996, 2.7000000000000015 
37.238583865706794, 29.702906419379193, 0.0, 4.189735368229837, 2.7000000000000015 
57.34871088563023, 43.037433530123685, 0.0, 3.884569237131449, 2.200000000000001 
36.29863753513185, 61.56183168672948, 0.0, 0.0, 1.0 
22.64553847558754, 7.087561054783491, 0.0, 3.9333918595636335, 2.7000000000000015 
10.72999309568644, 25.430493815777155, 0.0, 0.0, 1.0 
61.316842063271444, 48.46875689708716, 0.0, 3.501846353304923, 1.2000000000000002 
42.98474064627995, 49.59722400305762, 0.0, 0.0, 1.0 
22.269917521621892, 36.22027103598462, 0.0, 6.070201915825075, 2.000000000000001 
19.641455885578953, 52.567280080926224, 0.0, 0.0, 1.0 
40.13288611205756, 30.876880116013808, 0.0, 5.241306802076735, 2.7000000000000015 
26.14115628139376, 39.07168133665305, 0.0, 0.0, 1.0 
29.038123384425287, 2.1467307711725785, 0.0, 2.547135120349714, 2.5000000000000013 
13.020221179774827, 39.602642386854434, 0.0, -0.011682390662196023, 2.7000000000000015 
13.298117502787033, 30.13721824327657, 0.0, 4.070715818747065, 2.7000000000000015 
12.278160362796761, 9.659849508237532, 0.0, 4.29169172611234, 2.7000000000000015 
40.16375708991056, 64.45810837840018, 0.0, 3.1269299398768933, 2.7000000000000015 
25.203390585544486, 34.176683766556714, 0.0, 0.6397591321132283, 2.300000000000001 
14.944065215363558, 54.34648458154614, 0.0, 0.0, 1.0 
29.601454566714185, 27.706141855065727, 0.0, -0.2965557173133234, 2.7000000000000015 
34.454130586299804, 3.878222722784932, 0.0, 2.9685277128726466, 2.6000000000000014 
9.716027208101135, 60.244029747216324, 0.0, -1.4653956977445353, 2.7000000000000015 
38.31144795869665, 33.17271164628212, 0.0, 5.059159180478467, 2.200000000000001 
53.41914549169431, 42.16637338041342, 0.0, 3.610399321333104, 2.7000000000000015 
17.932251015591312, 53.7048914277416, 0.0, 0.0, 1.0 
19.529195330600363, 44.57890414545476, 0.0, 0.0, 1.0 
36.71639668646563, 44.46673343785015, 0.0, 0.0, 1.0 
53.90224505368969, 39.073624447172605, 0.0, 4.7911133092630305, 1.4000000000000004 
44.36753902740927, 40.6405067092139, 0.0, 3.2198412478730907, 2.7000000000000015 
18.54415239801285, 64.69802881299509, 0.0, 4.906548054741748, 2.7000000000000015 
54.69363266141571, 37.32621608219791, 0.0, 3.648269851337687, 2.7000000000000015 
22.21456304992251, 53.831322438087, 0.0, 4.838238613121428, 2.7000000000000015 
13.20951096794349, 32.34192562391741, 0.0, 0.0, 1.0 
55.6619231702407, 39.62706502305166, 0.0, 4.262958547349241, 2.000000000000001 
8.61298547388633, 52.14842930984841, 0.0, 5.083785820994706, 2.7000000000000015 
46.162497253509535, 39.743454287193714, 0.0, 3.268688880552905, 2.7000000000000015 
46.868426973521856, 23.336398386335386, 0.0, 3.8104292099043544, 2.7000000000000015 
27.50147820272834, 30.44542774853958, 0.0, -0.28662211021983364, 2.7000000000000015 
58.406049831318406, 45.53884852709597, 0.0, 4.674183764266291, 1.5000000000000004 
1.3822678727396036, 19.85659628852037, 0.0, 1.6084511367349348, 2.7000000000000015 
5.787862411332709, 50.718099120859584, 0.0, 0.0, 1.0 
0.2745836343901923, 34.75220253337544, 0.0, 4.8155424001716876, 2.7000000000000015 
56.413063673439474, 21.03669072362475, 0.0, 4.472323246144402, 2.7000000000000015 
38.381218800244234, 52.13996563389439, 0.0, 0.0, 1.0 
16.676835754055855, 40.38086402796179, 0.0, 1.2635073025156023, 2.7000000000000015 
28.561469424335375, 35.43930485993322, 0.0, 6.015310810780231, 2.300000000000001 
15.401187682733488, 39.111818537129665, 0.0, 1.6210392603054187, 2.7000000000000015 
39.142753765043636, 3.339989431375599, 0.0, 3.75345071318258, 2.7000000000000015 
52.975224439830534, 50.05566052069415, 0.0, 0.0, 1.0 
15.046458935857094, 52.42303121600157, 0.0, 0.0, 1.0 
35.48957892885569, 10.19194528875181, 0.0, 0.0, 1.0 
42.074383521515784, 4.949619926931545, 0.0, 3.606271030888631, 2.7000000000000015 
28.17922596431265, 60.36623283993801, 0.0, 0.0, 1.0 
36.32239864681213, 20.17002182669616, 0.0, 3.215122238029133, 2.7000000000000015 
64.55505195440324, 16.588460253749144, 0.0, 1.5013127256271814, 2.7000000000000015 
18.3506137369511, 33.63848554468911, 0.0, 3.5255117528702007, 2.7000000000000015 
37.23608009339028, 35.35378145752341, 0.0, 4.584750174208441, 2.7000000000000015 
16.2743804704792, 0.2738391158165277, 0.0, 0.0, 1.0 
46.273178479285306, 47.20507759880169, 0.0, 0.0, 1.0 
28.64050586700519, 19.317934736900902, 0.0, 3.3706127688234115, 2.7000000000000015 
57.60148432034874, 53.91361254295269, 0.0, 0.0, 1.0 
61.20728254672653, 3.0579926441587646, 0.0, 6.265181243127908, 2.7000000000000015 
13.567770175265974, 53.48692389894391, 0.0, 0.0, 1.0 
42.35641616956469, 59.75232276787693, 0.0, 0.0, 1.0 
43.839482819109804, 31.58822455129644, 0.0, 2.132515527452852, 1.4000000000000004 
28.705902218644017, 16.515602047255687, 0.0, 4.3112690805752045, 2.7000000000000015 
53.07446367522593, 28.921545059503355, 0.0, 0.0, 1.0 
28.60559851961073, 56.735303153413525, 0.0, 0.0, 1.0 
48.01020010672002, 52.66649776689534, 0.0, 0.0, 1.0 
17.65512222357608, 32.18327075929447, 0.0, 0.0, 1.0 
18.966122634997422, 18.385896248816255, 0.0, 3.7208367341261974, 2.7000000000000015 
10.68103064388288, 53.980637647555824, 0.0, 4.786854197903699, 2.7000000000000015 
11.771388058265195, 46.48611661342212, 0.0, 4.404794631724507, 2.6000000000000014 
10.449761349318342, 30.82710101211707, 0.0, 1.1790355224186222, 2.7000000000000015 
11.41000809985155, 64.09364035800566, 0.0, 4.572577253938844, 2.7000000000000015 
1.3828952131876937, 33.08904406050607, 0.0, 4.340754897508319, 1.7000000000000006 
26.158968969140986, 0.11481188211300505, 0.0, 0.0, 1.0 
35.461582629443065, 58.02868831730689, 0.0, 0.0, 1.0 
44.794683797276875, 48.62943144869355, 0.0, 0.0, 1.0 
38.02530109014237, 62.561488586942446, 0.0, 0.0, 1.0 
62.69946340822232, 20.798193803399815, 0.0, 1.486948996257099, 2.7000000000000015 
55.4182101380689, 60.42904796208347, 0.0, 3.2793219234547544, 2.7000000000000015 
61.71177458607914, 54.465516457808384, 0.0, 1.187927405073886, 1.7000000000000006 
7.319043398368523, 32.04006731423688, 0.0, 0.4548864340285307, 2.7000000000000015 
19.971619886839544, 42.50745525729547, 0.0, 0.0, 1.0 
34.909575465870404, 31.70791333467716, 0.0, 4.333479980087637, 2.7000000000000015 
45.99085178948813, 45.2487779996885, 0.0, 0.0, 1.0 
50.45938063016174, 15.722936879551483, 0.0, 0.14876899055270976, 2.7000000000000015 
14.008350522274638, 29.15036364365231, 0.0, 0.721708510295874, 2.7000000000000015 
32.86589658720913, 50.40059290345874, 0.0, 0.0, 1.0 
49.71207787095968, 42.15033259101526, 0.0, 3.272561413668358, 2.7000000000000015 
36.82074146499722, 6.922020977892408, 0.0, 3.8043775412985377, 2.000000000000001 
10.742353005659401, 58.66255362865266, 0.0, -1.528923805292495, 2.7000000000000015 
39.02111935784898, 34.14034776944502, 0.0, 4.930499962761071, 2.7000000000000015 
52.855206905882966, 56.90053426259276, 0.0, 3.2633005348352087, 2.7000000000000015 
28.58968671829031, 51.1389584942272, 0.0, 0.0, 1.0 
23.004917652965094, 55.47388372458503, 0.0, 4.596133704112764, 2.7000000000000015 
52.44224751748209, 61.432420887667256, 0.0, 3.6437539899003872, 2.7000000000000015 
52.142587900090135, 36.709429783420134, 0.0, 3.7950546603259077, 2.5000000000000013 
34.800856793649444, 6.56356695104413, 0.0, 3.5818026206770193, 1.9000000000000008 
35.56939566142515, 1.3006318859901955, 0.0, 2.64734067877019, 2.7000000000000015 
6.027929149138792, 56.98568547314124, 0.0, 5.066110438665045, 2.7000000000000015 
8.33200213976277, 48.51535683574939, 0.0, 5.074946435162759, 2.7000000000000015 
54.81157749614212, 44.281739451079595, 0.0, 5.136155852734179, 1.6000000000000005 
20.32320658211555, 6.213153474785599, 0.0, 4.471744125109535, 2.6000000000000014 
44.24797240754267, 56.211395475836696, 0.0, 3.59041525538832, 2.7000000000000015 
49.72828081795174, 59.494452101333444, 0.0, 3.765494237859809, 2.7000000000000015 
60.24655937903717, 33.71274260717447, 0.0, 1.189297161279113, 2.7000000000000015 
50.500579652195704, 54.885923738961196, 0.0, 0.0, 1.0 
13.73231591487193, 38.33435246318821, 0.0, 0.0, 1.0 
61.99103493821065, 38.69810533984778, 0.0, 3.5642074175191754, 2.7000000000000015 
63.410775791925204, 13.97488573262108, 0.0, 1.349381511219888, 2.7000000000000015 
