position_x,position_y,position_z,orientation,aspect_ratio
47.58681496487936, 27.356789317066653, 0.0, 0.0, 1.0 
17.92172735338119, 3.5652191092424896, 0.0, 0.0, 1.0 
36.494200066356875, 5.197181760784234, 0.0, 0.0, 1.0 
6.378922495930281, 54.34433131461818, 0.0, 0.0, 1.0 
44.94706304797891, 50.49846367645424, 0.0, 0.0, 1.0 
38.114736375913076, 48.08678576660709, 0.0, 0.0, 1.0 
54.109296669250206, 22.332898972506438, 0.0, 0.0, 1.0 
3.250182898730256, 8.522829443273482, 0.0, 0.1417209306992432, 1.1 
15.676211881304715, 60.703367443327224, 0.0, 6.458940857084664, 2.7000000000000015 
39.06542229265446, 40.6567288652414, 0.0, 0.0, 1.0 
1.2867802962076944, 58.27419420695705, 0.0, 0.0, 1.0 
29.072859046652727, 53.48712269117684, 0.0, 0.0, 1.0 
15.265214805830519, 0.418904622656966, 0.0, 0.0, 1.0 
8.249847529192717, 17.528818686104437, 0.0, 5.39029246848185, 1.2000000000000002 
20.453349734729635, 9.976284192104675, 0.0, 4.889454038602901, 2.7000000000000015 
41.36287119866433, 13.398416557778651, 0.0, 2.417084431573134, 2.6000000000000014 
17.684991778710035, 60.21701162253385, 0.0, 1.0112231906195472, 2.7000000000000015 
0.8134612757958173, 33.88149576055591, 0.0, 0.0, 1.0 
34.79484241573129, 29.022931581949038, 0.0, 0.0, 1.0 
50.20154708772678, 52.63101271846047, 0.0, 0.0, 1.0 
9.374170334839889, 37.05498600396421, 0.0, 0.0, 1.0 
56.98469021892996, 3.119574474915323, 0.0, 0.0, 1.0 
57.406951571431215, 30.631400995718867, 0.0, 0.0, 1.0 
40.71762602069778, 7.605598383095385, 0.0, 0.0, 1.0 
26.46274248334384, 23.450776683992693, 0.0, 2.580891203024196, 1.1 
1.0823174140412304, 31.52131269860374, 0.0, 1.824553223929541, 1.7000000000000006 
34.20551862424465, 44.29254232407634, 0.0, 0.0, 1.0 
0.8314154338211153, 54.20498686952457, 0.0, 0.0, 1.0 
4.001131042895512, 38.26700421600878, 0.0, 0.0, 1.0 
15.726200404323235, 45.41617898289914, 0.0, 0.0, 1.0 
6.142840143963181, 38.3526545038586, 0.0, 0.7022782314834519, 2.7000000000000015 
30.810840118753944, 54.317616876426285, 0.0, 0.0, 1.0 
59.26179694076531, 54.491481625765225, 0.0, 0.0, 1.0 
40.572755799965414, 17.914747528587235, 0.0, 7.6310183822211775, 2.7000000000000015 
8.84058223549393, 45.20665398772195, 0.0, 0.0, 1.0 
33.90950406732247, 57.59196247483882, 0.0, 4.274880964732647, 2.7000000000000015 
5.897860894465017, 56.10634281439985, 0.0, 0.0, 1.0 
15.57886893523166, 53.43664564097606, 0.0, 0.0, 1.0 
60.912576139363566, 24.09501832622206, 0.0, 0.0, 1.0 
19.201578062275853, 58.11654732534612, 0.0, 4.494185300977758, 2.7000000000000015 
16.279382560174405, 15.968530494623964, 0.0, 4.641945954088329, 2.5000000000000013 
18.91822875635972, 27.41752297898688, 0.0, 0.0, 1.0 
9.891556740976647, 33.13812945073036, 0.0, 0.0, 1.0 
11.265210085608537, 36.33269814079978, 0.0, 0.0, 1.0 
50.238424984780615, 40.59246275571867, 0.0, 0.0, 1.0 
4.620695139523243, 31.57173118139866, 0.0, 0.0, 1.0 
59.738121706375004, 58.584346177650595, 0.0, 0.0, 1.0 
0.46918866758878425, 3.674730228750307, 0.0, 0.0, 1.0 
48.11917437989975, 8.223838924556999, 0.0, 3.8455241790622425, 1.5000000000000004 
11.477640090010404, 47.52623710940219, 0.0, 0.0, 1.0 
26.164850556942355, 31.46158949583833, 0.0, 0.0, 1.0 
41.72458688962055, 4.007431114849134, 0.0, 4.521680685919838, 2.4000000000000012 
53.57148125457105, 27.30492376764211, 0.0, 0.0, 1.0 
10.529814398248309, 53.10686644968572, 0.0, 0.0, 1.0 
7.570345636791246, 37.76220252914439, 0.0, 0.0, 1.0 
13.092600019795663, 17.31131669085514, 0.0, 0.0, 1.0 
10.560191797862542, 40.24182805651162, 0.0, 0.0, 1.0 
58.87424897144076, 3.9817602013932683, 0.0, 0.0, 1.0 
16.935104981440173, 43.541354643891495, 0.0, 0.0, 1.0 
44.17064432397413, 61.27915698355161, 0.0, 0.5003948937676775, 2.100000000000001 
40.62160216789192, 60.5532146808526, 0.0, 0.0, 1.0 
18.883470965417818, 29.26710188426056, 0.0, 0.0, 1.0 
4.277722818089046, 35.70006134461775, 0.0, 0.0, 1.0 
51.58273237574652, 2.697653602958118, 0.0, 0.0, 1.0 
13.338297477065774, 20.009537635635223, 0.0, 2.861403171121403, 1.2000000000000002 
43.173513442824024, 38.25793343012756, 0.0, 3.7186455395955265, 1.1 
19.012753353389527, 55.54393389176132, 0.0, 5.075716278226878, 2.7000000000000015 
7.287801724829306, 41.31155721870726, 0.0, 1.4611101106709883, 2.7000000000000015 
60.867365720654824, 53.29135374181241, 0.0, 0.0, 1.0 
28.203989106240314, 9.955173514935408, 0.0, 0.6647603339293234, 2.7000000000000015 
57.905499260886, 57.7459289970086, 0.0, 0.0, 1.0 
58.35083090784266, 13.921254539081879, 0.0, 0.0, 1.0 
60.42297246958411, 43.022132453524165, 0.0, 0.0, 1.0 
5.879222619866936, 4.163177537544448, 0.0, 0.0, 1.0 
44.04692740216381, 34.55766009310544, 0.0, 0.0, 1.0 
12.347779773068336, 53.221394429670475, 0.0, 0.0, 1.0 
13.370892939864328, 33.42330549090671, 0.0, 0.0, 1.0 
13.988811375004216, 27.33086060552047, 0.0, 0.0, 1.0 
10.085709364195766, 59.10537238525443, 0.0, 0.0, 1.0 
41.46987890586487, 48.12313501995368, 0.0, 0.0, 1.0 
33.91859504715921, 2.267034071963992, 0.0, 0.5599709750296294, 2.7000000000000015 
48.293590084300455, 54.22286862022305, 0.0, 0.0, 1.0 
51.881411760148346, 39.371821888767116, 0.0, 0.0, 1.0 
55.5358343140494, 52.98316194121988, 0.0, 0.0, 1.0 
56.34036392692475, 14.375883892101605, 0.0, 0.0, 1.0 
3.950383548006229, 49.88863916758297, 0.0, 0.0, 1.0 
34.490146974923434, 46.268627905216334, 0.0, 0.0, 1.0 
61.48235987503595, 29.430095030469076, 0.0, 0.0, 1.0 
38.87004061089667, 7.078536978280608, 0.0, 5.69410177280956, 2.7000000000000015 
16.894517345828266, 48.343381604316406, 0.0, 0.0, 1.0 
8.002892208369074, 33.89320324143361, 0.0, 0.0, 1.0 
7.356007545887434, 60.75654249108245, 0.0, 0.0, 1.0 
50.20163061711379, 10.216331862879152, 0.0, 0.0, 1.0 
1.5090120582545414, 21.50715286201052, 0.0, 0.0, 1.0 
0.43944862457786654, 40.07467167215579, 0.0, 0.0, 1.0 
2.0577769013725935, 2.5373708414542344, 0.0, 0.0, 1.0 
14.658724405050586, 15.846182103224756, 0.0, 4.916881846233632, 1.4000000000000004 
49.40214896764899, 5.134018222999881, 0.0, 0.0, 1.0 
59.48241011216098, 30.049580846500803, 0.0, 0.0, 1.0 
20.611924768087928, 26.972410627184317, 0.0, 0.0, 1.0 
43.456808712786994, 8.71532359002393, 0.0, 2.4251258705328143, 1.3000000000000003 
6.237375558180817, 23.470241198952756, 0.0, 0.0, 1.0 
35.74772997480658, 3.651548560486599, 0.0, 5.97473058567543, 2.100000000000001 
58.664778092888625, 43.9899934318338, 0.0, 0.0, 1.0 
59.15594413592045, 17.30549237163479, 0.0, 0.0, 1.0 
37.04559663594281, 8.841609529725595, 0.0, 6.014277592906459, 2.7000000000000015 
27.48473999899395, 58.76031927347858, 0.0, 0.0, 1.0 
24.22359978217906, 56.214478597500765, 0.0, 0.0, 1.0 
27.559674883282884, 56.6996870579961, 0.0, 0.0, 1.0 
59.19704195553488, 31.89950840402613, 0.0, 0.0, 1.0 
47.462980297488045, 12.796221092181042, 0.0, 2.0698287159701563, 1.3000000000000003 
9.112693457658883, 12.532795101495328, 0.0, 5.028386719555391, 2.6000000000000014 
56.4788634608015, 61.007483901198206, 0.0, 0.0, 1.0 
48.421688199724926, 52.3513445806578, 0.0, 0.0, 1.0 
54.63028559177597, 20.282243234955093, 0.0, 0.0, 1.0 
0.9488230164675456, 23.528268664077252, 0.0, 0.0, 1.0 
14.23795831043225, 4.088470800319916, 0.0, 4.56785008125776, 2.7000000000000015 
31.876842011556953, 59.7932327729576, 0.0, 4.6255439979119375, 2.6000000000000014 
57.10222135043593, 38.76030009469965, 0.0, 0.0, 1.0 
30.0391002999019, 36.02750319023861, 0.0, 0.5506347202098856, 1.3000000000000003 
48.41919165792105, 48.65903986717193, 0.0, 0.0, 1.0 
15.884791597827462, 50.264929421212415, 0.0, 3.821376142259096, 2.7000000000000015 
60.792655352124456, 36.920632425250716, 0.0, 0.0, 1.0 
10.473837993356188, 4.1431278923318, 0.0, 4.13833738071184, 2.7000000000000015 
37.62511952289399, 0.45966838270148697, 0.0, 0.0, 1.0 
26.552744635298016, 1.5766705052588454, 0.0, 3.6600692347180943, 2.4000000000000012 
45.513119376769055, 19.23871259755284, 0.0, 0.0, 1.0 
47.50943505352, 19.119303520982506, 0.0, 0.0, 1.0 
34.22205749205506, 27.05005950217789, 0.0, 0.0, 1.0 
33.84338383005302, 22.294488973641847, 0.0, 6.806246479149032, 2.4000000000000012 
49.98599074712371, 25.267415019231652, 0.0, 0.0, 1.0 
2.364772239211125, 4.579136701565279, 0.0, 0.0, 1.0 
38.56609976577442, 31.657406189853802, 0.0, 5.861717245325548, 2.6000000000000014 
34.76447279314517, 61.232963123686154, 0.0, 3.916166709485876, 2.5000000000000013 
32.466278602215795, 10.440149502746921, 0.0, 8.24465633522715, 1.6000000000000005 
23.37700425518409, 30.61219809702115, 0.0, 0.0, 1.0 
55.803250799985825, 8.3449409962039, 0.0, 0.0, 1.0 
3.9459663561025806, 47.98497535753492, 0.0, 0.0, 1.0 
57.31996540847475, 32.61265548975078, 0.0, 0.0, 1.0 
21.481721822747627, 59.31267720941099, 0.0, 4.434924116884436, 2.7000000000000015 
15.149833217236573, 32.48589308272006, 0.0, 0.0, 1.0 
44.74725343486093, 10.283860667961296, 0.0, 1.6625973073110298, 2.7000000000000015 
47.559585319932296, 21.24057793099613, 0.0, 0.8321578745176873, 2.7000000000000015 
61.34381996554568, 57.373757220946004, 0.0, 0.0, 1.0 
38.54205126355616, 60.555766567156816, 0.0, 0.0, 1.0 
32.46887664233233, 33.19413073099138, 0.0, 4.2066914497412204, 2.100000000000001 
39.91260576475486, 19.539722356764397, 0.0, 1.200977522508308, 2.7000000000000015 
25.25796364492864, 45.252170638622744, 0.0, 0.0, 1.0 
36.52207794710777, 51.35221747555594, 0.0, 0.0, 1.0 
23.540810404062377, 15.980914454890037, 0.0, 1.8096252507534105, 2.7000000000000015 
51.76449143387596, 34.86736125438324, 0.0, 0.0, 1.0 
22.283771065261192, 41.31685087065401, 0.0, 0.0, 1.0 
25.514176625314555, 59.64494956620708, 0.0, 5.9069592879414285, 1.1 
15.534962636403371, 28.59174933979595, 0.0, 0.0, 1.0 
2.1582394223093835, 48.98155280593698, 0.0, 0.0, 1.0 
53.65011858038716, 40.4648367122386, 0.0, 0.0, 1.0 
41.910967999791566, 39.81909480584868, 0.0, 7.668605990306881, 2.7000000000000015 
48.80021805173196, 56.08275892254982, 0.0, 0.0, 1.0 
5.3958518287678725, 2.224101876095645, 0.0, 0.0, 1.0 
0.08344088926074446, 20.132182701622995, 0.0, 0.0, 1.0 
13.011687242631496, 21.98225751139518, 0.0, 0.0, 1.0 
2.2873064769757314, 51.00828387814154, 0.0, 0.0, 1.0 
18.117428415561143, 52.283074731926426, 0.0, -1.3711811444304913, 2.7000000000000015 
15.782655383000641, 26.626420569956924, 0.0, 0.0, 1.0 
29.303847517661136, 59.73726393904406, 0.0, 0.0, 1.0 
2.587087891054618, 6.6017130437544935, 0.0, 0.0, 1.0 
54.21648259204891, 9.42474931780484, 0.0, 0.0, 1.0 
8.850889165296088, 57.469981476828224, 0.0, 0.0, 1.0 
30.765794688953672, 52.31211761620327, 0.0, 0.0, 1.0 
46.608282187047024, 57.77166456802908, 0.0, 0.0, 1.0 
50.3290055593087, 54.635094878021704, 0.0, 0.0, 1.0 
12.741701822786629, 45.58222503372501, 0.0, 4.981254937855174, 1.5000000000000004 
51.99937874303166, 28.41374083401335, 0.0, 0.0, 1.0 
9.66021023194834, 35.07261714255894, 0.0, 0.0, 1.0 
33.714708168995166, 20.434638520351417, 0.0, 3.8475055810734275, 1.2000000000000002 
43.202419759471525, 51.20444071041403, 0.0, 0.0, 1.0 
47.29331964878765, 59.64858267211888, 0.0, 0.0, 1.0 
18.67927449514481, 5.762146564912974, 0.0, 3.6841638347862515, 2.300000000000001 
0.7934757491749695, 35.960217459541134, 0.0, 0.0, 1.0 
35.19514060849128, 32.17471488144515, 0.0, 1.6148137489749133, 2.300000000000001 
19.725568525013013, 45.72954817582082, 0.0, 0.0, 1.0 
55.01697084373586, 12.8212762971229, 0.0, 0.0, 1.0 
22.285747264340113, 47.882194485723204, 0.0, 0.0, 1.0 
45.274956756185254, 59.86367084036209, 0.0, 0.0, 1.0 
28.899370815991993, 37.95154530563099, 0.0, 1.6839603254242392, 1.9000000000000008 
24.295155941919145, 41.71368255562302, 0.0, 0.0, 1.0 
29.42491899446241, 7.169036032551932, 0.0, 1.074030535299436, 2.7000000000000015 
37.77178057033543, 43.99767208137103, 0.0, 0.0, 1.0 
6.0543447940305155, 34.60185679577626, 0.0, 0.0, 1.0 
33.65228043023187, 23.58369010781191, 0.0, 3.573872791955119, 2.6000000000000014 
61.12503115880518, 55.35293862526674, 0.0, 0.0, 1.0 
19.880015536540927, 39.01318627880631, 0.0, 0.0, 1.0 
52.99780496751228, 13.20211963098083, 0.0, 0.0, 1.0 
18.364666996919325, 47.090331238388664, 0.0, 0.0, 1.0 
52.214240649465616, 55.415586586692655, 0.0, 0.0, 1.0 
16.667465352037116, 9.827979705214869, 0.0, 3.954655298168041, 2.7000000000000015 
42.56537702153273, 25.8076588085824, 0.0, 0.0, 1.0 
4.990205214385551, 29.54280761742825, 0.0, 0.0, 1.0 
11.919735377921144, 8.354410153183293, 0.0, 5.367308492272223, 2.200000000000001 
28.726486873729556, 44.423133143000015, 0.0, 0.0, 1.0 
2.401053600692618, 24.901036803274124, 0.0, 0.0, 1.0 
4.237752234408564, 5.455615075637586, 0.0, 0.0, 1.0 
52.64872792219159, 48.27945277421701, 0.0, 6.785597355541182, 2.7000000000000015 
29.20354569931843, 34.0401201803911, 0.0, 0.0, 1.0 
18.812060619931064, 31.083747372263325, 0.0, 0.0, 1.0 
27.73484708009703, 17.221911239267293, 0.0, 8.11881064444699, 2.7000000000000015 
53.38348598435355, 3.515873238611567, 0.0, 0.0, 1.0 
60.367966383451126, 26.106482199721583, 0.0, 0.0, 1.0 
42.54183119922055, 6.94512480145554, 0.0, 0.0, 1.0 
38.25499269039051, 37.313510580828286, 0.0, 0.0, 1.0 
42.70181019331543, 47.02947444219526, 0.0, 0.0, 1.0 
18.593727127904806, 18.75299797429565, 0.0, 0.0, 1.0 
38.09015221598327, 30.145424083256067, 0.0, 0.5201694209815187, 2.6000000000000014 
9.614574035293208, 54.409564440610595, 0.0, 1.0502581993624887, 2.7000000000000015 
49.63962815263958, 1.8956970195607419, 0.0, 0.0, 1.0 
33.11390885842466, 13.029743759822123, 0.0, 1.5654091794829896, 1.4000000000000004 
60.54337099458319, 18.737382525473336, 0.0, 0.0, 1.0 
6.810025909686442, 21.47672755540014, 0.0, 0.0, 1.0 
14.58207335137247, 23.20795220153059, 0.0, 0.0, 1.0 
48.96161486808289, 14.00057360000297, 0.0, 0.0, 1.0 
13.307258324722387, 42.23263568784, 0.0, 4.496611403829674, 2.7000000000000015 
38.45278922589204, 52.00298319451098, 0.0, 0.0, 1.0 
0.26298085410484223, 44.15061646896202, 0.0, 0.0, 1.0 
5.632864222871081, 50.75815433531115, 0.0, 0.0, 1.0 
1.295710917852421, 16.206400632564918, 0.0, 0.0, 1.0 
1.8570901608081307, 14.237210316801676, 0.0, 0.0, 1.0 
55.135033539911525, 2.3159903131998307, 0.0, 0.0, 1.0 
33.085685957600724, 61.14499506665495, 0.0, 4.540914946573618, 2.7000000000000015 
57.10471205683158, 49.27820553326615, 0.0, 0.0, 1.0 
25.87989357351565, 33.462807949777684, 0.0, 0.0, 1.0 
9.921646597608472, 56.4318156806759, 0.0, 0.879324619064365, 2.7000000000000015 
50.86555662232136, 20.848323530702046, 0.0, 0.0, 1.0 
36.54731533519069, 37.75599848895387, 0.0, 1.0438691770732205, 2.200000000000001 
47.86853388523132, 6.261375007099508, 0.0, 0.8386656712057206, 2.5000000000000013 
26.318367982843643, 42.099679521919136, 0.0, 0.0, 1.0 
37.349655292794296, 20.61844118644374, 0.0, 0.0, 1.0 
14.792271734171816, 36.719088608343945, 0.0, 5.757308519704708, 2.6000000000000014 
7.783322098087985, 35.776118340865594, 0.0, 0.0, 1.0 
50.282057637002275, 28.908491965523886, 0.0, 6.860779781316022, 2.7000000000000015 
3.9454754238893597, 3.437433590715322, 0.0, 0.0, 1.0 
6.018789353979654, 36.46287915367046, 0.0, 0.0, 1.0 
9.283753451739123, 20.999453132937443, 0.0, 0.0, 1.0 
0.30807821705613886, 48.12243562167288, 0.0, 0.0, 1.0 
60.02421755629659, 20.706626114632204, 0.0, 0.0, 1.0 
7.641127259500843, 24.702431628736434, 0.0, 0.0, 1.0 
61.58039448378845, 59.44516380274829, 0.0, 0.0, 1.0 
25.33012987976075, 38.52691727906771, 0.0, 0.0, 1.0 
56.57857825731127, 19.770802721890853, 0.0, 0.0, 1.0 
14.044844266309633, 46.061490317025076, 0.0, 4.699011535070916, 2.7000000000000015 
60.54500166129055, 2.811253826730268, 0.0, 0.0, 1.0 
30.29191329657293, 26.042625033667967, 0.0, 0.0, 1.0 
55.54019824356549, 23.807920497069507, 0.0, 0.0, 1.0 
33.16735416020762, 31.836286196457078, 0.0, 4.0538276663637625, 2.7000000000000015 
29.5850776958864, 50.80507484626135, 0.0, 0.0, 1.0 
40.43353959317203, 29.173932160539934, 0.0, 5.183867047772815, 2.7000000000000015 
46.89447183768755, 55.714548647293036, 0.0, 0.0, 1.0 
25.20564736428403, 29.753245133792994, 0.0, 0.0, 1.0 
26.79964042717031, 43.90352799586106, 0.0, 0.0, 1.0 
24.765954567463, 16.447558587420083, 0.0, 1.7985532399706032, 2.7000000000000015 
44.55503338466963, 13.382690826432139, 0.0, 1.9701964700953445, 2.7000000000000015 
11.67058246537447, 18.785747113122788, 0.0, 4.381819934823239, 1.1 
28.114026151386447, 49.65130484299135, 0.0, 0.0, 1.0 
50.530506342653744, 22.827861850873347, 0.0, 0.0, 1.0 
22.582992285012136, 56.614255990149346, 0.0, 0.0, 1.0 
24.8013736446915, 43.45063578206485, 0.0, 0.0, 1.0 
17.326740239373468, 20.649258176777717, 0.0, 0.0, 1.0 
48.57792488470138, 35.01299035720098, 0.0, 0.0, 1.0 
60.62942187671341, 38.970549578093795, 0.0, 0.0, 1.0 
20.612223612209238, 22.507546937888005, 0.0, 1.6107783675939626, 2.7000000000000015 
45.92179009487244, 26.27076407167695, 0.0, 2.840658533570914, 2.5000000000000013 
60.970596882956336, 6.8443432628039105, 0.0, 0.0, 1.0 
39.86051388532206, 49.16159857564168, 0.0, 0.0, 1.0 
2.6830142919833815, 32.4233160094871, 0.0, 5.120823930681085, 1.1 
42.05998151531814, 0.22874296022948776, 0.0, 0.8324028982845239, 1.1 
20.74852062498745, 42.63400606769793, 0.0, 0.0, 1.0 
24.72856809113173, 50.13160511256294, 0.0, 0.0, 1.0 
34.895486439753384, 16.334501609469335, 0.0, 4.415097270203882, 2.7000000000000015 
37.91909142225116, 18.702755270685426, 0.0, 0.22210567545190796, 1.2000000000000002 
61.395067072334115, 22.143271089316926, 0.0, 0.0, 1.0 
58.73655458586915, 46.06823627164726, 0.0, 0.0, 1.0 
43.10865820486665, 10.794473136176077, 0.0, 0.8078799814288264, 2.6000000000000014 
45.975558004114234, 33.870888160102425, 0.0, 0.0, 1.0 
38.026657672975915, 58.86507213932064, 0.0, 0.0, 1.0 
43.77631750688781, 27.491575397470108, 0.0, 0.0, 1.0 
26.218562553729093, 48.88273082632782, 0.0, 0.0, 1.0 
47.598055102765066, 3.9493705510293906, 0.0, 1.1254594745004332, 2.7000000000000015 
10.339681203191834, 29.09840799152112, 0.0, 0.0, 1.0 
44.18350359817569, 32.701221776553616, 0.0, 3.246082996065493, 1.3000000000000003 
46.46041542203737, 51.75731510140235, 0.0, 0.0, 1.0 
32.192586906658505, 43.51111216510334, 0.0, 0.0, 1.0 
38.96732639882185, 21.109129692247652, 0.0, 1.5658079919004164, 2.7000000000000015 
24.305711938934223, 48.34682993807376, 0.0, 0.0, 1.0 
11.757487886254728, 51.50542736766458, 0.0, 0.0, 1.0 
22.611121526873912, 31.996927650802043, 0.0, 6.502335343349822, 2.7000000000000015 
59.53183681312388, 10.00457195474028, 0.0, 0.0, 1.0 
40.201615719926565, 58.602450246275794, 0.0, 0.0, 1.0 
5.668017803908195, 45.18562618072274, 0.0, 0.0, 1.0 
43.60796268530623, 40.27781108549232, 0.0, 0.0, 1.0 
58.409414343922684, 61.838167658903004, 0.0, 0.0, 1.0 
50.81250799591399, 42.54556345150615, 0.0, 0.0, 1.0 
7.786233887751295, 19.647529862075938, 0.0, 5.910816449672229, 1.1 
51.64522849531899, 11.682360912875092, 0.0, 0.0, 1.0 
60.67981990365558, 51.258013248292976, 0.0, 0.0, 1.0 
20.47475522668907, 30.5310386078804, 0.0, 0.0, 1.0 
51.31272211532592, 0.6729543675655646, 0.0, 0.0, 1.0 
46.25105978139843, 21.51457924097484, 0.0, 0.658099732451217, 2.7000000000000015 
49.329269392026916, 19.43650639924676, 0.0, 0.0, 1.0 
30.8247741556601, 13.611720769890686, 0.0, 0.2966594855000367, 2.6000000000000014 
53.71171307118432, 16.67371061879367, 0.0, 0.0, 1.0 
45.221461646347805, 14.680327493952213, 0.0, 8.41520133005521, 2.7000000000000015 
38.066107936529356, 4.412454066582472, 0.0, 3.987729605581536, 2.7000000000000015 
49.91782209743609, 30.58032203179967, 0.0, 0.0, 1.0 
12.74530087114205, 3.7268779237681566, 0.0, 5.236555900631139, 2.6000000000000014 
53.13947097810141, 18.509707843727615, 0.0, 0.0, 1.0 
22.392693741859855, 34.57802110128288, 0.0, 0.0, 1.0 
55.2057107883916, 51.191214558737265, 0.0, 0.0, 1.0 
41.54084866650313, 54.6968323878069, 0.0, 0.0, 1.0 
30.271079623421958, 39.19558481105398, 0.0, 0.0, 1.0 
17.682143392669516, 36.53570877423955, 0.0, 0.0, 1.0 
19.825179492013074, 16.41251045323159, 0.0, 1.9458747807610044, 2.7000000000000015 
57.56351685024477, 10.688316187978558, 0.0, 0.0, 1.0 
15.074312720718881, 34.07425444109301, 0.0, 5.781506741501282, 2.6000000000000014 
53.56012162712591, 35.8349277345352, 0.0, 0.0, 1.0 
10.538479581519857, 44.06748751896716, 0.0, 0.0, 1.0 
28.274871754118784, 42.52450013309872, 0.0, 0.0, 1.0 
17.983937837881037, 38.452287733671454, 0.0, 0.0, 1.0 
58.92830064332176, 37.85475280896304, 0.0, 0.0, 1.0 
1.0491513590807473, 56.2001284164152, 0.0, 0.0, 1.0 
56.0689683898441, 21.805540718589732, 0.0, 0.0, 1.0 
57.41307544406575, 53.70485970329154, 0.0, 0.0, 1.0 
10.658722743246367, 27.04226770491933, 0.0, 0.0, 1.0 
5.9780064713504, 52.560900840790104, 0.0, 0.0, 1.0 
54.898861025992, 0.3088240339870113, 0.0, 0.0, 1.0 
17.987909564192446, 23.999214730598364, 0.0, 0.0, 1.0 
4.327712735351644, 24.19093709482253, 0.0, 0.0, 1.0 
46.30004270930716, 53.83053315816448, 0.0, 0.0, 1.0 
4.2405545273974505, 33.60784530476204, 0.0, 0.0, 1.0 
38.19537710126684, 50.15536057800788, 0.0, 0.0, 1.0 
49.04859343112338, 23.46937158417431, 0.0, 6.7666942133540084, 2.7000000000000015 
35.17602110745065, 38.681000664840944, 0.0, 0.0, 1.0 
45.15474035339364, 3.768276969167088, 0.0, 1.2960042693874614, 2.000000000000001 
9.498306062508814, 23.918445867593043, 0.0, 0.0, 1.0 
16.510423555592233, 22.5396836194753, 0.0, 0.0, 1.0 
26.849017672610564, 60.739498632807624, 0.0, 5.734971397564986, 2.4000000000000012 
7.962490143991322, 53.757249436621784, 0.0, 7.399092387122982, 2.6000000000000014 
34.71508285114282, 50.35531054609732, 0.0, 0.0, 1.0 
30.73839460670839, 61.477708360209036, 0.0, 1.0157168306725313, 1.3000000000000003 
17.54288940194489, 34.88823793122524, 0.0, 5.615077804691253, 2.6000000000000014 
17.453085436275742, 26.011565603192842, 0.0, 0.0, 1.0 
20.23836871775397, 57.628129027389996, 0.0, 4.607834239892671, 2.7000000000000015 
41.940221363984584, 19.673285160882063, 0.0, 2.238877569063577, 2.7000000000000015 
2.919832404091565, 22.88764228724577, 0.0, 0.0, 1.0 
29.484314448469625, 17.019489445729043, 0.0, 0.0, 1.0 
55.21643628682833, 43.89285596451158, 0.0, 0.0, 1.0 
61.782128516144006, 14.837252735298474, 0.0, 0.0, 1.0 
55.43778319073687, 49.72013060321424, 0.0, 0.5817024385765771, 2.7000000000000015 
19.361510213348957, 0.9008952835219507, 0.0, 5.242894924853797, 2.7000000000000015 
34.58811256072727, 55.24070961736143, 0.0, 5.426299749357344, 1.7000000000000006 
21.496504761699807, 50.991944065010735, 0.0, 0.0, 1.0 
48.93715730714011, 26.56899111291483, 0.0, 3.7322305823713986, 2.6000000000000014 
19.93778635584952, 32.53697957308028, 0.0, 5.43376005198536, 2.6000000000000014 
26.149239451650768, 26.296009337456322, 0.0, 0.0, 1.0 
48.09492616009212, 44.70136254844815, 0.0, 0.0, 1.0 
2.5306283952387223, 34.83598455320981, 0.0, 0.0, 1.0 
45.01938469809618, 31.251109957799738, 0.0, 3.197576834865972, 2.7000000000000015 
36.9065930130821, 13.50011438363441, 0.0, 5.267832096057955, 2.7000000000000015 
45.48400911219464, 41.14535896001263, 0.0, 1.072679321005905, 1.1 
17.618938316652084, 33.602749075608706, 0.0, 5.830988273541991, 2.7000000000000015 
57.21145322518909, 5.109712620558537, 0.0, 0.0, 1.0 
53.35888605169188, 42.996576126008456, 0.0, 0.0, 1.0 
46.66403591587544, 49.42386951119969, 0.0, 0.0, 1.0 
23.053953993692165, 27.657273897178513, 0.0, 1.9668833545745146, 2.7000000000000015 
21.749942572156616, 46.12629738349868, 0.0, 0.0, 1.0 
4.897764497151517, 0.2711311847470339, 0.0, 0.0, 1.0 
56.92447321929034, 40.810230144285676, 0.0, 0.0, 1.0 
20.943372652644936, 36.0327998450887, 0.0, 0.0, 1.0 
47.84885268039547, 30.370434617866756, 0.0, 0.0, 1.0 
55.157465363948276, 41.82697563634415, 0.0, 0.0, 1.0 
61.15956667789222, 16.777579413474246, 0.0, 0.0, 1.0 
32.57008786408682, 55.03698884710661, 0.0, 0.0, 1.0 
52.978368920479326, 61.40343339141013, 0.0, 0.0, 1.0 
27.07494662733339, 19.986121016683185, 0.0, 2.329796962277854, 2.7000000000000015 
53.472839759340346, 33.81817771960857, 0.0, 0.0, 1.0 
7.549242493749103, 14.40440996465931, 0.0, 0.716391000292822, 2.4000000000000012 
28.02238555950759, 35.52501920611582, 0.0, 1.2683378778647594, 2.100000000000001 
17.448819217356156, 57.81096989998046, 0.0, 0.0, 1.0 
58.700272931098105, 48.28653730029994, 0.0, 0.0, 1.0 
38.7984285965454, 2.1055919001386108, 0.0, 0.0, 1.0 
58.788875814004825, 39.89936282132055, 0.0, 0.0, 1.0 
11.8295710654264, 58.37487736149685, 0.0, 0.39496452406724, 2.7000000000000015 
56.73191778282289, 1.108550779721261, 0.0, 0.0, 1.0 
59.929662861211746, 28.059125818785063, 0.0, 0.0, 1.0 
50.85285269937935, 58.603704231184196, 0.0, 0.0, 1.0 
44.177491886597444, 5.252529682395501, 0.0, 0.8707985098653933, 1.8000000000000007 
19.58845417400698, 50.33913547389646, 0.0, 0.0, 1.0 
61.82732240523786, 61.449290237237264, 0.0, 0.0, 1.0 
44.828047015477864, 17.31096497319805, 0.0, 1.9440829871443788, 1.9000000000000008 
15.426976804463257, 55.46355675239766, 0.0, 0.0, 1.0 
5.417281197421694, 20.236511389850286, 0.0, 0.0, 1.0 
2.6706729577983133, 54.999591365880406, 0.0, 0.0, 1.0 
16.389561989418038, 46.84987083783322, 0.0, 0.0, 1.0 
34.26082796660534, 36.835307231540874, 0.0, 5.745303068205252, 2.7000000000000015 
10.87925595753616, 45.78581417570014, 0.0, 0.0, 1.0 
40.767515208269934, 41.205234657469425, 0.0, 7.883893248801447, 2.200000000000001 
60.961215661040384, 32.94299772292388, 0.0, 0.0, 1.0 
21.18658772640942, 55.93802581269128, 0.0, 4.680085541136842, 2.7000000000000015 
12.572525832475623, 60.43568990581799, 0.0, 5.229851508278287, 2.7000000000000015 
12.242176002320727, 1.1853326986086201, 0.0, 0.0, 1.0 
0.4630227365506019, 12.903152403951562, 0.0, 0.0, 1.0 
40.952263564477725, 25.018099179942563, 0.0, 0.0, 1.0 
22.57498179643599, 54.558543948043685, 0.0, 0.0, 1.0 
34.14696091317773, 18.026576821852085, 0.0, -1.8500100683961622, 2.7000000000000015 
54.16180892222594, 56.169993253268345, 0.0, 0.0, 1.0 
4.073429358886976, 51.88047322030511, 0.0, 0.0, 1.0 
49.68182660146296, 17.462949915703415, 0.0, 0.0, 1.0 
9.349094663739873, 47.195159918130535, 0.0, 0.0, 1.0 
48.61505970870394, 31.893725276495356, 0.0, 3.334564605960968, 2.7000000000000015 
36.57309752975719, 11.322511379519186, 0.0, 4.8515393204148936, 2.100000000000001 
3.638021526983167, 10.50864541770045, 0.0, 0.0, 1.0 
18.518337124104296, 22.29909275114061, 0.0, 0.0, 1.0 
36.39756169051112, 30.726447728699352, 0.0, 7.611175487393449, 2.7000000000000015 
41.641570318509665, 22.082899967293674, 0.0, 1.958247069058377, 2.7000000000000015 
25.820338664654443, 57.66168306160476, 0.0, 0.0, 1.0 
32.08064004174417, 41.71358181513471, 0.0, 3.0108981553313074, 2.300000000000001 
44.71100703175966, 36.845771430872695, 0.0, 0.0, 1.0 
36.62152211829428, 40.00465804939463, 0.0, 2.7345305680163015, 1.2000000000000002 
43.83996715120895, 19.683523592251383, 0.0, 1.3497685551349836, 2.4000000000000012 
13.957817351656887, 9.79588192439661, 0.0, 3.5615983085663427, 2.7000000000000015 
36.67304303126288, 1.9088395050843145, 0.0, 3.993882842670016, 2.7000000000000015 
14.678852505675838, 38.679907830782035, 0.0, 0.0, 1.0 
33.049131179190965, 49.50975411974927, 0.0, 0.0, 1.0 
8.163552949016402, 2.3046863287204444, 0.0, 4.002397811057261, 2.4000000000000012 
9.118586863062259, 25.906972029667486, 0.0, 0.0, 1.0 
39.32157110225492, 42.69400847444117, 0.0, 0.0, 1.0 
19.380768060753855, 20.624800678055486, 0.0, 0.0, 1.0 
46.46900015812828, 37.24840554830321, 0.0, 0.0, 1.0 
36.17028851943791, 53.371892789144184, 0.0, 0.0, 1.0 
42.074769546832044, 27.802041745470227, 0.0, 0.0, 1.0 
39.46998438876076, 11.239096558732319, 0.0, 5.5280942081809865, 2.7000000000000015 
11.398818204485224, 56.50897541710956, 0.0, 1.0374482373098155, 2.7000000000000015 
43.21120279366547, 2.965312185486888, 0.0, 0.4961939988582736, 1.3000000000000003 
28.90207655230819, 26.296164034602718, 0.0, 1.6012169075844078, 2.7000000000000015 
20.26625001592345, 54.64909471525124, 0.0, 4.902919959719795, 2.7000000000000015 
24.657031570923955, 31.795230140778433, 0.0, 0.0, 1.0 
42.757723663210214, 57.040205959619946, 0.0, 1.9261995416477486, 1.7000000000000006 
38.21253385051327, 24.265140572088843, 0.0, 1.8453607338422002, 2.6000000000000014 
10.87974965490031, 0.8320172537416337, 0.0, 5.007791443178477, 2.7000000000000015 
7.281438994467267, 26.698988766739102, 0.0, 0.0, 1.0 
21.22900919367143, 44.36183167461198, 0.0, 0.0, 1.0 
58.95161588161198, 24.705483211087593, 0.0, 0.0, 1.0 
3.842950291910824, 42.28552592639501, 0.0, 0.0, 1.0 
3.8369993945685796, 44.226699332679985, 0.0, 0.0, 1.0 
48.27173563324612, 15.934085221535392, 0.0, 0.0, 1.0 
36.4742657493696, 49.28411121685292, 0.0, 0.0, 1.0 
20.796949882494715, 60.89995185407437, 0.0, 4.358581424128755, 2.7000000000000015 
17.469448228072345, 0.048465930154148004, 0.0, 0.1625306002406697, 2.100000000000001 
15.443027628810995, 58.137202229270684, 0.0, 0.5851454345503149, 2.000000000000001 
49.16799994736601, 21.400009099190353, 0.0, 0.0, 1.0 
6.083677576532818, 59.21160910799959, 0.0, 0.0, 1.0 
30.999154677200323, 9.432572042820212, 0.0, 1.4408596366250834, 2.7000000000000015 
5.78924846064731, 47.03893376194062, 0.0, 0.0, 1.0 
45.20359531261336, 48.48123169538236, 0.0, 0.0, 1.0 
38.071744930275074, 10.275935319173044, 0.0, 0.0, 1.0 
40.368251972228336, 27.205001126366195, 0.0, 5.43834575254727, 2.7000000000000015 
46.57906974349522, 15.194741336844217, 0.0, 2.1587983469922327, 1.7000000000000006 
3.4873712689522436, 28.23404196066101, 0.0, 0.0, 1.0 
10.079709758233276, 31.081369821771005, 0.0, 0.0, 1.0 
13.525222112513072, 31.38691702070232, 0.0, 0.0, 1.0 
50.29574965220142, 38.13900961992256, 0.0, 0.0, 1.0 
21.90266183010064, 30.103544188334812, 0.0, 7.855290570778139, 2.7000000000000015 
27.683175887212737, 47.702622944220664, 0.0, 0.0, 1.0 
27.827064530294255, 40.71515760224333, 0.0, 0.0, 1.0 
58.990816979532106, 11.962905667740515, 0.0, 0.0, 1.0 
43.2078786639091, 21.69397387177205, 0.0, 1.3850050650429873, 2.7000000000000015 
26.304488518774544, 7.570503940422188, 0.0, 1.5916346981990899, 2.7000000000000015 
36.29308558354576, 17.706071243981334, 0.0, 1.7763181543155726, 2.7000000000000015 
4.702168556083068, 17.041010533680005, 0.0, 0.0, 1.0 
6.1598576234993825, 6.422263563355127, 0.0, 4.235572999932513, 2.7000000000000015 
5.801033657564283, 48.927144312524945, 0.0, 0.0, 1.0 
24.86570079992823, 19.258672859864056, 0.0, 1.816671056142995, 2.7000000000000015 
5.475033418383782, 9.799482528221281, 0.0, 1.208519501227633, 1.2000000000000002 
49.49545535613644, 12.094464414209625, 0.0, 3.2387266215409345, 1.2000000000000002 
0.2464807037028322, 46.13152150348265, 0.0, 0.0, 1.0 
40.070434973359845, 22.423931483197183, 0.0, 8.455167148862637, 2.7000000000000015 
9.693978602496465, 18.885421097415044, 0.0, 4.7276039554525635, 1.2000000000000002 
59.02434804569047, 52.466961284285745, 0.0, 0.0, 1.0 
58.687773916966265, 41.94031250390797, 0.0, 0.0, 1.0 
51.78678068712164, 24.433956702856676, 0.0, 0.0, 1.0 
34.807647399430145, 1.2218886362559482, 0.0, 4.147327940344361, 2.7000000000000015 
9.759534292412052, 6.111024643857529, 0.0, 4.670254939793557, 2.7000000000000015 
37.40569106389417, 6.690861275223876, 0.0, 11.828413500715085, 2.100000000000001 
22.07022959772419, 27.12584120773597, 0.0, 1.7704314519890398, 2.7000000000000015 
24.80435094660853, 27.734882478118486, 0.0, 0.0, 1.0 
47.995388861728514, 24.712114862785278, 0.0, 0.0, 1.0 
3.8718410041510727, 46.151926820156, 0.0, 0.0, 1.0 
23.771601556827914, 33.41603460888498, 0.0, 6.337690042567372, 1.9000000000000008 
7.75097045540814, 55.7836678730267, 0.0, 0.0, 1.0 
48.81141916834784, 46.69706380842905, 0.0, 0.0, 1.0 
44.00797871672121, 1.3003325407740587, 0.0, 1.0402794073312753, 1.3000000000000003 
15.078756513955145, 51.03954284819709, 0.0, 4.1114704596863545, 2.200000000000001 
60.341168241919085, 13.388566742994524, 0.0, 0.0, 1.0 
9.948672327688234, 14.07568310243553, 0.0, 4.913645596967335, 2.4000000000000012 
21.158999602031614, 25.49248814927158, 0.0, 0.0, 1.0 
34.70391514233412, 48.34754605937718, 0.0, 0.0, 1.0 
55.54353858650224, 47.97631282081045, 0.0, 0.0, 1.0 
33.1798008452703, 39.133138541875056, 0.0, 5.331837723333218, 2.200000000000001 
55.45675869377585, 33.38275756818625, 0.0, 0.0, 1.0 
20.556273442099023, 28.65848191803954, 0.0, 0.0, 1.0 
45.819506454487644, 1.9389024925749752, 0.0, 1.211452520944249, 2.7000000000000015 
0.4797174865316754, 25.488094080547132, 0.0, 0.0, 1.0 
48.52366393993704, 37.16498298227504, 0.0, 0.0, 1.0 
42.01006368209108, 59.54986371542093, 0.0, 1.2682978824384843, 2.7000000000000015 
29.79897850001506, 41.12500669961566, 0.0, 0.0, 1.0 
31.22418496349044, 50.360399828516215, 0.0, 0.0, 1.0 
52.051057397303154, 46.33109394729416, 0.0, 0.0, 1.0 
57.49053092332172, 7.106827847588789, 0.0, 0.0, 1.0 
17.098477564573816, 49.78306785295802, 0.0, -2.594386919201338, 2.6000000000000014 
55.42600885383501, 31.12743542109592, 0.0, 4.673369071429749, 1.1 
48.87369658381404, 39.27598729886313, 0.0, 0.0, 1.0 
12.78063641059557, 36.625878023178565, 0.0, 5.055763080391226, 2.7000000000000015 
22.414738587511863, 18.43076333697733, 0.0, 7.822727310676121, 2.7000000000000015 
8.705939053752187, 43.17065924194563, 0.0, 0.0, 1.0 
46.60807584036876, 35.62521778172308, 0.0, 0.2492872288632993, 2.5000000000000013 
55.62774792210165, 10.846214183164653, 0.0, 0.0, 1.0 
57.134111321999185, 17.827232029799543, 0.0, 0.0, 1.0 
31.25414595705193, 27.06812331153933, 0.0, 5.2287663138612, 2.7000000000000015 
52.515947500100566, 57.40123031520539, 0.0, 0.0, 1.0 
44.15754348527683, 44.24081100154027, 0.0, 0.16320295732650214, 2.7000000000000015 
25.0790556466263, 21.74052283019306, 0.0, 1.8359457293171366, 2.7000000000000015 
49.26241396315782, 59.884708955462266, 0.0, 0.0, 1.0 
13.79180146892388, 1.3783972405587654, 0.0, 4.051168554756788, 2.7000000000000015 
13.597726085005059, 61.44129618439934, 0.0, 0.0, 1.0 
15.36344030080905, 4.2534770901357675, 0.0, 4.545718652563483, 2.7000000000000015 
19.680376081655815, 24.155233926228956, 0.0, 1.4412168045114546, 2.7000000000000015 
22.9561452086838, 21.672034854002046, 0.0, 1.4671311906917335, 2.7000000000000015 
2.6929589363631403, 17.572029368959583, 0.0, 0.0, 1.0 
28.644629490111004, 31.473349350952503, 0.0, 1.4734641190035427, 2.7000000000000015 
15.693309935831175, 2.1862904959079494, 0.0, 3.9951133319766603, 2.7000000000000015 
10.95391189426684, 7.1822319497452725, 0.0, 5.062565297730541, 2.7000000000000015 
14.31658322067276, 25.264582850538005, 0.0, 0.0, 1.0 
46.24585685656426, 9.554748630821688, 0.0, 1.952890012297873, 2.7000000000000015 
53.420808797198696, 31.781992923165074, 0.0, 0.0, 1.0 
13.343181704166826, 57.74888054904412, 0.0, 0.8486884415731274, 2.100000000000001 
0.4478870141147943, 50.155423505574994, 0.0, 0.0, 1.0 
44.52198822226787, 47.21432116914, 0.0, 2.624807415688078, 2.5000000000000013 
26.20355797016829, 16.20736285310262, 0.0, 2.055607085181705, 2.7000000000000015 
23.66018248646633, 19.032429211308866, 0.0, 1.6361487731461908, 2.4000000000000012 
10.871205933099525, 38.327772537925675, 0.0, 0.0, 1.0 
9.720847030433344, 0.8581448022087889, 0.0, 5.0053749539765535, 2.7000000000000015 
8.794257711414181, 27.94010379162241, 0.0, 0.0, 1.0 
20.71094094521406, 1.7814303915956293, 0.0, 5.787216588726478, 2.7000000000000015 
10.967167197983716, 25.022988923650846, 0.0, 0.0, 1.0 
26.29137494153025, 18.739363551557247, 0.0, 1.875982606573058, 2.7000000000000015 
42.496118251267674, 23.76254176079746, 0.0, 0.0, 1.0 
8.406389409248359, 51.3896918600832, 0.0, 1.4966403698962332, 2.7000000000000015 
60.26340949051129, 0.7214864215357981, 0.0, 0.0, 1.0 
8.145490646617306, 22.708894738862234, 0.0, 0.0, 1.0 
12.106566419514353, 43.111410784136325, 0.0, 4.766584393118865, 2.6000000000000014 
3.2631050812332996, 15.584396508957212, 0.0, 0.0, 1.0 
41.56629901608076, 45.54749117594447, 0.0, 0.0, 1.0 
19.145879422378552, 35.10588968530786, 0.0, 0.0, 1.0 
6.74803616950915, 16.351691275171017, 0.0, 0.0, 1.0 
2.567741638034811, 12.29531861169829, 0.0, 0.0, 1.0 
55.16709209522893, 18.28653040998791, 0.0, 0.0, 1.0 
40.192852848262625, 37.63683748889247, 0.0, 0.0, 1.0 
34.37169103028491, 40.455656363539994, 0.0, 3.159674470027675, 1.2000000000000002 
8.237259644502727, 31.937074007680465, 0.0, 0.0, 1.0 
4.576494893349668, 60.15491633352638, 0.0, 0.0, 1.0 
24.283916719145942, 54.507338805965276, 0.0, 0.0, 1.0 
32.91699510204381, 47.50755181829447, 0.0, 0.0, 1.0 
11.937796430609868, 30.239957889890196, 0.0, 0.0, 1.0 
38.47556186324633, 28.666526031803127, 0.0, 1.0190820550482527, 2.7000000000000015 
21.191856432442155, 17.470633604020858, 0.0, 1.4318598837806051, 2.7000000000000015 
7.154563140231121, 50.6049773505837, 0.0, 7.84974899172204, 2.7000000000000015 
39.35280853481977, 13.232982189718006, 0.0, 2.5726042861005847, 1.2000000000000002 
31.458094795108053, 29.773612079148762, 0.0, 4.681658378730553, 2.7000000000000015 
6.22535034931567, 61.6638676995302, 0.0, 4.319226197702509, 2.6000000000000014 
50.36699678671757, 45.85728676890963, 0.0, 0.0, 1.0 
29.216936611751237, 28.655280387585513, 0.0, 0.0, 1.0 
35.54660875185344, 21.508331285250623, 0.0, 0.0, 1.0 
21.381652813263006, 24.106429179334352, 0.0, 0.0, 1.0 
53.20055547937959, 1.4847770075461053, 0.0, 0.0, 1.0 
51.73663850093916, 44.299205826141204, 0.0, 0.0, 1.0 
1.3561515749934576, 9.414864737989083, 0.0, 0.0, 1.0 
8.938441570893081, 39.096830790634726, 0.0, 0.0, 1.0 
61.26502550508234, 9.06485930799675, 0.0, 1.3740862958365927, 1.2000000000000002 
32.6500872609297, 45.50282383321478, 0.0, 0.0, 1.0 
34.76671104525636, 8.106615879817856, 0.0, 5.882820973834451, 2.7000000000000015 
30.063350606253177, 24.075078334264973, 0.0, 0.0, 1.0 
9.443844189297087, 9.391093597841765, 0.0, 4.873284541466167, 2.5000000000000013 
41.67325750466965, 50.07891208302709, 0.0, 0.0, 1.0 
17.171144681861556, 29.83686221432685, 0.0, 0.0, 1.0 
30.746419247368756, 58.52186678832007, 0.0, 4.660396015812303, 2.300000000000001 
4.838696249347864, 22.1907282512273, 0.0, 0.0, 1.0 
51.5889864479758, 32.31439538469776, 0.0, 1.6309760430277804, 2.7000000000000015 
55.338813560528436, 39.61620122368064, 0.0, 0.0, 1.0 
36.964769635823174, 57.309538662656536, 0.0, 0.0, 1.0 
40.48941711347561, 5.5191185999245675, 0.0, 0.0, 1.0 
11.385205261362563, 13.49149375764174, 0.0, 4.684294614127284, 2.4000000000000012 
55.35557167144508, 45.93124930853709, 0.0, 0.0, 1.0 
41.28856398135862, 33.43541324747271, 0.0, 1.9333900652076803, 2.7000000000000015 
29.975663139008628, 15.029647423367992, 0.0, 0.0, 1.0 
29.246469825690276, 57.675154304666755, 0.0, 0.0, 1.0 
59.45377664556057, 22.689108074116188, 0.0, 0.0, 1.0 
23.525455020485957, 29.059648228877645, 0.0, 0.0, 1.0 
45.01923137248489, 7.347204564085138, 0.0, 0.4556265689987494, 2.4000000000000012 
38.90025288377867, 26.31608562997686, 0.0, 9.233099329912642, 2.4000000000000012 
5.6849540065793525, 41.45301742143152, 0.0, 0.0, 1.0 
57.11253358750729, 47.01226136932618, 0.0, 0.0, 1.0 
29.039417323354648, 1.708910573426309, 0.0, 7.106575812252987, 2.7000000000000015 
26.781724557815032, 11.34153687701994, 0.0, 0.5813075996300324, 2.7000000000000015 
24.145733914730233, 58.14922193240812, 0.0, 0.0, 1.0 
5.674898065102308, 39.66237688283634, 0.0, 0.0, 1.0 
21.257589826177703, 52.91959612519767, 0.0, 4.579015827204224, 2.5000000000000013 
59.087326056676154, 35.828005407274986, 0.0, 0.0, 1.0 
37.89165452800074, 15.270152199336184, 0.0, 2.345321924310609, 1.8000000000000007 
34.27345650335642, 10.158758272833996, 0.0, 5.292683744846009, 2.7000000000000015 
9.36741914317986, 49.19042822248546, 0.0, 0.0, 1.0 
46.38918639595798, 45.66571005027118, 0.0, 0.3433944256424929, 2.7000000000000015 
49.93122050998893, 3.6123970855736496, 0.0, 0.19257299502184116, 2.6000000000000014 
43.35706873148572, 49.12642904064088, 0.0, 0.0, 1.0 
28.261133243336662, 51.69785804008798, 0.0, 0.0, 1.0 
50.887151801594634, 8.413121672438555, 0.0, 0.0, 1.0 
35.893352099682566, 43.13027391876204, 0.0, 0.0, 1.0 
58.6374553732074, 1.926522832628105, 0.0, 0.0, 1.0 
51.638645227864735, 26.44244403414485, 0.0, 5.938491583935576, 1.2000000000000002 
28.842556783391547, 61.57909423779181, 0.0, 4.049582205027833, 2.7000000000000015 
4.747533411920912, 57.81697553670222, 0.0, 0.0, 1.0 
26.9189551445668, 37.15040261373618, 0.0, 0.0, 1.0 
52.252493329699405, 9.751432753805249, 0.0, 0.0, 1.0 
43.3756434237194, 54.13603396980021, 0.0, 0.0, 1.0 
12.178599353783738, 28.207579775977745, 0.0, 0.0, 1.0 
12.17069355247679, 55.126679269109246, 0.0, 0.0, 1.0 
23.744309302679873, 46.56172907555774, 0.0, 0.0, 1.0 
39.63368587416957, 55.15698128024351, 0.0, 0.0, 1.0 
16.244289650428065, 7.329768958444109, 0.0, 4.318855744636891, 2.300000000000001 
47.12852660641793, 38.79297004682746, 0.0, 0.0, 1.0 
2.4903734741801373, 53.043589848973305, 0.0, 0.0, 1.0 
33.294091609661585, 58.9032669829122, 0.0, 3.8555066298193545, 2.7000000000000015 
11.435814286861111, 49.52501029763398, 0.0, 0.0, 1.0 
7.756870378198297, 47.94284334671331, 0.0, 7.631183848511343, 2.7000000000000015 
3.9477546067895224, 40.332113142500425, 0.0, 0.0, 1.0 
5.69551580777879, 43.303329935918136, 0.0, 0.0, 1.0 
44.30999698631349, 25.455775006812534, 0.0, 0.0, 1.0 
24.40226886426048, 34.91800932159628, 0.0, 0.0, 1.0 
36.51690703995862, 27.87129676955529, 0.0, 0.8004246227705781, 2.5000000000000013 
55.77279134056057, 54.95060866712021, 0.0, 0.0, 1.0 
30.097319674158168, 21.698730281715928, 0.0, 1.7468166857013943, 1.8000000000000007 
12.793825296263469, 10.788169413910364, 0.0, 4.110610481616358, 2.7000000000000015 
56.029697983449864, 56.98972112272869, 0.0, 0.0, 1.0 
1.739762921336922, 0.49505742338776915, 0.0, 0.0, 1.0 
36.2179495101771, 33.5972053505434, 0.0, 5.04180057125054, 2.7000000000000015 
31.58333474594429, 22.494021475430014, 0.0, 0.0, 1.0 
30.636660048977717, 5.795466031960895, 0.0, 4.230027848582069, 1.1 
13.673163022546703, 29.36002566164836, 0.0, 0.0, 1.0 
24.439740646943854, 24.641205241932852, 0.0, 2.0847348737379905, 2.6000000000000014 
50.04883650897334, 33.5743391124183, 0.0, 0.0, 1.0 
5.759593654344196, 25.482494503301524, 0.0, 0.0, 1.0 
40.05642332356021, 53.21454232931227, 0.0, 0.0, 1.0 
60.40813321456229, 45.10175974128622, 0.0, 0.0, 1.0 
7.246207223810804, 44.61779724142814, 0.0, 1.5603517543586596, 2.7000000000000015 
19.214032389382687, 43.97545402896556, 0.0, 0.0, 1.0 
18.81139254247785, 59.993106213303285, 0.0, 4.383794678391881, 2.6000000000000014 
28.41163158984183, 22.82505742704874, 0.0, 0.0, 1.0 
8.168750928599044, 7.65907283398031, 0.0, 1.8916781866638674, 1.2000000000000002 
14.811932790246653, 11.889126063261083, 0.0, 4.016196953716699, 2.7000000000000015 
23.33259290243775, 38.16880900509087, 0.0, 0.0, 1.0 
35.77373804284911, 58.99081485205168, 0.0, 0.0, 1.0 
17.797298633377018, 32.495892016811716, 0.0, 5.992811025215703, 2.5000000000000013 
16.43646267722093, 39.65104015182093, 0.0, 0.0, 1.0 
48.897522845402264, 42.12060868517713, 0.0, 0.0, 1.0 
31.065409489471698, 34.19476685932452, 0.0, 0.0, 1.0 
20.65798127056628, 34.36823185359407, 0.0, 0.0, 1.0 
44.53255557933982, 42.55372496613736, 0.0, 0.8697782321668124, 2.300000000000001 
14.991009833816099, 48.07081582410098, 0.0, 4.726237552296004, 1.9000000000000008 
33.46003953447828, 15.273783266448666, 0.0, 5.021694199922567, 2.7000000000000015 
22.753800571835782, 43.03261797140262, 0.0, 0.0, 1.0 
29.220600322999683, 55.584411280216536, 0.0, 0.0, 1.0 
49.37340905077786, 61.8123338948356, 0.0, 0.0, 1.0 
27.521797624125146, 32.86687913749433, 0.0, 1.3594691068682334, 1.4000000000000004 
50.64688377724, 56.7050609038362, 0.0, 0.0, 1.0 
42.53355964911523, 30.449990158072286, 0.0, 3.0809711551629286, 2.7000000000000015 
51.61938673314401, 49.52314323258207, 0.0, 0.0, 1.0 
53.791038928614626, 47.09506768865611, 0.0, 0.0, 1.0 
54.414305561050455, 14.75473175245515, 0.0, 0.0, 1.0 
30.24374180014619, 43.05373110145107, 0.0, 0.0, 1.0 
6.23118906543501, 18.335094431388566, 0.0, 0.0, 1.0 
19.936166871832302, 4.5610382666328615, 0.0, 3.0823003107175193, 2.7000000000000015 
16.575802439890378, 18.812776221561332, 0.0, 0.0, 1.0 
34.92642403834134, 6.6001499594283395, 0.0, -0.03640775310966818, 2.000000000000001 
42.06690231120641, 17.212303003366152, 0.0, 1.8539027270346564, 2.7000000000000015 
52.00587097293093, 53.49367970756276, 0.0, 0.0, 1.0 
58.15247689218659, 59.78876034293977, 0.0, 0.0, 1.0 
46.345207037392676, 22.867567105846415, 0.0, 0.4905907661932883, 2.7000000000000015 
29.616571493383937, 9.463139748123037, 0.0, 1.0842239632837496, 2.300000000000001 
16.897706402231282, 55.3440288799948, 0.0, -1.3196506107815817, 2.7000000000000015 
44.92501612863186, 55.31846635305933, 0.0, 0.0, 1.0 
60.90429825678854, 34.92091418738756, 0.0, 0.0, 1.0 
18.236552391133422, 15.984577865479345, 0.0, 5.03587471305235, 2.7000000000000015 
30.970164814193282, 56.29734659538027, 0.0, 0.0, 1.0 
27.2258805864878, 45.753172357823765, 0.0, 0.0, 1.0 
8.49770229907381, 29.92973428401926, 0.0, 0.0, 1.0 
31.355838012649972, 17.689367707936125, 0.0, 4.366896286236172, 2.6000000000000014 
51.1470448711162, 60.63219891720154, 0.0, 0.0, 1.0 
42.3127552819838, 34.24117477832476, 0.0, 1.9084919751098892, 2.7000000000000015 
16.12538348186001, 24.540193012271253, 0.0, 0.0, 1.0 
17.282620475632793, 1.6189916516934633, 0.0, 0.0, 1.0 
41.164851915416314, 43.566883542105366, 0.0, 0.0, 1.0 
11.612061802288428, 34.333335132001665, 0.0, 0.0, 1.0 
50.000123686749, 6.843060494202428, 0.0, 0.0, 1.0 
39.659937412890805, 0.31787656245285845, 0.0, 0.0, 1.0 
36.17771180648888, 55.420768127072144, 0.0, 0.0, 1.0 
14.722219917714904, 40.69977446628449, 0.0, 0.0, 1.0 
25.902630893217637, 55.7236311579307, 0.0, 0.0, 1.0 
39.387471132600716, 39.05733486835546, 0.0, 6.498224624650394, 2.7000000000000015 
14.543678997376706, 13.452884960071838, 0.0, 3.9341319019162793, 2.7000000000000015 
0.0036927522631250848, 27.52351170438965, 0.0, 0.0, 1.0 
59.15678500190959, 33.84569099865473, 0.0, 0.0, 1.0 
50.9837837990192, 13.606703372856797, 0.0, 0.0, 1.0 
38.128423407684934, 53.74865740970077, 0.0, 0.0, 1.0 
10.838813372462065, 11.043594745877165, 0.0, 5.185824597689352, 2.4000000000000012 
23.82705207502003, 39.89230751418817, 0.0, 0.0, 1.0 
40.545642186799306, 15.184093382969497, 0.0, 2.8906098008855032, 2.7000000000000015 
12.751199032216643, 24.118381607639357, 0.0, 0.0, 1.0 
11.39717977177592, 60.0726926628986, 0.0, 5.407485339018671, 2.4000000000000012 
43.104327644907, 13.759293128134962, 0.0, 1.732470686869802, 2.7000000000000015 
35.05290235343704, 13.437507955041735, 0.0, 5.0841276313075605, 1.9000000000000008 
33.069530968525754, 4.251123399047366, 0.0, 1.4518980611487837, 1.7000000000000006 
39.23708174027224, 35.48111470804167, 0.0, 4.26754057068418, 1.2000000000000002 
25.74081240364552, 47.078560727067234, 0.0, 0.0, 1.0 
16.784440961044123, 31.437911937943827, 0.0, 0.0, 1.0 
30.00013083602764, 30.526425574212315, 0.0, 0.0, 1.0 
51.20234493660782, 18.911771100683204, 0.0, 0.0, 1.0 
32.80743692025005, 51.384765007149404, 0.0, 0.0, 1.0 
61.206724599444684, 31.253613480832605, 0.0, 0.0, 1.0 
49.92938573472032, 50.57884136725498, 0.0, 0.0, 1.0 
60.50430873300869, 41.03261498377205, 0.0, 0.0, 1.0 
3.429348974069689, 20.924686736785358, 0.0, 0.0, 1.0 
48.025355412013724, 50.59034533433188, 0.0, 0.0, 1.0 
47.42711597435525, 40.70416105438045, 0.0, 0.0, 1.0 
3.188249749498612, 61.25849002590882, 0.0, 0.0, 1.0 
0.6476799524260507, 18.179534181087003, 0.0, 0.0, 1.0 
13.909806514097657, 54.29904415595761, 0.0, 0.0, 1.0 
57.45297147065479, 23.251592903464438, 0.0, 0.0, 1.0 
30.689446920567438, 44.93369505183088, 0.0, 0.0, 1.0 
45.686811005314624, 27.96697683922303, 0.0, 0.0, 1.0 
57.32598063945296, 34.679115179927145, 0.0, 0.0, 1.0 
32.5081519912615, 56.739583294596464, 0.0, 5.3189995819691225, 2.6000000000000014 
18.07904357871581, 7.362746803926922, 0.0, 4.130917087785975, 1.3000000000000003 
29.596678320338427, 48.359871573989466, 0.0, 0.0, 1.0 
55.74808124079558, 16.312997060207813, 0.0, 0.0, 1.0 
59.54388241015087, 56.568989730207164, 0.0, 0.0, 1.0 
18.060703000950394, 55.050709439459546, 0.0, 4.993398789335669, 2.7000000000000015 
42.87724506617159, 42.6610313525301, 0.0, 6.811731868063441, 2.200000000000001 
20.299873272557008, 40.89967083638456, 0.0, 0.0, 1.0 
41.00823205003224, 56.67267458302105, 0.0, 0.0, 1.0 
54.418290990779404, 58.20741060196498, 0.0, 0.0, 1.0 
56.26153932610548, 58.95750496934444, 0.0, 0.0, 1.0 
11.714430457298826, 32.312465730219394, 0.0, 0.0, 1.0 
34.19632327628337, 25.263214910602926, 0.0, 6.005134621165475, 2.7000000000000015 
36.68405523039074, 26.184152333696588, 0.0, 0.604438918216638, 2.7000000000000015 
32.298603057554296, 35.61946203130212, 0.0, 5.440964364395353, 1.5000000000000004 
39.65666983457614, 44.896938521161665, 0.0, 0.0, 1.0 
31.35080458536587, 48.643584615730674, 0.0, 0.0, 1.0 
22.28224766574769, 23.38370625796607, 0.0, 1.3875163599444664, 2.6000000000000014 
2.0640341944982756, 47.111759257793395, 0.0, 0.0, 1.0 
22.424141819855414, 15.251225560447736, 0.0, 1.8995941805349852, 2.7000000000000015 
6.3195078311635715, 32.715517930663445, 0.0, 0.0, 1.0 
27.59744647421846, 54.688890519869105, 0.0, 0.0, 1.0 
25.072298619780124, 52.02348432985496, 0.0, 0.0, 1.0 
2.0908870497505676, 43.20725231647174, 0.0, 0.0, 1.0 
29.201035597065786, 46.3358486479163, 0.0, 0.0, 1.0 
47.28379488785015, 29.035059061538135, 0.0, 5.941711283632045, 2.7000000000000015 
14.85682033776773, 7.536884264271635, 0.0, 4.704615299952345, 2.7000000000000015 
50.307704842029274, 15.486463721543794, 0.0, 0.0, 1.0 
14.859317887394626, 44.03232447634748, 0.0, 0.0, 1.0 
21.83700815606354, 39.553816216745695, 0.0, 0.0, 1.0 
32.022403025793345, 24.56130703086702, 0.0, 0.0, 1.0 
41.9600658254714, 52.65956652925389, 0.0, 0.0, 1.0 
15.239692153188829, 30.481567051183372, 0.0, 0.0, 1.0 
22.929304329816325, 36.35932531089876, 0.0, 0.0, 1.0 
23.79282731564001, 2.672482197079801, 0.0, 2.3094899576921337, 2.7000000000000015 
57.254204664241776, 36.68101395496118, 0.0, 0.0, 1.0 
6.889319909635271, 28.74853804473067, 0.0, 0.0, 1.0 
3.8952422585530413, 26.223676474247558, 0.0, 0.0, 1.0 
32.06112609391028, 15.367355142148481, 0.0, 4.816751363432788, 2.4000000000000012 
31.49522356409006, 37.82901214764961, 0.0, 0.4481067832015146, 1.8000000000000007 
56.94848984071604, 25.226951492077387, 0.0, 0.0, 1.0 
32.49356101606231, 27.326965303454873, 0.0, 4.8902252286054555, 2.7000000000000015 
55.56200939467875, 6.3253301741712065, 0.0, 0.0, 1.0 
22.788039453681655, 49.61843271239701, 0.0, 0.0, 1.0 
44.128650755941464, 29.308152565599354, 0.0, 6.353719293404779, 2.300000000000001 
9.949837250437783, 51.1621821759725, 0.0, 0.0, 1.0 
38.98162225089874, 57.05385231374378, 0.0, 0.0, 1.0 
46.12862902276811, 24.539844966927564, 0.0, 0.0, 1.0 
52.6629750285033, 20.415798624354295, 0.0, 0.0, 1.0 
12.503932652765268, 12.538148889331815, 0.0, 4.2404031201780334, 2.7000000000000015 
16.17036477224965, 37.616736893547724, 0.0, 0.0, 1.0 
40.886942869388164, 1.8212587092193155, 0.0, 0.0, 1.0 
59.74140130806471, 15.341420837266615, 0.0, 0.0, 1.0 
40.52454295499517, 31.861052943601425, 0.0, 1.7294513889936207, 2.7000000000000015 
4.301010198933829, 55.84674768083616, 0.0, 0.0, 1.0 
47.71763119125875, 1.4591257279884042, 0.0, 1.8219406584909528, 1.2000000000000002 
25.889639259398773, 53.86703086210983, 0.0, 0.0, 1.0 
58.81590008241262, 50.40414210943199, 0.0, 0.0, 1.0 
58.030995762412836, 21.258200772286237, 0.0, 0.0, 1.0 
58.410001858207934, 26.695984817517676, 0.0, 0.0, 1.0 
47.91832159878819, 33.249740379737155, 0.0, 0.0, 1.0 
1.5331024613112878, 28.942760476690655, 0.0, 0.0, 1.0 
36.120424430650885, 45.18196412241975, 0.0, 0.0, 1.0 
13.66714918263363, 7.072143348648606, 0.0, 4.847154367893117, 2.7000000000000015 
57.68203182450557, 9.00927312354964, 0.0, 0.0, 1.0 
12.476567873840919, 26.15513817203149, 0.0, 0.0, 1.0 
27.63418275467321, 26.830971737591963, 0.0, 0.0, 1.0 
57.765014387140816, 15.838279401412434, 0.0, 0.0, 1.0 
60.48392716111242, 49.260059317790976, 0.0, 0.0, 1.0 
31.02491248217982, 46.823452059453686, 0.0, 0.0, 1.0 
19.476565925702054, 37.082116638648195, 0.0, 0.0, 1.0 
16.65083952178004, 5.072873672684841, 0.0, 4.515653339934045, 2.7000000000000015 
15.28904253533007, 20.92609362647997, 0.0, 5.6357827618984055, 1.1 
27.555498035571564, 24.764952643617736, 0.0, 0.0, 1.0 
56.91235278222046, 42.87363287375979, 0.0, 0.0, 1.0 
10.268276741444252, 16.560276353434766, 0.0, 3.4013300221495553, 2.4000000000000012 
37.22170455283426, 22.698621175141596, 0.0, 0.0, 1.0 
27.730892388775892, 3.835974805912163, 0.0, 6.542656530416362, 2.7000000000000015 
52.043767651810974, 37.10444767317475, 0.0, 0.0, 1.0 
2.0608624497528143, 45.17189814400084, 0.0, 0.0, 1.0 
53.6382115542545, 38.353931693288104, 0.0, 0.0, 1.0 
15.026746767666884, 42.47638615056912, 0.0, 0.0, 1.0 
13.858156736514015, 56.29299478768456, 0.0, 0.0, 1.0 
37.444413056994776, 35.517385547051035, 0.0, 1.9880977682836116, 2.7000000000000015 
23.60020810396751, 53.03923627987961, 0.0, 6.438818461108253, 2.7000000000000015 
44.61336675924782, 57.31476101539153, 0.0, 0.0, 1.0 
25.815492746020535, 40.3560845977952, 0.0, 0.0, 1.0 
60.391426097883, 47.14111267763723, 0.0, 0.0, 1.0 
39.839775267378634, 46.92210972178371, 0.0, 0.0, 1.0 
13.252620279607104, 50.4160598829468, 0.0, 0.0, 1.0 
9.25039394444137, 60.82249186147036, 0.0, 0.0, 1.0 
11.119847646302379, 22.84735093382602, 0.0, 0.0, 1.0 
37.427387755159145, 41.84101245951961, 0.0, 0.0, 1.0 
12.124774701390411, 39.94885340518223, 0.0, 4.736205603812188, 2.300000000000001 
21.645035934364394, 20.777810610986506, 0.0, 1.54581467187924, 2.7000000000000015 
53.64721108156892, 24.613108977317825, 0.0, 0.0, 1.0 
43.51157588999119, 16.563993170975333, 0.0, 8.049930260895065, 2.7000000000000015 
4.342826690115079, 53.866608592226335, 0.0, 0.0, 1.0 
13.247711349193196, 48.51435514859753, 0.0, 0.0, 1.0 
1.505339838196669, 60.30232789929399, 0.0, 0.0, 1.0 
29.938238799692616, 19.187871311998727, 0.0, 0.837847159171994, 1.7000000000000006 
51.72393971512162, 17.05040729339247, 0.0, 0.0, 1.0 
4.005361943561683, 13.577531678739634, 0.0, 0.0, 1.0 
59.0984533722793, 5.959177725830395, 0.0, 0.0, 1.0 
31.09757048655006, 2.4974556275433217, 0.0, 4.484609266406998, 2.7000000000000015 
43.496822570644504, 59.016222989983206, 0.0, 0.0, 1.0 
50.24812194465422, 48.20812544018929, 0.0, 0.0, 1.0 
8.846520122251134, 41.11184252102088, 0.0, 0.0, 1.0 
1.952879581143693, 26.888256153876252, 0.0, 0.0, 1.0 
51.784153548356436, 4.781697976642929, 0.0, 0.0, 1.0 
37.96497421266297, 46.0785523038143, 0.0, 0.0, 1.0 
8.086530474873852, 59.130777460781445, 0.0, 0.0, 1.0 
0.8735493835692861, 7.693808136116424, 0.0, 0.0, 1.0 
3.1291004326721574, 59.047255531575246, 0.0, 0.0, 1.0 
26.26058237244736, 35.294395330588856, 0.0, 0.0, 1.0 
5.120200590733596, 7.7417526433824735, 0.0, 0.5232465016058805, 1.8000000000000007 
23.23060359096567, 51.46341693879808, 0.0, 0.0, 1.0 
55.09568246486905, 25.965649051267516, 0.0, 0.0, 1.0 
23.159846862202958, 24.87892156646787, 0.0, 1.7240659461816652, 2.7000000000000015 
12.768119477412029, 5.736105603362654, 0.0, 5.211187325451117, 2.6000000000000014 
46.36350073652225, 43.9246235438482, 0.0, 1.045811089083875, 2.200000000000001 
28.68200119562049, 20.634566874617203, 0.0, 1.6763766180847024, 1.3000000000000003 
55.54983673378777, 35.47675937112454, 0.0, 0.0, 1.0 
26.535641252933594, 50.76537901183122, 0.0, 0.0, 1.0 
42.93086702682147, 36.23829888987845, 0.0, 0.0, 1.0 
26.706895369961124, 28.276950469124177, 0.0, 0.0, 1.0 
52.73149426709174, 59.39276591474616, 0.0, 0.0, 1.0 
39.93453072087685, 3.6647404609722063, 0.0, 0.0, 1.0 
57.15298283175903, 51.676132318992586, 0.0, 0.0, 1.0 
53.908945505732056, 54.20195735770356, 0.0, 0.0, 1.0 
0.6062603246451298, 52.1396793581978, 0.0, 0.0, 1.0 
26.988216831091467, 52.72732950585625, 0.0, 0.0, 1.0 
46.34258649350815, 11.69924272901781, 0.0, 2.0127990372790214, 2.7000000000000015 
20.319956116783246, 47.5624597504, 0.0, 0.0, 1.0 
35.98377125065198, 23.837036356506882, 0.0, 4.043065104133638, 2.5000000000000013 
22.64468145162044, 58.65708136877739, 0.0, 0.0, 1.0 
56.38922155818342, 27.467430970310733, 0.0, 0.0, 1.0 
20.844837479101685, 49.22615227070895, 0.0, 0.0, 1.0 
54.6592619967923, 60.18638573021512, 0.0, 0.0, 1.0 
34.36892259410909, 34.70983303657166, 0.0, 5.317207204100502, 2.7000000000000015 
50.24890455259483, 36.09393614320407, 0.0, 0.0, 1.0 
12.730586638572962, 15.132033424724572, 0.0, 4.46469819852262, 1.3000000000000003 
53.46987693225868, 50.24725479964246, 0.0, 0.0, 1.0 
41.38893788649479, 11.327316818285855, 0.0, 0.0, 1.0 
5.387138179764372, 27.530042949365214, 0.0, 0.0, 1.0 
11.307336694137266, 20.81793299645034, 0.0, 0.0, 1.0 
55.404752973046335, 37.51097981346197, 0.0, 0.0, 1.0 
36.541869654207616, 60.716463936463, 0.0, 0.0, 1.0 
53.56121255018347, 45.02998298593979, 0.0, 0.0, 1.0 
55.30332867762999, 29.0733851802353, 0.0, 3.5602620655162958, 1.5000000000000004 
7.005834996909105, 2.7918941750717807, 0.0, 4.2683449850221065, 2.7000000000000015 
48.25432587044418, 10.344140633186488, 0.0, 4.577671748992254, 1.2000000000000002 
11.543453656481228, 2.9223110638801333, 0.0, 0.0, 1.0 
60.02770263333332, 60.63935993828569, 0.0, 0.0, 1.0 
34.645092550001564, 52.1237031759815, 0.0, 0.0, 1.0 
40.26722318043234, 51.18614589177294, 0.0, 0.0, 1.0 
45.15111461847073, 38.95816934898054, 0.0, 4.666406575111517, 1.1 
46.685480103685904, 17.264371964358794, 0.0, 0.0, 1.0 
53.67460019928208, 5.519409690146588, 0.0, 0.0, 1.0 
55.34424452776133, 4.302956414687883, 0.0, 0.0, 1.0 
58.02437386655386, 28.683900413654204, 0.0, 0.0, 1.0 
7.8872463937369055, 5.482283803677034, 0.0, 6.241838269853614, 1.4000000000000004 
39.700116558861616, 9.184967051234013, 0.0, 0.0, 1.0 
0.6221489334752658, 38.01700032848876, 0.0, 0.0, 1.0 
27.30348959701182, 38.984329136977806, 0.0, 0.0, 1.0 
16.98683669051999, 52.37295547245933, 0.0, -1.3534694768298545, 2.7000000000000015 
43.825144181943045, 45.63333450202295, 0.0, 0.0, 1.0 
44.63725216556965, 52.598942953724155, 0.0, 0.0, 1.0 
47.18527188629892, 42.669177570861, 0.0, 0.0, 1.0 
2.130442414715428, 41.19190773870159, 0.0, 0.0, 1.0 
24.903885354015934, 25.76983681446835, 0.0, 2.22015840699696, 2.7000000000000015 
18.69288262284446, 42.23487597988273, 0.0, 0.0, 1.0 
60.75973819512127, 4.801359896901629, 0.0, 0.0, 1.0 
30.422428564553044, 32.35177170711017, 0.0, 6.052427151593084, 1.4000000000000004 
18.796257436016393, 48.922959628601156, 0.0, 0.0, 1.0 
23.97046405569374, 22.212546414217638, 0.0, 1.5585700124801594, 2.7000000000000015 
35.14885757730801, 57.04080158291532, 0.0, 0.0, 1.0 
0.3382283162524422, 42.09596197995443, 0.0, 0.0, 1.0 
48.626356689825876, 58.00529483772932, 0.0, 0.0, 1.0 
7.35330553678224, 11.79942137139845, 0.0, 3.4774646105695752, 1.3000000000000003 
2.5065820518350748, 36.96043337939177, 0.0, 2.3553195026726463, 1.2000000000000002 
19.682704083330524, 53.05238006397841, 0.0, 5.3477996286034255, 2.7000000000000015 
7.515548010367951, 9.703015396687427, 0.0, 0.8616132190275719, 1.2000000000000002 
58.56316544194916, 19.246940870800078, 0.0, 0.0, 1.0 
2.036926175598897, 19.547853969931413, 0.0, 0.0, 1.0 
36.3487086687808, 47.23632749156485, 0.0, 0.0, 1.0 
19.076283678810363, 25.6585952796174, 0.0, 0.0, 1.0 
53.63308253102778, 52.25120071846491, 0.0, 0.0, 1.0 
31.353642157943497, 12.161351209077988, 0.0, 0.915143546039838, 2.7000000000000015 
5.242300812214336, 15.008988972529579, 0.0, 0.0, 1.0 
37.77053912312628, 55.49330759652664, 0.0, 0.0, 1.0 
53.88652643228302, 7.5206823419260305, 0.0, 0.0, 1.0 
52.34008908462913, 15.124154512743168, 0.0, 0.0, 1.0 
8.097555366350983, 0.5375320658589311, 0.0, 0.0, 1.0 
34.165305558461895, 42.40122254848835, 0.0, 2.5344730850611183, 2.7000000000000015 
38.77775842654525, 16.826571772753944, 0.0, 5.763032448432131, 1.1 
27.98476291033018, 7.4259525810042515, 0.0, 1.3903440654838115, 2.7000000000000015 
46.27876141688388, 6.3644316284539455, 0.0, 0.9666357977736512, 1.9000000000000008 
38.94874446653732, 33.251304427461555, 0.0, 0.0, 1.0 
24.908151315462824, 36.80452927456825, 0.0, 0.0, 1.0 
5.168002411255285, 11.895857869581773, 0.0, 2.9966170000093495, 1.1 
16.949433471424662, 13.318882250393045, 0.0, 4.137989316488358, 2.7000000000000015 
49.66771345082504, 43.982435340816224, 0.0, 0.0, 1.0 
20.389944295778598, 19.238218818251944, 0.0, 1.3184351894721882, 2.6000000000000014 
0.7382913862534243, 5.688670921651477, 0.0, 0.0, 1.0 
52.03724551677336, 6.7505381175972845, 0.0, 0.0, 1.0 
46.59642164083196, 61.54143022365936, 0.0, 3.5230727657339775, 1.2000000000000002 
34.14804709209359, 53.77308191891671, 0.0, 0.0, 1.0 
44.489323902876535, 23.46990150942322, 0.0, 0.0, 1.0 
51.817565893103584, 51.44408257050071, 0.0, 0.0, 1.0 
53.03784363585664, 29.897693369482166, 0.0, 2.4005314314912343, 1.8000000000000007 
35.101795462540856, 11.04535467463263, 0.0, 5.305397381277773, 2.7000000000000015 
59.37901564658432, 7.986203186599601, 0.0, 0.0, 1.0 
56.98393699594272, 12.42271130060334, 0.0, 0.0, 1.0 
41.278643168886354, 36.58578318272442, 0.0, 7.398208852182694, 2.7000000000000015 
24.372951608300088, 61.68293877794859, 0.0, 1.2699007846031771, 2.4000000000000012 
6.613734611779339, 30.748238044403394, 0.0, 0.0, 1.0 
15.283793437186825, 35.22731261357881, 0.0, 5.848429330107769, 2.7000000000000015 
57.66602360226277, 55.75320151978091, 0.0, 0.0, 1.0 
19.57839395723753, 51.74488000654644, 0.0, 0.0, 1.0 
3.488776823105698, 1.4257154308025775, 0.0, 0.0, 1.0 
52.269456999008, 22.400416344666805, 0.0, 0.0, 1.0 
26.44932870106986, 21.965529296626464, 0.0, 2.437162452950928, 2.4000000000000012 
21.56705100431197, 33.0619172542688, 0.0, 6.056198752976621, 2.7000000000000015 
3.0095816940387445, 30.344856780086815, 0.0, 2.301206856959403, 1.1 
23.239429810678914, 44.7879517801707, 0.0, 0.0, 1.0 
16.754545041206818, 41.57386291216741, 0.0, 0.0, 1.0 
13.94390915614036, 52.24497454755682, 0.0, 0.0, 1.0 
0.22768830578597785, 1.622857422584243, 0.0, 0.0, 1.0 
52.1137822043471, 41.42015206731909, 0.0, 0.0, 1.0 
4.053500059609879, 18.91623897693779, 0.0, 0.0, 1.0 
56.97998738774578, 44.93245954454342, 0.0, 0.0, 1.0 
39.69324270191554, 24.373478878232525, 0.0, 2.2747883986247723, 2.4000000000000012 
18.33667194098629, 40.33950181609427, 0.0, 0.0, 1.0 
32.459218989459956, 53.117953913866046, 0.0, 0.0, 1.0 
15.1260952767105, 59.51293499217566, 0.0, 0.196959111140387, 2.7000000000000015 
2.2669835726613856, 39.15696355796136, 0.0, 0.0, 1.0 
6.817024847579707, 57.58405455921682, 0.0, 0.0, 1.0 
60.95556811025789, 11.394129099837667, 0.0, 0.0, 1.0 
27.245111347967697, 30.05366392750057, 0.0, 0.0, 1.0 
21.42256989722278, 37.71215988285825, 0.0, 0.0, 1.0 
46.84740302515741, 47.37154999132354, 0.0, 0.0, 1.0 
1.0657121719247977, 11.083740803341197, 0.0, 0.0, 1.0 
29.286279915278133, 11.909656985743466, 0.0, 6.800479662739695, 2.7000000000000015 
13.288827124015395, 39.15168219408826, 0.0, 4.637687194641318, 2.4000000000000012 
33.16062455367041, 29.877429920867826, 0.0, 3.9691932492284496, 1.3000000000000003 
14.7530643458455, 18.247392387574358, 0.0, 4.8761858046044395, 1.4000000000000004 
2.884018402795523, 57.07760552393269, 0.0, 0.0, 1.0 
53.61949212583317, 11.310837639232156, 0.0, 0.0, 1.0 
32.186564167859395, 6.75201969896078, 0.0, 2.5096622291959103, 2.7000000000000015 
17.71841118821683, 45.33120966901653, 0.0, 0.0, 1.0 
10.620216630741595, 42.1934283296493, 0.0, 0.0, 1.0 
17.264429553381916, 27.974587246110136, 0.0, 0.0, 1.0 
