position_x,position_y,position_z,orientation,aspect_ratio
36.951157842034696, 42.27126308250452, 0.0, 6.076345410809743, 2.7000000000000015 
16.712368943601344, 3.4921831429862915, 0.0, 0.0, 1.0 
36.98929165284127, 51.800634602915764, 0.0, 1.5513182442893718, 2.7000000000000015 
18.264742927706155, 2.3644692671750445, 0.0, 0.0, 1.0 
6.842701866419471, 8.24024939396362, 0.0, 0.0, 1.0 
12.366142948228717, 38.30154181859897, 0.0, 0.0, 1.0 
6.861810357619201, 24.094236258653176, 0.0, 1.3389167389215915, 1.1 
19.808517415395947, 43.220639113805, 0.0, 0.0, 1.0 
61.21790658336986, 32.74264055178316, 0.0, 1.2650081260054138, 2.7000000000000015 
54.776578109039015, 20.209631506121834, 0.0, 0.0, 1.0 
21.314153170543314, 41.762780801488624, 0.0, 0.0, 1.0 
43.62606808397931, 11.765179447934445, 0.0, 0.0, 1.0 
24.62696569515833, 2.547862500882724, 0.0, 0.0, 1.0 
33.33565198545487, 19.61373859563199, 0.0, 0.0, 1.0 
56.87170684144532, 26.488937714873128, 0.0, -1.6421128077233724, 2.7000000000000015 
31.528593863834086, 48.39299223848799, 0.0, 5.651331147817175, 2.100000000000001 
2.727743145401041, 5.655669315847687, 0.0, 0.0, 1.0 
31.835378651780015, 57.49278894251059, 0.0, 5.844655396916748, 1.2000000000000002 
46.19839165415154, 43.58331523597593, 0.0, 0.0, 1.0 
10.971464287312537, 55.54157015921655, 0.0, 0.0, 1.0 
42.57817834360653, 38.02002587782789, 0.0, 0.2841465206880108, 2.7000000000000015 
22.83547868559065, 22.204777539881626, 0.0, 0.0, 1.0 
57.726573469131495, 28.89431832374329, 0.0, 1.8501843376959324, 2.7000000000000015 
55.35936410653575, 14.222885717222644, 0.0, 0.0, 1.0 
43.86755566407041, 44.16164874030201, 0.0, 6.483546179862525, 2.7000000000000015 
47.526919202609754, 8.8965237762443, 0.0, 0.4197134249605715, 2.7000000000000015 
55.74799625886504, 3.4877956763878193, 0.0, 0.0, 1.0 
7.714050007981685, 44.729625576846175, 0.0, 0.0, 1.0 
34.11474946612042, 43.47825909817921, 0.0, 5.953433684217421, 2.5000000000000013 
22.84707722621257, 47.56700182312002, 0.0, 0.0, 1.0 
28.290613570743393, 24.630339930126514, 0.0, 0.0, 1.0 
31.62499461119232, 10.303338105941533, 0.0, 3.7734142450498287, 2.7000000000000015 
3.7996317095335663, 0.6067283604403468, 0.0, 0.0, 1.0 
29.50159287567253, 30.522343485386777, 0.0, 0.0, 1.0 
46.14556099335487, 20.63643431045992, 0.0, 0.0, 1.0 
21.023192706516777, 56.84610054113766, 0.0, 0.0, 1.0 
31.68356174239548, 16.516698154290804, 0.0, 0.0, 1.0 
24.831565017026755, 34.06034956639764, 0.0, 0.0, 1.0 
5.6140645846415955, 25.798327563019303, 0.0, 0.0, 1.0 
24.296344571459084, 38.9500523465212, 0.0, 0.0, 1.0 
13.893546239560083, 49.02499245448033, 0.0, 0.0, 1.0 
53.776579763117724, 3.6071116335530893, 0.0, 0.0, 1.0 
21.73058515293186, 36.51331550289004, 0.0, 0.0, 1.0 
43.99690816561853, 36.22093241450769, 0.0, 0.0, 1.0 
60.01207832573442, 38.097509045285484, 0.0, 1.2258900368969428, 2.7000000000000015 
11.615670666281135, 33.031858171866475, 0.0, 2.4736920847787314, 1.1 
19.157792793953476, 18.52218716913498, 0.0, 0.0, 1.0 
50.76323844259538, 53.770766330734325, 0.0, 0.48612082211746815, 2.7000000000000015 
41.86672298176608, 40.333157082464226, 0.0, 6.131818734822901, 1.9000000000000008 
51.82155954572597, 31.283793069916097, 0.0, 3.6970027026924575, 2.7000000000000015 
24.83761086164414, 40.8061455012873, 0.0, 0.0, 1.0 
2.123631419835195, 24.389928618132206, 0.0, 1.3012733869096293, 1.3000000000000003 
20.84603773283125, 32.57697235460173, 0.0, 0.0, 1.0 
54.83074656033303, 45.02793686923232, 0.0, 3.1955301632334265, 2.7000000000000015 
9.061667234007228, 55.87615092860602, 0.0, 0.0, 1.0 
7.935727826313278, 48.789858054786386, 0.0, 0.0, 1.0 
49.79406451761779, 25.916874123857507, 0.0, 0.0, 1.0 
40.45394400741067, 16.277056615757814, 0.0, 0.0, 1.0 
17.53794068724918, 17.669004173398253, 0.0, 0.0, 1.0 
47.47056363944509, 16.391288422566735, 0.0, 0.0, 1.0 
6.700101846795122, 40.48165373509759, 0.0, 2.003002226021084, 1.8000000000000007 
29.794226998237214, 16.432575105656138, 0.0, 0.0, 1.0 
39.33830754784203, 41.222021215458696, 0.0, 6.16623378229006, 2.300000000000001 
39.475197964392855, 53.30929831486175, 0.0, -0.37831500070943186, 2.7000000000000015 
26.723130035906603, 8.286746629828913, 0.0, 0.0, 1.0 
1.7511598946793192, 13.93504410895606, 0.0, 0.0, 1.0 
12.945893693779293, 29.520651181628907, 0.0, 0.0, 1.0 
60.91415970997685, 1.9354583079088374, 0.0, 0.0, 1.0 
3.0946805294597, 30.963561134184484, 0.0, 2.807959301379487, 2.000000000000001 
10.88963378808995, 10.046422181368674, 0.0, 0.0, 1.0 
34.59247367788843, 28.910925788870433, 0.0, 0.0, 1.0 
18.936893165770368, 6.3501805082182186, 0.0, 0.0, 1.0 
27.540227722806833, 29.85058992533923, 0.0, 0.0, 1.0 
58.9969023628235, 2.027742633190485, 0.0, 0.0, 1.0 
0.970180774432942, 19.71923878723665, 0.0, 0.0, 1.0 
2.5014148001710543, 51.79531872335358, 0.0, 0.0, 1.0 
31.303517978015567, 19.920070666074626, 0.0, 0.0, 1.0 
45.43177920225204, 22.412541796208277, 0.0, 0.0, 1.0 
51.64784135261191, 26.312836176179385, 0.0, 5.527236901531037, 2.7000000000000015 
22.791012003714687, 40.346309284720775, 0.0, 0.0, 1.0 
24.35727757014756, 46.081401594498836, 0.0, 0.0, 1.0 
61.84558525103181, 47.005762717324224, 0.0, 0.22759338090461093, 2.7000000000000015 
24.322666789427668, 51.27749610816115, 0.0, 0.0, 1.0 
42.43154344790954, 29.981541188525718, 0.0, 0.0, 1.0 
46.62269680012913, 27.185094739064294, 0.0, 0.0, 1.0 
17.63892241746588, 11.550845080654074, 0.0, 0.0, 1.0 
46.57452691452796, 3.8170857034745866, 0.0, 7.391407375489152, 2.7000000000000015 
35.3461506581756, 24.11914219619755, 0.0, 0.0, 1.0 
17.55282444660419, 54.637842459254294, 0.0, 0.0, 1.0 
17.518017905624394, 56.60105636734201, 0.0, 0.0, 1.0 
46.930511980442944, 11.374619531144582, 0.0, 0.0, 1.0 
12.452497635554415, 19.12051531126823, 0.0, 0.0, 1.0 
28.003325336574303, 0.22491080793750812, 0.0, 0.0, 1.0 
27.615433388353388, 58.08162318758876, 0.0, 0.0, 1.0 
18.969899166665467, 31.87470836561437, 0.0, 0.0, 1.0 
52.608781238342715, 52.05554904983638, 0.0, 0.42722897554849143, 2.7000000000000015 
49.996845839477515, 41.10043109940638, 0.0, 5.229942183977437, 2.7000000000000015 
59.03152144253306, 4.08391269475733, 0.0, 0.0, 1.0 
2.840505428997649, 40.406773322607364, 0.0, 4.218627505024284, 2.7000000000000015 
4.9271988684775225, 8.860643752513523, 0.0, 0.0, 1.0 
35.687039152415686, 11.036822961945472, 0.0, 0.0, 1.0 
1.9090349227567471, 61.403719306009464, 0.0, 0.0, 1.0 
7.447964193221929, 18.62655116913497, 0.0, 0.0, 1.0 
8.134248264803752, 9.780940650565382, 0.0, 0.0, 1.0 
36.57103386704535, 25.66396779259905, 0.0, 0.0, 1.0 
25.62736734080189, 49.85038768970331, 0.0, 0.0, 1.0 
27.89394455169295, 20.874368925150765, 0.0, 0.0, 1.0 
20.128240572259493, 3.1691963775495586, 0.0, 0.0, 1.0 
23.2044652607625, 35.20894952055978, 0.0, 0.0, 1.0 
34.778645438632324, 0.3084358705939404, 0.0, 0.0, 1.0 
14.1657085480917, 33.31513537988029, 0.0, 0.0, 1.0 
46.59298322141631, 41.69666515115732, 0.0, 0.0, 1.0 
53.004192059737846, 33.63858448991471, 0.0, 4.5364755759037205, 2.7000000000000015 
45.24100078959368, 11.94852154743377, 0.0, 0.0, 1.0 
52.61363570556721, 10.537086907576857, 0.0, 0.0, 1.0 
8.478290301159657, 59.808772505026674, 0.0, 0.0, 1.0 
36.5957402549893, 17.622383730543795, 0.0, 4.1272719461651555, 2.7000000000000015 
7.620788749122161, 26.07910936368159, 0.0, 0.0, 1.0 
4.801658255628931, 23.614508851195346, 0.0, 0.8161246900803172, 1.9000000000000008 
57.35983683042683, 4.012025077308597, 0.0, 5.188864881580305, 2.6000000000000014 
25.732779104667507, 15.706791924121692, 0.0, 0.0, 1.0 
3.040883764887799, 57.16197290267241, 0.0, 0.0, 1.0 
44.23144901018706, 55.10953809001682, 0.0, 5.787552974807961, 2.7000000000000015 
19.266757101300616, 12.37842107722284, 0.0, 0.0, 1.0 
60.53314396510895, 29.044192705658986, 0.0, 1.5393251751411896, 2.7000000000000015 
35.309147909561, 38.62994556838725, 0.0, 5.87381576604689, 2.6000000000000014 
18.809827071341793, 39.25989619659852, 0.0, 0.0, 1.0 
15.917666522788513, 53.23607295964584, 0.0, 4.636507963041607, 1.2000000000000002 
38.75010108643412, 16.90996000826891, 0.0, 3.6587755465921794, 2.6000000000000014 
22.526329104650546, 7.8154249964399165, 0.0, 0.0, 1.0 
14.857507038645057, 50.91448155961611, 0.0, 6.6587943892799455, 2.7000000000000015 
42.547355275765646, 7.288460289774044, 0.0, 4.059373894296693, 1.1 
1.1073282154790227, 57.72032561726574, 0.0, 0.0, 1.0 
9.682855995953444, 61.45438550698037, 0.0, 0.0, 1.0 
21.77340083112102, 27.37996829839877, 0.0, 0.0, 1.0 
2.045697361483161, 16.05078184087787, 0.0, 0.0, 1.0 
48.62525216201839, 23.845506223485202, 0.0, 0.0, 1.0 
12.592155972258121, 55.36061152800909, 0.0, 0.0, 1.0 
42.464679051508746, 42.52298046989399, 0.0, 0.0, 1.0 
25.652966411008535, 18.123239905159483, 0.0, 0.0, 1.0 
19.347194620941135, 48.545101040759846, 0.0, 0.0, 1.0 
36.90671485858774, 58.41333483763988, 0.0, 6.0421458617483434, 2.300000000000001 
34.20455437245805, 2.492109397379311, 0.0, 0.0, 1.0 
59.83446313112224, 24.562510860661828, 0.0, 0.0, 1.0 
40.47063946888502, 46.50162676741363, 0.0, 5.1855102108671955, 2.7000000000000015 
60.34013350637584, 20.890292050429768, 0.0, 0.0, 1.0 
52.1338634548986, 7.16650625147784, 0.0, 4.377735494920665, 2.7000000000000015 
49.54262378900356, 35.53560151522948, 0.0, 0.0, 1.0 
2.2802634348076865, 44.44215646085691, 0.0, 1.920289163814834, 2.7000000000000015 
50.35356162162854, 22.38910094854504, 0.0, 3.771795690879727, 2.7000000000000015 
49.95598286429563, 12.418679754787789, 0.0, 0.7406287243351579, 2.7000000000000015 
12.777457341161623, 61.69580808332158, 0.0, 0.0, 1.0 
19.563694852967007, 24.606701124190362, 0.0, 0.0, 1.0 
58.65880887335536, 56.23918616301775, 0.0, 0.0, 1.0 
34.54537357270392, 26.01258160937983, 0.0, 0.0, 1.0 
54.90288993036044, 5.252937728942582, 0.0, 0.0, 1.0 
3.802853419240155, 10.651218353045644, 0.0, 0.0, 1.0 
47.21400630277571, 22.433028781387225, 0.0, 0.0, 1.0 
39.243556102713654, 36.407033293345386, 0.0, 0.0, 1.0 
4.4512639545251425, 48.293783999479494, 0.0, 5.528821375618625, 2.7000000000000015 
26.996413152264985, 14.353992373071286, 0.0, 0.0, 1.0 
8.022221294077283, 33.236747794529975, 0.0, 0.0, 1.0 
34.86638532943463, 57.298576004312466, 0.0, 0.2115607617960863, 2.200000000000001 
45.79945514364058, 15.161796900645067, 0.0, 0.0, 1.0 
15.628143851127769, 40.34721953576042, 0.0, 0.0, 1.0 
37.38767557868768, 56.007970718827465, 0.0, 5.457920506696838, 2.4000000000000012 
57.96787202877138, 21.42811507371982, 0.0, 0.0, 1.0 
11.272837200848766, 30.550865763611416, 0.0, 4.055199764474748, 1.3000000000000003 
26.30106112825456, 21.946763503194948, 0.0, 0.0, 1.0 
24.051186100901646, 14.922891269594803, 0.0, 0.0, 1.0 
0.18487566218153947, 31.088341099078896, 0.0, 1.5693042480704862, 2.7000000000000015 
30.180490339575126, 21.619298658943404, 0.0, 0.0, 1.0 
16.86755012295047, 46.141846750942925, 0.0, 0.0, 1.0 
12.600988271430218, 17.05395079429444, 0.0, 0.0, 1.0 
5.767169851278841, 31.607893435196278, 0.0, 0.7488903868392068, 1.2000000000000002 
24.35263385336684, 32.10447234075324, 0.0, 0.0, 1.0 
14.075638157888426, 22.176824490729196, 0.0, 0.0, 1.0 
38.606432960229604, 9.013181029002526, 0.0, 0.0, 1.0 
41.67555460853906, 9.092819888786428, 0.0, 0.0, 1.0 
19.410163456244504, 59.468462631054166, 0.0, 0.0, 1.0 
27.41353609547575, 55.84249337228977, 0.0, 5.769924075458251, 1.1 
31.507661429511835, 30.92101977571621, 0.0, 0.0, 1.0 
8.915652281992656, 27.72143923170864, 0.0, 3.836827478741842, 1.1 
52.40795021662067, 35.627805035456774, 0.0, 4.37984628762573, 2.7000000000000015 
12.750419034753495, 12.962939075173118, 0.0, 0.0, 1.0 
21.09673240643664, 60.11714419116683, 0.0, 7.74787321711316, 2.7000000000000015 
53.25531586198448, 45.85734897761555, 0.0, 3.8163214930757325, 1.6000000000000005 
21.488005420832405, 25.394636924285205, 0.0, 0.0, 1.0 
51.12324954328635, 16.628459343751096, 0.0, 0.0, 1.0 
34.64957070187108, 20.752272437531808, 0.0, 0.0, 1.0 
20.51070545414097, 30.604994580654164, 0.0, 0.0, 1.0 
48.42665891370467, 6.607322130640856, 0.0, 0.9587286149421993, 2.7000000000000015 
14.234850947040897, 60.489772642819624, 0.0, 0.0, 1.0 
13.055446134176401, 1.745848953772772, 0.0, 0.0, 1.0 
27.94820548777361, 4.293408096551854, 0.0, 0.0, 1.0 
22.08431366591608, 29.35675353425437, 0.0, 0.0, 1.0 
16.31378095173821, 27.0556645938872, 0.0, 0.0, 1.0 
30.231477415151414, 32.471603555300625, 0.0, 1.1441783043299394, 1.1 
56.85871064052848, 15.639217066597736, 0.0, 0.0, 1.0 
57.970010653899486, 11.600424396153567, 0.0, 0.0, 1.0 
6.950976468241229, 1.5388910998225531, 0.0, 0.0, 1.0 
4.682541432007466, 4.961674948061876, 0.0, 0.0, 1.0 
5.53320183086537, 0.8345260095450523, 0.0, 5.076302505301444, 2.6000000000000014 
55.582511550629796, 53.86722887510623, 0.0, 0.5945657073964238, 2.7000000000000015 
28.080950874917963, 2.2495386777932413, 0.0, 0.0, 1.0 
3.9924112058342036, 46.31842572639279, 0.0, 0.5899760313169474, 2.7000000000000015 
46.51312772547308, 28.663994358810204, 0.0, 6.143259724409814, 2.7000000000000015 
28.22690679540317, 22.634753997219462, 0.0, 0.0, 1.0 
1.8870326651377736, 9.967540138885331, 0.0, 0.0, 1.0 
45.28999434920231, 35.219394389411605, 0.0, 4.190561512701654, 2.7000000000000015 
7.883801707087185, 6.480303729962435, 0.0, 0.0, 1.0 
49.71853621070064, 37.31316935821849, 0.0, 0.0, 1.0 
11.098762946647067, 12.008087807287936, 0.0, 0.0, 1.0 
44.52325549208602, 7.983612367331099, 0.0, 4.289185103575575, 1.2000000000000002 
12.592313267642169, 25.411054840505106, 0.0, 0.0, 1.0 
16.388608127960346, 44.149170371666735, 0.0, 0.0, 1.0 
4.055013459445326, 7.016011822172728, 0.0, 0.0, 1.0 
38.4486406769999, 17.91195504669428, 0.0, 3.7451678560962787, 2.5000000000000013 
37.96270906493294, 20.475873697501843, 0.0, 4.427387351739512, 2.7000000000000015 
32.851486808566456, 7.253104218715807, 0.0, 0.0, 1.0 
34.20655518254546, 53.978740722656504, 0.0, 6.003932712522661, 1.1 
31.5034646777393, 43.516340502955074, 0.0, 5.873404892774982, 2.7000000000000015 
27.545134169248584, 6.256148032041577, 0.0, 0.0, 1.0 
11.681530149819643, 3.086453590207263, 0.0, 0.0, 1.0 
32.29370227295035, 21.415612168235683, 0.0, 0.0, 1.0 
44.93021089821516, 1.242349353221184, 0.0, 0.6002329392424332, 2.000000000000001 
25.854855946728705, 44.608047301890174, 0.0, 0.0, 1.0 
48.615787528835924, 27.337301037257838, 0.0, 0.0, 1.0 
22.50694015788772, 18.167134778121273, 0.0, 0.0, 1.0 
37.263589269227, 23.527886232598163, 0.0, 0.0, 1.0 
37.06915413021505, 10.117578746311025, 0.0, 0.0, 1.0 
18.26728117739845, 27.848116936662528, 0.0, 0.0, 1.0 
22.27862386633929, 57.99696087016536, 0.0, 0.0, 1.0 
11.432134554007668, 46.46028273170233, 0.0, 0.0, 1.0 
13.42505841549764, 47.00573015681228, 0.0, 0.0, 1.0 
5.125057081858573, 42.76995408736834, 0.0, 1.2060035524667971, 2.7000000000000015 
31.7039140982108, 11.781372831125573, 0.0, 4.106011797511468, 2.7000000000000015 
40.905536072588056, 22.05687166951315, 0.0, 4.383831064709606, 2.7000000000000015 
9.960714336015798, 6.503515506895709, 0.0, 0.0, 1.0 
42.53892193302733, 1.229233726999234, 0.0, 3.592434379775563, 1.3000000000000003 
17.874816253629515, 42.72325529426521, 0.0, 0.0, 1.0 
34.85684698627846, 15.180934063544044, 0.0, 4.408199290452971, 2.7000000000000015 
14.123823214665988, 56.432290189995214, 0.0, 0.0, 1.0 
19.843740829115372, 50.534965076248795, 0.0, 0.0, 1.0 
23.96342783223639, 10.68572882987301, 0.0, 0.0, 1.0 
5.05466568831271, 56.70842161525419, 0.0, 0.0, 1.0 
19.85972539123507, 26.64253263352657, 0.0, 0.0, 1.0 
8.760548905791063, 50.60133148042595, 0.0, 0.0, 1.0 
43.10919076608345, 25.310547700961695, 0.0, 4.034821414578457, 2.7000000000000015 
45.834913166733266, 33.06156988044978, 0.0, 4.648858256706473, 2.200000000000001 
53.66638274653795, 41.587805505248895, 0.0, 5.326429816462195, 1.4000000000000004 
48.19978638397671, 38.62752433642236, 0.0, 0.0, 1.0 
31.7738304591879, 25.378154941806716, 0.0, 0.0, 1.0 
51.120027015352825, 20.064907923635253, 0.0, 0.0, 1.0 
20.885683231337996, 11.12626654298882, 0.0, 0.0, 1.0 
1.7200696940991202, 42.22803088463758, 0.0, 1.6428634537365017, 2.7000000000000015 
37.51518306839614, 30.780506969210983, 0.0, 0.0, 1.0 
14.402283468730024, 11.887181510587538, 0.0, 0.0, 1.0 
60.507766922616476, 60.1394756913492, 0.0, 0.0, 1.0 
44.38542516540701, 24.174287778014452, 0.0, 0.0, 1.0 
17.8720258593773, 50.04243259943239, 0.0, 0.0, 1.0 
33.55677494089478, 14.553349543637722, 0.0, 4.295180007554396, 2.7000000000000015 
50.884723301284595, 48.69726723584855, 0.0, 6.763231521812948, 2.7000000000000015 
19.187625308011857, 16.495907600610863, 0.0, 0.0, 1.0 
48.07064819265307, 10.301274330020206, 0.0, 0.4723608662092278, 2.7000000000000015 
22.33336876577388, 55.65016754997703, 0.0, 6.37911715291722, 2.6000000000000014 
33.24537468011663, 12.365769894200529, 0.0, 4.171181844262183, 2.7000000000000015 
50.34487530405746, 28.562270719706756, 0.0, 3.569021512811185, 2.7000000000000015 
0.04439387744478522, 27.12219976888865, 0.0, 1.989196091342955, 2.200000000000001 
15.879549605025897, 49.54448084738173, 0.0, 0.0, 1.0 
58.592838626611055, 19.768182595845122, 0.0, 1.14904078244239, 2.7000000000000015 
29.194885875550074, 40.80186350760998, 0.0, 5.853353202672525, 2.5000000000000013 
1.6129463063164193, 55.74484479734986, 0.0, 0.0, 1.0 
47.176090941490244, 31.598461011879976, 0.0, 0.0, 1.0 
36.220603255398366, 39.80972938318996, 0.0, 6.163389825767974, 2.5000000000000013 
46.69877585031712, 50.56397383402749, 0.0, 5.622172397064642, 2.7000000000000015 
57.19454932498008, 8.183437079230126, 0.0, 0.0, 1.0 
49.447592408798535, 5.197743210503577, 0.0, 0.0, 1.0 
35.081647746560755, 4.335311934365683, 0.0, 0.0, 1.0 
58.558309783111454, 9.62503680165714, 0.0, 0.0, 1.0 
28.25665665915411, 52.27335970696672, 0.0, 0.0, 1.0 
55.07711201074925, 59.97628414302113, 0.0, 0.0, 1.0 
4.2577861487092745, 45.115866523929526, 0.0, 0.9157290308197272, 2.6000000000000014 
26.09083451395156, 31.260134149019187, 0.0, 0.0, 1.0 
10.894255747963147, 17.991735487338925, 0.0, 0.0, 1.0 
21.01623145363548, 21.39818278598368, 0.0, 0.0, 1.0 
22.654842234344326, 20.160900690234126, 0.0, 0.0, 1.0 
15.264437180262956, 4.6510500584672965, 0.0, 0.0, 1.0 
38.4658828110087, 25.14422011428235, 0.0, 0.0, 1.0 
29.365443732456352, 5.3045752260659045, 0.0, 0.0, 1.0 
55.23407638019509, 26.911907267986113, 0.0, 5.245078370004914, 2.4000000000000012 
22.37856875048292, 50.70185163872331, 0.0, 0.0, 1.0 
15.65550229305753, 6.634745112230963, 0.0, 0.0, 1.0 
0.3533869845339946, 42.01942985248519, 0.0, 1.410773214320723, 2.7000000000000015 
10.48942263563785, 39.20744270804966, 0.0, 0.0, 1.0 
35.12723959847924, 60.188473033818994, 0.0, 3.9335925476969504, 1.1 
20.91441521703155, 19.33797440376684, 0.0, 0.0, 1.0 
7.191065167900376, 51.878951670316596, 0.0, 7.897309071759631, 2.5000000000000013 
6.546758931847996, 58.091151088612456, 0.0, 0.0, 1.0 
53.91647389802874, 7.02021572950494, 0.0, 0.0, 1.0 
20.842430316650226, 17.335272996374822, 0.0, 0.0, 1.0 
12.483851539476193, 39.754176802531326, 0.0, 5.79612733340025, 2.7000000000000015 
55.79130111389958, 41.49149326337356, 0.0, 5.642550939771671, 2.7000000000000015 
19.934688104552073, 54.62093478879294, 0.0, 6.745697503395923, 2.7000000000000015 
48.82183480343899, 45.61054468216522, 0.0, 5.6849814575433255, 2.7000000000000015 
61.47489086280895, 38.976070534974646, 0.0, 1.5315494025441356, 2.7000000000000015 
8.84001183100525, 8.131244476092405, 0.0, 0.0, 1.0 
3.837953736951976, 16.848036414366934, 0.0, 0.0, 1.0 
0.9010228720980253, 44.900984122531554, 0.0, 1.5457764625045078, 2.7000000000000015 
21.344630730933936, 49.05670539093087, 0.0, 0.0, 1.0 
36.23939188514025, 32.417032379827184, 0.0, 0.0, 1.0 
37.73709900741777, 27.32016528533429, 0.0, 0.0, 1.0 
52.81312000045571, 53.375300505363455, 0.0, 0.2743973129029651, 2.7000000000000015 
12.476024937147447, 42.99984371604497, 0.0, 0.0, 1.0 
48.17275911359789, 47.281878207731374, 0.0, 5.908197453326509, 2.7000000000000015 
29.292254673885317, 50.39667009853559, 0.0, 0.0, 1.0 
17.637095615871868, 13.576001153620762, 0.0, 0.0, 1.0 
29.196002183467368, 56.80956933065115, 0.0, 0.0, 1.0 
22.46895534831932, 16.111264180158724, 0.0, 0.0, 1.0 
23.716214839616747, 37.061476854366674, 0.0, 0.0, 1.0 
51.64177166779069, 41.837212967370164, 0.0, 0.0, 1.0 
56.146255335346595, 21.683591171593356, 0.0, 0.0, 1.0 
37.289853884074795, 33.92761789004049, 0.0, 0.0, 1.0 
35.49137941513856, 30.71261643112644, 0.0, 0.0, 1.0 
20.27888968311678, 37.83124832528118, 0.0, 0.0, 1.0 
40.27308720561654, 33.21234913919968, 0.0, 0.0, 1.0 
52.243373330311734, 2.6633855780278637, 0.0, 6.125478015538245, 2.7000000000000015 
59.00119342489763, 51.716527143093145, 0.0, 2.770498558408898, 2.7000000000000015 
50.339321638489324, 43.006719982438206, 0.0, 4.802793866698621, 2.7000000000000015 
25.35748115145297, 42.724123069738525, 0.0, 0.0, 1.0 
35.84246593172698, 22.16382514834379, 0.0, 0.0, 1.0 
51.98066549049818, 37.56937133023465, 0.0, 4.4203954594118615, 2.7000000000000015 
39.77695761006843, 37.97263450565264, 0.0, 0.18033244451298663, 2.7000000000000015 
51.396693336928294, 32.50754902221856, 0.0, 4.206355016804619, 2.7000000000000015 
12.351069743761508, 41.08345064278122, 0.0, 5.8195802238213545, 2.7000000000000015 
5.119846373332064, 60.98928345012196, 0.0, 0.0, 1.0 
40.71405703878988, 14.283742575080302, 0.0, 0.0, 1.0 
22.451195628206957, 14.046841519164953, 0.0, 0.0, 1.0 
48.92338610348536, 60.18732816689683, 0.0, 5.2161977200302205, 1.2000000000000002 
44.47336924198376, 42.58422074428133, 0.0, 0.0, 1.0 
2.525477830992425, 29.708078555704102, 0.0, 2.5664329688595333, 2.6000000000000014 
40.82993941593524, 19.593492024629555, 0.0, 4.159993993306616, 2.6000000000000014 
18.53889004877082, 4.3377585557346245, 0.0, 0.0, 1.0 
26.099429111637768, 38.01621140736792, 0.0, 0.0, 1.0 
11.050558148610879, 1.1677588803030194, 0.0, 0.0, 1.0 
21.244949000427198, 23.393066035374183, 0.0, 0.0, 1.0 
59.13785607733365, 7.642868569815385, 0.0, 0.0, 1.0 
42.235243688861964, 15.681045423133765, 0.0, 0.0, 1.0 
21.84297056834187, 43.700570799340234, 0.0, 0.0, 1.0 
4.001105280753292, 50.398970373694674, 0.0, 0.0, 1.0 
41.659016834558656, 39.10985950825307, 0.0, -0.03868619709343229, 2.7000000000000015 
9.00194934432258, 36.13824043887389, 0.0, 2.0413241173589536, 1.1 
49.81294780784369, 54.75839768671936, 0.0, 6.51781897781644, 2.7000000000000015 
58.20346974634488, 25.471521527101952, 0.0, 0.8497372416321509, 1.6000000000000005 
2.6106850201683196, 20.51049652603169, 0.0, 0.0, 1.0 
39.02797100915923, 19.47472403778282, 0.0, 3.7853549085352327, 2.7000000000000015 
16.042947351976192, 12.72625190815724, 0.0, 0.0, 1.0 
51.91083404094102, 40.01147051308849, 0.0, 0.0, 1.0 
32.243459314253315, 32.820082400258755, 0.0, 0.0, 1.0 
39.28662620339425, 58.33680111756334, 0.0, 4.9679710755684425, 1.5000000000000004 
0.1473653965655341, 54.242204653841036, 0.0, 4.905793268032825, 1.1 
40.15027720213683, 44.86401850216979, 0.0, 5.808033673392021, 2.7000000000000015 
13.587876010779151, 3.710336229965383, 0.0, 0.0, 1.0 
42.271117128614115, 22.554340703370404, 0.0, 4.293216662912196, 2.7000000000000015 
36.484080143653976, 41.00825520781398, 0.0, 6.100423850730985, 2.300000000000001 
10.569083535935713, 52.08798488897028, 0.0, 0.0, 1.0 
8.977994385198189, 17.468580642251773, 0.0, 0.0, 1.0 
48.94655722195555, 20.401770523970818, 0.0, 3.6750114519231185, 2.7000000000000015 
0.19892292233367503, 15.306499265625709, 0.0, 0.0, 1.0 
7.843005602628311, 3.1539072630543794, 0.0, 0.0, 1.0 
34.76951070549, 50.053325515999276, 0.0, 5.072507473302843, 2.5000000000000013 
60.3381199199324, 16.42887817171232, 0.0, 0.0, 1.0 
48.157157323343455, 12.706237172779064, 0.0, 0.0, 1.0 
33.37963349334202, 24.647402808221063, 0.0, 0.0, 1.0 
34.985468527631895, 35.01526009626152, 0.0, 1.8355605616412853, 1.3000000000000003 
53.84705399923792, 43.77825154491763, 0.0, 2.567677108481527, 2.7000000000000015 
50.44268706223238, 46.81306316484121, 0.0, -2.238398662764043, 1.6000000000000005 
42.17986988953483, 58.273163903907005, 0.0, 4.972320765983272, 2.7000000000000015 
15.818301333356326, 20.958281942017123, 0.0, 0.0, 1.0 
25.20047172316691, 27.107929954659824, 0.0, 0.0, 1.0 
9.370498782082128, 10.961329118022638, 0.0, 0.0, 1.0 
37.16708070533978, 46.08407900751217, 0.0, 5.787578313972259, 2.7000000000000015 
26.29600433389901, 51.83037346706431, 0.0, 0.0, 1.0 
32.95650728874568, 39.114161591004134, 0.0, 1.571527577533657, 2.300000000000001 
14.371606270983698, 13.92729668254923, 0.0, 0.0, 1.0 
17.36996991164729, 48.07615402502933, 0.0, 0.0, 1.0 
20.209560923188736, 5.121491411141847, 0.0, 0.0, 1.0 
59.98812180089048, 11.139058377407173, 0.0, 0.0, 1.0 
56.76121262651742, 60.63234974225747, 0.0, 0.0, 1.0 
51.94636075917604, 43.70369082720797, 0.0, 0.0, 1.0 
49.39374752568737, 29.486640883584766, 0.0, 3.9168720520654734, 2.6000000000000014 
39.47871314801971, 56.14163722290335, 0.0, 5.597452299827501, 2.7000000000000015 
37.28820321939207, 13.831147566584061, 0.0, 0.0, 1.0 
14.166993426655019, 18.02408962638338, 0.0, 0.0, 1.0 
28.67759170149287, 26.645489811700276, 0.0, 0.0, 1.0 
31.934424442849227, 36.36630146739742, 0.0, 0.28730206602619773, 1.5000000000000004 
40.215049840529296, 10.227247910806929, 0.0, 0.0, 1.0 
19.33698326662007, 33.924031767046614, 0.0, 0.0, 1.0 
55.11217295587606, 8.615688124003208, 0.0, 0.0, 1.0 
35.15578446846668, 9.421325692992188, 0.0, 0.0, 1.0 
14.583137328840825, 35.65514941717943, 0.0, 0.0, 1.0 
52.704274097162376, 1.2443076235116384, 0.0, 0.0, 1.0 
14.371972154932042, 37.57401106038269, 0.0, 0.0, 1.0 
23.0175739999142, 3.7822250519441907, 0.0, 0.0, 1.0 
60.52221617376151, 9.168189439299162, 0.0, 0.0, 1.0 
54.428563488604205, 37.707103266394064, 0.0, 4.078129352456071, 2.7000000000000015 
48.03316150705996, 42.74314330578322, 0.0, 0.0, 1.0 
44.48347896098061, 27.90848718256258, 0.0, 5.435062204068693, 2.7000000000000015 
26.17112168973325, 5.2975808822361365, 0.0, 0.0, 1.0 
29.5436191469826, 58.86511020566695, 0.0, 0.0, 1.0 
49.30353332523538, 17.39628885700041, 0.0, 0.0, 1.0 
12.709781903558994, 36.5034067445423, 0.0, 0.0, 1.0 
12.35289847546223, 59.429065004837895, 0.0, 0.0, 1.0 
51.01602384255386, 35.20313532247359, 0.0, 4.787156984402649, 2.7000000000000015 
35.25750375887788, 44.32293587200169, 0.0, 5.690218330852974, 2.7000000000000015 
17.61698810195786, 9.506338238028537, 0.0, 0.0, 1.0 
23.626144047856624, 54.59200772354254, 0.0, 0.0, 1.0 
23.84633712596744, 56.70343053766702, 0.0, 0.0, 1.0 
59.67963605148572, 32.60141324061369, 0.0, 4.318822470416269, 1.7000000000000006 
44.60845337387947, 32.297429598936695, 0.0, -1.2884986085218637, 2.5000000000000013 
56.50286286444651, 23.60106284979188, 0.0, 0.0, 1.0 
29.438433346525184, 35.684072797742054, 0.0, 0.07848736712299094, 1.1 
30.250148020970023, 52.82973846018899, 0.0, 0.0, 1.0 
28.467767666971323, 39.23315126694547, 0.0, 2.7338742383493564, 1.3000000000000003 
29.999961408149954, 23.53616075416059, 0.0, 0.0, 1.0 
12.822591642582104, 27.503846343659017, 0.0, 0.0, 1.0 
1.7593742879734084, 7.206520912183238, 0.0, 0.0, 1.0 
58.137800386088124, 34.85000679432648, 0.0, 1.169838582608816, 2.7000000000000015 
10.119571346952602, 43.00485581247735, 0.0, 5.794628156150786, 2.7000000000000015 
18.7038097064763, 52.443800164054515, 0.0, 7.292046111146206, 2.6000000000000014 
52.65067070242962, 24.220901234253777, 0.0, -0.7058923668982108, 2.7000000000000015 
29.94527227499096, 1.1821570389025693, 0.0, 0.16175275473295633, 1.2000000000000002 
29.003035420124196, 14.833560100526777, 0.0, 0.0, 1.0 
2.1118542489578385, 53.77104988961055, 0.0, 0.0, 1.0 
25.448058224841425, 13.67371085861214, 0.0, 0.0, 1.0 
15.825369568556917, 57.47521857431792, 0.0, 0.0, 1.0 
53.98093704767328, 61.69249446277831, 0.0, 0.0, 1.0 
44.5694048835845, 39.165936374600484, 0.0, -0.29115632528300767, 2.7000000000000015 
45.21674254770233, 45.37245413920629, 0.0, -0.29419491551662424, 2.7000000000000015 
24.16058852112898, 6.561559543218356, 0.0, 0.0, 1.0 
57.254590361496085, 53.287020089303155, 0.0, 4.615735390305515, 2.7000000000000015 
14.097366909454802, 58.47248803816126, 0.0, 0.0, 1.0 
33.988262141961016, 42.01807985327338, 0.0, 0.024644240668168477, 2.200000000000001 
0.9703121658957321, 33.06624775129193, 0.0, 2.045315029200803, 2.7000000000000015 
15.797794820282114, 8.687132961775283, 0.0, 0.0, 1.0 
22.51518373496514, 9.903236344035722, 0.0, 0.0, 1.0 
52.834680367600676, 5.226988674134519, 0.0, 0.0, 1.0 
0.05483072739696504, 10.621245207717562, 0.0, 0.0, 1.0 
5.647017729551546, 33.82587784404522, 0.0, 2.2441216683157146, 1.8000000000000007 
41.17378682322695, 31.344066089318265, 0.0, 0.23143114250535005, 2.100000000000001 
58.288275201454475, 48.43848060197239, 0.0, 6.361548809412015, 2.7000000000000015 
43.682555247686366, 57.478805778821524, 0.0, 4.69731763642757, 1.6000000000000005 
27.07036285831752, 10.287446371050278, 0.0, 0.0, 1.0 
10.769618729594157, 50.08150172820489, 0.0, 0.0, 1.0 
15.978369512653165, 10.704023865303819, 0.0, 0.0, 1.0 
13.822131701241883, 5.9750697976222575, 0.0, 0.0, 1.0 
23.95970877923209, 12.766219765005008, 0.0, 0.0, 1.0 
23.03667382272208, 52.6134719695726, 0.0, 0.0, 1.0 
10.283478211770657, 20.889337737015865, 0.0, 0.0, 1.0 
56.254560304883874, 35.5087476983524, 0.0, 3.927527806080514, 2.7000000000000015 
57.91697859128724, 6.00777441299331, 0.0, 5.324086387574678, 1.1 
46.378488870796694, 18.988476666800434, 0.0, 3.7899872314562115, 2.6000000000000014 
45.96924332843189, 49.49153417395881, 0.0, 5.682036381652623, 2.7000000000000015 
0.9466248482256148, 3.1581077036484024, 0.0, 0.0, 1.0 
35.73885110730375, 27.411727678229017, 0.0, 0.0, 1.0 
44.10682541532935, 30.28788701494899, 0.0, 5.10121522021275, 2.200000000000001 
15.359602525298293, 47.54374660026654, 0.0, 0.0, 1.0 
5.340393133897466, 36.399399941565434, 0.0, 1.618107695297182, 1.9000000000000008 
36.82481634342663, 0.012263652643125775, 0.0, 0.0, 1.0 
52.89315779025202, 20.96139786802836, 0.0, 0.0, 1.0 
58.725806297168184, 53.536682288128134, 0.0, 0.0, 1.0 
14.218645634712757, 24.174253227114374, 0.0, 0.0, 1.0 
38.51054488616865, 5.01721002046362, 0.0, 0.0, 1.0 
26.742105175739418, 12.328829502955394, 0.0, 0.0, 1.0 
17.769958940472097, 23.82182657153075, 0.0, 0.0, 1.0 
24.988991216421837, 53.25912028178688, 0.0, 0.0, 1.0 
1.7741793025275505, 36.32743812120544, 0.0, 2.0272855895193014, 2.7000000000000015 
58.42500646410234, 23.320249356818618, 0.0, 0.0, 1.0 
49.20271665917088, 1.981424130336439, 0.0, 4.168906813562029, 2.7000000000000015 
28.0647636470609, 31.850332707807087, 0.0, 0.0, 1.0 
56.59516610144566, 10.124832505457379, 0.0, 0.0, 1.0 
58.34634555014141, 17.030710663808087, 0.0, 0.0, 1.0 
5.465441079052607, 11.777547780234283, 0.0, 0.0, 1.0 
55.710232275748346, 37.09734293529142, 0.0, 4.334055632716961, 2.7000000000000015 
27.051184763996748, 48.372589178262196, 0.0, 0.0, 1.0 
42.14306276879319, 45.42522340303082, 0.0, 4.631742993020797, 2.100000000000001 
16.880847204703464, 38.73176460488563, 0.0, 0.0, 1.0 
13.95641481129035, 7.819351421198637, 0.0, 0.0, 1.0 
2.0388414675811655, 33.75851746714522, 0.0, 2.0563295821340155, 2.5000000000000013 
40.666273993081106, 5.802345817984489, 0.0, 3.97447989279033, 1.6000000000000005 
24.670577940927547, 23.051559144180455, 0.0, 0.0, 1.0 
0.5243995869075155, 8.631675413606878, 0.0, 0.0, 1.0 
25.50463748268568, 9.483159523997562, 0.0, 0.0, 1.0 
27.964851706950608, 8.674337790064543, 0.0, 4.420103992951445, 2.7000000000000015 
38.38243801901905, 42.93624656872493, 0.0, 5.755357287381236, 2.6000000000000014 
52.24135593673092, 27.98191635680264, 0.0, 0.0, 1.0 
12.313630092462644, 21.187061551857536, 0.0, 0.0, 1.0 
26.861758914624495, 40.52420828611032, 0.0, 1.2768060702397843, 1.9000000000000008 
49.3872745394423, 15.669063836256186, 0.0, 0.0, 1.0 
31.357141473432023, 40.58188734933712, 0.0, 5.193022737660096, 2.7000000000000015 
29.720659541855724, 3.1791375390702745, 0.0, 0.0, 1.0 
29.96663937048922, 37.57910391310162, 0.0, 0.0, 1.0 
48.766157895874144, 34.197659175341556, 0.0, 1.9092961478028578, 2.7000000000000015 
29.34093490536306, 48.22054952111675, 0.0, 5.437316601507792, 1.3000000000000003 
28.15462364660574, 13.16066121545963, 0.0, 0.0, 1.0 
56.40876005486168, 46.982790411241815, 0.0, -0.14682778015338058, 2.5000000000000013 
58.80158277188889, 15.062225362794283, 0.0, 0.0, 1.0 
29.67402633419792, 60.89559845998314, 0.0, 0.0, 1.0 
54.04780709278253, 25.22398263797312, 0.0, 0.0, 1.0 
40.89853568819834, 42.005238219155856, 0.0, 5.743656124023926, 2.000000000000001 
4.034517274466523, 53.128380479611046, 0.0, 0.0, 1.0 
7.484257179605106, 13.859077594112403, 0.0, 0.0, 1.0 
8.62508588795237, 52.61337580989428, 0.0, 0.0, 1.0 
5.971609143208279, 59.58090106401963, 0.0, 0.0, 1.0 
14.70895426583987, 28.317969537321364, 0.0, 0.0, 1.0 
5.094494057426159, 29.440372502933265, 0.0, 2.192354264539393, 1.1 
14.2436269110483, 9.85554604486075, 0.0, 0.0, 1.0 
14.110480421018565, 20.059162003151606, 0.0, 0.0, 1.0 
53.01138151103718, 19.13192818986037, 0.0, 0.0, 1.0 
29.19548268214381, 42.64278097985137, 0.0, 5.837498968304463, 2.000000000000001 
0.5212037112055761, 52.108954587922405, 0.0, 0.0, 1.0 
7.495995343298215, 11.799399762365784, 0.0, 0.0, 1.0 
53.10910778415724, 17.325761789180483, 0.0, 0.0, 1.0 
48.32341877886106, 44.40076995097226, 0.0, 5.789121748144719, 2.7000000000000015 
45.29834878858254, 25.787917063268456, 0.0, 0.0, 1.0 
3.9165055962236797, 2.8029734378144693, 0.0, 0.0, 1.0 
44.26043361582579, 13.750966454497513, 0.0, 0.0, 1.0 
9.058015393287777, 1.4774250391901944, 0.0, 0.0, 1.0 
59.64775604322827, 18.342604137868417, 0.0, 0.0, 1.0 
10.403854100089411, 22.916902911426526, 0.0, 0.0, 1.0 
17.438439037555188, 7.492341986813515, 0.0, 0.0, 1.0 
4.0539529181345975, 19.077250025232065, 0.0, 0.0, 1.0 
17.10025791842727, 5.517153598609719, 0.0, 0.0, 1.0 
9.150848096934752, 29.759921344636677, 0.0, 3.8472055588040273, 1.2000000000000002 
52.0821601404058, 30.24367742752164, 0.0, 3.488490651733888, 2.7000000000000015 
34.12436773829835, 37.145568368082984, 0.0, 1.2255292715017885, 1.3000000000000003 
49.8439066212585, 58.168667501515934, 0.0, 0.0, 1.0 
43.46829726462674, 9.738146492844782, 0.0, 0.0, 1.0 
27.379664551563696, 35.32478659228922, 0.0, 0.0, 1.0 
53.04455350721627, 55.61073534136013, 0.0, 6.401927843557637, 2.7000000000000015 
14.121579878392279, 54.37063349981307, 0.0, 0.0, 1.0 
33.029445237925934, 55.709694911919875, 0.0, 5.7748827767335245, 1.1 
40.73375265073341, 35.018876508604095, 0.0, 0.0, 1.0 
21.26227264927919, 34.564244003845545, 0.0, 0.0, 1.0 
56.46918634265037, 51.43697623426471, 0.0, 5.031780905483549, 2.7000000000000015 
30.875688358852543, 29.002123565883167, 0.0, 0.0, 1.0 
19.411889145357303, 57.69382362861177, 0.0, 0.0, 1.0 
50.692086895646156, 1.3108932071394939, 0.0, 4.079631042096224, 1.1 
59.85031234710337, 0.16552231502243286, 0.0, 0.0, 1.0 
23.128730097707983, 24.19888842515853, 0.0, 0.0, 1.0 
51.28805841249952, 8.974886527985753, 0.0, 0.0, 1.0 
34.90224240026863, 7.402069886429739, 0.0, 0.0, 1.0 
38.96291418311709, 13.20663023289228, 0.0, 0.0, 1.0 
47.7363734341703, 51.37477877327324, 0.0, 5.6346959486303465, 2.7000000000000015 
32.89337431121624, 50.33580214671303, 0.0, 2.206733566236145, 2.7000000000000015 
51.25496825632026, 11.76056590117802, 0.0, 1.3626440952729384, 2.7000000000000015 
7.158914761952649, 16.58650198807501, 0.0, 0.0, 1.0 
20.926203727886815, 9.08111203663376, 0.0, 0.0, 1.0 
49.9691255537693, 61.5032935920719, 0.0, 5.706941009244334, 2.4000000000000012 
6.1799898838313565, 48.043726358716754, 0.0, -0.6621029626862718, 2.300000000000001 
29.559077722201227, 11.152847715757504, 0.0, 4.151520770819054, 2.4000000000000012 
48.24612957806558, 21.50497939204148, 0.0, 4.055848183563306, 2.7000000000000015 
9.413684146143664, 14.599282772032426, 0.0, 0.0, 1.0 
41.551537354305104, 17.886894391536348, 0.0, 0.0, 1.0 
10.301435083710661, 59.34554489898228, 0.0, 0.0, 1.0 
36.089641452582086, 1.9530285204523854, 0.0, 0.0, 1.0 
54.97455688684651, 24.16968069184618, 0.0, 3.944127212433194, 2.7000000000000015 
3.6726057441128965, 12.733490088312056, 0.0, 0.0, 1.0 
17.561913851299156, 15.661458138917304, 0.0, 0.0, 1.0 
23.993780965185756, 30.150106234359548, 0.0, 0.0, 1.0 
23.633287170815073, 49.352032373587605, 0.0, 0.0, 1.0 
26.302077939473772, 1.3642003972649897, 0.0, 0.0, 1.0 
29.148749585933086, 7.153513902597885, 0.0, 0.0, 1.0 
26.173820557382378, 61.31041067078745, 0.0, 0.0, 1.0 
39.486512101836134, 21.71400332071864, 0.0, 4.279418836053532, 2.7000000000000015 
23.33904414621562, 42.27266077822715, 0.0, 0.0, 1.0 
26.524738853705692, 46.46097143650971, 0.0, 0.0, 1.0 
59.95870680254741, 5.71864967370883, 0.0, 0.0, 1.0 
28.327335570601356, 11.454617509325672, 0.0, 0.0, 1.0 
45.194028487246975, 56.53658509049824, 0.0, 4.918981326483225, 1.6000000000000005 
2.527733772088667, 27.33041742016357, 0.0, 1.156769568806631, 1.8000000000000007 
31.072324971690545, 34.49076127447778, 0.0, 0.9348697367948848, 1.1 
26.704944103278525, 33.373834586485984, 0.0, 0.0, 1.0 
0.6256594804216336, 59.74945098987634, 0.0, 0.0, 1.0 
14.608859637831204, 0.6149520080354973, 0.0, 0.0, 1.0 
9.756965581188505, 34.08982261663034, 0.0, 0.0, 1.0 
47.79058783175618, 14.585353517764004, 0.0, 0.0, 1.0 
41.0484987515245, 28.409769143313756, 0.0, 0.15972584978962068, 1.6000000000000005 
19.294652569133056, 10.33842014898495, 0.0, 0.0, 1.0 
29.287622624516224, 46.36804204499056, 0.0, 5.9990412072895225, 1.6000000000000005 
28.71384289620621, 17.801682456205604, 0.0, 0.0, 1.0 
3.6438882942454924, 25.529100642532956, 0.0, 1.7491752306718138, 1.3000000000000003 
35.91783104587627, 53.213871517160825, 0.0, 1.2744526775480207, 2.100000000000001 
8.640349116397868, 38.283694674974015, 0.0, 2.3503822327957113, 1.1 
15.894699336190216, 16.818555124169045, 0.0, 0.0, 1.0 
9.874141329563075, 3.09696698935237, 0.0, 0.0, 1.0 
56.21559065218627, 33.76145081033076, 0.0, 4.053490030500223, 2.7000000000000015 
20.363466094912862, 45.13510812080031, 0.0, 0.0, 1.0 
42.65566019710318, 32.79000421665643, 0.0, 0.11300991889788461, 1.2000000000000002 
7.848197544404748, 31.28168330891632, 0.0, 0.0, 1.0 
50.03828455054222, 39.15670625968112, 0.0, 0.0, 1.0 
40.525159384224416, 12.256898843745905, 0.0, 0.0, 1.0 
7.085954672039746, 36.98842660594877, 0.0, 1.8966408559183316, 1.1 
32.71035618801695, 29.198203797546466, 0.0, 0.0, 1.0 
22.404345686552332, 31.341056137539525, 0.0, 0.0, 1.0 
52.42055398794606, 50.324014582124605, 0.0, 6.206413182745929, 2.7000000000000015 
44.05180852367915, 15.762620503418608, 0.0, 0.0, 1.0 
11.002534842673043, 13.921482296532767, 0.0, 0.0, 1.0 
45.53529940387189, 17.15111426968755, 0.0, 0.0, 1.0 
12.649437739162506, 14.98962013716253, 0.0, 0.0, 1.0 
10.97179398501082, 28.534201981940534, 0.0, 3.409396902036449, 1.2000000000000002 
18.85263313534898, 46.6107890195983, 0.0, 0.0, 1.0 
26.835013204703955, 17.206314174354983, 0.0, 0.0, 1.0 
3.6142955976682005, 55.15556504530249, 0.0, 0.0, 1.0 
46.79388718130106, 39.50994471710349, 0.0, 1.3375994039584014, 2.100000000000001 
31.933196359702695, 53.97659958165241, 0.0, 0.0, 1.0 
6.358183535915241, 22.036734118518417, 0.0, 0.0, 1.0 
17.59039146044054, 21.7530992706436, 0.0, 0.0, 1.0 
18.292702642221872, 37.28566943336049, 0.0, 0.0, 1.0 
3.6257479726643296, 14.772060544509898, 0.0, 0.0, 1.0 
57.97513802533769, 0.24644318672958979, 0.0, 0.0, 1.0 
24.606822785744413, 4.579494370869716, 0.0, 0.0, 1.0 
42.112755856923705, 54.7751616044998, 0.0, 5.556068165729008, 2.5000000000000013 
12.710421148198732, 10.919340768515221, 0.0, 0.0, 1.0 
14.328110716671736, 15.919628615070007, 0.0, 0.0, 1.0 
49.115853656521246, 31.42492486788822, 0.0, 0.0, 1.0 
2.473636641484166, 22.40306815653143, 0.0, 0.2277052889922399, 1.4000000000000004 
38.823568522244834, 0.5873800259897365, 0.0, 4.127967544860956, 2.7000000000000015 
45.51644337212788, 9.911882748640501, 0.0, 0.0, 1.0 
36.735685211937806, 8.128011448015666, 0.0, 0.0, 1.0 
58.02486103030111, 31.17705609350533, 0.0, -0.0666408387304045, 2.7000000000000015 
57.53845553745472, 45.71166328291562, 0.0, 3.0421451500898407, 2.7000000000000015 
60.13902623522958, 54.89402997548362, 0.0, 0.0, 1.0 
48.31511076513674, 3.528604959592001, 0.0, 0.0, 1.0 
10.771704795677183, 4.918346721305698, 0.0, 0.0, 1.0 
8.847580260736732, 24.41542272071696, 0.0, 0.0, 1.0 
53.54642009865582, 29.134318718518795, 0.0, 2.98079318653039, 2.7000000000000015 
50.19797291781048, 32.91153593794096, 0.0, 4.749661539418945, 2.6000000000000014 
1.166640376794759, 28.58565701798986, 0.0, 0.0, 1.0 
8.024040609450703, 61.83597897520088, 0.0, 0.0, 1.0 
59.95080895418176, 42.75856489410784, 0.0, 1.423835302808941, 2.7000000000000015 
36.38133279361148, 6.041180613918571, 0.0, 3.663701405968646, 1.1 
46.27816127513573, 13.371196498816907, 0.0, 0.0, 1.0 
8.777914774627389, 40.30508995562141, 0.0, 0.0, 1.0 
12.33627725140474, 57.40658326723257, 0.0, 0.0, 1.0 
42.68536766389528, 19.529290366338916, 0.0, 0.0, 1.0 
10.924107226160185, 15.894904349488645, 0.0, 0.0, 1.0 
32.32575226819459, 18.184592734144765, 0.0, 0.0, 1.0 
34.25653293340346, 33.05304468142574, 0.0, 0.0, 1.0 
8.353695367037878, 22.430931054444933, 0.0, 0.0, 1.0 
10.757222975904634, 24.923792536223132, 0.0, 0.0, 1.0 
36.98687979687532, 3.7463311877737313, 0.0, 0.0, 1.0 
19.212994454626788, 55.84618029810476, 0.0, 0.0, 1.0 
1.4905269728068482, 50.349706366109295, 0.0, 6.061596362718614, 2.7000000000000015 
36.86200684016928, 14.987505487484679, 0.0, 3.776076612938403, 2.7000000000000015 
31.42754262304363, 61.68340968224171, 0.0, 0.0, 1.0 
9.388794293290907, 19.266752074283467, 0.0, 0.0, 1.0 
51.39677453353616, 14.967068471232794, 0.0, 0.0, 1.0 
23.681963286891328, 28.20168200855109, 0.0, 0.0, 1.0 
41.983314547240305, 11.101651178785728, 0.0, 0.0, 1.0 
47.47174673206374, 61.67887354720853, 0.0, 0.44425542886585373, 1.3000000000000003 
54.25590158560346, 35.070599341579396, 0.0, 4.525068325970813, 2.7000000000000015 
7.053546016039416, 56.347769976755494, 0.0, 0.0, 1.0 
15.838644215878352, 18.931591090379136, 0.0, 0.0, 1.0 
54.27524943676172, 58.28355192824481, 0.0, 0.0, 1.0 
52.24473506389337, 58.17245861101613, 0.0, 0.0, 1.0 
26.035925014407532, 20.04861161427697, 0.0, 0.0, 1.0 
37.21847703559142, 35.491612841667845, 0.0, 2.9649340133619617, 2.5000000000000013 
20.863408299569677, 7.0261242508741955, 0.0, 0.0, 1.0 
35.59253141616574, 55.521340702270294, 0.0, 6.055339987637879, 1.4000000000000004 
61.03360662258103, 4.001307087264936, 0.0, 0.0, 1.0 
51.18647282721136, 18.24499872623528, 0.0, 0.0, 1.0 
44.95697437218558, 37.764690576769446, 0.0, 0.19515864052025472, 2.7000000000000015 
50.939217066907226, 59.73920277566579, 0.0, 0.0, 1.0 
54.57556112336892, 10.556032908161601, 0.0, 0.0, 1.0 
7.670231570865337, 54.41599100936069, 0.0, 0.0, 1.0 
33.04067118925054, 4.012462698565861, 0.0, 0.0, 1.0 
19.77063758236305, 35.90487833608739, 0.0, 0.0, 1.0 
21.17722094674625, 51.89254531782367, 0.0, 0.0, 1.0 
43.49640427604246, 17.643152578908143, 0.0, 0.0, 1.0 
26.806175634574316, 25.85312444543363, 0.0, 0.0, 1.0 
61.16226747897035, 45.53054475751475, 0.0, 0.5883757122279522, 2.6000000000000014 
17.04218048001826, 31.093237731344836, 0.0, 0.0, 1.0 
25.075400149790166, 47.88672915462833, 0.0, 0.0, 1.0 
0.3978483701024821, 17.32750484076793, 0.0, 0.0, 1.0 
43.213564136206514, 5.332582447140623, 0.0, 4.415893141048884, 1.2000000000000002 
30.71974086797681, 27.172256782996225, 0.0, 0.0, 1.0 
25.456249688295763, 55.23741388426682, 0.0, 0.0, 1.0 
61.08695635334765, 35.970570171506374, 0.0, 1.7908516945644553, 2.7000000000000015 
4.465686314335926, 27.514188211123148, 0.0, 0.0, 1.0 
56.92500360825779, 1.9630713693699904, 0.0, 0.0, 1.0 
31.05096526814302, 12.522367844707292, 0.0, -1.9484056857784104, 2.7000000000000015 
10.43799478963134, 57.40458549999241, 0.0, 0.0, 1.0 
17.468636705219982, 19.76685048188957, 0.0, 0.0, 1.0 
3.112544068317547, 8.68244713679524, 0.0, 0.0, 1.0 
33.523962576700185, 31.12379784429121, 0.0, 0.0, 1.0 
38.008892559492715, 2.0369898590481057, 0.0, 4.2675658031301555, 1.6000000000000005 
14.053412611487284, 41.61841043583984, 0.0, 0.0, 1.0 
32.387298087316246, 14.57113542942929, 0.0, 4.5512547572476985, 2.4000000000000012 
61.5160526309641, 56.30147044805735, 0.0, 0.0, 1.0 
17.908457834712237, 0.3756554100615851, 0.0, 0.0, 1.0 
10.50913038445165, 26.63614007104891, 0.0, 0.2923964584541912, 2.300000000000001 
24.226241050559388, 58.553236813401945, 0.0, 0.0, 1.0 
0.22577183783099428, 24.55429420658823, 0.0, 0.0, 1.0 
61.23286183636395, 19.05492752944522, 0.0, 0.0, 1.0 
54.827572742485216, 30.960515761615056, 0.0, 4.166923576706601, 2.7000000000000015 
18.34790140053394, 44.639291246090195, 0.0, 0.0, 1.0 
59.29766247756635, 13.06011324114051, 0.0, 0.0, 1.0 
41.9725303861645, 36.35265824717542, 0.0, 0.0, 1.0 
39.13253015449171, 40.021843084358004, 0.0, -0.07288074208560076, 2.300000000000001 
40.07758271978774, 3.1368945611282966, 0.0, 4.955076160996985, 2.5000000000000013 
19.339636975711418, 41.25493586170505, 0.0, 0.0, 1.0 
35.5720212146923, 18.547236135048927, 0.0, 4.627327346965445, 2.7000000000000015 
47.65523187610722, 33.18922194395294, 0.0, 0.0, 1.0 
43.609930179418164, 22.315127575665404, 0.0, 0.0, 1.0 
40.54898753948735, 0.3255093596181197, 0.0, 4.385753940961868, 1.5000000000000004 
27.53803917211154, 50.3442428682877, 0.0, 0.0, 1.0 
12.917905385327286, 34.55490729244787, 0.0, 0.0, 1.0 
17.402114346448467, 52.53990558550261, 0.0, 1.010769774248182, 2.7000000000000015 
12.418321326539006, 51.22079581944548, 0.0, 4.741502152155186, 1.1 
6.739905608178204, 4.8726727451473035, 0.0, 0.0, 1.0 
50.56532244682192, 24.218922526346383, 0.0, 0.0, 1.0 
17.415759511520786, 40.73751930403899, 0.0, 0.0, 1.0 
60.5744910675233, 52.86084196642713, 0.0, 0.0, 1.0 
31.006067788297596, 50.92490796998461, 0.0, 0.0, 1.0 
58.27825740098276, 50.31636988310689, 0.0, 5.325769731491085, 2.7000000000000015 
59.029995320946966, 58.22306975581663, 0.0, 0.0, 1.0 
56.72290827495591, 19.76665911268579, 0.0, 0.0, 1.0 
57.37019276633348, 13.66079193365227, 0.0, 0.0, 1.0 
56.09359881065152, 12.082833742125212, 0.0, 0.0, 1.0 
20.169582927567564, 28.612160609094474, 0.0, 0.0, 1.0 
30.635460060608544, 55.55319050912854, 0.0, 0.0, 1.0 
45.50542413339093, 61.660498632681126, 0.0, 0.9784066159169291, 2.6000000000000014 
27.470805389357732, 19.03629589097581, 0.0, 0.0, 1.0 
54.855889220025226, 16.236972909882233, 0.0, 0.0, 1.0 
22.271839793381627, 38.437453572292014, 0.0, 0.0, 1.0 
7.835694339436816, 20.58303671145803, 0.0, 0.0, 1.0 
53.00691255533491, 59.90676562047375, 0.0, 0.0, 1.0 
46.133255716205134, 46.35859784027512, 0.0, 5.812416793177752, 2.7000000000000015 
43.860391614166545, 3.5762332721669905, 0.0, 0.352254723048361, 1.7000000000000006 
38.90375268276255, 15.09667116388056, 0.0, 0.0, 1.0 
59.27275305402169, 28.889905670218102, 0.0, -1.5792255220687201, 2.7000000000000015 
4.456278659003033, 58.65333514448699, 0.0, 0.0, 1.0 
6.667345776954193, 43.037400624304304, 0.0, 1.4982914622722334, 1.6000000000000005 
51.0262903604735, 4.647652695995637, 0.0, 4.637998651136124, 2.6000000000000014 
11.052751431160209, 44.40059771829165, 0.0, 0.0, 1.0 
5.9478955601525545, 53.277025477238254, 0.0, 0.0, 1.0 
8.786082134810117, 4.811632900450841, 0.0, 0.0, 1.0 
40.15012160229899, 54.34717933545468, 0.0, 5.8463995435785865, 2.7000000000000015 
61.86304354537099, 12.635379032013867, 0.0, 0.0, 1.0 
20.24027554107243, 53.02864283633653, 0.0, 0.0, 1.0 
12.493085661577304, 8.88792603854472, 0.0, 0.0, 1.0 
32.93443132124588, 0.9517335720966728, 0.0, 0.0, 1.0 
31.456214870363397, 59.577859677143614, 0.0, 0.0, 1.0 
27.10021885306616, 27.88355953136057, 0.0, 0.0, 1.0 
12.939347451025196, 44.98630161323939, 0.0, 0.0, 1.0 
49.73059957050448, 13.976696786646627, 0.0, 0.0, 1.0 
39.080472846468105, 23.41847584574755, 0.0, 4.0699694907101005, 2.6000000000000014 
61.346525905050484, 43.514869330100524, 0.0, 1.239116877453049, 2.7000000000000015 
8.345944292503363, 42.205678320909, 0.0, 0.0, 1.0 
60.29848440993867, 26.270277609444875, 0.0, 5.654311562994576, 2.7000000000000015 
22.61854350675519, 59.80299174378151, 0.0, 0.0, 1.0 
11.280735993808712, 61.02322982691275, 0.0, 0.0, 1.0 
42.86917451659716, 60.14442554660288, 0.0, 5.173663615639758, 2.300000000000001 
5.759454564041475, 45.00926929214741, 0.0, 0.0, 1.0 
6.17066165965531, 49.81620579038345, 0.0, 0.0, 1.0 
40.60949254158062, 43.55673066826143, 0.0, 6.224669346621162, 2.7000000000000015 
56.35625295233732, 55.560534009760715, 0.0, -0.023569425415301274, 2.7000000000000015 
22.40498796081171, 11.947944479650703, 0.0, 0.0, 1.0 
52.87495964062386, 47.86617324503833, 0.0, 4.331148550316803, 2.7000000000000015 
0.785787847233287, 1.2473918892987954, 0.0, 0.0, 1.0 
44.72456715640789, 19.157620172730507, 0.0, 0.0, 1.0 
8.510750329268191, 57.84288754300351, 0.0, 0.0, 1.0 
16.332910219752204, 36.733799219438275, 0.0, 0.0, 1.0 
14.856875257041313, 45.59746888669561, 0.0, 0.0, 1.0 
8.890983862637675, 15.921952796376209, 0.0, 0.5484176206038693, 2.7000000000000015 
31.906713659321035, 23.306519147372452, 0.0, 0.0, 1.0 
19.249749047676577, 8.28161355063347, 0.0, 0.0, 1.0 
11.99738333808811, 6.903533630208225, 0.0, 0.0, 1.0 
46.54776261249531, 59.85512975568395, 0.0, 2.8637660219962457, 2.000000000000001 
47.830481119965356, 29.877586217399163, 0.0, 0.0, 1.0 
58.67193065835043, 60.239684180129046, 0.0, 0.0, 1.0 
2.3454964161277165, 47.850795512677955, 0.0, 6.268907092838536, 2.6000000000000014 
29.808377667031653, 8.546959927897431, 0.0, 3.715096681399873, 2.7000000000000015 
54.371917685626634, 22.197036986727504, 0.0, 0.0, 1.0 
28.884830848795968, 54.404145791209174, 0.0, 0.0, 1.0 
26.586586189868573, 23.832859727429998, 0.0, 0.0, 1.0 
46.54366650031604, 56.802115213563255, 0.0, 4.95111936875369, 2.5000000000000013 
12.207950874622282, 53.37237464843865, 0.0, 6.1665896601592065, 1.1 
51.925847312475184, 61.56017964006111, 0.0, 0.0, 1.0 
61.10394715551007, 49.61719299459073, 0.0, 6.2810437974408035, 2.7000000000000015 
40.48249579141303, 59.60634377767869, 0.0, 5.22240444294271, 2.7000000000000015 
47.070249155617134, 53.510605681338404, 0.0, 5.391491496285234, 2.7000000000000015 
6.962192936872362, 60.67276324325828, 0.0, 4.972119278726824, 2.6000000000000014 
41.38290738294726, 56.88182403013058, 0.0, 5.429178769897899, 2.7000000000000015 
22.64343349572091, 5.812054792260124, 0.0, 0.0, 1.0 
2.5943853389630154, 4.170111990842497, 0.0, 6.1032340658227175, 2.6000000000000014 
61.76015716258746, 61.63615519388355, 0.0, 0.0, 1.0 
54.41934714928784, 12.394901162457948, 0.0, 0.0, 1.0 
14.929063439269587, 39.011071376064955, 0.0, 5.46790669032756, 2.7000000000000015 
23.82203992288768, 44.19958883194124, 0.0, 0.0, 1.0 
15.93919191635392, 34.349888756312254, 0.0, 0.0, 1.0 
38.824807905423214, 47.28900156753714, 0.0, 5.199920945762902, 2.7000000000000015 
29.721898251841463, 13.1975281410975, 0.0, 0.0, 1.0 
15.856220031792278, 55.410887863972526, 0.0, 0.0, 1.0 
33.641537677554, 58.758348855606904, 0.0, 6.094568678600316, 1.6000000000000005 
24.951047583502806, 25.08107949447561, 0.0, 0.0, 1.0 
32.951889052234044, 9.886218768092167, 0.0, 3.537390660947291, 2.4000000000000012 
53.96878805185027, 54.64289496223472, 0.0, 0.11819637145285007, 2.7000000000000015 
37.11448123431243, 12.187839247669363, 0.0, 0.0, 1.0 
56.43769807240991, 43.943332643069915, 0.0, 3.098884792172595, 2.7000000000000015 
0.5307524063191276, 5.5540959696468715, 0.0, 6.264859054357208, 1.1 
61.14488041375724, 7.17566587517913, 0.0, 0.0, 1.0 
5.607195729343366, 17.829544093915622, 0.0, 0.0, 1.0 
33.08513150412092, 34.70722894559161, 0.0, 4.340699534748357, 1.1 
12.325381558274735, 23.323909699244684, 0.0, 5.142124830036454, 1.1 
53.44932513073497, 26.771775946408145, 0.0, 0.0, 1.0 
25.967498613004075, 59.27060531211373, 0.0, 0.0, 1.0 
49.333547094183125, 19.090692643848264, 0.0, 0.0, 1.0 
14.904126919163275, 2.6165107817014404, 0.0, 0.0, 1.0 
45.46154026374675, 6.5441118112396435, 0.0, 0.9718941814787948, 2.7000000000000015 
16.441497275601737, 1.5057812532424808, 0.0, 0.0, 1.0 
34.123222065427875, 5.7759469822305025, 0.0, 0.0, 1.0 
23.36817567455528, 26.199146901676897, 0.0, 0.0, 1.0 
54.69889490013018, 1.7534784538672397, 0.0, 0.0, 1.0 
31.347956101432825, 38.58412188500989, 0.0, 5.4283223001110175, 2.5000000000000013 
48.392163389103295, 40.687127035644025, 0.0, 0.0, 1.0 
48.01557541371332, 57.569478570146224, 0.0, 0.0, 1.0 
19.230936708139403, 20.559713460480797, 0.0, 0.0, 1.0 
38.76707698830602, 11.215170120564366, 0.0, 0.0, 1.0 
6.316225324268546, 10.15735981209649, 0.0, 0.0, 1.0 
29.044553536871714, 28.51348013506339, 0.0, 0.0, 1.0 
29.518956559806014, 9.613202052303606, 0.0, 4.0127418085563304, 2.7000000000000015 
15.618118260258143, 32.26597994717963, 0.0, 0.0, 1.0 
9.226944781616197, 12.841217282463786, 0.0, 0.0, 1.0 
17.62011575036429, 58.48419278461608, 0.0, 0.0, 1.0 
32.207873386699816, 5.7102771874283755, 0.0, 0.0, 1.0 
2.7557714278863576, 46.84562866795357, 0.0, 6.601830892458039, 2.7000000000000015 
15.914532299733512, 59.42069802034714, 0.0, 0.0, 1.0 
36.07397959283035, 36.922200048528865, 0.0, 0.0, 1.0 
46.507523510963956, 24.193670758005492, 0.0, 0.0, 1.0 
60.68827649527067, 22.868255776646834, 0.0, 0.5279222917774309, 1.4000000000000004 
22.830927209470875, 33.274451721495154, 0.0, 0.0, 1.0 
47.53748996250857, 18.148570849998013, 0.0, 0.0, 1.0 
14.396212783117896, 43.630750848625595, 0.0, 0.0, 1.0 
11.910448534785125, 48.40020571333307, 0.0, 0.0, 1.0 
17.790433960755177, 35.27693489177693, 0.0, 0.0, 1.0 
38.33178826621427, 38.80052456675917, 0.0, 6.4265713811868945, 2.7000000000000015 
4.110221099715033, 39.7495336981459, 0.0, 1.4589456025278926, 2.300000000000001 
21.269563332178194, 1.533310062714816, 0.0, 1.4639065680900685, 2.7000000000000015 
54.219926547527415, 32.51565045749545, 0.0, 4.220765194330071, 2.7000000000000015 
40.21019374575492, 7.746644187650699, 0.0, 0.0, 1.0 
33.860907262574635, 22.657454873054846, 0.0, 0.0, 1.0 
45.32439207054258, 40.5655565751277, 0.0, 0.0, 1.0 
45.86963322929616, 30.350178881844798, 0.0, 0.0, 1.0 
9.379816544832954, 45.0726153394826, 0.0, 0.0, 1.0 
54.776514487187924, 56.688330553384354, 0.0, -0.17149189386388908, 2.7000000000000015 
49.90563339996852, 10.04691312975457, 0.0, 1.3406299026682515, 2.7000000000000015 
14.06534772208489, 52.392660619489845, 0.0, 0.0, 1.0 
19.707159367830098, 1.2587868531248199, 0.0, 0.0, 1.0 
26.323957611278857, 3.336542783533315, 0.0, 0.0, 1.0 
33.969182904662794, 46.782052246516464, 0.0, 5.372456083013419, 2.7000000000000015 
19.385262559255725, 22.575265732068136, 0.0, 0.0, 1.0 
41.04373179523778, 26.169536365843065, 0.0, 4.040843895111991, 2.7000000000000015 
19.23614840334556, 14.432749421579345, 0.0, 0.0, 1.0 
47.86075773122189, 7.750193605484656, 0.0, 0.6027719265356591, 2.7000000000000015 
5.607182922193837, 39.085560702797345, 0.0, 1.7996212932000824, 2.100000000000001 
50.38445919477121, 7.140317454262336, 0.0, 0.0, 1.0 
33.41323470008478, 16.808574676854143, 0.0, 4.5549510956858485, 2.7000000000000015 
15.975316369257506, 14.818153101290847, 0.0, 0.0, 1.0 
24.11357523575222, 8.603455322655174, 0.0, 0.0, 1.0 
38.34756415088376, 6.951430141268575, 0.0, 0.0, 1.0 
3.5512646187527435, 34.836340935302, 0.0, 4.428317369496893, 2.200000000000001 
20.799276269521805, 39.85613096049654, 0.0, 0.0, 1.0 
36.17259685264793, 15.589126774086655, 0.0, 4.049965641914514, 2.7000000000000015 
14.469867919063606, 26.22942551622835, 0.0, 0.0, 1.0 
53.60800079077671, 38.873395899571555, 0.0, 4.296803878813099, 2.7000000000000015 
5.886622345623063, 19.98629802705242, 0.0, 0.0, 1.0 
25.47218251425907, 36.01262951391051, 0.0, 0.0, 1.0 
55.913150842685425, 0.30801277370955327, 0.0, 0.0, 1.0 
24.45862898019587, 21.06208404542812, 0.0, 0.0, 1.0 
10.601389788792805, 8.350327257274108, 0.0, 0.0, 1.0 
15.902734159520145, 22.954941050457734, 0.0, 0.0, 1.0 
51.211182256528964, 45.50425674428561, 0.0, 4.0142360741870835, 1.3000000000000003 
17.41436695486403, 33.13698569833447, 0.0, 0.0, 1.0 
5.459280898459447, 51.58219369634035, 0.0, 0.0, 1.0 
51.83341792941403, 22.06029348579413, 0.0, 3.718217087756346, 2.7000000000000015 
22.321970042378865, 45.670492199540874, 0.0, 0.0, 1.0 
31.48921806257879, 8.31366007196327, 0.0, 0.0, 1.0 
36.689555693436965, 29.0428585063231, 0.0, 0.0, 1.0 
47.42808097404088, 36.91931039273179, 0.0, 0.0, 1.0 
2.3205513177723858, 38.08868421164588, 0.0, 1.9059967254821173, 2.6000000000000014 
59.56319980169778, 34.97870868604558, 0.0, 1.164377494998191, 2.4000000000000012 
22.537611099293596, 61.75540255426164, 0.0, 0.0, 1.0 
39.589740680890785, 26.87343752712283, 0.0, 0.0, 1.0 
59.322082807243284, 47.34076048874885, 0.0, 6.311652886396611, 2.7000000000000015 
7.002976739450717, 29.60121805262248, 0.0, 2.2889076527094083, 1.8000000000000007 
29.98522277197866, 25.362890938814516, 0.0, 0.0, 1.0 
17.705859381785196, 60.39974582207603, 0.0, 0.0, 1.0 
17.973820779821672, 25.81414780202559, 0.0, 0.0, 1.0 
21.571241383685685, 4.558557093805815, 0.0, 7.95643400627677, 2.7000000000000015 
29.394000174701624, 19.762103951602857, 0.0, 0.0, 1.0 
42.31475576844257, 13.26050746734899, 0.0, 0.0, 1.0 
43.80777584511841, 52.57330284541098, 0.0, -0.36569050089435895, 2.7000000000000015 
1.862726407104896, 11.860502116834336, 0.0, 0.0, 1.0 
25.842763055778544, 57.244855526834236, 0.0, 0.0, 1.0 
24.190537692352546, 16.961867958259013, 0.0, 0.0, 1.0 
24.46050738619859, 0.5622315184093756, 0.0, 0.0, 1.0 
11.126157268814264, 35.25033347658231, 0.0, 0.0, 1.0 
38.02468532151968, 60.19223127694887, 0.0, 0.0, 1.0 
5.851819465119258, 6.65587948342312, 0.0, 0.0, 1.0 
3.558446282328001, 60.50781065489279, 0.0, 0.0, 1.0 
51.61256466576745, 56.77493852927372, 0.0, 6.169962592154341, 2.5000000000000013 
22.805602723860886, 1.8226270562109046, 0.0, 0.0, 1.0 
39.2495656125817, 29.575389185596922, 0.0, 0.7093507622263093, 1.9000000000000008 
4.098444037662432, 32.60372553183327, 0.0, 4.706644560725206, 1.2000000000000002 
31.036627986730096, 4.452159669476349, 0.0, 0.0, 1.0 
53.16828326302166, 12.866372943298387, 0.0, 0.8335065611725253, 2.7000000000000015 
15.921818516095552, 42.21611356951942, 0.0, 0.0, 1.0 
30.542910945178996, 18.168586933621725, 0.0, 0.0, 1.0 
47.750670071859524, 25.67561512236624, 0.0, 0.0, 1.0 
5.667442402889455, 54.9438878241798, 0.0, 0.0, 1.0 
54.880546940851325, 18.264225889495368, 0.0, 0.0, 1.0 
4.435779027008506, 21.407056558475592, 0.0, 0.0, 1.0 
52.719464834646075, 13.981602515120548, 0.0, 0.36396387249151047, 2.4000000000000012 
40.427726766061106, 51.68726522874355, 0.0, -0.3155581257213363, 2.7000000000000015 
55.97261034643017, 6.774761419965918, 0.0, 0.0, 1.0 
9.887460032926723, 54.00042254625222, 0.0, 0.0, 1.0 
44.18944092776961, 20.815866354340027, 0.0, 0.0, 1.0 
36.78100638247803, 20.26278091065039, 0.0, 4.493346626128041, 2.7000000000000015 
20.843341326351474, 15.232381513163581, 0.0, 0.0, 1.0 
5.479581054478459, 13.717501770530623, 0.0, 0.0, 1.0 
2.280219418124723, 18.104490184878017, 0.0, 0.0, 1.0 
31.662925793154738, 45.20325775666963, 0.0, 5.3614630853632095, 2.100000000000001 
20.84835781285891, 47.09126515134654, 0.0, 0.0, 1.0 
37.87397424452826, 44.50289032791274, 0.0, -0.18186324791509148, 2.7000000000000015 
41.576161588725306, 3.0229837242664326, 0.0, 4.534087790066279, 2.7000000000000015 
61.04699854141736, 58.29055976537502, 0.0, 0.0, 1.0 
45.01470940444966, 53.425616438751, 0.0, -0.4132461076280956, 2.7000000000000015 
13.17682983161314, 31.548749448550183, 0.0, 2.503059886927838, 1.1 
56.77193895416579, 57.20554913593121, 0.0, 5.571939230438626, 1.1 
25.404158038645143, 11.535212711899351, 0.0, 0.0, 1.0 
14.921769585671912, 30.316804811818326, 0.0, 0.0, 1.0 
5.812229472422265, 3.2046856869703175, 0.0, 0.0, 1.0 
34.383638171802865, 11.600111742680381, 0.0, 3.7209671375223805, 2.7000000000000015 
27.80108121882829, 16.01554902894938, 0.0, 0.0, 1.0 
5.480529595427823, 15.662789906538988, 0.0, 0.0, 1.0 
10.683653343342902, 37.18668425456473, 0.0, 0.0, 1.0 
28.00349317207233, 37.29236799950699, 0.0, 1.926221399002817, 1.1 
12.448873060436503, 4.983719147727845, 0.0, 0.0, 1.0 
16.110232025110307, 25.037126325689563, 0.0, 0.0, 1.0 
33.453807060318766, 8.713694885769685, 0.0, 0.0, 1.0 
32.8596943888829, 27.17465646020563, 0.0, 0.22286151915855149, 1.1 
41.238233148135286, 24.553708997817218, 0.0, 4.055932139767451, 2.7000000000000015 
33.09559164591986, 52.317437490678735, 0.0, 0.0, 1.0 
2.421583493975562, 1.7867286144433776, 0.0, 0.0, 1.0 
0.8703085709079778, 39.42466573023843, 0.0, 1.4925394337883156, 2.7000000000000015 
31.661157173834592, 2.50703084411805, 0.0, 0.0, 1.0 
46.254112959549865, 5.458710252938741, 0.0, 0.7643283261970447, 2.7000000000000015 
30.81797889108766, 6.695053864191508, 0.0, 0.0, 1.0 
34.484189433199674, 17.730983025197315, 0.0, 4.6606152212101986, 2.7000000000000015 
61.53549455402713, 48.33880893760642, 0.0, 6.347200666496042, 2.7000000000000015 
34.88624301252768, 13.040260612792094, 0.0, 3.8580915354559897, 2.7000000000000015 
25.625617492354863, 29.147819504534162, 0.0, 0.0, 1.0 
60.694250542199235, 14.264710439104668, 0.0, 0.0, 1.0 
18.5769740564418, 29.853371226481062, 0.0, 0.0, 1.0 
24.341401937622237, 60.55788694247058, 0.0, 0.0, 1.0 
54.63461108991568, 51.9516453111386, 0.0, 0.6276479170822671, 2.7000000000000015 
47.27677706529736, 1.7574785996973976, 0.0, 0.0, 1.0 
53.08871893687172, 15.652868684121698, 0.0, 2.417338386735603, 2.5000000000000013 
42.91349547390411, 34.58877544584185, 0.0, 0.0, 1.0 
24.234330552016303, 19.026994444296772, 0.0, 0.0, 1.0 
0.3398871949530563, 21.777109676249243, 0.0, 1.2620021628216402, 1.3000000000000003 
16.067040545355457, 61.37803461091935, 0.0, 0.0, 1.0 
57.10743195141718, 58.88733936910006, 0.0, 0.0, 1.0 
49.50585469148258, 56.02318612223006, 0.0, 6.17736473914968, 2.7000000000000015 
56.6935787440387, 17.72409078079361, 0.0, 0.9421307414423765, 1.5000000000000004 
6.478464655418331, 27.72389409320086, 0.0, 0.0, 1.0 
9.86236665643915, 31.88524994392516, 0.0, 3.957181745224414, 1.2000000000000002 
9.888965078740354, 48.260396808657, 0.0, 0.0, 1.0 
2.045309125088125, 49.037964829264375, 0.0, 6.026178021249359, 2.7000000000000015 
21.748120930960958, 53.94028199420766, 0.0, 0.0, 1.0 
27.8062147344329, 60.086966821131846, 0.0, 0.0, 1.0 
8.999022369951737, 46.82057766182703, 0.0, -0.42249645781513556, 2.7000000000000015 
16.58014795379686, 29.096751020033498, 0.0, 0.0, 1.0 
7.0319991311414585, 46.394055983289654, 0.0, 6.0578888613912225, 2.7000000000000015 
0.4990817117866369, 36.19928817831973, 0.0, 1.7498800338458997, 2.7000000000000015 
33.19831584395117, 60.74337940624198, 0.0, 4.1817021563704575, 1.2000000000000002 
38.55770764452036, 32.32410731382585, 0.0, 0.0, 1.0 
43.588567177645935, 40.97383986412368, 0.0, 0.0, 1.0 
20.83819850652346, 13.18376475720831, 0.0, 0.0, 1.0 
19.7101331830805, 61.32191207364807, 0.0, 0.0, 1.0 
7.075902110752769, 34.98730494165904, 0.0, 3.005864896639715, 1.4000000000000004 
28.73712489664451, 33.79597169507713, 0.0, 0.0, 1.0 
47.05695929853617, 35.069250429389314, 0.0, 0.0, 1.0 
25.675941608571293, 7.193260788485394, 0.0, 0.0, 1.0 
30.842259014803865, 14.807701344091093, 0.0, 0.0, 1.0 
56.153012234001956, 49.704835964208385, 0.0, 5.957940709215189, 2.7000000000000015 
26.917157699638995, 53.82444703390489, 0.0, 0.0, 1.0 
2.464064881053057, 59.10705555158819, 0.0, 0.0, 1.0 
