position_x,position_y,position_z,orientation,aspect_ratio
33.31068196619338, 11.939917712630338, 0.0, -3.1373366399473253, 2.7000000000000015 
10.95737034200299, 41.47310517254272, 0.0, 0.06786118134236044, 2.7000000000000015 
23.7034997429472, 23.919803596911418, 0.0, 0.0, 1.0 
56.166070249283734, 25.070804417716232, 0.0, 0.0, 1.0 
46.86529537823122, 14.823440668677764, 0.0, 0.0, 1.0 
17.168689216168644, 26.669963995097465, 0.0, 3.6441485291090236, 2.7000000000000015 
17.906425529817273, 53.128273321399185, 0.0, 0.0, 1.0 
36.65203911041512, 42.18348172853095, 0.0, 0.0, 1.0 
30.83148917697419, 17.444046021904576, 0.0, 4.409760427190949, 2.7000000000000015 
39.70544972809445, 26.280357036567437, 0.0, 0.0, 1.0 
43.59958013349152, 40.3262982700156, 0.0, 0.0, 1.0 
26.81744289723927, 13.367338929163534, 0.0, 1.6613406315044514, 1.4000000000000004 
35.134854772172424, 56.21390231537259, 0.0, 0.0, 1.0 
29.854259810120073, 14.37836570133761, 0.0, 1.4922146885617045, 2.7000000000000015 
36.141493904209085, 25.17380327778351, 0.0, 1.7697539416990349, 2.5000000000000013 
3.9747807633692678, 53.565109228650606, 0.0, 0.0, 1.0 
59.669624511973566, 10.275756202952971, 0.0, 0.0, 1.0 
6.25081002673346, 28.683349836572024, 0.0, 0.0, 1.0 
21.95805642099748, 8.572417723781873, 0.0, 0.0, 1.0 
54.006183116544356, 37.94605591193764, 0.0, 0.0, 1.0 
57.73847784537458, 50.15514126238123, 0.0, 0.0, 1.0 
45.61752616517538, 6.829947282905094, 0.0, 0.0, 1.0 
51.46511965510199, 38.576513001544356, 0.0, 0.0, 1.0 
42.05872284067262, 7.941315138494122, 0.0, 0.0, 1.0 
39.0912034661688, 44.61810749260662, 0.0, 0.0, 1.0 
3.6640182333690072, 57.5393987402479, 0.0, 5.901854838920818, 1.1 
28.228630538977622, 45.34202491488771, 0.0, 0.0, 1.0 
6.064992940184429, 16.849530909673163, 0.0, 1.7449858309561452, 2.7000000000000015 
12.764364058653106, 7.724273637833807, 0.0, 4.295096578657292, 2.300000000000001 
51.15329046133312, 50.03926143342172, 0.0, 0.0, 1.0 
20.249089724766613, 48.82473973963566, 0.0, 3.534764447665867, 2.7000000000000015 
10.044432663459316, 4.187979399699715, 0.0, 5.097593258942024, 2.7000000000000015 
4.550781664031786, 21.472960287710034, 0.0, 0.0, 1.0 
41.9046956715533, 18.57048002660762, 0.0, 0.0, 1.0 
45.61588878938886, 52.74273548982595, 0.0, 0.0, 1.0 
43.6702013432812, 28.49862110995868, 0.0, 0.0, 1.0 
39.31317576148909, 11.168883032146827, 0.0, 0.0, 1.0 
6.513763851440867, 45.6531371590285, 0.0, 5.361026168108366, 2.7000000000000015 
37.7290982641954, 53.33550974422052, 0.0, 0.0, 1.0 
27.497004045661143, 50.652625952492016, 0.0, 3.194320565624646, 2.200000000000001 
37.51809744725083, 18.567706674509164, 0.0, 3.2274597263187736, 2.5000000000000013 
21.376683024600826, 1.2958207692638997, 0.0, 0.0, 1.0 
17.56987772201055, 23.7331741878003, 0.0, 0.0, 1.0 
45.682454855934296, 42.484329119650425, 0.0, 0.0, 1.0 
2.516632982732918, 16.040723820009532, 0.0, 1.2207548997018516, 2.7000000000000015 
23.32708876929674, 16.52731802571596, 0.0, 3.352837663931339, 2.7000000000000015 
44.47638521851166, 44.14341672746284, 0.0, 0.0, 1.0 
20.885450948812924, 59.5663708050902, 0.0, 3.438982808680542, 1.2000000000000002 
44.279801608881414, 59.53342572960777, 0.0, 0.0, 1.0 
49.662374554769364, 58.908016242858295, 0.0, 0.0, 1.0 
60.65896258826003, 49.301436372208556, 0.0, 3.088912626893327, 2.7000000000000015 
44.89265574029264, 61.43347218053625, 0.0, 0.0, 1.0 
44.83829625967968, 32.07089749452802, 0.0, 0.0, 1.0 
38.56687873265088, 14.837276647727828, 0.0, 2.5838172477240873, 1.9000000000000008 
19.312585752938627, 42.44735063322825, 0.0, -0.15720386377871598, 2.7000000000000015 
38.25164793168994, 58.325218510069526, 0.0, 0.0, 1.0 
44.15625037467506, 8.300175912660173, 0.0, 0.0, 1.0 
27.175425924206284, 59.91524909261534, 0.0, 3.950970970641246, 1.1 
29.540255084936422, 31.194824744590516, 0.0, 0.0, 1.0 
19.354841764041577, 43.86041352564326, 0.0, 5.793550591172502, 2.7000000000000015 
54.033915505830834, 57.00892677886979, 0.0, 3.5880161757666813, 2.7000000000000015 
34.36222081216568, 54.32728565374339, 0.0, 0.0, 1.0 
16.766773347464603, 49.568771499829715, 0.0, 3.561063980400116, 2.6000000000000014 
23.560938226276058, 52.39451025690314, 0.0, 5.372360498524916, 2.5000000000000013 
33.79868108158156, 37.71081333312197, 0.0, 0.0, 1.0 
60.90006673873368, 47.69407483306869, 0.0, 0.0, 1.0 
50.57047379126819, 40.38328855758926, 0.0, 0.0, 1.0 
56.55254330588755, 38.850749337760135, 0.0, 4.256920036561891, 2.100000000000001 
47.30947563054099, 18.55495516387133, 0.0, 0.0, 1.0 
29.41999526319625, 41.99835230501761, 0.0, 0.0, 1.0 
5.7054083375542115, 53.203891319136524, 0.0, 4.686368890896819, 2.7000000000000015 
50.23188043836947, 33.51964106743482, 0.0, 0.0, 1.0 
12.119066571789075, 1.742077448155753, 0.0, 5.731039495488275, 2.6000000000000014 
5.378058390484922, 5.492402610244851, 0.0, 4.799681434463262, 2.7000000000000015 
3.05663283019612, 20.155573581360642, 0.0, 0.0, 1.0 
10.732250170043908, 49.04935898671185, 0.0, 3.747027299482607, 2.7000000000000015 
33.74428872145069, 15.64359767246077, 0.0, 0.34124491736120277, 1.8000000000000007 
13.78521660902449, 53.81964316546546, 0.0, 5.4686404799250035, 2.7000000000000015 
24.20611516857165, 30.959614395579003, 0.0, 0.0, 1.0 
59.633739017722576, 50.712983094861734, 0.0, 0.0, 1.0 
59.51891483854519, 31.47648685813589, 0.0, 0.0, 1.0 
11.5520850515089, 21.485875045460705, 0.0, 0.0, 1.0 
52.41199404920789, 26.663003753519288, 0.0, 0.0, 1.0 
39.969165993237354, 28.308433214255004, 0.0, 0.0, 1.0 
52.11941366156642, 33.835099331235114, 0.0, 4.435500133086781, 2.6000000000000014 
40.49510686549403, 50.483472652958085, 0.0, 0.0, 1.0 
44.283792562818356, 54.216120149714094, 0.0, 0.0, 1.0 
42.52296276714385, 43.701074486739124, 0.0, 0.0, 1.0 
59.64853368670036, 23.102372297925285, 0.0, 0.0, 1.0 
47.130569061876265, 23.709682354110246, 0.0, 0.0, 1.0 
45.03737356168138, 12.176213966139615, 0.0, 0.0, 1.0 
53.34692213895894, 33.984277447291305, 0.0, 4.547000998984981, 2.7000000000000015 
39.51013536578659, 5.658801917797757, 0.0, 0.0, 1.0 
14.295803500869178, 57.0454241372274, 0.0, 5.358319622507036, 2.7000000000000015 
29.997363141064902, 57.170148733567686, 0.0, 0.0, 1.0 
14.579342825716154, 54.81427061401406, 0.0, -1.0378522474988747, 2.7000000000000015 
50.441372755702, 10.800953812743817, 0.0, 0.0, 1.0 
18.767193141346326, 18.595456835667374, 0.0, 3.1953766975198654, 2.6000000000000014 
26.145516626612427, 30.573882256878385, 0.0, 0.0, 1.0 
61.305149356598506, 19.868828364044163, 0.0, 0.0, 1.0 
40.55571000244854, 43.20234243954436, 0.0, 0.0, 1.0 
54.31183915750598, 16.084220616297873, 0.0, 0.0, 1.0 
35.04923012471025, 3.0570775883242858, 0.0, 0.0, 1.0 
24.332266972534857, 42.63254460674733, 0.0, -1.0739566502568225, 2.7000000000000015 
49.19041046771942, 43.683356467155036, 0.0, 0.0, 1.0 
5.346495825979538, 30.527305916590173, 0.0, 0.0, 1.0 
6.188567709891283, 58.271396872490655, 0.0, 3.983449573481654, 2.000000000000001 
35.41068971654085, 18.686947806309984, 0.0, 0.0, 1.0 
33.43406953182054, 61.23164162558139, 0.0, 0.0, 1.0 
16.47850442863533, 45.03167354821924, 0.0, 0.0514438559897418, 2.7000000000000015 
55.39096629494869, 43.08784763042852, 0.0, 0.0, 1.0 
18.66954827729756, 25.606567304651787, 0.0, 0.0, 1.0 
37.59661417033493, 46.06073661653122, 0.0, 0.0, 1.0 
15.094142946803105, 37.442806025319065, 0.0, 0.0, 1.0 
15.914133556043726, 54.73702685915881, 0.0, 4.790309869639534, 2.7000000000000015 
27.86708180125524, 43.34505970005984, 0.0, 0.0, 1.0 
46.175232791607534, 3.363802643839139, 0.0, 0.0, 1.0 
32.27798327492152, 1.0286918171191617, 0.0, 0.0, 1.0 
43.54648459803834, 17.415288277512804, 0.0, 0.0, 1.0 
46.11594686590683, 24.817973583631577, 0.0, 3.5239867500484086, 2.7000000000000015 
36.14902887380399, 40.20723773251218, 0.0, 0.0, 1.0 
9.63465027462112, 45.13415271694889, 0.0, 5.769619213506973, 1.8000000000000007 
4.172050296193336, 28.806084640081984, 0.0, 0.0, 1.0 
43.71357815725083, 19.42752762917578, 0.0, 0.0, 1.0 
34.300286740816176, 1.202170722707184, 0.0, 0.0, 1.0 
41.46246056810825, 6.051190685019345, 0.0, 0.0, 1.0 
5.99231495846968, 2.7737241059504076, 0.0, 5.74421783871803, 2.5000000000000013 
36.37511273781025, 54.75838027666184, 0.0, 0.0, 1.0 
56.47281170233032, 52.31785415097091, 0.0, 0.0, 1.0 
13.445786597568192, 59.878516307738956, 0.0, 4.900730530849686, 2.100000000000001 
37.9652336418269, 7.264351064776163, 0.0, 0.0, 1.0 
50.53822701881246, 48.44475406472297, 0.0, 0.0, 1.0 
37.11464150659298, 44.15101921589735, 0.0, 0.0, 1.0 
54.5270082352352, 54.94070618442948, 0.0, 3.5651114740449565, 2.7000000000000015 
19.92986153027839, 1.8623714837609, 0.0, 4.417702660327467, 2.7000000000000015 
25.482134741925687, 32.502608604556215, 0.0, 0.0, 1.0 
4.346617836232221, 55.72414238836249, 0.0, 3.9601629757274193, 2.7000000000000015 
43.36843010469508, 47.680743719938256, 0.0, 0.0, 1.0 
38.5918931306274, 49.91957103320601, 0.0, 0.0, 1.0 
7.467434432310053, 9.061765933862098, 0.0, 0.0, 1.0 
26.1493752633867, 53.73472710083453, 0.0, 5.403044289770976, 2.100000000000001 
33.13748690136335, 55.89833705520177, 0.0, 0.0, 1.0 
49.258057125906554, 26.981378774977028, 0.0, 4.524034183602829, 2.7000000000000015 
40.851953000970475, 32.36060665123495, 0.0, 0.0, 1.0 
55.2087953559163, 6.897546131893072, 0.0, 0.0, 1.0 
13.55875536534594, 26.882020569252546, 0.0, 0.0, 1.0 
55.60370238330183, 46.65004956218502, 0.0, 0.0, 1.0 
22.068818228865982, 39.45642409699732, 0.0, 4.765410299127276, 2.7000000000000015 
39.57364668888194, 46.54829873192782, 0.0, 0.0, 1.0 
52.62167378649134, 23.030325906732408, 0.0, 0.0, 1.0 
45.40102882094463, 25.646525613188498, 0.0, 3.6354241811744004, 2.7000000000000015 
56.01769770983503, 14.878067118800265, 0.0, 0.0, 1.0 
43.50358390357489, 30.522624303784056, 0.0, 0.0, 1.0 
8.2959142050185, 36.75538769924106, 0.0, 0.0, 1.0 
48.48185848606366, 52.42770940086151, 0.0, 4.358616890716419, 1.7000000000000006 
15.711155880999563, 33.574915315852664, 0.0, 0.0, 1.0 
60.121785289080904, 52.686493306922976, 0.0, 0.0, 1.0 
16.949309677017915, 29.674359568871484, 0.0, 4.498854051519343, 2.7000000000000015 
11.382295727737457, 38.3102377211038, 0.0, 0.0, 1.0 
12.817084250808454, 18.666760890495787, 0.0, 0.0, 1.0 
10.25598472838505, 13.439395888253124, 0.0, 4.251378900088453, 2.000000000000001 
2.433661189415675, 9.11250466005215, 0.0, 5.418256606365605, 2.7000000000000015 
29.103006876060277, 39.98442656151972, 0.0, 0.0, 1.0 
26.231570789555942, 45.92480902145769, 0.0, 2.0610765092460133, 1.4000000000000004 
41.84499251695837, 28.9872119810086, 0.0, 0.0, 1.0 
41.41123164711668, 14.688196662293015, 0.0, 0.0, 1.0 
57.625419195545575, 46.57428439138371, 0.0, 0.0, 1.0 
54.48594382151863, 44.928615302477525, 0.0, 0.0, 1.0 
20.799579920775, 14.879757006019107, 0.0, 3.705346198891843, 2.7000000000000015 
9.65035481758358, 19.797205493524544, 0.0, 0.0, 1.0 
40.64735270563739, 9.460473089025182, 0.0, 0.0, 1.0 
58.222687046683824, 52.19866851428768, 0.0, 0.0, 1.0 
3.8754549295114553, 38.01522068969796, 0.0, 1.3812315525209553, 1.9000000000000008 
42.227377744314005, 51.119588717335525, 0.0, 0.0, 1.0 
7.020334355804869, 18.69917640572358, 0.0, 0.0, 1.0 
53.58303740460539, 46.78315481627796, 0.0, 0.0, 1.0 
55.69784710186123, 8.889660257156144, 0.0, 0.0, 1.0 
31.117484944855907, 6.432103400195753, 0.0, 0.0, 1.0 
47.76055749070932, 6.618684239378448, 0.0, 0.0, 1.0 
43.37058183907932, 35.35433400744732, 0.0, 0.0, 1.0 
24.488539660766666, 40.39535792891596, 0.0, 5.255950400311144, 2.7000000000000015 
61.43618203087343, 31.24184109072374, 0.0, 0.0, 1.0 
61.389833657912924, 37.4910745059456, 0.0, 1.167900184463269, 2.6000000000000014 
29.64350258356386, 54.73549948470184, 0.0, 0.0, 1.0 
28.388603536713827, 58.37097016617637, 0.0, 3.863032692866243, 1.3000000000000003 
9.142746832472497, 16.76982707166957, 0.0, 0.12159954241271945, 1.8000000000000007 
12.511765624062553, 11.395068197045548, 0.0, 0.0, 1.0 
43.30946126717844, 15.42224505945191, 0.0, 0.0, 1.0 
44.77811265907084, 48.936319303223705, 0.0, 0.0, 1.0 
52.57479852194853, 17.20861063897118, 0.0, 0.0, 1.0 
41.53568066374962, 39.88168416962694, 0.0, 0.0, 1.0 
35.07548701149613, 36.27774483177591, 0.0, 0.0, 1.0 
8.725476843965426, 7.433735579322617, 0.0, 0.0, 1.0 
30.970510071941153, 30.2754824079937, 0.0, 0.7666780930115111, 2.300000000000001 
6.723846423464288, 5.17297173749089, 0.0, 0.0, 1.0 
12.306756303678087, 14.843691123681708, 0.0, 3.0070384774502856, 2.100000000000001 
47.126364346782054, 16.74471838699995, 0.0, 0.0, 1.0 
29.28608578652772, 49.46161958632672, 0.0, 0.0, 1.0 
10.281708091380677, 36.4759139432814, 0.0, 1.7385173661761792, 1.4000000000000004 
36.858484228626814, 59.882798945329505, 0.0, 0.0, 1.0 
8.333884742438562, 5.616317110530818, 0.0, 2.0165509821942518, 2.7000000000000015 
0.6678932993599419, 32.98848442683142, 0.0, 0.0, 1.0 
60.11154537667895, 12.187022584045858, 0.0, 6.075745621144259, 1.1 
37.304106872088724, 10.978267075332674, 0.0, 1.6221697432697537, 1.1 
23.653202174257117, 47.12941188561508, 0.0, 3.067158150496358, 2.7000000000000015 
52.66531559616017, 55.19841581756064, 0.0, 3.699516563078238, 2.6000000000000014 
50.836595180253774, 18.34492434012133, 0.0, 0.0, 1.0 
20.935917458631124, 53.63062192645425, 0.0, 4.871361089660858, 2.7000000000000015 
8.579927174498025, 40.06307141683868, 0.0, 0.3778767639569702, 2.7000000000000015 
59.65775498485253, 46.2633038294632, 0.0, 0.0, 1.0 
42.29139161660318, 36.62256051203983, 0.0, 0.0, 1.0 
60.214242090544126, 14.17107796619503, 0.0, 0.0, 1.0 
23.00744735232018, 5.0972889082824695, 0.0, 0.0, 1.0 
58.32539806220164, 41.019177065349176, 0.0, 4.284931738810501, 2.7000000000000015 
58.00978666132676, 11.515619421235211, 0.0, 0.0, 1.0 
19.01318950106778, 36.656419863815806, 0.0, 0.0, 1.0 
56.175212281778144, 21.048602168669774, 0.0, 0.0, 1.0 
20.06466561508583, 7.782208546498049, 0.0, 0.0, 1.0 
59.88504889179985, 41.14468134883469, 0.0, 4.021706792486567, 2.7000000000000015 
39.57646262815668, 0.24147900503606545, 0.0, 0.0, 1.0 
34.38043794161678, 17.354675533223404, 0.0, 0.0, 1.0 
53.28417362896826, 52.718647914420046, 0.0, 0.0, 1.0 
21.479221415870946, 42.6555683942831, 0.0, 5.124856132759975, 2.7000000000000015 
51.79379397838895, 51.596293570803006, 0.0, 0.0, 1.0 
38.64785532612148, 9.255805412297072, 0.0, 0.0, 1.0 
59.557112375932945, 2.6113854182595695, 0.0, 0.0, 1.0 
21.656411081299293, 24.004888309703794, 0.0, 0.0, 1.0 
47.31501389587062, 53.28875986121412, 0.0, 0.0, 1.0 
42.68627333266369, 9.734773606018434, 0.0, 0.0, 1.0 
19.248787161849158, 20.250807300709006, 0.0, 0.0, 1.0 
30.14683416898198, 52.73629545067465, 0.0, 0.0, 1.0 
22.38385729664407, 30.488322970995565, 0.0, 0.0, 1.0 
59.7134465898476, 39.02738979857992, 0.0, 4.096583951969585, 2.7000000000000015 
0.9588427496867831, 27.34705189713869, 0.0, 0.0, 1.0 
14.495624015893933, 11.110504772672316, 0.0, 0.0, 1.0 
23.41277942856157, 1.5198615640731123, 0.0, 0.0, 1.0 
25.771703523451173, 7.318994415029531, 0.0, 0.0, 1.0 
12.588399594643109, 13.271130795285384, 0.0, 2.5490748493489708, 2.7000000000000015 
14.666405187650938, 9.11745723083865, 0.0, 3.5136537478756944, 1.1 
46.26853868009584, 59.92593456512374, 0.0, 0.0, 1.0 
24.40889521105479, 27.262231060030395, 0.0, 0.0, 1.0 
38.03817463221776, 33.500797856824576, 0.0, 0.0, 1.0 
3.9641257079119847, 10.745518803021865, 0.0, 5.293486230837193, 2.7000000000000015 
57.46017079528012, 42.85480274772555, 0.0, 0.0, 1.0 
22.165496297238562, 10.573918377148427, 0.0, 0.0, 1.0 
57.854205209964825, 26.190373778602144, 0.0, 0.0, 1.0 
25.776507989453652, 23.63035487787357, 0.0, 0.0, 1.0 
31.583815648160662, 9.240089032587617, 0.0, 0.0, 1.0 
53.046733043516255, 58.30002620816886, 0.0, 0.0, 1.0 
52.2128084779587, 31.310561451633884, 0.0, 4.372277854481013, 2.7000000000000015 
10.435535848653137, 33.452927541635155, 0.0, 0.0, 1.0 
61.54353080974112, 5.529792272867807, 0.0, 0.0, 1.0 
46.89963780003069, 61.84812669857992, 0.0, 0.0, 1.0 
32.33552748577969, 4.778963247996184, 0.0, 0.0, 1.0 
6.604021301018754, 7.185464914624178, 0.0, 0.0, 1.0 
48.3484797892737, 31.367512396671323, 0.0, 0.0, 1.0 
20.43084805122375, 21.907966023536435, 0.0, 0.0, 1.0 
55.197360843942604, 61.34921370343895, 0.0, 0.0, 1.0 
42.83240733593015, 4.520825281238751, 0.0, 0.0, 1.0 
0.2726385263770953, 29.28948552953138, 0.0, 0.0, 1.0 
8.201882754655308, 28.49529004405683, 0.0, 0.0, 1.0 
26.225483597240057, 58.036869505943045, 0.0, 0.43617026110802587, 1.1 
3.3257110484159944, 30.679984304195326, 0.0, 0.0, 1.0 
14.298965137283307, 43.49762853632189, 0.0, 0.5113678649733426, 2.7000000000000015 
25.06435826529265, 25.46884759529138, 0.0, 0.0, 1.0 
20.812560874035775, 16.442881839081984, 0.0, 3.9080475592005555, 2.7000000000000015 
3.197735960362122, 14.279945137927022, 0.0, 4.523285908218529, 2.7000000000000015 
33.99592534098342, 5.936585414140469, 0.0, 0.0, 1.0 
52.18772347369641, 41.57489907260664, 0.0, 0.0, 1.0 
2.1898639203102745, 37.0126245497993, 0.0, 1.2888893940572452, 2.4000000000000012 
44.914561265181604, 14.149681389919559, 0.0, 0.0, 1.0 
31.035099588051448, 34.36164440536958, 0.0, 0.0, 1.0 
7.52847290567058, 15.485435005670734, 0.0, 1.884061635067089, 2.7000000000000015 
8.828566131852432, 49.02486508152195, 0.0, 4.4171070017144585, 2.7000000000000015 
59.18707783455525, 27.731411438646816, 0.0, 0.0, 1.0 
52.57980855147128, 48.561480187849234, 0.0, 0.0, 1.0 
48.19243211048019, 3.7445984089382804, 0.0, 0.0, 1.0 
38.25208254989437, 1.7965927002541509, 0.0, 0.0, 1.0 
23.030681213078875, 59.542003681602765, 0.0, 0.0, 1.0 
40.88806869765083, 60.646216671444655, 0.0, 0.0, 1.0 
18.34799290910892, 2.56411732650673, 0.0, 0.0, 1.0 
23.8674434603662, 57.831872143183055, 0.0, 0.6375427280916013, 1.3000000000000003 
36.91443024863469, 29.256331196142916, 0.0, 0.0, 1.0 
36.288788141906686, 1.4559708695726115, 0.0, 0.0, 1.0 
54.15563902797663, 14.12466263647449, 0.0, 0.0, 1.0 
12.067931424923916, 3.3236126472515046, 0.0, 5.474457849019642, 2.7000000000000015 
11.855481393378682, 27.652034228694433, 0.0, 0.0, 1.0 
1.0564260292784506, 61.88301859692558, 0.0, 4.971737968654272, 1.4000000000000004 
39.503523470992235, 19.584084521740557, 0.0, 3.1369417026454838, 2.5000000000000013 
57.37426013299733, 28.13800832648946, 0.0, 0.0, 1.0 
22.219358358375377, 3.169468763686184, 0.0, 0.0, 1.0 
42.25975653021763, 59.12397713781764, 0.0, 0.0, 1.0 
27.212400703638156, 48.563621065623856, 0.0, 6.334769187646014, 2.7000000000000015 
15.331400282844708, 20.331193344144527, 0.0, 0.0, 1.0 
3.080351449503036, 0.17015950710251523, 0.0, 3.503212296792197, 1.3000000000000003 
46.82205640905007, 5.198337022397996, 0.0, 0.0, 1.0 
35.66040612740029, 30.463499501459196, 0.0, 1.2373849278745512, 2.7000000000000015 
57.00829089869179, 58.21341652260083, 0.0, 3.512574142306584, 2.300000000000001 
28.822219247557747, 20.130099205400064, 0.0, 4.32859217821065, 2.7000000000000015 
12.678517984207234, 40.28942557065533, 0.0, 0.0, 1.0 
55.729238181789526, 50.18967118332911, 0.0, 0.0, 1.0 
3.5398502771820004, 18.14244903692099, 0.0, 0.0, 1.0 
55.67524070314899, 1.511628731814019, 0.0, 0.0, 1.0 
0.38360690708949474, 7.411021578822675, 0.0, 0.0, 1.0 
18.390457620348943, 49.19516142426104, 0.0, 3.5418008773140617, 2.7000000000000015 
35.52340668841149, 61.440121922572054, 0.0, 0.0, 1.0 
3.00669413399362, 27.15773443204019, 0.0, 0.0, 1.0 
52.43888545617196, 45.036126666046, 0.0, 0.0, 1.0 
48.62364963946051, 13.74620763884345, 0.0, 0.0, 1.0 
19.858076433718416, 38.68933827241651, 0.0, 4.898369223339802, 2.7000000000000015 
45.22474615697143, 16.154868592069082, 0.0, 0.0, 1.0 
16.671213484379788, 47.05775210387097, 0.0, 6.122373985205115, 2.7000000000000015 
35.336261907165344, 10.61303660565914, 0.0, 1.2411959707872073, 1.2000000000000002 
31.737233957253796, 44.51924405339046, 0.0, 0.0, 1.0 
54.276447357665276, 25.81600357201461, 0.0, 0.0, 1.0 
12.104566101819382, 36.77792059328748, 0.0, 0.0, 1.0 
32.20340410670073, 46.494175197420454, 0.0, 0.0, 1.0 
56.16554281020778, 16.9680633719313, 0.0, 0.0, 1.0 
47.532858151171176, 1.8655077997939458, 0.0, 0.0, 1.0 
6.209144893078549, 20.378017250325197, 0.0, 0.0, 1.0 
38.51742030924078, 35.46602502965319, 0.0, 0.0, 1.0 
39.860952310425596, 33.97902012587316, 0.0, 0.0, 1.0 
27.635683220259097, 36.6491448134264, 0.0, 5.010446670294472, 1.4000000000000004 
29.8738707988415, 8.085661019839536, 0.0, 0.0, 1.0 
17.362493238197946, 56.801923517794755, 0.0, 4.283049026650888, 2.7000000000000015 
57.69969231100277, 9.464050857652762, 0.0, 0.0, 1.0 
48.21781387322614, 33.449164587311046, 0.0, 0.0, 1.0 
31.44528518724709, 15.165865788199916, 0.0, 5.45172921040144, 1.1 
17.942557467690087, 51.48032453795463, 0.0, 0.0, 1.0 
26.054553150149474, 16.43971375191215, 0.0, 3.4491075132329883, 2.7000000000000015 
33.23735193005384, 50.389274070079125, 0.0, 0.0, 1.0 
48.535170212176574, 10.078788844440748, 0.0, 0.0, 1.0 
44.26631070529508, 37.18654797477946, 0.0, 0.0, 1.0 
36.61422880687765, 34.94702017090255, 0.0, 0.0, 1.0 
19.548336168547728, 52.88899988127571, 0.0, 4.48770605999843, 2.7000000000000015 
5.096470525763986, 36.49477995137094, 0.0, 1.2005979424799926, 1.6000000000000005 
3.2913581302401305, 35.35007647858295, 0.0, 1.6435166193151114, 1.7000000000000006 
3.311714178621267, 60.138381233563074, 0.0, 1.1349706648243547, 2.7000000000000015 
43.47903771385216, 49.88711190181543, 0.0, 0.0, 1.0 
41.35995230425417, 11.328593144564358, 0.0, 0.0, 1.0 
12.86228693000502, 30.812343865146573, 0.0, 0.0, 1.0 
41.42732108982429, 25.137556716724635, 0.0, 0.0, 1.0 
31.89074473521057, 57.47169475155643, 0.0, 0.0, 1.0 
11.949112440429769, 34.795183559795525, 0.0, 0.0, 1.0 
46.18073533241231, 33.60937834740118, 0.0, 0.0, 1.0 
24.361000999446443, 19.845826826230642, 0.0, 4.047583812331963, 2.7000000000000015 
5.297013168899057, 12.577716996604435, 0.0, 4.357482836243977, 2.7000000000000015 
46.513939335995005, 49.355824581702066, 0.0, 0.0, 1.0 
51.589012455927794, 59.53754003161285, 0.0, 0.0, 1.0 
46.83831849083061, 44.01664743875196, 0.0, 0.0, 1.0 
49.095868973492166, 21.10371878835981, 0.0, 0.0, 1.0 
1.070877557181598, 16.973248425228167, 0.0, 0.0, 1.0 
48.76595330797604, 15.595987460793229, 0.0, 0.0, 1.0 
51.37193986283679, 55.67094511860318, 0.0, 4.019729195533157, 2.7000000000000015 
45.49136252845787, 47.58195545867873, 0.0, 0.0, 1.0 
57.89744784381786, 22.08689910362801, 0.0, 0.0, 1.0 
54.40609609197434, 12.161768030760054, 0.0, 0.0, 1.0 
38.59631626938333, 42.70130461998609, 0.0, 0.0, 1.0 
28.98599378082971, 28.143167384470594, 0.0, 1.029415999371258, 1.7000000000000006 
44.990235493408115, 56.13262661497371, 0.0, 0.0, 1.0 
34.61332821704876, 8.465375786581173, 0.0, 0.0, 1.0 
54.04174435192105, 10.211896225179975, 0.0, 0.0, 1.0 
45.17689666133706, 20.511031109244808, 0.0, 0.0, 1.0 
56.36333208867098, 32.38291218510634, 0.0, 3.9977631456279816, 2.7000000000000015 
50.326234056296364, 36.93804371097246, 0.0, 0.0, 1.0 
4.798901557628229, 45.440832247716045, 0.0, 5.772138628009888, 2.7000000000000015 
39.69832569028942, 53.83382964906591, 0.0, 0.0, 1.0 
13.10216527699334, 52.587712877654226, 0.0, 5.18847299757027, 2.7000000000000015 
48.430495255840874, 40.49261741555508, 0.0, 0.0, 1.0 
46.629828245650515, 10.823367698779492, 0.0, 0.0, 1.0 
14.121007062964354, 23.729873462413565, 0.0, 2.838101704946399, 2.7000000000000015 
30.910340144065685, 40.628932040892366, 0.0, 0.0, 1.0 
28.09993323232465, 29.858146507464927, 0.0, 0.0, 1.0 
61.72067978416631, 9.42733953013237, 0.0, 1.0665800577730067, 2.7000000000000015 
58.59996077872797, 56.09504021824101, 0.0, 0.6122600806557672, 1.6000000000000005 
47.21225100638322, 35.35328914936063, 0.0, 0.0, 1.0 
14.082107916994794, 4.296509950254023, 0.0, 4.845656398773149, 2.7000000000000015 
24.326463679490463, 61.608614898398734, 0.0, 0.0, 1.0 
21.239616718900272, 37.68044159607155, 0.0, 4.8060260930978265, 2.300000000000001 
36.59750360455918, 8.921315491662446, 0.0, 0.0, 1.0 
11.437313244233863, 47.28242807334605, 0.0, 5.891912056253765, 2.7000000000000015 
30.299991209807516, 0.7900932557521252, 0.0, 0.0, 1.0 
55.96347688824245, 26.85160124293095, 0.0, 0.0, 1.0 
27.68377641847378, 41.29461158590592, 0.0, 0.0, 1.0 
14.00631588870554, 46.9956199509027, 0.0, 0.0, 1.0 
38.98693103231622, 31.79419258066131, 0.0, 0.0, 1.0 
10.93656510346017, 11.619036052845313, 0.0, 4.44812145570612, 2.6000000000000014 
49.03717215888022, 17.4770531248354, 0.0, 0.0, 1.0 
7.433502243986626, 30.390880943298555, 0.0, 0.0, 1.0 
35.719744200301456, 52.842410774931885, 0.0, 0.0, 1.0 
33.650784268734114, 25.577091029949262, 0.0, 1.284350698172433, 2.7000000000000015 
10.746309441522738, 25.756094041966143, 0.0, 3.5550062014201274, 2.7000000000000015 
13.177264386657741, 17.307858590801434, 0.0, 3.3978442674347877, 2.4000000000000012 
35.94952802211248, 21.425643221591848, 0.0, 3.7238240792295896, 2.7000000000000015 
11.584897703094022, 60.8218595432423, 0.0, 5.08904180913458, 1.2000000000000002 
1.16424859750669, 20.887155352900304, 0.0, 0.0, 1.0 
22.806242167153652, 12.490873981956362, 0.0, 0.0, 1.0 
53.37871418579594, 28.713212745423967, 0.0, 3.6942721568373194, 2.7000000000000015 
6.543288153192719, 48.825012477999294, 0.0, 4.7743331938525335, 2.7000000000000015 
40.29442074427529, 30.31383131585329, 0.0, 0.0, 1.0 
60.05562687877616, 35.03781961030224, 0.0, 0.23068232643201259, 1.4000000000000004 
47.70027875536346, 42.275163351987075, 0.0, 0.0, 1.0 
57.664609831469306, 36.38643989917448, 0.0, 4.073257200321689, 2.7000000000000015 
41.61042740694776, 57.190340194117645, 0.0, 0.0, 1.0 
59.43563308161932, 8.295167443624718, 0.0, 0.0, 1.0 
56.031545408950805, 10.878809111801898, 0.0, 0.0, 1.0 
49.2211534748616, 50.99627944532988, 0.0, 3.6642674300646165, 2.7000000000000015 
61.85588226794641, 15.359375557975216, 0.0, 0.0, 1.0 
4.764546738007373, 59.26338974553108, 0.0, 0.0, 1.0 
25.297660908355162, 49.77155012930598, 0.0, 0.0, 1.0 
48.87582960590159, 0.4051971811028387, 0.0, 0.0, 1.0 
31.9648506147425, 23.453072816993767, 0.0, 4.356723354132194, 2.4000000000000012 
56.50424747450579, 44.832015745040664, 0.0, 0.0, 1.0 
41.92131678579509, 20.364661847773686, 0.0, 0.0, 1.0 
11.415572407410215, 29.563315057708994, 0.0, 0.0, 1.0 
52.2495391834716, 2.32537805345331, 0.0, 0.0, 1.0 
23.34103662471862, 50.39315203812774, 0.0, 5.452548993350098, 1.1 
36.15756266303015, 47.484153091966675, 0.0, 0.0, 1.0 
37.2301633604794, 31.26706801027545, 0.0, 0.0, 1.0 
53.28134451156946, 6.265410666268628, 0.0, 0.0, 1.0 
45.200040976862894, 38.97155884362713, 0.0, 5.916397081425349, 1.1 
21.226875938033682, 31.34876616199604, 0.0, 4.024438879787192, 2.7000000000000015 
16.196351761729094, 31.606155741802844, 0.0, 0.0, 1.0 
19.45975300485415, 56.10573070820215, 0.0, 5.080001388185895, 2.6000000000000014 
54.38967785416518, 22.082609817287892, 0.0, 0.0, 1.0 
5.066326848224362, 27.083729207881237, 0.0, 0.0, 1.0 
31.800807580492503, 51.83856516287963, 0.0, 0.0, 1.0 
43.159019569828246, 25.714022516469544, 0.0, 4.7945630404339985, 1.6000000000000005 
29.036904316533814, 23.133216086002157, 0.0, 4.5466427336434005, 2.7000000000000015 
29.62175479754777, 18.189261711173575, 0.0, 4.643271872151081, 2.7000000000000015 
8.533280686153091, 53.85251580417648, 0.0, 5.398680690983829, 2.7000000000000015 
42.85864723075024, 32.46316217851466, 0.0, 0.0, 1.0 
34.221541754238366, 39.68199512489311, 0.0, 0.0, 1.0 
20.212274027748556, 9.728159968365695, 0.0, 6.170796848773544, 1.2000000000000002 
45.53648961727769, 1.4902050110555254, 0.0, 0.0, 1.0 
40.232404189447394, 2.1939232170842717, 0.0, 0.0, 1.0 
1.570419153112643, 57.50355297235408, 0.0, 0.0, 1.0 
26.558695531278403, 11.080762773429027, 0.0, 1.0309745557444867, 1.2000000000000002 
14.700841623997428, 14.258047383855724, 0.0, 3.53322833886028, 2.7000000000000015 
37.60195907921361, 38.815340483716795, 0.0, 0.0, 1.0 
36.2443898957683, 13.0271677208903, 0.0, 3.9902877975094015, 2.7000000000000015 
33.74524802969516, 52.35331795098854, 0.0, 0.0, 1.0 
42.93425258284293, 45.64964456763264, 0.0, 0.0, 1.0 
2.6558509435587148, 44.25433914633876, 0.0, 1.1606980631657815, 2.7000000000000015 
32.522175539450835, 18.018566466783845, 0.0, 1.7014718501424353, 2.200000000000001 
28.74928212944763, 47.33918270427311, 0.0, 0.0, 1.0 
50.7469029840144, 23.946992016486636, 0.0, 0.0, 1.0 
9.313021326110789, 38.525907561847504, 0.0, 0.0, 1.0 
2.2780896668282793, 1.7272446694944619, 0.0, 0.0, 1.0 
41.92788805140134, 49.05515974381364, 0.0, 0.0, 1.0 
21.013867398471316, 4.765344559751813, 0.0, 0.0, 1.0 
6.784718287435631, 21.918415722922308, 0.0, 3.2606233289075144, 2.7000000000000015 
17.233971749640784, 60.63420011026853, 0.0, 4.903911040127561, 2.000000000000001 
44.34334604900313, 23.137185259693823, 0.0, 4.9668113505276335, 2.7000000000000015 
26.367160252670338, 61.80693392903093, 0.0, 0.0, 1.0 
19.095484853271763, 33.27235964713346, 0.0, 0.0, 1.0 
22.887824957894793, 28.584723630313214, 0.0, 0.0, 1.0 
61.361876525104115, 25.962086019321273, 0.0, 0.0, 1.0 
6.499712725232305, 56.18609675370074, 0.0, 3.7356273521946894, 2.7000000000000015 
61.57613810515302, 51.25681454400037, 0.0, 0.0, 1.0 
15.086540758619105, 25.02143085828498, 0.0, 0.0, 1.0 
45.3227987025414, 35.410599421878125, 0.0, 0.0, 1.0 
43.56529525096879, 1.0802083688781787, 0.0, 0.0, 1.0 
32.94033975841005, 31.646379764476713, 0.0, 0.0, 1.0 
24.33796816923071, 38.302067780866764, 0.0, 0.0, 1.0 
2.5756406065903175, 32.75111820625929, 0.0, 0.0, 1.0 
14.674232001982928, 40.065355637043105, 0.0, 0.0, 1.0 
9.873052406889315, 1.2644840599912004, 0.0, 1.2284496795858244, 2.7000000000000015 
30.34243183546342, 11.674303179618791, 0.0, 2.851171467108831, 2.7000000000000015 
30.669383738591602, 38.63586550815347, 0.0, 0.0, 1.0 
48.78673968417976, 24.849314093371657, 0.0, 0.0, 1.0 
45.41145729526973, 18.19422080264464, 0.0, 0.0, 1.0 
49.755866696974955, 42.03167415049774, 0.0, 0.0, 1.0 
28.00114655205502, 10.23986441621581, 0.0, 4.497621447398368, 2.300000000000001 
33.24398496385583, 43.11400404829966, 0.0, 0.0, 1.0 
29.738616429574787, 43.994068743425565, 0.0, 0.0, 1.0 
15.735073455147035, 35.503891622291874, 0.0, 0.0, 1.0 
3.5647007403800424, 51.44187388410175, 0.0, 4.71766872199125, 1.2000000000000002 
7.47291071856716, 33.61305369576486, 0.0, 0.0, 1.0 
12.301940320951648, 57.1078454328788, 0.0, 5.821443108810769, 2.7000000000000015 
6.33378447255555, 10.894726675236779, 0.0, 6.064621950241555, 1.1 
52.397303362520844, 36.759049835885136, 0.0, 0.0, 1.0 
34.67224163683934, 34.313631188468825, 0.0, 0.0, 1.0 
41.77462759586762, 34.212868992488914, 0.0, 0.0, 1.0 
38.11725839901709, 21.776472392185124, 0.0, 3.823304551716416, 2.6000000000000014 
29.174542543884705, 36.92997300379248, 0.0, 0.0, 1.0 
40.21452105059724, 13.030652024346697, 0.0, 0.0, 1.0 
55.47609855254035, 28.680378090285767, 0.0, 0.0, 1.0 
9.09858377418816, 26.494988915290357, 0.0, 0.0, 1.0 
15.64335274556545, 45.99190706665454, 0.0, 3.214895021090098, 2.6000000000000014 
58.89377742654692, 54.19825211221194, 0.0, 0.5737735665920688, 1.1 
52.256984469095855, 13.378727235616813, 0.0, 0.0, 1.0 
60.59721424861101, 33.19685754872839, 0.0, 0.0, 1.0 
20.23899346757752, 61.3969567369002, 0.0, 0.0, 1.0 
45.13633821698411, 50.86438233569229, 0.0, 0.0, 1.0 
23.01878908873434, 25.750272907650327, 0.0, 0.0, 1.0 
59.31141339689305, 6.377329434996042, 0.0, 0.49943865717886937, 1.7000000000000006 
59.87881052759756, 4.68273782446043, 0.0, 0.0, 1.0 
60.97142526003927, 27.716320305937494, 0.0, 0.0, 1.0 
10.835561363895026, 18.01667935072653, 0.0, 0.0, 1.0 
30.2017216116496, 45.94016208544916, 0.0, 0.0, 1.0 
35.17738999127782, 50.913334832173405, 0.0, 0.0, 1.0 
47.41587782826386, 22.04942129192258, 0.0, 0.0, 1.0 
45.64945044315325, 58.03670946084502, 0.0, 0.0, 1.0 
50.369895627644475, 12.663486167326178, 0.0, 0.0, 1.0 
41.65631905058585, 27.072259567395403, 0.0, 0.0, 1.0 
58.49555107451764, 29.71809711851563, 0.0, 0.0, 1.0 
59.852289314298694, 16.228311622881822, 0.0, 2.2351307715612942, 1.1 
21.567514681498636, 18.34576939116751, 0.0, 3.5149678645936575, 2.7000000000000015 
31.31935988426462, 42.5731430718627, 0.0, 0.0, 1.0 
29.148869291195943, 35.14183463106209, 0.0, 0.0, 1.0 
32.13731158243223, 37.24344830670505, 0.0, 0.0, 1.0 
19.239715263916167, 16.330154101255236, 0.0, 4.027875504069132, 2.7000000000000015 
13.118026300877448, 25.355898258440185, 0.0, 0.0, 1.0 
25.565696755560136, 8.919343076968312, 0.0, 3.6459373843122553, 2.7000000000000015 
58.464858907091305, 44.67707384463879, 0.0, 0.0, 1.0 
61.5760135436857, 46.03843737433909, 0.0, 3.904113993051439, 2.4000000000000012 
1.2257025899572007, 25.31542184484399, 0.0, 0.0, 1.0 
57.966366183195554, 15.557625630776808, 0.0, 0.0, 1.0 
37.04964227391822, 36.85963534572278, 0.0, 0.0, 1.0 
18.360352201604673, 14.22213822400586, 0.0, 3.730739862536038, 2.7000000000000015 
16.73378121005343, 41.501822933582915, 0.0, 0.2633686151564973, 2.7000000000000015 
51.079437823990546, 31.24552092027617, 0.0, 4.590941608551699, 2.6000000000000014 
40.479519331331, 35.88659147802938, 0.0, 0.0, 1.0 
10.531327563550509, 8.608310367069496, 0.0, 4.389780514354182, 2.6000000000000014 
10.74455204482582, 39.89268620716985, 0.0, 0.0, 1.0 
4.189831652924313, 8.523193721244786, 0.0, 5.261263780340517, 2.7000000000000015 
54.749753273785316, 35.85145780956678, 0.0, 4.411003799540473, 2.7000000000000015 
17.06933156529716, 37.01391496384317, 0.0, 0.0, 1.0 
61.56295791459284, 57.85656534364995, 0.0, 0.8353337554519711, 2.100000000000001 
39.93408923077737, 17.860433151197807, 0.0, 0.0, 1.0 
17.672997774367552, 28.644452747361278, 0.0, 4.210718071768267, 2.7000000000000015 
5.394214686326367, 34.14358272933209, 0.0, 5.917896899803562, 1.1 
12.542251114413647, 0.31281109714237537, 0.0, -0.3178065924137486, 2.7000000000000015 
19.286125241966182, 41.28681985836633, 0.0, 0.07117613658180284, 2.4000000000000012 
30.980184264020792, 24.54675813813491, 0.0, 4.470913899219646, 2.4000000000000012 
20.898095546619956, 29.044943994307477, 0.0, 0.0, 1.0 
10.490013752339145, 50.89568240332358, 0.0, 4.305747995491601, 1.4000000000000004 
47.32420741676271, 38.87269191292956, 0.0, 0.0, 1.0 
15.075550738850671, 27.072643094578577, 0.0, 0.0, 1.0 
12.562279255783551, 48.51153528225331, 0.0, 0.0, 1.0 
44.853506856521115, 4.960733215397033, 0.0, 0.0, 1.0 
37.158739835388715, 56.64901974898923, 0.0, 0.0, 1.0 
46.773340071497515, 12.865746798212802, 0.0, 0.0, 1.0 
49.831168599331775, 31.769023994760484, 0.0, 0.0, 1.0 
51.57962207211528, 46.79003953356945, 0.0, 0.0, 1.0 
35.91520791838423, 6.891123724785958, 0.0, 3.5639954423035745, 1.1 
40.04992732832366, 41.29830849368426, 0.0, 0.0, 1.0 
26.588782473891367, 55.86978813580459, 0.0, 4.53158582560623, 1.3000000000000003 
55.760975396308154, 56.58430447505984, 0.0, 3.4650272679823826, 2.7000000000000015 
30.87590623107705, 36.223748010790814, 0.0, 0.0, 1.0 
54.74716977600959, 4.9179772592711375, 0.0, 0.0, 1.0 
17.056796894849658, 54.19852215823914, 0.0, 4.38175610089436, 2.7000000000000015 
22.29857007589962, 36.59109670260527, 0.0, 4.249699798619527, 2.7000000000000015 
1.6290608885972702, 11.833992814146281, 0.0, 4.248201707344538, 2.7000000000000015 
26.56198472845818, 17.778523214968477, 0.0, 3.4391598806769945, 2.7000000000000015 
31.260231516705822, 55.57725821620978, 0.0, 0.0, 1.0 
26.95542836418617, 33.56968264853943, 0.0, 0.0, 1.0 
48.27664571307367, 37.069538340736884, 0.0, 0.0, 1.0 
49.093144588926656, 19.354051110849998, 0.0, 0.0, 1.0 
51.304994035019774, 5.728275412878727, 0.0, 0.0, 1.0 
37.252410109956706, 16.670769705660355, 0.0, 1.0487163340716468, 2.7000000000000015 
44.64575662624452, 46.085958969583395, 0.0, 0.0, 1.0 
52.43080862634597, 11.462906927515007, 0.0, 0.0, 1.0 
35.17980437380383, 24.254735687450285, 0.0, 1.9693821726243323, 2.7000000000000015 
11.114801578232507, 42.64163340228006, 0.0, 6.357128001958451, 2.5000000000000013 
6.554423633792798, 23.385701478365387, 0.0, 0.0, 1.0 
46.168490142417866, 8.8109001044187, 0.0, 0.0, 1.0 
33.43039918543511, 13.808882948124728, 0.0, -2.3442642198714707, 2.7000000000000015 
30.672359208640497, 47.931474645530486, 0.0, 0.0, 1.0 
28.391279518789847, 56.35818033800318, 0.0, 0.0, 1.0 
32.436385749890455, 39.19927114766681, 0.0, 0.0, 1.0 
46.19646682243276, 54.732369272966054, 0.0, 0.0, 1.0 
38.56751994294148, 29.771640660748844, 0.0, 0.0, 1.0 
52.76952913132251, 30.179308869552422, 0.0, 4.232497984669845, 2.6000000000000014 
28.651576303492103, 14.85951323346304, 0.0, 1.1323741248766934, 2.300000000000001 
3.8632327969405638, 25.465693781921857, 0.0, 0.0, 1.0 
13.387458405247502, 38.39515662719012, 0.0, 0.0, 1.0 
50.21763780467075, 60.89024439011642, 0.0, 0.0, 1.0 
26.233784231530862, 3.9181941701829173, 0.0, 0.0, 1.0 
18.67706235435019, 59.457069839759335, 0.0, 4.3726210201641305, 1.6000000000000005 
23.578530442466935, 17.833708639017964, 0.0, 3.2760898249341657, 2.7000000000000015 
56.21756411466651, 18.99854987690584, 0.0, 0.0, 1.0 
22.555436350646048, 33.71540804831752, 0.0, -2.4844291212240344, 2.7000000000000015 
1.63498528043589, 5.445260619018383, 0.0, 1.5174235075048073, 1.1 
22.298534628731083, 61.40521355541781, 0.0, 0.0, 1.0 
34.79676774914302, 32.32402486339779, 0.0, 0.0, 1.0 
52.44776218717346, 15.262774738318974, 0.0, 0.0, 1.0 
41.61080929990886, 16.665146217758274, 0.0, 0.0, 1.0 
19.63818909259294, 34.834423641151325, 0.0, 0.0, 1.0 
17.70773783499075, 12.638267562734434, 0.0, 2.93075763435527, 2.7000000000000015 
39.562333898462214, 24.255940588217175, 0.0, 0.0, 1.0 
54.600769943434756, 48.51347421372911, 0.0, 0.0, 1.0 
18.421130113212037, 22.08637516636057, 0.0, 0.0, 1.0 
48.156375170894755, 55.09088509762444, 0.0, 0.0, 1.0 
7.842495295229491, 24.916619534511707, 0.0, 0.0, 1.0 
18.367826210911645, 0.39857032083144345, 0.0, 0.0, 1.0 
57.845592371611545, 20.07365009940836, 0.0, 0.0, 1.0 
1.469916111905395, 31.01311654044328, 0.0, 0.0, 1.0 
0.004654148258635117, 11.637567366508138, 0.0, 0.9029504544798428, 2.5000000000000013 
16.365227749457144, 16.004176194909196, 0.0, 0.0, 1.0 
45.21858144766247, 30.19990456200877, 0.0, 0.0, 1.0 
58.06900659049115, 17.573894420194147, 0.0, 0.0, 1.0 
51.09940510738592, 57.57155719102166, 0.0, 0.0, 1.0 
57.898267777619296, 24.12282275629632, 0.0, 0.0, 1.0 
51.089891421822315, 35.207757988686915, 0.0, 0.0, 1.0 
54.55645176116135, 30.27389084777207, 0.0, 3.687942684849098, 2.6000000000000014 
11.75304918985043, 45.437298043440585, 0.0, 0.0, 1.0 
21.69601367752129, 27.195987974497083, 0.0, 0.0, 1.0 
28.29522924023201, 4.247438005813408, 0.0, 0.0, 1.0 
46.25399229844553, 37.17704861804562, 0.0, 0.0, 1.0 
23.812950950391333, 9.416187474612965, 0.0, 0.0, 1.0 
7.809372431570255, 50.00696063117002, 0.0, 4.558628751469739, 2.7000000000000015 
42.25393711269826, 23.04317676127337, 0.0, 3.925312432084783, 2.7000000000000015 
54.427825052067725, 18.093316438432083, 0.0, 0.0, 1.0 
30.59439739230785, 59.12698984227742, 0.0, 0.0, 1.0 
16.789770988470117, 14.312521426596808, 0.0, 3.8879329827613334, 2.7000000000000015 
57.61896803720549, 2.0686699790066077, 0.0, 0.0, 1.0 
4.078367086104597, 6.448832150555046, 0.0, 5.139282549682798, 2.7000000000000015 
39.54361869576126, 39.355196018337715, 0.0, 0.0, 1.0 
9.438672411405605, 11.035708381900054, 0.0, 5.090316768721223, 2.7000000000000015 
33.18653501492249, 2.9117000712829957, 0.0, 0.0, 1.0 
2.279820180797465, 39.29315119224868, 0.0, 0.17118506169433167, 2.4000000000000012 
35.16517888240482, 43.66285830742613, 0.0, 0.0, 1.0 
35.93350813105543, 58.09874268790652, 0.0, 0.0, 1.0 
41.50816863667488, 47.09192551501703, 0.0, 0.0, 1.0 
40.22873484733013, 58.70661801644959, 0.0, 0.0, 1.0 
31.39840720647134, 61.01190884667198, 0.0, 0.0, 1.0 
18.45180982833398, 10.948153316998328, 0.0, 0.0, 1.0 
9.517273581542836, 21.80407389770403, 0.0, 0.0, 1.0 
2.591673236441699, 24.147188612928623, 0.0, 0.0, 1.0 
39.04151291149783, 37.36565379549503, 0.0, 0.0, 1.0 
19.757881991132933, 27.375309196331038, 0.0, 0.0, 1.0 
16.00572505255777, 42.64197856065082, 0.0, 0.014510219368505533, 2.6000000000000014 
32.778231955955334, 41.163004993169515, 0.0, 0.0, 1.0 
61.44385232639535, 24.012312963979163, 0.0, 0.0, 1.0 
26.17628737541743, 18.95554175792381, 0.0, 3.413967696429286, 2.7000000000000015 
18.502624317013073, 31.325932522324365, 0.0, 0.0, 1.0 
15.003190846538557, 49.69271439549397, 0.0, 3.708526864041878, 2.7000000000000015 
29.245980194126073, 33.23298823744442, 0.0, 0.0, 1.0 
22.92582620134002, 20.420793074245033, 0.0, 0.0, 1.0 
17.927072378897794, 40.20548014876772, 0.0, 6.120980670619524, 1.4000000000000004 
52.49931145456453, 24.88545343925123, 0.0, 0.0, 1.0 
40.99310617139247, 37.928952000472385, 0.0, 0.0, 1.0 
4.4425424881301545, 1.7832692985705187, 0.0, 5.13113123613707, 1.2000000000000002 
5.689043065769031, 8.987177289287073, 0.0, 0.0, 1.0 
16.6434043146258, 1.49986576818148, 0.0, 0.0, 1.0 
17.795947545807987, 5.247272196717669, 0.0, 0.0, 1.0 
32.71124336157832, 48.424269463123295, 0.0, 0.0, 1.0 
16.01159394097419, 28.09289168510714, 0.0, 4.813477794938507, 2.6000000000000014 
54.67942084253061, 51.61970923812653, 0.0, 0.0, 1.0 
1.1835377148240567, 3.4016579693903513, 0.0, 0.0, 1.0 
12.649228186749143, 22.868778973053153, 0.0, 0.0, 1.0 
22.903473183874095, 42.40878509392593, 0.0, 4.656671038563091, 2.7000000000000015 
47.22421150544144, 20.25322543188939, 0.0, 0.0, 1.0 
11.63313387106346, 8.22163004119901, 0.0, 4.3809644073329315, 2.7000000000000015 
50.10918597686266, 53.12159647725593, 0.0, 4.0041719431850495, 2.7000000000000015 
50.76978043752644, 3.7767056548776243, 0.0, 0.0, 1.0 
1.6244704850783596, 51.81841741316094, 0.0, 0.0, 1.0 
44.16428007651218, 33.797548973774695, 0.0, 0.0, 1.0 
17.973754037377123, 9.079648126610826, 0.0, 0.03992418369051728, 1.4000000000000004 
27.803442797961278, 54.332275497068075, 0.0, 0.0, 1.0 
16.425262325991696, 58.66247421868764, 0.0, 4.881982694847863, 2.7000000000000015 
61.152458198601, 1.1733170591668538, 0.0, 0.04560827133671677, 1.1 
54.96735903385978, 58.986100119961286, 0.0, 0.0, 1.0 
47.67106958371788, 58.43852433430669, 0.0, 0.0, 1.0 
21.71227892381333, 6.633316691191882, 0.0, 0.0, 1.0 
25.126119905506755, 59.696843477992665, 0.0, 0.0, 1.0 
56.759013168655166, 5.5807608705680645, 0.0, 0.0, 1.0 
61.34520018408987, 21.921156245651495, 0.0, 0.0, 1.0 
18.526217323161116, 55.01437941055226, 0.0, 4.937613890804769, 2.7000000000000015 
38.08667006845282, 47.993836067488914, 0.0, 0.0, 1.0 
20.741372175389593, 35.50949623282239, 0.0, 4.900722320042595, 2.7000000000000015 
16.13735707138116, 51.887490055626735, 0.0, 5.279588143488894, 2.7000000000000015 
58.07346246417383, 4.07080899286579, 0.0, 0.0, 1.0 
15.17131641599876, 2.87579940573238, 0.0, 4.710167138790281, 2.7000000000000015 
53.06646023242535, 39.73738270034536, 0.0, 0.0, 1.0 
42.20124048393409, 2.578502517335472, 0.0, 0.0, 1.0 
7.711407216422017, 3.5507642208985226, 0.0, 0.0, 1.0 
49.778589701211544, 7.080932722468447, 0.0, 0.0, 1.0 
42.99458700111947, 13.46637238754383, 0.0, 0.0, 1.0 
51.75057996898435, 7.6506871864550465, 0.0, 0.0, 1.0 
54.209098233477974, 2.8822875121215543, 0.0, 0.0, 1.0 
49.66236200635514, 54.90656762416845, 0.0, 4.331056190760717, 1.6000000000000005 
43.497407182005915, 6.4781892095871445, 0.0, 0.0, 1.0 
32.64169543783669, 59.386130742586246, 0.0, 0.0, 1.0 
19.612443704950156, 45.09865945650276, 0.0, 5.988362948753926, 2.7000000000000015 
49.51404440297258, 2.337056904948106, 0.0, 0.0, 1.0 
10.900250281361187, 5.645517072192726, 0.0, 5.408582773173254, 2.7000000000000015 
56.4376906575775, 41.20715152168486, 0.0, 5.705915015798023, 1.2000000000000002 
30.431802432527718, 21.328886731481084, 0.0, 4.539225027507619, 2.7000000000000015 
48.14888336109138, 8.370598962485456, 0.0, 0.0, 1.0 
4.531320064193563, 23.546984421968908, 0.0, 0.0, 1.0 
24.107625628056425, 36.20811853265851, 0.0, 0.0, 1.0 
19.427741573841185, 4.45102795517589, 0.0, 4.714717626929507, 2.7000000000000015 
54.33983767878071, 24.008087019741115, 0.0, 0.0, 1.0 
34.68494383624491, 41.68939695409955, 0.0, 0.0, 1.0 
37.86399325265496, 25.5331505085534, 0.0, 0.0, 1.0 
49.630143140972685, 29.74137675461794, 0.0, 0.0, 1.0 
19.604120946365196, 23.77300055903811, 0.0, 0.0, 1.0 
48.53550583494283, 49.49361269991923, 0.0, 3.637291917495185, 2.7000000000000015 
37.525100469363295, 5.320470274682085, 0.0, 0.0, 1.0 
31.332985193184822, 2.839938007270064, 0.0, 0.0, 1.0 
33.048030812557165, 35.48156949624782, 0.0, 0.0, 1.0 
58.59868847718794, 60.479991085161565, 0.0, 0.0, 1.0 
47.015564232378196, 51.268569163704264, 0.0, 0.0, 1.0 
56.554022303144166, 30.01899024294605, 0.0, 0.0, 1.0 
44.191801278614044, 2.9888032829943247, 0.0, 0.0, 1.0 
53.33530381858341, 50.27828357545064, 0.0, 0.0, 1.0 
18.033364853745763, 17.061506373121595, 0.0, 0.0, 1.0 
50.81107629165808, 0.9667470948133962, 0.0, 0.0, 1.0 
42.978312694933344, 55.72055507515954, 0.0, 0.0, 1.0 
34.67852948762549, 59.665501862925126, 0.0, 0.0, 1.0 
46.83223039010936, 47.22171899329372, 0.0, 4.034183027529605, 2.7000000000000015 
26.53572462745338, 28.507417823155812, 0.0, 0.0, 1.0 
28.321279357547844, 0.4438859346892088, 0.0, 0.0, 1.0 
52.10894554500118, 9.578313334201827, 0.0, 0.0, 1.0 
17.730973489033115, 35.09120029016545, 0.0, 0.0, 1.0 
22.469131905342067, 22.27268777348801, 0.0, 0.0, 1.0 
41.02488560414326, 45.14980395009791, 0.0, 0.0, 1.0 
12.341706819479683, 32.807571119407655, 0.0, 0.0, 1.0 
40.02905181028044, 48.49978605642125, 0.0, 0.0, 1.0 
31.19223132964891, 28.320568600548306, 0.0, 4.180011506441381, 1.2000000000000002 
33.49025653875808, 27.6968563519442, 0.0, 0.9284681387649535, 2.6000000000000014 
27.67071899579328, 31.873674568228406, 0.0, 0.0, 1.0 
13.328529897304081, 20.443762881634626, 0.0, 0.0, 1.0 
42.95342697968565, 38.54218550182947, 0.0, 0.0, 1.0 
42.789602119648265, 21.63260632667282, 0.0, 3.095803844468657, 2.6000000000000014 
50.875602251037606, 22.047622141298692, 0.0, 0.0, 1.0 
54.66291406599874, 31.870848892545396, 0.0, 4.033601308226339, 2.7000000000000015 
6.327369011360746, 0.8710769526659399, 0.0, 5.525389721384626, 1.1 
15.334286888087776, 57.7304174658841, 0.0, -0.9169439365850062, 2.7000000000000015 
38.88546018685585, 3.744758377282079, 0.0, 0.0, 1.0 
10.641017170425066, 23.19599439315947, 0.0, 0.0, 1.0 
24.94967102295796, 13.455728365128994, 0.0, 1.1763643480092212, 1.3000000000000003 
31.298766776647586, 13.162004683181985, 0.0, 0.0, 1.0 
14.276232510691969, 7.025643361469801, 0.0, 0.0, 1.0 
57.17623170878455, 0.057829876214311765, 0.0, 0.0, 1.0 
35.63097485273381, 45.55642009566099, 0.0, 0.0, 1.0 
13.881474681535035, 34.114673222937746, 0.0, 0.0, 1.0 
9.998673695769718, 46.501255908218056, 0.0, 5.4639873499906715, 2.300000000000001 
17.43963343595976, 33.060371771839634, 0.0, 0.0, 1.0 
26.143133773068175, 42.236590697273265, 0.0, 0.0, 1.0 
38.167274207788445, 12.933704235252762, 0.0, 1.4902445015393286, 1.1 
20.071996281495217, 13.224769099538499, 0.0, 3.092313265050713, 2.6000000000000014 
29.223697515525195, 60.54809618175097, 0.0, 0.0, 1.0 
6.659081878072526, 43.72762695355948, 0.0, 6.070698970185073, 2.7000000000000015 
13.806130318531316, 41.823407686275175, 0.0, -0.12624127983749153, 2.4000000000000012 
11.47730006199373, 16.137503025722378, 0.0, 3.1024250761361234, 2.4000000000000012 
5.02675615383239, 40.77434054285804, 0.0, 0.8486893879116044, 2.7000000000000015 
15.255793020734044, 48.257349702972746, 0.0, 3.177523974073218, 2.7000000000000015 
56.01229576465396, 35.9000634812265, 0.0, 4.390751688154573, 2.7000000000000015 
48.53379368097479, 47.84239574717415, 0.0, 4.080243397956845, 2.7000000000000015 
23.20522005561659, 55.83099993033372, 0.0, 0.0, 1.0 
48.085577381838554, 26.912932926364615, 0.0, 4.42232551032905, 2.300000000000001 
19.117422540290214, 29.11617054327891, 0.0, 4.193271100145988, 2.7000000000000015 
15.79234336504726, 17.491264809900496, 0.0, 3.5105462213036267, 2.7000000000000015 
33.87094437229752, 57.76218114991398, 0.0, 0.0, 1.0 
2.187304464596514, 29.039107441837714, 0.0, 0.0, 1.0 
60.46978924846971, 55.360028625917614, 0.0, 1.8077799543689173, 1.7000000000000006 
25.86300626410615, 37.09633908497643, 0.0, 0.0, 1.0 
18.127180024917767, 7.229984290290979, 0.0, 0.0, 1.0 
34.95512257313478, 27.313825676415178, 0.0, 1.6508306597914715, 2.7000000000000015 
1.4776571179697409, 50.063783813598334, 0.0, 3.2119245851373504, 2.7000000000000015 
38.932521155985064, 60.2448266303819, 0.0, 0.0, 1.0 
19.092603196917036, 46.48683095732291, 0.0, 3.3942477691657755, 2.7000000000000015 
24.27672451944612, 3.4488536711304483, 0.0, 0.0, 1.0 
38.128252109219744, 40.76989923395864, 0.0, 0.0, 1.0 
2.2986681095520085, 7.485305275494889, 0.0, 5.358320616858643, 2.4000000000000012 
53.69401389695446, 8.268907086873885, 0.0, 0.0, 1.0 
7.042092872586055, 60.7212199425404, 0.0, 4.298775955730796, 1.7000000000000006 
34.178559288513156, 30.492312025932225, 0.0, 0.0, 1.0 
46.364440968419565, 45.45271196589489, 0.0, 3.787015326840058, 2.7000000000000015 
26.99562335764287, 26.676160216421263, 0.0, 0.3894451961744724, 1.4000000000000004 
27.40070669520403, 2.2349847798581117, 0.0, 0.0, 1.0 
29.769382601896798, 10.092354166188887, 0.0, 0.0, 1.0 
25.994441334436686, 20.149991395959358, 0.0, 3.811556523514714, 2.7000000000000015 
15.806048993240559, 5.6932563498678785, 0.0, 0.0, 1.0 
29.061901860176793, 6.150312961955844, 0.0, 0.0, 1.0 
7.988927112421373, 41.216719546017984, 0.0, 0.43253579275758186, 2.7000000000000015 
56.713478307651776, 48.397553193870685, 0.0, 0.0, 1.0 
35.60362776352966, 4.904443554624667, 0.0, 0.0, 1.0 
27.011310754450903, 5.830226881443299, 0.0, 0.0, 1.0 
0.7896440967960476, 13.740878976384593, 0.0, 0.3082815076773626, 1.9000000000000008 
56.17611947453707, 3.4764463102696723, 0.0, 0.0, 1.0 
53.544840443567956, 60.29940450790206, 0.0, 0.0, 1.0 
10.84673747197208, 31.530488850096198, 0.0, 0.0, 1.0 
25.802442339862612, 51.79415303773626, 0.0, 3.5106136353091433, 1.3000000000000003 
6.749009393883392, 35.64004003670064, 0.0, 1.8983898886422421, 1.2000000000000002 
7.778430664287413, 42.48310150935617, 0.0, 6.426712964697178, 2.7000000000000015 
22.08933571212461, 34.69482476804792, 0.0, -2.2609345915404973, 2.7000000000000015 
24.48470660735758, 22.051552375801077, 0.0, 0.0, 1.0 
48.37207973619491, 45.34359841582366, 0.0, 0.0, 1.0 
14.283480584300321, 32.14048438768249, 0.0, 0.0, 1.0 
12.783018325340803, 4.649720008110526, 0.0, 5.000140296541235, 2.7000000000000015 
24.484154161324426, 53.918516182441635, 0.0, 1.7342137373670943, 2.7000000000000015 
21.851142476655482, 44.72898941437986, 0.0, 4.977831880894065, 2.7000000000000015 
7.980781195621207, 20.496949340158384, 0.0, 0.0, 1.0 
51.66750376681598, 53.23806435197044, 0.0, 3.8257168396272947, 2.7000000000000015 
14.899195209797124, 60.18348966436804, 0.0, 5.142949036160144, 2.7000000000000015 
32.81692379323159, 7.5778635467004944, 0.0, 0.0, 1.0 
7.072081211729833, 26.795470797402498, 0.0, 0.0, 1.0 
33.805568155802945, 19.775938888962877, 0.0, 1.3009834436671812, 1.6000000000000005 
32.83785201795996, 33.4652443825054, 0.0, 0.0, 1.0 
16.35998559332354, 22.1494026810181, 0.0, 0.0, 1.0 
44.68491134137194, 10.212073668531803, 0.0, 0.0, 1.0 
51.06577843431662, 27.402199414703695, 0.0, 3.9505276317900817, 2.7000000000000015 
7.187568785102698, 38.11440640362055, 0.0, 0.7766674784714808, 2.100000000000001 
56.31879123322448, 12.91285254507734, 0.0, 0.0, 1.0 
39.56183723490057, 20.890390491906555, 0.0, 3.4116516288455663, 2.6000000000000014 
16.39208291482273, 10.422006723052977, 0.0, 4.360870401703355, 1.1 
42.93777573456492, 61.05234874463645, 0.0, 0.0, 1.0 
9.440627509870838, 30.102048370380523, 0.0, 0.0, 1.0 
58.91808581416738, 57.776134777439566, 0.0, 3.487246690763441, 2.7000000000000015 
17.32889925231183, 20.39192448535781, 0.0, 0.0, 1.0 
38.09656948366012, 27.565483576928855, 0.0, 0.0, 1.0 
20.85104088568565, 40.2701621832149, 0.0, -1.6223061651459076, 2.7000000000000015 
23.708978734042248, 7.096860310883505, 0.0, 0.0, 1.0 
30.289072064266318, 4.565540956572708, 0.0, 0.0, 1.0 
14.37688731102034, 22.02055759953375, 0.0, 0.0, 1.0 
1.5106227893490052, 18.856365730680373, 0.0, 0.0, 1.0 
59.21723513706679, 36.58362231386828, 0.0, 4.0938542027708715, 2.7000000000000015 
16.691191709661194, 3.662834194435289, 0.0, 0.0, 1.0 
1.7958039801823882, 48.81048429926831, 0.0, 3.261062140327226, 2.7000000000000015 
34.320870592709404, 22.892513641684832, 0.0, 1.7603488672208092, 2.7000000000000015 
36.623599000172305, 49.4404712519535, 0.0, 0.0, 1.0 
13.455693469281853, 28.859186965771652, 0.0, 0.0, 1.0 
50.726108744199024, 16.370219857055652, 0.0, 0.0, 1.0 
24.553676322671176, 11.27968458894264, 0.0, 5.873853137060234, 1.1 
49.561473017267964, 46.79765214733904, 0.0, 0.0, 1.0 
23.805440014067354, 15.265246256280005, 0.0, 3.042553407070697, 2.7000000000000015 
53.716089303592774, 0.9045000462830624, 0.0, 0.0, 1.0 
42.310539414569135, 53.782624864487836, 0.0, 0.0, 1.0 
37.15825421941092, 51.39716370275828, 0.0, 0.0, 1.0 
58.28626164706492, 13.529398532685297, 0.0, 0.0, 1.0 
25.04652664159117, 56.314335624154836, 0.0, 0.0, 1.0 
40.98123853138639, 55.31190997300614, 0.0, 0.0, 1.0 
25.399319076672608, 1.7336356001504662, 0.0, 0.0, 1.0 
29.388854378736927, 2.592894249572682, 0.0, 0.0, 1.0 
50.694008576635696, 25.66187185253058, 0.0, 0.0, 1.0 
13.245561951050897, 50.36989697420212, 0.0, 0.0, 1.0 
32.948136045088326, 29.236401229828484, 0.0, 0.0, 1.0 
46.34636233909212, 40.65274843022096, 0.0, 0.0, 1.0 
8.96865374669253, 34.87166885579621, 0.0, 0.0, 1.0 
61.311684398011195, 3.2213629000588395, 0.0, 0.0, 1.0 
43.667591806921415, 52.287128270628905, 0.0, 0.0, 1.0 
58.58995776944152, 33.39417277808464, 0.0, 1.7893620841550764, 1.1 
11.376970829049375, 19.859800492449633, 0.0, 0.0, 1.0 
15.634923070524918, 61.61702967441429, 0.0, 5.043873643890055, 2.7000000000000015 
18.118417079286335, 47.78361240129969, 0.0, 3.0595833174258478, 1.5000000000000004 
51.27950746137794, 43.35394015939084, 0.0, 0.0, 1.0 
54.505372354923445, 20.066927599782613, 0.0, 0.0, 1.0 
39.082668160569895, 51.90711321398006, 0.0, 0.0, 1.0 
27.66539663958958, 15.784045465863702, 0.0, 0.7415490909402734, 2.200000000000001 
49.09875258805242, 23.02336419938453, 0.0, 0.0, 1.0 
59.45398028167473, 18.97786262603134, 0.0, 0.0, 1.0 
0.7746465590481935, 36.9803935112899, 0.0, 1.3394928478977715, 2.5000000000000013 
43.647226601640305, 57.615197158594675, 0.0, 0.0, 1.0 
16.322150596105836, 38.979033685379065, 0.0, 0.0, 1.0 
48.28551677745015, 60.358064471588946, 0.0, 0.0, 1.0 
58.774819881501536, 48.22937921964143, 0.0, 5.448274530047646, 1.1 
16.844960847179625, 25.14534733924882, 0.0, 0.0, 1.0 
45.76219086972437, 28.847912636593772, 0.0, 3.9460959632117865, 2.4000000000000012 
25.369716790949088, 44.14539765901009, 0.0, 0.0, 1.0 
50.44739229552948, 45.14785443528766, 0.0, 0.0, 1.0 
52.71027414744391, 21.119957075869365, 0.0, 0.0, 1.0 
49.37851107723511, 38.740343884536216, 0.0, 0.0, 1.0 
61.88743556814886, 60.00026852678181, 0.0, 0.0, 1.0 
22.44454479085043, 14.123029406064731, 0.0, 3.2188948026805178, 2.7000000000000015 
14.75889468167998, 51.49417959742475, 0.0, 4.986484421737394, 1.9000000000000008 
52.17551668530783, 61.53786674703241, 0.0, 0.0, 1.0 
48.516347040495724, 11.80788005674, 0.0, 0.0, 1.0 
27.68884090408689, 24.822779644009223, 0.0, 0.06355179446277445, 1.4000000000000004 
21.065918509708936, 19.954050260064985, 0.0, 0.0, 1.0 
29.08001489258696, 38.335438059327494, 0.0, 5.779202076331647, 2.7000000000000015 
8.778892979748786, 18.249454729347317, 0.0, 0.0, 1.0 
31.251232350696554, 49.90666408758866, 0.0, 0.0, 1.0 
47.88318030097286, 29.367547184740843, 0.0, 0.0, 1.0 
36.340202118332016, 33.10867951377223, 0.0, 0.0, 1.0 
31.65684730997753, 20.53897834823059, 0.0, 4.389616983484684, 2.200000000000001 
49.09145585976813, 56.9340218467509, 0.0, 0.0, 1.0 
13.291882765718897, 44.97103878703831, 0.0, 4.812378191711176, 2.7000000000000015 
24.952218487658683, 5.4714064575498425, 0.0, 0.0, 1.0 
33.68931915939238, 45.068317227411754, 0.0, 0.0, 1.0 
8.805307305505275, 32.07462267726189, 0.0, 1.0824620848921602, 1.1 
4.490990007042977, 32.359104224720724, 0.0, 0.0, 1.0 
21.703266599398678, 51.222629591803184, 0.0, 4.327118444171389, 2.7000000000000015 
9.751549956672303, 60.20255868292851, 0.0, 4.880624373513925, 1.7000000000000006 
55.12452558192234, 39.66497115263168, 0.0, 0.0, 1.0 
1.1188641808324047, 22.89872960415405, 0.0, 0.0, 1.0 
57.87787965979765, 38.47606786578526, 0.0, 4.0760929456445805, 2.7000000000000015 
14.317287935780268, 15.869548797848879, 0.0, 0.0, 1.0 
27.35838429482172, 22.354534155400913, 0.0, 0.0, 1.0 
60.545630495001674, 61.15775451067153, 0.0, 0.0, 1.0 
60.30081618616337, 43.94678659445846, 0.0, 3.6025706173486087, 2.7000000000000015 
53.348347223559735, 43.22502614545103, 0.0, 0.0, 1.0 
45.78779156284507, 22.270506622690952, 0.0, 5.018752104155717, 2.7000000000000015 
35.67862424566152, 38.263801177482165, 0.0, 0.0, 1.0 
59.60539575340441, 21.03832128888036, 0.0, 0.0, 1.0 
47.00234983281652, 56.581348686220636, 0.0, 0.0, 1.0 
56.796605492577825, 34.20501119589472, 0.0, 3.699157195604108, 2.7000000000000015 
14.84065077183522, 30.15902989602267, 0.0, 0.0, 1.0 
20.633908078018674, 25.547628187414148, 0.0, 0.0, 1.0 
5.765627283969826, 39.0649584021897, 0.0, 6.584394201029214, 1.3000000000000003 
20.2193229577863, 32.081881182226276, 0.0, -1.9593594972738142, 2.7000000000000015 
5.838213797243994, 25.17783593969647, 0.0, 0.0, 1.0 
28.147017850063495, 52.351352607286785, 0.0, 0.0, 1.0 
4.954477864983808, 19.29737564180591, 0.0, 2.1088053354446803, 1.4000000000000004 
50.567799156675264, 14.530373796869759, 0.0, 0.0, 1.0 
33.37106357706114, 10.182719145366963, 0.0, 1.9725034455305095, 1.1 
50.78601503130193, 28.560460956171603, 0.0, 4.088036160629253, 2.7000000000000015 
8.884142265550269, 9.601431434229063, 0.0, 5.1565283404606035, 2.7000000000000015 
21.41684912953913, 47.93450431821384, 0.0, 3.4101969091580098, 2.7000000000000015 
27.751095805719803, 7.754111056398886, 0.0, 0.0, 1.0 
32.242338720494246, 53.83131829277947, 0.0, 3.3050695017389495, 1.1 
40.51076504894286, 22.816315173462645, 0.0, 3.914425275076718, 2.7000000000000015 
57.65424490980977, 31.532750160144136, 0.0, 0.0, 1.0 
43.89145787830631, 42.197896613556935, 0.0, 0.0, 1.0 
3.1999558016160514, 3.5105441442773473, 0.0, 0.0, 1.0 
18.314973895977072, 38.53797058055062, 0.0, 0.0, 1.0 
60.29275015312198, 29.568488887914924, 0.0, 0.0, 1.0 
10.027624036509918, 28.149353932442214, 0.0, 0.0, 1.0 
31.117997833683354, 32.35961115871786, 0.0, 0.0, 1.0 
4.6683012624960245, 50.09468218290023, 0.0, 4.2562185271473485, 2.7000000000000015 
39.575748322496935, 56.80765455139634, 0.0, 0.0, 1.0 
34.65100494166357, 48.93695183400942, 0.0, 0.0, 1.0 
44.73338899566, 26.900778929927405, 0.0, 0.0, 1.0 
1.6007011914543956, 59.63770675884292, 0.0, 4.281855814472036, 1.5000000000000004 
11.496322410680827, 24.558341289862398, 0.0, 0.0, 1.0 
50.93780859549883, 20.179674823208366, 0.0, 0.0, 1.0 
21.791608435025505, 55.13379174671618, 0.0, 4.896981062001189, 2.300000000000001 
8.231739043493013, 1.5874508652046497, 0.0, 0.0, 1.0 
6.401203088312678, 32.17586064914052, 0.0, 0.0, 1.0 
17.20905932134547, 43.70795976615888, 0.0, 6.080031244435695, 2.7000000000000015 
37.54175251719887, 61.76443719212876, 0.0, 0.0, 1.0 
56.856021405288985, 54.53156094540119, 0.0, 0.0, 1.0 
27.21263665573869, 34.97222037768031, 0.0, 5.649950825405016, 2.4000000000000012 
11.35303084216867, 53.10554244309006, 0.0, 2.173979914786803, 2.7000000000000015 
61.10566873083807, 17.81287730665811, 0.0, 0.0, 1.0 
54.05775788557302, 27.530141646097306, 0.0, 0.0, 1.0 
40.02124629068854, 7.548775084530338, 0.0, 0.0, 1.0 
50.16241490831489, 8.883074847521991, 0.0, 0.0, 1.0 
3.848858401810778, 4.8783687153071, 0.0, 5.522985749935859, 2.7000000000000015 
43.228445909798474, 11.611833255078958, 0.0, 0.0, 1.0 
0.0467377215931336, 53.305820061445594, 0.0, 0.0, 1.0 
8.658630325830238, 44.20008396996847, 0.0, 5.405568662674081, 2.7000000000000015 
52.672927656387294, 19.166471146370927, 0.0, 0.0, 1.0 
25.07312168986738, 34.50043736119541, 0.0, 3.8018441104431018, 1.2000000000000002 
36.9740914898931, 3.366707021000257, 0.0, 0.0, 1.0 
23.202617063114896, 39.467598688009545, 0.0, 4.646454931441012, 2.7000000000000015 
1.9771041009291843, 53.88323627434862, 0.0, 0.0, 1.0 
13.768782459723504, 35.968387605240345, 0.0, 0.0, 1.0 
0.30350148636191826, 55.83917551665582, 0.0, 2.080726195294862, 1.2000000000000002 
7.1118483838523945, 13.10396877830454, 0.0, 1.764322563925792, 2.7000000000000015 
5.18099030919597, 61.271066077992465, 0.0, 0.0, 1.0 
23.50048782602936, 32.63943637914946, 0.0, 0.0, 1.0 
16.164967746900295, 7.746730380880375, 0.0, 0.0, 1.0 
52.76197319049854, 4.344468608414397, 0.0, 0.0, 1.0 
9.42870992330365, 15.10221456080229, 0.0, 0.0, 1.0 
2.889444114066802, 22.152756463694356, 0.0, 0.0, 1.0 
49.16124878816473, 35.20492179453211, 0.0, 0.0, 1.0 
54.26762079951566, 33.11928513756231, 0.0, 4.113491092452334, 2.7000000000000015 
8.794351721235051, 23.62654904105412, 0.0, 3.864065075966557, 2.7000000000000015 
20.464619289368446, 57.03547278523016, 0.0, 4.9648980884415534, 2.7000000000000015 
46.69897935283754, 31.621695816862694, 0.0, 0.0, 1.0 
41.013278726987714, 52.4442785323279, 0.0, 0.0, 1.0 
41.544570771375355, 0.6824728291645111, 0.0, 0.0, 1.0 
56.18612942020486, 23.095840374058707, 0.0, 0.0, 1.0 
40.87641038212466, 4.127728782283428, 0.0, 0.0, 1.0 
39.43601933696204, 16.04637087456899, 0.0, 5.420686582146781, 2.7000000000000015 
26.653143709007754, 38.56036025071442, 0.0, 5.862140002641907, 2.7000000000000015 
59.6509252630776, 25.18078966994456, 0.0, 0.0, 1.0 
57.519295757830676, 7.485070501661535, 0.0, 6.10807555800624, 1.3000000000000003 
2.451082188336083, 55.867072791839476, 0.0, 0.0, 1.0 
38.38380113149573, 55.24362997316141, 0.0, 0.0, 1.0 
11.527865631202502, 43.78085003699759, 0.0, 6.281705102733942, 2.7000000000000015 
16.02267029794289, 18.82898618263972, 0.0, 6.502558511580746, 2.7000000000000015 
42.03872605597661, 41.75655369428345, 0.0, 0.0, 1.0 
46.72748439688335, 27.622880316192266, 0.0, 0.0, 1.0 
55.03982183996091, 53.6123904830737, 0.0, 0.0, 1.0 
24.682434099511873, 29.231744548002666, 0.0, 0.0, 1.0 
54.25003189154874, 41.436599594339135, 0.0, 0.0, 1.0 
4.047319133181234, 47.40596467039636, 0.0, 6.0159590140665165, 2.000000000000001 
59.112272838635924, 0.6626651952316015, 0.0, 0.0, 1.0 
20.4323593265826, 11.657122456673266, 0.0, 0.0, 1.0 
4.708501664891678, 42.26172590454685, 0.0, 0.6106529910684394, 2.7000000000000015 
15.344316300692551, 12.468605451621688, 0.0, 2.663021369587528, 2.7000000000000015 
41.91772087882564, 30.842940909740754, 0.0, 0.0, 1.0 
35.43340256667288, 14.161978780065006, 0.0, 0.8627423649157813, 2.000000000000001 
49.28574798623626, 5.217342008259354, 0.0, 0.0, 1.0 
14.099682406673088, 1.4485589622538693, 0.0, 5.051106371025627, 2.7000000000000015 
33.119290199735, 22.203834459112137, 0.0, 1.5280879294031953, 2.6000000000000014 
34.14272562183137, 47.000105151184854, 0.0, 0.0, 1.0 
37.682707973103525, 23.433651676062436, 0.0, 0.0, 1.0 
36.45479597571117, 19.99689169786188, 0.0, 3.1853379103501855, 2.7000000000000015 
26.566476191812637, 40.10663962587774, 0.0, 5.669909145733716, 2.7000000000000015 
4.326246842872577, 13.605771135104444, 0.0, 4.434688769975893, 2.7000000000000015 
36.23870353663966, 27.699556311880105, 0.0, 2.0477555147597775, 2.100000000000001 
56.6772861160024, 59.989967896684014, 0.0, 0.0, 1.0 
19.780005183080743, 50.95212965749074, 0.0, 3.7852670560626125, 2.6000000000000014 
