1000
 Lattice="60.440174664510224 0.0 0.0 0.0 60.440174664510224 0.0 0.0 0.0 1.0"Properties=species:S:1:pos:R:3:aspherical_shape:R:3:orientation:R:4:Color:R:1
cell 19.573804054833445 7.771394470273489 0.0 1.0 1.0 1 0 0 0.0 1.0 0.0
cell 35.29955242365693 2.217846881661154 0.0 1.0 1.0 1 0 0 0.0 1.0 0.0
cell 50.44231630306767 57.25284727656829 0.0 1.0 1.0 1 0 0 0.0 1.0 0.0
cell 44.74834591934018 2.6895499062455377 0.0 1.0 1.0 1 0 0 0.0 1.0 0.0
cell 46.24861579734661 53.71562541107095 0.0 1.0 1.0 1 0 0 0.0 1.0 0.0
cell 17.096082031411807 4.508766619484019 0.0 1.0 1.0 1 0 0 0.0 1.0 0.0
cell 45.5828884932023 48.2502798612929 0.0 1.0 1.0 1 0 0 0.0 1.0 0.0
cell 15.773892188855436 45.30022459946841 0.0 1.0 1.0 1 0 0 0.0 1.0 0.0
cell 49.41028299714467 47.00826839396199 0.0 1.0 1.0 1 0 0 0.0 1.0 0.0
cell 4.1763596938528105 33.86299375192782 0.0 1.0 1.0 1 0 0 0.0 1.0 0.0
cell 0.36714399330402914 1.5666069124993485 0.0 1.0 1.0 1 0 0 0.0 1.0 0.0
cell 41.680042713084696 56.55891209537589 0.0 1.0 1.0 1 0 0 0.0 1.0 0.0
cell 32.69164066186656 39.533005424488344 0.0 1.0 1.0 1 0 0 0.0 1.0 0.0
cell 36.19027762680079 23.461879993488576 0.0 1.0 1.0 1 0 0 0.0 1.0 0.0
cell 24.84826384516186 8.865741269853533 0.0 1.0 1.0 1 0 0 0.0 1.0 0.0
cell 0.8905700929034951 3.498528798210762 0.0 1.0 1.0 1 0 0 0.0 1.0 0.0
cell 38.330288772336914 55.27744466223996 0.0 1.0 1.0 1 0 0 0.0 1.0 0.0
cell 60.39316921059635 14.266078400666332 0.0 1.0 1.0 1 0 0 0.0 1.0 0.0
cell 25.845149416714253 15.883530134553176 0.0 1.0 1.0 1 0 0 0.0 1.0 0.0
cell 20.377717725632365 5.879069849117953 0.0 1.0 1.0 1 0 0 0.0 1.0 0.0
cell 0.46124956481722174 38.768580445253676 0.0 1.0 1.0 1 0 0 0.0 1.0 0.0
cell 1.8354772463635454 28.12682403461787 0.0 1.0 1.0 1 0 0 0.0 1.0 0.0
cell 35.874746603450035 42.16765528293049 0.0 1.0 1.0 1 0 0 0.0 1.0 0.0
cell 5.243267768087275 59.62304282674096 0.0 1.0 1.0 1 0 0 0.0 1.0 0.0
cell 5.35740357086759 21.40557872205387 0.0 1.0 1.0 1 0 0 0.0 1.0 0.0
cell 46.11826262952412 13.124440661518433 0.0 1.0 1.0 1 0 0 0.0 1.0 0.0
cell 50.461450261050274 49.89339759668863 0.0 1.0 1.0 1 0 0 0.0 1.0 0.0
cell 34.878118758039065 21.877270666144074 0.0 1.0 1.0 1 0 0 0.0 1.0 0.0
cell 57.818695291107176 57.513771484736665 0.0 1.0 1.0 1 0 0 0.0 1.0 0.0
cell 30.473245250812106 4.601471269752921 0.0 1.0 1.0 1 0 0 0.0 1.0 0.0
cell 55.977994361158366 25.810196994758915 0.0 1.0 1.0 1 0 0 0.0 1.0 0.0
cell 38.19871234401221 48.85664459888633 0.0 1.0 1.0 1 0 0 0.0 1.0 0.0
cell 46.19861197132602 23.000470160647136 0.0 1.0 1.0 1 0 0 0.0 1.0 0.0
cell 53.01215720083554 21.36244771816885 0.0 1.0 1.0 1 0 0 0.0 1.0 0.0
cell 52.8919215908611 59.7687262772519 0.0 1.0 1.0 1 0 0 0.0 1.0 0.0
cell 49.119087135053995 5.483567086509738 0.0 1.0 1.0 1 0 0 0.0 1.0 0.0
cell 37.92535032255457 32.18513082256111 0.0 1.0 1.0 1 0 0 0.0 1.0 0.0
cell 48.60412539048778 18.283898987066163 0.0 1.0 1.0 1 0 0 0.0 1.0 0.0
cell 31.649845054149193 26.13624356356407 0.0 1.0 1.0 1 0 0 0.0 1.0 0.0
cell 43.30764586987011 15.279767943144442 0.0 1.0 1.0 1 0 0 0.0 1.0 0.0
cell 24.61500944243598 14.320352003797383 0.0 1.0 1.0 1 0 0 0.0 1.0 0.0
cell 32.6518834808816 13.204453818570007 0.0 1.0 1.0 1 0 0 0.0 1.0 0.0
cell 21.293159638710737 12.88880478612454 0.0 1.0 1.0 1 0 0 0.0 1.0 0.0
cell 44.58444888561211 26.25280420068666 0.0 1.0 1.0 1 0 0 0.0 1.0 0.0
cell 4.721859023529545 50.225088949724054 0.0 1.0 1.0 1 0 0 0.0 1.0 0.0
cell 51.83982518635582 48.40969079510601 0.0 1.0 1.0 1 0 0 0.0 1.0 0.0
cell 25.047432824861687 54.911260637612514 0.0 1.0 1.0 1 0 0 0.0 1.0 0.0
cell 2.2232656780885733 47.85979016558157 0.0 1.0 1.0 1 0 0 0.0 1.0 0.0
cell 39.64487607902126 56.82387389397532 0.0 1.0 1.0 1 0 0 0.0 1.0 0.0
cell 4.933832877344921 35.76634593815243 0.0 1.0 1.0 1 0 0 0.0 1.0 0.0
cell 50.4071444515489 4.000681144292961 0.0 1.140175425099138 0.8770580193070291 1 0 0 0.42387582445031136 0.9057203130362975 0.8754406591230542
cell 19.420700329348833 59.22285485149515 0.0 1.0 1.0 1 0 0 0.0 1.0 0.0
cell 54.02021984202313 17.9679175285107 0.0 1.0 1.0 1 0 0 0.0 1.0 0.0
cell 34.88108541589866 29.420783475204072 0.0 1.0 1.0 1 0 0 0.0 1.0 0.0
cell 4.323699966191174 17.40239272034194 0.0 1.0 1.0 1 0 0 0.0 1.0 0.0
cell 9.406622714957551 32.88837168938168 0.0 1.0 1.0 1 0 0 0.0 1.0 0.0
cell 48.68242841384421 41.642728049073824 0.0 1.0 1.0 1 0 0 0.0 1.0 0.0
cell 37.8092905532359 5.422982104282827 0.0 1.0 1.0 1 0 0 0.0 1.0 0.0
cell 13.810827316206376 26.240825567549564 0.0 1.0 1.0 1 0 0 0.0 1.0 0.0
cell 33.627417527856025 25.80162784472086 0.0 1.0 1.0 1 0 0 0.0 1.0 0.0
cell 38.214487922661974 23.001116258367126 0.0 1.0 1.0 1 0 0 0.0 1.0 0.0
cell 46.94078282084999 57.415054112646764 0.0 1.0 1.0 1 0 0 0.0 1.0 0.0
cell 53.30935709110066 46.96230841586346 0.0 1.0 1.0 1 0 0 0.0 1.0 0.0
cell 15.672488887475529 17.155833059928288 0.0 1.0 1.0 1 0 0 0.0 1.0 0.0
cell 32.30389742990832 41.51649489164476 0.0 1.0 1.0 1 0 0 0.0 1.0 0.0
cell 26.583439030423488 35.85032203108946 0.0 1.0 1.0 1 0 0 0.0 1.0 0.0
cell 37.79126056315078 41.52826357990318 0.0 1.0 1.0 1 0 0 0.0 1.0 0.0
cell 38.74320464506439 12.372840820154853 0.0 1.0 1.0 1 0 0 0.0 1.0 0.0
cell 51.12164309500012 28.22191675997721 0.0 1.0 1.0 1 0 0 0.0 1.0 0.0
cell 28.297780007853262 56.35877993511709 0.0 1.0 1.0 1 0 0 0.0 1.0 0.0
cell 1.858846137587261 0.09016054045522329 0.0 1.0 1.0 1 0 0 0.0 1.0 0.0
cell 27.050555378779656 54.72358563839447 0.0 1.0 1.0 1 0 0 0.0 1.0 0.0
cell 24.689661056767882 23.187707222377703 0.0 1.0 1.0 1 0 0 0.0 1.0 0.0
cell 7.746012629713292 37.96969916409087 0.0 1.0 1.0 1 0 0 0.0 1.0 0.0
cell 33.608691545365915 57.50245636740074 0.0 1.0 1.0 1 0 0 0.0 1.0 0.0
cell 54.43077135594011 5.2582640200221595 0.0 1.0 1.0 1 0 0 0.0 1.0 0.0
cell 52.402384447421504 50.39652470895254 0.0 1.0 1.0 1 0 0 0.0 1.0 0.0
cell 10.844354248179034 56.87560369347419 0.0 1.0 1.0 1 0 0 0.0 1.0 0.0
cell 16.497727366162522 33.00173285412462 0.0 1.0 1.0 1 0 0 0.0 1.0 0.0
cell 57.89850985662111 4.345146203325261 0.0 1.0 1.0 1 0 0 0.0 1.0 0.0
cell 35.639937014452265 19.935917607911108 0.0 1.0 1.0 1 0 0 0.0 1.0 0.0
cell 35.1466774196589 16.440743498182595 0.0 1.0 1.0 1 0 0 0.0 1.0 0.0
cell 6.416886884181002 10.7361264360028 0.0 1.0 1.0 1 0 0 0.0 1.0 0.0
cell 24.303524088773962 48.81690830895405 0.0 1.0 1.0 1 0 0 0.0 1.0 0.0
cell 32.98152925896417 7.770762238043947 0.0 1.0 1.0 1 0 0 0.0 1.0 0.0
cell 46.4040278937948 34.938112280806855 0.0 1.0 1.0 1 0 0 0.0 1.0 0.0
cell 45.647864244466035 9.636725358016045 0.0 1.0 1.0 1 0 0 0.0 1.0 0.0
cell 19.752893494306168 16.68008361664621 0.0 1.0 1.0 1 0 0 0.0 1.0 0.0
cell 38.710527600551615 28.23599789404851 0.0 1.0 1.0 1 0 0 0.0 1.0 0.0
cell 48.601660809292426 10.931701196279763 0.0 1.0 1.0 1 0 0 0.0 1.0 0.0
cell 35.59066872030257 25.40058197491835 0.0 1.0 1.0 1 0 0 0.0 1.0 0.0
cell 36.30584942592466 49.521160553252535 0.0 1.0 1.0 1 0 0 0.0 1.0 0.0
cell 4.371073463645894 10.085368640122207 0.0 1.0 1.0 1 0 0 0.0 1.0 0.0
cell 38.86351165990725 58.64145747891138 0.0 1.0 1.0 1 0 0 0.0 1.0 0.0
cell 22.230112882747203 19.944462688359394 0.0 1.0 1.0 1 0 0 0.0 1.0 0.0
cell 54.49667128327648 27.200139643445638 0.0 1.0 1.0 1 0 0 0.0 1.0 0.0
cell 53.06825312541377 28.721617113198327 0.0 1.0 1.0 1 0 0 0.0 1.0 0.0
cell 43.001011565776 25.014157435138735 0.0 1.0 1.0 1 0 0 0.0 1.0 0.0
cell 30.151538353946684 9.95284143072917 0.0 1.0 1.0 1 0 0 0.0 1.0 0.0
cell 8.06746695658227 43.49983363064343 0.0 1.0 1.0 1 0 0 0.0 1.0 0.0
cell 33.24862777720163 2.47895779921455 0.0 1.0 1.0 1 0 0 0.0 1.0 0.0
cell 57.76662513712774 31.261098943615938 0.0 1.0 1.0 1 0 0 0.0 1.0 0.0
cell 7.445013608611734 32.57223804176295 0.0 1.0 1.0 1 0 0 0.0 1.0 0.0
cell 44.4317705620717 44.86056133191487 0.0 1.0 1.0 1 0 0 0.0 1.0 0.0
cell 23.040105377707235 18.085469971748708 0.0 1.0 1.0 1 0 0 0.0 1.0 0.0
cell 47.08731912939416 49.605691837907564 0.0 1.0 1.0 1 0 0 0.0 1.0 0.0
cell 18.296285134808926 32.038884769247616 0.0 1.0 1.0 1 0 0 0.0 1.0 0.0
cell 46.85502750461959 11.228698657772265 0.0 1.0 1.0 1 0 0 0.0 1.0 0.0
cell 0.7635297116923354 44.076513409573884 0.0 1.0 1.0 1 0 0 0.0 1.0 0.0
cell 15.461113865433186 51.399157767153916 0.0 1.0 1.0 1 0 0 0.0 1.0 0.0
cell 25.616985174197037 6.980473580960934 0.0 1.0 1.0 1 0 0 0.0 1.0 0.0
cell 53.825551892356046 48.956440066968895 0.0 1.0 1.0 1 0 0 0.0 1.0 0.0
cell 12.18118550717235 51.26742766169259 0.0 1.0 1.0 1 0 0 0.0 1.0 0.0
cell 13.665688517563465 17.391594730191034 0.0 1.0 1.0 1 0 0 0.0 1.0 0.0
cell 37.03796708183773 53.19417471090609 0.0 1.0 1.0 1 0 0 0.0 1.0 0.0
cell 34.729136182490265 48.157784318592526 0.0 1.0 1.0 1 0 0 0.0 1.0 0.0
cell 47.54448711462504 0.5067037633532239 0.0 1.0 1.0 1 0 0 0.0 1.0 0.0
cell 34.176526370708125 23.80985905791156 0.0 1.0 1.0 1 0 0 0.0 1.0 0.0
cell 53.08628312122197 43.031161989933544 0.0 1.0 1.0 1 0 0 0.0 1.0 0.0
cell 33.53368925426164 44.79397783588566 0.0 1.0 1.0 1 0 0 0.0 1.0 0.0
cell 54.366443325504804 58.36826308055694 0.0 1.0 1.0 1 0 0 0.0 1.0 0.0
cell 2.4475269110508067 39.01265665407925 0.0 1.0 1.0 1 0 0 0.0 1.0 0.0
cell 31.30616879900638 47.562879981631056 0.0 1.0 1.0 1 0 0 0.0 1.0 0.0
cell 25.458253008921158 58.48187679343123 0.0 1.0 1.0 1 0 0 0.0 1.0 0.0
cell 34.50654053084477 4.116888715597939 0.0 1.0 1.0 1 0 0 0.0 1.0 0.0
cell 41.69579239883073 49.471238990485176 0.0 1.0 1.0 1 0 0 0.0 1.0 0.0
cell 56.44158056967283 13.151987683162403 0.0 1.0 1.0 1 0 0 0.0 1.0 0.0
cell 9.131819564021232 27.36801782537779 0.0 1.0 1.0 1 0 0 0.0 1.0 0.0
cell 2.7094537017700415 49.76732555096614 0.0 1.0 1.0 1 0 0 0.0 1.0 0.0
cell 2.2973453968834883 55.17139389781517 0.0 1.0 1.0 1 0 0 0.0 1.0 0.0
cell 49.566496323596226 22.18888364440884 0.0 1.0 1.0 1 0 0 0.0 1.0 0.0
cell 39.34159647120463 1.6602119351476188 0.0 1.0 1.0 1 0 0 0.0 1.0 0.0
cell 44.89663135869537 33.6091974090475 0.0 1.0 1.0 1 0 0 0.0 1.0 0.0
cell 6.3330722632256515 48.63178235217248 0.0 1.0954451150103324 0.9128709291752768 1 0 0 0.3304711453309898 -0.9438160954887471 5.609579860308289
cell 21.493332887498358 36.37238852376124 0.0 1.0 1.0 1 0 0 0.0 1.0 0.0
cell 5.88038783772234 28.69623648824852 0.0 1.0 1.0 1 0 0 0.0 1.0 0.0
cell 20.964985846165522 46.56673382819594 0.0 1.0 1.0 1 0 0 0.0 1.0 0.0
cell 42.18936646492202 28.95542349663075 0.0 1.0 1.0 1 0 0 0.0 1.0 0.0
cell 22.20529222351726 57.10820381891773 0.0 1.0 1.0 1 0 0 0.0 1.0 0.0
cell 1.2826087682304226 51.21745714812369 0.0 1.0 1.0 1 0 0 0.0 1.0 0.0
cell 56.90967873429246 7.77161667750458 0.0 1.0 1.0 1 0 0 0.0 1.0 0.0
cell 22.337837634934047 5.615763645007763 0.0 1.0 1.0 1 0 0 0.0 1.0 0.0
cell 60.30214401664 59.97648515181865 0.0 1.0 1.0 1 0 0 0.0 1.0 0.0
cell 6.372386514986319 25.245615951048634 0.0 1.0 1.0 1 0 0 0.0 1.0 0.0
cell 38.19068762900393 39.563963912946654 0.0 1.0 1.0 1 0 0 0.0 1.0 0.0
cell 20.02824521303218 31.094025865877697 0.0 1.0 1.0 1 0 0 0.0 1.0 0.0
cell 23.822436838189084 16.1612849720412 0.0 1.0 1.0 1 0 0 0.0 1.0 0.0
cell 40.51343652553524 17.401480969026764 0.0 1.0 1.0 1 0 0 0.0 1.0 0.0
cell 58.92087863867992 8.357526454877584 0.0 1.0 1.0 1 0 0 0.0 1.0 0.0
cell 40.99827957915996 34.907346484290045 0.0 1.0 1.0 1 0 0 0.0 1.0 0.0
cell 27.979662398503788 1.3313298002844622 0.0 1.0 1.0 1 0 0 0.0 1.0 0.0
cell 9.254239716231714 0.17762758279111884 0.0 1.0 1.0 1 0 0 0.0 1.0 0.0
cell 4.881601703611871 4.62984123890311 0.0 1.0 1.0 1 0 0 0.0 1.0 0.0
cell 40.71318389689383 27.621250574553383 0.0 1.0 1.0 1 0 0 0.0 1.0 0.0
cell 52.53545273224071 26.732766028370634 0.0 1.0 1.0 1 0 0 0.0 1.0 0.0
cell 32.59603379130788 32.09605320050389 0.0 1.0 1.0 1 0 0 0.0 1.0 0.0
cell 13.826336740801345 48.269587695281324 0.0 1.0 1.0 1 0 0 0.0 1.0 0.0
cell 27.596113189042047 29.919888759806994 0.0 1.0 1.0 1 0 0 0.0 1.0 0.0
cell 17.8915415622916 38.239760262032156 0.0 1.0 1.0 1 0 0 0.0 1.0 0.0
cell 57.23138923160687 48.169476884083494 0.0 1.0 1.0 1 0 0 0.0 1.0 0.0
cell 60.326241660531956 27.483514079415084 0.0 1.0 1.0 1 0 0 0.0 1.0 0.0
cell 35.98745279258124 32.81259651153966 0.0 1.0 1.0 1 0 0 0.0 1.0 0.0
cell 9.63129676905 55.27688359672865 0.0 1.0 1.0 1 0 0 0.0 1.0 0.0
cell 52.446665561362565 57.83183056954567 0.0 1.0 1.0 1 0 0 0.0 1.0 0.0
cell 26.773861491228534 33.868730202423144 0.0 1.0 1.0 1 0 0 0.0 1.0 0.0
cell 56.01194919884175 36.32405657817851 0.0 1.0 1.0 1 0 0 0.0 1.0 0.0
cell 55.69276122415402 31.004728031760955 0.0 1.0 1.0 1 0 0 0.0 1.0 0.0
cell 44.45492550472773 35.60360971961995 0.0 1.0 1.0 1 0 0 0.0 1.0 0.0
cell 18.195173956963632 57.618088921814405 0.0 1.0 1.0 1 0 0 0.0 1.0 0.0
cell 1.443617268078905 20.293925026405283 0.0 1.0 1.0 1 0 0 0.0 1.0 0.0
cell 58.45758091571878 27.995287236128085 0.0 1.0 1.0 1 0 0 0.0 1.0 0.0
cell 38.61098815061899 3.5436451977225807 0.0 1.0 1.0 1 0 0 0.0 1.0 0.0
cell 12.171578589113498 45.13253263059513 0.0 1.0 1.0 1 0 0 0.0 1.0 0.0
cell 54.8387069921685 60.33899678691021 0.0 1.0 1.0 1 0 0 0.0 1.0 0.0
cell 37.62270287022534 57.012481911768724 0.0 1.0 1.0 1 0 0 0.0 1.0 0.0
cell 8.527652836777847 10.959924368032643 0.0 1.0488088481701516 0.9534625892455922 1 0 0 0.19757178445684082 -0.9802884218364204 5.885424791811142
cell 38.90161292007921 53.630623833545705 0.0 1.0 1.0 1 0 0 0.0 1.0 0.0
cell 42.861222002520705 11.798145933296718 0.0 1.0 1.0 1 0 0 0.0 1.0 0.0
cell 35.5925455219711 34.85291431666393 0.0 1.0 1.0 1 0 0 0.0 1.0 0.0
cell 56.396491757191924 5.853488146203052 0.0 1.0 1.0 1 0 0 0.0 1.0 0.0
cell 48.34707010952305 34.28834283592289 0.0 1.0 1.0 1 0 0 0.0 1.0 0.0
cell 56.93899113330649 15.125131193322497 0.0 1.0 1.0 1 0 0 0.0 1.0 0.0
cell 35.56953296079301 57.24428606173088 0.0 1.0 1.0 1 0 0 0.0 1.0 0.0
cell 59.40666898554227 10.286545522831473 0.0 1.0 1.0 1 0 0 0.0 1.0 0.0
cell 17.54412427324996 8.022585660654832 0.0 1.0 1.0 1 0 0 0.0 1.0 0.0
cell 53.405630188100794 54.41479517245576 0.0 1.0 1.0 1 0 0 0.0 1.0 0.0
cell 3.8339520346310274 28.435266345048596 0.0 1.0 1.0 1 0 0 0.0 1.0 0.0
cell 54.34512751687186 50.9770558270982 0.0 1.0 1.0 1 0 0 0.0 1.0 0.0
cell 55.95540437321329 11.144733424047136 0.0 1.0 1.0 1 0 0 0.0 1.0 0.0
cell 29.069480597560624 26.096146840819273 0.0 1.0 1.0 1 0 0 0.0 1.0 0.0
cell 13.928080834075255 52.59568524325112 0.0 1.0 1.0 1 0 0 0.0 1.0 0.0
cell 12.362377092885275 35.105391367244266 0.0 1.0488088481701516 0.9534625892455922 1 0 0 0.17905867809334974 0.9838383961807254 0.36005916538588545
cell 28.622240350784107 13.719407854671692 0.0 1.0 1.0 1 0 0 0.0 1.0 0.0
cell 12.330879538860746 43.07507004542167 0.0 1.0 1.0 1 0 0 0.0 1.0 0.0
cell 10.064696148954479 21.457501988963376 0.0 1.0 1.0 1 0 0 0.0 1.0 0.0
cell 56.475676671199444 20.488456253909977 0.0 1.0 1.0 1 0 0 0.0 1.0 0.0
cell 3.579296702495579 46.346526775035876 0.0 1.0 1.0 1 0 0 0.0 1.0 0.0
cell 9.299788579267917 23.313051282116803 0.0 1.0 1.0 1 0 0 0.0 1.0 0.0
cell 30.650035152622344 32.6775048138476 0.0 1.0 1.0 1 0 0 0.0 1.0 0.0
cell 23.80889200125665 53.318598179925395 0.0 1.0 1.0 1 0 0 0.0 1.0 0.0
cell 23.0944451773205 39.52266167340956 0.0 1.0 1.0 1 0 0 0.0 1.0 0.0
cell 30.930335287169637 49.592385724338456 0.0 1.0 1.0 1 0 0 0.0 1.0 0.0
cell 32.49068837413732 4.352460816089406 0.0 1.0 1.0 1 0 0 0.0 1.0 0.0
cell 43.95856356140604 4.545999171738182 0.0 1.0 1.0 1 0 0 0.0 1.0 0.0
cell 37.333055570657386 1.9417694374172996 0.0 1.0 1.0 1 0 0 0.0 1.0 0.0
cell 29.890859842446073 15.383630213530056 0.0 1.0 1.0 1 0 0 0.0 1.0 0.0
cell 30.845613320895577 22.48083687554183 0.0 1.0 1.0 1 0 0 0.0 1.0 0.0
cell 16.61490428612908 24.19787525192002 0.0 1.0 1.0 1 0 0 0.0 1.0 0.0
cell 6.471672468147548 39.568064154590914 0.0 1.0 1.0 1 0 0 0.0 1.0 0.0
cell 48.624519086672365 56.816991284891145 0.0 1.0 1.0 1 0 0 0.0 1.0 0.0
cell 57.28393155906441 55.52750063402102 0.0 1.0 1.0 1 0 0 0.0 1.0 0.0
cell 12.723396951772996 31.511206970890782 0.0 1.0 1.0 1 0 0 0.0 1.0 0.0
cell 47.111272238063236 19.70134216636801 0.0 1.0 1.0 1 0 0 0.0 1.0 0.0
cell 8.545544464990817 39.826801537359444 0.0 1.0 1.0 1 0 0 0.0 1.0 0.0
cell 31.86298273999191 52.41928116313799 0.0 1.0 1.0 1 0 0 0.0 1.0 0.0
cell 21.08866878549302 44.54067946889344 0.0 1.0 1.0 1 0 0 0.0 1.0 0.0
cell 55.03243779678332 29.146796421911823 0.0 1.0 1.0 1 0 0 0.0 1.0 0.0
cell 1.9885032147079993 42.52769706928148 0.0 1.0 1.0 1 0 0 0.0 1.0 0.0
cell 51.01504915771467 13.456807049209702 0.0 1.0 1.0 1 0 0 0.0 1.0 0.0
cell 33.111109523148926 54.02917512703407 0.0 1.0 1.0 1 0 0 0.0 1.0 0.0
cell 21.316116137660615 40.47035951081791 0.0 1.0 1.0 1 0 0 0.0 1.0 0.0
cell 50.909864271583636 51.87597290180931 0.0 1.0 1.0 1 0 0 0.0 1.0 0.0
cell 23.378286614602253 33.34970905026026 0.0 1.0 1.0 1 0 0 0.0 1.0 0.0
cell 57.38467498946614 9.783893065403712 0.0 1.0 1.0 1 0 0 0.0 1.0 0.0
cell 19.49621047646519 41.44873989329782 0.0 1.0 1.0 1 0 0 0.0 1.0 0.0
cell 59.32523288294033 34.980374129900596 0.0 1.0 1.0 1 0 0 0.0 1.0 0.0
cell 33.867135274528884 42.84440324220457 0.0 1.0 1.0 1 0 0 0.0 1.0 0.0
cell 14.368328538606004 38.03740353690642 0.0 1.0 1.0 1 0 0 0.0 1.0 0.0
cell 55.58427274093428 39.79146470301994 0.0 1.0 1.0 1 0 0 0.0 1.0 0.0
cell 10.413112583488626 46.09845152068369 0.0 1.0 1.0 1 0 0 0.0 1.0 0.0
cell 6.816604592274038 19.97821424534507 0.0 1.0 1.0 1 0 0 0.0 1.0 0.0
cell 42.963092033183614 58.053692717139526 0.0 1.0 1.0 1 0 0 0.0 1.0 0.0
cell 22.56224804817497 14.54006046974242 0.0 1.0 1.0 1 0 0 0.0 1.0 0.0
cell 54.31867810399155 41.43501600378775 0.0 1.0 1.0 1 0 0 0.0 1.0 0.0
cell 59.80312233844283 58.032542916888794 0.0 1.0 1.0 1 0 0 0.0 1.0 0.0
cell 33.15109151745256 37.49815703099954 0.0 1.0 1.0 1 0 0 0.0 1.0 0.0
cell 26.90313674894256 8.629185354306266 0.0 1.0 1.0 1 0 0 0.0 1.0 0.0
cell 59.78544021795322 31.460225476050912 0.0 1.0 1.0 1 0 0 0.0 1.0 0.0
cell 12.99789017563342 28.093341265810423 0.0 1.0 1.0 1 0 0 0.0 1.0 0.0
cell 56.32845278534973 41.7264287697792 0.0 1.0 1.0 1 0 0 0.0 1.0 0.0
cell 29.530684274835263 58.00912793344822 0.0 1.0 1.0 1 0 0 0.0 1.0 0.0
cell 30.66586285954581 13.524357623551337 0.0 1.0 1.0 1 0 0 0.0 1.0 0.0
cell 43.72200531303722 56.16486403774781 0.0 1.0 1.0 1 0 0 0.0 1.0 0.0
cell 37.41820978429328 43.49356514354385 0.0 1.0 1.0 1 0 0 0.0 1.0 0.0
cell 2.4055239505674457 9.491573582790583 0.0 1.0 1.0 1 0 0 0.0 1.0 0.0
cell 53.397469039367344 1.3294669640717613 0.0 1.0 1.0 1 0 0 0.0 1.0 0.0
cell 60.37183889949784 6.9095205942748565 0.0 1.0 1.0 1 0 0 0.0 1.0 0.0
cell 51.9826610228422 35.60527303583576 0.0 1.0 1.0 1 0 0 0.0 1.0 0.0
cell 57.058334749091664 29.47172343400764 0.0 1.0 1.0 1 0 0 0.0 1.0 0.0
cell 31.582182751056553 20.534159383369754 0.0 1.0 1.0 1 0 0 0.0 1.0 0.0
cell 28.39928389292733 4.8326996115145215 0.0 1.0 1.0 1 0 0 0.0 1.0 0.0
cell 37.174470799984825 26.86055135459994 0.0 1.0 1.0 1 0 0 0.0 1.0 0.0
cell 12.898559342340356 19.27305204592146 0.0 1.0 1.0 1 0 0 0.0 1.0 0.0
cell 38.96600429561899 44.84806340091888 0.0 1.0 1.0 1 0 0 0.0 1.0 0.0
cell 30.361920319538292 42.218788307697444 0.0 1.0 1.0 1 0 0 0.0 1.0 0.0
cell 43.77217032195378 30.31546838413063 0.0 1.0 1.0 1 0 0 0.0 1.0 0.0
cell 22.224311261505036 29.330899921164217 0.0 1.140175425099138 0.8770580193070291 1 0 0 0.6928535594713892 0.7210783210774169 1.530877835791633
cell 4.216036562093103 55.66075361334572 0.0 1.0 1.0 1 0 0 0.0 1.0 0.0
cell 21.630761112978075 34.28924688376037 0.0 1.0 1.0 1 0 0 0.0 1.0 0.0
cell 7.541181930215833 23.591780987229143 0.0 1.0 1.0 1 0 0 0.0 1.0 0.0
cell 12.4572716441648 41.05268797389173 0.0 1.0 1.0 1 0 0 0.0 1.0 0.0
cell 47.950761134123724 52.935588000809105 0.0 1.0 1.0 1 0 0 0.0 1.0 0.0
cell 5.64872197548682 46.752737073804724 0.0 1.0 1.0 1 0 0 0.0 1.0 0.0
cell 47.60797110298078 28.95572666762345 0.0 1.0 1.0 1 0 0 0.0 1.0 0.0
cell 30.071649945382116 44.21987387679051 0.0 1.0 1.0 1 0 0 0.0 1.0 0.0
cell 57.36684773864923 2.4309196818889798 0.0 1.0 1.0 1 0 0 0.0 1.0 0.0
cell 51.89900042593586 2.743917879555448 0.0 1.0 1.0 1 0 0 0.0 1.0 0.0
cell 44.69451342618742 24.256084906580455 0.0 1.0 1.0 1 0 0 0.0 1.0 0.0
cell 9.824961898725576 3.627892160679044 0.0 1.0 1.0 1 0 0 0.0 1.0 0.0
cell 30.06393435683527 24.350132104150696 0.0 1.0 1.0 1 0 0 0.0 1.0 0.0
cell 8.175878059695979 56.714664016959475 0.0 1.0 1.0 1 0 0 0.0 1.0 0.0
cell 7.8949454777165355 1.669101490137705 0.0 1.0 1.0 1 0 0 0.0 1.0 0.0
cell 55.88652725873645 3.8523879973716655 0.0 1.0 1.0 1 0 0 0.0 1.0 0.0
cell 3.221955400153684 40.92072996987957 0.0 1.0 1.0 1 0 0 0.0 1.0 0.0
cell 51.575493823470325 22.769111586879585 0.0 1.0 1.0 1 0 0 0.0 1.0 0.0
cell 17.663053620695578 42.302618378338785 0.0 1.0 1.0 1 0 0 0.0 1.0 0.0
cell 23.097144863430387 27.125833550505856 0.0 1.0 1.0 1 0 0 0.0 1.0 0.0
cell 23.528950405491017 30.907455858339677 0.0 1.0488088481701516 0.9534625892455922 1 0 0 0.5943497017957318 -0.8042067097303558 5.010271734914909
cell 12.080533015916268 21.20136022261991 0.0 1.0 1.0 1 0 0 0.0 1.0 0.0
cell 54.79203252831731 37.93323004421984 0.0 1.0 1.0 1 0 0 0.0 1.0 0.0
cell 56.46792327725826 27.66899207245456 0.0 1.0 1.0 1 0 0 0.0 1.0 0.0
cell 12.167007980875903 58.432765321758495 0.0 1.0 1.0 1 0 0 0.0 1.0 0.0
cell 40.149524318386405 48.17350661609981 0.0 1.0 1.0 1 0 0 0.0 1.0 0.0
cell 47.627396317688095 21.635748664012855 0.0 1.0 1.0 1 0 0 0.0 1.0 0.0
cell 49.04383892381184 39.586973806347125 0.0 1.0 1.0 1 0 0 0.0 1.0 0.0
cell 29.56686029185787 29.390704435725954 0.0 1.0 1.0 1 0 0 0.0 1.0 0.0
cell 29.85812965938372 52.60257511035887 0.0 1.0 1.0 1 0 0 0.0 1.0 0.0
cell 41.80607110806863 30.935513693959056 0.0 1.0 1.0 1 0 0 0.0 1.0 0.0
cell 1.3679598048931825 31.701984802708466 0.0 1.0 1.0 1 0 0 0.0 1.0 0.0
cell 10.22743601205013 34.74708996191913 0.0 1.0 1.0 1 0 0 0.0 1.0 0.0
cell 44.12708101617578 28.287269433773112 0.0 1.0 1.0 1 0 0 0.0 1.0 0.0
cell 25.512316325809998 30.392245513922536 0.0 1.0 1.0 1 0 0 0.0 1.0 0.0
cell 43.16627143994201 6.41653805273399 0.0 1.0 1.0 1 0 0 0.0 1.0 0.0
cell 26.73120013923951 41.75551626500489 0.0 1.0488088481701516 0.9534625892455922 1 0 0 0.20508393050313636 -0.9787443902518087 5.87008638771712
cell 3.026948080549609 26.45106396893181 0.0 1.0488088481701516 0.9534625892455922 1 0 0 0.6113311961392027 0.7913748597390566 1.315483262336269
cell 18.007379128860087 11.526326415603224 0.0 1.0 1.0 1 0 0 0.0 1.0 0.0
cell 24.864457398428424 36.60039540738374 0.0 1.0 1.0 1 0 0 0.0 1.0 0.0
cell 54.43558574751583 32.53388825908536 0.0 1.0 1.0 1 0 0 0.0 1.0 0.0
cell 29.730696791042554 46.2839276198869 0.0 1.0 1.0 1 0 0 0.0 1.0 0.0
cell 37.03805014553122 45.52866768808665 0.0 1.0 1.0 1 0 0 0.0 1.0 0.0
cell 42.840702862596515 43.54296711000796 0.0 1.0 1.0 1 0 0 0.0 1.0 0.0
cell 26.45162654558562 37.920920728196144 0.0 1.0 1.0 1 0 0 0.0 1.0 0.0
cell 46.81400830093691 32.9761032391923 0.0 1.0 1.0 1 0 0 0.0 1.0 0.0
cell 14.747459697564675 10.093081131417906 0.0 1.0 1.0 1 0 0 0.0 1.0 0.0
cell 28.123067933440723 45.02569114600332 0.0 1.0 1.0 1 0 0 0.0 1.0 0.0
cell 55.103519316472834 43.375027584735484 0.0 1.0 1.0 1 0 0 0.0 1.0 0.0
cell 29.069822482591366 54.49073000981879 0.0 1.0 1.0 1 0 0 0.0 1.0 0.0
cell 15.984370644868143 41.21302077702946 0.0 1.0 1.0 1 0 0 0.0 1.0 0.0
cell 27.85788868694087 52.86878921761471 0.0 1.0 1.0 1 0 0 0.0 1.0 0.0
cell 0.20172852784991188 47.45124864486926 0.0 1.0 1.0 1 0 0 0.0 1.0 0.0
cell 35.248652748433905 27.399404496578573 0.0 1.0 1.0 1 0 0 0.0 1.0 0.0
cell 51.93852013919014 55.82198470747952 0.0 1.0 1.0 1 0 0 0.0 1.0 0.0
cell 1.9135571104249922 14.849633718062874 0.0 1.0 1.0 1 0 0 0.0 1.0 0.0
cell 14.014212582655597 29.85836194729217 0.0 1.0488088481701516 0.9534625892455922 1 0 0 0.6923791374834242 -0.7215338730632884 4.753622923933797
cell 0.9463302789601843 10.872372130819318 0.0 1.0 1.0 1 0 0 0.0 1.0 0.0
cell 3.805623064647319 0.6343479910643601 0.0 1.0 1.0 1 0 0 0.0 1.0 0.0
cell 47.5686898655636 14.41794592689146 0.0 1.0 1.0 1 0 0 0.0 1.0 0.0
cell 5.904581835571871 16.00429743400991 0.0 1.0488088481701516 0.9534625892455922 1 0 0 0.10630679752080113 0.9943333770928497 0.21301610790098663
cell 5.690409723419804 54.20056716882861 0.0 1.0 1.0 1 0 0 0.0 1.0 0.0
cell 59.395116545464795 17.687558149361042 0.0 1.0 1.0 1 0 0 0.0 1.0 0.0
cell 36.228711292034525 40.16217734219365 0.0 1.0 1.0 1 0 0 0.0 1.0 0.0
cell 39.712282266602 40.86597278982694 0.0 1.0 1.0 1 0 0 0.0 1.0 0.0
cell 20.84987648114704 48.66295967005051 0.0 1.0 1.0 1 0 0 0.0 1.0 0.0
cell 40.22421762729503 22.598198392399652 0.0 1.0 1.0 1 0 0 0.0 1.0 0.0
cell 55.8478722191742 56.912719840520936 0.0 1.0 1.0 1 0 0 0.0 1.0 0.0
cell 25.15060553282548 32.409609045667054 0.0 1.0 1.0 1 0 0 0.0 1.0 0.0
cell 37.20330727546355 16.16451634227659 0.0 1.0 1.0 1 0 0 0.0 1.0 0.0
cell 14.024575193184454 44.16827952952284 0.0 1.0 1.0 1 0 0 0.0 1.0 0.0
cell 2.59746194719581 30.03030599042696 0.0 1.0 1.0 1 0 0 0.0 1.0 0.0
cell 26.59944517857642 14.02661888688656 0.0 1.0 1.0 1 0 0 0.0 1.0 0.0
cell 11.911732654188162 12.288805093475547 0.0 1.0 1.0 1 0 0 0.0 1.0 0.0
cell 6.25979979784342 3.1654530645832315 0.0 1.0 1.0 1 0 0 0.0 1.0 0.0
cell 37.68478744765227 19.59984387994048 0.0 1.0 1.0 1 0 0 0.0 1.0 0.0
cell 3.8905701456075232 15.429177189136666 0.0 1.0 1.0 1 0 0 0.0 1.0 0.0
cell 8.554562379751854 51.286605672505544 0.0 1.0 1.0 1 0 0 0.0 1.0 0.0
cell 59.31614808258235 56.06535037200156 0.0 1.0 1.0 1 0 0 0.0 1.0 0.0
cell 45.58834187990646 38.90540900261746 0.0 1.0 1.0 1 0 0 0.0 1.0 0.0
cell 13.027361205419675 5.0242917360285695 0.0 1.0 1.0 1 0 0 0.0 1.0 0.0
cell 5.812287019920939 8.585892437112298 0.0 1.0 1.0 1 0 0 0.0 1.0 0.0
cell 43.615300296485444 9.944780256720628 0.0 1.0 1.0 1 0 0 0.0 1.0 0.0
cell 54.94603208346144 7.218858307818271 0.0 1.0 1.0 1 0 0 0.0 1.0 0.0
cell 19.06934335038993 49.60115225971225 0.0 1.0 1.0 1 0 0 0.0 1.0 0.0
cell 36.84714472357332 58.927487278281916 0.0 1.0 1.0 1 0 0 0.0 1.0 0.0
cell 43.77002293523865 18.76163056201709 0.0 1.0 1.0 1 0 0 0.0 1.0 0.0
cell 40.15677012388654 38.86532268086492 0.0 1.0 1.0 1 0 0 0.0 1.0 0.0
cell 30.74726875667913 40.18093877661835 0.0 1.0 1.0 1 0 0 0.0 1.0 0.0
cell 3.313674332873962 59.14844891338763 0.0 1.0 1.0 1 0 0 0.0 1.0 0.0
cell 49.991622544824914 9.46818619963783 0.0 1.0 1.0 1 0 0 0.0 1.0 0.0
cell 10.682832878722047 31.299107485716792 0.0 1.0 1.0 1 0 0 0.0 1.0 0.0
cell 55.351317665963904 1.8826885391424828 0.0 1.0 1.0 1 0 0 0.0 1.0 0.0
cell 30.92339614485717 8.077846801622126 0.0 1.0 1.0 1 0 0 0.0 1.0 0.0
cell 48.25060732120536 3.683860749607835 0.0 1.140175425099138 0.8770580193070291 1 0 0 0.34294132428941926 -0.9393568268206812 5.583092655559348
cell 20.204361591636424 57.396036173250806 0.0 1.0 1.0 1 0 0 0.0 1.0 0.0
cell 31.456837421025572 11.599823503557705 0.0 1.0 1.0 1 0 0 0.0 1.0 0.0
cell 22.468907392034968 51.76724308111823 0.0 1.0 1.0 1 0 0 0.0 1.0 0.0
cell 10.14697836451833 7.1146015010248185 0.0 1.0 1.0 1 0 0 0.0 1.0 0.0
cell 28.115272344863005 37.276348259988765 0.0 1.0 1.0 1 0 0 0.0 1.0 0.0
cell 19.82882848407332 35.258885116978924 0.0 1.0 1.0 1 0 0 0.0 1.0 0.0
cell 3.3557821111993498 13.452535887128969 0.0 1.0 1.0 1 0 0 0.0 1.0 0.0
cell 17.863050292782706 2.597300549693707 0.0 1.0 1.0 1 0 0 0.0 1.0 0.0
cell 29.175633905069425 50.64572154089833 0.0 1.0 1.0 1 0 0 0.0 1.0 0.0
cell 10.175346912303949 58.767635987570124 0.0 1.0 1.0 1 0 0 0.0 1.0 0.0
cell 15.058905143697041 4.727753753205626 0.0 1.0 1.0 1 0 0 0.0 1.0 0.0
cell 36.425825575170265 18.03709931280786 0.0 1.0 1.0 1 0 0 0.0 1.0 0.0
cell 6.647833961363581 50.71676430838382 0.0 1.0 1.0 1 0 0 0.0 1.0 0.0
cell 51.53177086809556 15.428039249340237 0.0 1.0 1.0 1 0 0 0.0 1.0 0.0
cell 58.36567341112224 6.361259543995211 0.0 1.0 1.0 1 0 0 0.0 1.0 0.0
cell 14.609153463949747 24.40525971838575 0.0 1.0 1.0 1 0 0 0.0 1.0 0.0
cell 21.78019518600856 53.569088020906996 0.0 1.0 1.0 1 0 0 0.0 1.0 0.0
cell 16.637996229053172 0.9347260815286308 0.0 1.0 1.0 1 0 0 0.0 1.0 0.0
cell 29.178201183523164 2.953805773543105 0.0 1.0 1.0 1 0 0 0.0 1.0 0.0
cell 14.962714434519341 27.872902208268247 0.0 1.0 1.0 1 0 0 0.0 1.0 0.0
cell 9.08794750448781 53.29124214143048 0.0 1.0 1.0 1 0 0 0.0 1.0 0.0
cell 43.24576993092415 41.55259637193475 0.0 1.0 1.0 1 0 0 0.0 1.0 0.0
cell 51.070794661046236 20.795551817145608 0.0 1.0 1.0 1 0 0 0.0 1.0 0.0
cell 46.82066525387477 2.420838983885958 0.0 1.0 1.0 1 0 0 0.0 1.0 0.0
cell 26.12785275974608 10.520612146941044 0.0 1.0 1.0 1 0 0 0.0 1.0 0.0
cell 8.47676122141295 58.7287793144535 0.0 1.0 1.0 1 0 0 0.0 1.0 0.0
cell 39.09292072157382 26.32836729034782 0.0 1.0 1.0 1 0 0 0.0 1.0 0.0
cell 26.70522124305374 60.143892163961254 0.0 1.0 1.0 1 0 0 0.0 1.0 0.0
cell 1.5238462843402805 45.95129604153131 0.0 1.0 1.0 1 0 0 0.0 1.0 0.0
cell 18.92484027816216 18.525623543575634 0.0 1.0 1.0 1 0 0 0.0 1.0 0.0
cell 31.512471605207875 28.719413023528283 0.0 1.0 1.0 1 0 0 0.0 1.0 0.0
cell 41.91708829465065 4.852915365502015 0.0 1.0 1.0 1 0 0 0.0 1.0 0.0
cell 58.93428403282268 23.090242322390015 0.0 1.0 1.0 1 0 0 0.0 1.0 0.0
cell 30.1713363136731 27.443506249960013 0.0 1.0 1.0 1 0 0 0.0 1.0 0.0
cell 33.949262362551 14.817619489418785 0.0 1.0 1.0 1 0 0 0.0 1.0 0.0
cell 51.69942971151144 30.15379640610331 0.0 1.0 1.0 1 0 0 0.0 1.0 0.0
cell 33.611319782171584 35.48511937832405 0.0 1.0 1.0 1 0 0 0.0 1.0 0.0
cell 24.647194296414344 44.73299182031009 0.0 1.0 1.0 1 0 0 0.0 1.0 0.0
cell 45.284829643814604 31.60884020213232 0.0 1.0 1.0 1 0 0 0.0 1.0 0.0
cell 40.54320045338751 46.17250708061817 0.0 1.0 1.0 1 0 0 0.0 1.0 0.0
cell 35.11419311230345 46.16723231050957 0.0 1.0 1.0 1 0 0 0.0 1.0 0.0
cell 27.847838315889234 15.652518932572903 0.0 1.0 1.0 1 0 0 0.0 1.0 0.0
cell 58.836963400238474 1.0240284354340818 0.0 1.0 1.0 1 0 0 0.0 1.0 0.0
cell 27.070897090383642 26.45339053926177 0.0 1.0 1.0 1 0 0 0.0 1.0 0.0
cell 19.288521486738283 45.46887798207011 0.0 1.0 1.0 1 0 0 0.0 1.0 0.0
cell 27.202679595804337 51.2010826093514 0.0 1.0 1.0 1 0 0 0.0 1.0 0.0
cell 31.843472074989208 15.115620344112344 0.0 1.0 1.0 1 0 0 0.0 1.0 0.0
cell 3.6455987321091134 37.40454927777071 0.0 1.0 1.0 1 0 0 0.0 1.0 0.0
cell 25.919201200369432 1.5536639381271242 0.0 1.0 1.0 1 0 0 0.0 1.0 0.0
cell 28.16504165006805 10.217620963677746 0.0 1.0 1.0 1 0 0 0.0 1.0 0.0
cell 21.464908610836265 58.976260285040674 0.0 1.0 1.0 1 0 0 0.0 1.0 0.0
cell 16.74712120685865 9.901870053347054 0.0 1.0 1.0 1 0 0 0.0 1.0 0.0
cell 55.50368690092095 23.877947160368123 0.0 1.0 1.0 1 0 0 0.0 1.0 0.0
cell 20.83187724791359 9.39207232017865 0.0 1.0 1.0 1 0 0 0.0 1.0 0.0
cell 41.308676154993414 42.1964911931206 0.0 1.0 1.0 1 0 0 0.0 1.0 0.0
cell 19.693162498569468 37.31005701928881 0.0 1.0 1.0 1 0 0 0.0 1.0 0.0
cell 49.32264784236849 37.577833808487796 0.0 1.0 1.0 1 0 0 0.0 1.0 0.0
cell 44.52793818678178 16.851597222457936 0.0 1.0 1.0 1 0 0 0.0 1.0 0.0
cell 52.42157770995253 4.68781744164503 0.0 1.0 1.0 1 0 0 0.0 1.0 0.0
cell 32.99962225864035 30.067871596234806 0.0 1.0 1.0 1 0 0 0.0 1.0 0.0
cell 10.643719509302517 10.676788674574635 0.0 1.0 1.0 1 0 0 0.0 1.0 0.0
cell 30.31037314870034 18.958914439146564 0.0 1.0 1.0 1 0 0 0.0 1.0 0.0
cell 32.136482165385814 34.09282019060367 0.0 1.0 1.0 1 0 0 0.0 1.0 0.0
cell 32.29358463555056 55.89002928260594 0.0 1.0 1.0 1 0 0 0.0 1.0 0.0
cell 36.04108584806134 0.32287954933671925 0.0 1.0 1.0 1 0 0 0.0 1.0 0.0
cell 31.095300014977806 17.005650509252078 0.0 1.0 1.0 1 0 0 0.0 1.0 0.0
cell 6.660733271989577 30.629370034628433 0.0 1.0 1.0 1 0 0 0.0 1.0 0.0
cell 43.63962326849774 48.866823384810786 0.0 1.0 1.0 1 0 0 0.0 1.0 0.0
cell 19.052332451186334 27.5437742936063 0.0 1.0 1.0 1 0 0 0.0 1.0 0.0
cell 42.6284538125082 26.97216621274515 0.0 1.0 1.0 1 0 0 0.0 1.0 0.0
cell 48.02353338168929 8.984247811629487 0.0 1.0 1.0 1 0 0 0.0 1.0 0.0
cell 44.80805192480189 42.8965432453649 0.0 1.0 1.0 1 0 0 0.0 1.0 0.0
cell 43.46442070419449 1.0908918606333924 0.0 1.0 1.0 1 0 0 0.0 1.0 0.0
cell 59.083380397393725 29.727771368823106 0.0 1.0 1.0 1 0 0 0.0 1.0 0.0
cell 5.352891797293201 6.6657030739202545 0.0 1.0 1.0 1 0 0 0.0 1.0 0.0
cell 54.452863539731034 12.578996539309905 0.0 1.0 1.0 1 0 0 0.0 1.0 0.0
cell 27.487962233463033 58.23863232135206 0.0 1.0 1.0 1 0 0 0.0 1.0 0.0
cell 24.952566423487657 40.654029215861634 0.0 1.0 1.0 1 0 0 0.0 1.0 0.0
cell 8.987597228917478 36.37136315772056 0.0 1.0 1.0 1 0 0 0.0 1.0 0.0
cell 36.38109612740927 55.35882377641601 0.0 1.0 1.0 1 0 0 0.0 1.0 0.0
cell 10.109810218920735 44.085670699990835 0.0 1.0 1.0 1 0 0 0.0 1.0 0.0
cell 55.359003245115375 54.98167901737119 0.0 1.0 1.0 1 0 0 0.0 1.0 0.0
cell 17.39404225938716 59.49414065594142 0.0 1.0 1.0 1 0 0 0.0 1.0 0.0
cell 56.34849001237385 58.90797803066874 0.0 1.0 1.0 1 0 0 0.0 1.0 0.0
cell 48.97568965878918 48.94966555188259 0.0 1.0 1.0 1 0 0 0.0 1.0 0.0
cell 49.926494261101354 55.271716170107474 0.0 1.0 1.0 1 0 0 0.0 1.0 0.0
cell 11.79207026521662 26.401771174401066 0.0 1.0 1.0 1 0 0 0.0 1.0 0.0
cell 10.567414735107693 40.16213361930492 0.0 1.0 1.0 1 0 0 0.0 1.0 0.0
cell 0.8962046682496171 18.27795909381935 0.0 1.0 1.0 1 0 0 0.0 1.0 0.0
cell 57.27076457109386 34.69186332514128 0.0 1.0 1.0 1 0 0 0.0 1.0 0.0
cell 19.276582858856912 13.138768993313377 0.0 1.0 1.0 1 0 0 0.0 1.0 0.0
cell 29.09986236289131 17.324866951498496 0.0 1.0 1.0 1 0 0 0.0 1.0 0.0
cell 0.7986815696343387 56.61494556288993 0.0 1.0 1.0 1 0 0 0.0 1.0 0.0
cell 19.38729081593979 43.397972871822255 0.0 1.0 1.0 1 0 0 0.0 1.0 0.0
cell 41.57016850631725 10.17976141308781 0.0 1.0 1.0 1 0 0 0.0 1.0 0.0
cell 4.486080561534463 39.31599193029202 0.0 1.0 1.0 1 0 0 0.0 1.0 0.0
cell 38.960043225543664 21.097693900100793 0.0 1.0 1.0 1 0 0 0.0 1.0 0.0
cell 49.46785482152748 0.23435610596436912 0.0 1.0 1.0 1 0 0 0.0 1.0 0.0
cell 16.94869047348537 18.8042737749038 0.0 1.0 1.0 1 0 0 0.0 1.0 0.0
cell 31.59587281409 45.51695758873354 0.0 1.0 1.0 1 0 0 0.0 1.0 0.0
cell 54.84346592576178 52.9530257818792 0.0 1.0 1.0 1 0 0 0.0 1.0 0.0
cell 29.81786321857841 36.64697583182745 0.0 1.0 1.0 1 0 0 0.0 1.0 0.0
cell 39.03062659603232 35.58678668301434 0.0 1.0 1.0 1 0 0 0.0 1.0 0.0
cell 16.156801438657453 20.668314760630746 0.0 1.0 1.0 1 0 0 0.0 1.0 0.0
cell 9.85386272066466 12.53703083601539 0.0 1.0 1.0 1 0 0 0.0 1.0 0.0
cell 43.633034541878146 39.5878391902841 0.0 1.0 1.0 1 0 0 0.0 1.0 0.0
cell 48.748674199129944 32.309141991081404 0.0 1.0 1.0 1 0 0 0.0 1.0 0.0
cell 7.233063089537094 60.21532280278047 0.0 1.0 1.0 1 0 0 0.0 1.0 0.0
cell 7.798121079393312 18.174062736369564 0.0 1.0 1.0 1 0 0 0.0 1.0 0.0
cell 3.3900694311001978 31.98677692010143 0.0 1.0 1.0 1 0 0 0.0 1.0 0.0
cell 28.33227979342943 19.189164099841197 0.0 1.0 1.0 1 0 0 0.0 1.0 0.0
cell 15.409619726936302 59.75714539952748 0.0 1.0 1.0 1 0 0 0.0 1.0 0.0
cell 27.750369692445688 49.1970207045137 0.0 1.0 1.0 1 0 0 0.0 1.0 0.0
cell 26.716799654618764 22.953039766803155 0.0 1.0 1.0 1 0 0 0.0 1.0 0.0
cell 24.522900045590344 51.38032182980344 0.0 1.0 1.0 1 0 0 0.0 1.0 0.0
cell 38.58509294225301 46.83388628968189 0.0 1.0 1.0 1 0 0 0.0 1.0 0.0
cell 34.06142807958779 0.5899877133238645 0.0 1.0 1.0 1 0 0 0.0 1.0 0.0
cell 5.684536201228682 23.347659758653283 0.0 1.0 1.0 1 0 0 0.0 1.0 0.0
cell 40.91654074071101 53.24353996780703 0.0 1.0 1.0 1 0 0 0.0 1.0 0.0
cell 18.62277158291503 0.7086909174971187 0.0 1.0 1.0 1 0 0 0.0 1.0 0.0
cell 27.13250387069364 31.858365607493585 0.0 1.0 1.0 1 0 0 0.0 1.0 0.0
cell 20.99474960292597 55.444615435167506 0.0 1.0 1.0 1 0 0 0.0 1.0 0.0
cell 47.12052199177304 40.294233643962784 0.0 1.0 1.0 1 0 0 0.0 1.0 0.0
cell 9.14784774855269 41.72781526080679 0.0 1.0 1.0 1 0 0 0.0 1.0 0.0
cell 12.654501740910717 10.403561134494112 0.0 1.0 1.0 1 0 0 0.0 1.0 0.0
cell 50.97282541653763 37.314114512838835 0.0 1.0 1.0 1 0 0 0.0 1.0 0.0
cell 23.933798940664822 1.8196527099015491 0.0 1.0 1.0 1 0 0 0.0 1.0 0.0
cell 42.911853032243435 34.26956455197715 0.0 1.0 1.0 1 0 0 0.0 1.0 0.0
cell 14.12516803069195 42.10054058822036 0.0 1.0 1.0 1 0 0 0.0 1.0 0.0
cell 26.310211492906138 45.86968451361293 0.0 1.0 1.0 1 0 0 0.0 1.0 0.0
cell 34.38476726936516 50.22190746532538 0.0 1.0 1.0 1 0 0 0.0 1.0 0.0
cell 24.27633543251738 19.69910769636529 0.0 1.0 1.0 1 0 0 0.0 1.0 0.0
cell 16.47785921503334 15.288815968675518 0.0 1.0 1.0 1 0 0 0.0 1.0 0.0
cell 57.90864596699817 26.26726240551262 0.0 1.0 1.0 1 0 0 0.0 1.0 0.0
cell 17.758012284189927 54.12274682362444 0.0 1.0 1.0 1 0 0 0.0 1.0 0.0
cell 43.27705215861193 50.8234869263613 0.0 1.0 1.0 1 0 0 0.0 1.0 0.0
cell 41.48641150321323 23.967772286658175 0.0 1.0 1.0 1 0 0 0.0 1.0 0.0
cell 19.986006785937377 33.126741031918655 0.0 1.0 1.0 1 0 0 0.0 1.0 0.0
cell 13.917252899085039 46.20183789798989 0.0 1.0 1.0 1 0 0 0.0 1.0 0.0
cell 51.50364474564911 39.27175120679949 0.0 1.0 1.0 1 0 0 0.0 1.0 0.0
cell 32.385908566712295 18.65555019899357 0.0 1.0 1.0 1 0 0 0.0 1.0 0.0
cell 12.534856043265524 24.620274692332483 0.0 1.0 1.0 1 0 0 0.0 1.0 0.0
cell 29.979545305179798 1.0856503540479872 0.0 1.0 1.0 1 0 0 0.0 1.0 0.0
cell 2.1114678454094444 33.58539833681989 0.0 1.0 1.0 1 0 0 0.0 1.0 0.0
cell 53.958884067297994 25.29697049906441 0.0 1.0 1.0 1 0 0 0.0 1.0 0.0
cell 56.86199994879565 0.4294765298162263 0.0 1.0 1.0 1 0 0 0.0 1.0 0.0
cell 58.65416319424155 46.984914568671705 0.0 1.0 1.0 1 0 0 0.0 1.0 0.0
cell 29.470378033206835 48.29699600521542 0.0 1.0 1.0 1 0 0 0.0 1.0 0.0
cell 4.617405174414604 30.33805269904484 0.0 1.0 1.0 1 0 0 0.0 1.0 0.0
cell 8.618176160489783 45.492636416892395 0.0 1.0 1.0 1 0 0 0.0 1.0 0.0
cell 57.5651508524909 40.06412220931529 0.0 1.0 1.0 1 0 0 0.0 1.0 0.0
cell 50.52289381028165 11.486009202115287 0.0 1.0 1.0 1 0 0 0.0 1.0 0.0
cell 47.22757955273836 30.979026206702862 0.0 1.0 1.0 1 0 0 0.0 1.0 0.0
cell 40.55503542083091 36.90314388069547 0.0 1.0 1.0 1 0 0 0.0 1.0 0.0
cell 14.173080678812873 58.115112757476496 0.0 1.0 1.0 1 0 0 0.0 1.0 0.0
cell 35.12569842261717 53.707504308607874 0.0 1.0 1.0 1 0 0 0.0 1.0 0.0
cell 55.41454196812446 9.201919736344824 0.0 1.0 1.0 1 0 0 0.0 1.0 0.0
cell 12.328198549271155 39.01637621183733 0.0 1.0 1.0 1 0 0 0.0 1.0 0.0
cell 43.31184516399597 32.278026735348725 0.0 1.0 1.0 1 0 0 0.0 1.0 0.0
cell 2.7610112651565983 57.13675719827788 0.0 1.0 1.0 1 0 0 0.0 1.0 0.0
cell 18.168140164002665 34.11083080431364 0.0 1.0 1.0 1 0 0 0.0 1.0 0.0
cell 27.554377025185712 21.088024664842855 0.0 1.0 1.0 1 0 0 0.0 1.0 0.0
cell 6.833362501638265 5.337745081753204 0.0 1.0 1.0 1 0 0 0.0 1.0 0.0
cell 21.884189765212795 25.392051037569725 0.0 1.0 1.0 1 0 0 0.0 1.0 0.0
cell 39.71250415882463 19.310353649104417 0.0 1.0 1.0 1 0 0 0.0 1.0 0.0
cell 35.49709956397157 11.019692952733406 0.0 1.0 1.0 1 0 0 0.0 1.0 0.0
cell 44.045110188539375 37.58209375610011 0.0 1.0 1.0 1 0 0 0.0 1.0 0.0
cell 35.11031983939914 36.867218293961564 0.0 1.0 1.0 1 0 0 0.0 1.0 0.0
cell 33.62392780416549 20.253366682025337 0.0 1.0 1.0 1 0 0 0.0 1.0 0.0
cell 0.4669339979175393 23.67504951898434 0.0 1.0 1.0 1 0 0 0.0 1.0 0.0
cell 58.88895700221172 15.705944932739987 0.0 1.0 1.0 1 0 0 0.0 1.0 0.0
cell 16.9593223132227 55.94752821332517 0.0 1.0 1.0 1 0 0 0.0 1.0 0.0
cell 36.2220843657392 9.171636495944073 0.0 1.0 1.0 1 0 0 0.0 1.0 0.0
cell 17.424935556715894 46.394173604794915 0.0 1.0 1.0 1 0 0 0.0 1.0 0.0
cell 10.994102730584537 27.914591986484904 0.0 1.0 1.0 1 0 0 0.0 1.0 0.0
cell 17.295781894212237 50.47061813889164 0.0 1.0 1.0 1 0 0 0.0 1.0 0.0
cell 18.972384955703898 55.710098967012364 0.0 1.0 1.0 1 0 0 0.0 1.0 0.0
cell 49.40165145825515 29.98919732294171 0.0 1.264911064067352 0.7905694150420947 1 0 0 0.9457164844246426 0.3249928169783061 2.4795843880760313
cell 5.0806341236888395 26.809765100003563 0.0 1.0 1.0 1 0 0 0.0 1.0 0.0
cell 36.92299241669076 21.50826397752947 0.0 1.0 1.0 1 0 0 0.0 1.0 0.0
cell 6.929095855464111 36.03865855685786 0.0 1.0 1.0 1 0 0 0.0 1.0 0.0
cell 52.041342097420845 17.38934091922953 0.0 1.0 1.0 1 0 0 0.0 1.0 0.0
cell 23.258021291986342 35.41275870288677 0.0 1.0 1.0 1 0 0 0.0 1.0 0.0
cell 17.699568600474674 16.945910394979588 0.0 1.0 1.0 1 0 0 0.0 1.0 0.0
cell 58.766672773617266 54.09993922084618 0.0 1.0 1.0 1 0 0 0.0 1.0 0.0
cell 51.79888861836989 44.512185045774594 0.0 1.0 1.0 1 0 0 0.0 1.0 0.0
cell 36.63123141413672 38.18582490993056 0.0 1.0 1.0 1 0 0 0.0 1.0 0.0
cell 33.915988480402184 52.118578020410986 0.0 1.0 1.0 1 0 0 0.0 1.0 0.0
cell 57.10312881895483 43.57594302303026 0.0 1.0 1.0 1 0 0 0.0 1.0 0.0
cell 34.6964361268404 38.83749110570289 0.0 1.0 1.0 1 0 0 0.0 1.0 0.0
cell 52.9186108602684 6.694353171782488 0.0 1.0 1.0 1 0 0 0.0 1.0 0.0
cell 19.859103976471218 2.311244997690465 0.0 1.0 1.0 1 0 0 0.0 1.0 0.0
cell 0.146456385395544 33.34370707840623 0.0 1.0 1.0 1 0 0 0.0 1.0 0.0
cell 45.495392795734084 0.8073804713370326 0.0 1.0 1.0 1 0 0 0.0 1.0 0.0
cell 1.3251666059922442 58.60043491578659 0.0 1.0 1.0 1 0 0 0.0 1.0 0.0
cell 52.348423674027316 41.167988882081055 0.0 1.0 1.0 1 0 0 0.0 1.0 0.0
cell 26.18081316612642 28.453379753914312 0.0 1.0 1.0 1 0 0 0.0 1.0 0.0
cell 9.607756985789996 17.9312826647115 0.0 1.0 1.0 1 0 0 0.0 1.0 0.0
cell 41.42673162932481 1.365097096711866 0.0 1.0 1.0 1 0 0 0.0 1.0 0.0
cell 45.67193924671212 18.562572140264965 0.0 1.0 1.0 1 0 0 0.0 1.0 0.0
cell 20.679270969126918 0.4550821849599776 0.0 1.0 1.0 1 0 0 0.0 1.0 0.0
cell 4.198646969252569 48.28270437452193 0.0 1.0488088481701516 0.9534625892455922 1 0 0 0.9399920914360005 0.3411962309841268 2.4452142517010094
cell 42.35893425634348 8.310095786796936 0.0 1.0 1.0 1 0 0 0.0 1.0 0.0
cell 58.26925703765659 52.1354010371605 0.0 1.0 1.0 1 0 0 0.0 1.0 0.0
cell 6.769695680556039 45.078139506707906 0.0 1.0 1.0 1 0 0 0.0 1.0 0.0
cell 46.506586563143216 16.737204342806027 0.0 1.0 1.0 1 0 0 0.0 1.0 0.0
cell 57.8022923843694 45.425132843301824 0.0 1.0 1.0 1 0 0 0.0 1.0 0.0
cell 7.606003034139941 21.706993224914626 0.0 1.30384048104053 0.7669649888473703 1 0 0 0.9944695838085809 0.10502498216894902 2.931154609377493
cell 39.4736327089473 33.5556605630389 0.0 1.0 1.0 1 0 0 0.0 1.0 0.0
cell 30.2130303580519 34.66919829141328 0.0 1.0 1.0 1 0 0 0.0 1.0 0.0
cell 25.046121937939468 34.55172641201303 0.0 1.0 1.0 1 0 0 0.0 1.0 0.0
cell 59.952213210481936 45.56887115195522 0.0 1.0 1.0 1 0 0 0.0 1.0 0.0
cell 0.62128168759488 29.742004679351073 0.0 1.0 1.0 1 0 0 0.0 1.0 0.0
cell 51.99193613280062 10.063286082067629 0.0 1.0 1.0 1 0 0 0.0 1.0 0.0
cell 42.541027669236094 36.25356295595206 0.0 1.0 1.0 1 0 0 0.0 1.0 0.0
cell 11.33319772633119 23.036652721411954 0.0 1.0 1.0 1 0 0 0.0 1.0 0.0
cell 3.3661227312915174 20.817538834801624 0.0 1.0 1.0 1 0 0 0.0 1.0 0.0
cell 47.38633268093568 26.92256313652163 0.0 1.0 1.0 1 0 0 0.0 1.0 0.0
cell 15.204291041848942 13.626703765982406 0.0 1.0 1.0 1 0 0 0.0 1.0 0.0
cell 51.48433754730041 8.09415817545437 0.0 1.0 1.0 1 0 0 0.0 1.0 0.0
cell 12.78334585454653 37.077434979301096 0.0 1.0 1.0 1 0 0 0.0 1.0 0.0
cell 37.489598343991126 34.23930779141184 0.0 1.0 1.0 1 0 0 0.0 1.0 0.0
cell 7.639933703952167 9.157196111749585 0.0 1.0 1.0 1 0 0 0.0 1.0 0.0
cell 19.179408501064287 47.535788689788426 0.0 1.0 1.0 1 0 0 0.0 1.0 0.0
cell 17.834543944238803 25.85403580781588 0.0 1.0 1.0 1 0 0 0.0 1.0 0.0
cell 54.95551564919614 14.544364371272874 0.0 1.0 1.0 1 0 0 0.0 1.0 0.0
cell 15.826593050922085 2.8638063553346838 0.0 1.0 1.0 1 0 0 0.0 1.0 0.0
cell 52.02054506172049 24.74201130012524 0.0 1.0 1.0 1 0 0 0.0 1.0 0.0
cell 17.09487398287856 52.46925457298165 0.0 1.0 1.0 1 0 0 0.0 1.0 0.0
cell 39.84898901975699 5.118401775878595 0.0 1.0 1.0 1 0 0 0.0 1.0 0.0
cell 35.85161895093997 51.55387571830224 0.0 1.0 1.0 1 0 0 0.0 1.0 0.0
cell 33.18296439190744 46.847443301534206 0.0 1.0 1.0 1 0 0 0.0 1.0 0.0
cell 43.10680195468615 20.57710210530579 0.0 1.0 1.0 1 0 0 0.0 1.0 0.0
cell 21.57645192472408 7.476556770331203 0.0 1.0 1.0 1 0 0 0.0 1.0 0.0
cell 29.704473448178778 6.492635206990104 0.0 1.0 1.0 1 0 0 0.0 1.0 0.0
cell 49.590079485649476 53.323705052705584 0.0 1.0 1.0 1 0 0 0.0 1.0 0.0
cell 59.159284203978864 48.81158590760702 0.0 1.0 1.0 1 0 0 0.0 1.0 0.0
cell 12.079016593506301 53.29375736879945 0.0 1.0 1.0 1 0 0 0.0 1.0 0.0
cell 26.964098285238247 39.803072628260054 0.0 1.0954451150103324 0.9128709291752768 1 0 0 0.996425973159051 0.08447058667985073 2.972449925292828
cell 40.34223290151767 8.586730377368877 0.0 1.0 1.0 1 0 0 0.0 1.0 0.0
cell 57.44192640358778 24.44029432707976 0.0 1.0 1.0 1 0 0 0.0 1.0 0.0
cell 48.88743903631534 51.16736825844313 0.0 1.0954451150103324 0.9128709291752768 1 0 0 0.32495789231476674 0.9457284854662804 0.6619344073490436
cell 1.1790123374109047 40.63074863612356 0.0 1.0 1.0 1 0 0 0.0 1.0 0.0
cell 11.93674863696192 29.7311884333177 0.0 1.0 1.0 1 0 0 0.0 1.0 0.0
cell 11.337176828549811 60.34584479112835 0.0 1.0 1.0 1 0 0 0.0 1.0 0.0
cell 56.810680978621896 53.560350607430074 0.0 1.0 1.0 1 0 0 0.0 1.0 0.0
cell 49.724043551981524 2.0856248748757857 0.0 1.264911064067352 0.7905694150420947 1 0 0 0.03590901647997296 -0.9993550632960445 6.211351830873754
cell 12.925095105736144 56.50754758117275 0.0 1.0 1.0 1 0 0 0.0 1.0 0.0
cell 32.14693457684903 24.17275755058453 0.0 1.0488088481701516 0.9534625892455922 1 0 0 0.9017343203529969 -0.4322906608955583 4.035655690268014
cell 20.262031019205228 29.139366436503458 0.0 1.0 1.0 1 0 0 0.0 1.0 0.0
cell 12.003089841872944 49.22207022342567 0.0 1.0 1.0 1 0 0 0.0 1.0 0.0
cell 46.73892765045492 51.567777361064074 0.0 1.0 1.0 1 0 0 0.0 1.0 0.0
cell 53.02075291560486 13.971263312470215 0.0 1.0 1.0 1 0 0 0.0 1.0 0.0
cell 15.7290435210111 54.048235360262744 0.0 1.2247448713915894 0.8164965809277259 1 0 0 0.5621383067168421 0.827043241990116 1.1939380372712471
cell 4.016789095473149 42.799914064197644 0.0 1.0 1.0 1 0 0 0.0 1.0 0.0
cell 31.999097195275542 0.8575647260583921 0.0 1.0 1.0 1 0 0 0.0 1.0 0.0
cell 23.860411456855424 25.132175755381823 0.0 1.0 1.0 1 0 0 0.0 1.0 0.0
cell 48.98473795041978 12.927650874098713 0.0 1.0 1.0 1 0 0 0.0 1.0 0.0
cell 36.55406460952359 3.809515141946016 0.0 1.0 1.0 1 0 0 0.0 1.0 0.0
cell 31.9417128659262 43.515413160703005 0.0 1.0 1.0 1 0 0 0.0 1.0 0.0
cell 38.11342840896694 0.0728340575652709 0.0 1.0 1.0 1 0 0 0.0 1.0 0.0
cell 55.80131882734626 49.55433376829948 0.0 1.0 1.0 1 0 0 0.0 1.0 0.0
cell 59.827930769219144 4.951657792835783 0.0 1.0 1.0 1 0 0 0.0 1.0 0.0
cell 7.245497580419551 14.471527476833856 0.0 1.0 1.0 1 0 0 0.0 1.0 0.0
cell 28.791256437939957 22.704539577232932 0.0 1.0 1.0 1 0 0 0.0 1.0 0.0
cell 41.36406936784332 51.44189806055042 0.0 1.0 1.0 1 0 0 0.0 1.0 0.0
cell 24.810348894056784 38.6319283739083 0.0 1.0 1.0 1 0 0 0.0 1.0 0.0
cell 5.400277035418225 32.26206911833421 0.0 1.0 1.0 1 0 0 0.0 1.0 0.0
cell 16.325704795200714 6.390362456712598 0.0 1.0 1.0 1 0 0 0.0 1.0 0.0
cell 1.7759938391923242 53.171387923634086 0.0 1.0 1.0 1 0 0 0.0 1.0 0.0
cell 50.485646071626306 41.034754602539756 0.0 1.0 1.0 1 0 0 0.0 1.0 0.0
cell 1.3956965592700497 12.899474641881236 0.0 1.0 1.0 1 0 0 0.0 1.0 0.0
cell 53.989998407510924 10.643481140313188 0.0 1.0 1.0 1 0 0 0.0 1.0 0.0
cell 27.201933308424806 3.245996980852057 0.0 1.0 1.0 1 0 0 0.0 1.0 0.0
cell 8.29670490999248 16.249674119376404 0.0 1.0 1.0 1 0 0 0.0 1.0 0.0
cell 14.24329820143982 6.635931470368731 0.0 1.0 1.0 1 0 0 0.0 1.0 0.0
cell 16.11647610665136 39.158186645626564 0.0 1.0 1.0 1 0 0 0.0 1.0 0.0
cell 37.78037324522663 50.878010204417855 0.0 1.0 1.0 1 0 0 0.0 1.0 0.0
cell 26.485172261738057 43.82085565292957 0.0 1.0 1.0 1 0 0 0.0 1.0 0.0
cell 52.868822870158866 52.39978713689945 0.0 1.0 1.0 1 0 0 0.0 1.0 0.0
cell 38.321611704173876 30.23352128206502 0.0 1.0 1.0 1 0 0 0.0 1.0 0.0
cell 53.53219191286479 39.56285708935494 0.0 1.0 1.0 1 0 0 0.0 1.0 0.0
cell 26.262664672212168 19.43580408975884 0.0 1.0 1.0 1 0 0 0.0 1.0 0.0
cell 15.379960395139145 22.50783392409237 0.0 1.0 1.0 1 0 0 0.0 1.0 0.0
cell 17.3965669244338 22.288942444428706 0.0 1.0 1.0 1 0 0 0.0 1.0 0.0
cell 38.3030072479378 8.88951828708337 0.0 1.0 1.0 1 0 0 0.0 1.0 0.0
cell 47.49527857529285 38.249080558764085 0.0 1.0 1.0 1 0 0 0.0 1.0 0.0
cell 41.262969416684754 15.542601586405343 0.0 1.0 1.0 1 0 0 0.0 1.0 0.0
cell 26.137994845900014 47.96003253758765 0.0 1.0 1.0 1 0 0 0.0 1.0 0.0
cell 24.44666451192565 46.810626279431574 0.0 1.0 1.0 1 0 0 0.0 1.0 0.0
cell 45.18286765238929 40.90174822185014 0.0 1.0 1.0 1 0 0 0.0 1.0 0.0
cell 50.35334159654676 43.0470528386742 0.0 1.0 1.0 1 0 0 0.0 1.0 0.0
cell 38.445618004908376 17.695513693955117 0.0 1.0 1.0 1 0 0 0.0 1.0 0.0
cell 31.700110426759725 36.08960821956377 0.0 1.0 1.0 1 0 0 0.0 1.0 0.0
cell 51.427564683930434 53.84035825999735 0.0 1.0 1.0 1 0 0 0.0 1.0 0.0
cell 34.265262554081936 40.82255306841746 0.0 1.0 1.0 1 0 0 0.0 1.0 0.0
cell 13.453646728639557 8.53132878553518 0.0 1.0 1.0 1 0 0 0.0 1.0 0.0
cell 22.863102420282463 9.144200221401954 0.0 1.0 1.0 1 0 0 0.0 1.0 0.0
cell 11.45146891958013 33.13516231399615 0.0 1.0 1.0 1 0 0 0.0 1.0 0.0
cell 50.45448262034442 31.709787631096173 0.0 1.0 1.0 1 0 0 0.0 1.0 0.0
cell 23.00725860664047 55.17268398830849 0.0 1.0 1.0 1 0 0 0.0 1.0 0.0
cell 5.761725192504251 1.1995007434382348 0.0 1.0 1.0 1 0 0 0.0 1.0 0.0
cell 49.22661344026309 27.747745167269155 0.0 1.0 1.0 1 0 0 0.0 1.0 0.0
cell 53.96358583998728 36.03970223753738 0.0 1.0 1.0 1 0 0 0.0 1.0 0.0
cell 57.4344197040334 17.108274438638862 0.0 1.0 1.0 1 0 0 0.0 1.0 0.0
cell 28.337712558948866 35.218695257654424 0.0 1.0 1.0 1 0 0 0.0 1.0 0.0
cell 57.729145972496724 50.14431341103575 0.0 1.0 1.0 1 0 0 0.0 1.0 0.0
cell 21.89181269347242 2.0656921080246606 0.0 1.0 1.0 1 0 0 0.0 1.0 0.0
cell 40.76392351344654 12.082079220125951 0.0 1.0 1.0 1 0 0 0.0 1.0 0.0
cell 18.465860605139948 15.030263471070233 0.0 1.0 1.0 1 0 0 0.0 1.0 0.0
cell 14.488794795255517 35.98832766356916 0.0 1.0 1.0 1 0 0 0.0 1.0 0.0
cell 57.90484085097606 11.744839462260769 0.0 1.0 1.0 1 0 0 0.0 1.0 0.0
cell 21.796720146749816 32.06955771862228 0.0 1.0 1.0 1 0 0 0.0 1.0 0.0
cell 55.29991738891134 47.472033623013694 0.0 1.0488088481701516 0.9534625892455922 1 0 0 0.5987888173507395 0.80090695602904 1.2839759769581245
cell 60.218074581681904 52.681210406024974 0.0 1.0 1.0 1 0 0 0.0 1.0 0.0
cell 47.467319854162454 47.56152655298047 0.0 1.0 1.0 1 0 0 0.0 1.0 0.0
cell 28.908255049012993 8.386859146132533 0.0 1.0 1.0 1 0 0 0.0 1.0 0.0
cell 37.57496406821039 24.961601057487123 0.0 1.0 1.0 1 0 0 0.0 1.0 0.0
cell 21.07688988694101 27.26569343910227 0.0 1.0 1.0 1 0 0 0.0 1.0 0.0
cell 21.22723280958952 42.51756774811832 0.0 1.0 1.0 1 0 0 0.0 1.0 0.0
cell 31.51607752411284 57.75836461303307 0.0 1.0 1.0 1 0 0 0.0 1.0 0.0
cell 45.96108742871506 46.22661736046845 0.0 1.0 1.0 1 0 0 0.0 1.0 0.0
cell 17.52233206607835 44.370503107333526 0.0 1.0 1.0 1 0 0 0.0 1.0 0.0
cell 4.805807665173328 44.74190882681199 0.0 1.0 1.0 1 0 0 0.0 1.0 0.0
cell 46.02842728765178 4.249091540794605 0.0 1.0 1.0 1 0 0 0.0 1.0 0.0
cell 40.006732373512264 13.935866262113791 0.0 1.0 1.0 1 0 0 0.0 1.0 0.0
cell 50.05808589722552 24.18582134948445 0.0 1.0 1.0 1 0 0 0.0 1.0 0.0
cell 52.533779712820305 19.405257880432217 0.0 1.0 1.0 1 0 0 0.0 1.0 0.0
cell 17.22928090052066 13.387373527256708 0.0 1.0 1.0 1 0 0 0.0 1.0 0.0
cell 49.10892604643152 20.239070138651797 0.0 1.0 1.0 1 0 0 0.0 1.0 0.0
cell 7.1030401688204 27.099868334927915 0.0 1.0 1.0 1 0 0 0.0 1.0 0.0
cell 45.739253670137295 55.724187040797155 0.0 1.0 1.0 1 0 0 0.0 1.0 0.0
cell 21.436536555702652 21.835989757493696 0.0 1.0 1.0 1 0 0 0.0 1.0 0.0
cell 3.3651851311196856 6.107198119532787 0.0 1.0 1.0 1 0 0 0.0 1.0 0.0
cell 3.8618979394446273 8.050663745033907 0.0 1.0 1.0 1 0 0 0.0 1.0 0.0
cell 23.4856781836101 21.56954745240801 0.0 1.0 1.0 1 0 0 0.0 1.0 0.0
cell 18.80755561738299 9.639870630840976 0.0 1.0 1.0 1 0 0 0.0 1.0 0.0
cell 13.37171846066863 60.03171438117554 0.0 1.0 1.0 1 0 0 0.0 1.0 0.0
cell 56.52276439578422 32.88147890915949 0.0 1.0 1.0 1 0 0 0.0 1.0 0.0
cell 1.098720406018458 25.793934215229473 0.0 1.0 1.0 1 0 0 0.0 1.0 0.0
cell 26.415049403796214 5.077879256354906 0.0 1.0 1.0 1 0 0 0.0 1.0 0.0
cell 41.730814801491285 19.020312471962864 0.0 1.0 1.0 1 0 0 0.0 1.0 0.0
cell 23.64884736444584 7.223084303744605 0.0 1.0 1.0 1 0 0 0.0 1.0 0.0
cell 53.17997237785289 34.12190805687898 0.0 1.0 1.0 1 0 0 0.0 1.0 0.0
cell 42.05819105640882 47.48993165454382 0.0 1.0 1.0 1 0 0 0.0 1.0 0.0
cell 37.01533233764657 7.282905971469157 0.0 1.0 1.0 1 0 0 0.0 1.0 0.0
cell 51.34307135830804 46.431691878551405 0.0 1.0 1.0 1 0 0 0.0 1.0 0.0
cell 53.44846405407499 8.619424178114658 0.0 1.0 1.0 1 0 0 0.0 1.0 0.0
cell 27.913033056903945 47.06816875968103 0.0 1.0 1.0 1 0 0 0.0 1.0 0.0
cell 18.16196147002506 20.444646427788136 0.0 1.0 1.0 1 0 0 0.0 1.0 0.0
cell 24.256796036605003 56.82593397282988 0.0 1.0 1.0 1 0 0 0.0 1.0 0.0
cell 10.53921406498339 1.7671840735169186 0.0 1.0 1.0 1 0 0 0.0 1.0 0.0
cell 54.99723452430271 21.88699978401086 0.0 1.0 1.0 1 0 0 0.0 1.0 0.0
cell 44.98285289883022 57.73443729140913 0.0 1.0 1.0 1 0 0 0.0 1.0 0.0
cell 35.765787255367464 5.669857857958569 0.0 1.0 1.0 1 0 0 0.0 1.0 0.0
cell 21.364063698506055 38.446073832367595 0.0 1.0 1.0 1 0 0 0.0 1.0 0.0
cell 3.849528666206212 22.848562687739072 0.0 1.0 1.0 1 0 0 0.0 1.0 0.0
cell 7.863040865401496 29.017760990867842 0.0 1.0 1.0 1 0 0 0.0 1.0 0.0
cell 24.70057988388802 60.401566986735965 0.0 1.0 1.0 1 0 0 0.0 1.0 0.0
cell 6.079408343526273 43.1196359426827 0.0 1.0 1.0 1 0 0 0.0 1.0 0.0
cell 36.41489457537878 30.86406973096884 0.0 1.0 1.0 1 0 0 0.0 1.0 0.0
cell 23.461136806525115 58.7161051415649 0.0 1.0 1.0 1 0 0 0.0 1.0 0.0
cell 53.68712653396607 30.637900548885373 0.0 1.0 1.0 1 0 0 0.0 1.0 0.0
cell 48.52052454243437 58.98109164418313 0.0 1.140175425099138 0.8770580193070291 1 0 0 0.9331635411489995 0.35945209064666694 2.406231304711357
cell 9.14335154512986 14.392556151823172 0.0 1.0 1.0 1 0 0 0.0 1.0 0.0
cell 24.215036374222382 28.808597661161887 0.0 1.0488088481701516 0.9534625892455922 1 0 0 0.5444005534816923 -0.8388253914664405 5.131836661623172
cell 20.646144795819453 23.744260370630194 0.0 1.0 1.0 1 0 0 0.0 1.0 0.0
cell 48.34839034599677 43.58193269496874 0.0 1.0 1.0 1 0 0 0.0 1.0 0.0
cell 44.84520357481536 11.536846032979462 0.0 1.0 1.0 1 0 0 0.0 1.0 0.0
cell 42.67895754423569 2.9615313487496775 0.0 1.0 1.0 1 0 0 0.0 1.0 0.0
cell 7.639423621831506 54.75421321396885 0.0 1.0 1.0 1 0 0 0.0 1.0 0.0
cell 14.217240063618869 40.063288839925484 0.0 1.0 1.0 1 0 0 0.0 1.0 0.0
cell 55.79785746155402 45.428964487742036 0.0 1.0488088481701516 0.9534625892455922 1 0 0 0.7735337575643513 0.6337550993154811 1.7687964762914128
cell 2.400327894915958 16.84469221977948 0.0 1.0 1.0 1 0 0 0.0 1.0 0.0
cell 13.938804136096346 12.040186700505732 0.0 1.0 1.0 1 0 0 0.0 1.0 0.0
cell 13.364112165064379 22.76228180840171 0.0 1.0 1.0 1 0 0 0.0 1.0 0.0
cell 59.890583644848206 12.320866527763881 0.0 1.0 1.0 1 0 0 0.0 1.0 0.0
cell 45.22359472629858 20.506284575603146 0.0 1.2247448713915894 0.8164965809277259 1 0 0 0.9213040764475369 -0.38884289722348164 3.940343291938977
cell 42.33461105220243 22.440799533710525 0.0 1.0 1.0 1 0 0 0.0 1.0 0.0
cell 32.79798760517057 59.40711633288573 0.0 1.0 1.0 1 0 0 0.0 1.0 0.0
cell 25.139241919368043 3.480246092579317 0.0 1.0 1.0 1 0 0 0.0 1.0 0.0
cell 14.888493575961375 19.036303625646603 0.0 1.0 1.0 1 0 0 0.0 1.0 0.0
cell 3.7196735070874296 53.69777577084886 0.0 1.0 1.0 1 0 0 0.0 1.0 0.0
cell 39.31391116267461 42.85821233290812 0.0 1.0 1.0 1 0 0 0.0 1.0 0.0
cell 46.73168286422738 42.257588441606735 0.0 1.0 1.0 1 0 0 0.0 1.0 0.0
cell 37.10578922378972 36.17035704631632 0.0 1.0 1.0 1 0 0 0.0 1.0 0.0
cell 50.877542774370156 33.69723336312661 0.0 1.264911064067352 0.7905694150420947 1 0 0 0.008269718035663768 -0.9999658052971665 6.266645682585313
cell 1.3970880551602742 5.537965412238113 0.0 1.0 1.0 1 0 0 0.0 1.0 0.0
cell 25.87175702641522 49.95937649072875 0.0 1.0 1.0 1 0 0 0.0 1.0 0.0
cell 28.221363212774236 27.981297512224376 0.0 1.0 1.0 1 0 0 0.0 1.0 0.0
cell 2.7566706318515912 44.40051268944176 0.0 1.0 1.0 1 0 0 0.0 1.0 0.0
cell 2.8904840300904664 11.430307255933512 0.0 1.0 1.0 1 0 0 0.0 1.0 0.0
cell 0.7478514632128079 49.3372887351439 0.0 1.0 1.0 1 0 0 0.0 1.0 0.0
cell 39.5356810335234 10.466785377892663 0.0 1.0 1.0 1 0 0 0.0 1.0 0.0
cell 46.337063452990755 44.23552989853447 0.0 1.0 1.0 1 0 0 0.0 1.0 0.0
cell 36.73283160068621 12.678694745356156 0.0 1.0 1.0 1 0 0 0.0 1.0 0.0
cell 5.348607959899014 14.016769281474744 0.0 1.0 1.0 1 0 0 0.0 1.0 0.0
cell 58.28557372025548 59.45617964449493 0.0 1.0 1.0 1 0 0 0.0 1.0 0.0
cell 31.67857232361393 6.1956539282869265 0.0 1.0 1.0 1 0 0 0.0 1.0 0.0
cell 59.6122957090995 40.34492024080039 0.0 1.0 1.0 1 0 0 0.0 1.0 0.0
cell 11.637889159116929 55.01666593316646 0.0 1.0 1.0 1 0 0 0.0 1.0 0.0
cell 17.341462416388115 48.46032177527539 0.0 1.0 1.0 1 0 0 0.0 1.0 0.0
cell 10.802098366426923 42.17451554813554 0.0 1.0 1.0 1 0 0 0.0 1.0 0.0
cell 22.780486577166602 45.6738380426498 0.0 1.0 1.0 1 0 0 0.0 1.0 0.0
cell 10.351626557661278 16.01902685817597 0.0 1.0 1.0 1 0 0 0.0 1.0 0.0
cell 1.8900660317080296 7.465871971861242 0.0 1.0 1.0 1 0 0 0.0 1.0 0.0
cell 59.121618089115934 43.82974384997035 0.0 1.0 1.0 1 0 0 0.0 1.0 0.0
cell 53.82633795046728 44.97836811598142 0.0 1.0 1.0 1 0 0 0.0 1.0 0.0
cell 58.516768188337856 33.118595163306416 0.0 1.0 1.0 1 0 0 0.0 1.0 0.0
cell 18.016814019616383 36.19179256679421 0.0 1.0 1.0 1 0 0 0.0 1.0 0.0
cell 59.896039403726974 19.682581123680055 0.0 1.0 1.0 1 0 0 0.0 1.0 0.0
cell 3.2106843051984972 51.725915421504986 0.0 1.0 1.0 1 0 0 0.0 1.0 0.0
cell 16.173706940455425 57.83616429577558 0.0 1.0 1.0 1 0 0 0.0 1.0 0.0
cell 10.429332610815724 25.00555286111267 0.0 1.0 1.0 1 0 0 0.0 1.0 0.0
cell 59.71708129279222 50.73378128268454 0.0 1.0 1.0 1 0 0 0.0 1.0 0.0
cell 24.123388939761405 10.767897881768913 0.0 1.0 1.0 1 0 0 0.0 1.0 0.0
cell 49.87009313271256 45.03122133867215 0.0 1.0 1.0 1 0 0 0.0 1.0 0.0
cell 44.43005594061027 8.009938208881655 0.0 1.0 1.0 1 0 0 0.0 1.0 0.0
cell 1.686130676701618 37.14507051622567 0.0 1.0 1.0 1 0 0 0.0 1.0 0.0
cell 59.340400087287506 2.9598383855371586 0.0 1.0 1.0 1 0 0 0.0 1.0 0.0
cell 52.382003735765025 32.251655229447536 0.0 1.0 1.0 1 0 0 0.0 1.0 0.0
cell 8.220954951202517 49.290489677946525 0.0 1.0488088481701516 0.9534625892455922 1 0 0 0.9665874160334945 0.256337213774536 2.623130877643979
cell 14.76531434805861 31.825557571541918 0.0 1.0488088481701516 0.9534625892455922 1 0 0 0.5811037565949253 -0.8138294809548655 5.043016736256034
cell 58.45728708849844 21.081442743492676 0.0 1.0 1.0 1 0 0 0.0 1.0 0.0
cell 34.07739434847296 33.452827435037825 0.0 1.0 1.0 1 0 0 0.0 1.0 0.0
cell 34.232779345256134 9.406872656156231 0.0 1.0 1.0 1 0 0 0.0 1.0 0.0
cell 13.196575225188127 13.879221593164747 0.0 1.0 1.0 1 0 0 0.0 1.0 0.0
cell 29.372327410744884 11.87181854227421 0.0 1.0 1.0 1 0 0 0.0 1.0 0.0
cell 23.307561075788225 12.636164806679897 0.0 1.0 1.0 1 0 0 0.0 1.0 0.0
cell 28.381986511632988 42.99646283838519 0.0 1.0 1.0 1 0 0 0.0 1.0 0.0
cell 14.42014187138477 15.540509872993413 0.0 1.0 1.0 1 0 0 0.0 1.0 0.0
cell 13.807843577725249 3.1434726011143628 0.0 1.0 1.0 1 0 0 0.0 1.0 0.0
cell 53.469128984108885 15.99716873627334 0.0 1.0 1.0 1 0 0 0.0 1.0 0.0
cell 21.75885723388254 16.408986085949746 0.0 1.0 1.0 1 0 0 0.0 1.0 0.0
cell 2.9297184659225963 35.51325437067153 0.0 1.0 1.0 1 0 0 0.0 1.0 0.0
cell 27.094710682527193 17.568312568373774 0.0 1.0 1.0 1 0 0 0.0 1.0 0.0
cell 23.143496735295262 3.732603526423922 0.0 1.0 1.0 1 0 0 0.0 1.0 0.0
cell 59.568696490014936 25.149507649240498 0.0 1.0 1.0 1 0 0 0.0 1.0 0.0
cell 18.20703929430041 29.500700748871125 0.0 1.0954451150103324 0.9128709291752768 1 0 0 0.7900388319639912 -0.6130568032319457 4.461440634448277
cell 26.28258905848923 56.61306493223454 0.0 1.0 1.0 1 0 0 0.0 1.0 0.0
cell 24.36841541882524 5.33919904391021 0.0 1.0 1.0 1 0 0 0.0 1.0 0.0
cell 28.703646148522203 40.953274220492226 0.0 1.0 1.0 1 0 0 0.0 1.0 0.0
cell 16.664994864299835 31.044886316888746 0.0 1.0 1.0 1 0 0 0.0 1.0 0.0
cell 22.079147006859458 10.985453311070875 0.0 1.0 1.0 1 0 0 0.0 1.0 0.0
cell 7.734834168154231 7.173956272440554 0.0 1.0954451150103324 0.9128709291752768 1 0 0 0.9995691226374204 -0.029352496824931136 3.2003060802440544
cell 19.748337484475478 53.642987917565 0.0 1.0 1.0 1 0 0 0.0 1.0 0.0
cell 15.984246520071016 11.773679669877295 0.0 1.0 1.0 1 0 0 0.0 1.0 0.0
cell 25.05192000615403 26.77571355244906 0.0 1.0 1.0 1 0 0 0.0 1.0 0.0
cell 57.96083676611709 19.1159110871369 0.0 1.0 1.0 1 0 0 0.0 1.0 0.0
cell 42.498756227436765 17.150684625513332 0.0 1.0 1.0 1 0 0 0.0 1.0 0.0
cell 22.667976540310995 47.68782530086374 0.0 1.0 1.0 1 0 0 0.0 1.0 0.0
cell 12.403707574537352 15.77753482440115 0.0 1.0 1.0 1 0 0 0.0 1.0 0.0
cell 9.799368394540947 38.267363138933014 0.0 1.0 1.0 1 0 0 0.0 1.0 0.0
cell 51.43408616808035 0.7865335164200244 0.0 1.0 1.0 1 0 0 0.0 1.0 0.0
cell 52.51809071774805 12.048156504593617 0.0 1.0 1.0 1 0 0 0.0 1.0 0.0
cell 44.33526435847761 54.249312743935 0.0 1.0 1.0 1 0 0 0.0 1.0 0.0
cell 41.688115990540545 40.21851710657024 0.0 1.0 1.0 1 0 0 0.0 1.0 0.0
cell 2.3422712977797624 2.1489523536770863 0.0 1.0 1.0 1 0 0 0.0 1.0 0.0
cell 0.3114343540417835 54.64654278713698 0.0 1.0 1.0 1 0 0 0.0 1.0 0.0
cell 30.74231554067046 59.63676056340317 0.0 1.0 1.0 1 0 0 0.0 1.0 0.0
cell 60.07823702001555 36.83190881984528 0.0 1.0 1.0 1 0 0 0.0 1.0 0.0
cell 42.061907937064895 13.66711361418025 0.0 1.0 1.0 1 0 0 0.0 1.0 0.0
cell 44.34213301967763 22.161538554032212 0.0 1.0 1.0 1 0 0 0.0 1.0 0.0
cell 10.823198855433507 19.5545408331561 0.0 1.0 1.0 1 0 0 0.0 1.0 0.0
cell 8.025272501638442 47.3020991787761 0.0 1.1832159566199234 0.8451542547285166 1 0 0 0.20214763332176772 0.9793550604057796 0.40710066441073206
cell 25.04827134706804 17.84763140047012 0.0 1.0 1.0 1 0 0 0.0 1.0 0.0
cell 42.096109382883306 38.25080659188078 0.0 1.0 1.0 1 0 0 0.0 1.0 0.0
cell 24.778705602463617 42.70764461526444 0.0 1.0 1.0 1 0 0 0.0 1.0 0.0
cell 17.769883140457008 40.29219188010034 0.0 1.0 1.0 1 0 0 0.0 1.0 0.0
cell 21.093220694934722 3.994652720717647 0.0 1.0 1.0 1 0 0 0.0 1.0 0.0
cell 8.407541681301813 25.451441691651965 0.0 1.0 1.0 1 0 0 0.0 1.0 0.0
cell 15.635872547639726 47.34391033333444 0.0 1.0 1.0 1 0 0 0.0 1.0 0.0
cell 9.429723510939185 9.038464016975057 0.0 1.0 1.0 1 0 0 0.0 1.0 0.0
cell 7.115336530657256 52.73002585989498 0.0 1.0 1.0 1 0 0 0.0 1.0 0.0
cell 14.940690722195312 56.218570287308935 0.0 1.0 1.0 1 0 0 0.0 1.0 0.0
cell 47.78765668233234 54.998818376573254 0.0 1.0954451150103324 0.9128709291752768 1 0 0 0.9571179821632165 0.2896984090736654 2.5537692145316386
cell 42.21253013221824 59.94805755403027 0.0 1.0 1.0 1 0 0 0.0 1.0 0.0
cell 33.291916423240885 27.82999509027698 0.0 1.0 1.0 1 0 0 0.0 1.0 0.0
cell 39.5319505338372 24.46330095748947 0.0 1.0 1.0 1 0 0 0.0 1.0 0.0
cell 32.1921824276634 9.708618593911517 0.0 1.0 1.0 1 0 0 0.0 1.0 0.0
cell 19.05767151631317 4.237038264195679 0.0 1.0 1.0 1 0 0 0.0 1.0 0.0
cell 34.336949246734854 18.348979480988085 0.0 1.0 1.0 1 0 0 0.0 1.0 0.0
cell 10.979552738322274 5.267417376068824 0.0 1.0 1.0 1 0 0 0.0 1.0 0.0
cell 50.972991508855955 6.145775574163369 0.0 1.0 1.0 1 0 0 0.0 1.0 0.0
cell 7.58871372780445 12.654259639376349 0.0 1.2247448713915894 0.8164965809277259 1 0 0 0.11613306156269547 0.9932336643570209 0.23279140861977576
cell 34.68930313852099 12.921479522267369 0.0 1.0 1.0 1 0 0 0.0 1.0 0.0
cell 54.48815370154303 19.912186728082048 0.0 1.0 1.0 1 0 0 0.0 1.0 0.0
cell 50.9369831939213 59.2269164628719 0.0 1.0 1.0 1 0 0 0.0 1.0 0.0
cell 31.06372131302809 30.713209011746603 0.0 1.0 1.0 1 0 0 0.0 1.0 0.0
cell 53.88724003530615 3.29752076421655 0.0 1.0 1.0 1 0 0 0.0 1.0 0.0
cell 22.676047196081058 0.18790957559469632 0.0 1.0 1.0 1 0 0 0.0 1.0 0.0
cell 36.78055636314818 28.845555070047322 0.0 1.0 1.0 1 0 0 0.0 1.0 0.0
cell 15.824808881908355 26.067142138140046 0.0 1.0 1.0 1 0 0 0.0 1.0 0.0
cell 29.08857391733718 31.306621674673817 0.0 1.0 1.0 1 0 0 0.0 1.0 0.0
cell 15.534435995327431 8.264532029044222 0.0 1.0 1.0 1 0 0 0.0 1.0 0.0
cell 8.669447925820954 30.959704325255764 0.0 1.0 1.0 1 0 0 0.0 1.0 0.0
cell 7.997933627689387 3.692547053120215 0.0 1.0 1.0 1 0 0 0.0 1.0 0.0
cell 9.893961654071376 29.356773162605528 0.0 1.0 1.0 1 0 0 0.0 1.0 0.0
cell 23.099380689947758 41.57851114913028 0.0 1.0 1.0 1 0 0 0.0 1.0 0.0
cell 58.8232785496047 38.46523772095879 0.0 1.0 1.0 1 0 0 0.0 1.0 0.0
cell 32.866544745266864 22.195294668498086 0.0 1.0 1.0 1 0 0 0.0 1.0 0.0
cell 40.255830980014544 29.593725207548715 0.0 1.0 1.0 1 0 0 0.0 1.0 0.0
cell 40.93294934342756 58.37731508480765 0.0 1.0 1.0 1 0 0 0.0 1.0 0.0
cell 25.477175565574605 21.344404546133458 0.0 1.0 1.0 1 0 0 0.0 1.0 0.0
cell 48.09545667499157 23.630433052785513 0.0 1.0 1.0 1 0 0 0.0 1.0 0.0
cell 34.984049933917184 7.518470204552153 0.0 1.0 1.0 1 0 0 0.0 1.0 0.0
cell 47.89943535014124 45.59967722504809 0.0 1.0 1.0 1 0 0 0.0 1.0 0.0
cell 22.66973241391425 23.49358856369934 0.0 1.0 1.0 1 0 0 0.0 1.0 0.0
cell 19.461567164485636 22.110609479233663 0.0 1.0 1.0 1 0 0 0.0 1.0 0.0
cell 44.23160327617828 59.66466888895016 0.0 1.0 1.0 1 0 0 0.0 1.0 0.0
cell 45.20423259106614 6.162351040309993 0.0 1.0 1.0 1 0 0 0.0 1.0 0.0
cell 12.232728021872983 6.916475332400128 0.0 1.0 1.0 1 0 0 0.0 1.0 0.0
cell 12.110585254648157 47.16074992345553 0.0 1.0 1.0 1 0 0 0.0 1.0 0.0
cell 42.8458994037301 52.78670219487254 0.0 1.0 1.0 1 0 0 0.0 1.0 0.0
cell 47.235463199828935 5.889225844905952 0.0 1.0 1.0 1 0 0 0.0 1.0 0.0
cell 50.554771675981314 18.820428272887046 0.0 1.0 1.0 1 0 0 0.0 1.0 0.0
cell 20.97635551956493 18.302621312040507 0.0 1.0 1.0 1 0 0 0.0 1.0 0.0
cell 56.795294329089295 38.220075961398514 0.0 1.0 1.0 1 0 0 0.0 1.0 0.0
cell 30.32983813255685 56.14867386526565 0.0 1.0 1.0 1 0 0 0.0 1.0 0.0
cell 47.92319667773668 36.282204358642055 0.0 1.0 1.0 1 0 0 0.0 1.0 0.0
cell 39.774335400609125 50.122443296014474 0.0 1.0 1.0 1 0 0 0.0 1.0 0.0
cell 22.558273532534873 49.783730665106745 0.0 1.0 1.0 1 0 0 0.0 1.0 0.0
cell 39.07230461276301 6.984277144465456 0.0 1.0 1.0 1 0 0 0.0 1.0 0.0
cell 34.342723519174854 55.64625540321444 0.0 1.0 1.0 1 0 0 0.0 1.0 0.0
cell 50.549997589968804 26.207899624515957 0.0 1.0 1.0 1 0 0 0.0 1.0 0.0
cell 8.941678681272588 5.502590288953399 0.0 1.0 1.0 1 0 0 0.0 1.0 0.0
cell 13.752620751455288 50.28451140357709 0.0 1.0 1.0 1 0 0 0.0 1.0 0.0
cell 25.385349769389194 12.411955939482695 0.0 1.0 1.0 1 0 0 0.0 1.0 0.0
cell 0.4538636699673751 16.296442028572923 0.0 1.0 1.0 1 0 0 0.0 1.0 0.0
cell 46.00569663420508 36.93761272046047 0.0 1.0 1.0 1 0 0 0.0 1.0 0.0
cell 45.19042352729187 50.20628134067352 0.0 1.0 1.0 1 0 0 0.0 1.0 0.0
cell 33.12250792432693 16.743319082687833 0.0 1.0 1.0 1 0 0 0.0 1.0 0.0
cell 39.83105141540703 31.59233750959748 0.0 1.0 1.0 1 0 0 0.0 1.0 0.0
cell 20.776717270446543 50.70296735713973 0.0 1.0 1.0 1 0 0 0.0 1.0 0.0
cell 45.956481699742646 27.74168458895447 0.0 1.0 1.0 1 0 0 0.0 1.0 0.0
cell 55.94592440808172 18.494494497837625 0.0 1.0 1.0 1 0 0 0.0 1.0 0.0
cell 40.916373368681555 44.167247797726986 0.0 1.0 1.0 1 0 0 0.0 1.0 0.0
cell 44.801426218967414 52.246099992553006 0.0 1.0 1.0 1 0 0 0.0 1.0 0.0
cell 10.995506580847536 36.61961824548277 0.0 1.0 1.0 1 0 0 0.0 1.0 0.0
cell 31.106216089483656 54.24571919721624 0.0 1.0 1.0 1 0 0 0.0 1.0 0.0
cell 5.228729658945328 41.22109708995515 0.0 1.0 1.0 1 0 0 0.0 1.0 0.0
cell 40.607526303677915 3.2797873640703576 0.0 1.0 1.0 1 0 0 0.0 1.0 0.0
cell 32.451426318941415 50.76257140367788 0.0 1.0 1.0 1 0 0 0.0 1.0 0.0
cell 4.7941663136095105 19.4077083824072 0.0 1.0 1.0 1 0 0 0.0 1.0 0.0
cell 44.088743005102366 13.406204569140536 0.0 1.0 1.0 1 0 0 0.0 1.0 0.0
cell 19.60396141027496 39.36768818905866 0.0 1.0 1.0 1 0 0 0.0 1.0 0.0
cell 14.155697651912156 20.91425381699912 0.0 1.0 1.0 1 0 0 0.0 1.0 0.0
cell 48.19454171086764 16.301462440834968 0.0 1.0 1.0 1 0 0 0.0 1.0 0.0
cell 41.060051578164256 25.757977802410352 0.0 1.0 1.0 1 0 0 0.0 1.0 0.0
cell 44.017889262838665 46.86546944604604 0.0 1.0 1.0 1 0 0 0.0 1.0 0.0
cell 49.27247427530576 7.4767040939515965 0.0 1.140175425099138 0.8770580193070291 1 0 0 0.9930892479999983 -0.11736160150065193 3.3768580603166396
cell 5.708273654962227 37.71336357870428 0.0 1.0 1.0 1 0 0 0.0 1.0 0.0
cell 37.97911781731376 14.224093796957911 0.0 1.0 1.0 1 0 0 0.0 1.0 0.0
cell 14.793858741095146 33.9660495119371 0.0 1.0 1.0 1 0 0 0.0 1.0 0.0
cell 1.9171366355162636 22.275876935819753 0.0 1.0 1.0 1 0 0 0.0 1.0 0.0
cell 6.140639993595851 18.013561937121455 0.0 1.0 1.0 1 0 0 0.0 1.0 0.0
cell 0.8919530990465088 35.24759972738341 0.0 1.0 1.0 1 0 0 0.0 1.0 0.0
cell 7.256066803481143 41.49605407919568 0.0 1.0 1.0 1 0 0 0.0 1.0 0.0
cell 10.193922293910921 48.08862872753265 0.0 1.0488088481701516 0.9534625892455922 1 0 0 0.012432119142247847 -0.9999227182205798 6.258320428357764
cell 15.571614938219634 49.35327905812475 0.0 1.0 1.0 1 0 0 0.0 1.0 0.0
cell 53.877469390507905 56.38840323467261 0.0 1.0 1.0 1 0 0 0.0 1.0 0.0
cell 40.34979994457505 55.074281668828945 0.0 1.0 1.0 1 0 0 0.0 1.0 0.0
cell 29.17085222736798 38.94244862187818 0.0 1.0 1.0 1 0 0 0.0 1.0 0.0
cell 50.079933789800776 16.84957261592307 0.0 1.0 1.0 1 0 0 0.0 1.0 0.0
cell 23.164579056035514 37.48090131811296 0.0 1.0 1.0 1 0 0 0.0 1.0 0.0
cell 55.24741487115138 34.44773313116657 0.0 1.0 1.0 1 0 0 0.0 1.0 0.0
cell 41.36684486285016 32.90372356689907 0.0 1.0 1.0 1 0 0 0.0 1.0 0.0
cell 14.567530165967648 1.2292627481828342 0.0 1.0 1.0 1 0 0 0.0 1.0 0.0
cell 29.57910455457166 20.820442010719162 0.0 1.0 1.0 1 0 0 0.0 1.0 0.0
cell 25.83991242502808 52.98657981451571 0.0 1.0488088481701516 0.9534625892455922 1 0 0 0.7545315989638545 0.6562637169347769 1.70988017461899
cell 46.43619247544601 7.762094758261401 0.0 1.0 1.0 1 0 0 0.0 1.0 0.0
cell 42.42943538829773 45.50983312701852 0.0 1.0 1.0 1 0 0 0.0 1.0 0.0
cell 13.73206694318323 54.54919094923388 0.0 1.0488088481701516 0.9534625892455922 1 0 0 0.02510652461698503 -0.9996847815294863 6.232966981253426
cell 31.20527806833946 38.178433662666066 0.0 1.0 1.0 1 0 0 0.0 1.0 0.0
cell 52.80791974021376 37.62377184953408 0.0 1.0 1.0 1 0 0 0.0 1.0 0.0
cell 36.69187625370514 47.49998332779412 0.0 1.0 1.0 1 0 0 0.0 1.0 0.0
cell 31.26556261415821 2.709825631471509 0.0 1.0 1.0 1 0 0 0.0 1.0 0.0
cell 16.172538494204186 37.12594280624958 0.0 1.0 1.0 1 0 0 0.0 1.0 0.0
cell 19.869583803026927 25.654612460858285 0.0 1.0 1.0 1 0 0 0.0 1.0 0.0
cell 16.367163762036036 35.05529681059964 0.0 1.0 1.0 1 0 0 0.0 1.0 0.0
cell 55.46992275918716 16.54935124504287 0.0 1.0 1.0 1 0 0 0.0 1.0 0.0
cell 20.544516049822633 14.79447844349687 0.0 1.0 1.0 1 0 0 0.0 1.0 0.0
cell 28.751649874845977 59.88657387393274 0.0 1.0 1.0 1 0 0 0.0 1.0 0.0
cell 4.721940987256079 57.65589711659333 0.0 1.0 1.0 1 0 0 0.0 1.0 0.0
cell 40.121442783950506 60.19449670778922 0.0 1.0 1.0 1 0 0 0.0 1.0 0.0
cell 38.64336989197105 37.50114018005464 0.0 1.0 1.0 1 0 0 0.0 1.0 0.0
cell 4.339083865130346 24.88799160973563 0.0 1.0 1.0 1 0 0 0.0 1.0 0.0
cell 32.84436497306083 48.85171862758128 0.0 1.0 1.0 1 0 0 0.0 1.0 0.0
cell 42.36177141976971 54.67769679735931 0.0 1.0 1.0 1 0 0 0.0 1.0 0.0
cell 0.4297883130831287 8.915279976837038 0.0 1.0 1.0 1 0 0 0.0 1.0 0.0
cell 35.44540417072452 44.17631647882244 0.0 1.0 1.0 1 0 0 0.0 1.0 0.0
cell 10.142805868613227 50.05338234905202 0.0 1.0 1.0 1 0 0 0.0 1.0 0.0
cell 49.58931873015169 14.88179681135321 0.0 1.0 1.0 1 0 0 0.0 1.0 0.0
cell 11.127466455467651 14.145221021493365 0.0 1.0 1.0 1 0 0 0.0 1.0 0.0
cell 4.881141538026203 12.03735808082996 0.0 1.0 1.0 1 0 0 0.0 1.0 0.0
cell 15.851869724013522 43.23840111858814 0.0 1.0 1.0 1 0 0 0.0 1.0 0.0
cell 13.28096250490161 33.338992652960606 0.0 1.0 1.0 1 0 0 0.0 1.0 0.0
cell 27.954907480591945 24.574691735002638 0.0 1.0 1.0 1 0 0 0.0 1.0 0.0
cell 48.622729692938904 25.62033257105854 0.0 1.0 1.0 1 0 0 0.0 1.0 0.0
cell 58.43342501233904 13.733122494138478 0.0 1.0 1.0 1 0 0 0.0 1.0 0.0
cell 10.4488483008319 52.07094638973583 0.0 1.0 1.0 1 0 0 0.0 1.0 0.0
cell 39.2201201869035 15.847596340119699 0.0 1.0 1.0 1 0 0 0.0 1.0 0.0
cell 18.306335154964287 6.099867898926636 0.0 1.0 1.0 1 0 0 0.0 1.0 0.0
cell 46.291778586976676 59.33457239716156 0.0 1.0 1.0 1 0 0 0.0 1.0 0.0
cell 28.711787374169887 33.24186494935491 0.0 1.0 1.0 1 0 0 0.0 1.0 0.0
cell 11.787937069822782 3.359643428969647 0.0 1.0 1.0 1 0 0 0.0 1.0 0.0
cell 34.50793815085742 31.47380929525463 0.0 1.0 1.0 1 0 0 0.0 1.0 0.0
cell 41.02039456900972 20.843968021862423 0.0 1.0 1.0 1 0 0 0.0 1.0 0.0
cell 60.42530996018705 21.701639920431774 0.0 1.0 1.0 1 0 0 0.0 1.0 0.0
cell 8.23194822332797 34.459839968597585 0.0 1.0 1.0 1 0 0 0.0 1.0 0.0
cell 56.27311551918069 51.54302308629505 0.0 1.0 1.0 1 0 0 0.0 1.0 0.0
cell 2.850483024890301 4.059163832447096 0.0 1.0 1.0 1 0 0 0.0 1.0 0.0
cell 12.575393390363313 1.5133735682343288 0.0 1.0 1.0 1 0 0 0.0 1.0 0.0
cell 56.96704317329064 22.455527091356004 0.0 1.0 1.0 1 0 0 0.0 1.0 0.0
cell 58.043791113422294 36.57877898535799 0.0 1.0 1.0 1 0 0 0.0 1.0 0.0
cell 6.23123226314366 56.20313489734306 0.0 1.0 1.0 1 0 0 0.0 1.0 0.0
cell 33.41289408585319 11.302110987157668 0.0 1.0 1.0 1 0 0 0.0 1.0 0.0
cell 37.47697892438774 10.737760309915267 0.0 1.0 1.0 1 0 0 0.0 1.0 0.0
cell 45.41531516839623 15.013506586278435 0.0 1.0 1.0 1 0 0 0.0 1.0 0.0
cell 39.34912937252694 51.94124865436612 0.0 1.0 1.0 1 0 0 0.0 1.0 0.0
cell 25.878590798495274 24.851426373538324 0.0 1.0 1.0 1 0 0 0.0 1.0 0.0
cell 20.036005572143406 11.305495089276917 0.0 1.0 1.0 1 0 0 0.0 1.0 0.0
cell 6.167812863066574 34.18221124531128 0.0 1.0 1.0 1 0 0 0.0 1.0 0.0
cell 11.624900044165383 17.70830954878906 0.0 1.0 1.0 1 0 0 0.0 1.0 0.0
cell 45.67663874766859 29.662978956599133 0.0 1.0 1.0 1 0 0 0.0 1.0 0.0
cell 27.635249128338774 6.744154430631257 0.0 1.0 1.0 1 0 0 0.0 1.0 0.0
cell 6.697803381384155 58.19980267967564 0.0 1.0 1.0 1 0 0 0.0 1.0 0.0
cell 35.90903901850593 14.521297013246706 0.0 1.0 1.0 1 0 0 0.0 1.0 0.0
cell 5.182410302196619 52.25143761936891 0.0 1.0 1.0 1 0 0 0.0 1.0 0.0
cell 17.022460581147733 27.710343390740707 0.0 1.0 1.0 1 0 0 0.0 1.0 0.0
cell 58.361669308382346 41.98780131311295 0.0 1.0 1.0 1 0 0 0.0 1.0 0.0
cell 60.40471066014977 42.22050693311248 0.0 1.0 1.0 1 0 0 0.0 1.0 0.0
cell 11.462888397856771 8.814521111997113 0.0 1.0 1.0 1 0 0 0.0 1.0 0.0
cell 49.94871722636654 35.54030731833005 0.0 1.0 1.0 1 0 0 0.0 1.0 0.0
cell 2.888300959122908 18.84834110318723 0.0 1.0 1.0 1 0 0 0.0 1.0 0.0
cell 34.80116571478925 59.179588954613564 0.0 1.0 1.0 1 0 0 0.0 1.0 0.0
cell 8.824009106820906 19.890238573072995 0.0 1.0 1.0 1 0 0 0.0 1.0 0.0
cell 53.5140173022441 23.340771499482084 0.0 1.0 1.0 1 0 0 0.0 1.0 0.0
cell 18.587253389806637 23.9471890775506 0.0 1.0 1.0 1 0 0 0.0 1.0 0.0
cell 18.99565160150818 51.74000930134062 0.0 1.0488088481701516 0.9534625892455922 1 0 0 0.2372312749119608 0.9714532012421626 0.4790295374783962
cell 27.409063200242294 12.132991435738822 0.0 1.0 1.0 1 0 0 0.0 1.0 0.0
cell 46.5471676555549 25.06032559117676 0.0 1.0488088481701516 0.9534625892455922 1 0 0 0.8533956860203978 0.5212636598514945 2.0449306027904157
cell 20.223436180910912 20.20074684131818 0.0 1.0 1.0 1 0 0 0.0 1.0 0.0
cell 2.418346221647186 24.268472594645516 0.0 1.0 1.0 1 0 0 0.0 1.0 0.0
cell 41.11600709118362 6.697158668893833 0.0 1.0 1.0 1 0 0 0.0 1.0 0.0
cell 15.976143472987017 29.493198655444314 0.0 1.0 1.0 1 0 0 0.0 1.0 0.0
cell 4.318519727895074 2.685404422177901 0.0 1.0 1.0 1 0 0 0.0 1.0 0.0
cell 22.947138885489288 43.58122264200474 0.0 1.0 1.0 1 0 0 0.0 1.0 0.0
