1000
 Lattice="60.091813407559584 0.0 0.0 0.0 60.091813407559584 0.0 0.0 0.0 1.0"Properties=species:S:1:pos:R:3:aspherical_shape:R:3:orientation:R:4:Color:R:1
cell 16.432923156698628 18.86913547136913 0.0 1.0 1.0 1 0 0 0.0 1.0 0.0
cell 22.94817174762069 52.621038763873024 0.0 1.0 1.0 1 0 0 0.0 1.0 0.0
cell 57.07973186455938 6.022758449749295 0.0 1.0 1.0 1 0 0 0.0 1.0 0.0
cell 39.74260830919761 46.5106402525473 0.0 1.0 1.0 1 0 0 0.0 1.0 0.0
cell 29.153025500508694 28.407438326187915 0.0 1.0 1.0 1 0 0 0.0 1.0 0.0
cell 29.624874395417194 5.228375473770909 0.0 1.0 1.0 1 0 0 0.0 1.0 0.0
cell 16.1588815833317 2.6789907012259317 0.0 1.0 1.0 1 0 0 0.0 1.0 0.0
cell 40.89035507207527 0.4505848507499987 0.0 1.0 1.0 1 0 0 0.0 1.0 0.0
cell 50.213979354286536 43.93365278230108 0.0 1.0 1.0 1 0 0 0.0 1.0 0.0
cell 31.18241612855748 28.82736904668565 0.0 1.0 1.0 1 0 0 0.0 1.0 0.0
cell 39.340287232932205 49.941504109559176 0.0 1.0 1.0 1 0 0 0.0 1.0 0.0
cell 5.325556009936123 33.98920662339316 0.0 1.0 1.0 1 0 0 0.0 1.0 0.0
cell 13.688219426626263 53.84782713888725 0.0 1.0 1.0 1 0 0 0.0 1.0 0.0
cell 51.58085534223898 36.69158427349151 0.0 1.0 1.0 1 0 0 0.0 1.0 0.0
cell 47.05871344885747 7.298160447861385 0.0 1.0 1.0 1 0 0 0.0 1.0 0.0
cell 16.54193673745502 39.92033220492819 0.0 1.0 1.0 1 0 0 0.0 1.0 0.0
cell 55.879746582219866 50.80040400891348 0.0 1.0 1.0 1 0 0 0.0 1.0 0.0
cell 24.73981915843984 36.66331524982683 0.0 1.0 1.0 1 0 0 0.0 1.0 0.0
cell 20.517586741786136 59.648758969592464 0.0 1.0 1.0 1 0 0 0.0 1.0 0.0
cell 15.345683644262428 0.8138133009812555 0.0 1.0 1.0 1 0 0 0.0 1.0 0.0
cell 50.625235790183105 52.127994140144985 0.0 1.0 1.0 1 0 0 0.0 1.0 0.0
cell 48.83776263701825 51.2085240086352 0.0 1.0 1.0 1 0 0 0.0 1.0 0.0
cell 5.658645716034009 9.832623826110419 0.0 1.0 1.0 1 0 0 0.0 1.0 0.0
cell 53.762723980031126 43.74947086824034 0.0 1.0 1.0 1 0 0 0.0 1.0 0.0
cell 7.103064720306137 19.000389755404576 0.0 1.0 1.0 1 0 0 0.0 1.0 0.0
cell 17.107825332894844 15.391883370608504 0.0 1.0 1.0 1 0 0 0.0 1.0 0.0
cell 17.12480010986231 20.814813499788247 0.0 1.0 1.0 1 0 0 0.0 1.0 0.0
cell 18.163827822962215 2.953685517858139 0.0 1.0 1.0 1 0 0 0.0 1.0 0.0
cell 13.834337776539426 27.37973265455946 0.0 1.0 1.0 1 0 0 0.0 1.0 0.0
cell 38.52153128043009 11.088234884128878 0.0 1.0 1.0 1 0 0 0.0 1.0 0.0
cell 13.378415454997487 41.42076761732046 0.0 1.0 1.0 1 0 0 0.0 1.0 0.0
cell 33.37925234741836 42.70388924519765 0.0 1.0 1.0 1 0 0 0.0 1.0 0.0
cell 38.87834856071283 0.3962629170967268 0.0 1.0 1.0 1 0 0 0.0 1.0 0.0
cell 27.164573750410167 49.29946154387112 0.0 1.0 1.0 1 0 0 0.0 1.0 0.0
cell 43.08727220593081 57.089766590697955 0.0 1.0 1.0 1 0 0 0.0 1.0 0.0
cell 3.060617639389732 54.48891807599171 0.0 1.0 1.0 1 0 0 0.0 1.0 0.0
cell 36.953421326482626 27.39927032656356 0.0 1.0 1.0 1 0 0 0.0 1.0 0.0
cell 45.13336735514158 57.14735985493682 0.0 1.0 1.0 1 0 0 0.0 1.0 0.0
cell 33.80653534476576 14.671271249516831 0.0 1.0 1.0 1 0 0 0.0 1.0 0.0
cell 7.93703961187134 38.89279956890773 0.0 1.264911064067352 0.7905694150420947 1 0 0 0.9988992706196606 -0.04690679221083149 3.2354406742968282
cell 39.11872857258467 34.36562104952575 0.0 1.0 1.0 1 0 0 0.0 1.0 0.0
cell 43.22391500059804 18.76835838324479 0.0 1.0 1.0 1 0 0 0.0 1.0 0.0
cell 40.22709142625965 25.11446722074954 0.0 1.0 1.0 1 0 0 0.0 1.0 0.0
cell 44.67421618322232 39.09671763776419 0.0 1.0 1.0 1 0 0 0.0 1.0 0.0
cell 30.29199746311915 47.75815452689419 0.0 1.0 1.0 1 0 0 0.0 1.0 0.0
cell 7.735408671508727 45.017151272290064 0.0 1.0 1.0 1 0 0 0.0 1.0 0.0
cell 41.800710730101926 5.814138151540089 0.0 1.0 1.0 1 0 0 0.0 1.0 0.0
cell 32.56461219502909 7.234377158454787 0.0 1.0 1.0 1 0 0 0.0 1.0 0.0
cell 32.35144040722621 10.805211811988825 0.0 1.0 1.0 1 0 0 0.0 1.0 0.0
cell 39.22371006484906 15.057426677535279 0.0 1.0 1.0 1 0 0 0.0 1.0 0.0
cell 4.411951499020273 11.371498497879916 0.0 1.0 1.0 1 0 0 0.0 1.0 0.0
cell 20.413741738941297 19.61946103235718 0.0 1.0 1.0 1 0 0 0.0 1.0 0.0
cell 18.950735634515343 4.810523876847859 0.0 1.0 1.0 1 0 0 0.0 1.0 0.0
cell 9.766049353172907 15.938189186943825 0.0 1.0 1.0 1 0 0 0.0 1.0 0.0
cell 28.513188533703307 21.041220070501122 0.0 1.0 1.0 1 0 0 0.0 1.0 0.0
cell 42.50800269877249 32.093322466270266 0.0 1.0 1.0 1 0 0 0.0 1.0 0.0
cell 35.16435118557214 53.234147343031076 0.0 1.0 1.0 1 0 0 0.0 1.0 0.0
cell 42.170677975297934 55.24555908644445 0.0 1.0 1.0 1 0 0 0.0 1.0 0.0
cell 6.422672274400553 11.731069041095513 0.0 1.0 1.0 1 0 0 0.0 1.0 0.0
cell 0.8740952857684399 47.42228692100308 0.0 1.0 1.0 1 0 0 0.0 1.0 0.0
cell 6.463467767963709 17.104989070858146 0.0 1.0 1.0 1 0 0 0.0 1.0 0.0
cell 51.44853611899295 34.629441005771234 0.0 1.0 1.0 1 0 0 0.0 1.0 0.0
cell 35.70494937937251 15.310177632595185 0.0 1.0 1.0 1 0 0 0.0 1.0 0.0
cell 18.48278620253693 24.69019290297652 0.0 1.0 1.0 1 0 0 0.0 1.0 0.0
cell 21.532363031165335 38.08556572900135 0.0 1.0 1.0 1 0 0 0.0 1.0 0.0
cell 57.21068664068796 14.973007083474805 0.0 1.0 1.0 1 0 0 0.0 1.0 0.0
cell 34.97536327259049 56.755544036764604 0.0 1.0 1.0 1 0 0 0.0 1.0 0.0
cell 24.491415992955186 40.253337304544594 0.0 1.0 1.0 1 0 0 0.0 1.0 0.0
cell 15.891656225912342 50.44823983536718 0.0 1.0 1.0 1 0 0 0.0 1.0 0.0
cell 37.42253547736153 35.45331633861252 0.0 1.0 1.0 1 0 0 0.0 1.0 0.0
cell 9.845186934133299 26.590942373658663 0.0 1.0 1.0 1 0 0 0.0 1.0 0.0
cell 57.37754801070953 45.58266921125197 0.0 1.0 1.0 1 0 0 0.0 1.0 0.0
cell 8.041682253258342 1.3749073441732833 0.0 1.0 1.0 1 0 0 0.0 1.0 0.0
cell 26.539469109215602 40.38676071787208 0.0 1.0 1.0 1 0 0 0.0 1.0 0.0
cell 56.12458098181618 25.092759004617644 0.0 1.0 1.0 1 0 0 0.0 1.0 0.0
cell 6.202094550869014 48.13055560650607 0.0 1.0 1.0 1 0 0 0.0 1.0 0.0
cell 32.64641362910472 21.738099865577844 0.0 1.0 1.0 1 0 0 0.0 1.0 0.0
cell 25.131016994685556 49.236251528780954 0.0 1.0 1.0 1 0 0 0.0 1.0 0.0
cell 53.91541642094786 4.634539400372663 0.0 1.0 1.0 1 0 0 0.0 1.0 0.0
cell 34.18308982444666 51.426276360669895 0.0 1.0 1.0 1 0 0 0.0 1.0 0.0
cell 22.339540955367767 43.66318967201259 0.0 1.0 1.0 1 0 0 0.0 1.0 0.0
cell 25.861814650733535 18.784056857201715 0.0 1.0 1.0 1 0 0 0.0 1.0 0.0
cell 57.79688350492849 23.97043490841218 0.0 1.0 1.0 1 0 0 0.0 1.0 0.0
cell 4.313405136011831 45.14371149626963 0.0 1.0 1.0 1 0 0 0.0 1.0 0.0
cell 59.41148775636078 50.574823036181655 0.0 1.0 1.0 1 0 0 0.0 1.0 0.0
cell 55.352166141132834 40.55132616307031 0.0 1.0 1.0 1 0 0 0.0 1.0 0.0
cell 31.364337952093255 46.01244958172674 0.0 1.0 1.0 1 0 0 0.0 1.0 0.0
cell 59.681660581423394 24.797014776422657 0.0 1.0 1.0 1 0 0 0.0 1.0 0.0
cell 59.63056616282885 3.638745120622571 0.0 1.0 1.0 1 0 0 0.0 1.0 0.0
cell 51.24363946272746 30.532338269637627 0.0 1.0 1.0 1 0 0 0.0 1.0 0.0
cell 27.798413131774872 29.930236334210115 0.0 1.0 1.0 1 0 0 0.0 1.0 0.0
cell 46.12752513025139 55.474927408520806 0.0 1.0 1.0 1 0 0 0.0 1.0 0.0
cell 23.4134007379495 7.7731968706405565 0.0 1.0 1.0 1 0 0 0.0 1.0 0.0
cell 40.48641907097611 11.686279716329446 0.0 1.0 1.0 1 0 0 0.0 1.0 0.0
cell 46.684608197296896 12.674840566786614 0.0 1.0 1.0 1 0 0 0.0 1.0 0.0
cell 48.94608346412615 53.23768843194209 0.0 1.0 1.0 1 0 0 0.0 1.0 0.0
cell 33.11991190562347 12.695062694741495 0.0 1.0 1.0 1 0 0 0.0 1.0 0.0
cell 25.840403697729833 29.60091507676853 0.0 1.0 1.0 1 0 0 0.0 1.0 0.0
cell 33.38364375878929 18.487271321859932 0.0 1.0 1.0 1 0 0 0.0 1.0 0.0
cell 3.7352263617235 35.00033488695671 0.0 1.0 1.0 1 0 0 0.0 1.0 0.0
cell 37.96855880643171 58.62012368225406 0.0 1.0 1.0 1 0 0 0.0 1.0 0.0
cell 34.4936423675651 41.47252057433414 0.0 1.0 1.0 1 0 0 0.0 1.0 0.0
cell 21.847140840320435 54.330621773861246 0.0 1.0 1.0 1 0 0 0.0 1.0 0.0
cell 15.764625767711028 53.9927287987353 0.0 1.0 1.0 1 0 0 0.0 1.0 0.0
cell 7.193818576742434 24.35827367773221 0.0 1.0 1.0 1 0 0 0.0 1.0 0.0
cell 55.559049957430744 44.66112610167654 0.0 1.0 1.0 1 0 0 0.0 1.0 0.0
cell 2.3488662005907823 42.22063916498172 0.0 1.0 1.0 1 0 0 0.0 1.0 0.0
cell 11.29983812228521 0.13155139327430138 0.0 1.0 1.0 1 0 0 0.0 1.0 0.0
cell 43.74418174168971 24.858414273920754 0.0 1.0 1.0 1 0 0 0.0 1.0 0.0
cell 3.154276993065628 56.50870301854724 0.0 1.0 1.0 1 0 0 0.0 1.0 0.0
cell 41.04772611661085 37.307772604906624 0.0 1.0 1.0 1 0 0 0.0 1.0 0.0
cell 22.496155182362855 40.07640430552413 0.0 1.0 1.0 1 0 0 0.0 1.0 0.0
cell 51.67419458131747 38.73342846870161 0.0 1.0 1.0 1 0 0 0.0 1.0 0.0
cell 37.3236502100069 33.44257234853586 0.0 1.0 1.0 1 0 0 0.0 1.0 0.0
cell 30.143838230329646 35.53208576425078 0.0 1.0 1.0 1 0 0 0.0 1.0 0.0
cell 7.881040881584136 26.24264633018276 0.0 1.0 1.0 1 0 0 0.0 1.0 0.0
cell 52.009825959740155 44.86450902351517 0.0 1.0 1.0 1 0 0 0.0 1.0 0.0
cell 7.503306266122226 40.747296670322065 0.0 1.0 1.0 1 0 0 0.0 1.0 0.0
cell 31.880552556626874 19.842793347417544 0.0 1.0 1.0 1 0 0 0.0 1.0 0.0
cell 13.549858498232664 5.833576743527239 0.0 1.0 1.0 1 0 0 0.0 1.0 0.0
cell 15.194823067418175 45.06131065067016 0.0 1.0 1.0 1 0 0 0.0 1.0 0.0
cell 26.662666928765027 59.946211952403004 0.0 1.0 1.0 1 0 0 0.0 1.0 0.0
cell 30.130395195398417 51.27545080606063 0.0 1.0 1.0 1 0 0 0.0 1.0 0.0
cell 4.779948966540338 2.5433857035077847 0.0 1.0 1.0 1 0 0 0.0 1.0 0.0
cell 45.81111263984878 2.253011708139998 0.0 1.0 1.0 1 0 0 0.0 1.0 0.0
cell 13.122032312409194 44.95679641216096 0.0 1.0 1.0 1 0 0 0.0 1.0 0.0
cell 19.847454203625265 28.544169793418078 0.0 1.0 1.0 1 0 0 0.0 1.0 0.0
cell 27.89876275624678 54.7008845714348 0.0 1.0 1.0 1 0 0 0.0 1.0 0.0
cell 19.656030922238465 57.74202803375187 0.0 1.0 1.0 1 0 0 0.0 1.0 0.0
cell 0.07506948061448349 0.37114352738737844 0.0 1.0 1.0 1 0 0 0.0 1.0 0.0
cell 9.969879847688638 52.04061075308737 0.0 1.0 1.0 1 0 0 0.0 1.0 0.0
cell 37.704864976870816 39.53327303516398 0.0 1.0 1.0 1 0 0 0.0 1.0 0.0
cell 11.10715813114644 14.332757063751885 0.0 1.0 1.0 1 0 0 0.0 1.0 0.0
cell 0.5763074658998457 41.30867515586318 0.0 1.0 1.0 1 0 0 0.0 1.0 0.0
cell 54.523124836921696 58.022488182879705 0.0 1.0 1.0 1 0 0 0.0 1.0 0.0
cell 24.80051687522564 56.319350322951145 0.0 1.0 1.0 1 0 0 0.0 1.0 0.0
cell 55.42812894172639 42.656896301635975 0.0 1.0 1.0 1 0 0 0.0 1.0 0.0
cell 15.82275546823841 22.34453710629848 0.0 1.0 1.0 1 0 0 0.0 1.0 0.0
cell 22.456324797569053 25.38323098859805 0.0 1.0 1.0 1 0 0 0.0 1.0 0.0
cell 35.257790313350064 28.541417403579644 0.0 1.0 1.0 1 0 0 0.0 1.0 0.0
cell 28.47592588571618 26.440643155005066 0.0 1.0 1.0 1 0 0 0.0 1.0 0.0
cell 28.685493544487404 59.9942008718239 0.0 1.0 1.0 1 0 0 0.0 1.0 0.0
cell 27.806904340609343 24.54881635689602 0.0 1.0 1.0 1 0 0 0.0 1.0 0.0
cell 50.75602440064109 54.147050235525704 0.0 1.0 1.0 1 0 0 0.0 1.0 0.0
cell 53.521648258750204 39.62207481014049 0.0 1.0 1.0 1 0 0 0.0 1.0 0.0
cell 32.263570864677256 36.77466172709812 0.0 1.0 1.0 1 0 0 0.0 1.0 0.0
cell 25.913166103264157 54.591451324540316 0.0 1.0 1.0 1 0 0 0.0 1.0 0.0
cell 21.660470034443208 57.89973196665298 0.0 1.0 1.0 1 0 0 0.0 1.0 0.0
cell 30.545062074083084 7.097833084052933 0.0 1.0 1.0 1 0 0 0.0 1.0 0.0
cell 52.53639104839029 59.48627571213006 0.0 1.140175425099138 0.8770580193070291 1 0 0 0.9506828910459029 0.31016453806424094 2.510860451375971
cell 53.97862327454743 13.56834475179094 0.0 1.0 1.0 1 0 0 0.0 1.0 0.0
cell 2.4902611128764014 11.013594347752928 0.0 1.0 1.0 1 0 0 0.0 1.0 0.0
cell 37.599704090250114 9.224181777234225 0.0 1.0 1.0 1 0 0 0.0 1.0 0.0
cell 9.04566574942073 35.49465584787573 0.0 1.0 1.0 1 0 0 0.0 1.0 0.0
cell 3.743822099919318 14.831781627421705 0.0 1.0 1.0 1 0 0 0.0 1.0 0.0
cell 40.00242565512399 58.73558913964691 0.0 1.0 1.0 1 0 0 0.0 1.0 0.0
cell 24.575507958775287 59.84550660587903 0.0 1.0 1.0 1 0 0 0.0 1.0 0.0
cell 12.449143033214526 58.748624736386944 0.0 1.0 1.0 1 0 0 0.0 1.0 0.0
cell 45.24223470672337 51.447945408958574 0.0 1.0488088481701516 0.9534625892455922 1 0 0 0.5286503136253746 -0.8488397056593153 5.169165827563227
cell 15.767254232666387 16.991623351752065 0.0 1.0 1.0 1 0 0 0.0 1.0 0.0
cell 39.63442913595919 9.33442756374302 0.0 1.0 1.0 1 0 0 0.0 1.0 0.0
cell 37.768011311603544 41.54684453052761 0.0 1.0 1.0 1 0 0 0.0 1.0 0.0
cell 50.13731966174678 41.901021291717754 0.0 1.0 1.0 1 0 0 0.0 1.0 0.0
cell 33.59579871417094 27.766136058912938 0.0 1.0 1.0 1 0 0 0.0 1.0 0.0
cell 16.52983217581316 29.69493613901788 0.0 1.0 1.0 1 0 0 0.0 1.0 0.0
cell 32.019360675871155 32.813404565575816 0.0 1.0 1.0 1 0 0 0.0 1.0 0.0
cell 54.08628447556632 22.206148382181834 0.0 1.0 1.0 1 0 0 0.0 1.0 0.0
cell 29.97281764933785 54.79673194628319 0.0 1.0 1.0 1 0 0 0.0 1.0 0.0
cell 4.1942520482244365 43.13480639586399 0.0 1.0 1.0 1 0 0 0.0 1.0 0.0
cell 35.13318172459988 13.0913109031883 0.0 1.0 1.0 1 0 0 0.0 1.0 0.0
cell 43.95082466272016 26.902891076433466 0.0 1.0 1.0 1 0 0 0.0 1.0 0.0
cell 24.42641015227506 14.993851325191692 0.0 1.0 1.0 1 0 0 0.0 1.0 0.0
cell 43.53561050677671 50.4054338589654 0.0 1.0 1.0 1 0 0 0.0 1.0 0.0
cell 18.360898408762893 43.504693871278036 0.0 1.0 1.0 1 0 0 0.0 1.0 0.0
cell 14.554249433403331 29.327808142521548 0.0 1.0 1.0 1 0 0 0.0 1.0 0.0
cell 29.336600834421517 45.89388138663059 0.0 1.0 1.0 1 0 0 0.0 1.0 0.0
cell 30.90044893699176 56.579089296035136 0.0 1.0 1.0 1 0 0 0.0 1.0 0.0
cell 24.53170306836594 6.3492772435372435 0.0 1.0 1.0 1 0 0 0.0 1.0 0.0
cell 35.69383280056669 36.56452625931457 0.0 1.0 1.0 1 0 0 0.0 1.0 0.0
cell 19.27542775183878 45.32829121950663 0.0 1.0 1.0 1 0 0 0.0 1.0 0.0
cell 5.553871474337618 36.020680038508324 0.0 1.0 1.0 1 0 0 0.0 1.0 0.0
cell 31.71090283371261 1.8260237841591225 0.0 1.0 1.0 1 0 0 0.0 1.0 0.0
cell 9.711306880371646 10.520363051063564 0.0 1.0 1.0 1 0 0 0.0 1.0 0.0
cell 56.10462640142413 54.85585920079542 0.0 1.0 1.0 1 0 0 0.0 1.0 0.0
cell 38.40262242406159 48.093718788782034 0.0 1.0 1.0 1 0 0 0.0 1.0 0.0
cell 55.14654570044514 15.17223573377127 0.0 1.0 1.0 1 0 0 0.0 1.0 0.0
cell 28.859829969089933 56.48070595907814 0.0 1.0 1.0 1 0 0 0.0 1.0 0.0
cell 0.23048828292290496 35.15432180057579 0.0 1.0 1.0 1 0 0 0.0 1.0 0.0
cell 23.562507721292803 38.317563483368296 0.0 1.0 1.0 1 0 0 0.0 1.0 0.0
cell 42.94826387321171 0.48172608124069216 0.0 1.0 1.0 1 0 0 0.0 1.0 0.0
cell 2.2627789489039265 40.15971688837448 0.0 1.0 1.0 1 0 0 0.0 1.0 0.0
cell 1.2286977518262612 53.527868197620386 0.0 1.0 1.0 1 0 0 0.0 1.0 0.0
cell 55.21374084196417 38.550466278388846 0.0 1.0 1.0 1 0 0 0.0 1.0 0.0
cell 25.425963331405722 8.189813812674153 0.0 1.0 1.0 1 0 0 0.0 1.0 0.0
cell 10.974986107102719 8.996954807658113 0.0 1.0 1.0 1 0 0 0.0 1.0 0.0
cell 9.73699806061463 47.94492539451783 0.0 1.0 1.0 1 0 0 0.0 1.0 0.0
cell 44.594235414537884 15.556017417629752 0.0 1.0 1.0 1 0 0 0.0 1.0 0.0
cell 7.820228991653008 20.940201811793745 0.0 1.0 1.0 1 0 0 0.0 1.0 0.0
cell 10.535825115526478 23.151465019110493 0.0 1.0 1.0 1 0 0 0.0 1.0 0.0
cell 22.004358743696585 50.77012589730443 0.0 1.0 1.0 1 0 0 0.0 1.0 0.0
cell 44.340502437490464 13.407065735457339 0.0 1.0 1.0 1 0 0 0.0 1.0 0.0
cell 9.167031030208074 24.73144506054942 0.0 1.0 1.0 1 0 0 0.0 1.0 0.0
cell 8.556801988013536 33.52729957966996 0.0 1.0 1.0 1 0 0 0.0 1.0 0.0
cell 29.810005159295134 58.30805884757401 0.0 1.0 1.0 1 0 0 0.0 1.0 0.0
cell 36.76202884791835 25.334499229106473 0.0 1.0 1.0 1 0 0 0.0 1.0 0.0
cell 10.541463997775475 28.56182911930107 0.0 1.0 1.0 1 0 0 0.0 1.0 0.0
cell 40.809514459547344 3.998107556273246 0.0 1.0 1.0 1 0 0 0.0 1.0 0.0
cell 40.68873614120217 7.546035025418099 0.0 1.0 1.0 1 0 0 0.0 1.0 0.0
cell 33.5106135364554 29.619358657019816 0.0 1.0 1.0 1 0 0 0.0 1.0 0.0
cell 4.492145998510401 49.23309702639104 0.0 1.0 1.0 1 0 0 0.0 1.0 0.0
cell 46.140116995919556 33.906352025076586 0.0 1.0 1.0 1 0 0 0.0 1.0 0.0
cell 51.9125895115797 42.80682094269048 0.0 1.0 1.0 1 0 0 0.0 1.0 0.0
cell 27.149782095744378 22.621036729499092 0.0 1.0 1.0 1 0 0 0.0 1.0 0.0
cell 3.869898491983042 25.506038398493228 0.0 1.0 1.0 1 0 0 0.0 1.0 0.0
cell 55.10894191077718 6.275111639772015 0.0 1.0 1.0 1 0 0 0.0 1.0 0.0
cell 33.44113743638838 25.72855976724246 0.0 1.0 1.0 1 0 0 0.0 1.0 0.0
cell 15.656572012347175 57.45237125787259 0.0 1.0 1.0 1 0 0 0.0 1.0 0.0
cell 46.902146666088086 48.20755410272538 0.0 1.0 1.0 1 0 0 0.0 1.0 0.0
cell 17.02444868686788 48.74246867611304 0.0 1.0 1.0 1 0 0 0.0 1.0 0.0
cell 4.479348157856178 22.116512057373832 0.0 1.0 1.0 1 0 0 0.0 1.0 0.0
cell 44.57156113101547 37.077988141771506 0.0 1.0 1.0 1 0 0 0.0 1.0 0.0
cell 56.89280780662614 37.38985164040551 0.0 1.0 1.0 1 0 0 0.0 1.0 0.0
cell 57.57870953179929 9.532200516354242 0.0 1.0 1.0 1 0 0 0.0 1.0 0.0
cell 15.001754580662103 9.64858883837054 0.0 1.0 1.0 1 0 0 0.0 1.0 0.0
cell 6.9690430596386195 8.30378483447965 0.0 1.0 1.0 1 0 0 0.0 1.0 0.0
cell 18.155643801793627 47.03225428666695 0.0 1.0 1.0 1 0 0 0.0 1.0 0.0
cell 23.936163789165665 34.72048748688555 0.0 1.0 1.0 1 0 0 0.0 1.0 0.0
cell 44.83110683679929 4.035847524543685 0.0 1.0 1.0 1 0 0 0.0 1.0 0.0
cell 13.709690796802455 57.16538653958443 0.0 1.0 1.0 1 0 0 0.0 1.0 0.0
cell 2.4813323714300295 44.28231783819402 0.0 1.0 1.0 1 0 0 0.0 1.0 0.0
cell 45.91316612179028 29.835649652841237 0.0 1.0 1.0 1 0 0 0.0 1.0 0.0
cell 4.853670044338976 55.35423614287724 0.0 1.0 1.0 1 0 0 0.0 1.0 0.0
cell 44.33454358673567 33.013876039881474 0.0 1.0 1.0 1 0 0 0.0 1.0 0.0
cell 4.721805802009201 53.33616443633249 0.0 1.0 1.0 1 0 0 0.0 1.0 0.0
cell 15.142333938724954 20.460402928963504 0.0 1.0 1.0 1 0 0 0.0 1.0 0.0
cell 20.66940481593574 35.966538019657094 0.0 1.0 1.0 1 0 0 0.0 1.0 0.0
cell 15.714125906276085 11.531785647597548 0.0 1.0 1.0 1 0 0 0.0 1.0 0.0
cell 38.11816822247428 55.16018023840132 0.0 1.0 1.0 1 0 0 0.0 1.0 0.0
cell 49.45090054759951 1.6478919807135304 0.0 1.0 1.0 1 0 0 0.0 1.0 0.0
cell 41.25242986380739 53.50193493814617 0.0 1.0 1.0 1 0 0 0.0 1.0 0.0
cell 46.738699501586495 18.48226006819662 0.0 1.0 1.0 1 0 0 0.0 1.0 0.0
cell 6.449202065472745 52.1953912634266 0.0 1.0 1.0 1 0 0 0.0 1.0 0.0
cell 3.6454031619181033 9.46041635598062 0.0 1.0 1.0 1 0 0 0.0 1.0 0.0
cell 21.091887223895363 16.172080082277603 0.0 1.0 1.0 1 0 0 0.0 1.0 0.0
cell 24.47013364408411 20.35243371336652 0.0 1.0 1.0 1 0 0 0.0 1.0 0.0
cell 13.828646203233305 32.74819604868773 0.0 1.0 1.0 1 0 0 0.0 1.0 0.0
cell 9.126952170358818 19.3740551094994 0.0 1.0 1.0 1 0 0 0.0 1.0 0.0
cell 33.084289722902355 53.1751059522185 0.0 1.0 1.0 1 0 0 0.0 1.0 0.0
cell 39.856342508649895 21.085011533283467 0.0 1.0 1.0 1 0 0 0.0 1.0 0.0
cell 56.401446820281535 16.85973367174493 0.0 1.0 1.0 1 0 0 0.0 1.0 0.0
cell 55.131243026293326 36.448204125974264 0.0 1.0 1.0 1 0 0 0.0 1.0 0.0
cell 55.80481557665566 48.742434653624464 0.0 1.0 1.0 1 0 0 0.0 1.0 0.0
cell 22.509598725276778 30.82234258759082 0.0 1.0 1.0 1 0 0 0.0 1.0 0.0
cell 33.656533734570594 31.63899933055896 0.0 1.0 1.0 1 0 0 0.0 1.0 0.0
cell 26.384259305354227 43.93763363007563 0.0 1.0 1.0 1 0 0 0.0 1.0 0.0
cell 56.55801199369914 31.267399242909 0.0 1.0 1.0 1 0 0 0.0 1.0 0.0
cell 54.338403949317616 8.173752405769008 0.0 1.0 1.0 1 0 0 0.0 1.0 0.0
cell 8.525236054793728 28.17763695004292 0.0 1.0 1.0 1 0 0 0.0 1.0 0.0
cell 8.243399117929497 6.714784826426532 0.0 1.0 1.0 1 0 0 0.0 1.0 0.0
cell 28.548130543193246 6.8926357714945565 0.0 1.0 1.0 1 0 0 0.0 1.0 0.0
cell 42.634964992899974 34.14686928289387 0.0 1.0 1.0 1 0 0 0.0 1.0 0.0
cell 38.741927981779845 28.250546955132506 0.0 1.0 1.0 1 0 0 0.0 1.0 0.0
cell 42.39164125894622 30.035958734636125 0.0 1.0 1.0 1 0 0 0.0 1.0 0.0
cell 34.95021393459537 24.453114544100522 0.0 1.0 1.0 1 0 0 0.0 1.0 0.0
cell 0.7907584353568372 45.3929695588727 0.0 1.0 1.0 1 0 0 0.0 1.0 0.0
cell 15.37720477642622 41.58471603745258 0.0 1.0 1.0 1 0 0 0.0 1.0 0.0
cell 6.5860411816635755 54.268528065394236 0.0 1.0 1.0 1 0 0 0.0 1.0 0.0
cell 25.71005976364806 58.119279241603074 0.0 1.0 1.0 1 0 0 0.0 1.0 0.0
cell 10.292926604454394 7.038143319474676 0.0 1.0 1.0 1 0 0 0.0 1.0 0.0
cell 26.48499415507973 26.090071445751725 0.0 1.0 1.0 1 0 0 0.0 1.0 0.0
cell 2.573397005190591 46.27036366426355 0.0 1.0 1.0 1 0 0 0.0 1.0 0.0
cell 5.114357266174719 18.619770999314802 0.0 1.0 1.0 1 0 0 0.0 1.0 0.0
cell 30.338270369205134 26.781857407511957 0.0 1.0 1.0 1 0 0 0.0 1.0 0.0
cell 17.187064093013387 31.635465209207247 0.0 1.0 1.0 1 0 0 0.0 1.0 0.0
cell 57.99990467117031 25.99926746819972 0.0 1.0 1.0 1 0 0 0.0 1.0 0.0
cell 25.55340846739293 4.911421442671068 0.0 1.0 1.0 1 0 0 0.0 1.0 0.0
cell 7.531260645639916 4.856155431189514 0.0 1.0 1.0 1 0 0 0.0 1.0 0.0
cell 3.994959158344069 39.0370718674106 0.0 1.0 1.0 1 0 0 0.0 1.0 0.0
cell 36.75151313221792 3.8711847230655194 0.0 1.0 1.0 1 0 0 0.0 1.0 0.0
cell 40.41040710260425 27.16009256884111 0.0 1.0 1.0 1 0 0 0.0 1.0 0.0
cell 36.490796926651775 44.673793596655536 0.0 1.0 1.0 1 0 0 0.0 1.0 0.0
cell 54.624378322332134 28.296985711372702 0.0 1.0 1.0 1 0 0 0.0 1.0 0.0
cell 31.23848526302669 49.51008876885282 0.0 1.0 1.0 1 0 0 0.0 1.0 0.0
cell 5.5484780780433045 31.37409246094196 0.0 1.0 1.0 1 0 0 0.0 1.0 0.0
cell 49.38386659126653 29.58302380305153 0.0 1.0 1.0 1 0 0 0.0 1.0 0.0
cell 44.2077260611133 55.32374268056209 0.0 1.0 1.0 1 0 0 0.0 1.0 0.0
cell 24.210903843943523 47.34728229633839 0.0 1.0 1.0 1 0 0 0.0 1.0 0.0
cell 0.6589736042122413 43.31734474665498 0.0 1.0 1.0 1 0 0 0.0 1.0 0.0
cell 35.47602441183639 32.55090994071616 0.0 1.0 1.0 1 0 0 0.0 1.0 0.0
cell 55.83760423862683 4.40219820518481 0.0 1.0 1.0 1 0 0 0.0 1.0 0.0
cell 34.25774326776965 16.677421334523437 0.0 1.0 1.0 1 0 0 0.0 1.0 0.0
cell 19.763860847214424 17.745607920347656 0.0 1.0 1.0 1 0 0 0.0 1.0 0.0
cell 38.78522528085711 3.929925432024969 0.0 1.0 1.0 1 0 0 0.0 1.0 0.0
cell 12.840301249840948 3.9269756963444675 0.0 1.0 1.0 1 0 0 0.0 1.0 0.0
cell 11.876926269343778 27.00883261082252 0.0 1.0 1.0 1 0 0 0.0 1.0 0.0
cell 1.932179075988857 34.03346032977048 0.0 1.0 1.0 1 0 0 0.0 1.0 0.0
cell 51.52823047479742 10.320693403683363 0.0 1.0 1.0 1 0 0 0.0 1.0 0.0
cell 1.8362609497309466 32.02275293299195 0.0 1.0 1.0 1 0 0 0.0 1.0 0.0
cell 25.15544215106668 22.26969662367564 0.0 1.0 1.0 1 0 0 0.0 1.0 0.0
cell 37.07878314193443 29.40487236958058 0.0 1.0 1.0 1 0 0 0.0 1.0 0.0
cell 20.566683796939955 30.45705853211927 0.0 1.0 1.0 1 0 0 0.0 1.0 0.0
cell 58.14038747663062 59.877055330312324 0.0 1.0 1.0 1 0 0 0.0 1.0 0.0
cell 14.287038996994506 7.722549184293251 0.0 1.0 1.0 1 0 0 0.0 1.0 0.0
cell 49.48795848938671 10.561554335429124 0.0 1.0 1.0 1 0 0 0.0 1.0 0.0
cell 32.44663561705291 44.32286764921384 0.0 1.0 1.0 1 0 0 0.0 1.0 0.0
cell 31.867958642008247 58.397745056182075 0.0 1.0 1.0 1 0 0 0.0 1.0 0.0
cell 43.207764925431064 44.31406812365475 0.0 1.0 1.0 1 0 0 0.0 1.0 0.0
cell 14.451679002360313 34.639500463736745 0.0 1.0 1.0 1 0 0 0.0 1.0 0.0
cell 1.5859534157769297 9.162689964634941 0.0 1.0 1.0 1 0 0 0.0 1.0 0.0
cell 16.700542006055432 55.7805046853431 0.0 1.0 1.0 1 0 0 0.0 1.0 0.0
cell 17.816892371667862 54.09497833588245 0.0 1.0 1.0 1 0 0 0.0 1.0 0.0
cell 49.77087667466871 35.73791426001731 0.0 1.0 1.0 1 0 0 0.0 1.0 0.0
cell 29.857331871900303 30.307444131637855 0.0 1.0 1.0 1 0 0 0.0 1.0 0.0
cell 43.867242620936594 9.371180054401798 0.0 1.0488088481701516 0.9534625892455922 1 0 0 0.012515835450320114 0.9999216738639984 0.025032324465803203
cell 20.895688889559317 52.50048833037139 0.0 1.0 1.0 1 0 0 0.0 1.0 0.0
cell 29.0220299829979 12.215947775008065 0.0 1.0 1.0 1 0 0 0.0 1.0 0.0
cell 57.58922882511142 18.544979084992107 0.0 1.0 1.0 1 0 0 0.0 1.0 0.0
cell 5.183299642018474 29.388859862659388 0.0 1.0 1.0 1 0 0 0.0 1.0 0.0
cell 9.853717504377657 31.94943975477654 0.0 1.0 1.0 1 0 0 0.0 1.0 0.0
cell 50.79665683272755 24.38401084645863 0.0 1.0 1.0 1 0 0 0.0 1.0 0.0
cell 35.40836206236704 46.19996644326953 0.0 1.0 1.0 1 0 0 0.0 1.0 0.0
cell 28.246744659659107 47.59288964260721 0.0 1.0 1.0 1 0 0 0.0 1.0 0.0
cell 45.000728020410904 45.252213133062774 0.0 1.0 1.0 1 0 0 0.0 1.0 0.0
cell 40.845087329951355 33.22940735079603 0.0 1.0 1.0 1 0 0 0.0 1.0 0.0
cell 42.91767231279176 38.21442583470885 0.0 1.0 1.0 1 0 0 0.0 1.0 0.0
cell 37.04327205562318 12.482959696448768 0.0 1.0 1.0 1 0 0 0.0 1.0 0.0
cell 24.479827048517596 25.759673337624935 0.0 1.0 1.0 1 0 0 0.0 1.0 0.0
cell 11.78970230866246 52.94141478145059 0.0 1.0 1.0 1 0 0 0.0 1.0 0.0
cell 21.41802858255303 41.85496709501196 0.0 1.0 1.0 1 0 0 0.0 1.0 0.0
cell 14.120288041697595 2.4111157604820863 0.0 1.0 1.0 1 0 0 0.0 1.0 0.0
cell 22.40541862503109 14.646032893976695 0.0 1.0 1.0 1 0 0 0.0 1.0 0.0
cell 25.49083561162206 1.5775776681653217 0.0 1.0 1.0 1 0 0 0.0 1.0 0.0
cell 9.067241917147253 14.015179191409931 0.0 1.0 1.0 1 0 0 0.0 1.0 0.0
cell 7.771871971416895 15.517300281423118 0.0 1.0 1.0 1 0 0 0.0 1.0 0.0
cell 21.383500138048717 1.3915409136333279 0.0 1.0 1.0 1 0 0 0.0 1.0 0.0
cell 13.119718969605623 20.105095259846024 0.0 1.0 1.0 1 0 0 0.0 1.0 0.0
cell 35.83349175106708 38.545440149805046 0.0 1.0 1.0 1 0 0 0.0 1.0 0.0
cell 16.343234407845525 8.032606236048833 0.0 1.0 1.0 1 0 0 0.0 1.0 0.0
cell 39.67622236909856 44.48099931354261 0.0 1.0 1.0 1 0 0 0.0 1.0 0.0
cell 51.92504671571028 4.885222541605725 0.0 1.0 1.0 1 0 0 0.0 1.0 0.0
cell 31.614293565657693 5.376121394082159 0.0 1.0 1.0 1 0 0 0.0 1.0 0.0
cell 36.654072298312634 7.423518006532738 0.0 1.0 1.0 1 0 0 0.0 1.0 0.0
cell 59.83683736603021 26.86996034529632 0.0 1.0 1.0 1 0 0 0.0 1.0 0.0
cell 55.57212541979436 18.67975271216198 0.0 1.0 1.0 1 0 0 0.0 1.0 0.0
cell 26.52710806456461 6.668030473935481 0.0 1.0 1.0 1 0 0 0.0 1.0 0.0
cell 46.23162510240411 9.162611967114813 0.0 1.0 1.0 1 0 0 0.0 1.0 0.0
cell 5.754650731888507 15.186866963951283 0.0 1.0 1.0 1 0 0 0.0 1.0 0.0
cell 53.914428164914156 47.811432349415 0.0 1.0 1.0 1 0 0 0.0 1.0 0.0
cell 8.505715843047751 22.799404720675092 0.0 1.0 1.0 1 0 0 0.0 1.0 0.0
cell 58.70211805979797 1.8219552653711362 0.0 1.0 1.0 1 0 0 0.0 1.0 0.0
cell 56.7683800442762 2.5917519495329113 0.0 1.0 1.0 1 0 0 0.0 1.0 0.0
cell 59.783622488840834 56.71051701576935 0.0 1.0 1.0 1 0 0 0.0 1.0 0.0
cell 4.062897167108963 41.08287089042713 0.0 1.0 1.0 1 0 0 0.0 1.0 0.0
cell 51.41817443421097 1.2556927341711581 0.0 1.0 1.0 1 0 0 0.0 1.0 0.0
cell 35.361363683591755 30.514668383664237 0.0 1.0 1.0 1 0 0 0.0 1.0 0.0
cell 47.0701116452913 52.30049821646931 0.0 1.0 1.0 1 0 0 0.0 1.0 0.0
cell 2.028478753610319 36.11209262979362 0.0 1.0 1.0 1 0 0 0.0 1.0 0.0
cell 47.861037680758805 32.771659649074486 0.0 1.0 1.0 1 0 0 0.0 1.0 0.0
cell 26.552837014302693 3.3106533393946544 0.0 1.0 1.0 1 0 0 0.0 1.0 0.0
cell 55.54411348004283 9.786060253802459 0.0 1.0 1.0 1 0 0 0.0 1.0 0.0
cell 27.78886759757902 58.24479365360105 0.0 1.0 1.0 1 0 0 0.0 1.0 0.0
cell 41.52898882322337 49.987568859916706 0.0 1.0 1.0 1 0 0 0.0 1.0 0.0
cell 9.29480820344721 59.842868150054834 0.0 1.0 1.0 1 0 0 0.0 1.0 0.0
cell 58.238031596155594 30.14888883428085 0.0 1.0 1.0 1 0 0 0.0 1.0 0.0
cell 1.6426712638879306 25.17065109185688 0.0 1.0 1.0 1 0 0 0.0 1.0 0.0
cell 11.845122754423695 32.37965049621606 0.0 1.0 1.0 1 0 0 0.0 1.0 0.0
cell 51.68049745783071 19.17569992107091 0.0 1.0 1.0 1 0 0 0.0 1.0 0.0
cell 1.7992586364124203 19.79150627436512 0.0 1.0 1.0 1 0 0 0.0 1.0 0.0
cell 49.04764900989877 55.30557376965465 0.0 1.0 1.0 1 0 0 0.0 1.0 0.0
cell 41.8233645182351 2.2616920043333475 0.0 1.0 1.0 1 0 0 0.0 1.0 0.0
cell 27.611637582139153 1.6218383593342849 0.0 1.0 1.0 1 0 0 0.0 1.0 0.0
cell 41.911120421925546 23.9819183174196 0.0 1.0 1.0 1 0 0 0.0 1.0 0.0
cell 57.90441671703023 55.80599349148897 0.0 1.0 1.0 1 0 0 0.0 1.0 0.0
cell 42.01043763416545 58.812249869644276 0.0 1.0 1.0 1 0 0 0.0 1.0 0.0
cell 4.433846147832569 16.7156201682491 0.0 1.0 1.0 1 0 0 0.0 1.0 0.0
cell 51.092613632901106 58.2072973287727 0.0 1.0 1.0 1 0 0 0.0 1.0 0.0
cell 50.89830199647927 56.20989256544575 0.0 1.0 1.0 1 0 0 0.0 1.0 0.0
cell 39.03723278112647 56.92836671877078 0.0 1.0 1.0 1 0 0 0.0 1.0 0.0
cell 36.35311788942825 10.863378960388363 0.0 1.0 1.0 1 0 0 0.0 1.0 0.0
cell 54.698076536455844 20.52129227590864 0.0 1.0 1.0 1 0 0 0.0 1.0 0.0
cell 56.01178740497255 52.79440236919676 0.0 1.0 1.0 1 0 0 0.0 1.0 0.0
cell 26.51175440262549 31.489933481452216 0.0 1.0 1.0 1 0 0 0.0 1.0 0.0
cell 14.472727128830755 39.81593576994873 0.0 1.0 1.0 1 0 0 0.0 1.0 0.0
cell 38.965172872488516 13.042251995923102 0.0 1.0 1.0 1 0 0 0.0 1.0 0.0
cell 49.258743898345365 57.31928546059499 0.0 1.0 1.0 1 0 0 0.0 1.0 0.0
cell 36.24837713630699 51.55699244657872 0.0 1.0 1.0 1 0 0 0.0 1.0 0.0
cell 16.42668025960919 13.479526210582403 0.0 1.0 1.0 1 0 0 0.0 1.0 0.0
cell 11.969303105762267 56.82325846351397 0.0 1.0 1.0 1 0 0 0.0 1.0 0.0
cell 0.47790149629687567 39.232778154930635 0.0 1.0 1.0 1 0 0 0.0 1.0 0.0
cell 12.275745377668226 43.07996360226046 0.0 1.0 1.0 1 0 0 0.0 1.0 0.0
cell 15.861712894325631 27.777922834548917 0.0 1.0 1.0 1 0 0 0.0 1.0 0.0
cell 23.80110315628814 23.8494099288966 0.0 1.0 1.0 1 0 0 0.0 1.0 0.0
cell 20.175671707739426 47.14421565132201 0.0 1.0 1.0 1 0 0 0.0 1.0 0.0
cell 8.286791260448508 53.16603511281685 0.0 1.0 1.0 1 0 0 0.0 1.0 0.0
cell 57.67490992980974 51.69928070267877 0.0 1.0 1.0 1 0 0 0.0 1.0 0.0
cell 18.53154679685359 59.44393945162324 0.0 1.0 1.0 1 0 0 0.0 1.0 0.0
cell 42.734242669641446 14.695565178334565 0.0 1.0 1.0 1 0 0 0.0 1.0 0.0
cell 0.4094908364918361 7.445114559221893 0.0 1.0 1.0 1 0 0 0.0 1.0 0.0
cell 32.55114948580131 40.82120776256161 0.0 1.0 1.0 1 0 0 0.0 1.0 0.0
cell 43.32401951953732 46.31358375388636 0.0 1.0 1.0 1 0 0 0.0 1.0 0.0
cell 28.508832599995955 15.675498324550208 0.0 1.0 1.0 1 0 0 0.0 1.0 0.0
cell 34.34765577894237 47.89732407740603 0.0 1.0 1.0 1 0 0 0.0 1.0 0.0
cell 47.22343657522562 57.22517676515721 0.0 1.0 1.0 1 0 0 0.0 1.0 0.0
cell 21.73381934215366 12.676044817808727 0.0 1.0 1.0 1 0 0 0.0 1.0 0.0
cell 5.984480263377966 44.033705047980916 0.0 1.0 1.0 1 0 0 0.0 1.0 0.0
cell 34.72128480693503 3.7709378400966718 0.0 1.0 1.0 1 0 0 0.0 1.0 0.0
cell 59.34442805804814 22.781584012983238 0.0 1.0 1.0 1 0 0 0.0 1.0 0.0
cell 2.8817424456316845 7.612550305207598 0.0 1.0 1.0 1 0 0 0.0 1.0 0.0
cell 0.44358523852726733 21.24219636383425 0.0 1.0 1.0 1 0 0 0.0 1.0 0.0
cell 58.82360112350542 40.407874515643734 0.0 1.0 1.0 1 0 0 0.0 1.0 0.0
cell 4.229742964787705 6.032554488117789 0.0 1.0 1.0 1 0 0 0.0 1.0 0.0
cell 13.791771740676822 21.98383752703314 0.0 1.0 1.0 1 0 0 0.0 1.0 0.0
cell 19.921070194883722 33.990889383036304 0.0 1.0 1.0 1 0 0 0.0 1.0 0.0
cell 53.171118805188314 33.5143174428304 0.0 1.0 1.0 1 0 0 0.0 1.0 0.0
cell 23.098986501322752 49.114969811074 0.0 1.0 1.0 1 0 0 0.0 1.0 0.0
cell 52.60129780348363 25.292646291985104 0.0 1.0 1.0 1 0 0 0.0 1.0 0.0
cell 56.23692352709396 56.85602198890436 0.0 1.0 1.0 1 0 0 0.0 1.0 0.0
cell 29.75912535550003 24.831829409649135 0.0 1.0 1.0 1 0 0 0.0 1.0 0.0
cell 30.711656369489454 37.50350160049501 0.0 1.0 1.0 1 0 0 0.0 1.0 0.0
cell 3.209885954475663 12.93811749984717 0.0 1.0 1.0 1 0 0 0.0 1.0 0.0
cell 9.224893310511366 44.033463038869435 0.0 1.0 1.0 1 0 0 0.0 1.0 0.0
cell 37.15878471674093 53.314739964292464 0.0 1.0 1.0 1 0 0 0.0 1.0 0.0
cell 19.692653886223905 12.281921287110695 0.0 1.0 1.0 1 0 0 0.0 1.0 0.0
cell 43.412624563894624 20.77831877143616 0.0 1.0 1.0 1 0 0 0.0 1.0 0.0
cell 3.31822971354742 58.70183433187202 0.0 1.0 1.0 1 0 0 0.0 1.0 0.0
cell 38.58766045474288 26.259242112467838 0.0 1.0 1.0 1 0 0 0.0 1.0 0.0
cell 0.2974379521007377 16.462614301944168 0.0 1.0 1.0 1 0 0 0.0 1.0 0.0
cell 46.053505710608405 14.496137343582312 0.0 1.0 1.0 1 0 0 0.0 1.0 0.0
cell 46.41456483508712 37.98189571588069 0.0 1.0 1.0 1 0 0 0.0 1.0 0.0
cell 39.428670310728066 17.07706445915143 0.0 1.0 1.0 1 0 0 0.0 1.0 0.0
cell 53.843578286610125 45.79719308396099 0.0 1.0 1.0 1 0 0 0.0 1.0 0.0
cell 14.464761602534484 18.523580100028944 0.0 1.0 1.0 1 0 0 0.0 1.0 0.0
cell 41.329545671183304 41.34914365843024 0.0 1.0 1.0 1 0 0 0.0 1.0 0.0
cell 59.29211807915644 48.56214820186996 0.0 1.0 1.0 1 0 0 0.0 1.0 0.0
cell 30.76409275748703 0.03005252928379094 0.0 1.0 1.0 1 0 0 0.0 1.0 0.0
cell 46.29321817954617 35.970523767080586 0.0 1.0 1.0 1 0 0 0.0 1.0 0.0
cell 44.90375018544853 43.200833985921776 0.0 1.0 1.0 1 0 0 0.0 1.0 0.0
cell 30.61675090684895 40.64421272984432 0.0 1.0 1.0 1 0 0 0.0 1.0 0.0
cell 32.03653176727337 34.757363483373005 0.0 1.0 1.0 1 0 0 0.0 1.0 0.0
cell 33.92238554748251 35.638726560577844 0.0 1.0 1.0 1 0 0 0.0 1.0 0.0
cell 44.887787901737006 17.57057445462041 0.0 1.0 1.0 1 0 0 0.0 1.0 0.0
cell 38.718013488710724 7.520045423081988 0.0 1.0 1.0 1 0 0 0.0 1.0 0.0
cell 50.3459860858286 17.651763781143657 0.0 1.0488088481701516 0.9534625892455922 1 0 0 0.6484032314561275 -0.7612970835601903 4.872215053535454
cell 30.462032138873276 15.973559660052976 0.0 1.0 1.0 1 0 0 0.0 1.0 0.0
cell 31.9791925345558 54.89217424292955 0.0 1.0 1.0 1 0 0 0.0 1.0 0.0
cell 54.3397862532817 17.07064719520021 0.0 1.0 1.0 1 0 0 0.0 1.0 0.0
cell 27.483385511590466 42.23218111113364 0.0 1.0 1.0 1 0 0 0.0 1.0 0.0
cell 3.9704289079656534 0.6006669426208088 0.0 1.0 1.0 1 0 0 0.0 1.0 0.0
cell 7.138039066724141 34.97809214244282 0.0 1.0 1.0 1 0 0 0.0 1.0 0.0
cell 41.704784708461034 21.920167558730128 0.0 1.0 1.0 1 0 0 0.0 1.0 0.0
cell 53.387508506516824 1.1113919221402049 0.0 1.0 1.0 1 0 0 0.0 1.0 0.0
cell 44.20827837454898 30.94613810222288 0.0 1.0 1.0 1 0 0 0.0 1.0 0.0
cell 39.854450335663 2.1968411677749105 0.0 1.0 1.0 1 0 0 0.0 1.0 0.0
cell 58.979381053996214 5.7753323803470344 0.0 1.0 1.0 1 0 0 0.0 1.0 0.0
cell 23.831792875819403 29.286644084369126 0.0 1.0 1.0 1 0 0 0.0 1.0 0.0
cell 43.89627450184005 11.38996200056904 0.0 1.0 1.0 1 0 0 0.0 1.0 0.0
cell 28.081229687908646 51.15291432613677 0.0 1.0 1.0 1 0 0 0.0 1.0 0.0
cell 48.969161688134164 23.48827591878802 0.0 1.0 1.0 1 0 0 0.0 1.0 0.0
cell 34.59293171531381 7.340535123707785 0.0 1.0 1.0 1 0 0 0.0 1.0 0.0
cell 47.101469987255335 22.539778713806314 0.0 1.0 1.0 1 0 0 0.0 1.0 0.0
cell 52.474103893940956 23.273770364297068 0.0 1.0 1.0 1 0 0 0.0 1.0 0.0
cell 3.6700550352361385 32.916741476205644 0.0 1.0 1.0 1 0 0 0.0 1.0 0.0
cell 44.03963574425228 28.908833306116428 0.0 1.0 1.0 1 0 0 0.0 1.0 0.0
cell 20.536770718041385 39.91567811410934 0.0 1.0 1.0 1 0 0 0.0 1.0 0.0
cell 27.23828725586521 33.411059560386114 0.0 1.0 1.0 1 0 0 0.0 1.0 0.0
cell 42.272227967622925 28.056083288111086 0.0 1.0 1.0 1 0 0 0.0 1.0 0.0
cell 21.9494113745572 34.364949601682206 0.0 1.0 1.0 1 0 0 0.0 1.0 0.0
cell 32.27910903918304 47.81608944107199 0.0 1.0 1.0 1 0 0 0.0 1.0 0.0
cell 21.802685395288826 18.050811265434334 0.0 1.0 1.0 1 0 0 0.0 1.0 0.0
cell 23.800351047314198 18.450374272212386 0.0 1.0 1.0 1 0 0 0.0 1.0 0.0
cell 32.479977696801846 16.303217002089625 0.0 1.0 1.0 1 0 0 0.0 1.0 0.0
cell 37.59009520295937 37.49285296927162 0.0 1.0 1.0 1 0 0 0.0 1.0 0.0
cell 21.161235532428197 26.94800741759357 0.0 1.0 1.0 1 0 0 0.0 1.0 0.0
cell 16.510747245427844 59.302549009941465 0.0 1.0 1.0 1 0 0 0.0 1.0 0.0
cell 32.70233264212121 3.6608960709390366 0.0 1.0 1.0 1 0 0 0.0 1.0 0.0
cell 1.1360228443600022 51.50459960043612 0.0 1.0 1.0 1 0 0 0.0 1.0 0.0
cell 39.59074350623624 42.4616766195597 0.0 1.0 1.0 1 0 0 0.0 1.0 0.0
cell 3.1103210236987966 23.648476712980194 0.0 1.0 1.0 1 0 0 0.0 1.0 0.0
cell 40.35177345004197 51.695184965800074 0.0 1.0 1.0 1 0 0 0.0 1.0 0.0
cell 45.72315843264614 27.749629609819944 0.0 1.0 1.0 1 0 0 0.0 1.0 0.0
cell 11.429935211081796 46.78112575496416 0.0 1.0 1.0 1 0 0 0.0 1.0 0.0
cell 44.894424042381225 7.600496963034778 0.0 1.0 1.0 1 0 0 0.0 1.0 0.0
cell 33.79762016186273 33.67491486111121 0.0 1.0 1.0 1 0 0 0.0 1.0 0.0
cell 11.66157806754939 10.874413790662778 0.0 1.0 1.0 1 0 0 0.0 1.0 0.0
cell 20.374485415971904 14.231137474773583 0.0 1.0 1.0 1 0 0 0.0 1.0 0.0
cell 27.315142511408922 45.786828999603685 0.0 1.0 1.0 1 0 0 0.0 1.0 0.0
cell 35.95810736236731 17.34766254431879 0.0 1.0 1.0 1 0 0 0.0 1.0 0.0
cell 23.69863582249151 58.014868773113676 0.0 1.0 1.0 1 0 0 0.0 1.0 0.0
cell 21.00280214817004 10.72575042627871 0.0 1.0 1.0 1 0 0 0.0 1.0 0.0
cell 59.88453547987954 12.863487878840916 0.0 1.0 1.0 1 0 0 0.0 1.0 0.0
cell 50.296086327534894 8.661573853351094 0.0 1.0 1.0 1 0 0 0.0 1.0 0.0
cell 59.884865967945856 58.69934390063834 0.0 1.0 1.0 1 0 0 0.0 1.0 0.0
cell 52.60220956365782 55.08512488108954 0.0 1.0 1.0 1 0 0 0.0 1.0 0.0
cell 22.273980480840606 9.265683995454518 0.0 1.0 1.0 1 0 0 0.0 1.0 0.0
cell 13.69618849193767 11.205116401603423 0.0 1.0 1.0 1 0 0 0.0 1.0 0.0
cell 27.569938190516268 5.1044038074631555 0.0 1.0 1.0 1 0 0 0.0 1.0 0.0
cell 46.52283123178029 40.02568312720556 0.0 1.0 1.0 1 0 0 0.0 1.0 0.0
cell 12.451981828802397 39.59517025718274 0.0 1.0 1.0 1 0 0 0.0 1.0 0.0
cell 34.105651046385525 39.5632207510829 0.0 1.0 1.0 1 0 0 0.0 1.0 0.0
cell 7.595693454599763 36.97048233457266 0.0 1.0 1.0 1 0 0 0.0 1.0 0.0
cell 2.139582797814804 38.14488244972387 0.0 1.0 1.0 1 0 0 0.0 1.0 0.0
cell 24.536038978388383 31.16923353131712 0.0 1.0 1.0 1 0 0 0.0 1.0 0.0
cell 5.848151315417337 25.882764952127054 0.0 1.0 1.0 1 0 0 0.0 1.0 0.0
cell 46.84283136593404 4.003108917527765 0.0 1.0 1.0 1 0 0 0.0 1.0 0.0
cell 4.918234561816563 7.90663916619143 0.0 1.0 1.0 1 0 0 0.0 1.0 0.0
cell 50.5269508873882 50.073991439699476 0.0 1.0 1.0 1 0 0 0.0 1.0 0.0
cell 52.15461688272406 46.90007169087785 0.0 1.0 1.0 1 0 0 0.0 1.0 0.0
cell 33.49225506404382 9.077184303135379 0.0 1.0 1.0 1 0 0 0.0 1.0 0.0
cell 48.149242500416015 59.04256940465659 0.0 1.0 1.0 1 0 0 0.0 1.0 0.0
cell 48.829534023145925 3.659193691290109 0.0 1.0 1.0 1 0 0 0.0 1.0 0.0
cell 51.933092361778655 13.792393169039409 0.0 1.0 1.0 1 0 0 0.0 1.0 0.0
cell 14.11620036889796 46.69320692264255 0.0 1.0 1.0 1 0 0 0.0 1.0 0.0
cell 35.91181313754665 58.584658375979615 0.0 1.0 1.0 1 0 0 0.0 1.0 0.0
cell 47.95898270188567 34.825676421876146 0.0 1.0 1.0 1 0 0 0.0 1.0 0.0
cell 25.16055157877311 27.666346548928942 0.0 1.0 1.0 1 0 0 0.0 1.0 0.0
cell 29.26755598480174 33.733350039682755 0.0 1.0 1.0 1 0 0 0.0 1.0 0.0
cell 17.463636992883334 41.68931133274393 0.0 1.0 1.0 1 0 0 0.0 1.0 0.0
cell 7.847282011007912 31.599903481012582 0.0 1.0 1.0 1 0 0 0.0 1.0 0.0
cell 23.473009740266786 1.460922933360554 0.0 1.0 1.0 1 0 0 0.0 1.0 0.0
cell 10.25797590092609 56.10792768218937 0.0 1.0 1.0 1 0 0 0.0 1.0 0.0
cell 24.061145047911463 50.885581745164124 0.0 1.0 1.0 1 0 0 0.0 1.0 0.0
cell 56.371153062632764 58.91346867967932 0.0 1.0 1.0 1 0 0 0.0 1.0 0.0
cell 40.72246004990592 31.2127931313766 0.0 1.0 1.0 1 0 0 0.0 1.0 0.0
cell 29.697938336346184 1.7756103566057981 0.0 1.0 1.0 1 0 0 0.0 1.0 0.0
cell 27.160783809311408 28.020626063529228 0.0 1.0 1.0 1 0 0 0.0 1.0 0.0
cell 51.7908275074097 40.788879875037 0.0 1.0 1.0 1 0 0 0.0 1.0 0.0
cell 31.166920211321642 23.227616582593274 0.0 1.0 1.0 1 0 0 0.0 1.0 0.0
cell 5.8433680038572176 42.014041993962294 0.0 1.0 1.0 1 0 0 0.0 1.0 0.0
cell 1.5107929553860049 12.740739250789497 0.0 1.0 1.0 1 0 0 0.0 1.0 0.0
cell 27.005757893496643 52.81493192459743 0.0 1.0 1.0 1 0 0 0.0 1.0 0.0
cell 49.664751787674305 33.678271437424684 0.0 1.0 1.0 1 0 0 0.0 1.0 0.0
cell 7.732474844057102 42.80478648480905 0.0 1.0 1.0 1 0 0 0.0 1.0 0.0
cell 51.33690689984279 32.580526016970545 0.0 1.0 1.0 1 0 0 0.0 1.0 0.0
cell 8.607794823281282 57.26095375663612 0.0 1.0 1.0 1 0 0 0.0 1.0 0.0
cell 45.35886782743962 53.5320403775103 0.0 1.0 1.0 1 0 0 0.0 1.0 0.0
cell 25.189620532878507 33.135258806927524 0.0 1.0 1.0 1 0 0 0.0 1.0 0.0
cell 37.59867165644437 16.26066787945932 0.0 1.0 1.0 1 0 0 0.0 1.0 0.0
cell 22.764143255842242 56.17410935961827 0.0 1.0 1.0 1 0 0 0.0 1.0 0.0
cell 52.26185525691375 48.9457300983919 0.0 1.0 1.0 1 0 0 0.0 1.0 0.0
cell 35.79063443544825 2.0125252460831176 0.0 1.0 1.0 1 0 0 0.0 1.0 0.0
cell 53.56908226678695 10.069731238412203 0.0 1.0 1.0 1 0 0 0.0 1.0 0.0
cell 58.614189821743004 36.25967674591482 0.0 1.0 1.0 1 0 0 0.0 1.0 0.0
cell 35.517993625382246 9.157461356773256 0.0 1.0 1.0 1 0 0 0.0 1.0 0.0
cell 1.8652678014361908 59.96008747117204 0.0 1.2247448713915894 0.8164965809277259 1 0 0 0.8414403773522251 -0.5403499711865867 4.2832985997023085
cell 11.758183391843215 16.29838190561338 0.0 1.0 1.0 1 0 0 0.0 1.0 0.0
cell 47.402093064982296 26.641655704820852 0.0 1.0 1.0 1 0 0 0.0 1.0 0.0
cell 54.63000810277893 59.976603150363545 0.0 1.0 1.0 1 0 0 0.0 1.0 0.0
cell 16.85989725644771 52.25790333786471 0.0 1.0 1.0 1 0 0 0.0 1.0 0.0
cell 41.1078499369264 56.98777483216768 0.0 1.0 1.0 1 0 0 0.0 1.0 0.0
cell 35.18471496416206 26.48798806700741 0.0 1.0 1.0 1 0 0 0.0 1.0 0.0
cell 11.032284736611995 35.84409992091225 0.0 1.0 1.0 1 0 0 0.0 1.0 0.0
cell 36.85208683433499 0.3082328342914082 0.0 1.0 1.0 1 0 0 0.0 1.0 0.0
cell 50.70796463215335 12.180778698394525 0.0 1.0 1.0 1 0 0 0.0 1.0 0.0
cell 26.227445829086452 47.48986606177691 0.0 1.0 1.0 1 0 0 0.0 1.0 0.0
cell 42.19309207201478 10.699837476856578 0.0 1.0 1.0 1 0 0 0.0 1.0 0.0
cell 34.02984284418612 37.689912516343014 0.0 1.0 1.0 1 0 0 0.0 1.0 0.0
cell 33.40865769525424 46.10129854503717 0.0 1.0 1.0 1 0 0 0.0 1.0 0.0
cell 0.7352445326179738 1.981174756566623 0.0 1.0 1.0 1 0 0 0.0 1.0 0.0
cell 58.37306086808868 16.624468441532976 0.0 1.0 1.0 1 0 0 0.0 1.0 0.0
cell 48.30000277341358 40.94242654512637 0.0 1.0 1.0 1 0 0 0.0 1.0 0.0
cell 50.65834431144675 22.340988710759827 0.0 1.0 1.0 1 0 0 0.0 1.0 0.0
cell 56.78485340186361 11.441780294779997 0.0 1.0 1.0 1 0 0 0.0 1.0 0.0
cell 7.878408513974793 47.04825767028399 0.0 1.0 1.0 1 0 0 0.0 1.0 0.0
cell 14.924603457551175 52.20840037260353 0.0 1.0 1.0 1 0 0 0.0 1.0 0.0
cell 52.70557851719813 2.979933401515761 0.0 1.0 1.0 1 0 0 0.0 1.0 0.0
cell 19.179699560879758 26.554748770219923 0.0 1.0 1.0 1 0 0 0.0 1.0 0.0
cell 28.794065960232757 37.03583867162593 0.0 1.0 1.0 1 0 0 0.0 1.0 0.0
cell 22.190505144476738 47.240703315163245 0.0 1.0 1.0 1 0 0 0.0 1.0 0.0
cell 57.13647270679489 41.45076422817948 0.0 1.0 1.0 1 0 0 0.0 1.0 0.0
cell 47.59233148926581 28.685645787349372 0.0 1.0 1.0 1 0 0 0.0 1.0 0.0
cell 39.68967762535392 5.774129781705238 0.0 1.0 1.0 1 0 0 0.0 1.0 0.0
cell 18.892043477139893 52.39348158688726 0.0 1.0 1.0 1 0 0 0.0 1.0 0.0
cell 18.30665690081214 8.344476679004634 0.0 1.0 1.0 1 0 0 0.0 1.0 0.0
cell 19.462357221379705 41.75310476241031 0.0 1.0 1.0 1 0 0 0.0 1.0 0.0
cell 19.04386067735012 10.29939390147331 0.0 1.0 1.0 1 0 0 0.0 1.0 0.0
cell 47.90463246320802 14.314589212132699 0.0 1.0 1.0 1 0 0 0.0 1.0 0.0
cell 24.360713479821875 43.80627627082385 0.0 1.0 1.0 1 0 0 0.0 1.0 0.0
cell 48.18777739249837 38.922068597336974 0.0 1.0 1.0 1 0 0 0.0 1.0 0.0
cell 5.7586907891847945 39.99610678575996 0.0 1.0 1.0 1 0 0 0.0 1.0 0.0
cell 44.03903492586452 58.871914178414166 0.0 1.0 1.0 1 0 0 0.0 1.0 0.0
cell 46.95417203111545 20.555338900852867 0.0 1.0 1.0 1 0 0 0.0 1.0 0.0
cell 30.667917113988405 3.5656426122236584 0.0 1.0 1.0 1 0 0 0.0 1.0 0.0
cell 23.007761735575777 5.1344308320646626 0.0 1.0 1.0 1 0 0 0.0 1.0 0.0
cell 25.81966260026582 24.17445981704583 0.0 1.0 1.0 1 0 0 0.0 1.0 0.0
cell 13.255762425904077 51.850555691734 0.0 1.0 1.0 1 0 0 0.0 1.0 0.0
cell 11.356556790926547 41.18909645183686 0.0 1.0 1.0 1 0 0 0.0 1.0 0.0
cell 31.607877294168013 25.206236891858538 0.0 1.0 1.0 1 0 0 0.0 1.0 0.0
cell 29.46905038767379 8.735684100957041 0.0 1.0 1.0 1 0 0 0.0 1.0 0.0
cell 45.55713859600386 11.023451281730543 0.0 1.0 1.0 1 0 0 0.0 1.0 0.0
cell 18.546390185982077 40.00045777878045 0.0 1.0 1.0 1 0 0 0.0 1.0 0.0
cell 6.690203379379668 32.9471433127804 0.0 1.0 1.0 1 0 0 0.0 1.0 0.0
cell 20.235549708549712 3.143903332015775 0.0 1.0 1.0 1 0 0 0.0 1.0 0.0
cell 19.14469398546961 21.19840180465216 0.0 1.0 1.0 1 0 0 0.0 1.0 0.0
cell 43.33842825934101 48.43673671164437 0.0 1.0 1.0 1 0 0 0.0 1.0 0.0
cell 29.17570314331037 22.938011968931917 0.0 1.0 1.0 1 0 0 0.0 1.0 0.0
cell 24.992234313358342 11.533265576407652 0.0 1.0 1.0 1 0 0 0.0 1.0 0.0
cell 0.33144815335022043 37.24696242278076 0.0 1.0 1.0 1 0 0 0.0 1.0 0.0
cell 14.66855427249154 55.61781457354851 0.0 1.0 1.0 1 0 0 0.0 1.0 0.0
cell 31.47111368504362 8.945848471730434 0.0 1.0 1.0 1 0 0 0.0 1.0 0.0
cell 10.35136092143055 42.818937323189274 0.0 1.0 1.0 1 0 0 0.0 1.0 0.0
cell 57.5764868673817 49.65644168917163 0.0 1.0 1.0 1 0 0 0.0 1.0 0.0
cell 49.919790199322094 5.177773968111295 0.0 1.0 1.0 1 0 0 0.0 1.0 0.0
cell 42.361133723085864 51.84802091963538 0.0 1.0 1.0 1 0 0 0.0 1.0 0.0
cell 50.009110215461675 39.83655284996592 0.0 1.0 1.0 1 0 0 0.0 1.0 0.0
cell 59.90791267877645 29.04881794445344 0.0 1.0 1.0 1 0 0 0.0 1.0 0.0
cell 1.6643873676274137 30.01028301394788 0.0 1.0 1.0 1 0 0 0.0 1.0 0.0
cell 18.458791851861346 19.26049319465891 0.0 1.0 1.0 1 0 0 0.0 1.0 0.0
cell 52.90798602627324 29.422592070798864 0.0 1.0 1.0 1 0 0 0.0 1.0 0.0
cell 42.84528857368911 7.593325619025228 0.0 1.0 1.0 1 0 0 0.0 1.0 0.0
cell 21.135164510148158 21.555763535168836 0.0 1.0 1.0 1 0 0 0.0 1.0 0.0
cell 11.631573409928494 50.912601555720585 0.0 1.0 1.0 1 0 0 0.0 1.0 0.0
cell 37.71586149570247 46.22581748580858 0.0 1.0488088481701516 0.9534625892455922 1 0 0 0.9218030455431558 0.3876585420539092 2.345412359617077
cell 41.11670800981282 15.882451064981355 0.0 1.0 1.0 1 0 0 0.0 1.0 0.0
cell 14.471146586129958 23.92002069709706 0.0 1.0 1.0 1 0 0 0.0 1.0 0.0
cell 40.96220338793874 35.26432153911371 0.0 1.0 1.0 1 0 0 0.0 1.0 0.0
cell 1.0005111244512517 49.46777105100878 0.0 1.0 1.0 1 0 0 0.0 1.0 0.0
cell 28.281841677353167 10.33510798808056 0.0 1.0 1.0 1 0 0 0.0 1.0 0.0
cell 16.911945771071746 4.5450639484753905 0.0 1.0 1.0 1 0 0 0.0 1.0 0.0
cell 12.44686250846185 34.28856710966439 0.0 1.0 1.0 1 0 0 0.0 1.0 0.0
cell 8.38826926832538 55.215729557919246 0.0 1.0 1.0 1 0 0 0.0 1.0 0.0
cell 11.125736285823619 44.75477542199507 0.0 1.0 1.0 1 0 0 0.0 1.0 0.0
cell 37.88555138245847 43.562948059153825 0.0 1.0 1.0 1 0 0 0.0 1.0 0.0
cell 23.14690556098779 21.89378873795423 0.0 1.0 1.0 1 0 0 0.0 1.0 0.0
cell 1.2603481240193306 14.638277006336443 0.0 1.0 1.0 1 0 0 0.0 1.0 0.0
cell 56.68701461294902 33.26364210969292 0.0 1.0 1.0 1 0 0 0.0 1.0 0.0
cell 43.87810859980351 2.274791005054931 0.0 1.0 1.0 1 0 0 0.0 1.0 0.0
cell 45.400076765434605 23.695408485626455 0.0 1.0 1.0 1 0 0 0.0 1.0 0.0
cell 7.331754497510862 59.648085788905014 0.0 1.0 1.0 1 0 0 0.0 1.0 0.0
cell 14.999088320213154 48.55330266838354 0.0 1.0 1.0 1 0 0 0.0 1.0 0.0
cell 37.01695732589179 56.83140008780274 0.0 1.0 1.0 1 0 0 0.0 1.0 0.0
cell 3.7835683192798544 20.17023584067602 0.0 1.0 1.0 1 0 0 0.0 1.0 0.0
cell 3.5283922476526697 30.89330638954866 0.0 1.0 1.0 1 0 0 0.0 1.0 0.0
cell 3.501018523285183 4.102894123005119 0.0 1.0 1.0 1 0 0 0.0 1.0 0.0
cell 37.34762837355765 49.791267520390456 0.0 1.0 1.0 1 0 0 0.0 1.0 0.0
cell 22.46704502539607 19.983836327288117 0.0 1.0 1.0 1 0 0 0.0 1.0 0.0
cell 1.2731549261320418 18.041927291460187 0.0 1.0 1.0 1 0 0 0.0 1.0 0.0
cell 53.186298084372524 15.421394325000175 0.0 1.0 1.0 1 0 0 0.0 1.0 0.0
cell 57.23842006171219 43.54932592443938 0.0 1.0 1.0 1 0 0 0.0 1.0 0.0
cell 50.3264414817687 45.99854655163034 0.0 1.0 1.0 1 0 0 0.0 1.0 0.0
cell 6.11856732561356 46.11511593456246 0.0 1.0 1.0 1 0 0 0.0 1.0 0.0
cell 45.87520724843439 5.801173924839892 0.0 1.0 1.0 1 0 0 0.0 1.0 0.0
cell 39.65373375831834 19.079164439079857 0.0 1.0 1.0 1 0 0 0.0 1.0 0.0
cell 41.32394583216484 17.875754616390655 0.0 1.0 1.0 1 0 0 0.0 1.0 0.0
cell 52.71986953866336 57.09529468001425 0.0 1.0 1.0 1 0 0 0.0 1.0 0.0
cell 31.250603677417974 17.940369436785762 0.0 1.0 1.0 1 0 0 0.0 1.0 0.0
cell 54.76273418050123 2.629469077407924 0.0 1.0 1.0 1 0 0 0.0 1.0 0.0
cell 26.05926298127706 51.01376588577382 0.0 1.0 1.0 1 0 0 0.0 1.0 0.0
cell 13.03411151359744 9.312690047062672 0.0 1.0 1.0 1 0 0 0.0 1.0 0.0
cell 40.15993332987415 55.21554106094099 0.0 1.0 1.0 1 0 0 0.0 1.0 0.0
cell 26.74794655688801 36.88766086318737 0.0 1.0 1.0 1 0 0 0.0 1.0 0.0
cell 25.29893593324993 45.64703782393245 0.0 1.0 1.0 1 0 0 0.0 1.0 0.0
cell 41.64047643666168 47.33533119398487 0.0 1.0 1.0 1 0 0 0.0 1.0 0.0
cell 23.844553923859312 54.49060601916699 0.0 1.0 1.0 1 0 0 0.0 1.0 0.0
cell 52.33529102889264 17.28863508486205 0.0 1.0 1.0 1 0 0 0.0 1.0 0.0
cell 54.304327181213004 24.214820510392464 0.0 1.0 1.0 1 0 0 0.0 1.0 0.0
cell 46.639989660012446 42.04969928716216 0.0 1.0 1.0 1 0 0 0.0 1.0 0.0
cell 45.268759721602684 21.67748703693754 0.0 1.0 1.0 1 0 0 0.0 1.0 0.0
cell 10.07347904377984 1.6842886791984746 0.0 1.0 1.0 1 0 0 0.0 1.0 0.0
cell 27.81995086748956 19.156540558497678 0.0 1.0 1.0 1 0 0 0.0 1.0 0.0
cell 49.09752028880599 7.0818372415706 0.0 1.0 1.0 1 0 0 0.0 1.0 0.0
cell 41.527058064466324 19.931577505028777 0.0 1.0 1.0 1 0 0 0.0 1.0 0.0
cell 9.604017104398062 37.467611830935155 0.0 1.0 1.0 1 0 0 0.0 1.0 0.0
cell 34.830573413312806 0.2123366493846388 0.0 1.0 1.0 1 0 0 0.0 1.0 0.0
cell 8.138636747922217 51.10407515946315 0.0 1.0 1.0 1 0 0 0.0 1.0 0.0
cell 25.74732310838199 13.43288900605012 0.0 1.0 1.0 1 0 0 0.0 1.0 0.0
cell 30.286088510747554 10.581721502356705 0.0 1.0 1.0 1 0 0 0.0 1.0 0.0
cell 7.653666713786408 10.163582537548685 0.0 1.0 1.0 1 0 0 0.0 1.0 0.0
cell 11.660294218087222 37.7043846784062 0.0 1.0 1.0 1 0 0 0.0 1.0 0.0
cell 5.509916949735301 4.454575902975516 0.0 1.0 1.0 1 0 0 0.0 1.0 0.0
cell 48.40449186778864 43.00917115145636 0.0 1.0 1.0 1 0 0 0.0 1.0 0.0
cell 48.704237895501834 49.15994965169441 0.0 1.0 1.0 1 0 0 0.0 1.0 0.0
cell 29.031970827240936 52.96637929622155 0.0 1.0 1.0 1 0 0 0.0 1.0 0.0
cell 18.386619470142612 13.863291025663711 0.0 1.0 1.0 1 0 0 0.0 1.0 0.0
cell 47.33005278747025 54.25298422561824 0.0 1.0 1.0 1 0 0 0.0 1.0 0.0
cell 12.441985033697229 18.15784433452862 0.0 1.0 1.0 1 0 0 0.0 1.0 0.0
cell 31.803727725957376 30.7340319495504 0.0 1.0 1.0 1 0 0 0.0 1.0 0.0
cell 36.02887353202355 42.675881716164234 0.0 1.0 1.0 1 0 0 0.0 1.0 0.0
cell 7.203259906004986 29.724711413914996 0.0 1.0 1.0 1 0 0 0.0 1.0 0.0
cell 19.07954193592286 15.791099361840345 0.0 1.0 1.0 1 0 0 0.0 1.0 0.0
cell 57.794514460580494 53.73495315655171 0.0 1.0 1.0 1 0 0 0.0 1.0 0.0
cell 54.05455998389485 49.88134224968125 0.0 1.0 1.0 1 0 0 0.0 1.0 0.0
cell 39.48214232133169 40.428739255583075 0.0 1.0 1.0 1 0 0 0.0 1.0 0.0
cell 34.21897510635515 20.402080485313757 0.0 1.0 1.0 1 0 0 0.0 1.0 0.0
cell 54.863129104454586 32.393975337024585 0.0 1.0 1.0 1 0 0 0.0 1.0 0.0
cell 13.17695039925085 25.420502199755916 0.0 1.0 1.0 1 0 0 0.0 1.0 0.0
cell 48.08800312081271 36.87622690030699 0.0 1.0 1.0 1 0 0 0.0 1.0 0.0
cell 41.18549296813708 39.343852573843016 0.0 1.0 1.0 1 0 0 0.0 1.0 0.0
cell 48.70253703672819 12.407862429060948 0.0 1.0 1.0 1 0 0 0.0 1.0 0.0
cell 33.77753611458419 1.968645270925149 0.0 1.0 1.0 1 0 0 0.0 1.0 0.0
cell 58.515590283999 34.22471672186898 0.0 1.0 1.0 1 0 0 0.0 1.0 0.0
cell 19.816418177433135 54.22211037205986 0.0 1.0 1.0 1 0 0 0.0 1.0 0.0
cell 35.99864338338735 19.351396298987414 0.0 1.0 1.0 1 0 0 0.0 1.0 0.0
cell 55.92036793121398 23.036256124640833 0.0 1.0 1.0 1 0 0 0.0 1.0 0.0
cell 50.03623468723127 59.86071075213748 0.0 1.0 1.0 1 0 0 0.0 1.0 0.0
cell 37.713948514330774 5.683096977431692 0.0 1.0 1.0 1 0 0 0.0 1.0 0.0
cell 16.316132739769078 43.41243305786681 0.0 1.0 1.0 1 0 0 0.0 1.0 0.0
cell 14.40254674351553 13.132229026848789 0.0 1.0 1.0 1 0 0 0.0 1.0 0.0
cell 45.05139829705004 19.667157131458538 0.0 1.0 1.0 1 0 0 0.0 1.0 0.0
cell 36.282874499646475 21.305898500126297 0.0 1.0 1.0 1 0 0 0.0 1.0 0.0
cell 54.44363591818322 26.234428922215223 0.0 1.0 1.0 1 0 0 0.0 1.0 0.0
cell 59.21401760150387 14.777663503962847 0.0 1.0 1.0 1 0 0 0.0 1.0 0.0
cell 13.026166728257172 48.062205692965094 0.0 1.0 1.0 1 0 0 0.0 1.0 0.0
cell 55.68452912187426 46.73908404180902 0.0 1.0 1.0 1 0 0 0.0 1.0 0.0
cell 20.754802239304603 56.07396020458856 0.0 1.0 1.0 1 0 0 0.0 1.0 0.0
cell 28.41191576711208 44.05979793497239 0.0 1.0 1.0 1 0 0 0.0 1.0 0.0
cell 10.801572423310956 3.5893059190585923 0.0 1.0 1.0 1 0 0 0.0 1.0 0.0
cell 46.76772168223039 44.11252776895482 0.0 1.0 1.0 1 0 0 0.0 1.0 0.0
cell 9.289175325542228 41.07109461781209 0.0 1.0 1.0 1 0 0 0.0 1.0 0.0
cell 32.19900516329118 38.820361070456066 0.0 1.0488088481701516 0.9534625892455922 1 0 0 0.31081570718008317 -0.9504701974129146 5.651083054138545
cell 35.682234042185335 5.581433606606434 0.0 1.0 1.0 1 0 0 0.0 1.0 0.0
cell 1.3503097658215557 28.022952677239086 0.0 1.0 1.0 1 0 0 0.0 1.0 0.0
cell 52.73571376365053 11.920365642322666 0.0 1.0 1.0 1 0 0 0.0 1.0 0.0
cell 17.919762529095326 33.58936010660007 0.0 1.0 1.0 1 0 0 0.0 1.0 0.0
cell 16.1235953652915 46.92710815233457 0.0 1.0 1.0 1 0 0 0.0 1.0 0.0
cell 6.7567012580927255 2.919889705521336 0.0 1.0 1.0 1 0 0 0.0 1.0 0.0
cell 16.500450350821197 24.2627610012114 0.0 1.0 1.0 1 0 0 0.0 1.0 0.0
cell 11.508719713742416 48.85719136982895 0.0 1.0 1.0 1 0 0 0.0 1.0 0.0
cell 24.340789377237282 3.26082570611479 0.0 1.0 1.0 1 0 0 0.0 1.0 0.0
cell 5.784299368356101 38.01182874312944 0.0 1.0 1.0 1 0 0 0.0 1.0 0.0
cell 48.49950479285684 45.038595386438644 0.0 1.0 1.0 1 0 0 0.0 1.0 0.0
cell 51.09688266085003 6.806903508283579 0.0 1.0 1.0 1 0 0 0.0 1.0 0.0
cell 16.478923240235787 34.995103442103485 0.0 1.0 1.0 1 0 0 0.0 1.0 0.0
cell 19.811889728861303 23.093926075933197 0.0 1.0 1.0 1 0 0 0.0 1.0 0.0
cell 5.7906848251761165 20.563385460087364 0.0 1.0 1.0 1 0 0 0.0 1.0 0.0
cell 15.594973896571267 6.144826448852786 0.0 1.0 1.0 1 0 0 0.0 1.0 0.0
cell 52.46460547889602 53.0534102720486 0.0 1.0 1.0 1 0 0 0.0 1.0 0.0
cell 37.79184584631545 18.2525039392028 0.0 1.0 1.0 1 0 0 0.0 1.0 0.0
cell 6.666336600857305 56.24426412862568 0.0 1.0 1.0 1 0 0 0.0 1.0 0.0
cell 5.156767697213023 23.964695266495116 0.0 1.0 1.0 1 0 0 0.0 1.0 0.0
cell 26.836430538283135 56.40340404958872 0.0 1.0 1.0 1 0 0 0.0 1.0 0.0
cell 20.349843102851214 8.69890471872215 0.0 1.0 1.0 1 0 0 0.0 1.0 0.0
cell 12.526939312227752 28.940026545776654 0.0 1.0 1.0 1 0 0 0.0 1.0 0.0
cell 9.585675545529163 45.996283411587676 0.0 1.0 1.0 1 0 0 0.0 1.0 0.0
cell 19.391725304607995 1.2148063377901277 0.0 1.0 1.0 1 0 0 0.0 1.0 0.0
cell 27.191660223356703 17.253975931485982 0.0 1.0 1.0 1 0 0 0.0 1.0 0.0
cell 51.12136683676818 15.681675469027022 0.0 1.0 1.0 1 0 0 0.0 1.0 0.0
cell 47.90794242798387 5.487443260131749 0.0 1.0 1.0 1 0 0 0.0 1.0 0.0
cell 36.49146179224342 23.338742788225215 0.0 1.0 1.0 1 0 0 0.0 1.0 0.0
cell 2.4068993750506777 16.346840558034252 0.0 1.0 1.0 1 0 0 0.0 1.0 0.0
cell 23.39511946597833 41.98792727213377 0.0 1.0 1.0 1 0 0 0.0 1.0 0.0
cell 44.470863380209934 35.02443263229083 0.0 1.0 1.0 1 0 0 0.0 1.0 0.0
cell 41.37754475528534 43.38920594844381 0.0 1.0 1.0 1 0 0 0.0 1.0 0.0
cell 23.679756240061515 13.082509788515363 0.0 1.0 1.0 1 0 0 0.0 1.0 0.0
cell 27.044248180083613 11.914812603958815 0.0 1.0 1.0 1 0 0 0.0 1.0 0.0
cell 2.6990833805339176 48.34195940178096 0.0 1.0 1.0 1 0 0 0.0 1.0 0.0
cell 17.723768450444506 11.900945285122376 0.0 1.0 1.0 1 0 0 0.0 1.0 0.0
cell 17.88744338706849 28.171141464406407 0.0 1.0 1.0 1 0 0 0.0 1.0 0.0
cell 36.067186335403846 55.03718139737641 0.0 1.0 1.0 1 0 0 0.0 1.0 0.0
cell 24.283013454451726 9.689558940482485 0.0 1.0 1.0 1 0 0 0.0 1.0 0.0
cell 2.752988202597782 2.1865250719674383 0.0 1.0 1.0 1 0 0 0.0 1.0 0.0
cell 52.38464636688902 51.00227644643985 0.0 1.0 1.0 1 0 0 0.0 1.0 0.0
cell 33.05848886135462 23.734544106780053 0.0 1.0 1.0 1 0 0 0.0 1.0 0.0
cell 37.99074805627624 20.21932071870138 0.0 1.0 1.0 1 0 0 0.0 1.0 0.0
cell 25.43822269663062 42.11190871384046 0.0 1.0 1.0 1 0 0 0.0 1.0 0.0
cell 21.26949487415968 45.455425260692785 0.0 1.0 1.0 1 0 0 0.0 1.0 0.0
cell 5.3083535253091885 59.28273143390939 0.0 1.0 1.0 1 0 0 0.0 1.0 0.0
cell 48.766119113412245 21.424140311579627 0.0 1.0 1.0 1 0 0 0.0 1.0 0.0
cell 25.160685605735324 16.882823977882634 0.0 1.0 1.0 1 0 0 0.0 1.0 0.0
cell 8.030231460301637 49.08467136817684 0.0 1.0 1.0 1 0 0 0.0 1.0 0.0
cell 58.73247250737613 11.17034749556321 0.0 1.0 1.0 1 0 0 0.0 1.0 0.0
cell 59.03942269615001 44.457353195126565 0.0 1.0 1.0 1 0 0 0.0 1.0 0.0
cell 42.98017804354947 16.70390521801505 0.0 1.0 1.0 1 0 0 0.0 1.0 0.0
cell 34.59334532548351 22.394904227380707 0.0 1.0 1.0 1 0 0 0.0 1.0 0.0
cell 19.64286908308849 6.775937791274903 0.0 1.0 1.0 1 0 0 0.0 1.0 0.0
cell 49.90192279142668 37.79194936436683 0.0 1.0 1.0 1 0 0 0.0 1.0 0.0
cell 46.977100047758974 50.28070995864704 0.0 1.0 1.0 1 0 0 0.0 1.0 0.0
cell 40.37400116216122 48.47074622715166 0.0 1.0 1.0 1 0 0 0.0 1.0 0.0
cell 15.092514773289876 15.015866517296656 0.0 1.0 1.0 1 0 0 0.0 1.0 0.0
cell 49.141654015310436 15.898594582743037 0.0 1.0 1.0 1 0 0 0.0 1.0 0.0
cell 43.819078155602476 5.824545498461476 0.0 1.0 1.0 1 0 0 0.0 1.0 0.0
cell 4.895238118267243 57.354677439074656 0.0 1.0 1.0 1 0 0 0.0 1.0 0.0
cell 40.04555901997383 23.0831401824772 0.0 1.0 1.0 1 0 0 0.0 1.0 0.0
cell 26.42387637254796 15.34345243319528 0.0 1.0 1.0 1 0 0 0.0 1.0 0.0
cell 53.37707298279286 37.59617262286377 0.0 1.0 1.0 1 0 0 0.0 1.0 0.0
cell 57.65091783839792 21.923393629586876 0.0 1.0 1.0 1 0 0 0.0 1.0 0.0
cell 25.562258553698687 38.55028481547449 0.0 1.0 1.0 1 0 0 0.0 1.0 0.0
cell 52.304200371194106 8.419401901369612 0.0 1.0 1.0 1 0 0 0.0 1.0 0.0
cell 60.03924918004583 31.072393232239943 0.0 1.0 1.0 1 0 0 0.0 1.0 0.0
cell 12.30882035443639 7.367446396873746 0.0 1.0 1.0 1 0 0 0.0 1.0 0.0
cell 28.52221946137636 40.541330969206385 0.0 1.0 1.0 1 0 0 0.0 1.0 0.0
cell 58.05894305112795 57.801127760310486 0.0 1.0 1.0 1 0 0 0.0 1.0 0.0
cell 50.94351715811319 26.455367217098036 0.0 1.0 1.0 1 0 0 0.0 1.0 0.0
cell 9.547384280855114 5.154250117606591 0.0 1.0 1.0 1 0 0 0.0 1.0 0.0
cell 53.53682348499269 18.957146040825045 0.0 1.0 1.0 1 0 0 0.0 1.0 0.0
cell 21.835173883788897 23.491102955560084 0.0 1.0 1.0 1 0 0 0.0 1.0 0.0
cell 19.06587720704126 48.87330926765076 0.0 1.0 1.0 1 0 0 0.0 1.0 0.0
cell 32.1581915998241 51.3689267887277 0.0 1.0 1.0 1 0 0 0.0 1.0 0.0
cell 59.175700691757264 46.48894236414988 0.0 1.0 1.0 1 0 0 0.0 1.0 0.0
cell 41.43881246052389 45.40915189759612 0.0 1.0 1.0 1 0 0 0.0 1.0 0.0
cell 42.06492632057879 25.971102164553344 0.0 1.0 1.0 1 0 0 0.0 1.0 0.0
cell 48.32939329613237 17.455445779590026 0.0 1.0 1.0 1 0 0 0.0 1.0 0.0
cell 2.7951127900432793 50.38660468591177 0.0 1.0 1.0 1 0 0 0.0 1.0 0.0
cell 38.18254027819326 22.211602507139105 0.0 1.0 1.0 1 0 0 0.0 1.0 0.0
cell 14.880017155141237 4.240349607692714 0.0 1.0 1.0 1 0 0 0.0 1.0 0.0
cell 11.191434966948387 30.423205702084825 0.0 1.0 1.0 1 0 0 0.0 1.0 0.0
cell 54.73785288220922 30.327652837009225 0.0 1.0 1.0 1 0 0 0.0 1.0 0.0
cell 48.26283142282968 8.938590587639478 0.0 1.0 1.0 1 0 0 0.0 1.0 0.0
cell 22.55165829868392 59.756888095198335 0.0 1.0 1.0 1 0 0 0.0 1.0 0.0
cell 23.17638937049984 27.318485819260868 0.0 1.0 1.0 1 0 0 0.0 1.0 0.0
cell 8.39368140958179 12.083728097782423 0.0 1.0 1.0 1 0 0 0.0 1.0 0.0
cell 29.776927355541684 14.067750237351282 0.0 1.0 1.0 1 0 0 0.0 1.0 0.0
cell 19.231484398039697 32.03736690010779 0.0 1.0 1.0 1 0 0 0.0 1.0 0.0
cell 17.77892642160711 38.32543242704573 0.0 1.0 1.0 1 0 0 0.0 1.0 0.0
cell 56.41976244984862 0.822611469166829 0.0 1.0 1.0 1 0 0 0.0 1.0 0.0
cell 43.32100666335872 53.51532745043962 0.0 1.0 1.0 1 0 0 0.0 1.0 0.0
cell 9.8241757583787 50.02569005283753 0.0 1.0 1.0 1 0 0 0.0 1.0 0.0
cell 57.006950069787536 39.4428706519643 0.0 1.0 1.0 1 0 0 0.0 1.0 0.0
cell 43.13972048966629 42.24631863076221 0.0 1.0 1.0 1 0 0 0.0 1.0 0.0
cell 44.93969880818777 0.5281570791119222 0.0 1.0 1.0 1 0 0 0.0 1.0 0.0
cell 6.023944901016348 1.0451470864219923 0.0 1.0 1.0 1 0 0 0.0 1.0 0.0
cell 56.79170274670759 35.37894277623923 0.0 1.0 1.0 1 0 0 0.0 1.0 0.0
cell 53.26952094283167 35.53294810871838 0.0 1.0 1.0 1 0 0 0.0 1.0 0.0
cell 47.485890064605314 10.774513314739055 0.0 1.0 1.0 1 0 0 0.0 1.0 0.0
cell 10.393237535947495 12.417881227352076 0.0 1.0 1.0 1 0 0 0.0 1.0 0.0
cell 26.235154561254078 10.031043859469241 0.0 1.0 1.0 1 0 0 0.0 1.0 0.0
cell 53.12341599161948 6.521474678115852 0.0 1.0 1.0 1 0 0 0.0 1.0 0.0
cell 7.116872268026904 13.632202824820943 0.0 1.0 1.0 1 0 0 0.0 1.0 0.0
cell 0.5802718711310797 10.935097321614979 0.0 1.0 1.0 1 0 0 0.0 1.0 0.0
cell 17.77779382649827 17.374206976252328 0.0 1.0 1.0 1 0 0 0.0 1.0 0.0
cell 11.96470903701685 54.9531522404066 0.0 1.0 1.0 1 0 0 0.0 1.0 0.0
cell 50.45133190018171 20.371489981692157 0.0 1.0 1.0 1 0 0 0.0 1.0 0.0
cell 0.10084475185005584 33.166880295274595 0.0 1.0 1.0 1 0 0 0.0 1.0 0.0
cell 42.38753306432465 12.704713417684738 0.0 1.0 1.0 1 0 0 0.0 1.0 0.0
cell 9.172565197502843 30.079506032987442 0.0 1.0 1.0 1 0 0 0.0 1.0 0.0
cell 32.958918231905606 56.70262228333405 0.0 1.0 1.0 1 0 0 0.0 1.0 0.0
cell 21.086438644952622 48.990941968864654 0.0 1.0 1.0 1 0 0 0.0 1.0 0.0
cell 17.072248909806664 36.713010009641735 0.0 1.0 1.0 1 0 0 0.0 1.0 0.0
cell 3.8441289178649085 37.009992381597144 0.0 1.0 1.0 1 0 0 0.0 1.0 0.0
cell 8.80784450433756 3.2658046159362253 0.0 1.0 1.0 1 0 0 0.0 1.0 0.0
cell 31.082576711164876 53.07342198949503 0.0 1.0 1.0 1 0 0 0.0 1.0 0.0
cell 59.655310777723784 54.65059021717974 0.0 1.0 1.0 1 0 0 0.0 1.0 0.0
cell 14.476264722273143 59.02930503081993 0.0 1.0 1.0 1 0 0 0.0 1.0 0.0
cell 9.856289107523278 21.27681102248572 0.0 1.0 1.0 1 0 0 0.0 1.0 0.0
cell 19.993011743952 50.66024609616361 0.0 1.0 1.0 1 0 0 0.0 1.0 0.0
cell 3.173166014290236 28.829849524505306 0.0 1.0 1.0 1 0 0 0.0 1.0 0.0
cell 17.920704429792607 50.53968903428557 0.0 1.0 1.0 1 0 0 0.0 1.0 0.0
cell 29.181706112378865 17.577208765653292 0.0 1.0 1.0 1 0 0 0.0 1.0 0.0
cell 39.01741964390531 32.32999694960344 0.0 1.0 1.0 1 0 0 0.0 1.0 0.0
cell 3.1548570912352325 18.244206535063764 0.0 1.0 1.0 1 0 0 0.0 1.0 0.0
cell 4.399159479863751 47.22326876271672 0.0 1.0 1.0 1 0 0 0.0 1.0 0.0
cell 37.79575722663655 2.0960006072214425 0.0 1.0 1.0 1 0 0 0.0 1.0 0.0
cell 45.11920427088127 47.2920199298957 0.0 1.0 1.0 1 0 0 0.0 1.0 0.0
cell 53.64586069644603 41.72424949495746 0.0 1.0 1.0 1 0 0 0.0 1.0 0.0
cell 35.60019170021236 34.568448090739075 0.0 1.0 1.0 1 0 0 0.0 1.0 0.0
cell 17.635491472972216 57.599534404646086 0.0 1.0 1.0 1 0 0 0.0 1.0 0.0
cell 54.16006143439178 51.86563223404475 0.0 1.0 1.0 1 0 0 0.0 1.0 0.0
cell 52.74872514828648 27.363766375712984 0.0 1.0 1.0 1 0 0 0.0 1.0 0.0
cell 40.5911911823637 29.156338191411237 0.0 1.0 1.0 1 0 0 0.0 1.0 0.0
cell 1.0878921641146944 23.213609391186946 0.0 1.0 1.0 1 0 0 0.0 1.0 0.0
cell 29.478681151503327 42.36252268251865 0.0 1.0 1.0 1 0 0 0.0 1.0 0.0
cell 21.25845490406497 32.436160798214786 0.0 1.0 1.0 1 0 0 0.0 1.0 0.0
cell 21.641483599832227 6.959943556410038 0.0 1.0 1.0 1 0 0 0.0 1.0 0.0
cell 11.582453651760177 5.497066031074061 0.0 1.0 1.0 1 0 0 0.0 1.0 0.0
cell 43.01998341473416 40.18866249802123 0.0 1.0 1.0 1 0 0 0.0 1.0 0.0
cell 6.225522688431051 6.3674630982379155 0.0 1.0 1.0 1 0 0 0.0 1.0 0.0
cell 59.55518448919171 18.324943460869523 0.0 1.0 1.0 1 0 0 0.0 1.0 0.0
cell 49.26311902382607 27.600668823845428 0.0 1.0 1.0 1 0 0 0.0 1.0 0.0
cell 17.77239912437532 22.73396141357598 0.0 1.0 1.0 1 0 0 0.0 1.0 0.0
cell 11.190955264443522 25.085802920852377 0.0 1.0 1.0 1 0 0 0.0 1.0 0.0
cell 49.125942717728734 25.510199375978555 0.0 1.0 1.0 1 0 0 0.0 1.0 0.0
cell 30.39395432105669 32.237024468499044 0.0 1.0 1.0 1 0 0 0.0 1.0 0.0
cell 43.60336588453113 22.842040398089633 0.0 1.0 1.0 1 0 0 0.0 1.0 0.0
cell 23.07970979764876 16.5522551258509 0.0 1.0 1.0 1 0 0 0.0 1.0 0.0
cell 52.56209260620755 20.966363722414684 0.0 1.1832159566199234 0.8451542547285166 1 0 0 0.2850220479682212 -0.9585209607369058 5.705126446845765
cell 13.223572212676137 30.864510765469827 0.0 1.0 1.0 1 0 0 0.0 1.0 0.0
cell 29.653979125584236 38.91628868973511 0.0 1.0 1.0 1 0 0 0.0 1.0 0.0
cell 37.378113454513034 14.259689215359696 0.0 1.0 1.0 1 0 0 0.0 1.0 0.0
cell 50.757421443898 3.250324425890153 0.0 1.0 1.0 1 0 0 0.0 1.0 0.0
cell 32.0200337056689 27.174686905009562 0.0 1.0 1.0 1 0 0 0.0 1.0 0.0
cell 15.209138755203025 31.22926274017876 0.0 1.0 1.0 1 0 0 0.0 1.0 0.0
cell 59.55314664986232 52.67460557875678 0.0 1.0 1.0 1 0 0 0.0 1.0 0.0
cell 27.645310159296066 38.739152489924614 0.0 1.0 1.0 1 0 0 0.0 1.0 0.0
cell 46.77827751252658 46.17613929109672 0.0 1.0 1.0 1 0 0 0.0 1.0 0.0
cell 33.88889512594071 58.49442478017986 0.0 1.0 1.0 1 0 0 0.0 1.0 0.0
cell 44.80827909685525 41.16139507560989 0.0 1.0 1.0 1 0 0 0.0 1.0 0.0
cell 54.27220390125723 53.932667793342105 0.0 1.0 1.0 1 0 0 0.0 1.0 0.0
cell 46.674835077222355 16.377684618206278 0.0 1.0954451150103324 0.9128709291752768 1 0 0 0.2859619300278629 -0.9582409793860517 5.703165051505763
cell 48.643302890886105 19.405516587309464 0.0 1.0 1.0 1 0 0 0.0 1.0 0.0
cell 56.35892850879547 7.9073232167035945 0.0 1.0 1.0 1 0 0 0.0 1.0 0.0
cell 12.096924957889051 2.0289248707259637 0.0 1.0 1.0 1 0 0 0.0 1.0 0.0
cell 34.471547954203345 44.361139041477855 0.0 1.0 1.0 1 0 0 0.0 1.0 0.0
cell 22.28959125017596 3.26335755734981 0.0 1.0488088481701516 0.9534625892455922 1 0 0 0.8906179170900478 0.454752378507452 2.1974043315370952
cell 40.862255147946165 13.847433577402088 0.0 1.0 1.0 1 0 0 0.0 1.0 0.0
cell 20.994664402674804 4.994009343546682 0.0 1.0 1.0 1 0 0 0.0 1.0 0.0
cell 30.383875958713855 44.21160523600952 0.0 1.0 1.0 1 0 0 0.0 1.0 0.0
cell 1.537210656551849 57.69449571393761 0.0 1.0 1.0 1 0 0 0.0 1.0 0.0
cell 38.360187807243484 24.20090168909764 0.0 1.0 1.0 1 0 0 0.0 1.0 0.0
cell 50.410976721219015 48.05665096429353 0.0 1.0 1.0 1 0 0 0.0 1.0 0.0
cell 56.26350732107213 27.134250791133795 0.0 1.0 1.0 1 0 0 0.0 1.0 0.0
cell 34.04441773774911 54.988986436949325 0.0 1.0 1.0 1 0 0 0.0 1.0 0.0
cell 57.97460182606931 13.0956231855944 0.0 1.0 1.0 1 0 0 0.0 1.0 0.0
cell 18.665380704368996 35.51295832843199 0.0 1.0 1.0 1 0 0 0.0 1.0 0.0
cell 39.20477476896 53.396921740922764 0.0 1.0 1.0 1 0 0 0.0 1.0 0.0
cell 23.27528327619601 45.54313515928761 0.0 1.0 1.0 1 0 0 0.0 1.0 0.0
cell 35.29303740019667 49.710026255619674 0.0 1.0 1.0 1 0 0 0.0 1.0 0.0
cell 15.180518456486881 25.875143660542147 0.0 1.0 1.0 1 0 0 0.0 1.0 0.0
cell 41.65929442142466 9.15052484983261 0.0 1.0 1.0 1 0 0 0.0 1.0 0.0
cell 57.83454785252258 4.135316596098529 0.0 1.0 1.0 1 0 0 0.0 1.0 0.0
cell 54.97169832075513 34.438963138116904 0.0 1.0 1.0 1 0 0 0.0 1.0 0.0
cell 17.255142122025443 45.208282403936856 0.0 1.0 1.0 1 0 0 0.0 1.0 0.0
cell 1.3452164661600932 55.578440330336626 0.0 1.0 1.0 1 0 0 0.0 1.0 0.0
cell 19.57734034557583 37.672726583577784 0.0 1.0 1.0 1 0 0 0.0 1.0 0.0
cell 45.61235045729908 25.729274037947274 0.0 1.0 1.0 1 0 0 0.0 1.0 0.0
cell 56.00170530350365 13.347456122076743 0.0 1.0 1.0 1 0 0 0.0 1.0 0.0
cell 33.235774102313904 49.63755770479413 0.0 1.0 1.0 1 0 0 0.0 1.0 0.0
cell 29.900883797905777 19.48631008164122 0.0 1.0 1.0 1 0 0 0.0 1.0 0.0
cell 12.385833806253068 12.824112966013105 0.0 1.0 1.0 1 0 0 0.0 1.0 0.0
cell 34.36683695307274 11.034895677270166 0.0 1.0 1.0 1 0 0 0.0 1.0 0.0
cell 6.333804708075162 50.20396310804875 0.0 1.0 1.0 1 0 0 0.0 1.0 0.0
cell 6.509274570538006 22.418741039577807 0.0 1.0 1.0 1 0 0 0.0 1.0 0.0
cell 13.671302314366011 37.98675735258556 0.0 1.0 1.0 1 0 0 0.0 1.0 0.0
cell 2.2826036559791194 5.734117988640476 0.0 1.0 1.0 1 0 0 0.0 1.0 0.0
cell 23.015324269576084 11.17182198067705 0.0 1.0 1.0 1 0 0 0.0 1.0 0.0
cell 36.37177270814145 47.98902394878155 0.0 1.0 1.0 1 0 0 0.0 1.0 0.0
cell 53.01681638493426 31.415363462442865 0.0 1.0 1.0 1 0 0 0.0 1.0 0.0
cell 58.327681635677735 32.184861990331015 0.0 1.0 1.0 1 0 0 0.0 1.0 0.0
cell 48.60697869018825 47.11859047688622 0.0 1.0 1.0 1 0 0 0.0 1.0 0.0
cell 56.72950179338964 20.357598484423825 0.0 1.0 1.0 1 0 0 0.0 1.0 0.0
cell 51.07949078058028 28.443202856197463 0.0 1.0 1.0 1 0 0 0.0 1.0 0.0
cell 28.59887280914204 3.4485883201480614 0.0 1.0 1.0 1 0 0 0.0 1.0 0.0
cell 39.37501357966992 38.373677185703336 0.0 1.0 1.0 1 0 0 0.0 1.0 0.0
cell 49.95555425339245 14.052156282549003 0.0 1.0 1.0 1 0 0 0.0 1.0 0.0
cell 46.03343517543993 31.86939454684151 0.0 1.0 1.0 1 0 0 0.0 1.0 0.0
cell 35.98129765973499 40.608003295379525 0.0 1.0 1.0 1 0 0 0.0 1.0 0.0
cell 6.853791521973229 58.00822931613656 0.0 1.0 1.0 1 0 0 0.0 1.0 0.0
cell 31.796680681573633 14.340599817830379 0.0 1.0 1.0 1 0 0 0.0 1.0 0.0
cell 30.534015620813616 21.400276923260755 0.0 1.0 1.0 1 0 0 0.0 1.0 0.0
cell 59.62338744554637 9.284750804202346 0.0 1.0 1.0 1 0 0 0.0 1.0 0.0
cell 27.439402987219598 8.459152536442362 0.0 1.0 1.0 1 0 0 0.0 1.0 0.0
cell 58.73661326376223 38.328006250772944 0.0 1.0 1.0 1 0 0 0.0 1.0 0.0
cell 2.9278320132832363 52.385229587648155 0.0 1.0 1.0 1 0 0 0.0 1.0 0.0
cell 1.5790756965539556 3.854556351246022 0.0 1.0 1.0 1 0 0 0.0 1.0 0.0
cell 20.502534219776006 25.032764035963915 0.0 1.0 1.0 1 0 0 0.0 1.0 0.0
cell 8.980606929349555 8.618632644147134 0.0 1.0 1.0 1 0 0 0.0 1.0 0.0
cell 58.97546709218437 42.40107856589245 0.0 1.0 1.0 1 0 0 0.0 1.0 0.0
cell 27.739605980877215 13.751614049210902 0.0 1.0 1.0 1 0 0 0.0 1.0 0.0
cell 45.17526240827371 49.34720001009802 0.0 1.0 1.0 1 0 0 0.0 1.0 0.0
cell 54.39505861906984 55.95786806843415 0.0 1.0 1.0 1 0 0 0.0 1.0 0.0
cell 15.06314429497832 36.48300727654316 0.0 1.0 1.0 1 0 0 0.0 1.0 0.0
cell 21.830002622910154 28.9085397449188 0.0 1.0 1.0 1 0 0 0.0 1.0 0.0
cell 14.29889381693628 43.26997104271367 0.0 1.0 1.0 1 0 0 0.0 1.0 0.0
cell 15.723214161118873 38.230227886174895 0.0 1.0 1.0 1 0 0 0.0 1.0 0.0
cell 17.0019687528746 9.979486991179764 0.0 1.0 1.0 1 0 0 0.0 1.0 0.0
cell 20.360417715751648 43.595526340540125 0.0 1.0 1.0 1 0 0 0.0 1.0 0.0
cell 13.040641031551433 36.18567684357462 0.0 1.0 1.0 1 0 0 0.0 1.0 0.0
cell 42.76611353534986 36.159768767876415 0.0 1.0 1.0 1 0 0 0.0 1.0 0.0
cell 32.792350192446975 0.10186301424632407 0.0 1.0 1.0 1 0 0 0.0 1.0 0.0
cell 33.66033102380945 5.4912497180231234 0.0 1.0 1.0 1 0 0 0.0 1.0 0.0
cell 5.081999291966821 13.312684013406015 0.0 1.0 1.0 1 0 0 0.0 1.0 0.0
cell 11.164359394801338 19.769254847910975 0.0 1.0 1.0 1 0 0 0.0 1.0 0.0
cell 2.6253816094561624 26.902151024644844 0.0 1.0 1.0 1 0 0 0.0 1.0 0.0
cell 13.106529934215857 14.672571600531194 0.0 1.0 1.0 1 0 0 0.0 1.0 0.0
cell 10.478136769237317 33.92141650096822 0.0 1.0 1.0 1 0 0 0.0 1.0 0.0
cell 4.550746420796817 27.402297757513864 0.0 1.0 1.0 1 0 0 0.0 1.0 0.0
cell 0.5013177564204025 5.424538867071676 0.0 1.0 1.0 1 0 0 0.0 1.0 0.0
cell 15.84710951344176 33.155155478126304 0.0 1.0 1.0 1 0 0 0.0 1.0 0.0
cell 28.47241406394692 31.84161594374383 0.0 1.0 1.0 1 0 0 0.0 1.0 0.0
cell 13.276215465343999 0.5179623061527864 0.0 1.0 1.0 1 0 0 0.0 1.0 0.0
cell 39.275294061314675 36.383204354237876 0.0 1.0 1.0 1 0 0 0.0 1.0 0.0
cell 2.4548673970557213 21.68850420155077 0.0 1.0 1.0 1 0 0 0.0 1.0 0.0
cell 38.270647699237074 51.6071605620232 0.0 1.0 1.0 1 0 0 0.0 1.0 0.0
cell 26.50526565183998 20.69102965889752 0.0 1.0 1.0 1 0 0 0.0 1.0 0.0
cell 25.97012273750488 34.99854545894954 0.0 1.0 1.0 1 0 0 0.0 1.0 0.0
cell 24.966031815412094 52.72663882642765 0.0 1.0 1.0 1 0 0 0.0 1.0 0.0
cell 23.207541373583506 32.81450355609046 0.0 1.0 1.0 1 0 0 0.0 1.0 0.0
cell 47.30378064880837 24.622710453586766 0.0 1.0 1.0 1 0 0 0.0 1.0 0.0
cell 17.167542700836844 26.210801529306785 0.0 1.0 1.0 1 0 0 0.0 1.0 0.0
cell 38.8491102153529 30.338553961237242 0.0 1.0 1.0 1 0 0 0.0 1.0 0.0
cell 47.70870748459631 2.156847709335778 0.0 1.0 1.0 1 0 0 0.0 1.0 0.0
cell 37.162363747855615 31.413623025720657 0.0 1.0 1.0 1 0 0 0.0 1.0 0.0
cell 22.68548903776033 36.328354613853264 0.0 1.0488088481701516 0.9534625892455922 1 0 0 0.8828160889490091 -0.4697188021495151 4.119537108208085
cell 56.44325364150203 29.171345187029846 0.0 1.0 1.0 1 0 0 0.0 1.0 0.0
cell 31.45644887589933 42.49870189270245 0.0 1.0 1.0 1 0 0 0.0 1.0 0.0
cell 10.389820802735702 39.35273865942788 0.0 1.0 1.0 1 0 0 0.0 1.0 0.0
cell 28.001744075028007 35.29460090724303 0.0 1.0 1.0 1 0 0 0.0 1.0 0.0
cell 10.46406122256184 17.813158046272346 0.0 1.0 1.0 1 0 0 0.0 1.0 0.0
cell 49.52885351124507 31.685189462698183 0.0 1.0 1.0 1 0 0 0.0 1.0 0.0
cell 10.478170161121254 58.17658153288313 0.0 1.0 1.0 1 0 0 0.0 1.0 0.0
cell 10.109451442188385 54.073622249600795 0.0 1.0 1.0 1 0 0 0.0 1.0 0.0
cell 8.425047031237302 17.458121242862564 0.0 1.0 1.0 1 0 0 0.0 1.0 0.0
cell 13.75594057554889 16.616477665795365 0.0 1.0 1.0 1 0 0 0.0 1.0 0.0
cell 12.500531240040447 23.513736687072747 0.0 1.0 1.0 1 0 0 0.0 1.0 0.0
cell 31.066367826613256 12.504705556357521 0.0 1.0 1.0 1 0 0 0.0 1.0 0.0
cell 58.75410921829418 20.196799538017075 0.0 1.0 1.0 1 0 0 0.0 1.0 0.0
cell 46.96005000644835 0.5699221283906779 0.0 1.0 1.0 1 0 0 0.0 1.0 0.0
cell 17.63087156825006 6.451415352106093 0.0 1.0 1.0 1 0 0 0.0 1.0 0.0
cell 57.470889491772226 47.60595569866733 0.0 1.0 1.0 1 0 0 0.0 1.0 0.0
cell 46.11700388708301 58.89218113518024 0.0 1.0 1.0 1 0 0 0.0 1.0 0.0
cell 47.69304285562878 30.74890577817917 0.0 1.0 1.0 1 0 0 0.0 1.0 0.0
cell 17.35664869559162 1.0210415523598078 0.0 1.0 1.0 1 0 0 0.0 1.0 0.0
cell 29.17155244773556 49.44278181124497 0.0 1.0 1.0 1 0 0 0.0 1.0 0.0
cell 58.1415816376388 28.054817082195797 0.0 1.0 1.0 1 0 0 0.0 1.0 0.0
cell 13.550552284623322 50.008367868981374 0.0 1.0 1.0 1 0 0 0.0 1.0 0.0
cell 4.658798691454414 51.32879439322347 0.0 1.0 1.0 1 0 0 0.0 1.0 0.0
cell 18.732319154686987 55.923220356345965 0.0 1.0 1.0 1 0 0 0.0 1.0 0.0
cell 6.524678984498423 27.823680873361756 0.0 1.0 1.0 1 0 0 0.0 1.0 0.0
cell 42.81200851544385 4.070396016725684 0.0 1.0 1.0 1 0 0 0.0 1.0 0.0
cell 18.54652155453941 30.09066791756922 0.0 1.0 1.0 1 0 0 0.0 1.0 0.0
cell 58.37309060600241 7.660816026570256 0.0 1.0 1.0 1 0 0 0.0 1.0 0.0
cell 54.753547261248755 11.669397698024575 0.0 1.0 1.0 1 0 0 0.0 1.0 0.0
