1000
 Lattice="59.74940712514713 0.0 0.0 0.0 59.74940712514713 0.0 0.0 0.0 1.0"Properties=species:S:1:pos:R:3:aspherical_shape:R:3:orientation:R:4:Color:R:1
cell 54.788597392126945 7.5200908080585 0.0 1.0 1.0 1 0 0 0.0 1.0 0.0
cell 27.842915520548154 14.091716566782784 0.0 1.0 1.0 1 0 0 0.0 1.0 0.0
cell 9.288487776027178 6.855399058027125 0.0 1.0 1.0 1 0 0 0.0 1.0 0.0
cell 34.96169044877089 39.06843847106675 0.0 1.0 1.0 1 0 0 0.0 1.0 0.0
cell 34.350180705026204 46.04033660488052 0.0 1.0 1.0 1 0 0 0.0 1.0 0.0
cell 26.57039561609331 54.25084640616666 0.0 1.0 1.0 1 0 0 0.0 1.0 0.0
cell 6.106512746438196 43.08445558727111 0.0 1.0 1.0 1 0 0 0.0 1.0 0.0
cell 59.693172820011675 50.085664847094804 0.0 1.0 1.0 1 0 0 0.0 1.0 0.0
cell 27.353308662881002 17.58970564740434 0.0 1.0 1.0 1 0 0 0.0 1.0 0.0
cell 21.923782962189122 1.1227767978031054 0.0 1.0 1.0 1 0 0 0.0 1.0 0.0
cell 5.198319884908498 50.43353377390165 0.0 1.0 1.0 1 0 0 0.0 1.0 0.0
cell 49.37359569412986 22.454204460047325 0.0 1.0 1.0 1 0 0 0.0 1.0 0.0
cell 37.03188861135971 22.775735530262466 0.0 1.0 1.0 1 0 0 0.0 1.0 0.0
cell 21.122947297899703 46.689337012740026 0.0 1.0 1.0 1 0 0 0.0 1.0 0.0
cell 53.58494232598505 28.176451617489914 0.0 1.0 1.0 1 0 0 0.0 1.0 0.0
cell 42.38582444737158 23.214472195767623 0.0 1.0 1.0 1 0 0 0.0 1.0 0.0
cell 13.167239556852739 49.511512203971606 0.0 1.0 1.0 1 0 0 0.0 1.0 0.0
cell 51.97219133078462 58.36120923192141 0.0 1.0 1.0 1 0 0 0.0 1.0 0.0
cell 9.67091749501134 56.02761033721105 0.0 1.0 1.0 1 0 0 0.0 1.0 0.0
cell 2.0883700350919434 52.93896498505343 0.0 1.0 1.0 1 0 0 0.0 1.0 0.0
cell 39.22493404050026 48.26083923555104 0.0 1.0 1.0 1 0 0 0.0 1.0 0.0
cell 24.854022407633963 50.5469960164491 0.0 1.0 1.0 1 0 0 0.0 1.0 0.0
cell 48.441302300309545 29.77039632552181 0.0 1.0 1.0 1 0 0 0.0 1.0 0.0
cell 39.457083802185366 57.21326658676048 0.0 1.0 1.0 1 0 0 0.0 1.0 0.0
cell 5.878797353060333 41.09791093636748 0.0 1.0 1.0 1 0 0 0.0 1.0 0.0
cell 45.590811226760394 36.25496641854881 0.0 1.0 1.0 1 0 0 0.0 1.0 0.0
cell 17.243409825259363 16.462192731969026 0.0 1.0 1.0 1 0 0 0.0 1.0 0.0
cell 10.181461291256836 31.457400996314757 0.0 1.0 1.0 1 0 0 0.0 1.0 0.0
cell 1.0208159539508364 29.442304853832546 0.0 1.0 1.0 1 0 0 0.0 1.0 0.0
cell 15.768570217092766 21.051109050950533 0.0 1.0 1.0 1 0 0 0.0 1.0 0.0
cell 45.22236527789526 57.69184699964266 0.0 1.0 1.0 1 0 0 0.0 1.0 0.0
cell 32.19112640378682 11.039064621298008 0.0 1.0 1.0 1 0 0 0.0 1.0 0.0
cell 28.118135626477404 19.44782812566789 0.0 1.0 1.0 1 0 0 0.0 1.0 0.0
cell 39.20406233123159 0.9965401138420767 0.0 1.0 1.0 1 0 0 0.0 1.0 0.0
cell 56.169322299892954 4.246974290433887 0.0 1.0 1.0 1 0 0 0.0 1.0 0.0
cell 41.63781035989807 32.56389031387908 0.0 1.0 1.0 1 0 0 0.0 1.0 0.0
cell 40.180040371761365 35.789120173510085 0.0 1.0 1.0 1 0 0 0.0 1.0 0.0
cell 58.71094874567527 26.56441960102597 0.0 1.0 1.0 1 0 0 0.0 1.0 0.0
cell 47.13507414049256 48.96002164841293 0.0 1.0 1.0 1 0 0 0.0 1.0 0.0
cell 25.120658608098104 59.39889036479938 0.0 1.0 1.0 1 0 0 0.0 1.0 0.0
cell 43.99054183347987 3.1263381517541604 0.0 1.0 1.0 1 0 0 0.0 1.0 0.0
cell 26.526655006113067 41.85600048919624 0.0 1.0 1.0 1 0 0 0.0 1.0 0.0
cell 41.04117506018545 11.080926582570633 0.0 1.0 1.0 1 0 0 0.0 1.0 0.0
cell 50.932702299781255 36.641589818707914 0.0 1.0 1.0 1 0 0 0.0 1.0 0.0
cell 52.44972496298197 18.028061058857748 0.0 1.0 1.0 1 0 0 0.0 1.0 0.0
cell 17.321796682174963 55.18115106115641 0.0 1.0 1.0 1 0 0 0.0 1.0 0.0
cell 52.66994760089012 20.04964705795016 0.0 1.0 1.0 1 0 0 0.0 1.0 0.0
cell 34.5506175887985 7.624609990989526 0.0 1.0 1.0 1 0 0 0.0 1.0 0.0
cell 26.324258033164153 24.472604626441452 0.0 1.0 1.0 1 0 0 0.0 1.0 0.0
cell 56.574618820003984 39.10601744392005 0.0 1.0 1.0 1 0 0 0.0 1.0 0.0
cell 3.1948935921558443 16.88743978452369 0.0 1.0 1.0 1 0 0 0.0 1.0 0.0
cell 42.427346956684936 8.05337563476526 0.0 1.0 1.0 1 0 0 0.0 1.0 0.0
cell 8.525166455469781 32.662689199790904 0.0 1.0 1.0 1 0 0 0.0 1.0 0.0
cell 25.4040401600841 55.894073192680096 0.0 1.0 1.0 1 0 0 0.0 1.0 0.0
cell 32.55850233233826 13.108021542505975 0.0 1.0 1.0 1 0 0 0.0 1.0 0.0
cell 47.22451366889686 35.006440914834386 0.0 1.0 1.0 1 0 0 0.0 1.0 0.0
cell 37.05652042240693 39.1992021037417 0.0 1.0 1.0 1 0 0 0.0 1.0 0.0
cell 11.21425345898398 54.62481025278241 0.0 1.0 1.0 1 0 0 0.0 1.0 0.0
cell 53.081104337615514 24.114467339099605 0.0 1.0 1.0 1 0 0 0.0 1.0 0.0
cell 16.622175738460317 37.451111350717696 0.0 1.0 1.0 1 0 0 0.0 1.0 0.0
cell 35.16307194367332 0.5939701319860202 0.0 1.0 1.0 1 0 0 0.0 1.0 0.0
cell 37.49637147738011 57.028973534545415 0.0 1.0 1.0 1 0 0 0.0 1.0 0.0
cell 25.995100140227308 48.86711870187939 0.0 1.0 1.0 1 0 0 0.0 1.0 0.0
cell 58.872621793443976 43.965299759297025 0.0 1.0 1.0 1 0 0 0.0 1.0 0.0
cell 9.721829724398821 44.69602003080371 0.0 1.0 1.0 1 0 0 0.0 1.0 0.0
cell 58.97793388771732 13.164352336947127 0.0 1.0 1.0 1 0 0 0.0 1.0 0.0
cell 38.083549129636275 2.67435544344094 0.0 1.0 1.0 1 0 0 0.0 1.0 0.0
cell 4.756145431246734 31.048912197690747 0.0 1.0 1.0 1 0 0 0.0 1.0 0.0
cell 49.89114982483142 55.53151640173307 0.0 1.0 1.0 1 0 0 0.0 1.0 0.0
cell 33.53204302065789 44.23551210107798 0.0 1.0 1.0 1 0 0 0.0 1.0 0.0
cell 38.733346359612426 42.902034670896725 0.0 1.0 1.0 1 0 0 0.0 1.0 0.0
cell 55.93643136918628 17.6449045202035 0.0 1.0 1.0 1 0 0 0.0 1.0 0.0
cell 22.89271248153871 20.564962257394797 0.0 1.0 1.0 1 0 0 0.0 1.0 0.0
cell 20.41073587713623 6.270549671302842 0.0 1.0 1.0 1 0 0 0.0 1.0 0.0
cell 20.209333719966132 57.20136941482419 0.0 1.0 1.0 1 0 0 0.0 1.0 0.0
cell 47.68408309769188 39.0423035784757 0.0 1.0 1.0 1 0 0 0.0 1.0 0.0
cell 10.251489580211004 16.125840996415135 0.0 1.0 1.0 1 0 0 0.0 1.0 0.0
cell 58.27135887123444 7.09607712279622 0.0 1.0 1.0 1 0 0 0.0 1.0 0.0
cell 23.32541413885733 17.107897798549907 0.0 1.0 1.0 1 0 0 0.0 1.0 0.0
cell 27.119041201964016 34.882893728303344 0.0 1.0 1.0 1 0 0 0.0 1.0 0.0
cell 20.86875838110169 20.31506882251238 0.0 1.0 1.0 1 0 0 0.0 1.0 0.0
cell 6.6546930557691075 0.8086713534605006 0.0 1.0 1.0 1 0 0 0.0 1.0 0.0
cell 27.627271894496054 5.212672797712291 0.0 1.0 1.0 1 0 0 0.0 1.0 0.0
cell 33.73437924760617 25.151715830204758 0.0 1.0 1.0 1 0 0 0.0 1.0 0.0
cell 12.817340856869654 38.29445647105166 0.0 1.0 1.0 1 0 0 0.0 1.0 0.0
cell 46.112550016519215 24.903905499664607 0.0 1.0 1.0 1 0 0 0.0 1.0 0.0
cell 58.67499037831139 41.91784529492922 0.0 1.0 1.0 1 0 0 0.0 1.0 0.0
cell 20.14750073812579 32.52713440594977 0.0 1.0 1.0 1 0 0 0.0 1.0 0.0
cell 50.61471090857992 17.223614510772915 0.0 1.0 1.0 1 0 0 0.0 1.0 0.0
cell 28.30031061639372 57.94602749328289 0.0 1.0 1.0 1 0 0 0.0 1.0 0.0
cell 18.38928657317754 6.03150643839312 0.0 1.0 1.0 1 0 0 0.0 1.0 0.0
cell 11.824203195066742 30.283361231532652 0.0 1.0 1.0 1 0 0 0.0 1.0 0.0
cell 44.70573215908283 28.12730755226789 0.0 1.0 1.0 1 0 0 0.0 1.0 0.0
cell 43.139690126688116 13.963450036999042 0.0 1.0 1.0 1 0 0 0.0 1.0 0.0
cell 5.050321703851796 2.09515479499611 0.0 1.0 1.0 1 0 0 0.0 1.0 0.0
cell 18.67361487445553 2.5713309680966088 0.0 1.0 1.0 1 0 0 0.0 1.0 0.0
cell 57.79114010954151 49.28591855463929 0.0 1.0 1.0 1 0 0 0.0 1.0 0.0
cell 54.74538599489173 22.92331297052856 0.0 1.0 1.0 1 0 0 0.0 1.0 0.0
cell 27.145536749145844 47.18609590380597 0.0 1.0 1.0 1 0 0 0.0 1.0 0.0
cell 19.356294733324003 55.37476899171076 0.0 1.0 1.0 1 0 0 0.0 1.0 0.0
cell 42.30115176653144 46.76044643745799 0.0 1.0 1.0 1 0 0 0.0 1.0 0.0
cell 51.039351842888934 21.257370677119017 0.0 1.0 1.0 1 0 0 0.0 1.0 0.0
cell 11.78836592992492 0.09524728146069023 0.0 1.0 1.0 1 0 0 0.0 1.0 0.0
cell 24.228240902198934 57.552153679658105 0.0 1.0 1.0 1 0 0 0.0 1.0 0.0
cell 18.99147061002604 58.8361695344711 0.0 1.0 1.0 1 0 0 0.0 1.0 0.0
cell 35.946891906640666 12.716883253817548 0.0 1.0 1.0 1 0 0 0.0 1.0 0.0
cell 50.36161560046787 59.5824177767421 0.0 1.0 1.0 1 0 0 0.0 1.0 0.0
cell 27.991829828945423 1.7075194034121992 0.0 1.0 1.0 1 0 0 0.0 1.0 0.0
cell 13.587098218597955 12.648960560813295 0.0 1.0 1.0 1 0 0 0.0 1.0 0.0
cell 57.803923370253365 3.036987917698559 0.0 1.0 1.0 1 0 0 0.0 1.0 0.0
cell 29.162903096258045 35.05385491493205 0.0 1.0 1.0 1 0 0 0.0 1.0 0.0
cell 41.27770666391897 13.132374389969343 0.0 1.0 1.0 1 0 0 0.0 1.0 0.0
cell 28.52822811327478 7.067925449778414 0.0 1.0 1.0 1 0 0 0.0 1.0 0.0
cell 10.60063176346615 1.7354181919712284 0.0 1.0 1.0 1 0 0 0.0 1.0 0.0
cell 31.174910385358658 47.58272016892934 0.0 1.0 1.0 1 0 0 0.0 1.0 0.0
cell 5.390336945870643 6.155620223572406 0.0 1.0 1.0 1 0 0 0.0 1.0 0.0
cell 41.43193787554383 30.499945053067414 0.0 1.0 1.0 1 0 0 0.0 1.0 0.0
cell 50.29842986701871 46.1693601004302 0.0 1.0 1.0 1 0 0 0.0 1.0 0.0
cell 5.958311191250186 25.825524449081616 0.0 1.0 1.0 1 0 0 0.0 1.0 0.0
cell 16.02429737759187 9.345988838451131 0.0 1.0 1.0 1 0 0 0.0 1.0 0.0
cell 30.909923108603802 38.71214543132006 0.0 1.0 1.0 1 0 0 0.0 1.0 0.0
cell 14.000273549994873 9.126170372075265 0.0 1.0 1.0 1 0 0 0.0 1.0 0.0
cell 55.68287988452692 31.005678609479524 0.0 1.0 1.0 1 0 0 0.0 1.0 0.0
cell 3.1708492986882844 1.3452657909448864 0.0 1.0 1.0 1 0 0 0.0 1.0 0.0
cell 54.460320038214604 36.260383277031856 0.0 1.0 1.0 1 0 0 0.0 1.0 0.0
cell 21.870206599982936 36.18899924240155 0.0 1.0 1.0 1 0 0 0.0 1.0 0.0
cell 34.266198526947534 31.612586196614394 0.0 1.0 1.0 1 0 0 0.0 1.0 0.0
cell 55.986115940485796 48.47427264061073 0.0 1.0 1.0 1 0 0 0.0 1.0 0.0
cell 8.825291293740964 52.020734438566144 0.0 1.0 1.0 1 0 0 0.0 1.0 0.0
cell 56.09567115002153 35.069754027970724 0.0 1.0 1.0 1 0 0 0.0 1.0 0.0
cell 46.51074937428635 56.06650407532023 0.0 1.0 1.0 1 0 0 0.0 1.0 0.0
cell 15.986200300706713 48.031335946249186 0.0 1.0 1.0 1 0 0 0.0 1.0 0.0
cell 32.63777552906308 42.37562881698349 0.0 1.0 1.0 1 0 0 0.0 1.0 0.0
cell 49.20574969955396 5.12078447873649 0.0 1.0 1.0 1 0 0 0.0 1.0 0.0
cell 25.815919732762108 13.86569682127383 0.0 1.0 1.0 1 0 0 0.0 1.0 0.0
cell 4.565605093935715 29.02905287977381 0.0 1.0 1.0 1 0 0 0.0 1.0 0.0
cell 38.3386417377119 58.851684492235165 0.0 1.0 1.0 1 0 0 0.0 1.0 0.0
cell 29.456486597895424 56.230675578659636 0.0 1.0 1.0 1 0 0 0.0 1.0 0.0
cell 1.5240323292752591 2.532605028464656 0.0 1.0 1.0 1 0 0 0.0 1.0 0.0
cell 37.750848850385296 53.47826469833034 0.0 1.0 1.0 1 0 0 0.0 1.0 0.0
cell 14.490305358856249 44.34393534817579 0.0 1.0 1.0 1 0 0 0.0 1.0 0.0
cell 26.847384479841352 50.736008637887714 0.0 1.0 1.0 1 0 0 0.0 1.0 0.0
cell 29.49611577800634 31.593811595628367 0.0 1.0 1.0 1 0 0 0.0 1.0 0.0
cell 45.126544988551544 48.84387890574064 0.0 1.0 1.0 1 0 0 0.0 1.0 0.0
cell 16.861611655758576 11.126010985947861 0.0 1.0 1.0 1 0 0 0.0 1.0 0.0
cell 4.501584049646574 57.80160190017293 0.0 1.0 1.0 1 0 0 0.0 1.0 0.0
cell 38.396342244774964 46.39264720578159 0.0 1.0 1.0 1 0 0 0.0 1.0 0.0
cell 46.86728159539616 15.56146731297637 0.0 1.0 1.0 1 0 0 0.0 1.0 0.0
cell 27.680673615920245 40.214480099055585 0.0 1.0 1.0 1 0 0 0.0 1.0 0.0
cell 54.312771506703555 18.87246047952995 0.0 1.0 1.0 1 0 0 0.0 1.0 0.0
cell 18.521925863461842 53.534395864017945 0.0 1.0 1.0 1 0 0 0.0 1.0 0.0
cell 53.16529869979404 8.702881033444969 0.0 1.0 1.0 1 0 0 0.0 1.0 0.0
cell 3.610047750836795 36.255814587349725 0.0 1.0 1.0 1 0 0 0.0 1.0 0.0
cell 14.673311579857314 2.1497835915474526 0.0 1.0 1.0 1 0 0 0.0 1.0 0.0
cell 10.676374071852365 35.4710246785223 0.0 1.0 1.0 1 0 0 0.0 1.0 0.0
cell 4.024944600926878 40.312003888297006 0.0 1.0 1.0 1 0 0 0.0 1.0 0.0
cell 15.043221683548254 27.955962462274055 0.0 1.0 1.0 1 0 0 0.0 1.0 0.0
cell 2.206686826759666 8.712528202115168 0.0 1.0 1.0 1 0 0 0.0 1.0 0.0
cell 8.585505487381479 17.346712296712756 0.0 1.0 1.0 1 0 0 0.0 1.0 0.0
cell 26.950785239478677 21.075025778540493 0.0 1.0 1.0 1 0 0 0.0 1.0 0.0
cell 46.220133307895416 47.34558589043027 0.0 1.0 1.0 1 0 0 0.0 1.0 0.0
cell 48.71057364064371 47.49571570596453 0.0 1.0 1.0 1 0 0 0.0 1.0 0.0
cell 42.915883300596896 11.932736021360522 0.0 1.0 1.0 1 0 0 0.0 1.0 0.0
cell 18.83714990495323 50.006714843044286 0.0 1.0 1.0 1 0 0 0.0 1.0 0.0
cell 39.53484758466486 44.73266144513021 0.0 1.0 1.0 1 0 0 0.0 1.0 0.0
cell 35.97291135749944 30.063012586479356 0.0 1.0 1.0 1 0 0 0.0 1.0 0.0
cell 47.34537679782928 46.11593586544739 0.0 1.0 1.0 1 0 0 0.0 1.0 0.0
cell 1.0063402419503635 44.77882767609427 0.0 1.0 1.0 1 0 0 0.0 1.0 0.0
cell 31.217346979154982 35.18309718466679 0.0 1.0 1.0 1 0 0 0.0 1.0 0.0
cell 7.725143114046181 55.28141721512685 0.0 1.0 1.0 1 0 0 0.0 1.0 0.0
cell 2.706742711117942 12.810838738434898 0.0 1.0 1.0 1 0 0 0.0 1.0 0.0
cell 56.87975536715017 10.350205973826426 0.0 1.0 1.0 1 0 0 0.0 1.0 0.0
cell 7.855229385456042 26.63128971216679 0.0 1.0 1.0 1 0 0 0.0 1.0 0.0
cell 4.3162440993721685 11.67497384649697 0.0 1.0 1.0 1 0 0 0.0 1.0 0.0
cell 0.7630128575309895 56.20245733286201 0.0 1.0 1.0 1 0 0 0.0 1.0 0.0
cell 29.944699154789316 19.732401843447576 0.0 1.0 1.0 1 0 0 0.0 1.0 0.0
cell 6.772233912928262 49.20044156270595 0.0 1.0 1.0 1 0 0 0.0 1.0 0.0
cell 26.286325326370708 45.37032702061826 0.0 1.0 1.0 1 0 0 0.0 1.0 0.0
cell 43.722339121779584 53.96410109038546 0.0 1.0 1.0 1 0 0 0.0 1.0 0.0
cell 50.64519410306867 48.15991322414063 0.0 1.0 1.0 1 0 0 0.0 1.0 0.0
cell 10.88221027562029 22.22484615147086 0.0 1.0 1.0 1 0 0 0.0 1.0 0.0
cell 32.31335388670035 58.33800818047112 0.0 1.0 1.0 1 0 0 0.0 1.0 0.0
cell 5.046742894781386 17.701604595615542 0.0 1.0 1.0 1 0 0 0.0 1.0 0.0
cell 25.38909930638671 43.52393265576074 0.0 1.0 1.0 1 0 0 0.0 1.0 0.0
cell 47.4347944756873 36.98701608888921 0.0 1.0 1.0 1 0 0 0.0 1.0 0.0
cell 5.76483099180445 10.608245650914606 0.0 1.0 1.0 1 0 0 0.0 1.0 0.0
cell 20.94067674044044 11.57842732206547 0.0 1.0 1.0 1 0 0 0.0 1.0 0.0
cell 47.75435170331856 50.86800809523672 0.0 1.0 1.0 1 0 0 0.0 1.0 0.0
cell 32.1474654240055 26.207199471858104 0.0 1.0 1.0 1 0 0 0.0 1.0 0.0
cell 2.8811145416586093 45.55423715674589 0.0 1.0 1.0 1 0 0 0.0 1.0 0.0
cell 57.17318111901847 12.38073829184675 0.0 1.0 1.0 1 0 0 0.0 1.0 0.0
cell 8.458483905692585 5.100976228348898 0.0 1.0 1.0 1 0 0 0.0 1.0 0.0
cell 23.713336144071064 27.615510279802283 0.0 1.0 1.0 1 0 0 0.0 1.0 0.0
cell 14.998132377030501 25.97560022752382 0.0 1.0 1.0 1 0 0 0.0 1.0 0.0
cell 17.26200532394083 30.50114980286505 0.0 1.0 1.0 1 0 0 0.0 1.0 0.0
cell 53.100171825977796 53.0338662738623 0.0 1.0 1.0 1 0 0 0.0 1.0 0.0
cell 12.596988915952759 1.914256760213126 0.0 1.0 1.0 1 0 0 0.0 1.0 0.0
cell 11.26925015731933 43.43015495876377 0.0 1.0 1.0 1 0 0 0.0 1.0 0.0
cell 11.460228894530111 3.5906780128228415 0.0 1.0 1.0 1 0 0 0.0 1.0 0.0
cell 4.109952793149414 9.484401779307086 0.0 1.0 1.0 1 0 0 0.0 1.0 0.0
cell 27.464937933052237 31.487481024067023 0.0 1.0 1.0 1 0 0 0.0 1.0 0.0
cell 6.907288890296802 18.536386726698762 0.0 1.0 1.0 1 0 0 0.0 1.0 0.0
cell 14.179592879321122 35.091413018509776 0.0 1.0 1.0 1 0 0 0.0 1.0 0.0
cell 12.571667313510595 53.08973853397669 0.0 1.0 1.0 1 0 0 0.0 1.0 0.0
cell 36.08257558154171 49.76584045243179 0.0 1.0 1.0 1 0 0 0.0 1.0 0.0
cell 33.48693375295766 56.62633039881412 0.0 1.0 1.0 1 0 0 0.0 1.0 0.0
cell 8.064577559036639 57.27769540338959 0.0 1.0 1.0 1 0 0 0.0 1.0 0.0
cell 58.51534118285544 9.111488597630998 0.0 1.0 1.0 1 0 0 0.0 1.0 0.0
cell 24.148637117071264 10.147040950650638 0.0 1.0 1.0 1 0 0 0.0 1.0 0.0
cell 18.189094048546508 57.02219416422737 0.0 1.0 1.0 1 0 0 0.0 1.0 0.0
cell 0.8388581896501347 27.37855435558611 0.0 1.0 1.0 1 0 0 0.0 1.0 0.0
cell 19.863305621220345 0.9295125135768612 0.0 1.0 1.0 1 0 0 0.0 1.0 0.0
cell 47.753255508946516 23.718809026279278 0.0 1.0 1.0 1 0 0 0.0 1.0 0.0
cell 15.229523193495046 16.232317521878755 0.0 1.0 1.0 1 0 0 0.0 1.0 0.0
cell 48.34417708375596 56.784516240695496 0.0 1.0 1.0 1 0 0 0.0 1.0 0.0
cell 19.099204626011073 46.48975449275998 0.0 1.0 1.0 1 0 0 0.0 1.0 0.0
cell 13.7214939468186 31.14956937493877 0.0 1.0 1.0 1 0 0 0.0 1.0 0.0
cell 42.5964819140971 55.68950297289535 0.0 1.0 1.0 1 0 0 0.0 1.0 0.0
cell 26.813674368311464 3.358368739258322 0.0 1.0 1.0 1 0 0 0.0 1.0 0.0
cell 22.42661040914976 6.475255305299156 0.0 1.0 1.0 1 0 0 0.0 1.0 0.0
cell 38.39256363156672 37.47116673562179 0.0 1.0 1.0 1 0 0 0.0 1.0 0.0
cell 19.56516446626978 39.48739558975128 0.0 1.0 1.0 1 0 0 0.0 1.0 0.0
cell 53.56087443588796 57.14115667154103 0.0 1.0 1.0 1 0 0 0.0 1.0 0.0
cell 4.974316393444552 48.41568842084553 0.0 1.0 1.0 1 0 0 0.0 1.0 0.0
cell 16.843124169310077 49.883626052922956 0.0 1.0 1.0 1 0 0 0.0 1.0 0.0
cell 35.77210953566975 10.864612345242115 0.0 1.0 1.0 1 0 0 0.0 1.0 0.0
cell 28.81819049428573 3.513023590606003 0.0 1.0 1.0 1 0 0 0.0 1.0 0.0
cell 41.17894447941428 48.43296569831062 0.0 1.0 1.0 1 0 0 0.0 1.0 0.0
cell 18.19619525787256 23.47930205217155 0.0 1.0 1.0 1 0 0 0.0 1.0 0.0
cell 25.653642094062846 5.003961411704476 0.0 1.0 1.0 1 0 0 0.0 1.0 0.0
cell 51.758867003100704 11.937289471034363 0.0 1.0 1.0 1 0 0 0.0 1.0 0.0
cell 25.421081265419446 31.301797258351407 0.0 1.0 1.0 1 0 0 0.0 1.0 0.0
cell 7.350176150693274 22.572149462294355 0.0 1.0 1.0 1 0 0 0.0 1.0 0.0
cell 2.6320141688252967 57.01740565326196 0.0 1.0 1.0 1 0 0 0.0 1.0 0.0
cell 16.2641125693852 44.47918337041709 0.0 1.0 1.0 1 0 0 0.0 1.0 0.0
cell 58.65672379927354 55.43718349095249 0.0 1.0 1.0 1 0 0 0.0 1.0 0.0
cell 41.94255856253358 19.225136341866225 0.0 1.0 1.0 1 0 0 0.0 1.0 0.0
cell 47.110973711649834 2.2796227585546713 0.0 1.0 1.0 1 0 0 0.0 1.0 0.0
cell 19.366492232201853 42.986153605898025 0.0 1.0 1.0 1 0 0 0.0 1.0 0.0
cell 49.58500951949324 39.85130972447012 0.0 1.0 1.0 1 0 0 0.0 1.0 0.0
cell 9.573071264788489 12.140570842474576 0.0 1.0 1.0 1 0 0 0.0 1.0 0.0
cell 51.46348499688872 40.681068113644194 0.0 1.0 1.0 1 0 0 0.0 1.0 0.0
cell 4.476017735525158 44.342529548057044 0.0 1.0 1.0 1 0 0 0.0 1.0 0.0
cell 55.72427727341392 15.58731860245661 0.0 1.0 1.0 1 0 0 0.0 1.0 0.0
cell 30.359764745701703 25.151910309264675 0.0 1.0 1.0 1 0 0 0.0 1.0 0.0
cell 5.824678517649811 54.52998408161463 0.0 1.0 1.0 1 0 0 0.0 1.0 0.0
cell 0.3498299652849856 38.66729953454862 0.0 1.0 1.0 1 0 0 0.0 1.0 0.0
cell 6.148491412261456 56.51283847416952 0.0 1.0 1.0 1 0 0 0.0 1.0 0.0
cell 20.976653207563974 34.35226361565917 0.0 1.0 1.0 1 0 0 0.0 1.0 0.0
cell 28.384350124974688 24.716768820619393 0.0 1.0 1.0 1 0 0 0.0 1.0 0.0
cell 13.82492786379067 0.3234782042484726 0.0 1.0 1.0 1 0 0 0.0 1.0 0.0
cell 13.469406893932664 3.7529994870233585 0.0 1.0 1.0 1 0 0 0.0 1.0 0.0
cell 25.68433187768169 40.05220222796458 0.0 1.0 1.0 1 0 0 0.0 1.0 0.0
cell 30.910593441316422 51.09437214746169 0.0 1.0 1.0 1 0 0 0.0 1.0 0.0
cell 48.65021118586316 45.01446346116501 0.0 1.0 1.0 1 0 0 0.0 1.0 0.0
cell 3.8555045566441564 22.94056607689055 0.0 1.0 1.0 1 0 0 0.0 1.0 0.0
cell 23.65151537147044 39.857937799748775 0.0 1.0 1.0 1 0 0 0.0 1.0 0.0
cell 59.171912791532705 30.604674193139907 0.0 1.0 1.0 1 0 0 0.0 1.0 0.0
cell 35.5247958223075 44.37426399850095 0.0 1.0 1.0 1 0 0 0.0 1.0 0.0
cell 14.377030812880774 5.626489529332206 0.0 1.0 1.0 1 0 0 0.0 1.0 0.0
cell 18.467359774864313 41.1167211547635 0.0 1.0 1.0 1 0 0 0.0 1.0 0.0
cell 18.908435177835504 34.141929888087056 0.0 1.0 1.0 1 0 0 0.0 1.0 0.0
cell 7.319028319706244 37.87129278896642 0.0 1.0 1.0 1 0 0 0.0 1.0 0.0
cell 19.67784007454269 51.86364951383938 0.0 1.0 1.0 1 0 0 0.0 1.0 0.0
cell 56.420186753295674 6.29822641182262 0.0 1.0 1.0 1 0 0 0.0 1.0 0.0
cell 12.05176634607917 17.017350284200617 0.0 1.0 1.0 1 0 0 0.0 1.0 0.0
cell 7.043603648664037 9.534071045197676 0.0 1.0 1.0 1 0 0 0.0 1.0 0.0
cell 46.55165235414258 52.485408380889 0.0 1.0 1.0 1 0 0 0.0 1.0 0.0
cell 12.306845300069106 19.0282048427653 0.0 1.0 1.0 1 0 0 0.0 1.0 0.0
cell 37.22140529557855 24.79341765794769 0.0 1.0 1.0 1 0 0 0.0 1.0 0.0
cell 45.89106551392044 7.486903503287126 0.0 1.0 1.0 1 0 0 0.0 1.0 0.0
cell 39.752159763391155 31.710981794465617 0.0 1.0 1.0 1 0 0 0.0 1.0 0.0
cell 52.213393611376205 16.03088057300205 0.0 1.0 1.0 1 0 0 0.0 1.0 0.0
cell 37.479621149801694 26.84666986607702 0.0 1.0 1.0 1 0 0 0.0 1.0 0.0
cell 55.18856324562262 55.86530723946089 0.0 1.0 1.0 1 0 0 0.0 1.0 0.0
cell 32.28958969308348 28.4277992031031 0.0 1.0 1.0 1 0 0 0.0 1.0 0.0
cell 46.840664561920526 0.24084503470889576 0.0 1.0 1.0 1 0 0 0.0 1.0 0.0
cell 10.442811137904524 18.151708782290758 0.0 1.0 1.0 1 0 0 0.0 1.0 0.0
cell 10.909331147684552 10.566545593470611 0.0 1.0 1.0 1 0 0 0.0 1.0 0.0
cell 23.605502248194597 4.81002806356444 0.0 1.0 1.0 1 0 0 0.0 1.0 0.0
cell 21.315581435730387 16.860223855322356 0.0 1.0 1.0 1 0 0 0.0 1.0 0.0
cell 50.37817350192527 15.208884242141737 0.0 1.0 1.0 1 0 0 0.0 1.0 0.0
cell 50.58765553189656 1.8710103259959825 0.0 1.0 1.0 1 0 0 0.0 1.0 0.0
cell 30.29877466701937 58.1268937419262 0.0 1.0 1.0 1 0 0 0.0 1.0 0.0
cell 57.2648244990807 29.816553330699286 0.0 1.0 1.0 1 0 0 0.0 1.0 0.0
cell 41.21353921378283 28.49372408197386 0.0 1.0 1.0 1 0 0 0.0 1.0 0.0
cell 51.514741552875094 9.950817841900895 0.0 1.0 1.0 1 0 0 0.0 1.0 0.0
cell 19.54842055323043 4.427169159188956 0.0 1.0 1.0 1 0 0 0.0 1.0 0.0
cell 55.40204561253935 44.4186009453784 0.0 1.0 1.0 1 0 0 0.0 1.0 0.0
cell 31.464846600066224 56.45018827905572 0.0 1.0 1.0 1 0 0 0.0 1.0 0.0
cell 10.44225352296019 33.47842178638222 0.0 1.0 1.0 1 0 0 0.0 1.0 0.0
cell 8.795160608911312 19.404085235904894 0.0 1.0 1.0 1 0 0 0.0 1.0 0.0
cell 32.56194890508247 7.437509266231897 0.0 1.0 1.0 1 0 0 0.0 1.0 0.0
cell 3.644757778231892 20.95869495048112 0.0 1.0 1.0 1 0 0 0.0 1.0 0.0
cell 7.153655429153493 20.579451188071424 0.0 1.0 1.0 1 0 0 0.0 1.0 0.0
cell 14.19628010086599 19.861702639967504 0.0 1.0 1.0 1 0 0 0.0 1.0 0.0
cell 30.765499919232504 27.162497477274993 0.0 1.0 1.0 1 0 0 0.0 1.0 0.0
cell 47.94923188420946 41.02486675576956 0.0 1.0 1.0 1 0 0 0.0 1.0 0.0
cell 39.08989590122783 25.623744856104935 0.0 1.0 1.0 1 0 0 0.0 1.0 0.0
cell 45.63209765967601 3.5246366090980206 0.0 1.0 1.0 1 0 0 0.0 1.0 0.0
cell 56.791926552116806 54.62753087497653 0.0 1.0 1.0 1 0 0 0.0 1.0 0.0
cell 59.41454466318937 48.041069472969355 0.0 1.0 1.0 1 0 0 0.0 1.0 0.0
cell 53.425716986266686 10.737567554237994 0.0 1.0 1.0 1 0 0 0.0 1.0 0.0
cell 54.56184942788977 5.481371089183034 0.0 1.0 1.0 1 0 0 0.0 1.0 0.0
cell 24.578695805243306 15.463513813805996 0.0 1.0 1.0 1 0 0 0.0 1.0 0.0
cell 55.660860583459744 46.41672643413756 0.0 1.0 1.0 1 0 0 0.0 1.0 0.0
cell 52.23566244893679 46.897939734621204 0.0 1.0 1.0 1 0 0 0.0 1.0 0.0
cell 23.377771312907775 55.74218484394859 0.0 1.0 1.0 1 0 0 0.0 1.0 0.0
cell 8.186573795212208 59.25625902621186 0.0 1.0 1.0 1 0 0 0.0 1.0 0.0
cell 39.878503876803215 6.385477736626056 0.0 1.0 1.0 1 0 0 0.0 1.0 0.0
cell 51.68223835262507 42.761793600857175 0.0 1.0 1.0 1 0 0 0.0 1.0 0.0
cell 22.563881527250917 53.89461972708617 0.0 1.0 1.0 1 0 0 0.0 1.0 0.0
cell 50.12443649627181 57.579347360067935 0.0 1.0 1.0 1 0 0 0.0 1.0 0.0
cell 47.96698917691717 25.68393058460711 0.0 1.0 1.0 1 0 0 0.0 1.0 0.0
cell 32.42587804981408 33.52023169727959 0.0 1.0 1.0 1 0 0 0.0 1.0 0.0
cell 21.764177669689413 13.397797629290741 0.0 1.0 1.0 1 0 0 0.0 1.0 0.0
cell 34.05265394233754 49.58682559918719 0.0 1.0 1.0 1 0 0 0.0 1.0 0.0
cell 14.587134226652646 40.72704057068419 0.0 1.0 1.0 1 0 0 0.0 1.0 0.0
cell 50.84494832378851 19.25790794482698 0.0 1.0 1.0 1 0 0 0.0 1.0 0.0
cell 39.043796958738014 39.39217807939881 0.0 1.0 1.0 1 0 0 0.0 1.0 0.0
cell 50.4855886450712 32.61987008904671 0.0 1.0 1.0 1 0 0 0.0 1.0 0.0
cell 9.44732834126639 25.472649244183934 0.0 1.0 1.0 1 0 0 0.0 1.0 0.0
cell 50.03195152712659 28.570382335711553 0.0 1.0 1.0 1 0 0 0.0 1.0 0.0
cell 40.59279217532296 55.49096180897868 0.0 1.0 1.0 1 0 0 0.0 1.0 0.0
cell 17.610812685044237 21.586220442326102 0.0 1.0 1.0 1 0 0 0.0 1.0 0.0
cell 37.87274056361793 30.911055686196452 0.0 1.0 1.0 1 0 0 0.0 1.0 0.0
cell 16.692391009488254 2.373772976411821 0.0 1.0 1.0 1 0 0 0.0 1.0 0.0
cell 42.08959366570423 2.9725991905295213 0.0 1.0 1.0 1 0 0 0.0 1.0 0.0
cell 8.56336102479254 1.531902686239325 0.0 1.0 1.0 1 0 0 0.0 1.0 0.0
cell 11.066391870630703 39.47743305042565 0.0 1.0 1.0 1 0 0 0.0 1.0 0.0
cell 21.710089351533195 52.0269180049523 0.0 1.0 1.0 1 0 0 0.0 1.0 0.0
cell 49.832108533038465 41.89744570531226 0.0 1.0 1.0 1 0 0 0.0 1.0 0.0
cell 46.01215114539011 40.2491520241143 0.0 1.0 1.0 1 0 0 0.0 1.0 0.0
cell 19.26329200946162 30.64235299758985 0.0 1.0 1.0 1 0 0 0.0 1.0 0.0
cell 16.737045265251787 33.819506663699165 0.0 1.0 1.0 1 0 0 0.0 1.0 0.0
cell 2.5031304634923304 10.730896351749298 0.0 1.0 1.0 1 0 0 0.0 1.0 0.0
cell 26.253235091465932 33.09519829507143 0.0 1.0 1.0 1 0 0 0.0 1.0 0.0
cell 38.0344477306442 49.95711055349335 0.0 1.0 1.0 1 0 0 0.0 1.0 0.0
cell 55.44472604740799 57.89306821594198 0.0 1.0 1.0 1 0 0 0.0 1.0 0.0
cell 45.355685506163404 34.208428739393575 0.0 1.0 1.0 1 0 0 0.0 1.0 0.0
cell 12.874518768789883 40.22935266401487 0.0 1.0 1.0 1 0 0 0.0 1.0 0.0
cell 13.301660118155707 46.01911265294024 0.0 1.0 1.0 1 0 0 0.0 1.0 0.0
cell 45.74789887906983 54.20201443452482 0.0 1.0 1.0 1 0 0 0.0 1.0 0.0
cell 24.465508563566033 6.659757621516362 0.0 1.0 1.0 1 0 0 0.0 1.0 0.0
cell 28.58312236050311 54.43673767477964 0.0 1.0 1.0 1 0 0 0.0 1.0 0.0
cell 23.926716031440005 1.3091437981433376 0.0 1.0 1.0 1 0 0 0.0 1.0 0.0
cell 0.5017373599350121 54.18547309709758 0.0 1.0 1.0 1 0 0 0.0 1.0 0.0
cell 43.06760029375782 4.836807981006135 0.0 1.0 1.0 1 0 0 0.0 1.0 0.0
cell 36.608706886122405 18.757107432404116 0.0 1.0 1.0 1 0 0 0.0 1.0 0.0
cell 33.15543442174409 0.3905801337598194 0.0 1.0 1.0 1 0 0 0.0 1.0 0.0
cell 36.69158495286097 42.71283318179521 0.0 1.0 1.0 1 0 0 0.0 1.0 0.0
cell 36.79332714634049 20.73312459427379 0.0 1.0 1.0 1 0 0 0.0 1.0 0.0
cell 48.01850061381891 10.340603807245767 0.0 1.0 1.0 1 0 0 0.0 1.0 0.0
cell 52.692219070603 4.685296667789752 0.0 1.0 1.0 1 0 0 0.0 1.0 0.0
cell 39.410696720948174 12.293427677259363 0.0 1.0 1.0 1 0 0 0.0 1.0 0.0
cell 5.449263238257777 37.06910866558303 0.0 1.0 1.0 1 0 0 0.0 1.0 0.0
cell 24.26807137621905 45.162088039862766 0.0 1.0 1.0 1 0 0 0.0 1.0 0.0
cell 6.55427598034785 47.153164172535405 0.0 1.0 1.0 1 0 0 0.0 1.0 0.0
cell 33.807411397052796 40.74068158926279 0.0 1.0 1.0 1 0 0 0.0 1.0 0.0
cell 31.508399775002317 22.210761235325236 0.0 1.0 1.0 1 0 0 0.0 1.0 0.0
cell 18.863492606001742 25.282122305578447 0.0 1.0 1.0 1 0 0 0.0 1.0 0.0
cell 1.3035170989838463 0.5341409994711328 0.0 1.0 1.0 1 0 0 0.0 1.0 0.0
cell 33.50897966053163 23.137406643459872 0.0 1.0 1.0 1 0 0 0.0 1.0 0.0
cell 1.7476455444282377 20.108076774594686 0.0 1.0 1.0 1 0 0 0.0 1.0 0.0
cell 0.7851525584535174 42.7304375778949 0.0 1.0 1.0 1 0 0 0.0 1.0 0.0
cell 52.893990802482236 22.115436933665194 0.0 1.0 1.0 1 0 0 0.0 1.0 0.0
cell 38.88191475770695 23.622872103439825 0.0 1.0 1.0 1 0 0 0.0 1.0 0.0
cell 59.64584910855385 3.812861344577328 0.0 1.0 1.0 1 0 0 0.0 1.0 0.0
cell 51.22601602529012 38.691503550924125 0.0 1.0 1.0 1 0 0 0.0 1.0 0.0
cell 30.352708142412293 33.47118268004797 0.0 1.0 1.0 1 0 0 0.0 1.0 0.0
cell 1.9807158512679057 22.175230663987733 0.0 1.0 1.0 1 0 0 0.0 1.0 0.0
cell 0.21407356524423446 52.1215446356914 0.0 1.0 1.0 1 0 0 0.0 1.0 0.0
cell 59.38316910109662 32.632166370828784 0.0 1.0 1.0 1 0 0 0.0 1.0 0.0
cell 5.511172737723777 21.78795250289735 0.0 1.0 1.0 1 0 0 0.0 1.0 0.0
cell 41.74244738002399 17.177524092757533 0.0 1.0 1.0 1 0 0 0.0 1.0 0.0
cell 4.565691440662046 13.709751801334159 0.0 1.0 1.0 1 0 0 0.0 1.0 0.0
cell 22.85263490209942 50.390801119516404 0.0 1.0 1.0 1 0 0 0.0 1.0 0.0
cell 49.43124516117287 7.095922588756534 0.0 1.0 1.0 1 0 0 0.0 1.0 0.0
cell 46.3015459881069 26.889367940782552 0.0 1.0 1.0 1 0 0 0.0 1.0 0.0
cell 10.164435694824679 8.703085846548625 0.0 1.0 1.0 1 0 0 0.0 1.0 0.0
cell 42.16345047293816 21.23762626176622 0.0 1.0 1.0 1 0 0 0.0 1.0 0.0
cell 43.45039453732337 33.3847059759185 0.0 1.0 1.0 1 0 0 0.0 1.0 0.0
cell 6.435075912652575 14.576204169762516 0.0 1.0 1.0 1 0 0 0.0 1.0 0.0
cell 11.27919388578317 41.50955311132745 0.0 1.0 1.0 1 0 0 0.0 1.0 0.0
cell 0.5991183746566514 25.392954937404003 0.0 1.0 1.0 1 0 0 0.0 1.0 0.0
cell 41.0100790734757 39.77275093283802 0.0 1.0 1.0 1 0 0 0.0 1.0 0.0
cell 17.31346842346829 42.798317250021476 0.0 1.0 1.0 1 0 0 0.0 1.0 0.0
cell 41.504951543250336 15.15527144116665 0.0 1.0 1.0 1 0 0 0.0 1.0 0.0
cell 28.30737092992161 33.269348219794274 0.0 1.0 1.0 1 0 0 0.0 1.0 0.0
cell 10.031849200829033 48.636007319163504 0.0 1.0 1.0 1 0 0 0.0 1.0 0.0
cell 41.5538348511782 44.8543434243967 0.0 1.0 1.0 1 0 0 0.0 1.0 0.0
cell 50.12876496213853 13.211617750477126 0.0 1.0 1.0 1 0 0 0.0 1.0 0.0
cell 8.11628132184411 45.88301804077464 0.0 1.0 1.0 1 0 0 0.0 1.0 0.0
cell 48.60843944720205 31.797839137258826 0.0 1.0 1.0 1 0 0 0.0 1.0 0.0
cell 26.98268550042567 26.22849833465887 0.0 1.0 1.0 1 0 0 0.0 1.0 0.0
cell 40.74922952779294 24.444645809991147 0.0 1.0 1.0 1 0 0 0.0 1.0 0.0
cell 22.267812288647136 45.00569594869047 0.0 1.0 1.0 1 0 0 0.0 1.0 0.0
cell 14.924628853414456 58.43736846266208 0.0 1.0 1.0 1 0 0 0.0 1.0 0.0
cell 8.06143229065284 13.391598727617309 0.0 1.0 1.0 1 0 0 0.0 1.0 0.0
cell 31.37876273040761 9.141490712665304 0.0 1.0 1.0 1 0 0 0.0 1.0 0.0
cell 3.105133378067143 47.61645200452811 0.0 1.0 1.0 1 0 0 0.0 1.0 0.0
cell 21.35264704639975 55.56464378394571 0.0 1.0 1.0 1 0 0 0.0 1.0 0.0
cell 46.76533405638854 30.97694339858138 0.0 1.0 1.0 1 0 0 0.0 1.0 0.0
cell 16.826422142478425 24.964356439644263 0.0 1.0 1.0 1 0 0 0.0 1.0 0.0
cell 14.308003665874617 21.971668428920253 0.0 1.0 1.0 1 0 0 0.0 1.0 0.0
cell 30.888119324970077 12.62434511298878 0.0 1.0 1.0 1 0 0 0.0 1.0 0.0
cell 9.373538196919451 3.3765895678552824 0.0 1.0 1.0 1 0 0 0.0 1.0 0.0
cell 27.43906292475577 43.69480575415574 0.0 1.0 1.0 1 0 0 0.0 1.0 0.0
cell 21.97280849368169 48.50469879548495 0.0 1.0 1.0 1 0 0 0.0 1.0 0.0
cell 46.98841124434438 32.97587479416643 0.0 1.0 1.0 1 0 0 0.0 1.0 0.0
cell 39.19138246648708 10.231742054937778 0.0 1.0 1.0 1 0 0 0.0 1.0 0.0
cell 44.06948252826632 22.04845770370297 0.0 1.0 1.0 1 0 0 0.0 1.0 0.0
cell 43.422700563359484 57.5340488469803 0.0 1.0 1.0 1 0 0 0.0 1.0 0.0
cell 47.33874290010773 19.654115072247464 0.0 1.0 1.0 1 0 0 0.0 1.0 0.0
cell 3.832284227001102 38.289442112397026 0.0 1.0 1.0 1 0 0 0.0 1.0 0.0
cell 35.48207700200603 56.82058623362391 0.0 1.0 1.0 1 0 0 0.0 1.0 0.0
cell 18.033485823921875 18.184712596266046 0.0 1.0 1.0 1 0 0 0.0 1.0 0.0
cell 29.683018938918146 5.405836938958801 0.0 1.0 1.0 1 0 0 0.0 1.0 0.0
cell 51.26533146070398 7.905791740519379 0.0 1.0 1.0 1 0 0 0.0 1.0 0.0
cell 49.51865484239028 51.48574545382608 0.0 1.0 1.0 1 0 0 0.0 1.0 0.0
cell 17.975266522010703 48.177895109707386 0.0 1.0 1.0 1 0 0 0.0 1.0 0.0
cell 32.03371286865865 49.380953096513196 0.0 1.0 1.0 1 0 0 0.0 1.0 0.0
cell 37.187198900464466 0.7872115842644567 0.0 1.0 1.0 1 0 0 0.0 1.0 0.0
cell 58.383231582160306 53.33593180392838 0.0 1.0 1.0 1 0 0 0.0 1.0 0.0
cell 6.423145583647683 29.816986390862727 0.0 1.0 1.0 1 0 0 0.0 1.0 0.0
cell 46.732330394885636 44.166146247141164 0.0 1.0 1.0 1 0 0 0.0 1.0 0.0
cell 11.596899257473229 28.282113835580066 0.0 1.0 1.0 1 0 0 0.0 1.0 0.0
cell 57.5389777906451 47.25646287315871 0.0 1.0 1.0 1 0 0 0.0 1.0 0.0
cell 29.742023137875034 52.752270450177214 0.0 1.0 1.0 1 0 0 0.0 1.0 0.0
cell 58.491488484932596 24.554648563770296 0.0 1.0 1.0 1 0 0 0.0 1.0 0.0
cell 58.41945910201393 39.940583482972556 0.0 1.0 1.0 1 0 0 0.0 1.0 0.0
cell 25.06075879197844 34.751817810075536 0.0 1.0 1.0 1 0 0 0.0 1.0 0.0
cell 4.298234729096942 27.01031872484586 0.0 1.0 1.0 1 0 0 0.0 1.0 0.0
cell 21.601518441938378 4.619348032897351 0.0 1.0 1.0 1 0 0 0.0 1.0 0.0
cell 8.056913571867097 28.64740853261811 0.0 1.0 1.0 1 0 0 0.0 1.0 0.0
cell 17.64726938408686 26.874937588728912 0.0 1.0 1.0 1 0 0 0.0 1.0 0.0
cell 48.00609261618968 54.74973733208836 0.0 1.0 1.0 1 0 0 0.0 1.0 0.0
cell 16.36299000134616 5.813587294870175 0.0 1.0 1.0 1 0 0 0.0 1.0 0.0
cell 34.890526207375956 4.086868756745424 0.0 1.0 1.0 1 0 0 0.0 1.0 0.0
cell 51.501452247786624 54.3103358904904 0.0 1.0 1.0 1 0 0 0.0 1.0 0.0
cell 46.836509441135775 58.101133086039646 0.0 1.0 1.0 1 0 0 0.0 1.0 0.0
cell 21.041539936425405 59.03956695406974 0.0 1.0 1.0 1 0 0 0.0 1.0 0.0
cell 48.727840529731814 16.408523614069196 0.0 1.0 1.0 1 0 0 0.0 1.0 0.0
cell 22.55328422691267 15.244485797190071 0.0 1.0 1.0 1 0 0 0.0 1.0 0.0
cell 42.851807874835316 52.167488045573954 0.0 1.0 1.0 1 0 0 0.0 1.0 0.0
cell 9.196151187677046 38.67799801461448 0.0 1.0 1.0 1 0 0 0.0 1.0 0.0
cell 24.322579779480048 24.232483840231893 0.0 1.0 1.0 1 0 0 0.0 1.0 0.0
cell 22.922489561582736 11.793895932168112 0.0 1.0 1.0 1 0 0 0.0 1.0 0.0
cell 6.315559446777471 45.13165349327404 0.0 1.0 1.0 1 0 0 0.0 1.0 0.0
cell 56.57086158898256 23.741395363362837 0.0 1.0 1.0 1 0 0 0.0 1.0 0.0
cell 13.215163076778643 7.272379725765423 0.0 1.0 1.0 1 0 0 0.0 1.0 0.0
cell 48.12882512795425 52.86162130874848 0.0 1.0 1.0 1 0 0 0.0 1.0 0.0
cell 20.256065033009616 23.6913099964389 0.0 1.0 1.0 1 0 0 0.0 1.0 0.0
cell 49.33820529410811 37.83772484458265 0.0 1.0 1.0 1 0 0 0.0 1.0 0.0
cell 40.07688687179595 2.8078187519711277 0.0 1.0 1.0 1 0 0 0.0 1.0 0.0
cell 38.02274456919989 15.55110790836819 0.0 1.0 1.0 1 0 0 0.0 1.0 0.0
cell 2.2135808899692875 24.178015550105904 0.0 1.0 1.0 1 0 0 0.0 1.0 0.0
cell 42.06747722184134 36.60933348502824 0.0 1.0 1.0 1 0 0 0.0 1.0 0.0
cell 9.888871743344527 59.68193864687425 0.0 1.0 1.0 1 0 0 0.0 1.0 0.0
cell 58.947556682174444 28.599688792677064 0.0 1.0 1.0 1 0 0 0.0 1.0 0.0
cell 10.652632113871563 52.68814297096369 0.0 1.0 1.0 1 0 0 0.0 1.0 0.0
cell 8.492292609104274 49.968094019585955 0.0 1.0 1.0 1 0 0 0.0 1.0 0.0
cell 36.94194401386181 4.335773091640247 0.0 1.0 1.0 1 0 0 0.0 1.0 0.0
cell 44.76000955233622 12.738114874998722 0.0 1.0 1.0 1 0 0 0.0 1.0 0.0
cell 53.82559667574935 59.13431694567804 0.0 1.0 1.0 1 0 0 0.0 1.0 0.0
cell 20.533127607127955 53.69940795933787 0.0 1.0 1.0 1 0 0 0.0 1.0 0.0
cell 20.50840263625281 41.32257747078584 0.0 1.0 1.0 1 0 0 0.0 1.0 0.0
cell 15.67874102488153 51.549192616628005 0.0 1.0 1.0 1 0 0 0.0 1.0 0.0
cell 12.838789655516747 44.07434349353893 0.0 1.0 1.0 1 0 0 0.0 1.0 0.0
cell 0.10951426857083463 36.710805472748454 0.0 1.0 1.0 1 0 0 0.0 1.0 0.0
cell 37.29960159725056 9.525530828003902 0.0 1.0 1.0 1 0 0 0.0 1.0 0.0
cell 14.513973738420779 37.166561546057736 0.0 1.0 1.0 1 0 0 0.0 1.0 0.0
cell 48.87315068143762 33.78180541564422 0.0 1.0 1.0 1 0 0 0.0 1.0 0.0
cell 51.274524101204705 23.28442139393612 0.0 1.0 1.0 1 0 0 0.0 1.0 0.0
cell 8.775614791341562 34.68808767396287 0.0 1.0 1.0 1 0 0 0.0 1.0 0.0
cell 41.86065944555974 34.58599203567416 0.0 1.0 1.0 1 0 0 0.0 1.0 0.0
cell 21.357480804465723 43.170678057620954 0.0 1.0 1.0 1 0 0 0.0 1.0 0.0
cell 22.082643773553883 9.919971547473612 0.0 1.0 1.0 1 0 0 0.0 1.0 0.0
cell 45.63264668280252 5.502844890714062 0.0 1.0 1.0 1 0 0 0.0 1.0 0.0
cell 55.234823053715324 11.539222951738816 0.0 1.0 1.0 1 0 0 0.0 1.0 0.0
cell 56.37138123997786 37.06950538661562 0.0 1.0 1.0 1 0 0 0.0 1.0 0.0
cell 29.12382835006607 0.03256962536449764 0.0 1.0 1.0 1 0 0 0.0 1.0 0.0
cell 23.35848322725482 31.08953024036279 0.0 1.0 1.0 1 0 0 0.0 1.0 0.0
cell 8.332924106844441 15.379385705772084 0.0 1.0 1.0 1 0 0 0.0 1.0 0.0
cell 20.856603988065448 50.191179715651195 0.0 1.0 1.0 1 0 0 0.0 1.0 0.0
cell 6.144907557402116 12.609078810522934 0.0 1.0 1.0 1 0 0 0.0 1.0 0.0
cell 17.54712296676035 4.2047911839037555 0.0 1.0 1.0 1 0 0 0.0 1.0 0.0
cell 36.367349821968475 46.24512450332695 0.0 1.0 1.0 1 0 0 0.0 1.0 0.0
cell 57.50436414274965 31.805432402160758 0.0 1.0 1.0 1 0 0 0.0 1.0 0.0
cell 13.282966541772533 54.86845900474132 0.0 1.0 1.0 1 0 0 0.0 1.0 0.0
cell 25.93885663284266 36.550048613036864 0.0 1.0 1.0 1 0 0 0.0 1.0 0.0
cell 43.27628188856192 31.367433000102622 0.0 1.0 1.0 1 0 0 0.0 1.0 0.0
cell 23.756426937255835 13.62484705349137 0.0 1.0 1.0 1 0 0 0.0 1.0 0.0
cell 56.37631102238504 21.714452786278645 0.0 1.0 1.0 1 0 0 0.0 1.0 0.0
cell 38.427815367828515 34.87783272465981 0.0 1.0 1.0 1 0 0 0.0 1.0 0.0
cell 24.975355020869664 25.98017185050739 0.0 1.0 1.0 1 0 0 0.0 1.0 0.0
cell 52.1863146034375 31.391931346740428 0.0 1.0 1.0 1 0 0 0.0 1.0 0.0
cell 22.513228039200783 41.50506800779436 0.0 1.0 1.0 1 0 0 0.0 1.0 0.0
cell 9.243684033388382 54.000481070100975 0.0 1.0 1.0 1 0 0 0.0 1.0 0.0
cell 4.721704910698821 46.39030404917188 0.0 1.0 1.0 1 0 0 0.0 1.0 0.0
cell 59.64321385633451 34.661903749087834 0.0 1.0 1.0 1 0 0 0.0 1.0 0.0
cell 49.813713653039166 26.548805494792955 0.0 1.0 1.0 1 0 0 0.0 1.0 0.0
cell 42.64519745102623 9.926794956708266 0.0 1.0 1.0 1 0 0 0.0 1.0 0.0
cell 18.480755414108835 14.804389011929175 0.0 1.0 1.0 1 0 0 0.0 1.0 0.0
cell 22.755226849063003 38.048253232000356 0.0 1.0 1.0 1 0 0 0.0 1.0 0.0
cell 11.92019155472464 47.481199040237485 0.0 1.0 1.0 1 0 0 0.0 1.0 0.0
cell 43.685159825333585 35.4043780329245 0.0 1.0 1.0 1 0 0 0.0 1.0 0.0
cell 11.532290576685842 49.306518219637645 0.0 1.0 1.0 1 0 0 0.0 1.0 0.0
cell 16.442106662186188 14.594135590098693 0.0 1.0 1.0 1 0 0 0.0 1.0 0.0
cell 58.10363862687521 51.307284807782914 0.0 1.0 1.0 1 0 0 0.0 1.0 0.0
cell 53.09429863146623 39.518862648582115 0.0 1.0 1.0 1 0 0 0.0 1.0 0.0
cell 16.44727931951899 40.93497774829352 0.0 1.0 1.0 1 0 0 0.0 1.0 0.0
cell 14.577184682505829 23.965199187739575 0.0 1.0 1.0 1 0 0 0.0 1.0 0.0
cell 23.97817364129209 48.70412142546755 0.0 1.0 1.0 1 0 0 0.0 1.0 0.0
cell 9.577834790719589 42.67703106284306 0.0 1.0 1.0 1 0 0 0.0 1.0 0.0
cell 22.15996734150215 32.71916527004722 0.0 1.0 1.0 1 0 0 0.0 1.0 0.0
cell 57.02698585773151 43.167724493063865 0.0 1.0 1.0 1 0 0 0.0 1.0 0.0
cell 24.547237644326746 54.0670529853199 0.0 1.0 1.0 1 0 0 0.0 1.0 0.0
cell 53.63227354979822 12.749413887928908 0.0 1.0 1.0 1 0 0 0.0 1.0 0.0
cell 32.0889625570154 37.03982222087415 0.0 1.0 1.0 1 0 0 0.0 1.0 0.0
cell 40.015522289262584 33.71939590791553 0.0 1.0 1.0 1 0 0 0.0 1.0 0.0
cell 31.159242309065778 0.21649134759552158 0.0 1.0 1.0 1 0 0 0.0 1.0 0.0
cell 28.02389348775499 49.05625173801189 0.0 1.0 1.0 1 0 0 0.0 1.0 0.0
cell 34.06267853414584 2.2575828261576176 0.0 1.0 1.0 1 0 0 0.0 1.0 0.0
cell 13.94713142009356 17.797492788437467 0.0 1.0 1.0 1 0 0 0.0 1.0 0.0
cell 5.7657095427112175 23.78608259132221 0.0 1.0 1.0 1 0 0 0.0 1.0 0.0
cell 21.252740541686897 8.085045757485736 0.0 1.0 1.0 1 0 0 0.0 1.0 0.0
cell 38.450937566708554 19.578874307823632 0.0 1.0 1.0 1 0 0 0.0 1.0 0.0
cell 22.233281804416443 23.9964225876518 0.0 1.0 1.0 1 0 0 0.0 1.0 0.0
cell 44.555261089152296 55.80294026513625 0.0 1.0 1.0 1 0 0 0.0 1.0 0.0
cell 26.14299245037673 10.379511224785961 0.0 1.0 1.0 1 0 0 0.0 1.0 0.0
cell 36.118560012852036 14.722705938590188 0.0 1.0 1.0 1 0 0 0.0 1.0 0.0
cell 0.8821025931573039 11.96764470295981 0.0 1.0 1.0 1 0 0 0.0 1.0 0.0
cell 52.609553747028464 35.46336662919134 0.0 1.0 1.0 1 0 0 0.0 1.0 0.0
cell 10.906150305464045 37.48861328969128 0.0 1.0 1.0 1 0 0 0.0 1.0 0.0
cell 48.970298142202886 3.064215593277759 0.0 1.0 1.0 1 0 0 0.0 1.0 0.0
cell 39.72373960491361 53.683358475591334 0.0 1.0 1.0 1 0 0 0.0 1.0 0.0
cell 44.44195870839855 59.3829025710201 0.0 1.0 1.0 1 0 0 0.0 1.0 0.0
cell 11.120821327259435 24.259357176374348 0.0 1.0 1.0 1 0 0 0.0 1.0 0.0
cell 26.140008278899476 19.176133067756528 0.0 1.0 1.0 1 0 0 0.0 1.0 0.0
cell 44.78733353013352 43.55685042112431 0.0 1.0 1.0 1 0 0 0.0 1.0 0.0
cell 43.94626563942757 37.444059308994504 0.0 1.0 1.0 1 0 0 0.0 1.0 0.0
cell 35.208211499173764 35.58635386956103 0.0 1.0 1.0 1 0 0 0.0 1.0 0.0
cell 2.4461434851547574 26.222009947145427 0.0 1.0 1.0 1 0 0 0.0 1.0 0.0
cell 47.3376974329268 4.289907616565483 0.0 1.0 1.0 1 0 0 0.0 1.0 0.0
cell 1.491438645310665 48.83394691574341 0.0 1.0 1.0 1 0 0 0.0 1.0 0.0
cell 29.999133246645812 1.8867188860247923 0.0 1.0 1.0 1 0 0 0.0 1.0 0.0
cell 6.906052162101795 33.86281058812817 0.0 1.0 1.0 1 0 0 0.0 1.0 0.0
cell 1.7235498751462799 35.443807228396004 0.0 1.0 1.0 1 0 0 0.0 1.0 0.0
cell 54.89769639283711 40.33230820079097 0.0 1.0 1.0 1 0 0 0.0 1.0 0.0
cell 7.6365996073355005 24.621702647389387 0.0 1.0 1.0 1 0 0 0.0 1.0 0.0
cell 37.62188088991398 11.545053860530171 0.0 1.0 1.0 1 0 0 0.0 1.0 0.0
cell 31.74384677254865 40.56370328271257 0.0 1.0 1.0 1 0 0 0.0 1.0 0.0
cell 23.085520346673338 59.21172844864701 0.0 1.0 1.0 1 0 0 0.0 1.0 0.0
cell 30.718910835834492 16.264620545043527 0.0 1.0 1.0 1 0 0 0.0 1.0 0.0
cell 49.59483040236609 24.504979211754666 0.0 1.0 1.0 1 0 0 0.0 1.0 0.0
cell 36.24413224453052 32.093009099032486 0.0 1.0 1.0 1 0 0 0.0 1.0 0.0
cell 54.97727630849447 24.936107394711872 0.0 1.0 1.0 1 0 0 0.0 1.0 0.0
cell 7.553464760628131 39.87566056955105 0.0 1.0 1.0 1 0 0 0.0 1.0 0.0
cell 13.207310630730314 42.252135935922276 0.0 1.0 1.0 1 0 0 0.0 1.0 0.0
cell 30.02074089802128 36.88931268540247 0.0 1.0 1.0 1 0 0 0.0 1.0 0.0
cell 23.36741099845249 43.34852972793497 0.0 1.0 1.0 1 0 0 0.0 1.0 0.0
cell 11.564873787003627 12.50559766340263 0.0 1.0 1.0 1 0 0 0.0 1.0 0.0
cell 17.796137449177213 35.78667249794465 0.0 1.0 1.0 1 0 0 0.0 1.0 0.0
cell 7.7502598859078615 41.8744671806454 0.0 1.0 1.0 1 0 0 0.0 1.0 0.0
cell 40.84324955552794 51.99039410484844 0.0 1.0 1.0 1 0 0 0.0 1.0 0.0
cell 19.57510938058472 21.909297227793548 0.0 1.0 1.0 1 0 0 0.0 1.0 0.0
cell 1.1233550942490051 14.030956660378434 0.0 1.0 1.0 1 0 0 0.0 1.0 0.0
cell 36.62998475913285 7.718223995448625 0.0 1.0 1.0 1 0 0 0.0 1.0 0.0
cell 50.109530811034986 43.91420322729358 0.0 1.0 1.0 1 0 0 0.0 1.0 0.0
cell 24.548232624590543 29.455105531862376 0.0 1.0 1.0 1 0 0 0.0 1.0 0.0
cell 10.656899826929825 20.197465978921027 0.0 1.0 1.0 1 0 0 0.0 1.0 0.0
cell 28.161078212446025 10.557283689409745 0.0 1.0 1.0 1 0 0 0.0 1.0 0.0
cell 35.16272805538949 21.939371425487742 0.0 1.0 1.0 1 0 0 0.0 1.0 0.0
cell 19.29430193106292 16.62353784512297 0.0 1.0 1.0 1 0 0 0.0 1.0 0.0
cell 7.3734517859753606 53.28315268253858 0.0 1.0 1.0 1 0 0 0.0 1.0 0.0
cell 48.48469576489322 14.35782946769964 0.0 1.0 1.0 1 0 0 0.0 1.0 0.0
cell 30.35028679176195 45.68017252135175 0.0 1.0 1.0 1 0 0 0.0 1.0 0.0
cell 52.816052490667445 50.97019512134677 0.0 1.0 1.0 1 0 0 0.0 1.0 0.0
cell 45.21648456511709 16.788550208504024 0.0 1.0 1.0 1 0 0 0.0 1.0 0.0
cell 23.925953283986125 36.397691513271255 0.0 1.0 1.0 1 0 0 0.0 1.0 0.0
cell 29.75471934211623 40.396299110345566 0.0 1.0 1.0 1 0 0 0.0 1.0 0.0
cell 30.196577936054616 10.749370434158603 0.0 1.0 1.0 1 0 0 0.0 1.0 0.0
cell 22.92678456823053 25.783669718403306 0.0 1.0 1.0 1 0 0 0.0 1.0 0.0
cell 20.71539724879379 37.82087194707498 0.0 1.0 1.0 1 0 0 0.0 1.0 0.0
cell 38.66800940820771 8.065063603640795 0.0 1.0 1.0 1 0 0 0.0 1.0 0.0
cell 46.67661804122048 13.574491759848438 0.0 1.0 1.0 1 0 0 0.0 1.0 0.0
cell 14.790160691343514 11.0182127800056 0.0 1.0 1.0 1 0 0 0.0 1.0 0.0
cell 13.972543959890066 47.85420871119175 0.0 1.0 1.0 1 0 0 0.0 1.0 0.0
cell 20.217696696880413 44.82651959845799 0.0 1.0 1.0 1 0 0 0.0 1.0 0.0
cell 26.566888339198535 29.676312602482145 0.0 1.0 1.0 1 0 0 0.0 1.0 0.0
cell 3.3873691895461318 49.66176397232914 0.0 1.0 1.0 1 0 0 0.0 1.0 0.0
cell 52.48141187683905 2.6469032032725783 0.0 1.0 1.0 1 0 0 0.0 1.0 0.0
cell 40.981285696633975 26.468261996723875 0.0 1.0 1.0 1 0 0 0.0 1.0 0.0
cell 36.06551341870351 2.461893233278662 0.0 1.0 1.0 1 0 0 0.0 1.0 0.0
cell 38.87000522934538 51.79258202014036 0.0 1.0 1.0 1 0 0 0.0 1.0 0.0
cell 2.9222458516537166 30.23931935431829 0.0 1.0 1.0 1 0 0 0.0 1.0 0.0
cell 17.002481362752786 58.63687123139861 0.0 1.0 1.0 1 0 0 0.0 1.0 0.0
cell 29.3932361932005 17.79470137541265 0.0 1.0 1.0 1 0 0 0.0 1.0 0.0
cell 55.01727454265283 9.523805688364288 0.0 1.0 1.0 1 0 0 0.0 1.0 0.0
cell 36.49309237942574 34.03334366531504 0.0 1.0 1.0 1 0 0 0.0 1.0 0.0
cell 21.570590266977486 22.153480080674964 0.0 1.0 1.0 1 0 0 0.0 1.0 0.0
cell 3.1499483171647307 32.20362666958987 0.0 1.0 1.0 1 0 0 0.0 1.0 0.0
cell 5.0308877056409615 33.063477089001864 0.0 1.0 1.0 1 0 0 0.0 1.0 0.0
cell 32.85782182142704 17.027022585683227 0.0 1.0 1.0 1 0 0 0.0 1.0 0.0
cell 58.7484193176161 11.175931475276741 0.0 1.0 1.0 1 0 0 0.0 1.0 0.0
cell 16.67199987520253 28.55406707259213 0.0 1.0 1.0 1 0 0 0.0 1.0 0.0
cell 46.5063204236896 28.953482706318763 0.0 1.0 1.0 1 0 0 0.0 1.0 0.0
cell 39.84394440442073 16.365854266371347 0.0 1.0 1.0 1 0 0 0.0 1.0 0.0
cell 9.985191049328225 46.70502250172157 0.0 1.0 1.0 1 0 0 0.0 1.0 0.0
cell 53.79679674861618 45.65192259100783 0.0 1.0 1.0 1 0 0 0.0 1.0 0.0
cell 13.809324250838571 51.46313657310835 0.0 1.0 1.0 1 0 0 0.0 1.0 0.0
cell 47.538762101262854 21.666343411975692 0.0 1.0 1.0 1 0 0 0.0 1.0 0.0
cell 1.5319881023646131 18.113379917863426 0.0 1.0 1.0 1 0 0 0.0 1.0 0.0
cell 27.667089505212584 22.921134774773986 0.0 1.0 1.0 1 0 0 0.0 1.0 0.0
cell 40.030471589640975 50.12919776555016 0.0 1.0 1.0 1 0 0 0.0 1.0 0.0
cell 28.00447032528748 36.72631595996185 0.0 1.0 1.0 1 0 0 0.0 1.0 0.0
cell 3.4276389487805874 18.917279680218304 0.0 1.0 1.0 1 0 0 0.0 1.0 0.0
cell 45.40139809319982 45.461415978618454 0.0 1.0 1.0 1 0 0 0.0 1.0 0.0
cell 18.235318712291082 44.628413272461636 0.0 1.0 1.0 1 0 0 0.0 1.0 0.0
cell 41.877389572542285 6.428262809466554 0.0 1.0 1.0 1 0 0 0.0 1.0 0.0
cell 2.3870767234217407 41.53390315336594 0.0 1.0 1.0 1 0 0 0.0 1.0 0.0
cell 4.8262178925027595 15.737144604142633 0.0 1.0 1.0 1 0 0 0.0 1.0 0.0
cell 28.601369776155813 29.935978579760885 0.0 1.0 1.0 1 0 0 0.0 1.0 0.0
cell 57.35897501122621 14.382371495744975 0.0 1.0 1.0 1 0 0 0.0 1.0 0.0
cell 2.6260645732957912 43.53291604278644 0.0 1.0 1.0 1 0 0 0.0 1.0 0.0
cell 49.633982613533774 9.143277604176287 0.0 1.0 1.0 1 0 0 0.0 1.0 0.0
cell 45.80252542473719 38.23685132291087 0.0 1.0 1.0 1 0 0 0.0 1.0 0.0
cell 44.17088369700508 39.51341995274677 0.0 1.0 1.0 1 0 0 0.0 1.0 0.0
cell 56.2402436289579 50.521680949369305 0.0 1.0 1.0 1 0 0 0.0 1.0 0.0
cell 54.07894398915701 1.465564642270597 0.0 1.0 1.0 1 0 0 0.0 1.0 0.0
cell 54.22171388005024 34.232323218273066 0.0 1.0 1.0 1 0 0 0.0 1.0 0.0
cell 12.781746241272275 10.814028273126626 0.0 1.0 1.0 1 0 0 0.0 1.0 0.0
cell 9.440089248614559 40.668027733164706 0.0 1.0 1.0 1 0 0 0.0 1.0 0.0
cell 30.0443732993169 49.215150366647386 0.0 1.0 1.0 1 0 0 0.0 1.0 0.0
cell 28.655749006550632 15.94155317366081 0.0 1.0 1.0 1 0 0 0.0 1.0 0.0
cell 35.592824625671746 25.999107749842114 0.0 1.0 1.0 1 0 0 0.0 1.0 0.0
cell 32.90450994717369 51.30213575674391 0.0 1.0 1.0 1 0 0 0.0 1.0 0.0
cell 7.635369052558939 11.430878305149866 0.0 1.0 1.0 1 0 0 0.0 1.0 0.0
cell 42.410140049410785 41.18362251464646 0.0 1.0 1.0 1 0 0 0.0 1.0 0.0
cell 44.9939832122814 14.800841235246082 0.0 1.0 1.0 1 0 0 0.0 1.0 0.0
cell 20.49187673295804 15.035108902371132 0.0 1.0 1.0 1 0 0 0.0 1.0 0.0
cell 44.27091549577563 8.687443601785555 0.0 1.0 1.0 1 0 0 0.0 1.0 0.0
cell 12.090009517584674 32.31588852099895 0.0 1.0 1.0 1 0 0 0.0 1.0 0.0
cell 49.14873920849363 20.47580579999158 0.0 1.0 1.0 1 0 0 0.0 1.0 0.0
cell 6.833586925868133 4.7501292526300505 0.0 1.0 1.0 1 0 0 0.0 1.0 0.0
cell 46.14670034424959 9.52095676971454 0.0 1.0 1.0 1 0 0 0.0 1.0 0.0
cell 1.274706497817649 46.820492982183545 0.0 1.0 1.0 1 0 0 0.0 1.0 0.0
cell 34.26637012315068 13.85953917446216 0.0 1.0 1.0 1 0 0 0.0 1.0 0.0
cell 51.72829200161398 56.2873824276071 0.0 1.0 1.0 1 0 0 0.0 1.0 0.0
cell 19.656283721492052 27.15635830309117 0.0 1.0 1.0 1 0 0 0.0 1.0 0.0
cell 35.28329301213698 9.258500104077301 0.0 1.0 1.0 1 0 0 0.0 1.0 0.0
cell 54.3313149833273 3.4288948383967055 0.0 1.0 1.0 1 0 0 0.0 1.0 0.0
cell 6.996931897253439 51.22678478596189 0.0 1.0 1.0 1 0 0 0.0 1.0 0.0
cell 34.308791397422354 58.52174029199449 0.0 1.0 1.0 1 0 0 0.0 1.0 0.0
cell 43.99283892987542 6.6668542786865395 0.0 1.0 1.0 1 0 0 0.0 1.0 0.0
cell 31.913995390256805 24.18562310476354 0.0 1.0 1.0 1 0 0 0.0 1.0 0.0
cell 51.880632003637245 44.82526560300464 0.0 1.0 1.0 1 0 0 0.0 1.0 0.0
cell 34.47006750419262 15.863800706631059 0.0 1.0 1.0 1 0 0 0.0 1.0 0.0
cell 16.13142266683113 56.79763585797986 0.0 1.0 1.0 1 0 0 0.0 1.0 0.0
cell 15.273054897911015 55.02352585202792 0.0 1.0 1.0 1 0 0 0.0 1.0 0.0
cell 33.131889794889425 19.07542221371647 0.0 1.0 1.0 1 0 0 0.0 1.0 0.0
cell 24.544492927179853 41.68864737063746 0.0 1.0 1.0 1 0 0 0.0 1.0 0.0
cell 34.69726782982332 17.88780357474235 0.0 1.0 1.0 1 0 0 0.0 1.0 0.0
cell 40.36489172596212 46.58742201335872 0.0 1.0 1.0 1 0 0 0.0 1.0 0.0
cell 27.335823666378875 8.720034328895279 0.0 1.0 1.0 1 0 0 0.0 1.0 0.0
cell 43.402883101245706 15.957972014497933 0.0 1.0 1.0 1 0 0 0.0 1.0 0.0
cell 3.8413626825735374 7.456242976564459 0.0 1.0 1.0 1 0 0 0.0 1.0 0.0
cell 57.065091749054716 56.63774003623153 0.0 1.0 1.0 1 0 0 0.0 1.0 0.0
cell 40.415578109543986 37.86088105544644 0.0 1.0 1.0 1 0 0 0.0 1.0 0.0
cell 3.65081994390455 51.678233788215884 0.0 1.0 1.0 1 0 0 0.0 1.0 0.0
cell 59.162149887313674 45.977095407137725 0.0 1.0 1.0 1 0 0 0.0 1.0 0.0
cell 18.028917436336513 9.52675540787845 0.0 1.0 1.0 1 0 0 0.0 1.0 0.0
cell 53.97971468227575 32.212416454696736 0.0 1.0 1.0 1 0 0 0.0 1.0 0.0
cell 19.969597035905934 48.35447890001256 0.0 1.0 1.0 1 0 0 0.0 1.0 0.0
cell 1.4930960839117147 33.466664894769934 0.0 1.0 1.0 1 0 0 0.0 1.0 0.0
cell 11.473714765071984 45.47319956509929 0.0 1.0 1.0 1 0 0 0.0 1.0 0.0
cell 0.4050589034281309 23.352363396102987 0.0 1.0 1.0 1 0 0 0.0 1.0 0.0
cell 45.89480807976484 50.562779489538194 0.0 1.0 1.0 1 0 0 0.0 1.0 0.0
cell 22.222333153315475 57.36957210214528 0.0 1.0 1.0 1 0 0 0.0 1.0 0.0
cell 26.484163581662326 6.826624833629657 0.0 1.0 1.0 1 0 0 0.0 1.0 0.0
cell 42.58184460677062 25.27348734927962 0.0 1.0 1.0 1 0 0 0.0 1.0 0.0
cell 4.25237932717792 42.314238565623405 0.0 1.0 1.0 1 0 0 0.0 1.0 0.0
cell 55.49539404217645 13.593946064582532 0.0 1.0 1.0 1 0 0 0.0 1.0 0.0
cell 34.61994961543755 55.01155618485866 0.0 1.0 1.0 1 0 0 0.0 1.0 0.0
cell 19.225296484004936 7.895983173027494 0.0 1.0 1.0 1 0 0 0.0 1.0 0.0
cell 26.63220532534304 15.695941016331632 0.0 1.0 1.0 1 0 0 0.0 1.0 0.0
cell 4.210935227573837 55.75283150144012 0.0 1.0 1.0 1 0 0 0.0 1.0 0.0
cell 0.36026776937169985 7.9016636374914935 0.0 1.0 1.0 1 0 0 0.0 1.0 0.0
cell 51.046548965774655 5.9132909186985385 0.0 1.0 1.0 1 0 0 0.0 1.0 0.0
cell 39.619615163542754 14.315166306059242 0.0 1.0 1.0 1 0 0 0.0 1.0 0.0
cell 36.911896205683576 51.58894072190262 0.0 1.0 1.0 1 0 0 0.0 1.0 0.0
cell 30.61125156728538 54.60215582584549 0.0 1.0 1.0 1 0 0 0.0 1.0 0.0
cell 25.309560784357274 8.487338194792605 0.0 1.0 1.0 1 0 0 0.0 1.0 0.0
cell 42.32481427905853 38.61184773785934 0.0 1.0 1.0 1 0 0 0.0 1.0 0.0
cell 5.729381645860921 8.160892870379776 0.0 1.0 1.0 1 0 0 0.0 1.0 0.0
cell 28.91597607001607 26.588608100367612 0.0 1.0 1.0 1 0 0 0.0 1.0 0.0
cell 24.869888174099493 20.83322274110135 0.0 1.0 1.0 1 0 0 0.0 1.0 0.0
cell 28.89969327705558 50.902606805687824 0.0 1.0 1.0 1 0 0 0.0 1.0 0.0
cell 24.803447364857078 38.18424046696461 0.0 1.0 1.0 1 0 0 0.0 1.0 0.0
cell 41.49453273702404 57.36259650826405 0.0 1.0 1.0 1 0 0 0.0 1.0 0.0
cell 44.79884575196072 52.32136184983379 0.0 1.0 1.0 1 0 0 0.0 1.0 0.0
cell 32.856632099454096 3.941089725565769 0.0 1.0 1.0 1 0 0 0.0 1.0 0.0
cell 58.041993186615485 20.479329072360976 0.0 1.0 1.0 1 0 0 0.0 1.0 0.0
cell 47.09803541849188 17.60181251635616 0.0 1.0 1.0 1 0 0 0.0 1.0 0.0
cell 31.68170326851805 5.5933324993574605 0.0 1.0 1.0 1 0 0 0.0 1.0 0.0
cell 5.2834366299447915 19.752724449467454 0.0 1.0 1.0 1 0 0 0.0 1.0 0.0
cell 22.516491247039262 29.262403321380386 0.0 1.0 1.0 1 0 0 0.0 1.0 0.0
cell 34.49606131645387 33.66548893520974 0.0 1.0 1.0 1 0 0 0.0 1.0 0.0
cell 36.35029118089411 16.725497788050216 0.0 1.0 1.0 1 0 0 0.0 1.0 0.0
cell 56.78434528582222 41.114332079848836 0.0 1.0 1.0 1 0 0 0.0 1.0 0.0
cell 8.990360343716706 36.66849943372229 0.0 1.0 1.0 1 0 0 0.0 1.0 0.0
cell 36.62318474955534 55.15278553933929 0.0 1.0 1.0 1 0 0 0.0 1.0 0.0
cell 23.264291210904794 8.29476440864136 0.0 1.0 1.0 1 0 0 0.0 1.0 0.0
cell 23.116705243076847 46.829623915788595 0.0 1.0 1.0 1 0 0 0.0 1.0 0.0
cell 43.590337962477754 17.974010861360643 0.0 1.0 1.0 1 0 0 0.0 1.0 0.0
cell 2.902171151286902 59.01926231449408 0.0 1.0 1.0 1 0 0 0.0 1.0 0.0
cell 15.890344367802564 35.636733150285295 0.0 1.0 1.0 1 0 0 0.0 1.0 0.0
cell 6.680456323687257 31.89705275231349 0.0 1.0 1.0 1 0 0 0.0 1.0 0.0
cell 41.00928418169226 4.677452337781979 0.0 1.0 1.0 1 0 0 0.0 1.0 0.0
cell 38.12179946825487 32.85534698981035 0.0 1.0 1.0 1 0 0 0.0 1.0 0.0
cell 32.92606581321011 38.89793146152267 0.0 1.0 1.0 1 0 0 0.0 1.0 0.0
cell 54.07671438502751 16.824892750958114 0.0 1.0 1.0 1 0 0 0.0 1.0 0.0
cell 27.709696083300962 28.08382082775916 0.0 1.0 1.0 1 0 0 0.0 1.0 0.0
cell 50.733025944640474 34.61782601964189 0.0 1.0 1.0 1 0 0 0.0 1.0 0.0
cell 46.37922990059678 11.53798228708512 0.0 1.0 1.0 1 0 0 0.0 1.0 0.0
cell 59.397971908289946 17.24442678505198 0.0 1.0 1.0 1 0 0 0.0 1.0 0.0
cell 44.89928145507692 30.108900260824463 0.0 1.0 1.0 1 0 0 0.0 1.0 0.0
cell 21.69871665157216 27.390002733920046 0.0 1.0 1.0 1 0 0 0.0 1.0 0.0
cell 12.385142261784562 5.402125384367061 0.0 1.0 1.0 1 0 0 0.0 1.0 0.0
cell 53.322418762399415 26.162988639140522 0.0 1.0 1.0 1 0 0 0.0 1.0 0.0
cell 17.143700033797202 46.3274658313447 0.0 1.0 1.0 1 0 0 0.0 1.0 0.0
cell 42.384977668163295 59.21734010680066 0.0 1.0 1.0 1 0 0 0.0 1.0 0.0
cell 57.73448981844521 33.85896103639301 0.0 1.0 1.0 1 0 0 0.0 1.0 0.0
cell 38.23459750999892 17.56112578690597 0.0 1.0 1.0 1 0 0 0.0 1.0 0.0
cell 33.24514702090222 35.34959058529042 0.0 1.0 1.0 1 0 0 0.0 1.0 0.0
cell 55.44587728286157 28.95580950064003 0.0 1.0 1.0 1 0 0 0.0 1.0 0.0
cell 57.070248248691264 27.786552680205 0.0 1.0 1.0 1 0 0 0.0 1.0 0.0
cell 50.2885009349722 30.554897314503652 0.0 1.0 1.0 1 0 0 0.0 1.0 0.0
cell 53.77452893099697 30.20967011781985 0.0 1.0 1.0 1 0 0 0.0 1.0 0.0
cell 30.627747115565178 42.18831035719038 0.0 1.0 1.0 1 0 0 0.0 1.0 0.0
cell 32.38054923133219 15.018921194241022 0.0 1.0954451150103324 0.9128709291752768 1 0 0 0.9925323186106856 -0.12198195158832553 3.3861656581519215
cell 55.22018946358758 26.991421361857597 0.0 1.0 1.0 1 0 0 0.0 1.0 0.0
cell 32.733079549862474 30.428091836432063 0.0 1.0 1.0 1 0 0 0.0 1.0 0.0
cell 33.37679169087184 9.35465331614153 0.0 1.0 1.0 1 0 0 0.0 1.0 0.0
cell 32.60418950520974 54.806553102608966 0.0 1.0 1.0 1 0 0 0.0 1.0 0.0
cell 44.38925890698863 41.501758745276526 0.0 1.0 1.0 1 0 0 0.0 1.0 0.0
cell 20.044625596346776 18.441307765915205 0.0 1.0 1.0 1 0 0 0.0 1.0 0.0
cell 15.296954075160835 42.653276348123406 0.0 1.0 1.0 1 0 0 0.0 1.0 0.0
cell 24.799813854507587 3.1686999584262687 0.0 1.0 1.0 1 0 0 0.0 1.0 0.0
cell 59.6804710235595 19.280397269582537 0.0 1.0 1.0 1 0 0 0.0 1.0 0.0
cell 20.468433875062768 29.007587864000936 0.0 1.0 1.0 1 0 0 0.0 1.0 0.0
cell 52.202982938751084 0.619605903172268 0.0 1.0 1.0 1 0 0 0.0 1.0 0.0
cell 15.633553131159234 12.771237057483585 0.0 1.0 1.0 1 0 0 0.0 1.0 0.0
cell 38.94900326668701 4.501949312040948 0.0 1.0 1.0 1 0 0 0.0 1.0 0.0
cell 2.665851860013339 28.203372208887018 0.0 1.0 1.0 1 0 0 0.0 1.0 0.0
cell 24.225992992498984 32.92813059592841 0.0 1.0 1.0 1 0 0 0.0 1.0 0.0
cell 55.71349553297104 0.1753616225211353 0.0 1.0 1.0 1 0 0 0.0 1.0 0.0
cell 51.989603442106116 13.977512204347724 0.0 1.0 1.0 1 0 0 0.0 1.0 0.0
cell 30.846127351573845 3.7411795803343217 0.0 1.0 1.0 1 0 0 0.0 1.0 0.0
cell 18.48121961268627 28.791811321091696 0.0 1.0 1.0 1 0 0 0.0 1.0 0.0
cell 17.68611949622665 51.70001501774706 0.0 1.0 1.0 1 0 0 0.0 1.0 0.0
cell 51.92324173753217 29.38758353344143 0.0 1.0 1.0 1 0 0 0.0 1.0 0.0
cell 34.69370554841764 42.5557758029379 0.0 1.0 1.0 1 0 0 0.0 1.0 0.0
cell 13.217946244904367 27.064630498442806 0.0 1.0 1.0 1 0 0 0.0 1.0 0.0
cell 24.08811424010963 18.956116157674458 0.0 1.0 1.0 1 0 0 0.0 1.0 0.0
cell 55.9330379123665 2.221049185866307 0.0 1.0 1.0 1 0 0 0.0 1.0 0.0
cell 29.764072709353236 23.216492068056393 0.0 1.0 1.0 1 0 0 0.0 1.0 0.0
cell 44.52412632116637 10.74507559912765 0.0 1.0 1.0 1 0 0 0.0 1.0 0.0
cell 48.71606994239263 1.0402100586453744 0.0 1.0 1.0 1 0 0 0.0 1.0 0.0
cell 57.31927477354303 58.72307971223282 0.0 1.0 1.0 1 0 0 0.0 1.0 0.0
cell 44.23741468723324 47.00818151245156 0.0 1.0 1.0 1 0 0 0.0 1.0 0.0
cell 15.197111105863994 46.25828671166483 0.0 1.0 1.0 1 0 0 0.0 1.0 0.0
cell 42.79273521171824 43.21378886847435 0.0 1.0 1.0 1 0 0 0.0 1.0 0.0
cell 14.890212313558324 49.69799518178678 0.0 1.0 1.0 1 0 0 0.0 1.0 0.0
cell 16.541193854277918 53.339040701276616 0.0 1.0 1.0 1 0 0 0.0 1.0 0.0
cell 15.173521490242985 7.509190151321002 0.0 1.0 1.0 1 0 0 0.0 1.0 0.0
cell 12.868953594330591 58.24900287505753 0.0 1.0 1.0 1 0 0 0.0 1.0 0.0
cell 40.61075808625871 8.795624317589601 0.0 1.0 1.0 1 0 0 0.0 1.0 0.0
cell 23.700818469595948 52.21938290377647 0.0 1.0 1.0 1 0 0 0.0 1.0 0.0
cell 26.26526284985462 57.771982057268694 0.0 1.0 1.0 1 0 0 0.0 1.0 0.0
cell 13.348045746015178 15.865726677456864 0.0 1.0 1.0 1 0 0 0.0 1.0 0.0
cell 54.39902847444676 49.72852722293385 0.0 1.0 1.0 1 0 0 0.0 1.0 0.0
cell 21.613494105484857 39.680015863762875 0.0 1.0 1.0 1 0 0 0.0 1.0 0.0
cell 18.654677576818976 37.65238670949079 0.0 1.0 1.0 1 0 0 0.0 1.0 0.0
cell 51.69771569661816 27.361454455923433 0.0 1.0 1.0 1 0 0 0.0 1.0 0.0
cell 50.83144817969262 3.8925500954051824 0.0 1.0 1.0 1 0 0 0.0 1.0 0.0
cell 31.541560513255547 31.812985918313103 0.0 1.0 1.0 1 0 0 0.0 1.0 0.0
cell 35.38089153990508 23.981658546172884 0.0 1.0 1.0 1 0 0 0.0 1.0 0.0
cell 46.34836266933097 42.22333874325985 0.0 1.0 1.0 1 0 0 0.0 1.0 0.0
cell 51.503707814939936 25.305339530118303 0.0 1.0 1.0 1 0 0 0.0 1.0 0.0
cell 23.60226328838793 22.415429774106375 0.0 1.0 1.0 1 0 0 0.0 1.0 0.0
cell 53.8758664337066 14.786422866970039 0.0 1.0 1.0 1 0 0 0.0 1.0 0.0
cell 31.993253867087557 2.0804034381444216 0.0 1.0 1.0 1 0 0 0.0 1.0 0.0
cell 2.367593905157869 54.98232563365714 0.0 1.0 1.0 1 0 0 0.0 1.0 0.0
cell 43.26227960173792 1.2857630422331416 0.0 1.0 1.0 1 0 0 0.0 1.0 0.0
cell 53.32581729325441 41.52245684477209 0.0 1.0 1.0 1 0 0 0.0 1.0 0.0
cell 57.576758061543956 16.442069713805203 0.0 1.0 1.0 1 0 0 0.0 1.0 0.0
cell 33.92511026039297 27.204541746306226 0.0 1.0 1.0 1 0 0 0.0 1.0 0.0
cell 2.9285738381444526 14.848631643978065 0.0 1.0 1.0 1 0 0 0.0 1.0 0.0
cell 14.113353436775762 33.123274003066385 0.0 1.0954451150103324 0.9128709291752768 1 0 0 0.07983584733452531 0.9968080243860291 0.15984180126452527
cell 53.520662961470215 43.61341781962757 0.0 1.0 1.0 1 0 0 0.0 1.0 0.0
cell 34.17566966275498 29.227393210007072 0.0 1.0 1.0 1 0 0 0.0 1.0 0.0
cell 7.945215793900351 43.88976624638862 0.0 1.0 1.0 1 0 0 0.0 1.0 0.0
cell 56.835288751938585 25.74676704289862 0.0 1.0 1.0 1 0 0 0.0 1.0 0.0
cell 25.716961070476664 52.36192579575395 0.0 1.0 1.0 1 0 0 0.0 1.0 0.0
cell 45.652015606504094 20.827360549106206 0.0 1.0 1.0 1 0 0 0.0 1.0 0.0
cell 33.20364729523079 47.7380205123371 0.0 1.0 1.0 1 0 0 0.0 1.0 0.0
cell 1.7343850368829508 4.600340645278927 0.0 1.0 1.0 1 0 0 0.0 1.0 0.0
cell 12.750391188351054 23.07849330784187 0.0 1.0 1.0 1 0 0 0.0 1.0 0.0
cell 3.3764643196856916 3.330344941018914 0.0 1.0 1.0 1 0 0 0.0 1.0 0.0
cell 45.22653497824987 1.5090059069314352 0.0 1.0 1.0 1 0 0 0.0 1.0 0.0
cell 54.67393599836058 51.77834079164642 0.0 1.0 1.0 1 0 0 0.0 1.0 0.0
cell 13.456097323331008 29.103819299012113 0.0 1.0 1.0 1 0 0 0.0 1.0 0.0
cell 19.822904384283422 35.985064812368734 0.0 1.0 1.0 1 0 0 0.0 1.0 0.0
cell 49.11185919719454 49.49404405698555 0.0 1.0 1.0 1 0 0 0.0 1.0 0.0
cell 58.92404694057202 57.44678658780484 0.0 1.0 1.0 1 0 0 0.0 1.0 0.0
cell 11.974637652818316 14.50873217122085 0.0 1.0 1.0 1 0 0 0.0 1.0 0.0
cell 20.944012650581758 25.558788534060223 0.0 1.0 1.0 1 0 0 0.0 1.0 0.0
cell 36.32968053543261 58.72390108512609 0.0 1.0 1.0 1 0 0 0.0 1.0 0.0
cell 1.9906763285091444 6.65352548372977 0.0 1.0 1.0 1 0 0 0.0 1.0 0.0
cell 15.446645719010021 39.03178804589997 0.0 1.0 1.0 1 0 0 0.0 1.0 0.0
cell 5.493038539771783 52.50219878338983 0.0 1.0 1.0 1 0 0 0.0 1.0 0.0
cell 6.380179103326703 58.53355873767716 0.0 1.0 1.0 1 0 0 0.0 1.0 0.0
cell 52.55141694999423 48.931393799383194 0.0 1.0 1.0 1 0 0 0.0 1.0 0.0
cell 7.008968118477922 2.8112004254001186 0.0 1.0 1.0 1 0 0 0.0 1.0 0.0
cell 0.15546801882433484 5.809179462418626 0.0 1.0 1.0 1 0 0 0.0 1.0 0.0
cell 38.58841489349803 55.338439212241354 0.0 1.0 1.0 1 0 0 0.0 1.0 0.0
cell 30.74927605766273 29.965483029985347 0.0 1.0 1.0 1 0 0 0.0 1.0 0.0
cell 8.172428658624174 8.30772782641487 0.0 1.0 1.0 1 0 0 0.0 1.0 0.0
cell 18.825540264314547 20.013756421385278 0.0 1.0 1.0 1 0 0 0.0 1.0 0.0
cell 35.739107758293585 5.970950663815895 0.0 1.0 1.0 1 0 0 0.0 1.0 0.0
cell 40.76527142135318 43.03703292322383 0.0 1.0 1.0 1 0 0 0.0 1.0 0.0
cell 40.53756861844287 22.414280472742007 0.0 1.0 1.0 1 0 0 0.0 1.0 0.0
cell 37.67826872962834 28.855766934511294 0.0 1.0 1.0 1 0 0 0.0 1.0 0.0
cell 14.42789304448324 14.383109804724773 0.0 1.0 1.0 1 0 0 0.0 1.0 0.0
cell 56.52486878995523 52.59525790986012 0.0 1.0 1.0 1 0 0 0.0 1.0 0.0
cell 5.225931296952151 35.067924091284375 0.0 1.0 1.0 1 0 0 0.0 1.0 0.0
cell 37.56099861285576 44.5826167531372 0.0 1.0 1.0 1 0 0 0.0 1.0 0.0
cell 52.846520151610534 37.44443392410644 0.0 1.0 1.0 1 0 0 0.0 1.0 0.0
cell 12.55068426803989 21.049132511052665 0.0 1.0 1.0 1 0 0 0.0 1.0 0.0
cell 45.44658013722512 18.830778803990082 0.0 1.0 1.0 1 0 0 0.0 1.0 0.0
cell 18.87041179999106 11.366482805194 0.0 1.0 1.0 1 0 0 0.0 1.0 0.0
cell 54.71153985590931 38.30215878263571 0.0 1.0 1.0 1 0 0 0.0 1.0 0.0
cell 17.88743442452222 0.7406884737498444 0.0 1.0 1.0 1 0 0 0.0 1.0 0.0
cell 48.21232382606011 42.97806022841002 0.0 1.0 1.0 1 0 0 0.0 1.0 0.0
cell 20.747959035071524 2.76487878126064 0.0 1.0 1.0 1 0 0 0.0 1.0 0.0
cell 58.18322139227781 37.88592612847257 0.0 1.0 1.0 1 0 0 0.0 1.0 0.0
cell 17.21345746495852 7.684322825563326 0.0 1.0 1.0 1 0 0 0.0 1.0 0.0
cell 39.31035115562149 27.663034855165854 0.0 1.0 1.0 1 0 0 0.0 1.0 0.0
cell 37.221682224708104 48.080433343346904 0.0 1.0 1.0 1 0 0 0.0 1.0 0.0
cell 56.658781781520446 8.286956167075033 0.0 1.0 1.0 1 0 0 0.0 1.0 0.0
cell 43.922993936267325 50.47150333964326 0.0 1.0 1.0 1 0 0 0.0 1.0 0.0
cell 11.3333632263563 26.242343366759236 0.0 1.0 1.0 1 0 0 0.0 1.0 0.0
cell 35.78576922196906 28.046688463098356 0.0 1.0 1.0 1 0 0 0.0 1.0 0.0
cell 25.695086967862235 27.82322142090567 0.0 1.0 1.0 1 0 0 0.0 1.0 0.0
cell 47.783297185067454 8.30846264982421 0.0 1.0 1.0 1 0 0 0.0 1.0 0.0
cell 12.053506113983168 8.94074144355 0.0 1.0 1.0 1 0 0 0.0 1.0 0.0
cell 10.011109251276114 14.100824146953222 0.0 1.0 1.0 1 0 0 0.0 1.0 0.0
cell 44.47559324748056 26.067128426927418 0.0 1.0 1.0 1 0 0 0.0 1.0 0.0
cell 1.0402104631087539 58.23497101482464 0.0 1.0 1.0 1 0 0 0.0 1.0 0.0
cell 34.0769764306052 37.2120121420873 0.0 1.0 1.0 1 0 0 0.0 1.0 0.0
cell 15.960458035676629 18.060300913547817 0.0 1.0 1.0 1 0 0 0.0 1.0 0.0
cell 25.37370748799714 17.360742411113886 0.0 1.0 1.0 1 0 0 0.0 1.0 0.0
cell 21.330488079418494 30.867307280164088 0.0 1.0 1.0 1 0 0 0.0 1.0 0.0
cell 44.2492347350675 24.04554150126378 0.0 1.0 1.0 1 0 0 0.0 1.0 0.0
cell 49.91066231222107 11.134181503496073 0.0 1.0 1.0 1 0 0 0.0 1.0 0.0
cell 37.81346871836841 6.184319741800583 0.0 1.0 1.0 1 0 0 0.0 1.0 0.0
cell 53.36387371554973 55.04518081258415 0.0 1.0 1.0 1 0 0 0.0 1.0 0.0
cell 25.147540858256626 47.02181532752875 0.0 1.0 1.0 1 0 0 0.0 1.0 0.0
cell 43.08853819341543 48.626389957915514 0.0 1.0 1.0 1 0 0 0.0 1.0 0.0
cell 1.2587888882305025 31.429693545934853 0.0 1.0 1.0 1 0 0 0.0 1.0 0.0
cell 8.315073391615496 30.658688138743518 0.0 1.0 1.0 1 0 0 0.0 1.0 0.0
cell 40.08244512173201 18.364330444129134 0.0 1.0 1.0 1 0 0 0.0 1.0 0.0
cell 57.97197659066803 35.879770245665455 0.0 1.0 1.0 1 0 0 0.0 1.0 0.0
cell 57.57379645834182 0.9674082290025282 0.0 1.0 1.0 1 0 0 0.0 1.0 0.0
cell 26.849502629044697 38.37290437996004 0.0 1.0 1.0 1 0 0 0.0 1.0 0.0
cell 19.666164522491936 13.214879793830153 0.0 1.0 1.0 1 0 0 0.0 1.0 0.0
cell 45.85997444612865 22.870679743456 0.0 1.0 1.0 1 0 0 0.0 1.0 0.0
cell 33.309806745117044 21.119423849458393 0.0 1.0 1.0 1 0 0 0.0 1.0 0.0
cell 29.331882073808185 8.90643106592895 0.0 1.0 1.0 1 0 0 0.0 1.0 0.0
cell 4.7903621672398895 0.05266348059649205 0.0 1.0 1.0 1 0 0 0.0 1.0 0.0
cell 37.87908727346454 41.04118839289087 0.0 1.0 1.0 1 0 0 0.0 1.0 0.0
cell 37.776849576006974 13.531153203179008 0.0 1.0 1.0 1 0 0 0.0 1.0 0.0
cell 30.51403747426227 7.263306415807024 0.0 1.0 1.0 1 0 0 0.0 1.0 0.0
cell 42.80687631930579 27.271836534042514 0.0 1.0 1.0 1 0 0 0.0 1.0 0.0
cell 57.79556358458439 18.449048770728776 0.0 1.0 1.0 1 0 0 0.0 1.0 0.0
cell 15.29689083382686 30.0036514498596 0.0 1.0 1.0 1 0 0 0.0 1.0 0.0
cell 51.26018563353826 52.23740772393246 0.0 1.0 1.0 1 0 0 0.0 1.0 0.0
cell 40.3208949028962 20.43261586207882 0.0 1.0 1.0 1 0 0 0.0 1.0 0.0
cell 49.11985938484471 35.82430614591922 0.0 1.0 1.0 1 0 0 0.0 1.0 0.0
cell 27.746513218650158 52.557808881235545 0.0 1.0 1.0 1 0 0 0.0 1.0 0.0
cell 15.785245864256904 31.961234577667387 0.0 1.0488088481701516 0.9534625892455922 1 0 0 0.9973682980702125 -0.07250157242796651 3.2867231341850776
cell 18.084185541842146 32.30929458725359 0.0 1.0 1.0 1 0 0 0.0 1.0 0.0
cell 47.518225333264 6.311000057474483 0.0 1.0 1.0 1 0 0 0.0 1.0 0.0
cell 16.84727004261761 19.69427201951456 0.0 1.0 1.0 1 0 0 0.0 1.0 0.0
cell 35.83296934292758 40.89505582641278 0.0 1.0 1.0 1 0 0 0.0 1.0 0.0
cell 29.69376291298339 28.470116997175523 0.0 1.0 1.0 1 0 0 0.0 1.0 0.0
cell 0.6582721662057502 9.923244472016634 0.0 1.0 1.0 1 0 0 0.0 1.0 0.0
cell 31.312148888447016 18.211460588407085 0.0 1.0 1.0 1 0 0 0.0 1.0 0.0
cell 28.59906704009611 42.026580733592695 0.0 1.0 1.0 1 0 0 0.0 1.0 0.0
cell 33.763346425618124 53.091869733700776 0.0 1.0 1.0 1 0 0 0.0 1.0 0.0
cell 3.570493896392996 5.364665491142183 0.0 1.0 1.0 1 0 0 0.0 1.0 0.0
cell 59.156580513684034 59.52572695774867 0.0 1.0 1.0 1 0 0 0.0 1.0 0.0
cell 35.77468122254404 53.29681825336951 0.0 1.0 1.0 1 0 0 0.0 1.0 0.0
cell 49.721528202745205 53.541248738204125 0.0 1.0 1.0 1 0 0 0.0 1.0 0.0
cell 25.63819790130188 22.654984858599473 0.0 1.0 1.0 1 0 0 0.0 1.0 0.0
cell 54.09193809879226 47.67911799442944 0.0 1.0 1.0 1 0 0 0.0 1.0 0.0
cell 59.230299651958646 15.243057425549326 0.0 1.0 1.0 1 0 0 0.0 1.0 0.0
cell 58.06196657277285 5.054192668733799 0.0 1.0 1.0 1 0 0 0.0 1.0 0.0
cell 34.95680579138308 19.96796165818176 0.0 1.0 1.0 1 0 0 0.0 1.0 0.0
cell 4.1016642137942885 25.000487550859607 0.0 1.0 1.0 1 0 0 0.0 1.0 0.0
cell 31.752351874574785 52.89896735220573 0.0 1.0 1.0 1 0 0 0.0 1.0 0.0
cell 1.7782681786646042 50.87346954366138 0.0 1.0 1.0 1 0 0 0.0 1.0 0.0
cell 33.69041535262815 5.779592328379017 0.0 1.0 1.0 1 0 0 0.0 1.0 0.0
cell 2.1842883439097065 39.492805413290895 0.0 1.0 1.0 1 0 0 0.0 1.0 0.0
cell 27.08467721161595 59.57178337703418 0.0 1.0 1.0 1 0 0 0.0 1.0 0.0
cell 9.951999674657106 29.466656554734506 0.0 1.0 1.0 1 0 0 0.0 1.0 0.0
cell 0.5146440073777483 40.73919137304845 0.0 1.0 1.0 1 0 0 0.0 1.0 0.0
cell 3.391454401132669 34.25870189825157 0.0 1.0 1.0 1 0 0 0.0 1.0 0.0
cell 6.20689685481654 27.866933736389406 0.0 1.0 1.0 1 0 0 0.0 1.0 0.0
cell 29.010427071594766 12.430266506008737 0.0 1.0 1.0 1 0 0 0.0 1.0 0.0
cell 54.92068974760497 53.834776851248364 0.0 1.0 1.0 1 0 0 0.0 1.0 0.0
cell 52.392233281293386 33.41157190752737 0.0 1.0 1.0 1 0 0 0.0 1.0 0.0
cell 27.440725722692104 56.06033589032244 0.0 1.0 1.0 1 0 0 0.0 1.0 0.0
cell 10.53831327877035 57.84181687751982 0.0 1.0 1.0 1 0 0 0.0 1.0 0.0
cell 41.69202481086763 53.85282944601977 0.0 1.0 1.0 1 0 0 0.0 1.0 0.0
cell 40.36036378275552 59.03956414943019 0.0 1.0 1.0 1 0 0 0.0 1.0 0.0
cell 52.91059254511776 6.7178907348624675 0.0 1.0 1.0 1 0 0 0.0 1.0 0.0
cell 12.550809401820905 36.30023278721784 0.0 1.0 1.0 1 0 0 0.0 1.0 0.0
cell 55.87332208011681 33.01998687936269 0.0 1.0 1.0 1 0 0 0.0 1.0 0.0
cell 35.199114641281284 47.898485907756424 0.0 1.0 1.0 1 0 0 0.0 1.0 0.0
cell 55.16451948867 42.333007381849214 0.0 1.0 1.0 1 0 0 0.0 1.0 0.0
cell 57.29721686576292 45.19753079415589 0.0 1.0 1.0 1 0 0 0.0 1.0 0.0
cell 5.666078570771253 39.09615182590938 0.0 1.0 1.0 1 0 0 0.0 1.0 0.0
cell 16.21142511704374 23.05205542135572 0.0 1.0 1.0 1 0 0 0.0 1.0 0.0
cell 38.6707218948979 21.595250484230498 0.0 1.0 1.0 1 0 0 0.0 1.0 0.0
cell 59.40527693833399 1.774897552749141 0.0 1.0 1.0 1 0 0 0.0 1.0 0.0
cell 37.16307044071386 35.988168816027425 0.0 1.0 1.0 1 0 0 0.0 1.0 0.0
cell 43.01153238589383 29.29260763032809 0.0 1.0 1.0 1 0 0 0.0 1.0 0.0
cell 25.947880576839736 1.489767884784708 0.0 1.0 1.0 1 0 0 0.0 1.0 0.0
cell 1.9537021280149576 37.49893552961904 0.0 1.0 1.0 1 0 0 0.0 1.0 0.0
cell 56.12870410785865 19.696542023731237 0.0 1.0 1.0 1 0 0 0.0 1.0 0.0
cell 3.921251438142346 53.738884941537805 0.0 1.0 1.0 1 0 0 0.0 1.0 0.0
cell 15.822310419071904 0.5188528890349828 0.0 1.0 1.0 1 0 0 0.0 1.0 0.0
cell 22.082768354056647 18.731542961912943 0.0 1.0 1.0 1 0 0 0.0 1.0 0.0
cell 26.971523017884202 12.226495072785745 0.0 1.0 1.0 1 0 0 0.0 1.0 0.0
cell 54.54828728201616 20.892437653125363 0.0 1.0 1.0 1 0 0 0.0 1.0 0.0
cell 7.1424754647286175 35.865653503679084 0.0 1.0 1.0 1 0 0 0.0 1.0 0.0
cell 17.669709734277536 12.977399122613315 0.0 1.0 1.0 1 0 0 0.0 1.0 0.0
cell 9.27232451556345 23.42894360092376 0.0 1.0 1.0 1 0 0 0.0 1.0 0.0
cell 29.920529724343805 14.356628473667138 0.0 1.0488088481701516 0.9534625892455922 1 0 0 0.9528010023430242 -0.30359553674935413 3.7585207458562877
cell 41.95371949802416 50.30858240259852 0.0 1.0 1.0 1 0 0 0.0 1.0 0.0
cell 24.96836012797254 11.989920448813178 0.0 1.0 1.0 1 0 0 0.0 1.0 0.0
cell 1.3030109099761893 16.046687378176166 0.0 1.0 1.0 1 0 0 0.0 1.0 0.0
cell 48.215137925167944 27.738960468915206 0.0 1.0 1.0 1 0 0 0.0 1.0 0.0
cell 15.51790800493834 4.002337392042821 0.0 1.0 1.0 1 0 0 0.0 1.0 0.0
cell 32.33603486660773 45.86191381696847 0.0 1.0 1.0 1 0 0 0.0 1.0 0.0
cell 9.698030525221586 27.462633619866562 0.0 1.0 1.0 1 0 0 0.0 1.0 0.0
cell 14.079876509975337 56.61134464342896 0.0 1.0 1.0 1 0 0 0.0 1.0 0.0
cell 20.091230746127252 9.725643109659435 0.0 1.0 1.0 1 0 0 0.0 1.0 0.0
cell 43.499782011133554 45.087144308176555 0.0 1.0 1.0 1 0 0 0.0 1.0 0.0
cell 51.017402090828305 50.197117221267575 0.0 1.0 1.0 1 0 0 0.0 1.0 0.0
cell 48.261331131000304 12.381455522143598 0.0 1.0 1.0 1 0 0 0.0 1.0 0.0
cell 39.8993542545245 41.25848631516905 0.0 1.0 1.0 1 0 0 0.0 1.0 0.0
cell 12.338931868145233 34.27829655858568 0.0 1.0 1.0 1 0 0 0.0 1.0 0.0
cell 48.94631240667531 18.428976156169895 0.0 1.0 1.0 1 0 0 0.0 1.0 0.0
cell 6.689160481433686 16.56114881894236 0.0 1.0 1.0 1 0 0 0.0 1.0 0.0
cell 8.977488632538533 10.167238454807014 0.0 1.0 1.0 1 0 0 0.0 1.0 0.0
cell 9.003417514990266 21.370178077227546 0.0 1.0 1.0 1 0 0 0.0 1.0 0.0
cell 0.10420370320048503 21.296150955261684 0.0 1.0 1.0 1 0 0 0.0 1.0 0.0
cell 31.453650496617396 44.07278479337212 0.0 1.0 1.0 1 0 0 0.0 1.0 0.0
cell 7.226902410567723 6.736818274488115 0.0 1.0 1.0 1 0 0 0.0 1.0 0.0
cell 28.9425039858142 21.38358205448066 0.0 1.0 1.0 1 0 0 0.0 1.0 0.0
cell 28.899351984807044 38.54021142633457 0.0 1.0 1.0 1 0 0 0.0 1.0 0.0
cell 11.252436705240445 7.021835324945585 0.0 1.0 1.0 1 0 0 0.0 1.0 0.0
cell 14.538902842887465 53.25617741484085 0.0 1.0 1.0 1 0 0 0.0 1.0 0.0
cell 5.154871698925569 4.116904915031414 0.0 1.0 1.0 1 0 0 0.0 1.0 0.0
cell 58.2508646487129 22.515749404159973 0.0 1.0 1.0 1 0 0 0.0 1.0 0.0
cell 23.019398145846893 34.562942223625015 0.0 1.0 1.0 1 0 0 0.0 1.0 0.0
cell 29.443081414526997 43.860813045335256 0.0 1.0 1.0 1 0 0 0.0 1.0 0.0
cell 22.73734528232823 2.959693923946475 0.0 1.0 1.0 1 0 0 0.0 1.0 0.0
cell 36.11387357181635 37.40856185194807 0.0 1.0 1.0 1 0 0 0.0 1.0 0.0
cell 31.55051437998816 20.260972660031943 0.0 1.0 1.0 1 0 0 0.0 1.0 0.0
cell 28.26285138103308 45.51732774074717 0.0 1.0 1.0 1 0 0 0.0 1.0 0.0
cell 10.367073773272596 5.166756196122073 0.0 1.0 1.0 1 0 0 0.0 1.0 0.0
cell 12.012326499101228 51.222655641559584 0.0 1.0 1.0 1 0 0 0.0 1.0 0.0
cell 29.167504315528117 47.38641312326948 0.0 1.0 1.0 1 0 0 0.0 1.0 0.0
cell 34.07637977608226 11.766305183943564 0.0 1.0 1.0 1 0 0 0.0 1.0 0.0
cell 48.55319925355184 58.805688019368496 0.0 1.0 1.0 1 0 0 0.0 1.0 0.0
cell 8.342297566069965 47.90461353995027 0.0 1.0 1.0 1 0 0 0.0 1.0 0.0
cell 41.23721809867997 1.1538651474565813 0.0 1.0 1.0 1 0 0 0.0 1.0 0.0
cell 17.501381531614918 39.283795914524106 0.0 1.0 1.0 1 0 0 0.0 1.0 0.0
cell 10.214590148547863 50.71436636001538 0.0 1.0 1.0 1 0 0 0.0 1.0 0.0
cell 43.82561028553818 20.010442118630664 0.0 1.0 1.0 1 0 0 0.0 1.0 0.0
cell 34.91382481328183 51.45530035985769 0.0 1.0 1.0 1 0 0 0.0 1.0 0.0
cell 39.519674208225965 29.647762476088136 0.0 1.0 1.0 1 0 0 0.0 1.0 0.0
cell 13.014744069201177 25.105436816430277 0.0 1.0 1.0 1 0 0 0.0 1.0 0.0
cell 12.01098872020745 56.43373502648341 0.0 1.0 1.0 1 0 0 0.0 1.0 0.0
cell 45.14493092327982 32.18104813410233 0.0 1.0 1.0 1 0 0 0.0 1.0 0.0
