position_x,position_y,position_z,orientation,aspect_ratio
60.378020193466305, 49.28281852637968, 0.0, 0.0, 1.0 
32.989599422816205, 44.370190382430664, 0.0, 0.0, 1.0 
4.855487642363121, 34.01145158489004, 0.0, 0.0, 1.0 
1.2824182932985015, 42.15800764830626, 0.0, 0.0, 1.0 
17.504614570046012, 19.11370900469928, 0.0, 0.0, 1 
17.767376862271327, 57.57183424554804, 0.0, 0.0, 1.0 
53.61825839860271, 37.546648408295546, 0.0, 0.0, 1.0 
26.864238479240456, 19.526828467308142, 0.0, 0.0, 1.0 
37.12191675958341, 26.966620980310854, 0.0, 0.0, 1.0 
7.027626900209567, 11.614406584299797, 0.0, 0.0, 1.0 
19.226361474214702, 24.268985354955543, 0.0, 0.0, 1.0 
4.8973862817917935, 46.198721221117175, 0.0, 0.0, 1.0 
3.1774239661930066, 6.586617287150054, 0.0, 0.0, 1.0 
30.935237061900185, 18.91269520906251, 0.0, 0.0, 1.0 
46.54315221101829, 15.754052756961322, 0.0, 0.0, 1.0 
21.304117629300507, 23.97066779092769, 0.0, 0.0, 1.0 
27.854354648337527, 39.14999576736592, 0.0, 0.0, 1.0 
15.13197318520913, 10.459368100659253, 0.0, 0.0, 1.0 
5.566794576680475, 15.408696673931225, 0.0, 0.0, 1.0 
13.650015318369507, 14.28946931213488, 0.0, 0.0, 1.0 
18.233058421459347, 31.593131169463014, 0.0, 0.0, 1.0 
42.52829643287734, 9.525811207408287, 0.0, 0.0, 1.0 
47.201139347569566, 17.661099095610506, 0.0, 0.0, 1.0 
53.21729711654041, 13.37956088166754, 0.0, 0.0, 1.0 
57.11712626049623, 53.3904604908665, 0.0, 0.0, 1 
12.554264486903973, 7.2486731737431995, 0.0, 0.0, 1.0 
10.288720990169402, 41.128592442163644, 0.0, 0.0, 1.0 
27.198076053619225, 8.66579502887488, 0.0, 0.0, 1.0 
11.869227439580502, 23.555783808733114, 0.0, 0.0, 1.0 
23.922446775738234, 7.326587395422093, 0.0, 0.0, 1.0 
8.017025823136452, 4.310799509226813, 0.0, 0.0, 1.0 
26.656082421847383, 5.127457579699192, 0.0, 0.0, 1.0 
39.11009008389676, 51.52018178674538, 0.0, 0.0, 1.0 
60.54717007540885, 57.492313254037626, 0.0, 0.0, 1.0 
59.316215860783934, 23.322738920401772, 0.0, 0.0, 1 
45.14691213437834, 0.9807411598603167, 0.0, 0.0, 1.0 
41.86154627402295, 7.603378154533887, 0.0, 0.0, 1.0 
41.210338678568505, 40.86941959949215, 0.0, 0.0, 1.0 
32.17868737056975, 0.758542062720036, 0.0, 0.0, 1.0 
2.54554489107867, 22.99954912492632, 0.0, 0.0, 1 
17.53220851435811, 39.03714183232701, 0.0, 0.008627014481010928, 1.1 
49.19950122356006, 12.595105452524974, 0.0, 0.0, 1.0 
56.6829533415093, 46.96672840980119, 0.0, 1.274857058171336, 1.1 
35.784691025173714, 10.89368769570683, 0.0, 0.0, 1 
59.95611242237994, 5.6472074449511425, 0.0, 0.0, 1.0 
24.261575353258447, 57.24729726535681, 0.0, 0.0, 1.0 
22.27966663177536, 30.94096971399577, 0.0, 0.0, 1.0 
6.171724992522166, 27.94474163587438, 0.0, 0.0, 1.0 
55.26536725062102, 13.685479471501962, 0.0, 0.0, 1 
24.500800659312258, 10.885492295399732, 0.0, 0.0, 1.0 
60.610221992062925, 2.087753476974033, 0.0, 0.0, 1.0 
56.60965638291922, 17.5688628972242, 0.0, 0.0, 1.0 
58.60599489338335, 1.726083993395715, 0.0, 0.0, 1.0 
1.7619401092045142, 24.85757902202419, 0.0, 0.0, 1.0 
45.18994272281445, 11.87875147497129, 0.0, 0.0, 1.0 
52.47070293333683, 50.276375646117785, 0.0, 0.426598368683857, 1.1 
45.873486297061525, 13.769170166395767, 0.0, 0.0, 1.0 
29.887330601401437, 39.06798832686736, 0.0, 0.0, 1.0 
49.192995869048794, 7.156270319891858, 0.0, 0.0, 1.0 
40.20968926059574, 42.6018800535604, 0.0, 0.0, 1.0 
53.487591571505675, 26.991679619845257, 0.0, 0.0, 1 
3.1232370553116224, 49.24224637398312, 0.0, 0.0, 1.0 
1.4096936883809317, 56.36873692280697, 0.0, 0.0, 1.0 
38.53655931795628, 8.837068434889668, 0.0, 0.0, 1.0 
13.130466763482222, 25.158629228190353, 0.0, 0.0, 1.0 
39.78253422399594, 7.264829422968808, 0.0, 0.0, 1.0 
27.37924234322722, 23.084823597160927, 0.0, 0.0, 1.0 
15.655799329820276, 39.997615571659146, 0.0, 0.0, 1.0 
41.099677380494114, 51.71389085744663, 0.0, 0.0, 1.0 
5.0391734191924575, 11.855301580016407, 0.0, 0.0, 1.0 
37.58956377727548, 10.692702294767837, 0.0, 0.0, 1 
60.26618017240343, 41.0950140048661, 0.0, 0.0, 1.0 
52.624948767086295, 46.44388935012856, 0.0, 0.1356876778747281, 1.1 
20.969590818738695, 14.999446480892077, 0.0, 0.0, 1.0 
58.66529996325341, 52.3681660694018, 0.0, 0.0, 1.0 
15.663798296996738, 28.40463811440767, 0.0, 0.0, 1.0 
50.59279434945552, 0.22248225663754903, 0.0, 0.0, 1.0 
8.527848469238272, 54.44840580503664, 0.0, 0.0, 1.0 
31.613492801172768, 58.096970643568376, 0.0, 0.0, 1.0 
46.51949627664585, 60.236779471361494, 0.0, 0.0, 1.0 
58.6484689933684, 35.870432513575395, 0.0, 0.0, 1.0 
8.277444387664719, 27.624455218926716, 0.0, 0.0, 1.0 
46.39010070542259, 35.7171550187893, 0.0, 0.0, 1.0 
39.78133228907984, 12.73744638755482, 0.0, 0.0, 1.0 
17.97313162448556, 22.620475765585876, 0.0, 0.0, 1.0 
23.339848901072763, 23.658591357811616, 0.0, 0.0, 1.0 
12.041407774084103, 40.10127899856807, 0.0, 0.0, 1.0 
21.49462106734896, 32.807076719034754, 0.0, 0.0, 1.0 
10.592093915742101, 7.5132121309307225, 0.0, 0.0, 1.0 
28.479606808942705, 30.164936945131416, 0.0, 1.0686377891405012, 1.1 
31.927191668456597, 35.45360486397612, 0.0, 0.0, 1.0 
59.9876235470706, 16.43292400200898, 0.0, 0.0, 1.0 
36.81082133756038, 23.453707369356, 0.0, 0.0, 1.0 
27.619127336043558, 32.07240948859928, 0.0, 0.0, 1.0 
39.14738167213216, 40.828003091329606, 0.0, 0.0, 1.0 
39.13931815984444, 37.2984801867459, 0.0, 0.0, 1.0 
45.187941894479046, 6.399093888255364, 0.0, 0.0, 1.0 
10.563600559311961, 57.522545251228394, 0.0, 0.2742378992618499, 1.2000000000000002 
53.2614172412693, 57.838469120142626, 0.0, 0.0, 1.0 
27.887099177276042, 53.26892795681504, 0.0, 0.0, 1.0 
26.449438455950613, 10.558911441660973, 0.0, 0.0, 1.0 
8.404426824339808, 35.98772456493472, 0.0, 0.0, 1.0 
4.814352661270605, 17.30224448099718, 0.0, 0.0, 1.0 
54.76532271049919, 46.33477143578497, 0.0, 0.0, 1.0 
22.746852745973392, 41.027272104072914, 0.0, 0.0, 1.0 
29.912624798518046, 42.61654603355358, 0.0, 0.0, 1.0 
36.20664048545652, 5.43090641174847, 0.0, 2.8929617256236875, 1.2000000000000002 
60.28799576702622, 39.02656829735708, 0.0, 0.0, 1.0 
33.155268078334096, 27.74028956741045, 0.0, 4.370750398025751, 1.1 
30.884124999095796, 44.396884917278854, 0.0, 0.0, 1.0 
60.481424563808815, 25.0259825071975, 0.0, 0.0, 1.0 
19.177458882499902, 46.22332913252403, 0.0, 0.0, 1.0 
8.603735332099669, 22.201476950489283, 0.0, 0.0, 1.0 
34.42482271698257, 29.617635641869157, 0.0, 4.223740028900691, 1.3000000000000003 
14.41210268054789, 26.794901229825538, 0.0, 0.0, 1.0 
28.87498355469063, 44.41356842996917, 0.0, 0.0, 1.0 
10.256139528015343, 43.147127022108634, 0.0, 0.0, 1.0 
28.80948753887801, 47.958694832620864, 0.0, 0.0, 1.0 
26.834594757894546, 40.90327863551145, 0.0, 0.0, 1.0 
40.22577743503182, 32.0322815596836, 0.0, 0.0, 1.0 
13.902499650516845, 23.25429821683703, 0.0, 0.0, 1.0 
32.9815379368072, 47.90574561434996, 0.0, 0.0, 1.0 
1.2238820598389704, 0.5424192259477973, 0.0, 0.0, 1.0 
56.615197387718354, 56.6754158857014, 0.0, 0.0, 1.0 
22.766235809090162, 51.97552054482983, 0.0, 0.0, 1.0 
35.5216190813778, 21.81160917370782, 0.0, 0.0, 1.0 
10.252981168028102, 49.28214231013876, 0.0, 0.0, 1.0 
37.102233921663775, 44.336387672340635, 0.0, 0.0, 1.0 
47.186869649476975, 56.810230890330054, 0.0, 0.0, 1.0 
23.662533161216608, 35.89462937113825, 0.0, 0.0, 1.0 
50.503807723311084, 35.79304577220552, 0.0, 0.0, 1.0 
44.24048087405014, 49.647906407119834, 0.0, 0.0, 1.0 
53.299689444370784, 48.41614333644408, 0.0, 0.0, 1.0 
6.774906039312971, 57.455461645690434, 0.0, 0.0, 1.0 
33.96877203283124, 35.41345486132767, 0.0, 0.0, 1.0 
30.19297678328867, 20.803967607393954, 0.0, 0.0, 1.0 
26.81507528516048, 51.553854906069766, 0.0, 0.0, 1.0 
55.6765987390758, 37.58550875816421, 0.0, 0.0, 1.0 
25.124774681118502, 28.756220468493538, 0.0, 0.0, 1.0 
30.67559365250743, 4.5579550068607455, 0.0, 0.0, 1.0 
48.34641017363808, 49.858495110363826, 0.0, 0.0, 1.0 
37.62107697045477, 21.58647191901139, 0.0, 0.0, 1.0 
48.62349695347291, 55.24753381433914, 0.0, 0.0, 1.0 
22.03455129067261, 22.044528586207058, 0.0, 0.0, 1.0 
7.270094273476945, 6.188779001659953, 0.0, 0.0, 1.0 
48.42909801534527, 35.73354470179102, 0.0, 0.0, 1.0 
46.40651290003981, 39.22418672641093, 0.0, 0.0, 1.0 
26.83833897274062, 60.52713116465815, 0.0, 0.0, 1.0 
10.899801875709638, 16.46236669472283, 0.0, 0.0, 1.0 
34.97805608113256, 54.97553276832924, 0.0, 0.0, 1.0 
52.54596648408853, 0.590208231495056, 0.0, 0.0, 1.0 
52.55491981312561, 42.88502265159223, 0.0, 0.0, 1.0 
25.74796387508676, 12.472073581490864, 0.0, 0.0, 1 
40.18144974522598, 53.57890589358821, 0.0, 1.0840569900176424, 1.1 
36.010910857916905, 35.39068192313045, 0.0, 0.0, 1.0 
35.97987064766159, 25.28101223803008, 0.0, 0.0, 1.0 
24.355508047476945, 30.633327720830604, 0.0, 0.0, 1.0 
13.838571540941793, 49.297366342861956, 0.0, 0.0, 1.0 
32.97164469307226, 37.20390716432161, 0.0, 0.0, 1.0 
45.84286345396543, 19.33414126738072, 0.0, 0.0, 1.0 
48.41493185022353, 28.6252986725676, 0.0, 0.0, 1.0 
17.22471325888812, 24.590957989957985, 0.0, 0.0, 1.0 
39.71361572655429, 1.7744758276049069, 0.0, 4.1950076570807076, 1.1 
8.493495542738746, 48.24866025306865, 0.0, 0.0, 1.0 
29.430975239822047, 22.783102804907013, 0.0, 0.0, 1.0 
44.314065716989305, 35.63664613494781, 0.0, 0.0, 1.0 
32.974531707264546, 51.40617392236797, 0.0, 0.0, 1.0 
4.127352741172171, 28.197209133864714, 0.0, 0.0, 1.0 
9.394815088416946, 20.299715839076157, 0.0, 0.0, 1.0 
10.743000195848005, 2.065792151689627, 0.0, 0.0, 1.0 
20.939130789372538, 45.193383007211715, 0.0, 0.0, 1.0 
31.938060903760267, 42.573348737221615, 0.0, 0.0, 1.0 
46.2353171867088, 24.899445188373274, 0.0, 0.0, 1.0 
38.12849641335334, 46.13538917994611, 0.0, 0.0, 1.0 
16.915563304887055, 15.627697676497956, 0.0, 0.0, 1.0 
45.32188501931153, 33.922805518254044, 0.0, 0.0, 1.0 
17.53240336968779, 33.487370017494456, 0.0, 0.0, 1.0 
8.806688897035134, 16.74091777105803, 0.0, 0.0, 1.0 
1.186855563916056, 6.052440569478444, 0.0, 0.0, 1.0 
29.23666930141451, 28.282992601887003, 0.0, 0.8318125401550801, 1.1 
29.0641662768054, 54.91074361396293, 0.0, 0.0, 1.0 
14.937464869713624, 15.89894206955801, 0.0, 0.0, 1.0 
1.2875568234638204, 40.06666094582932, 0.0, 0.0, 1.0 
48.45698917132377, 39.251647141937106, 0.0, 0.0, 1.0 
55.24763259803752, 58.21265127332973, 0.0, 0.0, 1.0 
8.747563110814227, 2.3017518256072154, 0.0, 0.0, 1.0 
8.31087251995547, 13.217410568920405, 0.0, 0.0, 1.0 
58.63948665357005, 7.149398228406404, 0.0, 0.0, 1.0 
49.893641382803764, 14.570046380695384, 0.0, 0.0, 1.0 
6.647832458308496, 33.00920661254099, 0.0, 0.0, 1.0 
43.80224072639701, 57.89370217915656, 0.0, 0.0, 1.0 
22.79865437972344, 20.146076524012138, 0.0, 0.0, 1.0 
6.767304201945943, 53.40086819338473, 0.0, 0.0, 1.0 
25.71855713087036, 49.806474349567246, 0.0, 0.0, 1.0 
31.452182754248273, 2.617837892623154, 0.0, 0.0, 1.0 
50.35029533914452, 25.205988162287607, 0.0, 0.0, 1.0 
54.54213064212273, 28.75431074593319, 0.0, 0.0, 1.0 
54.82978101570773, 50.47078090908849, 0.0, 0.5864475278674085, 1.2000000000000002 
39.2206925135042, 33.77293260159995, 0.0, 0.0, 1.0 
42.21493668956007, 53.96728503908669, 0.0, 0.0, 1.0 
23.670205618573444, 39.2548889171111, 0.0, 0.0, 1.0 
11.612073459281188, 14.607976804486906, 0.0, 0.0, 1.0 
3.278714211151698, 30.435086003791387, 0.0, 1.0406950331042775, 1.2000000000000002 
34.03507507604791, 5.787826338666114, 0.0, 0.0, 1.0 
56.705030643421736, 35.79642410060658, 0.0, 0.0, 1.0 
1.2998038180899607, 44.174580957930225, 0.0, 0.0, 1.0 
58.7916988709578, 32.22842767437901, 0.0, 0.0, 1.0 
22.639492749096018, 34.2879037337156, 0.0, 0.0, 1.0 
29.691725873551515, 31.889530281375595, 0.0, 0.0, 1.0 
12.043360274473486, 42.101544159752756, 0.0, 0.0, 1.0 
46.53452940061426, 10.284480274149452, 0.0, 0.0, 1.0 
33.08821933122561, 13.184107582843788, 0.0, 0.0, 1.0 
5.242883834545944, 29.86626292534958, 0.0, 0.0, 1.0 
42.27767705470157, 35.6224820089008, 0.0, 0.0, 1.0 
40.12250726115508, 46.16700424074863, 0.0, 0.0, 1.0 
48.54671689773038, 60.66023837204974, 0.0, 0.0, 1.0 
13.816711605105763, 39.04579990879735, 0.0, 0.0, 1.0 
13.084254282139945, 10.740814091655151, 0.0, 0.0, 1.0 
40.11685672856003, 24.89970480389306, 0.0, 0.0, 1.0 
54.685111243054564, 42.906461288365186, 0.0, 0.0, 1.0 
49.18944992963856, 1.748570547785768, 0.0, 0.0, 1.0 
4.560176414536559, 22.7321738801998, 0.0, 0.0, 1.0 
3.1546250467966575, 51.325817509266074, 0.0, 0.0, 1.0 
59.21370268511835, 59.021038379228955, 0.0, 0.0, 1.0 
8.551938663376948, 52.384645173324266, 0.0, 0.0, 1.0 
22.546817508415792, 25.538352198842574, 0.0, 0.0, 1.0 
34.993749624298545, 44.360326937265306, 0.0, 0.0, 1.0 
0.5672672116050824, 23.199919697737446, 0.0, 0.0, 1 
15.615194865733843, 46.22920163468672, 0.0, 0.0, 1.0 
9.350595337720685, 0.45335580597611597, 0.0, 0.522885379162728, 1.2000000000000002 
34.99454230257659, 37.197874777188304, 0.0, 0.0, 1.0 
13.841483280665255, 43.16634773485035, 0.0, 0.0, 1.0 
37.07592522104958, 47.93123447360904, 0.0, 0.0, 1.0 
47.17174405346801, 51.52234156100412, 0.0, 0.0, 1 
1.2411249673206857, 35.903843672458585, 0.0, 0.0, 1.0 
54.59819477655011, 6.336967130670015, 0.0, 0.0, 1.0 
35.658823157076824, 31.608386813807044, 0.0, 4.238424154651046, 1.1 
53.89786445245033, 15.26928749471847, 0.0, 0.0, 1.0 
35.62788584780664, 16.388370109149548, 0.0, 0.0, 1 
27.55876900408315, 58.661295117428764, 0.0, 0.0, 1.0 
41.166363867899705, 44.363353758762834, 0.0, 0.0, 1.0 
17.38801004734514, 35.48735719705856, 0.0, 0.0, 1.0 
53.88159793184889, 9.87329955754827, 0.0, 0.0, 1 
58.44100435054765, 42.114316040820015, 0.0, 0.2856122444501007, 1.1 
59.917522926239855, 0.20160459545442788, 0.0, 0.0, 1.0 
39.668848349800705, 21.589558970724127, 0.0, 0.0, 1.0 
26.279797855655445, 16.028778247839217, 0.0, 0.0, 1.0 
34.27931514447552, 20.180429185190377, 0.0, 0.0, 1.0 
28.872964482370726, 37.31622928109448, 0.0, 0.0, 1.0 
46.45576915287544, 21.273942736928316, 0.0, 0.0, 1.0 
38.07415430425808, 35.48138445168887, 0.0, 0.0, 1.0 
22.608699782834154, 5.719481893257801, 0.0, 0.0, 1.0 
2.9172511905161764, 26.544898520060723, 0.0, 0.0, 1.0 
58.47917030426415, 25.11710067357543, 0.0, 0.0, 1 
8.461030237273153, 42.1544349772793, 0.0, 0.0, 1 
45.8736076291536, 58.33716132682348, 0.0, 0.0, 1.0 
51.247818699957264, 51.91282919815137, 0.0, 0.0, 1.0 
4.256879168685357, 13.754577232684582, 0.0, 0.948736630574177, 1.1 
47.36256660330627, 48.06546854201397, 0.0, 0.0, 1.0 
38.81813172714144, 23.29295676202341, 0.0, 0.0, 1.0 
46.322009332391545, 46.220028357272994, 0.0, 0.0, 1.0 
41.79180543979762, 2.162085242213782, 0.0, 0.0, 1.0 
15.402796326493311, 19.449229050235587, 0.0, 0.0, 1.0 
35.0234769560724, 51.426950529254306, 0.0, 0.0, 1.0 
21.34987284463566, 35.852741873852345, 0.0, 0.0, 1.0 
38.5280313012193, 58.85770928656725, 0.0, 0.0, 1 
14.128766308667268, 58.5798425101183, 0.0, 0.0, 1.0 
15.561012715550632, 56.52132511298251, 0.0, 0.0, 1.0 
23.51773794087026, 18.232835053889307, 0.0, 0.0, 1 
8.521639737197644, 7.820595131406784, 0.0, 0.0, 1.0 
53.20794725241695, 7.898351313474916, 0.0, 0.0, 1 
40.25835427721845, 28.46614664319727, 0.0, 0.0, 1.0 
41.82869704257461, 13.051654480559261, 0.0, 0.0, 1.0 
3.0941683358251235, 35.00018321481522, 0.0, 0.0, 1.0 
43.07633442249329, 55.979888518680646, 0.0, 0.0, 1.0 
58.4246198220869, 44.13995771432286, 0.0, 0.0, 1.0 
6.5519128248124465, 22.46445559446686, 0.0, 0.0, 1.0 
12.053582859021015, 50.33507204232217, 0.0, 0.0, 1.0 
32.88913360354039, 33.567722476312575, 0.0, 4.402734028397125, 1.1 
51.25626975503179, 2.132333152747868, 0.0, 0.0, 1.0 
28.335408814663623, 15.689417673234455, 0.0, 0.0, 1.0 
5.222884973937459, 6.572684883665708, 0.0, 0.0, 1.0 
47.84783483184388, 3.3062694853825265, 0.0, 0.0, 1.0 
13.846213031107435, 8.835071022209176, 0.0, 0.0, 1.0 
45.36900213910261, 40.98359150421471, 0.0, 0.0, 1.0 
38.55626294653914, 19.783706465553394, 0.0, 0.0, 1.0 
53.27296764715367, 52.13827747912578, 0.0, 2.156080520062539, 1.1 
34.97383028497432, 59.48987949377674, 0.0, 0.0, 1.0 
23.752319596473985, 53.74120741451238, 0.0, 0.0, 1.0 
1.6207529403548213, 58.31286740861244, 0.0, 0.0, 1.0 
57.547958998651126, 26.927272177075167, 0.0, 0.0, 1.0 
28.718704052841534, 24.675508389613597, 0.0, 0.0, 1.0 
52.57247589378418, 39.31865784868528, 0.0, 0.0, 1.0 
6.710865936716133, 59.5898569738616, 0.0, 0.0, 1.0 
19.90692356921265, 7.906945557023304, 0.0, 0.0, 1.0 
10.632081806726905, 21.919623200342052, 0.0, 0.0, 1.0 
26.107947993198263, 21.450296038776806, 0.0, 0.0, 1.0 
23.523822962978894, 59.16760862812045, 0.0, 0.0, 1.0 
27.056292896028076, 55.11695096679036, 0.0, 0.0, 1.0 
4.8955964310005005, 31.870802480835373, 0.0, 0.0, 1.0 
4.849933698549451, 40.137424163697055, 0.0, 0.0, 1.0 
52.5948574917229, 16.80825263260795, 0.0, 0.0, 1 
37.20601624795854, 18.161253818228772, 0.0, 0.0, 1.0 
31.086331974660133, 54.848838046828554, 0.0, 0.0, 1.0 
15.568313493150903, 54.446260407325276, 0.0, 0.0, 1.0 
60.59484785107077, 12.934625725892479, 0.0, 0.0, 1.0 
54.567945373483056, 0.952847541055637, 0.0, 0.0, 1.0 
1.9733222469908345, 8.174403919541325, 0.0, 0.0, 1.0 
32.35499472318463, 56.42006848850192, 0.0, 0.0, 1.0 
26.811110682672528, 37.38104336388368, 0.0, 0.0, 1.0 
59.85256796529855, 30.53373558845087, 0.0, 1.0528167857734305, 1.2000000000000002 
17.43429540898709, 49.302840245888596, 0.0, 0.0, 1.0 
58.68465810636386, 28.697420447524408, 0.0, 0.0, 1.0 
8.761894531591135, 31.281151750924185, 0.0, 4.871007343179722, 1.2000000000000002 
1.2922763124816663, 46.208799979664555, 0.0, 0.0, 1.0 
25.207493831765582, 8.971002777295901, 0.0, 0.0, 1.0 
39.32511138434428, 10.775993198987704, 0.0, 0.0, 1 
28.7761451929462, 33.736456486733445, 0.0, 0.0, 1.0 
57.2480569003551, 8.67637766688507, 0.0, 0.0, 1.0 
57.85653592742335, 37.67906190056764, 0.0, 3.9517994830426644, 1.3000000000000003 
13.83855704654971, 47.26620809505203, 0.0, 0.0, 1.0 
41.05960149169138, 55.64297194763264, 0.0, 0.0, 1.0 
37.740259267972384, 56.921783404809815, 0.0, 0.0, 1.0 
25.889756336465688, 26.875033919416843, 0.0, 0.0, 1.0 
32.02962621703265, 6.095367279596123, 0.0, 0.0, 1 
50.526581874961884, 5.602909214172685, 0.0, 0.0, 1.0 
23.434185139755055, 46.38065379579464, 0.0, 0.17459740181348687, 1.5000000000000004 
27.941442007040806, 26.622857057571544, 0.0, 0.0, 1.0 
56.55643943095542, 6.788384221393312, 0.0, 0.0, 1.0 
47.41414312316464, 37.48222598190089, 0.0, 0.0, 1.0 
47.44801741195939, 41.00243253854178, 0.0, 0.0, 1.0 
52.61066726659584, 55.90085146086338, 0.0, 0.0, 1.0 
51.45534108949439, 26.94251003997882, 0.0, 0.0, 1.0 
4.844839997361077, 44.18438164543667, 0.0, 0.0, 1.0 
52.49396348232095, 28.72932274159405, 0.0, 0.0, 1.0 
30.853776656990945, 33.594826236591985, 0.0, 4.96587681569018, 1.1 
50.60435951232984, 55.53947626221713, 0.0, 0.0, 1.0 
41.22712749710348, 37.341160538636586, 0.0, 0.0, 1.0 
8.494237234882998, 50.29423892843434, 0.0, 0.0, 1.0 
8.107112093116612, 18.653262207156043, 0.0, 0.0, 1.0 
1.350985448514939, 21.351934322818753, 0.0, 0.0, 1.0 
54.60840741519668, 17.17947731509473, 0.0, 0.0, 1.0 
27.829024171793595, 42.653109051745446, 0.0, 0.0, 1.0 
50.442503081541886, 28.693533977731672, 0.0, 0.0, 1.0 
39.12935419255221, 47.94846660661388, 0.0, 0.0, 1.0 
50.562305305766, 42.84601080157793, 0.0, 0.0, 1.0 
34.72279316374071, 23.68183281694407, 0.0, 0.0, 1 
40.15289907738495, 49.760040359611935, 0.0, 0.0, 1.0 
14.185184026611259, 32.36700867847274, 0.0, 5.130213914323731, 1.1 
6.671072433223728, 41.13447246497617, 0.0, 0.0, 1.0 
10.178778938378327, 32.84270524549329, 0.0, 0.0, 1.0 
43.84197248220339, 13.435786670155537, 0.0, 0.0, 1.0 
28.10928897707754, 1.3422144705608539, 0.0, 0.0, 1.0 
12.185701835683934, 32.26810666691079, 0.0, 0.0, 1.0 
17.68516148683657, 28.08999409652946, 0.0, 0.0, 1.0 
30.937766441386852, 40.836853828912474, 0.0, 0.0, 1.0 
30.35559037945232, 15.410442984539031, 0.0, 0.0, 1.0 
52.57997266372215, 6.029007286623706, 0.0, 0.0, 1.0 
17.49618937557402, 59.99453117756502, 0.0, 0.0, 1.0 
49.97050992448538, 53.638225346533844, 0.0, 0.0, 1.0 
16.149589301946566, 37.72962041354734, 0.0, 5.906693736079745, 1.7000000000000006 
43.225260144551626, 47.89743726784063, 0.0, 0.0, 1.0 
29.030128673422404, 13.789388577940816, 0.0, 0.0, 1.0 
47.3990579682705, 30.447251778421034, 0.0, 0.0, 1.0 
4.901563295438569, 48.23393700505163, 0.0, 0.0, 1.0 
24.73816275066489, 40.92770808327816, 0.0, 0.0, 1.0 
3.1973783676571124, 53.3360263509221, 0.0, 0.0, 1.0 
45.21163964834951, 17.367093235252966, 0.0, 0.0, 1.0 
20.74139051032417, 20.464763909415456, 0.0, 0.0, 1.0 
12.668360546481649, 21.65881018100183, 0.0, 0.0, 1.0 
59.9409304299012, 11.018555096256446, 0.0, 0.0, 1.0 
3.088998496078702, 47.25482342576205, 0.0, 0.0, 1.0 
10.359653173650026, 55.50390185432364, 0.0, 0.0, 1.0 
37.18016981947663, 30.35438318312542, 0.0, 0.0, 1.0 
22.98321440272838, 14.689505656850873, 0.0, 0.0, 1.0 
25.72381341406239, 35.71160187188365, 0.0, 0.0, 1.0 
19.140762269047972, 9.825381300507553, 0.0, 0.0, 1.0 
33.976565526486894, 39.013498686636616, 0.0, 0.0, 1.0 
60.74533832268933, 28.544964338929965, 0.0, 0.0, 1.0 
38.49666748239101, 14.326537026199087, 0.0, 0.0, 1.0 
27.951920765890012, 6.715274310589356, 0.0, 0.0, 1 
37.08838783053531, 51.48611801374422, 0.0, 0.0, 1.0 
21.52424283050436, 59.47482462935795, 0.0, 0.0, 1.0 
29.593489958924806, 58.38435905309416, 0.0, 0.0, 1.0 
49.49642371283577, 44.60686507292845, 0.0, 0.0, 1.0 
52.60798716082857, 35.754370065689606, 0.0, 0.0, 1.0 
6.661860137032509, 35.027128680163585, 0.0, 0.0, 1.0 
55.95176551154964, 54.76301383352492, 0.0, 0.0, 1 
53.274828637298135, 18.756042890378982, 0.0, 0.0, 1.0 
19.343890981777093, 4.395183195204464, 0.0, 0.0, 1.0 
13.460066130556262, 60.551301491256005, 0.0, 0.0, 1.0 
39.10568571832306, 44.35107658001754, 0.0, 0.0, 1.0 
45.85633268653282, 8.362629742964167, 0.0, 0.0, 1.0 
40.53943545472555, 9.130385138576592, 0.0, 0.0, 1.0 
30.911681927073715, 37.23926477950914, 0.0, 0.0, 1.0 
27.034233636558735, 14.071401287688172, 0.0, 0.0, 1 
51.23570690260167, 18.3652649333004, 0.0, 0.0, 1.0 
36.73621418656239, 3.455673295579477, 0.0, 0.0, 1 
60.30633004995911, 47.26406170100421, 0.0, 0.0, 1.0 
55.932067684608064, 4.813654898468239, 0.0, 0.0, 1.0 
44.50019193135085, 4.490419846170193, 0.0, 0.0, 1.0 
3.237933209730458, 32.952674587551044, 0.0, 0.0, 1 
37.076562198686496, 37.27179922084832, 0.0, 0.0, 1.0 
8.438588699260398, 38.035554313752534, 0.0, 0.0, 1.0 
29.971888933145024, 6.411113441111246, 0.0, 0.0, 1.0 
45.35465648400358, 30.345900075288593, 0.0, 0.0, 1.0 
53.55448840882864, 30.483462436622528, 0.0, 0.0, 1.0 
1.3641725017911601, 33.83844884561011, 0.0, 0.0, 1.0 
7.783984811882651, 24.110017602811396, 0.0, 0.0, 1.0 
25.71789417796018, 46.236080689559515, 0.0, 0.0, 1.0 
11.980626826284835, 36.016318479998475, 0.0, 0.0, 1 
38.62787013631261, 3.4705792624959533, 0.0, 0.0, 1 
8.475969053514172, 58.543038684195054, 0.0, 0.0, 1.0 
41.1092272837834, 23.020812906070276, 0.0, 2.8880989790077316, 1.1 
58.317501023617034, 54.987535348037824, 0.0, 5.826162806816763, 1.2000000000000002 
31.908292884458845, 46.150500356791916, 0.0, 0.0, 1.0 
42.174902109497694, 24.743399238975492, 0.0, 0.0, 1.0 
54.59879480197232, 56.30137893482409, 0.0, 0.0, 1.0 
31.20911238618146, 27.992261407680708, 0.0, 4.672535670680621, 1.1 
17.140530525443985, 10.14148447207582, 0.0, 0.0, 1.0 
5.342259313535153, 20.845101075434727, 0.0, 0.0, 1.0 
43.32195467070025, 33.86129167562219, 0.0, 0.0, 1.0 
43.07168652973188, 51.34153229952976, 0.0, 0.0, 1.0 
45.19854270383989, 56.438119986271495, 0.0, 0.0, 1.0 
10.307430768635802, 53.42235369504991, 0.0, 0.0, 1.0 
47.84618588823343, 58.729760766626484, 0.0, 0.0, 1.0 
31.9489877169239, 49.6306591621456, 0.0, 0.0, 1.0 
26.735894197592305, 33.88706034403534, 0.0, 0.0, 1.0 
13.823484820767375, 45.17141376178567, 0.0, 0.0, 1.0 
13.785811809509664, 34.96191500956058, 0.0, 0.0, 1.0 
28.499034500235688, 10.218892465588791, 0.0, 0.0, 1.0 
32.73726579777602, 4.239285679402044, 0.0, 0.0, 1.0 
53.95512522081473, 54.25938749033011, 0.0, 0.0, 1.0 
26.630054515373494, 24.97309355761684, 0.0, 0.0, 1.0 
12.599587153342297, 57.02831039383059, 0.0, 0.5636247639841717, 1.2000000000000002 
41.89625409913127, 18.51706745569874, 0.0, 0.0, 1.0 
10.137720524030286, 18.372920772519645, 0.0, 0.0, 1.0 
57.91824133513802, 10.614234820257275, 0.0, 0.0, 1.0 
23.082755832231285, 29.03005371432463, 0.0, 0.0, 1.0 
25.358916292094833, 23.372809821478494, 0.0, 0.0, 1.0 
32.37013052454699, 15.026322774728225, 0.0, 0.0, 1.0 
4.970961573008534, 58.45777944793987, 0.0, 0.0, 1.0 
55.32573237872105, 19.13443099761653, 0.0, 0.0, 1 
43.24661306947817, 40.909674067996754, 0.0, 0.0, 1.0 
36.052183166362596, 42.56915677650416, 0.0, 0.0, 1.0 
9.294262487932935, 5.8949141406219825, 0.0, 0.0, 1.0 
34.023024163300555, 53.12052357449617, 0.0, 0.0, 1.0 
19.202549540416907, 52.3643853087463, 0.0, 0.0, 1.0 
19.992208882884125, 22.367019242956864, 0.0, 0.0, 1.0 
4.949625550441727, 52.355442127216214, 0.0, 0.0, 1.0 
44.52141799173084, 15.401661145535892, 0.0, 0.0, 1.0 
42.206599752217, 42.6521796236317, 0.0, 0.0, 1.0 
3.119109014000444, 11.983426876778498, 0.0, 0.0, 1.0 
10.25942352843652, 39.05945803880578, 0.0, 0.0, 1.0 
43.224640134335694, 16.93845763378326, 0.0, 0.0, 1.0 
42.163942481911164, 49.688982424076166, 0.0, 0.0, 1.0 
44.55186386966255, 9.903493245672458, 0.0, 0.0, 1.0 
16.690486530803433, 21.039532737100252, 0.0, 0.0, 1.0 
22.221300896155405, 16.65225975736801, 0.0, 0.0, 1.0 
47.856837461609985, 8.729558456755361, 0.0, 0.0, 1.0 
30.307212599161932, 56.572782780945786, 0.0, 0.0, 1.0 
55.25304808346115, 8.302487651269336, 0.0, 0.0, 1 
49.243322183584176, 51.696791903454105, 0.0, 0.0, 1.0 
34.22131070493326, 0.4638369377645678, 0.0, 0.0, 1.0 
57.25106844850896, 58.628958838006426, 0.0, 0.0, 1.0 
47.3498829196739, 26.839135003011545, 0.0, 0.0, 1.0 
42.21995104066693, 46.12898281529103, 0.0, 0.0, 1.0 
4.221618099572512, 4.845269264576453, 0.0, 0.0, 1.0 
46.605375736551785, 54.88741065169455, 0.0, 0.0, 1.0 
33.9827403499783, 49.64993488545819, 0.0, 0.0, 1.0 
6.479705249451376, 8.125965134587572, 0.0, 0.0, 1.0 
27.78593025537825, 35.59170326747408, 0.0, 0.0, 1.0 
6.844888539408094, 17.064486490320938, 0.0, 0.0, 1.0 
26.782114969178508, 48.00672734555351, 0.0, 0.0, 1.0 
32.971582300473074, 18.54420054989168, 0.0, 0.0, 1.0 
51.89029033741586, 4.032448841645526, 0.0, 0.0, 1.0 
9.53308647809264, 29.203640266010634, 0.0, 0.0, 1.0 
24.809505444856825, 0.023604583685563948, 0.0, 0.0, 1.0 
19.155753096642034, 56.29192203424821, 0.0, 0.0, 1.0 
33.483578878044945, 22.08532659169982, 0.0, 0.0, 1.0 
49.354231939995145, 48.1146552411915, 0.0, 0.0, 1.0 
60.31458327472668, 45.199672428087936, 0.0, 0.0, 1.0 
29.223443261754017, 8.352615153077563, 0.0, 0.0, 1.0 
57.31572463725147, 23.355592880252125, 0.0, 0.0, 1.0 
10.264666319225325, 47.24690842804832, 0.0, 0.0, 1.0 
18.442378381983843, 37.23074150239028, 0.0, 0.0, 1.0 
6.700881118908153, 47.23091343189587, 0.0, 0.0, 1.0 
25.795876001113495, 42.728887600558195, 0.0, 0.0, 1.0 
2.0446807468614985, 28.414960972794443, 0.0, 0.0, 1.0 
55.27357093912324, 2.865143293841381, 0.0, 0.0, 1.0 
24.611665189034355, 25.25919008773781, 0.0, 0.0, 1.0 
34.38724645370331, 14.717554339019406, 0.0, 0.0, 1.0 
59.279489966258005, 9.08979484633012, 0.0, 0.0, 1.0 
9.050560006035097, 11.324374769631577, 0.0, 0.0, 1.0 
60.6765426030208, 32.54279114407525, 0.0, 2.0275219896760075, 1.3000000000000003 
8.41380766353504, 33.92772430992692, 0.0, 0.0, 1.0 
51.54816189146393, 41.11678645928689, 0.0, 0.0, 1.0 
9.866005390458117, 23.841094248247447, 0.0, 0.0, 1.0 
49.332563868622834, 23.365002699781048, 0.0, 0.0, 1.0 
20.793391371831536, 0.5669505487753019, 0.0, 0.0, 1.0 
51.24218120963342, 57.505593485398144, 0.0, 0.0, 1.0 
21.32764343284868, 4.0954739671134845, 0.0, 0.0, 1.0 
46.37166409156034, 32.152277804584365, 0.0, 0.0, 1.0 
28.26370535937638, 56.77777985875034, 0.0, 0.0, 1.0 
6.777709586318068, 55.44028450313234, 0.0, 0.0, 1 
48.5421705788552, 5.263320276695573, 0.0, 0.0, 1.0 
27.7402338633075, 12.202079088895129, 0.0, 0.0, 1.0 
21.507355490721935, 53.841862496904, 0.0, 3.1175753429249173, 1.2000000000000002 
18.38115373327828, 11.771693775570398, 0.0, 0.0, 1.0 
15.190864360289766, 24.890319508458653, 0.0, 0.0, 1.0 
4.858016625860074, 35.99660020958053, 0.0, 0.0, 1.0 
58.49111514380593, 46.220149769157054, 0.0, 0.0, 1.0 
36.66754695536893, 58.67820830072413, 0.0, 0.0, 1 
59.244434239722246, 14.477230441196548, 0.0, 0.0, 1 
50.52127076177089, 16.455995537315072, 0.0, 0.0, 1.0 
26.778196418574268, 44.42499642419874, 0.0, 0.0, 1.0 
18.959787266684497, 29.689079370931694, 0.0, 0.0, 1.0 
18.76341769973238, 20.741078975205195, 0.0, 0.0, 1.0 
21.856663776584636, 7.6397727083380795, 0.0, 0.0, 1.0 
49.23192363836904, 18.016427267730446, 0.0, 0.0, 1.0 
55.33084016554365, 23.02417298806607, 0.0, 0.0, 1.0 
3.064064420549032, 39.1078067651552, 0.0, 0.0, 1.0 
23.724616648176912, 12.836641160188035, 0.0, 0.0, 1.0 
11.083764969215366, 11.0347151341024, 0.0, 0.0, 1.0 
3.3419851275731225, 21.066480643185685, 0.0, 0.0, 1.0 
43.84745706227004, 18.974696158776464, 0.0, 0.0, 1.0 
3.5857424673719738, 15.679781177820173, 0.0, 0.0, 1.0 
39.22454159685448, 30.277846833311035, 0.0, 0.0, 1.0 
56.815835065900835, 49.374186873302385, 0.0, 0.0, 1.0 
37.31087590421884, 12.631256752749044, 0.0, 3.1821679606735107, 1.2000000000000002 
35.06340213437295, 47.912904089099975, 0.0, 0.0, 1.0 
47.84939920841212, 19.578631057661802, 0.0, 0.0, 1.0 
28.130917289550332, 21.15228035845696, 0.0, 0.0, 1.0 
25.57332942845851, 17.905439387765647, 0.0, 0.0, 1 
57.23231681710254, 3.2660498959959634, 0.0, 0.0, 1.0 
41.1747349722651, 11.12912297191124, 0.0, 0.0, 1 
36.41121402045683, 14.435088059697653, 0.0, 0.0, 1.0 
22.436734005121764, 11.169145473538935, 0.0, 0.0, 1.0 
22.061860569816833, 2.1898464497719936, 0.0, 0.0, 1.0 
4.884201192329842, 42.109897607839855, 0.0, 0.0, 1.0 
23.71559821987327, 42.71781024453232, 0.0, 0.0, 1.0 
24.808660274185463, 19.86145906620872, 0.0, 0.0, 1.0 
53.207870346089294, 2.5013347745696253, 0.0, 0.0, 1 
13.652447660305828, 28.684660480959792, 0.0, 0.0, 1.0 
58.0579257683508, 21.492693129597637, 0.0, 0.7165032181467362, 1.1 
30.479460767385945, 29.977480322965878, 0.0, 0.0, 1.0 
8.489974713860338, 44.13972963866811, 0.0, 0.0, 1.0 
51.547146394482546, 37.53554964200132, 0.0, 0.0, 1.0 
19.184427814920724, 48.26904001135358, 0.0, 0.0, 1.0 
4.880070418430479, 38.049903347897036, 0.0, 0.0, 1.0 
26.37175001485657, 30.36444622967292, 0.0, 0.0, 1.0 
46.475384391011275, 4.858970427879921, 0.0, 0.0, 1 
17.867510312352653, 8.231670941275153, 0.0, 0.0, 1.0 
44.280182132146265, 46.17157703192733, 0.0, 0.0, 1.0 
7.407458473289935, 20.5912430509478, 0.0, 0.0, 1.0 
59.138565997054656, 19.81861412252416, 0.0, 0.0, 1.0 
19.492782538890456, 59.731884570033266, 0.0, 0.0, 1.0 
26.298251283751643, 56.99834522725556, 0.0, 0.0, 1.0 
44.5447456250976, 54.64838773573018, 0.0, 0.0, 1.0 
25.8093457014932, 39.175993020400476, 0.0, 0.0, 1.0 
36.484445453361495, 60.76601121931042, 0.0, 2.5852829149112764, 1.3000000000000003 
19.294775733256742, 39.812172851782556, 0.0, 2.1768539258343442, 1.6000000000000005 
59.286995240304094, 3.6493103621277783, 0.0, 0.0, 1.0 
56.684652562459085, 39.33327442760122, 0.0, 0.0, 1.0 
44.29847591361441, 32.13575666919293, 0.0, 0.0, 1.0 
42.467738925207605, 59.47724661369685, 0.0, 0.0, 1.0 
17.414244769468763, 47.22496309228821, 0.0, 0.0, 1.0 
10.315490092510842, 27.361069137533377, 0.0, 0.0, 1.0 
43.26703828467625, 44.436181266958286, 0.0, 0.0, 1 
46.256873043636475, 49.72613086349131, 0.0, 0.0, 1 
57.904463684042035, 60.58105840523426, 0.0, 0.0, 1.0 
51.42128196703554, 23.53959972309379, 0.0, 0.0, 1 
33.941745651525494, 25.57875983360922, 0.0, 0.0, 1.0 
19.506099235050318, 33.24729010559289, 0.0, 0.0, 1.0 
14.689959913909021, 21.33713594777184, 0.0, 0.0, 1.0 
6.656633605330932, 39.058411112555866, 0.0, 0.0, 1.0 
41.20600544620884, 16.57163469859623, 0.0, 0.0, 1.0 
57.954449910914505, 5.216789387544475, 0.0, 0.0, 1.0 
51.958086665857245, 53.88896727199082, 0.0, 0.0, 1.0 
43.80689396062415, 2.5284720465415713, 0.0, 0.0, 1.0 
60.310529251007985, 55.4808345439284, 0.0, 0.0, 1.0 
19.35947337800877, 54.349986249772314, 0.0, 0.0, 1.0 
38.2003372098017, 32.04354807474469, 0.0, 0.0, 1.0 
24.724048502835686, 48.009748494419036, 0.0, 0.0, 1.0 
49.871716127406, 19.89515944723246, 0.0, 0.0, 1.0 
22.775449360430937, 0.2827444950309409, 0.0, 0.0, 1.0 
11.554792466480999, 28.979688833409817, 0.0, 0.0, 1.0 
33.50250707325925, 2.3402079917513974, 0.0, 0.0, 1.0 
28.869091080288765, 19.23463595319592, 0.0, 0.0, 1.0 
40.64181061378604, 20.06328421687036, 0.0, 0.0, 1.0 
24.070773646705618, 1.913383473518699, 0.0, 0.0, 1.0 
55.78260368629123, 44.77917968096897, 0.0, 3.685843480456573, 1.7000000000000006 
23.02982601932078, 55.62103247434443, 0.0, 0.0, 1.0 
10.303372571907786, 12.9666965909759, 0.0, 0.0, 1.0 
50.377968009237016, 50.01640703547075, 0.0, 1.0543910762093998, 1.1 
43.252842209991705, 26.621751356192004, 0.0, 0.0, 1.0 
20.961882651152973, 51.35236900190762, 0.0, 0.0, 1.0 
23.55298725554833, 32.48288002560629, 0.0, 0.0, 1.0 
35.03633257881759, 40.81381979088137, 0.0, 0.0, 1.0 
48.50256603652566, 21.49315512328344, 0.0, 0.0, 1.0 
9.038038014994044, 25.771191201905328, 0.0, 0.0, 1.0 
49.910653473687816, 3.6873980068935737, 0.0, 0.0, 1 
33.80850394424095, 11.207815530518086, 0.0, 0.0, 1.0 
58.61883996430779, 50.3173963858622, 0.0, 0.0, 1.0 
13.843218569579152, 51.359760980858155, 0.0, 0.0, 1.0 
59.61668092867006, 26.817234337453854, 0.0, 0.0, 1 
28.827501072260176, 51.48254876271412, 0.0, 0.0, 1.0 
40.531570082709926, 14.673609213355535, 0.0, 0.0, 1.0 
15.639878846615776, 52.39145369086597, 0.0, 0.0, 1.0 
37.04188792920631, 40.79612156405692, 0.0, 0.0, 1.0 
44.33206106789724, 39.17392568917044, 0.0, 0.0, 1.0 
2.969718793394812, 59.77220801550202, 0.0, 0.0, 1.0 
41.266517124587764, 33.837501303406405, 0.0, 0.0, 1.0 
17.406645767912064, 41.04521020633317, 0.0, 0.0, 1.0 
12.151054934469265, 18.096968311259207, 0.0, 0.0, 1 
7.514582805546609, 29.48590766677841, 0.0, 0.0, 1.0 
41.111393949943164, 47.92221750371488, 0.0, 0.0, 1.0 
3.048714133362309, 45.19525876958061, 0.0, 0.0, 1.0 
57.72206215784965, 30.47949758990574, 0.0, 0.0, 1.0 
24.763891765183555, 51.67616186491956, 0.0, 0.0, 1.0 
16.09045894034743, 58.47042231883112, 0.0, 0.0, 1.0 
38.12057687363735, 39.0163884944887, 0.0, 0.0, 1.0 
12.043143614470049, 54.43859459154744, 0.0, 0.0, 1.0 
1.3287771639195083, 48.253940940001776, 0.0, 0.0, 1.0 
42.46841524714088, 4.132590362126541, 0.0, 0.0, 1.0 
29.94419589224272, 53.1439937993669, 0.0, 0.0, 1.0 
12.744223778820587, 1.7318502525901978, 0.0, 0.0, 1.0 
38.09437431421616, 42.59449798128781, 0.0, 0.0, 1.0 
43.2821394971464, 37.40026122727049, 0.0, 0.0, 1.0 
36.344151461780974, 19.92896950002474, 0.0, 0.0, 1.0 
30.503278559007633, 9.943082664014694, 0.0, 0.0, 1 
32.52754567461073, 9.617306545259963, 0.0, 0.0, 1.0 
50.48545302201501, 32.23333511402628, 0.0, 0.0, 1.0 
17.68127061643956, 13.685871968976624, 0.0, 0.0, 1.0 
42.28059047786921, 39.14101384774428, 0.0, 0.0, 1.0 
44.426401719525494, 21.022517575406713, 0.0, 5.4727912976541715, 1.1 
24.75488279799597, 37.50315449957597, 0.0, 0.0, 1.0 
56.65760365140718, 43.11934462986704, 0.0, 1.4470331969268686, 1.1 
58.53428992007049, 40.07265444606004, 0.0, 0.0, 1.0 
31.976251599527824, 53.10954488395049, 0.0, 0.0, 1.0 
4.979572982935067, 26.29621073210926, 0.0, 0.0, 1.0 
1.655039483793279, 15.929856119622517, 0.0, 0.0, 1.0 
19.473416553730317, 18.86674383939119, 0.0, 0.0, 1.0 
52.58781818328223, 32.263964023506865, 0.0, 0.0, 1.0 
16.368906561497266, 12.08487339257251, 0.0, 0.0, 1.0 
36.92947118467099, 33.56087829317301, 0.0, 0.0, 1.0 
0.8993887261274011, 26.730842695188983, 0.0, 0.0, 1.0 
60.31152260883, 37.004768699041, 0.0, 0.0, 1.0 
23.335516135836688, 3.8111107375016777, 0.0, 0.0, 1.0 
45.29754902002759, 26.697224680741837, 0.0, 0.0, 1.0 
20.25223795239604, 31.25707056148904, 0.0, 0.0, 1.0 
10.27245617952771, 45.21372216592281, 0.0, 0.0, 1.0 
55.52235949072223, 27.00015783545086, 0.0, 0.0, 1.0 
0.5032162732309, 9.47006492671506, 0.0, 0.0, 1.0 
0.46827808704823637, 4.05965915302013, 0.0, 0.0, 1.0 
49.39459126522621, 26.904703463100017, 0.0, 0.0, 1.0 
5.7773258310629405, 24.42041302563526, 0.0, 0.0, 1 
45.14723519994086, 51.39200136447892, 0.0, 0.0, 1.0 
36.52172761885247, 8.9819177682879, 0.0, 0.0, 1.0 
51.22191617019534, 12.95784355327509, 0.0, 0.0, 1.0 
31.256833519956547, 8.042624177413657, 0.0, 0.0, 1.0 
40.22660056295924, 35.583329824200405, 0.0, 0.0, 1.0 
16.948550971484245, 30.043583552071134, 0.0, 0.0, 1.0 
21.476810413864197, 42.90559211272641, 0.0, 5.757413877657588, 1.8000000000000007 
51.21556924911511, 7.563687234881707, 0.0, 0.0, 1.0 
18.58428914942574, 6.296812212556654, 0.0, 0.0, 1.0 
14.167592906087034, 17.82891769061809, 0.0, 0.0, 1.0 
6.646130277264911, 37.03924451574783, 0.0, 0.0, 1.0 
20.445855596462355, 11.486254389011615, 0.0, 0.0, 1.0 
11.954210841661125, 33.997170051153255, 0.0, 0.0, 1 
32.93641675998164, 59.65667094928596, 0.0, 0.0, 1.0 
11.800128949112121, 9.131474248591662, 0.0, 0.0, 1.0 
6.747578142562844, 2.70350970617207, 0.0, 0.0, 1.0 
4.096284339052827, 19.23330208126813, 0.0, 0.0, 1.0 
17.39307088084581, 51.36864682323519, 0.0, 0.0, 1.0 
22.489835132153004, 37.49595548930857, 0.0, 0.0, 1.0 
56.68598275040694, 32.27996763689471, 0.0, 0.0, 1.0 
27.367705772368684, 3.2227713076380153, 0.0, 0.0, 1.0 
54.041992541097315, 20.67631817319364, 0.0, 0.0, 1.0 
23.600745424950556, 50.04099648445782, 0.0, 0.0, 1.0 
28.701643609173303, 4.872874504861708, 0.0, 0.0, 1.0 
9.990502977019352, 3.972338219563458, 0.0, 0.0, 1.0 
1.293377736425824, 38.01072475076737, 0.0, 0.0, 1.0 
21.578637592737955, 39.36753251802606, 0.0, 0.0, 1.0 
10.18202282198212, 59.41303107787014, 0.0, 0.0, 1.0 
60.42426527389083, 51.36035411063226, 0.0, 0.0, 1.0 
31.950515663392576, 39.047307193191706, 0.0, 0.0, 1.0 
24.295567378669585, 16.310869789538412, 0.0, 0.0, 1.0 
51.484026974795, 30.491690361484203, 0.0, 0.0, 1.0 
12.118739205616889, 58.948352534379495, 0.0, 0.0, 1.0 
53.585305808499776, 44.64737400344987, 0.0, 0.0, 1.0 
49.47691030426368, 33.97423863804769, 0.0, 0.0, 1.0 
11.365607674075125, 20.040963858455868, 0.0, 0.0, 1.0 
1.3706046993668446, 50.32951282084729, 0.0, 0.0, 1.0 
31.9332138225597, 26.015679738981913, 0.0, 0.0, 1.0 
6.6662564723836155, 43.13404177614941, 0.0, 0.0, 1.0 
36.17227301064748, 28.77567453798546, 0.0, 0.0, 1.0 
32.942998999667395, 40.814659563609695, 0.0, 0.0, 1.0 
15.591744622369655, 44.152037588079224, 0.0, 0.0, 1.0 
43.29059630685869, 30.274047961844413, 0.0, 0.0, 1.0 
57.29735700186526, 19.49400106109367, 0.0, 0.0, 1.0 
6.016055144869453, 4.641046719387964, 0.0, 0.0, 1.0 
2.4284154063650982, 4.437508314543143, 0.0, 0.0, 1.0 
19.373861254953972, 35.363068307216096, 0.0, 0.0, 1.0 
54.620004025941206, 35.79145916820313, 0.0, 0.0, 1.0 
4.957220379867227, 50.30387524039935, 0.0, 0.0, 1.0 
1.390134056342232, 54.3994824651509, 0.0, 0.0, 1.0 
20.427936864977088, 37.684460078027, 0.0, 0.0, 1.0 
2.0871320277926078, 19.48664989685956, 0.0, 0.0, 1 
51.90118497660603, 59.40078513294059, 0.0, 0.0, 1.0 
19.135587747437683, 42.13072262415023, 0.0, 0.0, 1.0 
30.88824196150198, 47.90186295437827, 0.0, 0.0, 1.0 
32.47341642689455, 29.72920488947291, 0.0, 4.634959541909392, 1.1 
33.290587060801435, 7.712465610469076, 0.0, 0.0, 1.0 
13.45653524120362, 19.718384693757468, 0.0, 0.0, 1.0 
12.03814194132179, 46.200277511882476, 0.0, 0.0, 1.0 
14.385297348614785, 12.38292079030914, 0.0, 0.0, 1.0 
1.405036915556639, 52.347359670859476, 0.0, 0.0, 1.0 
32.729955911709624, 24.00019682381551, 0.0, 0.0, 1.0 
51.8982971166354, 9.475623312362098, 0.0, 0.0, 1.0 
56.845352725944664, 51.36572139456273, 0.0, 0.0, 1.0 
10.2255056056238, 37.003518531611526, 0.0, 0.0, 1.0 
3.064840790016631, 41.11858099552466, 0.0, 0.0, 1.0 
16.600492545437625, 6.611766210390082, 0.0, 0.0, 1.0 
6.669163719856397, 45.21214167101566, 0.0, 0.0, 1.0 
13.798984687469808, 55.4775825880906, 0.0, 0.0, 1.0 
41.13806597938114, 5.645053206353261, 0.0, 0.0, 1.0 
55.94354322024189, 10.267275846506223, 0.0, 0.0, 1.0 
18.204236053812686, 17.208020525340554, 0.0, 0.0, 1 
43.19761875795214, 22.82052868850525, 0.0, 1.100152043871116, 1.2000000000000002 
3.0545504551699247, 43.1612537000826, 0.0, 0.0, 1.0 
47.42835404869942, 44.50132109901586, 0.0, 0.0, 1.0 
33.64147099610313, 16.69323858803054, 0.0, 0.0, 1.0 
3.0391527850131443, 10.00516864907615, 0.0, 3.416767348431539, 2.100000000000001 
17.359245962477186, 55.47903568244002, 0.0, 0.0, 1.0 
11.130449094483566, 25.427186058640515, 0.0, 0.0, 1.0 
55.864784264021246, 41.221543615608375, 0.0, 6.148891317828947, 1.1 
16.20432319179332, 31.940754117569863, 0.0, 0.0, 1.0 
12.037220839093969, 44.18156569804409, 0.0, 0.0, 1.0 
24.633081166714344, 5.444640361380206, 0.0, 0.0, 1.0 
4.985348618080357, 56.40270379538897, 0.0, 0.0, 1.0 
14.032096969654935, 3.3717287657722053, 0.0, 0.0, 1.0 
15.510768576970191, 33.90531779053782, 0.0, 0.0, 1.0 
20.73024455358653, 41.19305715108085, 0.0, 0.0, 1.0 
11.275482265746989, 5.615153530692239, 0.0, 0.0, 1.0 
39.01438013333967, 55.226964612520526, 0.0, 0.0, 1.0 
55.997882203648345, 21.12512085636675, 0.0, 0.0, 1.0 
30.92233794040221, 51.40531474132983, 0.0, 0.0, 1.0 
55.94678826395434, 15.662539240007284, 0.0, 0.0, 1.0 
29.781155377314125, 11.865101659518551, 0.0, 0.0, 1.0 
13.869775992267911, 53.435073716066086, 0.0, 0.0, 1.0 
20.973734347546568, 47.24078181089593, 0.0, 0.0, 1.0 
58.60233332482413, 56.97407751303118, 0.0, 1.9970954222888064, 1.1 
44.352669586463, 28.501860041423857, 0.0, 0.0, 1.0 
15.94453801521208, 22.96299569945955, 0.0, 0.0, 1.0 
48.303773706106874, 25.09089615965165, 0.0, 0.0, 1.0 
49.86128311719032, 9.135646165168515, 0.0, 0.0, 1.0 
29.613389615794905, 17.305774993169113, 0.0, 0.0, 1.0 
53.599310967096606, 34.00908468116418, 0.0, 0.0, 1.0 
36.98806230887386, 55.04879936990496, 0.0, 0.0, 1.0 
18.456530167132517, 26.17155518449837, 0.0, 0.0, 1.0 
43.18834376926053, 11.529971085746638, 0.0, 0.0, 1.0 
9.781689055531082, 9.441707043589844, 0.0, 0.0, 1.0 
42.311994940563686, 32.051022218206974, 0.0, 0.0, 1.0 
14.586021702655614, 6.923243482513198, 0.0, 0.0, 1.0 
45.21593516484638, 22.952447155203846, 0.0, 0.0, 1.0 
60.669292677188785, 7.554799385468788, 0.0, 0.0, 1.0 
13.838345286178168, 41.060931885927744, 0.0, 0.0, 1.0 
29.898148283488883, 35.483371610673785, 0.0, 0.0, 1.0 
3.2365478713261746, 57.39947014636587, 0.0, 0.0, 1.0 
25.5375291489732, 58.904213474325196, 0.0, 0.0, 1.0 
7.57750235921697, 15.123478919860158, 0.0, 0.0, 1.0 
19.15810544713794, 50.29968188581856, 0.0, 0.0, 1.0 
17.323978086257146, 4.695755187825642, 0.0, 0.0, 1.0 
54.62192730717462, 32.2784313251601, 0.0, 0.0, 1.0 
16.177859946265443, 17.501762606296005, 0.0, 0.0, 1.0 
53.92256668223789, 4.470274706169142, 0.0, 0.0, 1.0 
39.195918620813806, 26.730080578584186, 0.0, 0.0, 1.0 
15.612352073562759, 42.0975873031774, 0.0, 0.0, 1.0 
55.19971895773937, 48.34608082419061, 0.0, 0.0, 1.0 
43.866552088021315, 52.969779530719336, 0.0, 0.0, 1.0 
3.2246277713527935, 55.39115178520767, 0.0, 0.0, 1.0 
38.00108538826457, 25.082758705531365, 0.0, 0.0, 1.0 
49.44437163761328, 30.448100516087045, 0.0, 0.0, 1.0 
15.441336677263122, 60.313564123841175, 0.0, 0.0, 1.0 
30.162227721351613, 1.0590228332568785, 0.0, 0.0, 1.0 
19.15997680792165, 44.154124391084274, 0.0, 0.0, 1.0 
33.98595857588578, 42.62016710364937, 0.0, 0.0, 1.0 
33.85034975105274, 57.78737621904346, 0.0, 0.0, 1.0 
21.004301759930016, 29.33695223449647, 0.0, 0.0, 1.0 
52.56593439487178, 21.931411095549628, 0.0, 0.0, 1.0 
29.450584939543848, 2.965702587505055, 0.0, 0.0, 1.0 
50.572334531401, 21.726144402391302, 0.0, 0.0, 1.0 
6.257692131191613, 13.52727245307049, 0.0, 0.0, 1.0 
29.88304533815493, 46.15632395446815, 0.0, 0.0, 1.0 
14.73886521228614, 1.4105462695105753, 0.0, 0.0, 1.0 
25.00576746637868, 55.34362561775107, 0.0, 0.0, 1.0 
23.864779657551438, 27.165139117469398, 0.0, 0.0, 1.0 
34.57654466062953, 9.323678282738, 0.0, 0.0, 1.0 
21.18053372815055, 9.553538848125195, 0.0, 0.0, 1.0 
41.24239027349187, 26.637619132180042, 0.0, 0.0, 1.0 
35.38112615738487, 7.295371458261475, 0.0, 0.0, 1.0 
24.65731214670849, 34.080326568885646, 0.0, 0.0, 1.0 
47.916303429275246, 53.34955564437866, 0.0, 0.0, 1.0 
26.1213206909874, 1.6269920422004966, 0.0, 0.0, 1.0 
6.689602206885448, 49.296101259282004, 0.0, 0.0, 1.0 
6.7280770451514265, 51.337374524177335, 0.0, 0.0, 1 
23.155108618480387, 9.269746586945057, 0.0, 0.0, 1.0 
45.37099042306336, 37.4586370080334, 0.0, 0.0, 1.0 
20.527051828852272, 25.864949828064994, 0.0, 0.0, 1.0 
20.245699695177684, 16.902482935565168, 0.0, 0.0, 1 
49.52911901588257, 37.4874037427777, 0.0, 0.0, 1.0 
36.0826759351732, 53.24069271575387, 0.0, 0.0, 1.0 
18.767308308953393, 0.8665827937535008, 0.0, 0.0, 1.0 
56.54389251440502, 12.160497183217426, 0.0, 0.0, 1.0 
12.06513951478088, 52.38563877253462, 0.0, 0.0, 1 
22.23531735008892, 57.55472375150412, 0.0, 0.0, 1.0 
45.34740461720312, 44.44824445243041, 0.0, 0.0, 1.0 
22.7012819462673, 48.19403495232976, 0.0, 0.0, 1.0 
41.78656033884927, 57.550494341395655, 0.0, 0.0, 1.0 
15.607977955381608, 48.281705086571726, 0.0, 0.0, 1.0 
25.355117727546176, 3.5384222478481897, 0.0, 0.0, 1.0 
25.94882967078758, 7.0574578773367, 0.0, 0.0, 1.0 
51.54927379464518, 34.0133401116037, 0.0, 0.0, 1.0 
21.006508073555622, 49.28037789267039, 0.0, 0.0, 1.0 
54.66555468942343, 39.342907023480215, 0.0, 0.0, 1.0 
54.49351724353552, 25.231702640015254, 0.0, 0.0, 1.0 
52.555014267977135, 11.416488481431431, 0.0, 0.0, 1.0 
41.11619062264506, 0.26962300694262853, 0.0, 0.0, 1.0 
31.78448391125988, 11.532425298685853, 0.0, 0.0, 1.0 
31.65353138217078, 16.9960743120231, 0.0, 0.0, 1.0 
21.017165165748864, 55.7856609337115, 0.0, 0.0, 1.0 
51.529229104057144, 44.64280976717906, 0.0, 0.0, 1.0 
5.596836241301677, 9.89716005669161, 0.0, 3.673704853479384, 1.1 
58.6484588463809, 17.927142121458324, 0.0, 0.0, 1.0 
47.19488063981568, 6.819073392477785, 0.0, 0.0, 1.0 
16.44081876972291, 26.47217313399659, 0.0, 0.0, 1.0 
15.630534396607992, 13.96989325257092, 0.0, 0.0, 1.0 
49.248649128845145, 57.14858336587301, 0.0, 0.0, 1.0 
39.27025909456175, 16.23512902073193, 0.0, 0.0, 1 
22.709572775419772, 44.51396697131056, 0.0, 0.0, 1.0 
1.8298501197484214, 2.4802237487622203, 0.0, 0.0, 1.0 
55.66599893829697, 30.516399039653336, 0.0, 0.0, 1 
45.85470725942011, 2.9321631157163393, 0.0, 0.0, 1.0 
39.749602804785845, 57.198828796513, 0.0, 0.0, 1.0 
29.868068132569036, 49.660684711885715, 0.0, 0.0, 1.0 
21.512275581264415, 18.549247561626338, 0.0, 0.0, 1.0 
43.83969537279936, 7.987798372796825, 0.0, 0.0, 1.0 
60.38548885186778, 53.40371709770333, 0.0, 0.0, 1.0 
13.792326034216158, 36.99109224240707, 0.0, 0.0, 1.0 
30.716770851491493, 24.389872343476238, 0.0, 0.0, 1.0 
8.440384660491631, 40.10679941352366, 0.0, 0.0, 1.0 
27.78608316948878, 49.72113452487618, 0.0, 0.0, 1.0 
57.79111444592128, 34.044748916873345, 0.0, 0.0, 1.0 
42.53894172644359, 15.046880521641464, 0.0, 0.0, 1.0 
6.085869519576168, 18.92140478132085, 0.0, 0.0, 1.0 
38.854310620644355, 5.432459255281161, 0.0, 0.03639424606461746, 1.1 
0.3659895936852559, 14.75290534016741, 0.0, 0.0, 1 
33.656572816057896, 31.609208769013577, 0.0, 4.6881054436633445, 1.1 
39.84446073511957, 18.180050173451544, 0.0, 0.0, 1.0 
11.441702481446649, 0.1428905703912669, 0.0, 0.0, 1.0 
16.031318643352268, 3.046073786630964, 0.0, 0.0, 1.0 
50.519119774837314, 39.286888082865794, 0.0, 0.0, 1.0 
49.49563719590861, 41.057888369725674, 0.0, 0.0, 1.0 
7.74816968943608, 9.691775179681045, 0.0, 0.0, 1.0 
43.151133259051164, 0.6398307371775905, 0.0, 0.0, 1.0 
3.071741610713994, 36.9749090126169, 0.0, 0.0, 1.0 
31.466768015055045, 22.433571814193577, 0.0, 0.0, 1.0 
28.840843516210857, 60.24261542525905, 0.0, 0.0, 1.0 
35.14731285578985, 12.857266494146952, 0.0, 0.0, 1.0 
25.57863332758383, 32.258060908748064, 0.0, 0.0, 1.0 
27.594184165285352, 17.61112383416096, 0.0, 0.0, 1 
38.79819244755988, 60.74315548951369, 0.0, 3.0034886834522996, 1.3000000000000003 
40.16985027499616, 39.06543294745107, 0.0, 0.0, 1.0 
12.846696702001822, 30.548613414486134, 0.0, 0.0, 1.0 
40.47422614678497, 59.124069340706, 0.0, 0.0, 1.0 
47.83123090280348, 14.161971451580085, 0.0, 0.0, 1.0 
47.40452052882119, 33.91943306093231, 0.0, 0.0, 1.0 
53.45120256817755, 23.526307041932842, 0.0, 0.0, 1 
48.5400218202535, 10.695461386729848, 0.0, 0.0, 1.0 
31.081694518097983, 13.447984948704827, 0.0, 0.0, 1 
13.29667210960758, 5.25607555258368, 0.0, 0.0, 1.0 
44.199060315659686, 24.754916706703398, 0.0, 0.0, 1.0 
56.55855070921225, 1.3544111195125588, 0.0, 0.0, 1.0 
12.018940200811304, 38.03261795321957, 0.0, 0.0, 1.0 
10.196830257896512, 34.92140592880819, 0.0, 0.0, 1.0 
10.732122589703078, 30.84783294495379, 0.0, 0.0, 1.0 
60.11046679999795, 21.548002936280803, 0.0, 0.0, 1 
29.964162032243756, 26.34902486635402, 0.0, 0.0, 1.0 
8.550116433666282, 56.502545694244894, 0.0, 0.6287744281456266, 1.1 
37.637544322813255, 1.593365208153978, 0.0, 3.600456084197715, 1.1 
35.020524586916615, 18.297262206487126, 0.0, 3.7287087711146545, 1.1 
58.61070921816775, 12.546431270298708, 0.0, 0.0, 1.0 
3.841235084934615, 2.9243821827494476, 0.0, 0.0, 1.0 
46.35585832031286, 28.592645973929812, 0.0, 0.0, 1.0 
38.111796214516936, 53.34537682296086, 0.0, 0.0, 1.0 
35.107772015501936, 27.181385984567243, 0.0, 0.0, 1.0 
32.200672471557986, 20.508048607916173, 0.0, 0.0, 1.0 
0.7572428464794289, 17.787750988465103, 0.0, 0.0, 1.0 
12.013049739866354, 48.26592363982901, 0.0, 0.0, 1.0 
47.209127445959936, 1.4010771588901694, 0.0, 0.0, 1.0 
14.868053739750442, 30.319939138250195, 0.0, 0.0, 1.0 
56.64240206853576, 28.753177535221074, 0.0, 0.0, 1 
17.433237896337214, 53.4443124222464, 0.0, 0.0, 1.0 
37.541304168659536, 7.045863948392309, 0.0, 5.548534753122101, 1.1 
20.067705720936846, 2.5123646898739826, 0.0, 0.0, 1.0 
27.792203992158807, 46.20052727599153, 0.0, 0.0, 1.0 
18.081346923547972, 2.764546522033112, 0.0, 0.0, 1.0 
60.27851078840313, 43.160814893547474, 0.0, 0.0, 1.0 
48.46451503215692, 42.77897729737071, 0.0, 0.0, 1.0 
41.30979340516754, 30.272960237509384, 0.0, 0.0, 1.0 
50.52003456067402, 11.05893230245974, 0.0, 0.0, 1 
20.60272237572884, 6.032424378245602, 0.0, 0.0, 1.0 
12.345768181245896, 27.0490630120754, 0.0, 0.0, 1.0 
57.29212345177035, 14.087190806667126, 0.0, 0.0, 1 
48.45037229913469, 46.32090234067076, 0.0, 0.0, 1.0 
1.011654474245107, 30.190934511525455, 0.0, 0.0, 1.0 
1.843095799824484, 31.807694885364434, 0.0, 0.0, 1.0 
21.780077163887277, 27.443542876418523, 0.0, 0.0, 1.0 
47.307560123229806, 23.146279136583445, 0.0, 0.0, 1.0 
24.769895911726742, 44.485604389915274, 0.0, 0.0, 1.0 
36.09934554116111, 49.66518114854629, 0.0, 0.0, 1.0 
33.9889750731618, 46.11599237302041, 0.0, 0.0, 1.0 
28.89623101369966, 40.86952967656016, 0.0, 0.0, 1.0 
31.740752828243455, 31.698205956372433, 0.0, 4.482356257132003, 1.1 
0.1486784282495612, 19.71857636582267, 0.0, 0.0, 1 
52.41515899294692, 25.233408627226694, 0.0, 0.0, 1.0 
12.019242385387194, 3.6548449968468857, 0.0, 0.0, 1.0 
45.24674792995132, 47.95429817194971, 0.0, 0.0, 1.0 
24.024158031583212, 21.725844062334073, 0.0, 0.0, 1.0 
44.32128789692172, 42.70356338459526, 0.0, 0.0, 1.0 
21.699032136770224, 13.089116977657676, 0.0, 0.0, 1.0 
48.57129337130043, 16.086230186604787, 0.0, 0.0, 1 
1.8368326348368804, 13.50219259398143, 0.0, 3.9821702839358792, 1.2000000000000002 
55.66786007665003, 34.00138150865336, 0.0, 0.0, 1.0 
56.47334293446246, 25.22209245697774, 0.0, 0.0, 1 
42.46934428736112, 20.681269408502796, 0.0, 5.1151854396830565, 1.2000000000000002 
34.78390910002128, 3.9273514831044065, 0.0, 0.0, 1.0 
12.38260015008846, 12.663837140858806, 0.0, 0.0, 1.0 
47.22598914569471, 12.23950065111814, 0.0, 0.0, 1.0 
7.011970495353599, 26.016252453971674, 0.0, 0.0, 1.0 
55.195156158829256, 52.65084167242811, 0.0, 0.0, 1.0 
55.934532769828415, 60.17767097806289, 0.0, 0.0, 1.0 
27.19488478125983, 28.48135870822584, 0.0, 0.0, 1.0 
51.9191899786659, 14.884084161823342, 0.0, 0.0, 1.0 
2.8401871966557755, 17.595270510669454, 0.0, 0.0, 1.0 
25.82820734888329, 53.44272866940134, 0.0, 0.0, 1.0 
3.2583698542774613, 0.9978061601710433, 0.0, 0.0, 1.0 
53.932341345969256, 59.768547773789216, 0.0, 0.0, 1.0 
58.5521334759482, 48.2568151422537, 0.0, 0.0, 1.0 
18.960512387908924, 15.321955756718591, 0.0, 0.0, 1 
60.31614942930773, 34.68823114720937, 0.0, 0.0, 1.0 
15.830805189530096, 8.53147926680509, 0.0, 0.0, 1.0 
16.77975109243016, 1.1309883783210422, 0.0, 0.0, 1.0 
36.07667384556007, 46.159621496067665, 0.0, 0.0, 1.0 
17.40154141586129, 43.11855151382003, 0.0, 0.0, 1.0 
35.53715463748457, 1.9027939366890967, 0.0, 2.339446706810347, 1.1 
43.12367819793109, 6.057178594196268, 0.0, 0.0, 1.0 
20.24696049383348, 57.84562821896147, 0.0, 0.0, 1.0 
19.689314084786012, 13.37368736402461, 0.0, 0.0, 1.0 
9.619511058399972, 14.832226823147433, 0.0, 0.0, 1.0 
54.59254411926776, 11.832885571615353, 0.0, 0.0, 1.0 
12.876435612375527, 16.21922419643161, 0.0, 0.0, 1.0 
3.7168382095658075, 24.650638080677044, 0.0, 0.0, 1.0 
15.519529747121315, 35.96922803404151, 0.0, 0.0, 1.0 
0.4077231373079479, 59.523644122491085, 0.0, 0.0, 1.0 
1.1782958467442086, 11.409322372155575, 0.0, 0.0, 1.0 
40.49148025803068, 3.75850053455802, 0.0, 0.0, 1.0 
15.304792904265785, 4.94683729116442, 0.0, 0.0, 1.0 
53.6238370265181, 41.10138181511628, 0.0, 0.0, 1.0 
42.29341476849571, 28.46174194606557, 0.0, 0.0, 1.0 
4.886071139894925, 60.50091649313613, 0.0, 0.0, 1.0 
15.623890235757798, 50.338061311322356, 0.0, 0.0, 1.0 
51.39557510794136, 48.26607866305322, 0.0, 0.0, 1.0 
24.980600739638675, 14.405598918385827, 0.0, 0.0, 1 
35.68008602583277, 56.85005558623392, 0.0, 0.0, 1.0 
50.46570827922829, 46.41031390864648, 0.0, 0.0, 1.0 
46.38769484580817, 42.719576145518836, 0.0, 0.0, 1.0 
36.043940292209335, 38.995618352292034, 0.0, 0.0, 1.0 
4.136189817759288, 8.374973729012298, 0.0, 3.1550365790506683, 1.2000000000000002 
7.192434896417651, 0.726886759259884, 0.0, 3.397763623711174, 1.1 
51.86471087482124, 20.229476324905704, 0.0, 0.0, 1.0 
37.504382877523724, 16.130000981284898, 0.0, 0.0, 1.0 
48.439594838262906, 32.21697669978291, 0.0, 0.0, 1.0 
5.257358677530924, 1.5393690615200564, 0.0, 0.0, 1.0 
30.90794262636878, 59.96224479230363, 0.0, 0.0, 1.0 
44.497964621739214, 59.89914103856544, 0.0, 0.0, 1.0 
38.199866058160815, 28.57740581394404, 0.0, 0.0, 1.0 
49.92690747020521, 59.05638155140362, 0.0, 0.0, 1.0 
38.06333778005259, 49.718251117082374, 0.0, 0.0, 1.0 
57.94690261977734, 16.018034950286513, 0.0, 0.0, 1.0 
17.42072687461959, 45.214760463707705, 0.0, 0.0, 1.0 
4.991617211688339, 54.405973746040594, 0.0, 0.0, 1.0 
34.91643590296618, 33.52934904163517, 0.0, 4.377983746877618, 1.1 
8.46742005758456, 46.22674465438327, 0.0, 0.0, 1.0 
45.94148629918316, 53.11604427384974, 0.0, 0.0, 1.0 
19.76547441790741, 27.74964396187138, 0.0, 0.0, 1.0 
6.816350869988797, 31.187469566875187, 0.0, 0.0, 1.0 
10.276657476171234, 51.370676203540214, 0.0, 0.0, 1.0 
33.08995733542583, 54.833153480300524, 0.0, 0.0, 1.0 
