position_x,position_y,position_z,orientation,aspect_ratio
14.384375964373643, 22.026408504178523, 0.0, 0.0, 1.0 
60.251758821663714, 6.466054817470338, 0.0, 0.0, 1.0 
28.218889152797384, 9.280914655025205, 0.0, 0.0, 1.0 
12.082086020863109, 8.895106135528042, 0.0, 0.0, 1.0 
26.48985595415175, 50.10718629294723, 0.0, 0.0, 1.0 
19.28691818699304, 48.54950629781045, 0.0, 0.0, 1.0 
2.6415948897269503, 0.2260730171204448, 0.0, 0.0, 1 
58.405890204764766, 5.515487204029624, 0.0, 0.0, 1.0 
27.297225862552608, 41.15074201300704, 0.0, 0.0, 1.0 
1.8539820878974422, 21.661099539009374, 0.0, 0.0, 1.0 
6.385223016107403, 2.067771529587525, 0.0, 0.0, 1.0 
47.65572850276796, 3.731559734712795, 0.0, 0.0, 1.0 
36.011991258008685, 55.12313884521114, 0.0, 0.0, 1.0 
19.191533745469197, 44.96330237724784, 0.0, 0.0, 1.0 
3.2981484736697646, 12.41042959363959, 0.0, 0.0, 1.0 
22.98147997731126, 12.467338367843002, 0.0, 0.0, 1.0 
8.454749266615487, 30.987709800625403, 0.0, 0.0, 1.0 
26.515948946629337, 12.38119759425724, 0.0, 0.0, 1.0 
3.488486251896495, 36.39446209639798, 0.0, 0.0, 1 
44.77054973172323, 38.83494514362816, 0.0, 0.0, 1.0 
23.381604255331265, 48.38990018267566, 0.0, 0.0, 1.0 
27.67665174503696, 55.353436105486, 0.0, 0.0, 1.0 
51.329247172044106, 56.26946583530728, 0.0, 0.0, 1.0 
55.373090554109545, 19.91656533087157, 0.0, 0.0, 1.0 
22.83183358337799, 8.327346839524592, 0.0, 0.0, 1.0 
48.07629381075338, 47.552033486628474, 0.0, 0.0, 1.0 
26.59430591278924, 14.412726255846977, 0.0, 0.0, 1.0 
37.21338209218315, 12.173291787511271, 0.0, 0.0, 1.0 
23.14003042828563, 16.568416637677196, 0.0, 0.0, 1.0 
39.573977803035376, 37.19390663020925, 0.0, 0.0, 1.0 
8.694431334767488, 13.15450470218213, 0.0, 0.0, 1.0 
2.490062210058144, 38.208086035258695, 0.0, 0.0, 1.0 
0.2408538141308757, 24.814736082006696, 0.0, 0.0, 1.0 
37.568601966790965, 24.42248738033921, 0.0, 0.0, 1.0 
47.56251506439106, 29.87835560184781, 0.0, 0.0, 1.0 
35.132314607395436, 59.7481610988413, 0.0, 0.0, 1.0 
57.44754752474665, 25.336423417222782, 0.0, 1.5465333552596905, 1.6000000000000005 
22.666254996877303, 2.129795915041486, 0.0, 0.0, 1.0 
4.856479638756238, 7.214423136305929, 0.0, 0.0, 1.0 
0.22103659962169825, 31.181517739690975, 0.0, 0.0, 1.0 
13.463894565034447, 55.785578894393296, 0.0, 0.0, 1.0 
44.579242938277815, 31.7283103522531, 0.0, 0.0, 1.0 
8.859020777473571, 17.19749614762955, 0.0, 0.0, 1.0 
25.40163506719868, 34.01624781666021, 0.0, 0.0, 1.0 
37.342713624028015, 16.250096910922455, 0.0, 0.0, 1.0 
47.86352110363069, 9.930828000879554, 0.0, 0.0, 1 
8.585757009715069, 34.5205027506348, 0.0, 0.0, 1.0 
42.59761829938514, 35.34055680066802, 0.0, 0.0, 1.0 
32.204173062767815, 23.543333618986303, 0.0, 0.0, 1.0 
49.77669250712448, 33.2903627473171, 0.0, 0.0, 1.0 
57.17909346597117, 41.90443566592788, 0.0, 0.0, 1.0 
53.05330049272449, 42.088024424453515, 0.0, 0.0, 1.0 
45.65260025403259, 33.4567355212869, 0.0, 0.0, 1.0 
36.95429236339153, 1.9289619118768597, 0.0, 0.0, 1.0 
16.800657831226005, 34.35227064576146, 0.0, 0.0, 1.0 
15.65995481482245, 8.732292203670625, 0.0, 0.0, 1.0 
21.123547658117733, 11.473008515892392, 0.0, 0.0, 1.0 
5.800873330098287, 27.55057732421709, 0.0, 0.0, 1.0 
6.827299906295699, 12.214763675758375, 0.0, 0.0, 1.0 
60.608347711270106, 16.655355749235106, 0.0, 0.0, 1.0 
33.75826357121001, 16.32100582974604, 0.0, 0.0, 1.0 
51.013563468114164, 42.1611177469091, 0.0, 0.0, 1.0 
42.55642630143974, 11.047217363480039, 0.0, 0.0, 1.0 
59.09416941319014, 34.8040089930629, 0.0, 0.0, 1.0 
33.55445203369214, 8.128143319220651, 0.0, 0.0, 1.0 
31.83659828488856, 11.230288201369918, 0.0, 0.0, 1.0 
0.7643325921945737, 48.85673576041001, 0.0, 0.0, 1 
14.486347300349111, 24.037952158012224, 0.0, 0.0, 1 
28.634448128570597, 53.59826037127606, 0.0, 0.0, 1.0 
5.969719430875836, 50.466016736266134, 0.0, 0.0, 1.0 
1.348819332120038, 9.44188480906052, 0.0, 0.0, 1.0 
12.663890363584862, 23.121622071150618, 0.0, 0.0, 1.0 
52.94110899156039, 2.6159375939226837, 0.0, 0.0, 1.0 
42.78068563122063, 42.43056474968272, 0.0, 0.0, 1.0 
32.30199486425914, 35.69033361064144, 0.0, 0.0, 1.0 
12.685607428705463, 30.999047784983087, 0.0, 0.0, 1.0 
55.16217296121361, 13.764378979274719, 0.0, 0.0, 1.0 
44.107546086957754, 51.2606904896457, 0.0, 0.0, 1.0 
39.41461948040474, 25.412022704240464, 0.0, 0.0, 1.0 
54.84445034520798, 5.647613970517136, 0.0, 0.0, 1 
23.476145273382873, 51.97407848740539, 0.0, 0.0, 1.0 
17.335144794972777, 52.24670681480706, 0.0, 5.132653212190972, 1.1 
13.014293042557798, 45.08182448933634, 0.0, 0.0, 1.0 
6.582347872272489, 6.130270256494723, 0.0, 0.0, 1.0 
32.476078933432, 31.769072226480834, 0.0, 0.0, 1.0 
18.32915455774514, 54.06425606330397, 0.0, 5.335662751921724, 1.1 
15.978686481591788, 39.72378893281565, 0.0, 0.0, 1.0 
8.912968026482748, 45.14446571545863, 0.0, 0.0, 1.0 
1.9906870318725378, 54.07686947024765, 0.0, 0.0, 1 
54.725317201063476, 58.16761856131338, 0.0, 1.7782146930707428, 1.2000000000000002 
16.03468315827335, 58.916542201794215, 0.0, 0.0, 1.0 
44.64163146576465, 22.168799422101497, 0.0, 0.0, 1.0 
56.425645431162955, 50.7279178451767, 0.0, 0.0, 1 
20.35487332777459, 50.277147538843685, 0.0, 0.0, 1.0 
23.018153763281248, 14.524415709557426, 0.0, 0.0, 1.0 
9.753472514939586, 39.806419250338735, 0.0, 0.0, 1.0 
25.109445933493284, 23.75912158460068, 0.0, 0.0, 1.0 
3.355514495293007, 32.86075468312343, 0.0, 0.0, 1.0 
33.36814111241645, 37.36994858863574, 0.0, 0.0, 1.0 
7.050938332604784, 52.25212814242655, 0.0, 0.0, 1.0 
8.03373239683415, 50.42458726301098, 0.0, 0.0, 1.0 
1.5825711116984553, 15.51929686835745, 0.0, 0.0, 1.0 
4.896768926570865, 48.75060444073186, 0.0, 0.0, 1.0 
2.087173049312956, 25.695981838340316, 0.0, 0.0, 1.0 
57.30271242024856, 22.95533574718231, 0.0, 0.0, 1.0 
5.44561837009694, 32.81127261256492, 0.0, 0.0, 1.0 
3.322792384244916, 14.417326262156484, 0.0, 0.0, 1.0 
12.086454571478114, 46.843642593844585, 0.0, 0.0, 1.0 
23.514938488948243, 55.498712376906184, 0.0, 0.0, 1.0 
10.270533129727186, 7.955044113342472, 0.0, 0.0, 1.0 
21.667773062522222, 25.886197799010684, 0.0, 0.0, 1.0 
37.67499867343402, 44.34317111737548, 0.0, 0.0, 1.0 
18.27164799484955, 30.054664391473576, 0.0, 0.0, 1.0 
5.6462189125627535, 39.88014601298365, 0.0, 0.0, 1.0 
38.68054206600689, 42.5741934393561, 0.0, 0.0, 1.0 
28.746315317198196, 25.7190476578109, 0.0, 0.0, 1.0 
10.292684652776014, 57.42293879444008, 0.0, 0.0, 1.0 
9.01879902407262, 48.69406221826055, 0.0, 0.0, 1.0 
36.52889298155459, 39.08867691203034, 0.0, 0.0, 1.0 
16.34440057518458, 54.23640558855064, 0.0, 1.7830137394681156, 1.2000000000000002 
35.53437286566607, 40.85342464776804, 0.0, 0.0, 1.0 
17.043641862638967, 41.410791666975406, 0.0, 0.0, 1.0 
13.8853975516041, 39.74739900967265, 0.0, 0.0, 1.0 
37.393447371731455, 18.287894612985095, 0.0, 0.0, 1.0 
18.098419417182182, 43.17431206930648, 0.0, 0.0, 1.0 
28.579641392856576, 21.61330006967077, 0.0, 0.0, 1.0 
59.97920849192738, 59.32418552305449, 0.0, 0.0, 1 
1.4101369229460075, 11.463399713032988, 0.0, 0.0, 1.0 
59.081521913867846, 21.807488294240333, 0.0, 0.0, 1.0 
14.750922555073743, 34.440224967406856, 0.0, 0.0, 1.0 
19.515243539419266, 59.13639258512276, 0.0, 0.0, 1.0 
53.0224660816543, 38.55446928624411, 0.0, 0.0, 1.0 
59.27533127734325, 25.875594078148126, 0.0, 0.0, 1.0 
50.95198897393292, 58.30815832244714, 0.0, 0.0, 1.0 
24.159906333112808, 39.46092557388334, 0.0, 0.0, 1.0 
6.936851712965907, 14.27268205713594, 0.0, 0.0, 1.0 
51.8364852663276, 33.24347581257238, 0.0, 0.0, 1.0 
28.85349497952194, 29.87373465102703, 0.0, 0.0, 1.0 
40.922062485014585, 49.63613111621418, 0.0, 0.0, 1.0 
53.09112967035563, 6.7242031282331025, 0.0, 0.0, 1 
37.69607363476373, 28.516520273143886, 0.0, 0.0, 1.0 
28.51752612411532, 19.520138684875196, 0.0, 0.0, 1.0 
30.348506149853723, 20.53120100611599, 0.0, 0.0, 1.0 
3.7017287597763673, 22.523019671733245, 0.0, 0.0, 1.0 
20.0719371122038, 39.55555643371827, 0.0, 0.0, 1.0 
24.524749790194868, 5.203073420321237, 0.0, 0.0, 1.0 
31.636433998546014, 3.0577822880004017, 0.0, 0.0, 1.0 
30.423570171430317, 42.85429636938532, 0.0, 0.0, 1.0 
9.1035896004174, 23.301270458283266, 0.0, 0.0, 1.0 
44.430756267975134, 14.048842517147019, 0.0, 0.0, 1.0 
24.28938781972593, 43.03757292252356, 0.0, 0.0, 1.0 
51.27649130356944, 5.7491584714608495, 0.0, 0.0, 1.0 
38.42021840077932, 35.23237898547808, 0.0, 0.7360885642842175, 1.7000000000000006 
12.809502683610466, 27.213505433890134, 0.0, 0.0, 1.0 
27.204191968841506, 33.90630549208121, 0.0, 1.660172283450765, 1.7000000000000006 
34.85490164098982, 53.34705185388055, 0.0, 0.0, 1.0 
22.11813226060204, 35.99587303639979, 0.0, 0.0, 1.0 
35.938264169502595, 29.573176052371085, 0.0, 0.0, 1.0 
55.63959108421389, 56.06440889490269, 0.0, 0.0, 1 
40.477501328186136, 60.56047042770096, 0.0, 0.0, 1.0 
58.96260633341336, 19.778031055433985, 0.0, 0.0, 1.0 
32.542928882636446, 42.78647543668764, 0.0, 0.0, 1.0 
1.7233593591216845, 47.03880666005115, 0.0, 0.0, 1 
30.680236777753557, 30.850068822235908, 0.0, 0.0, 1.0 
38.76449927868733, 46.15301602572272, 0.0, 0.0, 1.0 
29.436192473649662, 44.62092798420235, 0.0, 0.0, 1.0 
6.160306349084844, 57.49526783320129, 0.0, 0.0, 1.0 
12.360729110119063, 57.440657491530494, 0.0, 0.0, 1.0 
12.362423521861448, 15.009753813224027, 0.0, 0.0, 1.0 
42.248138767458364, 58.629299608582144, 0.0, 4.733531615506085, 1.9000000000000008 
17.23551767592424, 48.6027784719006, 0.0, 0.0, 1.0 
23.631985088586653, 59.101631069694015, 0.0, 0.0, 1.0 
10.00987902925214, 60.79084882755274, 0.0, 0.0, 1.0 
50.85641886450596, 35.09108548643353, 0.0, 0.0, 1.0 
14.949695243213325, 41.46885097958176, 0.0, 0.0, 1.0 
55.3107023594784, 17.922189937837516, 0.0, 0.0, 1.0 
13.127514599350889, 48.607888681515405, 0.0, 0.0, 1.0 
59.37784118259608, 45.378337086051815, 0.0, 0.0, 1.0 
10.328949246318441, 10.001161314513665, 0.0, 0.0, 1.0 
35.46492672840914, 13.221802449561174, 0.0, 0.0, 1.0 
34.48918827619921, 39.17030061400235, 0.0, 0.0, 1.0 
33.60773159929309, 10.191201904663252, 0.0, 0.0, 1.0 
50.01943444585459, 21.07801786060633, 0.0, 0.0, 1.0 
21.371645183022704, 52.00507694271045, 0.0, 0.0, 1.0 
11.309773737991508, 59.218807674309566, 0.0, 0.0, 1.0 
10.824785135341747, 22.190439039085163, 0.0, 0.0, 1.0 
32.2860314478395, 25.65737935706692, 0.0, 0.0, 1.0 
2.2962852257892687, 31.10035021334005, 0.0, 0.0, 1.0 
49.48295760967866, 4.728170923000899, 0.0, 0.0, 1.0 
13.779896075529045, 36.233892256809774, 0.0, 0.0, 1.0 
7.724461784175144, 39.83161439558909, 0.0, 0.0, 1.0 
49.61356987466626, 8.825262507621217, 0.0, 0.0, 1 
7.270888163072787, 22.370132380351404, 0.0, 0.0, 1.0 
42.898851170486694, 46.00634840594099, 0.0, 0.0, 1.0 
60.72600428423448, 18.668240605538, 0.0, 0.0, 1.0 
51.7959426160411, 20.062912567997856, 0.0, 0.0, 1.0 
52.4476920316943, 54.48303246108482, 0.0, 0.0, 1.0 
11.95149297374917, 43.29377913553942, 0.0, 0.0, 1.0 
10.625068635560242, 16.10809588719071, 0.0, 0.0, 1.0 
3.4198436495711713, 16.454845705216254, 0.0, 0.0, 1.0 
57.10005417605694, 38.43599810613329, 0.0, 0.0, 1.0 
18.83331047228763, 34.29131016118454, 0.0, 0.0, 1.0 
46.984089634337344, 45.833423193854244, 0.0, 0.0, 1 
35.24875843000804, 3.0162944361308464, 0.0, 0.0, 1.0 
3.779294767907668, 24.621675827059246, 0.0, 0.0, 1.0 
41.91114836409426, 47.77572194653859, 0.0, 0.0, 1.0 
6.671681227166037, 8.145116348285123, 0.0, 0.0, 1.0 
54.93407939641172, 34.92966596519961, 0.0, 0.0, 1.0 
52.20409817896919, 47.407330267410266, 0.0, 0.0, 1 
42.1607460009843, 54.850154706497264, 0.0, 0.0, 1.0 
4.80254757579781, 45.21990243937393, 0.0, 0.0, 1.0 
5.215433247699336, 59.283989441274194, 0.0, 0.0, 1.0 
46.03018629355103, 47.61590041921515, 0.0, 0.0, 1.0 
44.75229433857981, 28.310211939379286, 0.0, 0.0, 1.0 
24.840834421767518, 15.50710987418084, 0.0, 0.0, 1.0 
24.48734928786599, 50.195833489630154, 0.0, 0.0, 1.0 
20.01874161967846, 35.98096034558463, 0.0, 0.0, 1.0 
30.408905569632775, 22.601992072069283, 0.0, 0.0, 1.0 
30.526366694947395, 26.728714636343085, 0.0, 0.0, 1.0 
48.29319241766547, 26.167966837705013, 0.0, 0.0, 1.0 
22.787851053289717, 6.291158163598279, 0.0, 0.0, 1.0 
34.353026832823275, 35.47622299440615, 0.0, 1.3487668798107053, 1.3000000000000003 
12.277617369198012, 53.91409915304911, 0.0, 0.0, 1.0 
36.89733319204299, 60.70585983191687, 0.0, 0.0, 1.0 
26.40756979935565, 8.274667576746957, 0.0, 0.0, 1.0 
3.1171792733310966, 8.336635455517634, 0.0, 0.0, 1.0 
31.326779124150114, 37.47691104054566, 0.0, 0.0, 1.0 
19.070485489848565, 41.39468630480346, 0.0, 0.0, 1.0 
33.790978985168856, 51.63130562708854, 0.0, 0.0, 1.0 
44.64998959884509, 35.29597021345569, 0.0, 0.0, 1.0 
43.81349485245864, 40.63148270857937, 0.0, 0.0, 1.0 
53.622686082836395, 56.06428813461026, 0.0, 0.0, 1.0 
32.07594595699764, 19.47342901131527, 0.0, 0.0, 1.0 
52.86964937551904, 34.97727220815319, 0.0, 0.0, 1.0 
42.270815177959676, 0.7584303298153691, 0.0, 0.0, 1.0 
2.052740874208907, 57.64677312173393, 0.0, 0.0, 1.0 
25.36915569675059, 32.000760097366054, 0.0, 0.0, 1.0 
24.96430174909386, 19.65947867124705, 0.0, 0.0, 1.0 
51.1803035644771, 3.6819490028635165, 0.0, 0.0, 1.0 
47.79911881547213, 7.836848440053376, 0.0, 0.0, 1 
12.913653781160134, 41.52471887759547, 0.0, 0.0, 1.0 
6.43966224686608, 31.032072143251945, 0.0, 0.0, 1.0 
56.71731886297116, 57.713883507602475, 0.0, 0.0, 1 
40.84158580472839, 46.085679610820485, 0.0, 0.0, 1.0 
20.188453522634486, 43.14660989320172, 0.0, 0.0, 1.0 
1.4073028769415898, 36.4721003328059, 0.0, 0.0, 1.0 
21.05242306900714, 37.780882175260786, 0.0, 0.0, 1.0 
51.10272714122971, 45.69035995207533, 0.0, 0.0, 1.0 
12.82668290186693, 37.997660057624344, 0.0, 0.0, 1.0 
6.333220953550534, 0.16538700063189346, 0.0, 0.0, 1.0 
34.05050525125717, 24.54029283199398, 0.0, 0.0, 1.0 
56.84650361343184, 10.665454438213064, 0.0, 0.0, 1.0 
44.09181006590939, 3.8352737012344806, 0.0, 0.0, 1.0 
26.60093209572791, 53.66297964113027, 0.0, 0.0, 1.0 
18.030334170673537, 32.47196956121693, 0.0, 2.044191045230741, 1.3000000000000003 
4.476669498959022, 1.0222245028038208, 0.0, 4.748432348742273, 1.1 
26.74709110301678, 18.547871798718507, 0.0, 0.0, 1.0 
43.10636436978228, 53.09744025293898, 0.0, 0.0, 1.0 
46.52879161409444, 25.232602815065107, 0.0, 0.0, 1.0 
12.49626038902311, 19.099385923125435, 0.0, 0.0, 1 
19.412133697864746, 12.602992229597659, 0.0, 0.0, 1.0 
3.2038207117828557, 59.32687806417217, 0.0, 0.0, 1 
27.007415538929713, 26.786546872979294, 0.0, 0.0, 1.0 
36.78748055762508, 49.73263097027823, 0.0, 0.0, 1.0 
59.12403564006738, 23.86263245133402, 0.0, 0.0, 1.0 
38.70540785444585, 59.590832228307306, 0.0, 0.0, 1.0 
46.04617938766185, 8.905427735840126, 0.0, 0.0, 1.0 
9.840898507144372, 43.34869450872145, 0.0, 0.0, 1.0 
23.544429695328894, 28.91385320543529, 0.0, 0.0, 1.0 
31.491420093136526, 44.53214168102464, 0.0, 0.0, 1.0 
20.021568684977122, 31.01383823851534, 0.0, 0.0, 1.0 
49.333500601348334, 0.640084986583712, 0.0, 0.0, 1.0 
8.773204453667011, 41.628793546350465, 0.0, 0.0, 1.0 
10.831228654484267, 30.561635060684658, 0.0, 5.229181438389771, 1.6000000000000005 
52.28831884803051, 50.94301220885357, 0.0, 0.0, 1.0 
59.14446890120261, 38.32269820056359, 0.0, 0.0, 1.0 
11.103437099682054, 28.302885466291766, 0.0, 0.0, 1.0 
60.08201652236652, 2.430876094758296, 0.0, 0.0, 1 
15.327780031490725, 52.18654952142734, 0.0, 0.9209342034993345, 1.1 
23.456014034275007, 26.858107319589987, 0.0, 0.0, 1.0 
60.14620547676195, 36.509113402240565, 0.0, 0.0, 1.0 
19.313622148713446, 55.73797005563687, 0.0, 5.553030108003196, 1.3000000000000003 
23.276586732008173, 20.66844703507383, 0.0, 0.0, 1.0 
49.971955081460436, 19.04563834310705, 0.0, 0.0, 1.0 
1.6680522194840384, 17.581597489914333, 0.0, 0.0, 1.0 
58.7622340863042, 57.76148704687153, 0.0, 0.0, 1.0 
43.41722746681878, 29.887981739353688, 0.0, 0.9704578349957432, 1.2000000000000002 
45.85499731445072, 2.727532031250264, 0.0, 0.0, 1.0 
21.776890657429753, 29.982239669494458, 0.0, 0.0, 1.0 
30.847640918838362, 57.09886978108118, 0.0, 0.0, 1.0 
37.7728057939537, 47.90656991972889, 0.0, 0.0, 1.0 
28.218909933546808, 35.82713628567181, 0.0, 0.0, 1.0 
42.016492013785744, 51.336813914678146, 0.0, 0.0, 1.0 
39.07226648140403, 13.161301627042942, 0.0, 0.0, 1.0 
15.463136353758262, 4.6625875976761355, 0.0, 0.0, 1.0 
24.679949664222796, 9.295087446363242, 0.0, 0.0, 1.0 
27.495022847332518, 48.27538046507036, 0.0, 0.0, 1.0 
26.79192560571085, 20.63095786653373, 0.0, 0.0, 1.0 
26.231028877838703, 39.4219278982346, 0.0, 0.0, 1.0 
57.3204599323399, 45.469467837613244, 0.0, 0.0, 1.0 
41.14530115251746, 24.312319906130615, 0.0, 0.0, 1.0 
55.084083952011795, 11.786790837915982, 0.0, 0.0, 1.0 
2.9266085420412957, 52.31464150556951, 0.0, 0.0, 1 
33.86635621069411, 20.42746538539211, 0.0, 0.0, 1.0 
28.714856055375165, 57.10501022998579, 0.0, 0.0, 1.0 
30.033625913425634, 10.250565076918507, 0.0, 0.0, 1.0 
37.28596058208101, 14.204904987728698, 0.0, 0.0, 1.0 
21.35434227052495, 17.681596418150516, 0.0, 0.0, 1.0 
55.99665548162422, 36.63340725655091, 0.0, 0.0, 1.0 
33.92888620338185, 22.47450984478016, 0.0, 0.0, 1.0 
50.06564337673179, 23.12900552627104, 0.0, 0.0, 1.0 
25.05298560244122, 21.673703366079916, 0.0, 0.0, 1.0 
21.742107043686673, 27.916288358918308, 0.0, 0.0, 1 
60.70911865972573, 54.16644185518634, 0.0, 0.0, 1 
29.764703828558744, 55.34948483472927, 0.0, 0.0, 1.0 
35.45888593828897, 37.29877810436933, 0.0, 0.0, 1.0 
26.464216085426926, 10.294485855159403, 0.0, 0.0, 1.0 
22.721969366941952, 4.194248749433329, 0.0, 0.0, 1.0 
19.23990720876175, 8.460627813396721, 0.0, 0.0, 1.0 
35.76344645402771, 48.01592827084358, 0.0, 0.0, 1.0 
5.345341953008493, 29.291088247227993, 0.0, 0.0, 1.0 
4.566282281428012, 38.1566037334207, 0.0, 0.0, 1 
20.420646424256994, 57.34538013782242, 0.0, 0.0, 1.0 
15.98772839363923, 0.6787063845301455, 0.0, 2.430608101764529, 2.7000000000000015 
44.22019690212508, 7.930956970639923, 0.0, 0.0, 1.0 
42.70501058231307, 38.8771016462125, 0.0, 0.0, 1.0 
7.494747965300142, 32.76593315952329, 0.0, 0.0, 1.0 
9.283001332990455, 27.382086565272253, 0.0, 0.0, 1.0 
29.580211157852936, 48.23414174999005, 0.0, 0.0, 1.0 
20.96341472875727, 5.27964558021477, 0.0, 0.0, 1.0 
21.845444284662705, 32.03769658581293, 0.0, 0.0, 1.0 
40.53453425598357, 3.8546817233132717, 0.0, 0.0, 1.0 
37.63333761430343, 26.50234585826421, 0.0, 0.0, 1.0 
32.71254404349857, 49.894303824608265, 0.0, 0.0, 1.0 
47.54459774055458, 60.4720722141051, 0.0, 0.0, 1.0 
1.1987434520764206, 29.366904437500455, 0.0, 0.0, 1.0 
58.81846622169636, 27.722493809544364, 0.0, 0.0, 1.0 
24.60277257845234, 7.23670830020648, 0.0, 0.0, 1.0 
8.897689060924453, 19.222267314250043, 0.0, 0.0, 1.0 
25.275241602854564, 27.874520250375625, 0.0, 0.0, 1.0 
51.45530645469236, 9.798121265361694, 0.0, 0.0, 1.0 
17.50472307482756, 9.585653928578601, 0.0, 0.0, 1.0 
32.35810753132703, 27.659367263536573, 0.0, 0.0, 1.0 
53.48636316034119, 16.91439158809083, 0.0, 0.0, 1.0 
44.037847929773065, 1.7451185308691048, 0.0, 0.0, 1.0 
51.89519018954294, 24.1518303937693, 0.0, 0.0, 1.0 
10.733177632020924, 38.004903705399094, 0.0, 0.0, 1.0 
40.71432499253994, 7.991881386481416, 0.0, 0.0, 1.0 
49.180623996554516, 49.291799420641716, 0.0, 0.0, 1.0 
25.611023150199262, 55.466842938548794, 0.0, 0.0, 1.0 
25.246082236311153, 41.209843129938896, 0.0, 0.0, 1.0 
28.426509551333627, 15.425941044308692, 0.0, 0.0, 1.0 
26.347913260075167, 6.196370474501996, 0.0, 0.0, 1.0 
9.962634973422395, 1.9251834585564997, 0.0, 0.0, 1.0 
56.37664543381668, 47.23571620704055, 0.0, 0.0, 1.0 
36.43341407871715, 35.57062998058576, 0.0, 0.0, 1.0 
40.91935994296022, 16.181142616326362, 0.0, 0.0, 1.0 
1.106568378980908, 3.3546264226678804, 0.0, 0.0, 1 
14.255482207546423, 17.957769960317766, 0.0, 0.0, 1.0 
33.49619489322912, 40.94495422254669, 0.0, 0.0, 1.0 
15.725390389422094, 32.662788886931324, 0.0, 0.0, 1.0 
46.206142966867596, 13.031736398606336, 0.0, 0.0, 1.0 
16.105249065640056, 43.24268618968643, 0.0, 0.0, 1.0 
35.82597023330285, 51.553005208027656, 0.0, 0.0, 1.0 
8.590555673853206, 11.106260145092222, 0.0, 0.0, 1.0 
35.18953525517871, 0.9699863806772451, 0.0, 0.0, 1.0 
33.397647125748236, 2.0340171223432297, 0.0, 0.0, 1.0 
38.74754457884423, 0.8490215533316806, 0.0, 0.0, 1.0 
11.737935372272677, 36.268870980767446, 0.0, 0.0, 1.0 
48.261714625252246, 24.15715812540237, 0.0, 0.0, 1.0 
27.230897799767, 37.640523352672346, 0.0, 0.0, 1.0 
43.01969456233675, 49.56851564970843, 0.0, 0.0, 1.0 
28.466962329801902, 46.45976221468788, 0.0, 0.0, 1.0 
41.32883737398612, 30.41056086231927, 0.0, 0.0, 1.0 
29.66514875201149, 51.76851261219632, 0.0, 0.0, 1.0 
1.2583005740180855, 7.40492546265167, 0.0, 0.0, 1 
53.65275047146462, 21.035966719460564, 0.0, 0.0, 1.0 
22.547006624209313, 57.35618076843129, 0.0, 0.0, 1.0 
17.813608776199345, 17.774038292945768, 0.0, 0.0, 1.0 
46.11897015935429, 10.953341311098931, 0.0, 0.0, 1.0 
9.001828958258953, 21.291820397962617, 0.0, 0.0, 1.0 
44.50947402609807, 16.114558661637886, 0.0, 0.0, 1.0 
47.56457257323204, 1.7086749533530012, 0.0, 0.0, 1.0 
51.3368595322336, 52.737086168591595, 0.0, 0.0, 1.0 
15.250989794889684, 56.858907584395915, 0.0, 4.415798826927909, 1.3000000000000003 
26.414133679154126, 46.52854092304712, 0.0, 0.0, 1.0 
51.73572842623566, 17.999423831348324, 0.0, 0.0, 1.0 
35.76816654880715, 23.470734385924647, 0.0, 0.0, 1.0 
7.24629555237457, 59.254572487369316, 0.0, 0.0, 1.0 
36.03181745408327, 31.674915994704993, 0.0, 0.0, 1.0 
39.470709199119, 27.467641572870786, 0.0, 0.0, 1.0 
2.701585107854953, 45.276528015318306, 0.0, 0.0, 1.0 
29.052736283071955, 33.990742369472464, 0.0, 0.0, 1.0 
38.02762655293171, 55.03996478234588, 0.0, 0.0, 1.0 
35.448521902849585, 11.215170025540115, 0.0, 0.0, 1.0 
21.10949169620106, 9.437035765525247, 0.0, 0.0, 1.0 
5.008222311330465, 11.310407419969028, 0.0, 0.0, 1.0 
0.12729840852892416, 22.74448605837027, 0.0, 0.0, 1.0 
55.48611779645047, 52.55188816581911, 0.0, 0.0, 1 
8.128644865284052, 53.94307367904492, 0.0, 0.0, 1 
37.799454897801176, 30.5867208297551, 0.0, 0.0, 1.0 
55.237776181318885, 45.519484706222585, 0.0, 0.0, 1.0 
51.57449075566881, 13.90610102359833, 0.0, 0.0, 1.0 
17.331986628000802, 5.590770162198288, 0.0, 0.0, 1.0 
12.747545676925315, 25.148059709064558, 0.0, 0.0, 1.0 
40.378933190380415, 58.53138240656137, 0.0, 0.0, 1.0 
58.313028142656194, 3.510783596971482, 0.0, 0.0, 1.0 
40.643508477054894, 5.988361052515532, 0.0, 0.0, 1.0 
57.97163885301755, 33.02331628703891, 0.0, 0.0, 1.0 
12.215590624453155, 10.94551618855193, 0.0, 0.0, 1.0 
0.3206071997336283, 34.729931494687534, 0.0, 0.0, 1.0 
25.305191391294837, 44.797955546154796, 0.0, 0.0, 1.0 
43.98300613542155, 60.4751628028395, 0.0, 0.0, 1.0 
46.27214108505756, 15.021645670226782, 0.0, 0.0, 1.0 
15.084240970471809, 45.02920818775145, 0.0, 0.0, 1.0 
26.132352059343482, 35.90788463547399, 0.0, 0.0, 1.0 
39.24928829747987, 19.287335915392134, 0.0, 0.0, 1.0 
10.75117717985766, 20.178206381711036, 0.0, 0.0, 1 
46.129502708061295, 51.17865255560173, 0.0, 0.0, 1.0 
5.5328270275081755, 36.338201366881734, 0.0, 0.0, 1 
37.084297881174585, 6.022484142331231, 0.0, 0.0, 1.0 
35.899719812274554, 27.559808535002027, 0.0, 0.0, 1.0 
44.929264819564516, 45.925038649787616, 0.0, 0.0, 1.0 
11.98718035133407, 6.8561806471592215, 0.0, 0.0, 1.0 
14.32278079884365, 20.015313928742, 0.0, 0.0, 1.0 
16.624485066646677, 31.11157484781412, 0.0, 0.0, 1.0 
34.7661395613632, 49.82847131150992, 0.0, 0.0, 1.0 
20.387303341256615, 53.88008878350291, 0.0, 0.0, 1.0 
42.89193482807789, 23.286291844164566, 0.0, 0.0, 1.0 
33.450342326476, 4.0909982006393415, 0.0, 0.0, 1.0 
13.697526948561967, 3.6606368515073653, 0.0, 0.0, 1.0 
13.691594607697077, 32.72250487724674, 0.0, 0.0, 1.0 
31.752914231863688, 51.712365195250705, 0.0, 0.0, 1.0 
10.680414416244325, 18.11936939880763, 0.0, 0.0, 1.0 
54.51839623360159, 54.32100610812665, 0.0, 0.0, 1.0 
17.894535604281707, 36.1177919421559, 0.0, 0.0, 1.0 
30.46524069310158, 24.646288158731867, 0.0, 0.0, 1.0 
58.32968871994568, 43.6416746805382, 0.0, 0.0, 1.0 
47.960819250004384, 43.99889215545939, 0.0, 0.0, 1.0 
37.14456770866019, 56.804469808074174, 0.0, 0.0, 1.0 
30.253530328369234, 18.476207823309025, 0.0, 0.0, 1.0 
17.29046801769819, 1.7093007866915992, 0.0, 0.0, 1.0 
17.256929049809177, 3.635279029556834, 0.0, 0.0, 1.0 
60.05649834711021, 32.96765582398129, 0.0, 0.0, 1.0 
47.561599109328014, 58.41937982317638, 0.0, 0.0, 1.0 
39.12828198582562, 15.219886203271226, 0.0, 0.0, 1.0 
40.47666888471574, 1.8315376162500012, 0.0, 0.0, 1.0 
32.451172045995854, 29.76293718619769, 0.0, 0.0, 1.0 
59.28392060714693, 41.88180035744127, 0.0, 0.0, 1.0 
24.444881137834827, 0.7448328687115348, 0.0, 1.7837710281507557, 1.9000000000000008 
6.595807140315875, 38.13185506240792, 0.0, 0.0, 1.0 
6.984855388132607, 48.689920104990186, 0.0, 0.0, 1.0 
58.1896587587056, 40.11798104677145, 0.0, 0.0, 1.0 
14.57375893699795, 26.093112510177203, 0.0, 0.0, 1.0 
13.262841673053813, 52.14845126383123, 0.0, 0.0, 1.0 
11.03336406743336, 26.295245574943156, 0.0, 0.0, 1.0 
51.10975086030242, 60.374514062612064, 0.0, 0.0, 1.0 
49.295319542039756, 52.82859195972894, 0.0, 0.0, 1.0 
41.81366882810137, 44.213757550707136, 0.0, 0.0, 1.0 
6.499336785369668, 34.56343898484653, 0.0, 0.0, 1.0 
34.08313607165734, 26.566045324821527, 0.0, 0.0, 1.0 
1.7923147985516201, 19.573866575432014, 0.0, 0.0, 1.0 
40.99481351388205, 18.252647242274698, 0.0, 0.0, 1.0 
57.241048187464344, 20.890892394075163, 0.0, 0.0, 1.0 
56.649760012596374, 6.609133443248505, 0.0, 0.0, 1.0 
8.18307839766244, 2.9615987571193787, 0.0, 0.0, 1.0 
45.74312060089054, 37.01026218209569, 0.0, 0.0, 1.0 
1.5047047321900957, 13.518535005556133, 0.0, 0.0, 1.0 
24.800006184382646, 13.440404394084732, 0.0, 0.0, 1.0 
48.89174972265847, 38.71076049556198, 0.0, 0.0, 1.0 
30.3508739992151, 39.299383015004146, 0.0, 0.0, 1.0 
56.87469413175029, 12.713792455144011, 0.0, 0.0, 1.0 
32.61797702324692, 46.35972721530554, 0.0, 0.0, 1.0 
5.877641301766189, 46.95774939323054, 0.0, 0.0, 1.0 
24.70810815955293, 11.377966833954334, 0.0, 0.0, 1.0 
32.89246090426064, 56.94652301409864, 0.0, 0.0, 1.0 
10.498057204488505, 14.03515132551947, 0.0, 0.0, 1.0 
15.99313609751616, 16.874283446199975, 0.0, 0.0, 1.0 
18.21991673359786, 46.73100990134446, 0.0, 0.0, 1.0 
38.77703621131015, 4.975313313082856, 0.0, 0.0, 1.0 
19.37046654749459, 10.548266951449671, 0.0, 0.0, 1.0 
0.8711498020646882, 52.333992290400005, 0.0, 0.0, 1 
28.053731394502456, 1.0818193526334132, 0.0, 0.0, 1.0 
47.93205779760822, 11.9348716071465, 0.0, 0.0, 1.0 
57.06108993943734, 16.76011683490509, 0.0, 0.0, 1.0 
15.845439425728074, 12.791351790869104, 0.0, 0.0, 1.0 
48.18127895153577, 18.067528737135746, 0.0, 0.0, 1.0 
22.36432341660193, 50.25358043995232, 0.0, 0.0, 1.0 
3.938518338672327, 27.101445945435337, 0.0, 1.4855891643181731, 1.6000000000000005 
44.74976368406603, 26.309201096382996, 0.0, 0.0, 1.0 
26.179754348193374, 1.9574140686689203, 0.0, 0.4103448976459956, 1.2000000000000002 
48.937108390022644, 42.23835125710496, 0.0, 0.0, 1.0 
23.383209799219653, 24.837526481734916, 0.0, 0.0, 1.0 
49.6545080815376, 29.8081616416188, 0.0, 0.0, 1.0 
52.84823320513648, 0.6281573181200053, 0.0, 0.0, 1.0 
5.636336145171276, 25.519440499241224, 0.0, 0.0, 1.0 
38.970626712913536, 53.210745875124196, 0.0, 0.0, 1.0 
15.85142299887708, 36.21633506368191, 0.0, 0.0, 1.0 
20.005210895265137, 28.979457111005825, 0.0, 0.0, 1.0 
38.77306235182079, 2.922731104865797, 0.0, 0.0, 1.0 
26.850367357785938, 22.6578365933079, 0.0, 0.0, 1.0 
9.992818615079743, 46.880216065292935, 0.0, 0.0, 1.0 
41.17559345308928, 56.67103198780716, 0.0, 0.0, 1.0 
44.35141902994719, 12.02958783596078, 0.0, 0.0, 1.0 
58.93961336400063, 31.18755136517397, 0.0, 0.0, 1.0 
44.31097624261864, 9.913494492178005, 0.0, 0.0, 1.0 
37.02340534420635, 3.9797162196234175, 0.0, 0.0, 1.0 
49.82536674378982, 14.990926496574687, 0.0, 0.0, 1.0 
3.581114957428268, 39.9457451604899, 0.0, 0.0, 1 
46.59119209072871, 31.7065443495768, 0.0, 0.0, 1.0 
19.025419127669593, 37.81223953025935, 0.0, 0.0, 1.0 
7.830294631243901, 43.36549516924334, 0.0, 0.0, 1 
0.6722350601964737, 45.302882719605215, 0.0, 0.0, 1.0 
31.601278277183805, 48.121933716159454, 0.0, 0.0, 1.0 
34.14892071058709, 28.657254047503553, 0.0, 0.0, 1.0 
32.59044572221397, 33.81378164163197, 0.0, 0.0, 1.0 
38.90669512161072, 49.64767936797681, 0.0, 0.0, 1.0 
9.178061437099263, 25.312686439643347, 0.0, 0.0, 1.0 
15.793944864369546, 10.719938244547558, 0.0, 0.0, 1.0 
44.56888064443833, 18.111704253846707, 0.0, 0.0, 1.0 
3.0058372839290612, 6.279535619786333, 0.0, 0.0, 1.0 
3.9308710739152333, 50.50519219889599, 0.0, 0.0, 1.0 
60.493267901290054, 47.117822548869626, 0.0, 0.0, 1.0 
23.17761004175976, 18.673871285709463, 0.0, 0.0, 1.0 
58.586207697619315, 9.597086599344117, 0.0, 0.0, 1 
36.81359604554616, 58.629231377322704, 0.0, 0.0, 1.0 
31.776786709013127, 9.201199068273885, 0.0, 0.0, 1.0 
54.99815365320745, 38.452070985958045, 0.0, 0.0, 1.0 
31.815841287366627, 55.2403025409198, 0.0, 0.0, 1.0 
39.329104781773154, 23.382726657461223, 0.0, 0.0, 1.0 
21.45790395817673, 55.58243275392361, 0.0, 0.0, 1.0 
29.80118698380015, 0.02631439323498361, 0.0, 0.0, 1.0 
26.90996980614928, 24.738465641324126, 0.0, 0.0, 1.0 
21.25134388943409, 13.579172642146563, 0.0, 0.0, 1.0 
10.165464755669635, 5.9401384282157474, 0.0, 0.0, 1.0 
4.015064312475135, 54.056062813925244, 0.0, 0.0, 1.0 
51.33892652434538, 7.7594470605209525, 0.0, 0.0, 1 
17.972862381816523, 21.857385994089636, 0.0, 0.0, 1.0 
56.60391920882571, 4.55016115862119, 0.0, 0.0, 1.0 
53.29803184899347, 49.09725587074379, 0.0, 0.0, 1.0 
6.074041405187478, 53.99404590162866, 0.0, 0.0, 1.0 
28.28167158340742, 11.30234727080402, 0.0, 0.0, 1.0 
7.091933577554238, 18.316453309122334, 0.0, 0.0, 1.0 
18.18945534898273, 28.00090354715474, 0.0, 0.0, 1.0 
0.027217920124884016, 20.71819052273801, 0.0, 0.0, 1.0 
14.780797820913149, 60.49412393351385, 0.0, 0.0, 1.0 
29.910839401237773, 6.184470469903403, 0.0, 0.0, 1.0 
53.02685158996867, 4.701733785004547, 0.0, 0.0, 1.0 
5.3697720099834445, 19.42632551384448, 0.0, 0.0, 1.0 
16.215412640871016, 22.972939895469434, 0.0, 0.0, 1.0 
26.650343544029955, 16.50818392727331, 0.0, 0.0, 1.0 
55.94955263062369, 33.075931396061605, 0.0, 0.0, 1.0 
11.875157182658132, 4.831149020977616, 0.0, 0.0, 1.0 
6.974110899375327, 16.274695431851484, 0.0, 0.0, 1.0 
1.1822036625644172, 59.563089983022024, 0.0, 0.0, 1.0 
42.606471870357254, 13.047569299601056, 0.0, 0.0, 1.0 
6.741413363770937, 41.66484733124393, 0.0, 0.0, 1.0 
10.854924884802507, 41.55713718979785, 0.0, 0.0, 1.0 
44.25550395742047, 54.80950657620178, 0.0, 0.0, 1.0 
55.37857853942406, 49.03891360208372, 0.0, 0.0, 1.0 
19.65077726330342, 18.758264579057155, 0.0, 0.0, 1.0 
28.100062165653377, 5.184070020999346, 0.0, 0.0, 1.0 
21.214816736204945, 44.90279004802315, 0.0, 0.0, 1.0 
43.690230332138526, 37.07068565842053, 0.0, 0.0, 1.0 
39.96131894517305, 51.400782243055346, 0.0, 0.0, 1.0 
51.90263784521333, 36.79409922488097, 0.0, 0.0, 1.0 
42.78177802999149, 19.18582240820693, 0.0, 0.0, 1.0 
52.87076981570413, 57.647874253848286, 0.0, 0.0, 1.0 
14.379376447336755, 53.94741645460405, 0.0, 0.0, 1.0 
19.91514580479883, 26.946656865753834, 0.0, 0.0, 1.0 
1.9541702980869236, 23.684694770287802, 0.0, 0.0, 1.0 
28.045339604018263, 3.137377091259314, 0.0, 0.0, 1.0 
59.95936505679708, 0.3994240175047433, 0.0, 0.0, 1 
49.874290174497965, 36.880362219172525, 0.0, 0.0, 1.0 
4.466509113604606, 34.612883389706816, 0.0, 0.0, 1.0 
15.915932210657797, 14.80098826200922, 0.0, 0.0, 1.0 
5.752554885880568, 43.41495959049815, 0.0, 0.0, 1.0 
28.14778815932504, 7.191708054587967, 0.0, 0.0, 1.0 
17.181891003497306, 56.24101071054893, 0.0, 0.5351737109484254, 1.3000000000000003 
35.128033323965305, 57.54370489240422, 0.0, 1.383704595092981, 1.3000000000000003 
4.126101093695689, 57.54989931919018, 0.0, 0.0, 1 
17.730281250467335, 15.785947560543802, 0.0, 0.0, 1.0 
45.967120742195995, 6.833269253910029, 0.0, 0.0, 1.0 
42.725977201729634, 15.14250491181314, 0.0, 0.0, 1.0 
52.85712832048871, 59.37826702102046, 0.0, 0.0, 1.0 
43.55941672115606, 33.55775783036592, 0.0, 0.0, 1.0 
56.32622610338234, 59.37339763599577, 0.0, 0.0, 1.0 
7.58058161419979, 36.26736838663341, 0.0, 0.0, 1.0 
14.852229442374023, 37.94527314524068, 0.0, 0.0, 1.0 
44.6228264083117, 20.177987016661657, 0.0, 0.0, 1.0 
27.404162222240714, 44.731711630273196, 0.0, 0.0, 1.0 
14.11294503032068, 13.916628814110485, 0.0, 0.0, 1.0 
16.1309295812087, 46.76757799423244, 0.0, 0.0, 1.0 
28.80729014889041, 27.812477357289694, 0.0, 0.0, 1.0 
41.27545411776182, 28.388817284129942, 0.0, 0.0, 1.0 
8.750264370912673, 15.167650231018444, 0.0, 0.0, 1.0 
36.71926141926069, 46.197788361101836, 0.0, 0.0, 1.0 
23.58996886294191, 33.043009393554996, 0.0, 0.0, 1.0 
36.633972486308856, 42.63656937671599, 0.0, 0.0, 1.0 
28.5810316024987, 50.0350119052167, 0.0, 0.0, 1.0 
56.57208746069979, 54.2289894630678, 0.0, 0.0, 1 
25.44193328852618, 48.36591763499896, 0.0, 0.0, 1.0 
24.51900219215374, 3.111549888904797, 0.0, 0.0, 1.0 
25.3449910642012, 29.918891922136016, 0.0, 0.0, 1.0 
44.674581306577295, 24.242528550901962, 0.0, 0.0, 1.0 
4.63803915397924, 41.70144609397909, 0.0, 0.0, 1.0 
11.320290516342006, 55.70534599067253, 0.0, 0.0, 1.0 
35.37952717191737, 9.128511072086225, 0.0, 0.0, 1.0 
0.07833961066756098, 27.17773610543193, 0.0, 2.236947559238053, 1.3000000000000003 
50.24226371624036, 27.28368570912299, 0.0, 4.119995771647065, 1.4000000000000004 
22.646850556859086, 0.11886678166850966, 0.0, 0.0, 1.0 
56.982682058358016, 14.742382260757267, 0.0, 0.0, 1.0 
53.76380806065937, 29.611624138271647, 0.0, 0.0, 1.0 
39.507513027128844, 29.505181337337454, 0.0, 0.0, 1.0 
39.72171706577939, 31.75218091748018, 0.0, 3.536032296378466, 1.3000000000000003 
10.925563364217373, 24.234307247631264, 0.0, 0.0, 1.0 
24.605403460185045, 57.241897448818165, 0.0, 0.0, 1.0 
18.12817056445065, 25.95313319793172, 0.0, 0.0, 1 
36.10742224724501, 33.682074090220524, 0.0, 0.0, 1.0 
25.49967465147037, 51.89472979888706, 0.0, 0.0, 1.0 
53.54525069290535, 18.991770622680352, 0.0, 0.0, 1.0 
37.44169008397143, 20.341557695209552, 0.0, 0.0, 1.0 
20.933233277331855, 3.22221380118319, 0.0, 0.0, 1.0 
50.70417056752372, 31.486807928585648, 0.0, 0.0, 1.0 
30.74812081234901, 53.540182281498, 0.0, 0.0, 1.0 
12.14583948397561, 50.35687527519165, 0.0, 0.0, 1.0 
15.182431596276908, 48.61263793614227, 0.0, 0.0, 1.0 
35.702917999623814, 21.423648008436146, 0.0, 0.0, 1.0 
13.755942973357415, 5.7768089959782865, 0.0, 0.0, 1.0 
41.063753815213644, 22.297426246186454, 0.0, 0.0, 1.0 
2.8093455564348413, 2.2460950907293453, 0.0, 0.0, 1.0 
50.94431364932045, 38.62066880540017, 0.0, 0.0, 1.0 
27.589635079764715, 51.84932411777721, 0.0, 0.0, 1.0 
51.8940775231864, 22.113236607959777, 0.0, 0.0, 1.0 
9.606237997948911, 32.6957957501165, 0.0, 4.991276852583179, 1.1 
7.405503692839264, 29.084149293056306, 0.0, 1.7956905542266832, 1.2000000000000002 
52.03702775899319, 40.322732032028725, 0.0, 0.0, 1.0 
14.112190258914614, 46.80722208727611, 0.0, 0.0, 1.0 
21.275052164323043, 15.606056516006017, 0.0, 0.0, 1.0 
57.114483312428575, 18.847729669333397, 0.0, 0.0, 1.0 
46.48561593306438, 23.205685189331067, 0.0, 0.0, 1.0 
58.16015514466526, 60.2368163721838, 0.0, 0.0, 1.0 
46.70828555791431, 35.22724375732837, 0.0, 0.0, 1.0 
13.84242523428658, 7.771913520159943, 0.0, 0.0, 1.0 
30.115043017915195, 12.301666460055129, 0.0, 0.0, 1.0 
44.001182952150586, 47.70024415394875, 0.0, 0.0, 1.0 
24.087174123488644, 35.51183078801674, 0.0, 0.9140218587399903, 1.4000000000000004 
13.977503191295234, 43.274460059361964, 0.0, 0.0, 1.0 
60.15756140697493, 4.460287318363407, 0.0, 0.0, 1 
47.22867223717314, 52.949279016833906, 0.0, 0.0, 1.0 
30.769936733618874, 32.90034876362151, 0.0, 0.0, 1.0 
37.50779327811831, 37.267450597052324, 0.0, 0.0, 1.0 
38.937661907276926, 57.31073777195414, 0.0, 1.9583034073321024, 1.6000000000000005 
45.90480873103625, 44.1094719872083, 0.0, 0.0, 1.0 
34.63450825334019, 46.27980063055527, 0.0, 0.0, 1.0 
22.106957037842378, 39.50961315479529, 0.0, 0.0, 1.0 
45.80076878079445, 0.675318487912747, 0.0, 0.0, 1.0 
51.46657838181918, 11.882679520082371, 0.0, 0.0, 1.0 
8.425884544996658, 7.034185130921826, 0.0, 0.0, 1.0 
8.194226409945447, 0.8681339458163432, 0.0, 4.669732538825444, 1.1 
54.628678292016716, 60.31650952123603, 0.0, 0.0, 1.0 
10.118960771832253, 50.418771047167816, 0.0, 0.0, 1.0 
0.961910367678448, 1.301125446291098, 0.0, 0.0, 1.0 
37.587825185146954, 40.83487182383375, 0.0, 0.0, 1.0 
54.98019062790391, 9.69793939360896, 0.0, 0.0, 1 
35.829042946739335, 25.47866011512583, 0.0, 0.0, 1.0 
49.7598892808641, 12.895388630168748, 0.0, 0.0, 1.0 
39.22333824260716, 21.32229192308036, 0.0, 0.0, 1.0 
3.580662063272304, 20.538731070030654, 0.0, 0.0, 1.0 
3.1886893147942588, 10.342716905946062, 0.0, 0.0, 1.0 
30.53743339672956, 46.40586309041572, 0.0, 0.0, 1.0 
14.0748509670749, 58.53377626584001, 0.0, 4.756271414686805, 1.1 
11.63054085596002, 32.717786618731786, 0.0, 0.0, 1.0 
53.42795129900394, 52.672471092759416, 0.0, 0.0, 1.0 
11.864983185924208, 39.77975012348757, 0.0, 0.0, 1.0 
53.15087637961293, 8.786031901995797, 0.0, 0.0, 1.0 
4.347087852722653, 31.05222322380683, 0.0, 0.0, 1.0 
45.77457165462591, 59.43105311081604, 0.0, 0.0, 1.0 
35.29971019420931, 7.110776588469506, 0.0, 0.0, 1.0 
23.31243212251125, 22.774559191387638, 0.0, 0.0, 1.0 
42.501940868106345, 8.96183098216169, 0.0, 0.0, 1.0 
5.0800575189675685, 13.293395435457676, 0.0, 0.0, 1.0 
38.91363230670118, 9.070567815297009, 0.0, 0.0, 1.0 
14.133362329867616, 15.935584734156642, 0.0, 0.0, 1.0 
42.98823414167652, 25.28863060689566, 0.0, 0.0, 1.0 
9.208786310560336, 55.69342134728987, 0.0, 0.0, 1.0 
40.75288586000412, 10.066369771331585, 0.0, 0.0, 1.0 
41.682713919223794, 40.66258414035881, 0.0, 0.0, 1.0 
2.08916804225388, 27.578345854708175, 0.0, 0.0, 1.0 
49.39074843166847, 56.8446049518073, 0.0, 1.3450775104131731, 1.3000000000000003 
18.59761927529763, 0.13184896129188933, 0.0, 0.0, 1.0 
21.55820867665806, 21.79134187113087, 0.0, 0.0, 1.0 
34.54950547328984, 42.71001143718073, 0.0, 0.0, 1.0 
25.2027470455526, 25.78293127235913, 0.0, 0.0, 1.0 
17.1332607489975, 45.00589254519243, 0.0, 0.0, 1.0 
20.229262760967462, 46.710418571116435, 0.0, 0.0, 1.0 
43.857091917430175, 44.13377541663073, 0.0, 0.0, 1.0 
39.747398904982596, 44.27731166286082, 0.0, 0.0, 1.0 
30.00497102173446, 8.236453664658697, 0.0, 0.0, 1.0 
1.200400319495686, 5.3760069057831315, 0.0, 0.0, 1 
1.3231232490043705, 32.90245766297729, 0.0, 0.0, 1 
9.123700281085847, 52.22488437661957, 0.0, 0.0, 1.0 
31.427957780585487, 41.02327435876717, 0.0, 0.0, 1.0 
9.6361477809096, 36.27006734329883, 0.0, 0.0, 1.0 
60.56816809196583, 50.58352568434369, 0.0, 0.0, 1.0 
20.690495066779405, 0.4620057804548724, 0.0, 1.2273962749866603, 1.4000000000000004 
8.311531319616932, 5.035434927376326, 0.0, 0.0, 1.0 
48.22890407773786, 20.110471276221226, 0.0, 0.0, 1.0 
1.611431712439527, 43.5311109058239, 0.0, 0.0, 1.0 
5.20295422721643, 15.379990302405387, 0.0, 0.0, 1.0 
39.47437658165107, 33.68615286912403, 0.0, 0.0, 1.0 
10.967763554852278, 45.14349472601696, 0.0, 0.0, 1.0 
40.85700979339965, 14.126784053087528, 0.0, 0.0, 1.0 
50.35647622952869, 54.5345570969999, 0.0, 0.0, 1.0 
12.982009696595615, 60.33160158089994, 0.0, 0.0, 1.0 
5.258205312071086, 17.353836646783943, 0.0, 0.0, 1.0 
21.033682388666037, 7.368392555331081, 0.0, 0.0, 1.0 
58.717327899568815, 13.670660820184239, 0.0, 0.0, 1.0 
31.596640078258524, 1.0247123260913205, 0.0, 0.0, 1.0 
5.455682235340509, 21.428889392874638, 0.0, 0.0, 1.0 
43.25040120964831, 56.59490242488854, 0.0, 0.0, 1.0 
54.8382690174344, 31.33749476021907, 0.0, 0.0, 1.0 
58.52052503434136, 50.69170333325473, 0.0, 0.0, 1 
18.057298314682185, 23.949846093639398, 0.0, 0.0, 1.0 
6.4877021428634905, 4.108211480100899, 0.0, 0.0, 1.0 
33.675921532683354, 48.052042584590886, 0.0, 0.0, 1.0 
6.805963636359847, 45.201129457544255, 0.0, 0.0, 1.0 
27.99339779237019, 59.518765598313024, 0.0, 1.1730689873512878, 1.9000000000000008 
56.47514195672848, 2.5659430165811528, 0.0, 0.0, 1 
24.93623979796209, 17.589284127178907, 0.0, 0.0, 1.0 
58.398740340662854, 47.130014803507756, 0.0, 0.0, 1 
58.6774334771255, 11.608475060649091, 0.0, 0.0, 1.0 
39.17562591580461, 17.21854239329572, 0.0, 0.0, 1.0 
19.178413397545444, 4.321746618750816, 0.0, 0.0, 1.0 
45.553992529642166, 29.981018836119446, 0.0, 0.0, 1.0 
47.71071035150816, 33.41232046966486, 0.0, 0.0, 1.0 
41.021040999560086, 20.235466134813237, 0.0, 0.0, 1.0 
41.078035275342046, 53.16169889389058, 0.0, 0.0, 1.0 
1.8230399446736074, 50.568088790726065, 0.0, 0.0, 1 
28.40332731605313, 42.9334084626752, 0.0, 0.0, 1.0 
9.367314423900908, 29.385525911218938, 0.0, 0.0, 1.0 
4.767284880688216, 5.170095533095839, 0.0, 0.0, 1.0 
55.16270205097467, 42.024665294768376, 0.0, 0.0, 1.0 
56.81533645391921, 27.641555406476076, 0.0, 5.087926799455539, 1.2000000000000002 
35.66141775003102, 19.33202615521668, 0.0, 0.0, 1.0 
33.902714738531884, 55.19146740099951, 0.0, 0.0, 1.0 
60.57965272351858, 14.60619112395189, 0.0, 0.0, 1.0 
23.17872908579215, 41.3252915750383, 0.0, 0.0, 1.0 
60.36878094709207, 43.55757736447722, 0.0, 0.0, 1.0 
39.00865773835474, 11.088470769005598, 0.0, 0.0, 1.0 
56.909944091024116, 31.28353055755177, 0.0, 0.0, 1.0 
46.36203665166264, 19.128496066362263, 0.0, 0.0, 1.0 
1.0085125900287617, 55.8734837443861, 0.0, 0.0, 1.0 
46.25751305870973, 54.762292888552125, 0.0, 0.0, 1.0 
2.4053896409142803, 34.65061143683705, 0.0, 0.0, 1.0 
42.41343479241981, 6.951250355253499, 0.0, 0.0, 1.0 
58.88331774958815, 17.714580641066892, 0.0, 0.0, 1.0 
54.05681612487091, 40.25187097303231, 0.0, 0.0, 1.0 
22.904775998455932, 10.39513760148947, 0.0, 0.0, 1.0 
25.169455544690635, 37.635799085955114, 0.0, 0.0, 1.0 
50.06694944989495, 25.14762877404754, 0.0, 0.0, 1.0 
49.29186706265024, 59.39658120234268, 0.0, 0.0, 1.0 
30.603945609828557, 49.97202275283336, 0.0, 0.0, 1.0 
56.195060111200796, 43.70053750877289, 0.0, 0.0, 1.0 
10.210570091617747, 53.920692376667766, 0.0, 0.0, 1.0 
42.32049140320676, 2.8175181142782146, 0.0, 0.0, 1.0 
28.30130534701803, 13.376678982834287, 0.0, 0.0, 1.0 
50.27688176520607, 51.02000997973854, 0.0, 0.0, 1.0 
21.4576348820309, 19.711113519405306, 0.0, 0.0, 1.0 
0.43723452674150903, 38.24480732817639, 0.0, 0.0, 1.0 
19.698679980510295, 20.781577518729726, 0.0, 0.0, 1.0 
15.445594771401582, 2.652168732419602, 0.0, 0.0, 1.0 
13.641279126475453, 1.5743832629028587, 0.0, 0.0, 1.0 
54.70970195309212, 27.797238659924854, 0.0, 0.0, 1.0 
48.77682053290072, 35.13310116199925, 0.0, 0.0, 1.0 
49.077867632078544, 45.76546172537359, 0.0, 0.0, 1.0 
47.80456713412801, 36.963461846525625, 0.0, 0.0, 1.0 
39.84745259122982, 47.850277694238095, 0.0, 0.0, 1.0 
46.92920653192565, 42.312522024955214, 0.0, 0.0, 1.0 
21.58304419983511, 59.16218933775075, 0.0, 0.0, 1.0 
24.35803065361433, 46.585496847641814, 0.0, 0.0, 1.0 
56.42968121839784, 0.5155880409819842, 0.0, 0.0, 1 
9.254268436372403, 59.18311647830908, 0.0, 0.0, 1.0 
12.941701046366523, 29.200737563549556, 0.0, 0.0, 1.0 
29.246978217031003, 37.54200556994643, 0.0, 0.0, 1.0 
49.53447997913018, 6.799031318944256, 0.0, 0.0, 1 
31.555095797556014, 59.724787367117074, 0.0, 4.802854315731787, 1.1 
16.16799545967779, 20.920414282039168, 0.0, 0.0, 1 
33.70580466937028, 12.237484823812032, 0.0, 0.0, 1.0 
46.80051190846313, 38.75836656889404, 0.0, 0.0, 1.0 
51.77439549294492, 26.179170145335217, 0.0, 0.0, 1.0 
22.483986456674007, 53.78192545296019, 0.0, 0.0, 1.0 
14.663510861621889, 30.800153872413865, 0.0, 1.6379306516489496, 1.2000000000000002 
54.747920735054215, 3.601303514326201, 0.0, 0.0, 1.0 
57.53229402906828, 52.49024497028686, 0.0, 0.0, 1.0 
12.574369826021213, 21.087470245482372, 0.0, 0.0, 1.0 
16.057231960297702, 18.862765114314914, 0.0, 0.0, 1.0 
57.8799693960234, 29.470630918977257, 0.0, 0.0, 1.0 
40.51693773871325, 35.42387792401679, 0.0, 0.0, 1.0 
23.11404064887818, 37.71063891077669, 0.0, 0.0, 1.0 
58.65796188242767, 54.19344036774805, 0.0, 0.0, 1 
29.751664467218177, 58.832350160170236, 0.0, 0.0, 1.0 
42.84206560794951, 21.212469020358263, 0.0, 0.0, 1.0 
48.22795269568757, 22.14197866396452, 0.0, 0.0, 1.0 
3.770429064091765, 46.98803661631525, 0.0, 0.0, 1.0 
55.78646712331365, 29.540748220656543, 0.0, 0.0, 1.0 
10.459625816589714, 12.032166692390595, 0.0, 0.0, 1.0 
44.826584139930944, 42.360319090196825, 0.0, 0.0, 1.0 
40.636083602691684, 38.99537979130652, 0.0, 0.0, 1.0 
47.714708899623254, 5.83228040378812, 0.0, 0.0, 1.0 
17.830869822346106, 58.85345872087028, 0.0, 1.7054395988958495, 2.100000000000001 
53.412506846681694, 14.90247158280018, 0.0, 0.0, 1.0 
38.599325864880946, 39.00847451388734, 0.0, 0.0, 1.0 
60.33469251321479, 8.494747374170572, 0.0, 0.0, 1.0 
3.5002842294757377, 18.477650801373432, 0.0, 0.0, 1.0 
34.224012237489255, 30.682127646360897, 0.0, 0.0, 1.0 
51.68842009250626, 29.674352037963015, 0.0, 0.0, 1.0 
57.01057138750827, 34.84222587841396, 0.0, 0.0, 1.0 
26.302190457149564, 4.125257964637494, 0.0, 0.0, 1.0 
2.63044778625377, 41.71866160786765, 0.0, 0.0, 1 
48.00822832684693, 14.006515330141657, 0.0, 0.0, 1.0 
47.13375043543653, 49.39331966198639, 0.0, 0.0, 1.0 
26.660578418151097, 57.219176218248535, 0.0, 0.0, 1.0 
28.44071684951241, 17.497587903442707, 0.0, 0.0, 1.0 
54.94402205569181, 7.674110450957758, 0.0, 0.0, 1 
5.527302661940086, 23.452492372876705, 0.0, 0.0, 1.0 
45.212981646332445, 53.038042867521455, 0.0, 0.0, 1.0 
19.773840191895786, 22.86069714745375, 0.0, 0.0, 1.0 
52.10436597136804, 43.86079403816491, 0.0, 0.0, 1.0 
5.019914312239881, 52.2653981489884, 0.0, 0.0, 1.0 
50.0431135293467, 43.935441812225804, 0.0, 0.0, 1.0 
59.61746806727362, 52.4023652092291, 0.0, 0.0, 1.0 
33.480725660076985, 6.116909641747877, 0.0, 0.0, 1.0 
40.790559951921125, 12.101782875048373, 0.0, 0.0, 1.0 
7.153457402606606, 55.75771678378468, 0.0, 0.0, 1.0 
53.20092965317737, 45.62275406557362, 0.0, 0.0, 1.0 
41.188989032581404, 26.353150496090517, 0.0, 0.0, 1.0 
12.681746035768416, 34.44796510833113, 0.0, 0.0, 1.0 
30.148371917401956, 14.370197994074978, 0.0, 0.0, 1.0 
56.15086413923348, 40.18077101997646, 0.0, 0.0, 1.0 
31.746580078148366, 7.171850277054089, 0.0, 0.0, 1.0 
32.15783482879193, 21.50614324196864, 0.0, 0.0, 1.0 
6.765574911038082, 10.167280981109714, 0.0, 0.0, 1.0 
10.061307717328617, 3.9352727015962135, 0.0, 0.0, 1.0 
33.38009379403658, 58.76299756909949, 0.0, 0.0, 1.0 
11.08480630472641, 48.644688147382205, 0.0, 0.0, 1.0 
57.40535274996182, 48.97666078285616, 0.0, 0.0, 1 
42.77481641798077, 17.166648310816374, 0.0, 0.0, 1.0 
18.015862693605683, 39.64563450633419, 0.0, 0.0, 1.0 
45.835683610578776, 40.54571735291905, 0.0, 0.0, 1.0 
19.47352578295647, 14.677278545325194, 0.0, 0.0, 1.0 
47.38393919062819, 56.480127272980845, 0.0, 0.0, 1.0 
57.71438535405735, 56.00171564050806, 0.0, 0.0, 1.0 
21.817912046187132, 34.05439346705088, 0.0, 0.0, 1.0 
54.702534935968814, 1.614320590039677, 0.0, 0.0, 1.0 
0.02662309055831932, 57.6762033405612, 0.0, 0.0, 1 
7.158265108574921, 20.31060091798728, 0.0, 0.0, 1.0 
1.5223174177187961, 39.960418496745355, 0.0, 0.0, 1.0 
29.850814583433717, 2.1064786895291854, 0.0, 0.0, 1.0 
17.435895490779313, 7.592616782300663, 0.0, 0.0, 1.0 
37.53007216183817, 22.389207000298097, 0.0, 0.0, 1.0 
3.017425717240242, 55.79382190952981, 0.0, 0.0, 1.0 
42.379152390352274, 4.863585567809873, 0.0, 0.0, 1.0 
22.191795933951887, 43.06265043597167, 0.0, 0.0, 1.0 
30.243110140434098, 35.69417724711881, 0.0, 1.686606053877623, 1.1 
31.89892149937188, 13.320493051737797, 0.0, 0.0, 1.0 
27.14476801789321, 30.94592635514356, 0.0, 0.0, 1.0 
58.24723331957176, 1.4478618106654209, 0.0, 0.0, 1.0 
28.681266868362368, 23.66367950707867, 0.0, 0.0, 1.0 
55.47668394129282, 21.972700751603824, 0.0, 0.0, 1.0 
35.23608631143035, 5.017154715896624, 0.0, 0.0, 1.0 
58.81769684493118, 15.705494844988374, 0.0, 0.0, 1.0 
37.80685610252777, 32.60067726628813, 0.0, 0.0, 1.0 
7.357519369686988, 24.42298238354669, 0.0, 0.0, 1.0 
49.95340047664454, 40.408356043118594, 0.0, 0.0, 1.0 
49.66847828116274, 10.896140033952072, 0.0, 0.0, 1.0 
19.305574303570165, 2.0707836187777935, 0.0, 0.0, 1.0 
2.912282807210788, 4.2592277372793035, 0.0, 0.0, 1 
58.51793184363514, 7.536541887032689, 0.0, 0.0, 1 
5.107216408341356, 55.78987177841742, 0.0, 0.0, 1.0 
19.809147572742447, 24.874326005955133, 0.0, 0.0, 1.0 
46.62418582960638, 27.894190734898416, 0.0, 1.4322562282979316, 1.3000000000000003 
21.58743593625504, 23.78105175251526, 0.0, 0.0, 1.0 
59.51621170237506, 48.878321840555365, 0.0, 0.0, 1.0 
26.32740087591925, 42.97377405704216, 0.0, 0.0, 1.0 
37.915034970544, 51.49025521992653, 0.0, 0.0, 1.0 
45.05404810383735, 49.4751215497924, 0.0, 0.0, 1.0 
42.99668473721903, 27.351629826913676, 0.0, 0.0, 1.0 
20.07512337055752, 32.99517632523989, 0.0, 0.0, 1.0 
52.78739658737741, 31.4487024833497, 0.0, 0.0, 1.0 
23.318197148008036, 44.84347727096157, 0.0, 0.0, 1.0 
16.4078464478416, 29.105533930022524, 0.0, 0.0, 1.0 
50.12560146780155, 47.45096382809931, 0.0, 0.0, 1.0 
17.899762599792577, 19.874808171291114, 0.0, 0.0, 1.0 
16.366644190787795, 27.064906137711297, 0.0, 0.0, 1.0 
46.32313076830684, 17.063474232589336, 0.0, 0.0, 1.0 
40.09091109047444, 54.94958396627009, 0.0, 0.0, 1.0 
35.63729786953791, 44.44173784918918, 0.0, 0.0, 1.0 
44.02881695115428, 58.44262953466431, 0.0, 0.0, 1.0 
19.207826175676242, 6.3585627471796125, 0.0, 0.0, 1.0 
0.4971627717249244, 41.78363697520721, 0.0, 0.0, 1.0 
32.37781723228495, 39.22965690136731, 0.0, 0.0, 1.0 
54.18496571344277, 43.7872559964585, 0.0, 0.0, 1.0 
7.904280001461286, 46.932142761458884, 0.0, 0.0, 1 
25.70962675996239, 58.98547456319551, 0.0, 0.0, 1.0 
53.33762691925439, 12.837529963070198, 0.0, 0.0, 1.0 
55.55689022605251, 24.000540908405064, 0.0, 0.0, 1.0 
60.42917869413002, 10.522551473150033, 0.0, 0.0, 1.0 
46.45070988175515, 21.12976838213831, 0.0, 0.0, 1.0 
14.212957433389242, 50.38874088192272, 0.0, 0.0, 1.0 
26.431320667620444, 0.008342171076513694, 0.0, 0.0, 1.0 
19.349224359479265, 52.09178028089224, 0.0, 0.0, 1.0 
45.602286743748344, 57.238823275847196, 0.0, 0.9572358670883319, 1.8000000000000007 
48.5076225257581, 28.122630051954257, 0.0, 0.0, 1.0 
47.905409788845056, 40.47735876235366, 0.0, 0.0, 1.0 
3.718517192002221, 43.45407180548409, 0.0, 0.0, 1.0 
17.57206062703308, 11.674448723088672, 0.0, 0.0, 1.0 
48.69193792756059, 31.61575706421614, 0.0, 0.0, 1.0 
19.570489953102523, 16.703197457010063, 0.0, 0.0, 1.0 
48.16387931931562, 51.10889769038618, 0.0, 0.0, 1.0 
4.9304091433065675, 9.246841472466294, 0.0, 0.0, 1.0 
4.643104063187359, 3.1479673945139113, 0.0, 0.0, 1.0 
32.80754954074076, 53.4748007087083, 0.0, 0.0, 1.0 
54.40506438790165, 50.822777469244876, 0.0, 0.0, 1.0 
49.440449336284, 2.7110886349967585, 0.0, 0.0, 1.0 
3.2897921128795073, 29.228527724927964, 0.0, 0.0, 1.0 
7.478082839439579, 26.42043442907699, 0.0, 0.0, 1.0 
58.10539089285393, 36.593072073718886, 0.0, 0.0, 1.0 
34.30650712343712, 32.78250876434345, 0.0, 0.0, 1.0 
39.65349693693668, 40.74184478812742, 0.0, 0.0, 1.0 
24.507989596062394, 53.72077311850866, 0.0, 0.0, 1.0 
8.50958995852293, 9.093973881883581, 0.0, 0.0, 1.0 
30.580880639179263, 28.79160777495767, 0.0, 0.0, 1.0 
35.537086813645445, 15.27397635858788, 0.0, 0.0, 1.0 
29.869674297477268, 4.106265211430029, 0.0, 0.0, 1.0 
17.661223813282152, 13.716708276889161, 0.0, 0.0, 1.0 
42.54206173904823, 31.815432032453504, 0.0, 0.0, 1.0 
29.378188858229148, 41.074972005194894, 0.0, 0.0, 1.0 
30.212858430898482, 16.397113535034794, 0.0, 0.0, 1.0 
60.28276475196602, 40.05830319737868, 0.0, 0.0, 1.0 
11.807835528356563, 2.8391372948072644, 0.0, 0.0, 1.0 
11.199972094474962, 52.198563660003124, 0.0, 0.0, 1.0 
15.566114783099382, 6.659110264623502, 0.0, 0.0, 1.0 
21.164520184285127, 41.36205497621946, 0.0, 0.0, 1.0 
14.697376471783448, 28.13597491324034, 0.0, 0.0, 1.0 
31.971675777082034, 15.342396319951057, 0.0, 0.0, 1.0 
48.331358439436464, 54.670108070335075, 0.0, 0.0, 1.0 
33.865773487608536, 18.396842098973444, 0.0, 0.0, 1.0 
53.57555605134516, 25.57285651041558, 0.0, 4.327331404433522, 1.5000000000000004 
53.250463282810394, 10.775038869530592, 0.0, 0.0, 1.0 
22.322190222043737, 46.63947870054052, 0.0, 0.0, 1.0 
35.60572906698029, 17.316462158576396, 0.0, 0.0, 1.0 
60.483303430455905, 12.540492780056676, 0.0, 0.0, 1.0 
38.89368713410923, 7.002093063415506, 0.0, 0.0, 1.0 
16.26151082052663, 50.417539617226744, 0.0, 1.229094805381642, 1.1 
12.23907117900161, 12.937635618123656, 0.0, 0.0, 1.0 
41.51293197480928, 33.565384625926114, 0.0, 0.0, 1.0 
51.6587272037662, 15.94786826263074, 0.0, 0.0, 1.0 
16.282723364858636, 25.02057611408884, 0.0, 0.0, 1.0 
48.092417308611815, 15.977403994348801, 0.0, 0.0, 1.0 
10.627070557050535, 34.46263830905382, 0.0, 0.0, 1.0 
33.60407367712294, 44.508617381245415, 0.0, 0.0, 1.0 
33.340468295451366, 0.006401785797379489, 0.0, 0.0, 1.0 
16.949055359838347, 37.88194356121678, 0.0, 0.0, 1.0 
8.267778070794611, 57.438429489186824, 0.0, 0.0, 1.0 
40.72903622585716, 42.49333707510978, 0.0, 0.0, 1.0 
55.650446336590925, 26.003237060526313, 0.0, 0.0, 1.0 
55.198907648410895, 15.850288086567414, 0.0, 0.0, 1.0 
14.00850819582114, 11.856144543875658, 0.0, 0.0, 1.0 
59.963356588497845, 29.404616363690334, 0.0, 0.0, 1.0 
8.695620382968047, 38.049881056666635, 0.0, 0.0, 1.0 
51.126915809406675, 1.6469036093091165, 0.0, 0.0, 1.0 
37.09779622941273, 8.085401921838343, 0.0, 0.0, 1.0 
59.72275395409183, 55.919273928518706, 0.0, 0.0, 1.0 
56.763033900048256, 8.621755227227819, 0.0, 0.0, 1.0 
45.93427760182903, 4.8158871269506704, 0.0, 0.0, 1.0 
23.558941888089336, 30.97530624963288, 0.0, 0.0, 1.0 
33.70983658778106, 14.300950888139592, 0.0, 0.0, 1.0 
41.61296136538951, 37.16715146007062, 0.0, 0.0, 1.0 
28.925662670554384, 31.917640347741724, 0.0, 0.0, 1.0 
28.27449621029822, 39.33559540324719, 0.0, 0.0, 1.0 
52.69010333857803, 27.897965954951832, 0.0, 0.0, 1.0 
27.07356001961349, 28.850743389940835, 0.0, 0.0, 1 
49.912906923920005, 17.014032756393622, 0.0, 0.0, 1.0 
53.693013208446224, 23.257636078817352, 0.0, 4.6715663657579025, 1.3000000000000003 
18.253046776816802, 50.33948695477351, 0.0, 0.0, 1.0 
21.324705111905626, 48.49146490650448, 0.0, 0.0, 1.0 
11.732689785932363, 0.9215970119600899, 0.0, 0.0, 1.0 
54.250611653693504, 47.29800505529911, 0.0, 0.0, 1 
53.98918042146472, 36.73435534345416, 0.0, 0.0, 1.0 
2.8457597186558066, 48.80372220756392, 0.0, 0.0, 1 
51.21940985826683, 49.22074247243668, 0.0, 0.0, 1.0 
31.712139549952923, 5.123720573614684, 0.0, 0.0, 1.0 
53.832814190347975, 33.16889165189524, 0.0, 0.0, 1.0 
37.159568558286026, 10.10095049255734, 0.0, 0.0, 1.0 
12.420971382923375, 17.009196420064807, 0.0, 0.0, 1.0 
44.169032378306625, 5.831233851842195, 0.0, 0.0, 1.0 
36.91806513005667, 53.29653932315015, 0.0, 0.0, 1.0 
13.943433130493736, 9.811594476097124, 0.0, 0.0, 1.0 
32.02874823479214, 17.397818838750283, 0.0, 0.0, 1.0 
