position_x,position_y,position_z,orientation,aspect_ratio
28.671898951209446, 55.84607356960516, 0.0, 0.0, 1.0 
42.94184461323638, 33.92363301194011, 0.0, 0.0, 1.0 
23.622315365179098, 50.78715482288766, 0.0, 0.0, 1.0 
11.985285224078998, 21.881837799296886, 0.0, 0.0, 1.0 
9.637354158396418, 46.98191120079262, 0.0, 0.0, 1.0 
32.42755590233288, 29.19316704174948, 0.0, 0.0, 1.0 
21.602816393902362, 9.672443051410335, 0.0, 0.0, 1.0 
4.395041873707758, 54.75646667613236, 0.0, 0.0, 1.0 
52.33377856670023, 14.383223221107658, 0.0, 0.0, 1.0 
5.877746453335456, 53.28990261705891, 0.0, 0.0, 1.0 
20.499334573832996, 26.006281203916224, 0.0, 0.0, 1.0 
22.31493505522149, 59.64694533359049, 0.0, 0.0, 1.0 
2.050117065182393, 39.38293693527976, 0.0, 0.0, 1.0 
6.419135091121356, 35.01473696123261, 0.0, 0.0, 1.0 
55.80443574912863, 54.009786898100515, 0.0, 0.0, 1.0 
36.088151825749875, 35.73854181414808, 0.0, 0.0, 1.0 
33.00765229628705, 10.967844254508556, 0.0, 0.0, 1.0 
6.539864196747701, 22.17682105470574, 0.0, 0.0, 1.0 
34.60183987691887, 37.18276096215957, 0.0, 0.0, 1.0 
51.595072307570234, 25.26657400040037, 0.0, 0.0, 1.0 
43.13050883188046, 0.8463722575617855, 0.0, 0.0, 1.0 
38.763063887485195, 25.460216205836577, 0.0, 0.0, 1.0 
25.0129833558136, 29.053218925565435, 0.0, 0.0, 1.0 
26.992122195728562, 9.33011715508237, 0.0, 0.0, 1.0 
22.4830507376734, 26.547775167912363, 0.0, 0.0, 1.0 
54.39384425506615, 55.45982412102484, 0.0, 0.0, 1.0 
13.25805081741532, 12.95666274143855, 0.0, 0.0, 1.0 
40.28180695377453, 44.23063162926704, 0.0, 0.0, 1.0 
36.61244702104373, 37.750580724940065, 0.0, 0.0, 1.0 
29.891743484675352, 6.442287473485363, 0.0, 0.0, 1.0 
19.43383319230473, 22.008389593611927, 0.0, 0.0, 1.0 
20.155800139743036, 31.422693304141763, 0.0, 0.0, 1.0 
3.3171834408381895, 50.78258220051162, 0.0, 0.0, 1.0 
12.366442438655069, 36.68962062288851, 0.0, 0.0, 1.0 
27.935129063895626, 46.396494291008715, 0.0, 0.0, 1.0 
4.754273906412645, 29.084156013184742, 0.0, 0.0, 1.0 
54.15168653404446, 7.522166683201505, 0.0, 0.0, 1.0 
20.489659478365656, 5.698148961777175, 0.0, 0.0, 1.0 
1.496746332866939, 57.63576244055998, 0.0, 0.0, 1.0 
49.40534417199404, 17.298236097090598, 0.0, 0.0, 1.0 
38.09613764206839, 36.2879870462258, 0.0, 0.0, 1.0 
53.80277527116967, 12.947260689102526, 0.0, 0.0, 1.0 
16.373045180035895, 58.000896194213674, 0.0, 0.0, 1.0 
33.70781803237917, 20.3988499695016, 0.0, 0.0, 1.0 
13.825038157149919, 35.19544247129811, 0.0, 0.0, 1.0 
31.222112636235824, 58.363197940892924, 0.0, 0.0, 1.0 
9.467319778602654, 19.280726557707336, 0.0, 0.0, 1.0 
32.27123551881617, 42.07776556766252, 0.0, 0.0, 1.0 
51.445639633080965, 17.832560257089256, 0.0, 0.0, 1.0 
19.0890672799899, 47.676300770895324, 0.0, 0.0, 1.0 
6.95528832866675, 57.277017672285396, 0.0, 0.0, 1.0 
39.497457274608095, 14.6008327086494, 0.0, 0.0, 1.0 
58.51702366429096, 23.433416310311756, 0.0, 0.0, 1.0 
39.1320632567226, 19.989801442878672, 0.0, 0.0, 1.0 
31.896535736419892, 27.25195846265898, 0.0, 0.0, 1.0 
41.469521825483426, 55.62717553124805, 0.0, 0.0, 1.0 
23.20692810995357, 35.94419085683291, 0.0, 0.0, 1.0 
24.510971271783372, 6.778295498967203, 0.0, 0.0, 1.0 
46.01226996071192, 18.188308882679, 0.0, 0.0, 1.0 
24.640135705694878, 14.221258179242625, 0.0, 0.0, 1.0 
34.43563818172076, 9.533530398954314, 0.0, 0.0, 1.0 
37.155053628067684, 19.45077486750897, 0.0, 0.0, 1.0 
26.832782043937424, 1.9091634702009155, 0.0, 0.0, 1.0 
3.671554538809681, 4.792504919181517, 0.0, 0.0, 1.0 
35.891207747201975, 48.568447878406566, 0.0, 0.0, 1.0 
44.23385913436331, 25.073981577534592, 0.0, 0.0, 1.0 
12.52436360822353, 44.03286626089764, 0.0, 0.0, 1.0 
28.854314464345617, 42.9697834852757, 0.0, 0.0, 1.0 
23.202004455369128, 15.672441661624505, 0.0, 0.0, 1.0 
19.04339312643919, 7.163486823333608, 0.0, 0.0, 1.0 
59.38777219274053, 40.2156076711322, 0.0, 0.0, 1.0 
38.931020165039584, 32.82773123413957, 0.0, 0.0, 1.0 
40.07728100833771, 36.791940111275956, 0.0, 0.0, 1.0 
39.52252060923532, 55.12468293783053, 0.0, 0.0, 1.0 
40.41600010535492, 51.655609488630084, 0.0, 0.0, 1.0 
22.86192765053692, 41.366448254220785, 0.0, 0.0, 1.0 
13.438068615412307, 20.37011706824137, 0.0, 0.0, 1.0 
21.919480193319608, 4.276248572473506, 0.0, 0.0, 1.0 
15.774024540476223, 15.48716645502126, 0.0, 0.0, 1.0 
53.62175364527752, 5.523359772056283, 0.0, 0.0, 1.0 
34.97895413008826, 31.76238864918782, 0.0, 0.0, 1.0 
58.32453262184753, 16.00999227882476, 0.0, 0.0, 1.0 
42.21501275441763, 24.52393879675294, 0.0, 0.0, 1.0 
59.80576201567982, 55.077020117371006, 0.0, 0.0, 1.0 
57.61327664296428, 6.599907847103573, 0.0, 0.0, 1.0 
6.198901119108793, 47.854433872300156, 0.0, 0.0, 1.0 
25.34519873902195, 23.659998451274205, 0.0, 0.0, 1.0 
8.411457242746092, 55.83496890530711, 0.0, 0.0, 1.0 
29.890455521415085, 46.963349103954044, 0.0, 0.0, 1.0 
52.3692263128325, 34.643226900744615, 0.0, 0.0, 1.0 
16.34957730780625, 37.73887713343091, 0.0, 0.0, 1.0 
25.905483994838985, 5.362850192201047, 0.0, 0.0, 1.0 
39.326879623245105, 27.44555764106579, 0.0, 0.0, 1.0 
24.649155743582778, 54.77580126015216, 0.0, 0.0, 1.0 
60.14190263089932, 9.148974007393182, 0.0, 0.0, 1.0 
40.75276449008561, 5.752920590835109, 0.0, 0.0, 1.0 
48.34723929644209, 13.312477891045091, 0.0, 0.0, 1.0 
22.13904307151787, 31.962858141944412, 0.0, 0.0, 1.0 
18.667704435674796, 12.610988330580433, 0.0, 0.0, 1.0 
36.998514519232536, 12.037441261106741, 0.0, 0.0, 1.0 
57.25717078192089, 12.030099072297547, 0.0, 0.0, 1.0 
26.30192074704485, 60.69795983318991, 0.0, 0.0, 1.0 
53.95477877874132, 20.37613924456531, 0.0, 0.0, 1.0 
12.917971363788629, 58.89964521134633, 0.0, 0.0, 1.0 
25.2395234802284, 56.721034825015295, 0.0, 0.0, 1.0 
46.21472559077168, 25.59358483259328, 0.0, 0.0, 1.0 
23.588315520883526, 30.522879887861503, 0.0, 0.0, 1.0 
56.34594430108684, 55.99187062567113, 0.0, 0.0, 1.0 
4.770748375109904, 8.816762456453482, 0.0, 0.0, 1.0 
5.298391210098214, 10.781440732406807, 0.0, 0.0, 1.0 
43.14587039143315, 41.30453569915087, 0.0, 0.0, 1.0 
29.211695084064115, 37.55091420452126, 0.0, 0.0, 1.0 
25.373691036838462, 43.856830000233415, 0.0, 0.0, 1.0 
8.39317662413857, 35.54752239890078, 0.0, 0.0, 1.0 
27.755173387740303, 18.737120862051935, 0.0, 0.0, 1.0 
6.8988395393935384, 37.04601712683909, 0.0, 0.0, 1.0 
44.747541680916804, 6.785167909652317, 0.0, 0.0, 1.0 
52.54011331587364, 42.042327713908875, 0.0, 0.0, 1.0 
35.37021038690019, 6.052471600405811, 0.0, 0.0, 1.0 
11.99991131438968, 1.5524920539888372, 0.0, 0.0, 1.0 
21.92766655280588, 24.531513173490605, 0.0, 0.0, 1.0 
59.016967440232044, 25.461329637906363, 0.0, 0.0, 1.0 
44.050724370598594, 37.87126603036422, 0.0, 0.0, 1.0 
43.294744753622965, 48.75519002131078, 0.0, 0.0, 1.0 
36.60565036404842, 58.02472709635057, 0.0, 0.0, 1.0 
9.998414561995329, 41.554043784234686, 0.0, 0.0, 1.0 
16.904653764641175, 59.99346086913119, 0.0, 0.0, 1.0 
52.204581468848986, 47.47343076278433, 0.0, 0.0, 1.0 
9.644061736748302, 6.44865362244828, 0.0, 0.0, 1.0 
13.975489648183142, 22.381950018050286, 0.0, 0.0, 1.0 
22.47048751730868, 6.256155966180008, 0.0, 0.0, 1.0 
35.88989692629639, 28.349214116523846, 0.0, 0.0, 1.0 
10.577625708488421, 43.50110952384151, 0.0, 0.0, 1.0 
12.20629837834221, 49.504984896232884, 0.0, 0.0, 1.0 
36.26539886476938, 22.87917390405108, 0.0, 0.0, 1.0 
57.03831447190471, 24.936925761445853, 0.0, 0.0, 1.0 
0.5926630525248228, 20.527982822924226, 0.0, 0.0, 1.0 
5.1257589246514295, 43.8915041352174, 0.0, 0.0, 1.0 
34.25108628348981, 22.34324493068989, 0.0, 0.0, 1.0 
34.26428135878243, 2.0931824813895794, 0.0, 0.0, 1.0 
15.577948493205664, 8.054843112754508, 0.0, 0.0, 1.0 
23.79339711769993, 58.17043400018695, 0.0, 0.0, 1.0 
30.9830817990417, 10.442279956664569, 0.0, 0.0, 1.0 
50.38199736867592, 13.846563723132281, 0.0, 0.0, 1.0 
43.64873049303937, 23.065407036786304, 0.0, 0.0, 1.0 
25.183421961916267, 16.217304832422766, 0.0, 0.0, 1.0 
30.425843202301504, 8.441390276213887, 0.0, 0.0, 1.0 
47.31234689285415, 9.29887996322462, 0.0, 0.0, 1.0 
21.780379098766744, 57.61477197296328, 0.0, 0.0, 1.0 
18.544729678908475, 45.69508094627776, 0.0, 0.0, 1.0 
58.86213421677878, 58.55936117252357, 0.0, 0.0, 1.0 
53.619868186456486, 25.80424685026928, 0.0, 0.0, 1.0 
44.037316739970066, 58.17099707590492, 0.0, 0.0, 1.0 
8.031843127332856, 20.77543353797654, 0.0, 0.0, 1.0 
17.238714455763244, 54.56915127426173, 0.0, 0.0, 1.0 
7.835747924891174, 33.593253199022264, 0.0, 0.0, 1.0 
15.660743687382395, 48.60666381149024, 0.0, 0.0, 1.0 
20.36690748566606, 59.083604356646134, 0.0, 0.0, 1.0 
2.1997419087109797, 26.516456308025436, 0.0, 0.0, 1.0 
13.998189298387059, 2.059109651302084, 0.0, 0.0, 1.0 
47.45082504836213, 16.76296800186367, 0.0, 0.0, 1.0 
54.719187329983505, 9.514543785914823, 0.0, 0.0, 1.0 
13.454145723663268, 0.10229656844146233, 0.0, 0.0, 1.0 
36.79260973524358, 45.171861883265336, 0.0, 0.0, 1.0 
48.390157156551304, 33.56156697055308, 0.0, 0.0, 1.0 
12.363212866875909, 56.91234481789197, 0.0, 0.0, 1.0 
9.290271544802806, 32.13082196772732, 0.0, 0.0, 1.0 
13.278269182579283, 53.477806833173304, 0.0, 0.0, 1.0 
29.79288741563279, 39.559088293587145, 0.0, 0.0, 1.0 
7.67778422075568, 46.416728119922254, 0.0, 0.0, 1.0 
47.496883654268935, 37.021093589242064, 0.0, 0.0, 1.0 
0.24911120131575437, 5.669156924963613, 0.0, 0.0, 1.0 
1.1188650370429778, 22.561645068781264, 0.0, 0.0, 1.0 
20.873608403218963, 40.81975749161881, 0.0, 0.0, 1.0 
59.243647579356306, 53.0988638225762, 0.0, 0.0, 1.0 
32.05224458070368, 14.415655501337909, 0.0, 0.0, 1.0 
58.79987315969024, 38.202437828027065, 0.0, 0.27634602416744286, 1.1 
23.743991992357987, 37.90962333614181, 0.0, 0.0, 1.0 
55.46714027780742, 39.113569920678025, 0.0, 0.0, 1.0 
32.67284271105085, 36.6229635487927, 0.0, 0.0, 1.0 
55.01707816145191, 24.375261375500482, 0.0, 0.0, 1.0 
34.04754998747518, 55.440246742710535, 0.0, 0.0, 1.0 
5.662676624213771, 5.3588863419444435, 0.0, 0.0, 1.0 
45.100248342387665, 21.61910192926499, 0.0, 0.0, 1.0 
39.34239194021876, 7.143599209922577, 0.0, 0.0, 1.0 
20.81910373642944, 20.56291820754846, 0.0, 0.0, 1.0 
25.576966419032214, 31.04049008293269, 0.0, 0.0, 1.0 
4.407232764164369, 14.224316255021357, 0.0, 0.0, 1.0 
59.38011565086993, 20.010294097427447, 0.0, 0.0, 1.0 
58.13621179249264, 49.13344464106349, 0.0, 0.0, 1.0 
48.0098292068746, 18.77366016180139, 0.0, 0.0, 1.0 
32.81642650227998, 3.549825244398428, 0.0, 0.0, 1.0 
53.97769113582597, 40.60752322682997, 0.0, 0.0, 1.0 
19.96088630793892, 44.2679110862079, 0.0, 0.0, 1.0 
14.749964512498678, 31.76393372695707, 0.0, 0.0, 1.0 
1.8327015528238897, 11.688781678708201, 0.0, 0.0, 1.0 
56.502972989385945, 43.106488782848615, 0.0, 0.0, 1.0 
51.63198668095387, 4.983057266720128, 0.0, 0.0, 1.0 
23.24923378744759, 56.17259619169073, 0.0, 0.0, 1.0 
45.16728110617968, 41.86038015096379, 0.0, 0.0, 1.0 
4.219198872596386, 47.36007090273342, 0.0, 0.0, 1.0 
48.6048824248711, 0.4532463151164501, 0.0, 0.0, 1.0 
57.45259754092397, 39.66133105336929, 0.0, 0.0, 1.0 
20.66438323768197, 13.151498854819607, 0.0, 0.0, 1.0 
7.140754254445854, 3.8810281492940697, 0.0, 0.0, 1.0 
35.913910919815734, 8.080048244164901, 0.0, 0.0, 1.0 
51.8172683151525, 52.93208564187507, 0.0, 0.0, 1.0 
7.286578046558939, 31.62882670337803, 0.0, 0.0, 1.0 
35.70583250727452, 20.94172135402783, 0.0, 0.0, 1.0 
40.80267220418856, 46.23777923728402, 0.0, 0.0, 1.0 
14.176302312305719, 50.04259712467126, 0.0, 0.0, 1.0 
8.75542867967641, 50.372957397569024, 0.0, 0.0, 1.0 
37.35546018950124, 47.14837038262434, 0.0, 0.0, 1.0 
15.070670706882522, 6.06087323631414, 0.0, 0.0, 1.0 
0.9563839879997601, 55.64580163064904, 0.0, 0.0, 1.0 
28.296691044129744, 20.727378243039222, 0.0, 0.0, 1.0 
36.26292976697935, 2.6483301279004117, 0.0, 0.0, 1.0 
47.83800059563508, 11.360331291572285, 0.0, 0.0, 1.0 
39.88138509784888, 49.64300166838269, 0.0, 0.0, 1.0 
59.58539902159958, 7.157889603100866, 0.0, 0.0, 1.0 
10.706311250244308, 10.44337223593394, 0.0, 0.0, 1.0 
3.293742367555437, 10.244255156372517, 0.0, 0.0, 1.0 
57.06395928012714, 45.14198227716156, 0.0, 0.0, 1.0 
37.86787355209803, 8.618539994395073, 0.0, 0.0, 1.0 
49.304837464018306, 9.866663620479375, 0.0, 0.0, 1.0 
41.87211112908917, 50.198520691268655, 0.0, 0.0, 1.0 
59.978855901592965, 1.7363947531063815, 0.0, 0.0, 1.0 
3.1161265757914407, 43.34807767157869, 0.0, 0.0, 1.0 
8.744536193492886, 9.903753214240604, 0.0, 0.0, 1.0 
36.78113311895506, 4.641700784962478, 0.0, 0.0, 1.0 
1.6854991630488596, 4.261573173706048, 0.0, 0.0, 1.0 
16.149398773243142, 10.078050523564224, 0.0, 0.0, 1.0 
5.476836988876365, 18.19532284081708, 0.0, 0.0, 1.0 
37.69282757033135, 1.2111287695158806, 0.0, 0.0, 1.0 
49.95773410153602, 19.292160600063372, 0.0, 0.0, 1.0 
26.29350726990675, 40.456640059037824, 0.0, 0.0, 1.0 
14.857925876653393, 59.447161990293, 0.0, 0.0, 1.0 
57.584071831979834, 47.13570562309584, 0.0, 0.0, 1.0 
16.306271951805627, 17.481302847483022, 0.0, 0.0, 1.0 
54.695627170885, 29.81039413382206, 0.0, 0.0, 1.0 
41.50478031456281, 15.114479171877196, 0.0, 0.0, 1.0 
50.719850666820285, 48.94923102148974, 0.0, 0.0, 1.0 
51.83196508737882, 32.679080803705325, 0.0, 0.0, 1.0 
45.30096111247908, 29.051299114114688, 0.0, 0.0, 1.0 
48.743600950996665, 48.37453080164055, 0.0, 0.0, 1.0 
4.020020758677855, 19.617421733669573, 0.0, 0.0, 1.0 
34.94864242050736, 11.501452336382448, 0.0, 0.0, 1.0 
3.3178622085252174, 30.483068758610813, 0.0, 0.0, 1.0 
44.78246381154757, 47.31217105491792, 0.0, 0.0, 1.0 
15.975616015513964, 2.631804091415312, 0.0, 0.0, 1.0 
22.657318486502028, 13.672191537211978, 0.0, 0.0, 1.0 
31.17117223520063, 38.10038852285751, 0.0, 0.0, 1.0 
50.20494636827207, 6.4392463854549655, 0.0, 0.0, 1.0 
56.48892640800645, 22.892776865934305, 0.0, 0.0, 1.0 
31.01546770959961, 50.91311159203012, 0.0, 0.0, 1.0 
43.66315213591263, 2.835924828409714, 0.0, 0.0, 1.0 
7.1087770059238, 44.45185542639269, 0.0, 0.0, 1.0 
1.505258155154806, 17.09102332042406, 0.0, 0.0, 1.0 
43.127202718971965, 21.099532744220824, 0.0, 0.0, 1.0 
24.88093064033313, 1.4010137312122493, 0.0, 0.0, 1.0 
41.701767949134236, 2.2667438461211704, 0.0, 0.0, 1.0 
26.681515085475443, 55.28314144175275, 0.0, 0.0, 1.0 
12.181479913085072, 29.275950072868515, 0.0, 0.0, 1.0 
10.004685731295893, 0.9978036921882273, 0.0, 0.0, 1.0 
21.067131233003916, 7.706320348499794, 0.0, 0.0, 1.0 
26.489084004540803, 47.869025562796885, 0.0, 0.0, 1.0 
41.50802779065897, 35.38899770272973, 0.0, 0.0, 1.0 
45.29531250218364, 8.7902405571582, 0.0, 0.0, 1.0 
52.740094782373994, 49.48929663310526, 0.0, 0.0, 1.0 
20.674273786505566, 53.64783885287418, 0.0, 0.0, 1.0 
46.01407228060399, 58.747435594319, 0.0, 0.0, 1.0 
50.9569316056351, 36.122418560089415, 0.0, 0.0, 1.0 
47.110881415805075, 1.9240020052963778, 0.0, 0.0, 1.0 
19.81456489074253, 57.086264486399514, 0.0, 0.0, 1.0 
42.393069058937776, 52.22002083817268, 0.0, 0.0, 1.0 
12.168499570333458, 8.953886384532089, 0.0, 0.0, 1.0 
10.364151319680794, 15.855599656403452, 0.0, 0.0, 1.0 
35.514715851394136, 54.023936950136026, 0.0, 0.0, 1.0 
33.18016838627959, 58.886445104439076, 0.0, 0.0, 1.0 
34.44169502553533, 29.755409291385774, 0.0, 0.0, 1.0 
21.72874012218893, 17.15175998833269, 0.0, 0.0, 1.0 
34.64512745311379, 57.46935544143037, 0.0, 0.0, 1.0 
13.071365603681809, 46.0720333426623, 0.0, 0.0, 1.0 
53.82423401145421, 33.18090060762088, 0.0, 0.0, 1.0 
35.70853557814438, 0.6396845580576982, 0.0, 0.0, 1.0 
44.927464563761866, 14.213863712793426, 0.0, 0.0, 1.0 
11.439449329852296, 19.82195486492715, 0.0, 0.0, 1.0 
21.58532507809364, 50.217263758866935, 0.0, 0.0, 1.0 
36.98548657599357, 52.55037499140621, 0.0, 0.0, 1.0 
24.1191925030276, 52.7376582591932, 0.0, 0.0, 1.0 
24.14283087167886, 32.503544686221986, 0.0, 0.0, 1.0 
2.5842616401380005, 0.8410061587943958, 0.0, 0.0, 1.0 
19.581575397522066, 9.158769999901539, 0.0, 0.0, 1.0 
19.05981970231401, 27.465248477827178, 0.0, 0.0, 1.0 
7.475944123829847, 39.01717916093586, 0.0, 0.0, 1.0 
50.718363930553956, 28.67245520016754, 0.0, 0.0, 1.0 
9.449071923882432, 39.53660845001897, 0.0, 0.0, 1.0 
32.623517067858295, 16.422763760199018, 0.0, 0.0, 1.0 
0.45863818662474093, 33.37817122359439, 0.0, 0.0, 1.0 
54.15877547914882, 48.01716591260834, 0.0, 0.0, 1.0 
51.65850248706116, 45.481461786703186, 0.0, 0.0, 1.0 
41.13959343641559, 40.78606808327304, 0.0, 0.0, 1.0 
14.700968943294734, 11.509844748724054, 0.0, 0.0, 1.0 
50.9065057553229, 15.855907292782442, 0.0, 0.0, 1.0 
46.39273059943939, 33.0239834327596, 0.0, 0.0, 1.0 
41.66479945916292, 22.58638262506918, 0.0, 0.0, 1.0 
28.468210397551594, 48.43201622633028, 0.0, 0.0, 1.0 
5.495765248768763, 38.44819557920918, 0.0, 0.0, 1.0 
27.569727275030253, 31.58032068424304, 0.0, 0.0, 1.0 
54.49581175341089, 22.357845999422736, 0.0, 0.0, 1.0 
9.827472830970219, 34.10472217090452, 0.0, 0.0, 1.0 
23.049820524335736, 48.740800190777655, 0.0, 0.0, 1.0 
44.237088773843084, 4.813274213938162, 0.0, 0.0, 1.0 
14.157224511313268, 9.507667581081165, 0.0, 0.0, 1.0 
44.786050564329265, 27.04018295478756, 0.0, 0.0, 1.0 
60.70327336738505, 11.159714062665671, 0.0, 0.0, 1.0 
34.60210990389706, 16.95955415099119, 0.0, 0.0, 1.0 
33.739982471438864, 40.63458510388915, 0.0, 0.0, 1.0 
30.964795842087113, 30.676722682603618, 0.0, 0.0, 1.0 
9.449274137123629, 59.827365066623685, 0.0, 0.0, 1.0 
4.941576776229944, 16.244175799956405, 0.0, 0.0, 1.0 
42.76965399855532, 46.79465270053729, 0.0, 0.0, 1.0 
36.41239047371016, 50.59702181870726, 0.0, 0.0, 1.0 
57.95195381391408, 1.1502499909958495, 0.0, 0.0, 1.0 
30.102954822011977, 34.10523064825326, 0.0, 0.0, 1.0 
15.48555908797268, 41.13225086836791, 0.0, 0.0, 1.0 
2.256922765862501, 46.78280395237411, 0.0, 0.0, 1.0 
6.57540860659243, 42.434994905741306, 0.0, 0.0, 1.0 
4.7871677034289375, 49.280660924533144, 0.0, 0.0, 1.0 
27.867238143041977, 26.172247435658196, 0.0, 0.0, 1.0 
9.676523291514286, 26.682943517067944, 0.0, 0.0, 1.0 
46.74901514138865, 7.366136840590087, 0.0, 0.0, 1.0 
12.74304257047002, 31.213362685292868, 0.0, 0.0, 1.0 
27.553959294558165, 51.848785576946106, 0.0, 0.0, 1.0 
38.419880011103295, 51.13509365832392, 0.0, 0.0, 1.0 
3.507371204152412, 58.17322245994273, 0.0, 0.0, 1.0 
4.012499392862281, 39.91604253942917, 0.0, 0.0, 1.0 
0.0543617543175154, 38.81999677431578, 0.0, 0.0, 1.0 
41.00139162766225, 13.143131653925654, 0.0, 0.0, 1.0 
34.2422324275566, 42.59782407969565, 0.0, 0.0, 1.0 
46.6080705399077, 40.43085322082495, 0.0, 0.0, 1.0 
45.829375318474405, 31.024036359263672, 0.0, 0.0, 1.0 
37.322931458331695, 6.601587040822253, 0.0, 0.0, 1.0 
52.17197446990202, 27.259557169084193, 0.0, 0.0, 1.0 
36.58188018765945, 17.496263517633807, 0.0, 0.0, 1.0 
53.065416042126714, 44.08141735487444, 0.0, 0.0, 1.0 
28.832581860052223, 22.731131740720055, 0.0, 0.0, 1.0 
52.727811181133184, 29.23602863470162, 0.0, 0.0, 1.0 
28.84180687301583, 2.4486277259487355, 0.0, 0.0, 1.0 
27.165520053502185, 16.741640383051433, 0.0, 0.0, 1.0 
15.962300048703959, 22.945889603436285, 0.0, 0.0, 1.0 
32.302600508327124, 1.5449465511049354, 0.0, 0.0, 1.0 
44.41020595790798, 52.74625596500751, 0.0, 0.0, 1.0 
19.421286117000655, 1.7344483427777437, 0.0, 0.0, 1.0 
31.413611731456218, 45.509565991501695, 0.0, 0.0, 1.0 
4.588799632218725, 41.869965083253305, 0.0, 0.0, 1.0 
5.838097436143463, 12.799629557966682, 0.0, 0.0, 1.0 
56.29393096435723, 15.46890182440101, 0.0, 0.0, 1.0 
43.33891202329346, 28.499522834037677, 0.0, 0.0, 1.0 
46.58558934742291, 60.69374109784709, 0.0, 0.0, 1.0 
5.662960062798313, 45.84703764755115, 0.0, 0.0, 1.0 
43.8826524743947, 10.262423324397451, 0.0, 0.0, 1.0 
59.03493274114934, 5.163612689353377, 0.0, 0.0, 1.0 
9.288079967588494, 11.856126099057214, 0.0, 0.0, 1.0 
37.50738238218001, 34.27095538282886, 0.0, 0.0, 1.0 
3.508002418431818, 17.66049457697286, 0.0, 0.0, 1.0 
3.13338037971426, 23.10470103925173, 0.0, 0.0, 1.0 
56.39466049867083, 35.7627728650971, 0.0, 0.0, 1.0 
37.8797667443867, 28.842146404183893, 0.0, 0.0, 1.0 
13.955458475968676, 42.653582061680204, 0.0, 0.0, 1.0 
21.403798853819364, 22.55887703471797, 0.0, 0.0, 1.0 
0.027769573845734766, 59.06672811982838, 0.0, 0.0, 1.0 
59.94258172134434, 42.21396500241857, 0.0, 0.0, 1.0 
39.1365574535727, 40.28386560940843, 0.0, 0.0, 1.0 
42.55194283868858, 59.61158257967861, 0.0, 0.0, 1.0 
30.640123341163285, 56.387796350848014, 0.0, 0.0, 1.0 
33.49157660199368, 53.50134268918801, 0.0, 0.0, 1.0 
47.157112683765014, 42.38761216386801, 0.0, 0.0, 1.0 
48.58233696649183, 40.97413841494243, 0.0, 0.0, 1.0 
49.8319042902923, 11.85344765539501, 0.0, 0.0, 1.0 
21.213839616726734, 15.13808209812686, 0.0, 0.0, 1.0 
14.369261492593063, 57.48911075100654, 0.0, 0.0, 1.0 
43.86797967103279, 50.786119568241375, 0.0, 0.0, 1.0 
60.476770523157235, 3.7397812108496944, 0.0, 0.0, 1.0 
38.252780258375424, 23.429548461328572, 0.0, 0.0, 1.0 
11.097738269613917, 5.006710616687155, 0.0, 0.0, 1.0 
18.481674525046937, 5.182275851279808, 0.0, 0.0, 1.0 
28.70035691291527, 35.568192609963454, 0.0, 0.0, 1.0 
35.35457635124822, 46.595481279926936, 0.0, 0.0, 1.0 
42.60820040515113, 39.361245738288616, 0.0, 0.0, 1.0 
16.51896912874385, 24.901342019869887, 0.0, 0.0, 1.0 
60.6645341839567, 31.39732678730352, 0.0, 0.0, 1.0 
41.833453218382175, 29.981671678119863, 0.0, 0.0, 1.0 
6.052740503137671, 60.67774911033205, 0.0, 0.0, 1.0 
27.373995477949073, 3.892965767580484, 0.0, 0.0, 1.0 
46.2232424078147, 5.347423865971044, 0.0, 0.0, 1.0 
56.52984375241894, 2.6031413089161326, 0.0, 0.0, 1.0 
48.52473826506353, 20.738505599956994, 0.0, 0.0, 1.0 
14.338322914588087, 16.91520590228382, 0.0, 0.0, 1.0 
44.376468960578464, 32.482917814324665, 0.0, 0.0, 1.0 
31.921423853979046, 6.975206464695677, 0.0, 0.0, 1.0 
38.2540461614975, 3.162337858908566, 0.0, 0.0, 1.0 
51.10342910842571, 43.51350660198967, 0.0, 0.0, 1.0 
37.34544370452693, 26.847218957841292, 0.0, 0.0, 1.0 
11.649513040285028, 6.998126346306269, 0.0, 0.0, 1.0 
60.70005459416757, 51.63149487295742, 0.0, 0.0, 1.0 
1.325428130589595, 29.943390745460942, 0.0, 0.0, 1.0 
30.270033339876306, 1.0176912573491492, 0.0, 0.0, 1.0 
2.4260992131952337, 33.902433104925045, 0.0, 0.0, 1.0 
0.4114987827199833, 13.116605583753254, 0.0, 0.0, 1.0 
2.2582166678791604, 6.2475722555463475, 0.0, 0.0, 1.0 
55.6014516735996, 26.33249478717399, 0.0, 0.0, 1.0 
15.981202246492842, 43.16316531695095, 0.0, 0.0, 1.0 
54.54655207421405, 42.5848016865079, 0.0, 0.0, 1.0 
47.65083180221373, 3.930409791952175, 0.0, 0.0, 1.0 
18.880751635026954, 40.2634464619063, 0.0, 0.0, 1.0 
49.61407717184641, 44.93353923177903, 0.0, 0.0, 1.0 
37.15809142912514, 59.9644786782128, 0.0, 0.0, 1.0 
9.291785517642017, 52.39463019412187, 0.0, 0.0, 1.0 
25.74165523788219, 58.74739043250053, 0.0, 0.0, 1.0 
60.32871399901712, 57.09686360060121, 0.0, 0.0, 1.0 
19.43847069575883, 42.28345616540231, 0.0, 0.0, 1.0 
43.87750328632884, 30.485334013355704, 0.0, 0.0, 1.0 
35.5022531979826, 13.518286119029971, 0.0, 0.0, 1.0 
30.30864369213585, 41.549484287119604, 0.0, 0.0, 1.0 
34.09423714010181, 14.97828761634905, 0.0, 0.0, 1.0 
8.95842390465535, 57.80593178690304, 0.0, 0.0, 1.0 
49.67793606128522, 24.67631683655689, 0.0, 0.0, 1.0 
11.434869670659017, 60.355632233489544, 0.0, 0.0, 1.0 
1.1528044403640658, 42.80480555866365, 0.0, 0.0, 1.0 
49.466465684539415, 57.80074977094678, 0.0, 0.0, 1.0 
25.218587546755536, 36.48077700391019, 0.0, 0.0, 1.0 
48.9321261013695, 35.554160149252404, 0.0, 0.0, 1.0 
60.4850913142876, 23.969359573112897, 0.0, 0.0, 1.0 
50.55937243125562, 41.5099303081072, 0.0, 0.0, 1.0 
13.615069926692922, 48.056367710927596, 0.0, 0.0, 1.0 
11.27493076834446, 12.43440354937632, 0.0, 0.0, 1.0 
12.727313806886743, 51.470438400310634, 0.0, 0.0, 1.0 
41.14239955976669, 0.2759351436132671, 0.0, 0.0, 1.0 
33.88890515911132, 7.523592175313884, 0.0, 0.0, 1.0 
19.776317376037344, 36.84608271573919, 0.0, 0.0, 1.0 
59.037802346723566, 45.66405978827394, 0.0, 0.0, 1.0 
44.00816635044657, 17.634129677349968, 0.0, 0.0, 1.0 
49.29946744306401, 50.39340556451268, 0.0, 0.0, 1.0 
30.256890599485278, 21.259884319894688, 0.0, 0.0, 1.0 
49.292306424656914, 30.1378407298834, 0.0, 0.0, 1.0 
11.826225818777235, 34.61463039273929, 0.0, 0.0, 1.0 
33.35145363223072, 5.537639622323407, 0.0, 0.0, 1.0 
19.959896085842345, 3.7049908877656095, 0.0, 0.0, 1.0 
40.44796644979329, 11.12654911868112, 0.0, 0.0, 1.0 
39.8548250426196, 29.409243533903574, 0.0, 0.0, 1.0 
19.20734791956379, 14.578412630603205, 0.0, 0.0, 1.0 
52.900046828494226, 56.894869963020014, 0.0, 0.0, 1.0 
47.665977955885346, 44.4117956884989, 0.0, 0.0, 1.0 
33.49256503406015, 33.19495914364116, 0.0, 0.0, 1.0 
11.087584599437525, 25.290247556323973, 0.0, 0.0, 1.0 
55.60449220754919, 6.083768837144855, 0.0, 0.0, 1.0 
48.064234794228604, 38.99660927728897, 0.0, 0.0, 1.0 
24.307371195691594, 60.173970859021544, 0.0, 0.0, 1.0 
50.56153328382187, 0.9929772400045165, 0.0, 0.0, 1.0 
4.032150931374331, 60.13643678879021, 0.0, 0.0, 1.0 
50.00041333703595, 59.79684814679729, 0.0, 0.0, 1.0 
11.261118033334954, 32.69226289182898, 0.0, 0.0, 1.0 
3.8659371034031285, 12.247965739074102, 0.0, 0.0, 1.0 
18.834714259117046, 20.036238004391674, 0.0, 0.0, 1.0 
32.797842088736864, 44.07054605579349, 0.0, 0.0, 1.0 
15.676501795057924, 28.286698482187255, 0.0, 5.7689469252011625, 1.1 
21.62474071725802, 30.004668127501237, 0.0, 0.0, 1.0 
55.26113285158649, 31.764466165105233, 0.0, 0.0, 1.0 
37.53669940631717, 14.029926747113963, 0.0, 6.0888200086384385, 1.1 
7.697896017729104, 26.09858767973237, 0.0, 0.0, 1.0 
12.5217745193627, 23.822298324268925, 0.0, 0.0, 1.0 
43.469633765694226, 15.691411872740181, 0.0, 0.0, 1.0 
18.158359573509525, 30.860341049448824, 0.0, 0.0, 1.0 
5.114891089262681, 23.670693021568386, 0.0, 0.0, 1.0 
46.93317695511857, 14.74487098000305, 0.0, 0.0, 1.0 
35.17132537218559, 18.928263386847593, 0.0, 0.0, 1.0 
34.059877192813595, 35.21417830573313, 0.0, 0.0, 1.0 
30.622192223515384, 36.106561232728815, 0.0, 0.0, 1.0 
31.75943584284186, 60.35215500414372, 0.0, 0.0, 1.0 
24.497687259492217, 47.29171647141128, 0.0, 0.0, 1.0 
15.401706749326685, 20.90838277682342, 0.0, 0.0, 1.0 
4.236868804363347, 27.048691849897924, 0.0, 0.0, 1.0 
53.47189103456385, 58.87882774053956, 0.0, 0.0, 1.0 
31.533058578652465, 32.64409757434205, 0.0, 0.0, 1.0 
2.0383242157376573, 59.60037424476783, 0.0, 0.0, 1.0 
55.09624863073182, 44.5746317766825, 0.0, 0.0, 1.0 
4.562248405006914, 21.67224002702604, 0.0, 0.0, 1.0 
46.40097330830477, 53.29992649757466, 0.0, 0.0, 1.0 
3.126392356218052, 2.7837967426756904, 0.0, 0.0, 1.0 
31.708955597918653, 40.06553269805549, 0.0, 0.0, 1.0 
34.43828101702043, 50.036904790539836, 0.0, 0.0, 1.0 
28.991457290379877, 30.14808317552877, 0.0, 0.0, 1.0 
10.542998673643412, 3.003069405931135, 0.0, 0.0, 1.0 
56.193440714086854, 8.078337078891554, 0.0, 0.0, 1.0 
41.31903980859462, 7.724603270624238, 0.0, 0.0, 1.0 
27.731466381995077, 59.295345539541465, 0.0, 0.0, 1.0 
46.93605892904752, 55.26974274363419, 0.0, 0.0, 1.0 
22.86089664102273, 21.130828537371173, 0.0, 0.0, 1.0 
57.7945398171714, 34.2792484884608, 0.0, 0.0, 1.0 
51.99233545820619, 40.057622763605664, 0.0, 0.0, 1.0 
12.717793797448358, 10.989750219817974, 0.0, 0.0, 1.0 
15.79004391099105, 35.75349231059423, 0.0, 0.0, 1.0 
8.54830235280099, 22.75495074582214, 0.0, 0.0, 1.0 
7.862503171442525, 53.81809931701242, 0.0, 0.0, 1.0 
51.456564202757, 38.08595604886947, 0.0, 0.0, 1.0 
29.033556494854555, 9.84733875456021, 0.0, 0.0, 1.0 
32.80082116808847, 23.8392443441333, 0.0, 0.0, 1.0 
32.28003011088823, 21.814345353959677, 0.0, 0.0, 1.0 
52.551676534436105, 1.5078593561505935, 0.0, 0.0, 1.0 
0.2668240232207293, 26.01376964986118, 0.0, 0.0, 1.0 
20.896112963750856, 0.2997773645532322, 0.0, 0.0, 1.0 
32.44239580329461, 49.468515668962894, 0.0, 0.0, 1.0 
24.463378515222203, 27.106050632922898, 0.0, 0.0, 1.0 
22.154453288239367, 11.683569515756192, 0.0, 0.0, 1.0 
21.063489764511832, 48.25059588290201, 0.0, 0.0, 1.0 
57.753651359673185, 14.052442081467037, 0.0, 0.0, 1.0 
44.60968977785501, 60.19602231750561, 0.0, 0.0, 1.0 
45.65608488206041, 43.86672708115426, 0.0, 0.0, 1.0 
54.86829872428308, 16.911716817703514, 0.0, 0.0, 1.0 
55.95226010036449, 20.906105527125156, 0.0, 0.0, 1.0 
50.74494209500672, 8.464484610970326, 0.0, 0.0, 1.0 
15.811838682717854, 56.00272638922877, 0.0, 0.0, 1.0 
0.7783367886320385, 48.20912307708863, 0.0, 0.0, 1.0 
29.039692028459267, 50.370868889787225, 0.0, 0.0, 1.0 
53.981102477510035, 0.08854361712239377, 0.0, 0.0, 1.0 
56.903683740174806, 57.97416541942315, 0.0, 0.0, 1.0 
34.85026861159395, 4.086509649572119, 0.0, 0.0, 1.0 
48.877204530703125, 15.311452315640947, 0.0, 0.0, 1.0 
0.9612228567113513, 35.37542877469769, 0.0, 0.0, 1.0 
6.045108471027525, 20.195042431959696, 0.0, 0.0, 1.0 
54.16016628009436, 27.796760482038984, 0.0, 0.0, 1.0 
59.59392489716864, 47.67268001389166, 0.0, 0.0, 1.0 
53.29868871509975, 10.986347667616153, 0.0, 0.0, 1.0 
25.027904643740573, 8.76844727549816, 0.0, 0.0, 1.0 
27.021067536338627, 29.601375629709256, 0.0, 0.0, 1.0 
29.719035412368687, 59.84754404021564, 0.0, 0.0, 1.0 
28.306112002364895, 40.97997667615216, 0.0, 0.0, 1.0 
0.9370458399867581, 15.145495276365658, 0.0, 0.0, 1.0 
6.73473622863839, 49.839017887889916, 0.0, 0.0, 1.0 
23.017075803618116, 8.250302720235132, 0.0, 0.0, 1.0 
16.479475938934655, 45.16671248712189, 0.0, 0.0, 1.0 
6.717917750358671, 9.372591513447352, 0.0, 0.0, 1.0 
12.883386438251685, 18.416137211090053, 0.0, 0.0, 1.0 
44.23945683887461, 45.317287579651996, 0.0, 0.0, 1.0 
15.058075496465886, 26.35031113439816, 0.0, 0.0, 1.0 
52.50392219728853, 21.79671397104526, 0.0, 0.0, 1.0 
17.97821760121698, 3.1734064112102955, 0.0, 0.0, 1.0 
29.874586772243234, 26.69982234608895, 0.0, 0.0, 1.0 
14.723054374144239, 52.04254527082571, 0.0, 0.0, 1.0 
8.553812878046656, 2.4492098859289184, 0.0, 0.0, 1.0 
18.16526453126838, 10.571579856988414, 0.0, 0.0, 1.0 
42.24427701834289, 44.775720198039544, 0.0, 0.0, 1.0 
19.59194088243551, 29.43989770575632, 0.0, 0.0, 1.0 
1.5464035343206861, 37.338096539922944, 0.0, 0.0, 1.0 
48.38815034032008, 53.848190603221205, 0.0, 0.0, 1.0 
4.95372439446256, 36.510986023473734, 0.0, 0.0, 1.0 
58.8485091414938, 18.037841703285537, 0.0, 0.0, 1.0 
6.0325619382207725, 40.47454803352278, 0.0, 0.0, 1.0 
0.24675346702746737, 46.22141242099713, 0.0, 0.0, 1.0 
21.439864136526694, 2.260859946510489, 0.0, 0.0, 1.0 
26.475964565720194, 7.371362526482149, 0.0, 0.0, 1.0 
20.29861367150122, 38.83817674013209, 0.0, 0.0, 1.0 
20.531017840228188, 46.207055374381966, 0.0, 0.0, 1.0 
45.13696444312086, 1.3627163782610305, 0.0, 0.0, 1.0 
26.841122565572185, 42.4461499273031, 0.0, 0.0, 1.0 
34.80988957292416, 44.60944853201536, 0.0, 0.0, 1.0 
26.66939281594038, 35.01429665333572, 0.0, 0.0, 1.0 
21.049804384573836, 27.955908903776937, 0.0, 0.0, 1.0 
22.696465677799868, 54.19262436078352, 0.0, 0.0, 1.0 
30.842621992219392, 43.51218297390838, 0.0, 0.0, 1.0 
2.9645673289640118, 35.915785364535836, 0.0, 0.0, 1.0 
51.470081887231395, 58.33395240176058, 0.0, 0.0, 1.0 
28.456500647280826, 28.135660831110282, 0.0, 0.0, 1.0 
19.945260385964662, 24.02660910657216, 0.0, 0.0, 1.0 
23.376444960369646, 23.091702532301166, 0.0, 0.0, 1.0 
52.3510082274191, 54.896801397591354, 0.0, 0.0, 1.0 
51.2565738995338, 50.91249481827396, 0.0, 0.0, 1.0 
11.125902453587718, 45.477926329718436, 0.0, 0.0, 1.0 
0.7961793494481416, 27.986878461700158, 0.0, 0.0, 1.0 
45.30166752892976, 49.30243947151497, 0.0, 0.0, 1.0 
7.639397752678035, 5.893908760113552, 0.0, 0.0, 1.0 
13.286077699319813, 33.251155874041174, 0.0, 0.0, 1.0 
14.564268280518979, 4.081731245539175, 0.0, 0.0, 1.0 
23.970903290162386, 45.31505919468819, 0.0, 0.0, 1.0 
44.42270376796218, 12.216251421034428, 0.0, 0.0, 1.0 
21.96927847816269, 44.76421268441363, 0.0, 0.0, 1.0 
32.61624048343548, 56.93138431541821, 0.0, 0.0, 1.0 
24.99762832303412, 49.30959284639245, 0.0, 0.0, 1.0 
50.39027554864944, 34.121562027214075, 0.0, 0.0, 1.0 
35.20792383789286, 59.44017197351541, 0.0, 0.0, 1.0 
29.379919480776294, 4.467650946088266, 0.0, 0.0, 1.0 
42.04442339393952, 17.136411651261987, 0.0, 0.0, 1.0 
27.375948409771176, 44.414228907351415, 0.0, 0.0, 1.0 
25.42588770628826, 3.3525816925808036, 0.0, 0.0, 1.0 
16.167008440263462, 30.285468728633486, 0.0, 0.0, 1.0 
57.2775071058416, 52.53241167899897, 0.0, 0.0, 1.0 
30.455684330940958, 28.676536697477975, 0.0, 0.0, 1.0 
33.34162759976626, 25.76678820447526, 0.0, 0.0, 1.0 
8.179301102848813, 28.16506188625636, 0.0, 0.0, 1.0 
1.646617799638416, 44.77345742080457, 0.0, 0.0, 1.0 
15.247661662816501, 33.749290852413665, 0.0, 0.0, 1.0 
2.9584232985674883, 15.687695204098755, 0.0, 0.0, 1.0 
17.822529724645403, 36.274271840242044, 0.0, 0.0, 1.0 
13.611181579275499, 7.5116482947574, 0.0, 0.0, 1.0 
8.581851888391295, 42.971959761471766, 0.0, 0.0, 1.0 
50.4010274858303, 54.378317851660405, 0.0, 0.0, 1.0 
33.55481510370302, 12.934836178223808, 0.0, 0.0, 1.0 
40.422437579475776, 31.417040070727925, 0.0, 0.0, 1.0 
27.380171708599878, 24.165334132926308, 0.0, 0.0, 1.0 
7.8053437549661755, 13.32943018195768, 0.0, 0.0, 1.0 
10.386980831298958, 56.41972566321203, 0.0, 0.0, 1.0 
47.500560192306445, 57.28058729832445, 0.0, 0.0, 1.0 
40.04936926695332, 57.05232107977197, 0.0, 0.0, 1.0 
13.818223732268589, 55.43881708453519, 0.0, 0.0, 1.0 
49.48193414506152, 37.5256451031133, 0.0, 0.0, 1.0 
44.96542291954358, 34.46536776110901, 0.0, 0.0, 1.0 
21.440335351353326, 42.78106612251559, 0.0, 0.0, 1.0 
21.789843159663405, 37.38484534930741, 0.0, 0.0, 1.0 
16.87602368249136, 19.49753649659562, 0.0, 0.0, 1.0 
37.9057153049598, 49.116233217123245, 0.0, 0.0, 1.0 
38.957904170770654, 53.082876482366615, 0.0, 0.0, 1.0 
45.668369452078046, 23.64803170424958, 0.0, 0.0, 1.0 
2.7484974073207886, 28.535348294385884, 0.0, 0.0, 1.0 
21.275130477039994, 35.39075229450579, 0.0, 0.0, 1.0 
14.523739508529355, 24.350954538516085, 0.0, 0.0, 1.0 
10.198055331730528, 28.708621267802613, 0.0, 0.0, 1.0 
29.199116992885106, 57.812174970712675, 0.0, 0.0, 1.0 
49.09914822414626, 2.4514078782526525, 0.0, 0.0, 1.0 
5.135277234600572, 3.321528102254238, 0.0, 0.0, 1.0 
30.630027508120875, 15.859869698876157, 0.0, 0.0, 1.0 
47.100559963520716, 22.16431882878158, 0.0, 0.0, 1.0 
6.55144940761043, 1.931353329715085, 0.0, 0.0, 1.0 
29.57548569899715, 52.41043384176819, 0.0, 0.0, 1.0 
60.11936705209409, 29.4193075841943, 0.0, 0.0, 1.0 
9.825931828545736, 54.373239325514504, 0.0, 0.0, 1.0 
33.20518448833223, 38.5948595323643, 0.0, 0.0, 1.0 
51.27217143978403, 30.67371662282978, 0.0, 0.0, 1.0 
0.4080028144375841, 53.66703491983288, 0.0, 0.0, 1.0 
19.288639955043397, 55.10941188770413, 0.0, 0.0, 1.0 
49.10618987782115, 42.97892877968524, 0.0, 0.0, 1.0 
7.283804001931434, 51.85068769431418, 0.0, 0.0, 1.0 
23.941277830146824, 25.06502956237878, 0.0, 0.0, 1.0 
60.36431243902115, 36.83802136165844, 0.0, 0.0, 1.0 
23.934085931001984, 4.808923503685959, 0.0, 0.0, 1.0 
38.60465537415501, 18.07817198037623, 0.0, 0.0, 1.0 
37.52159750214386, 54.576576195714765, 0.0, 0.0, 1.0 
13.785631452019317, 14.959217113537383, 0.0, 0.0, 1.0 
32.98922268309948, 31.198719977914234, 0.0, 0.0, 1.0 
49.665146330899724, 4.4358480068075385, 0.0, 0.0, 1.0 
42.95936257735322, 54.187210986534694, 0.0, 0.0, 1.0 
11.64003172551254, 47.47551668635286, 0.0, 0.0, 1.0 
21.230541040638027, 55.65387287140917, 0.0, 0.0, 1.0 
25.959596316676564, 45.83799817144545, 0.0, 0.0, 1.0 
48.73219475657529, 7.8851729086238205, 0.0, 0.0, 1.0 
58.360992049196334, 36.43498956780862, 0.0, 5.77421848914542, 2.7000000000000015 
18.453956617108858, 25.485569828865298, 0.0, 0.0, 1.0 
18.361809725979057, 38.268661496416506, 0.0, 0.0, 1.0 
46.929767908173, 35.00286845052188, 0.0, 0.0, 1.0 
50.187070523976395, 46.942745073079955, 0.0, 0.0, 1.0 
27.19659737790428, 37.05139087790091, 0.0, 0.0, 1.0 
60.157482134831795, 49.658555894366195, 0.0, 0.0, 1.0 
47.29474871119873, 29.62126000001043, 0.0, 0.0, 1.0 
59.5642132008594, 27.423790074050018, 0.0, 0.0, 1.0 
52.20195849335289, 6.986092024636575, 0.0, 0.0, 1.0 
25.556500057617853, 51.29407187882059, 0.0, 0.0, 1.0 
10.903319448934937, 38.085292269725606, 0.0, 0.0, 1.0 
53.29566310432739, 31.21949463212047, 0.0, 0.0, 1.0 
7.436787556780055, 18.76480304557711, 0.0, 0.0, 1.0 
2.0131432800391287, 19.098317011919068, 0.0, 0.0, 1.0 
33.20369017718837, 18.371808361459436, 0.0, 0.0, 1.0 
31.360603959824747, 25.17876024718605, 0.0, 0.0, 1.0 
40.557488633777794, 18.598240621326273, 0.0, 0.0, 1.0 
17.452436382476964, 1.1769036017535321, 0.0, 0.0, 1.0 
3.7015916392009793, 45.30993016482422, 0.0, 0.0, 1.0 
2.5719682668298307, 21.092132112254365, 0.0, 0.0, 1.0 
42.092700211966076, 37.340683259056256, 0.0, 0.0, 1.0 
44.95798071767532, 54.725391819523004, 0.0, 0.0, 1.0 
14.928016005604801, 39.18639814991979, 0.0, 0.0, 1.0 
50.49680198941794, 21.28763369129347, 0.0, 0.0, 1.0 
53.40927128187589, 18.393369189650436, 0.0, 0.0, 1.0 
2.7747033805294583, 8.238395825774095, 0.0, 0.0, 1.0 
34.97244732895424, 52.00131577932941, 0.0, 0.0, 1.0 
33.003692167358345, 51.47261516444319, 0.0, 0.0, 1.0 
34.81038461332398, 24.36324825345821, 0.0, 0.0, 1.0 
36.96138363523174, 32.300617880079656, 0.0, 0.0, 1.0 
42.7660601414046, 26.5101479206489, 0.0, 0.0, 1.0 
6.753443305560242, 29.57096809162218, 0.0, 0.0, 1.0 
16.701837600163234, 52.567002472171716, 0.0, 0.0, 1.0 
33.91529040672336, 48.04809944313234, 0.0, 0.0, 1.0 
2.7985748769621317, 48.7378622303881, 0.0, 0.0, 1.0 
48.21587560101474, 5.903279070668359, 0.0, 0.0, 1.0 
28.089496941370125, 33.576369159970184, 0.0, 0.0, 1.0 
14.552771853361055, 44.62162494267443, 0.0, 0.0, 1.0 
60.48562212367089, 44.21400287503215, 0.0, 0.0, 1.0 
4.97929475223414, 56.698446297465495, 0.0, 0.0, 1.0 
12.519806417665738, 3.535142738579307, 0.0, 0.0, 1.0 
10.723918136454877, 30.67243310927072, 0.0, 0.0, 1.0 
17.608594734284857, 49.133444662649815, 0.0, 0.0, 1.0 
22.513484658968558, 46.77505039348473, 0.0, 0.0, 1.0 
5.487147325320232, 58.73052960578814, 0.0, 0.0, 1.0 
39.15090261513916, 60.53315824218868, 0.0, 0.0, 1.0 
56.83494994450947, 17.49635618114237, 0.0, 0.0, 1.0 
46.19068111916441, 45.8615286194533, 0.0, 0.0, 1.0 
23.04969049668392, 28.50221626858043, 0.0, 0.0, 1.0 
38.25157603417689, 43.69881639639333, 0.0, 0.0, 1.0 
15.089524126429346, 46.59975501298517, 0.0, 0.0, 1.0 
41.10221792484087, 20.537245809536792, 0.0, 0.0, 1.0 
55.47430979099964, 59.43463164118408, 0.0, 0.0, 1.0 
8.025289085252746, 0.4374904057766493, 0.0, 0.0, 1.0 
6.227338055669012, 27.60310874747473, 0.0, 0.0, 1.0 
31.549095741568983, 52.96721803896441, 0.0, 0.0, 1.0 
53.5979690622458, 46.044905723212594, 0.0, 0.0, 1.0 
29.360200690384772, 24.68492660130674, 0.0, 0.0, 1.0 
39.688581237947, 1.7419922675307953, 0.0, 0.0, 1.0 
38.62017194315592, 38.27795180189864, 0.0, 0.0, 1.0 
39.8702325854967, 9.155223009056582, 0.0, 0.0, 1.0 
1.1345875344659901, 2.2498004351973697, 0.0, 0.0, 1.0 
30.838776178501444, 2.9828158626388825, 0.0, 0.0, 1.0 
17.225892028967912, 14.030890245287983, 0.0, 0.0, 1.0 
45.48065333452264, 36.45342818335221, 0.0, 0.0, 1.0 
58.6580721278972, 10.631076779511554, 0.0, 0.0, 1.0 
25.91765862972567, 25.610965068786467, 0.0, 0.0, 1.0 
2.4020964011470856, 13.672638971162982, 0.0, 0.0, 1.0 
58.13532276896382, 8.59994693496503, 0.0, 0.0, 1.0 
44.608106347980375, 39.92600876742638, 0.0, 0.0, 1.0 
10.501271302728655, 23.316910068512943, 0.0, 2.607139225831483, 1.1 
43.517741028996774, 35.95620827175044, 0.0, 0.0, 1.0 
29.176721434488297, 17.314303556662033, 0.0, 0.0, 1.0 
35.16609715188065, 39.14818574896022, 0.0, 0.0, 1.0 
39.67980754181839, 42.254173455318686, 0.0, 0.0, 1.0 
16.705954249671613, 32.307674710717976, 0.0, 0.0, 1.0 
55.781462630408804, 13.498308576840026, 0.0, 0.0, 1.0 
41.875710424018386, 9.704056853361244, 0.0, 0.0, 1.0 
9.823582018520462, 13.89150149994442, 0.0, 0.0, 1.0 
45.84047678544904, 51.254121200405976, 0.0, 0.0, 1.0 
59.39024735666547, 60.49974088255643, 0.0, 0.0, 1.0 
27.926643059162934, 5.887550352005959, 0.0, 0.0, 1.0 
55.06120460143581, 4.077204602556317, 0.0, 0.0, 1.0 
46.756107154366546, 27.595585777225292, 0.0, 0.0, 1.0 
17.081402447096195, 6.577783020777059, 0.0, 0.0, 1.0 
20.309011255298866, 18.56836894480036, 0.0, 0.0, 1.0 
40.95877007188794, 33.376267555296806, 0.0, 0.0, 1.0 
59.224513022270024, 12.608464880717474, 0.0, 0.0, 1.0 
6.21208953372363, 7.326648882492234, 0.0, 0.0, 1.0 
24.690914433547352, 34.47050216674938, 0.0, 0.0, 1.0 
5.649535881084917, 25.621189455027874, 0.0, 0.0, 1.0 
46.53956345223177, 20.241962145684774, 0.0, 0.0, 1.0 
26.145126898011444, 53.2712198074428, 0.0, 0.0, 1.0 
18.31938628057654, 18.02235176665206, 0.0, 0.0, 1.0 
27.55978842603862, 11.328124157601508, 0.0, 0.0, 1.0 
12.352769997369169, 16.394946141393888, 0.0, 0.0, 1.0 
0.01043387100143688, 18.60119352243183, 0.0, 0.0, 1.0 
7.999092739471046, 41.00795921717969, 0.0, 0.0, 1.0 
58.491966962707, 3.1816421624202333, 0.0, 0.0, 1.0 
54.51833711299708, 2.0790816746049146, 0.0, 0.0, 1.0 
55.62767088747188, 46.57401790434747, 0.0, 0.0, 1.0 
22.165376025390106, 52.21383054865787, 0.0, 0.0, 1.0 
40.22457143013757, 3.717313555228656, 0.0, 0.0, 1.0 
32.09410706157242, 34.650196820482776, 0.0, 0.0, 1.0 
26.65362862223616, 14.771194143377905, 0.0, 0.0, 1.0 
5.87659715997186, 33.06469798801516, 0.0, 0.0, 1.0 
17.987094266990574, 43.70067755829603, 0.0, 0.0, 1.0 
11.78908491688344, 14.399200317601933, 0.0, 0.0, 1.0 
10.378947213992838, 36.106080919972285, 0.0, 0.0, 1.0 
56.032004721661515, 0.6125233981759011, 0.0, 0.0, 1.0 
31.919754540686974, 47.502595486234576, 0.0, 0.0, 1.0 
53.098288569561696, 3.535839705505956, 0.0, 0.0, 1.0 
19.752349531079243, 16.59593697674673, 0.0, 0.0, 1.0 
31.199912968669384, 17.8065211107421, 0.0, 0.0, 1.0 
17.940625952016813, 23.496970302381406, 0.0, 0.0, 1.0 
22.835941931797283, 0.8258432530036548, 0.0, 0.0, 1.0 
37.69643601917713, 21.488779971079218, 0.0, 0.0, 1.0 
1.3295746695479973, 50.23854055756919, 0.0, 0.0, 1.0 
53.27262666501916, 51.46924478400014, 0.0, 0.0, 1.0 
57.9570593935433, 21.48132723898415, 0.0, 0.0, 1.0 
57.085631674284755, 4.609498446450699, 0.0, 0.0, 1.0 
5.31417475706648, 31.05194832826359, 0.0, 0.0, 1.0 
45.45892136202846, 16.226814473300962, 0.0, 0.0, 1.0 
17.786434463715842, 16.036782396443968, 0.0, 0.0, 1.0 
60.29572678575466, 16.553464607869373, 0.0, 0.0, 1.0 
31.404816167440416, 4.981351225745181, 0.0, 0.0, 1.0 
30.098095938218233, 54.37619848705694, 0.0, 0.0, 1.0 
30.44523594907805, 48.95294210575145, 0.0, 0.0, 1.0 
13.06361516925071, 5.554685131667153, 0.0, 0.0, 1.0 
32.44891118374022, 8.961272621841003, 0.0, 0.0, 1.0 
57.380106863294735, 19.464066431696782, 0.0, 0.0, 1.0 
22.669129456644303, 33.92597965018417, 0.0, 0.0, 1.0 
45.47313288953889, 56.73498556615783, 0.0, 0.0, 1.0 
33.72293316899435, 0.13587201940709565, 0.0, 0.0, 1.0 
16.20532268022974, 50.59112699456845, 0.0, 0.0, 1.0 
22.302232724944567, 19.123998960249352, 0.0, 0.0, 1.0 
49.84623207569099, 32.12268618212592, 0.0, 0.0, 1.0 
13.442485547168273, 40.63358325889512, 0.0, 0.0, 1.0 
20.16659679759277, 51.64946955970124, 0.0, 0.0, 1.0 
25.751439935993083, 38.46659106203744, 0.0, 0.0, 1.0 
24.29457362500958, 19.651916787384412, 0.0, 0.0, 1.0 
50.17806351537151, 26.71901609586326, 0.0, 0.0, 1.0 
11.47189385852105, 40.091690140244296, 0.0, 0.0, 1.0 
26.478214043024888, 27.614699818152914, 0.0, 0.0, 1.0 
24.822556325165866, 41.891541951799404, 0.0, 0.0, 1.0 
35.32176032984502, 26.309170682065442, 0.0, 0.0, 1.0 
53.4425731380718, 38.61385971009972, 0.0, 0.0, 1.0 
18.16954608189462, 51.131908569422905, 0.0, 0.0, 1.0 
41.67039722177842, 42.81266571581234, 0.0, 0.0, 1.0 
54.881237622423555, 57.430296715245426, 0.0, 0.0, 1.0 
46.3937716863474, 12.762164343765434, 0.0, 0.0, 1.0 
51.05974545210778, 23.263044555227406, 0.0, 0.0, 1.0 
38.39098197369703, 10.59247176253298, 0.0, 0.0, 1.0 
18.850687583063184, 60.54587934145818, 0.0, 0.0, 1.0 
54.34271476927287, 14.934911983102353, 0.0, 0.0, 1.0 
43.68257274030362, 43.33345708995144, 0.0, 0.0, 1.0 
27.724012727298625, 39.01596195074779, 0.0, 0.0, 1.0 
17.0709461648134, 47.16097335988192, 0.0, 0.0, 1.0 
57.819453226670895, 54.52862054560139, 0.0, 0.0, 1.0 
16.85628958728286, 39.75553331700312, 0.0, 0.0, 1.0 
10.925944451511347, 58.352959831977444, 0.0, 0.0, 1.0 
38.083561045930054, 56.51989570828918, 0.0, 0.0, 1.0 
17.585293593296132, 8.632691229744156, 0.0, 0.0, 1.0 
3.8900558769348534, 52.736344371098085, 0.0, 0.0, 1.0 
2.4403578995802055, 54.205629493296186, 0.0, 0.0, 1.0 
2.606300872413426, 41.337754359617804, 0.0, 0.0, 1.0 
53.8426213140843, 53.41737327269026, 0.0, 0.0, 1.0 
26.08880104802632, 33.065284361428375, 0.0, 0.0, 1.0 
26.81449157766234, 22.196539095834233, 0.0, 0.0, 1.0 
48.91703206925866, 55.80850500960362, 0.0, 0.0, 1.0 
4.398819418173551, 34.46977421689255, 0.0, 0.0, 1.0 
58.139095474551716, 28.84945306479897, 0.0, 0.0, 1.0 
36.412491456541986, 30.325034854149543, 0.0, 0.0, 1.0 
52.73702163577931, 8.957377981804585, 0.0, 0.0, 1.0 
37.166020578514974, 39.70631746162684, 0.0, 0.0, 1.0 
47.87367024704386, 31.551040691085245, 0.0, 0.0, 1.0 
1.6568316434094499, 24.536490766949452, 0.0, 0.0, 1.0 
56.701962644107084, 10.065258180525516, 0.0, 0.0, 1.0 
28.31928471344167, 0.47802586244022616, 0.0, 0.0, 1.0 
20.710072571265993, 33.42835575441267, 0.0, 0.0, 1.0 
4.24016159633103, 6.789252027684328, 0.0, 0.0, 1.0 
6.916741763709818, 16.783556287780737, 0.0, 0.0, 1.0 
55.83743222129005, 33.77401693528844, 0.0, 0.0, 1.0 
58.3171849859936, 56.55148654005162, 0.0, 0.0, 1.0 
31.55093341848993, 12.384437420875397, 0.0, 0.0, 1.0 
46.72329747336001, 47.83710691570548, 0.0, 0.0, 1.0 
26.10951855167905, 12.758452690523727, 0.0, 0.0, 1.0 
4.554948694613388, 1.3573069045299724, 0.0, 0.0, 1.0 
13.073463992905387, 25.827728350032235, 0.0, 0.0, 1.0 
40.59089456243104, 59.106041695131154, 0.0, 0.0, 1.0 
13.632620349553193, 27.771010290041986, 0.0, 0.0, 1.0 
15.416739358908048, 0.6369081951580435, 0.0, 0.0, 1.0 
58.69735890664759, 51.1007148328572, 0.0, 0.0, 1.0 
57.300268344728536, 32.29852735669908, 0.0, 0.0, 1.0 
37.69700442213118, 41.7256647674616, 0.0, 0.0, 1.0 
51.09932093275697, 3.0060308849744133, 0.0, 0.0, 1.0 
45.82480308853614, 10.781997773816027, 0.0, 0.0, 1.0 
27.20072255290489, 57.279570044980375, 0.0, 0.0, 1.0 
55.94313645946627, 41.158425226884724, 0.0, 0.0, 1.0 
45.675895814205546, 3.3623306007176446, 0.0, 0.0, 1.0 
19.64132874357463, 49.648174270141524, 0.0, 0.0, 1.0 
36.07488801093531, 15.475037518222686, 0.0, 0.0, 1.0 
15.228375448539452, 13.496713986699245, 0.0, 0.0, 1.0 
42.05363343878615, 57.62895059916222, 0.0, 0.0, 1.0 
40.7989752193576, 26.015909494569435, 0.0, 0.0, 1.0 
36.448973309313445, 10.040314415089862, 0.0, 0.0, 1.0 
8.360508615086012, 15.30372275849384, 0.0, 0.0, 1.0 
12.88379315687935, 38.63083382581336, 0.0, 0.0, 1.0 
24.290342946227003, 39.92007789044175, 0.0, 0.0, 1.0 
44.541328231781215, 19.68165175524758, 0.0, 0.0, 1.0 
42.415093653177344, 31.966491246407642, 0.0, 0.0, 1.0 
23.399797366048446, 2.8280243096287876, 0.0, 0.0, 1.0 
11.24657332752333, 52.936982722531965, 0.0, 0.0, 1.0 
30.802515592445456, 23.261180514096836, 0.0, 0.0, 1.0 
38.80915404086864, 5.190454768237176, 0.0, 0.0, 1.0 
1.885780839909476, 52.17163026763041, 0.0, 0.0, 1.0 
14.156651056307691, 29.796789571081963, 0.0, 0.0, 1.0 
27.00200520165691, 49.818208954622115, 0.0, 0.0, 1.0 
32.10216344066376, 54.93014670929492, 0.0, 0.0, 1.0 
10.19801559987013, 48.95633049374036, 0.0, 0.0, 1.0 
18.3225788696358, 58.55463008487951, 0.0, 0.0, 1.0 
17.427355295510015, 21.484403734387797, 0.0, 0.0, 1.0 
20.122954041735603, 11.15150874284786, 0.0, 0.0, 1.0 
29.557224397924077, 32.10374549193937, 0.0, 0.0, 1.0 
51.79812604005749, 12.433524772192023, 0.0, 0.0, 1.0 
36.2613162424644, 43.11622878058739, 0.0, 0.0, 1.0 
39.515800534023946, 34.849713815340614, 0.0, 0.0, 1.0 
25.571685219219347, 10.777786581461273, 0.0, 0.0, 1.0 
51.97382102069212, 19.852702546518312, 0.0, 0.0, 1.0 
17.260084999071083, 34.293946639082854, 0.0, 0.0, 1.0 
43.506284881351, 56.185282086128375, 0.0, 0.0, 1.0 
50.941580362357314, 56.37739050719873, 0.0, 0.0, 1.0 
59.74628663970261, 14.565156814823533, 0.0, 0.0, 1.0 
36.086724169240725, 55.993856825338135, 0.0, 0.0, 1.0 
9.963236960067947, 21.30153166986765, 0.0, 0.0, 1.0 
38.96337917956902, 12.600270976613539, 0.0, 0.0, 1.0 
2.9863680249011892, 56.166274866348886, 0.0, 0.0, 1.0 
24.090320806402246, 12.223918574146131, 0.0, 0.0, 1.0 
42.92595938858288, 13.669601697091789, 0.0, 0.0, 1.0 
41.32717704355204, 48.218677381147565, 0.0, 0.0, 1.0 
55.24937210412597, 52.011182516364194, 0.0, 0.0, 1.0 
48.01876773495581, 59.24089767041181, 0.0, 0.0, 1.0 
10.89405718141323, 17.85974475232697, 0.0, 0.0, 1.0 
3.847955785396923, 32.4816731932461, 0.0, 0.0, 1.0 
47.29518415817173, 49.847169975489415, 0.0, 0.0, 1.0 
8.733438070074158, 30.130954170619518, 0.0, 0.0, 1.0 
18.677432403471514, 32.895719983009876, 0.0, 0.0, 1.0 
16.70951434950238, 12.03921758561991, 0.0, 0.0, 1.0 
56.71514844343087, 30.30155985131993, 0.0, 0.0, 1.0 
40.247961243789284, 23.993500231800713, 0.0, 0.0, 1.0 
0.7742582889974428, 7.707357185110363, 0.0, 0.0, 1.0 
47.83324534804169, 51.83250121337429, 0.0, 0.0, 1.0 
48.19594455517664, 26.15278257787106, 0.0, 0.0, 1.0 
8.24773443756316, 48.42564630342272, 0.0, 0.0, 1.0 
46.07411560877864, 38.47496956457155, 0.0, 0.0, 1.0 
10.161432514543007, 8.458587232277637, 0.0, 0.0, 1.0 
28.117285405032867, 53.85539557852366, 0.0, 0.0, 1.0 
59.79796355498973, 34.774048770195634, 0.0, 0.0, 1.0 
36.76494556015459, 24.924807120009774, 0.0, 0.0, 1.0 
25.72782372665902, 18.199919176499176, 0.0, 0.0, 1.0 
11.642815237349401, 27.236301921188446, 0.0, 0.0, 1.0 
55.43137807057554, 18.903174058790057, 0.0, 0.0, 1.0 
1.9101946240213297, 31.96608969340599, 0.0, 0.0, 1.0 
10.750148451617122, 50.94031009067249, 0.0, 0.0, 1.0 
16.517417158539015, 4.641218172891313, 0.0, 0.0, 1.0 
40.988842779366315, 53.63262002410086, 0.0, 0.0, 1.0 
5.284692324220981, 51.30532283155661, 0.0, 0.0, 1.0 
0.5700744401959983, 0.3035724644232992, 0.0, 0.0, 1.0 
51.241339086275765, 10.409195928408439, 0.0, 0.0, 1.0 
33.357483741372604, 46.07241327404241, 0.0, 0.0, 1.0 
48.23078491291778, 46.38616029476447, 0.0, 0.0, 1.0 
8.915554534896946, 17.35395717664855, 0.0, 0.0, 1.0 
58.531023522891275, 43.646556831822046, 0.0, 0.0, 1.0 
24.827273226498697, 21.62058629680379, 0.0, 0.0, 1.0 
49.84073222012075, 52.37015283310785, 0.0, 0.0, 1.0 
23.552839974834185, 10.231208473176181, 0.0, 0.0, 1.0 
28.481472770997158, 7.864524507375663, 0.0, 0.0, 1.0 
48.78687586232297, 28.16126539044157, 0.0, 0.0, 1.0 
57.98524695579565, 41.69161191203973, 0.0, 0.0, 1.0 
14.875161856409683, 18.937597009253267, 0.0, 0.0, 1.0 
15.262275673977145, 53.989370197858825, 0.0, 0.0, 1.0 
17.430857596263937, 41.72203662399438, 0.0, 0.0, 1.0 
30.064661373598508, 13.869945875562339, 0.0, 0.0, 1.0 
3.511056189237316, 37.923205294745806, 0.0, 0.0, 1.0 
8.94622366287669, 37.56235207603452, 0.0, 0.0, 1.0 
28.63366491439459, 15.284320361409156, 0.0, 0.0, 1.0 
59.91134879214824, 22.011738739537222, 0.0, 0.0, 1.0 
52.92893843436886, 36.646817353168245, 0.0, 0.0, 1.0 
17.625393315819338, 28.89281001547282, 0.0, 0.0, 1.0 
53.07901848879438, 23.830718259781243, 0.0, 0.0, 1.0 
22.332787143055654, 39.37874110717137, 0.0, 0.0, 1.0 
35.50942811272415, 33.752215042975706, 0.0, 0.0, 1.0 
33.89040606060473, 27.789438408357732, 0.0, 0.0, 1.0 
47.705267912025576, 24.06975947497005, 0.0, 5.5456669605370115, 1.1 
40.641980197272105, 38.84160101250523, 0.0, 0.0, 1.0 
29.713327470496885, 19.286691984800473, 0.0, 0.0, 1.0 
7.482272956683878, 59.28032396296893, 0.0, 0.0, 1.0 
0.5952256405235333, 40.788279157184164, 0.0, 0.0, 1.0 
39.68391940357427, 22.042224296551005, 0.0, 0.0, 1.0 
7.096011004000116, 24.157426989760197, 0.0, 0.0, 1.0 
52.02299990843096, 60.3493656721207, 0.0, 0.0, 1.0 
38.79476160229028, 45.707101028116476, 0.0, 0.0, 1.0 
3.7059842404465217, 25.06866905298151, 0.0, 0.0, 1.0 
12.02918205816913, 42.075441443538956, 0.0, 0.0, 1.0 
9.105043009203648, 44.949416957093185, 0.0, 0.0, 1.0 
6.429419028496053, 55.28901051804948, 0.0, 0.0, 1.0 
42.26597228000863, 4.276824235153891, 0.0, 0.0, 1.0 
11.839906510120043, 54.914872933634314, 0.0, 0.0, 1.0 
56.726908266893346, 50.537599203678845, 0.0, 0.0, 1.0 
38.387513809449416, 30.87616498673237, 0.0, 0.0, 1.0 
19.215728576134218, 34.85901882761395, 0.0, 0.0, 1.0 
52.845911846173806, 16.420712002584757, 0.0, 0.0, 1.0 
18.703568594450644, 53.097201139054256, 0.0, 0.0, 1.0 
42.55402015806625, 19.118055353863912, 0.0, 0.0, 1.0 
1.3240594732315414, 9.698706806769485, 0.0, 0.0, 1.0 
26.268589890144053, 20.20380944858796, 0.0, 0.0, 1.0 
35.70258920868829, 41.18784731045974, 0.0, 0.0, 1.0 
43.326808423768426, 8.250790731255545, 0.0, 0.0, 1.0 
56.16713082383217, 48.590724765232615, 0.0, 0.0, 1.0 
17.770458642994797, 56.54029287907781, 0.0, 0.0, 1.0 
14.379547028413008, 37.152281088704605, 0.0, 0.0, 1.0 
42.39116231582853, 11.68482918203969, 0.0, 0.0, 1.0 
7.273826009463302, 11.325654468184386, 0.0, 0.0, 1.0 
23.753692561351958, 17.683831726689547, 0.0, 0.0, 1.0 
31.71378962309239, 19.844912751851687, 0.0, 0.0, 1.0 
54.694171358054824, 50.03814638071917, 0.0, 0.0, 1.0 
39.35081693113558, 47.67470818027653, 0.0, 0.0, 1.0 
29.3659192117802, 44.9747495647018, 0.0, 0.0, 1.0 
28.097320800511714, 13.324743391448054, 0.0, 0.0, 1.0 
54.3996441609678, 35.18782158195802, 0.0, 0.0, 1.0 
41.28999199617923, 27.979238759105247, 0.0, 0.0, 1.0 
8.20746619204025, 7.895576128257478, 0.0, 0.0, 1.0 
40.017614160222166, 16.563940905347803, 0.0, 0.0, 1.0 
54.91413419049824, 37.19399693587552, 0.0, 0.0, 1.0 
42.7759542845718, 6.240584200227575, 0.0, 0.0, 1.0 
56.165139880261435, 28.334320153836288, 0.0, 0.0, 1.0 
9.089771501743773, 4.46480776050561, 0.0, 0.0, 1.0 
6.391035792795799, 14.774854840855607, 0.0, 0.0, 1.0 
38.618433471251635, 58.5554678153965, 0.0, 0.0, 1.0 
29.56630893569426, 11.875328466363253, 0.0, 0.0, 1.0 
38.05196842362931, 16.017542391280447, 0.0, 0.0, 1.0 
55.24496999976261, 11.489325330871997, 0.0, 0.0, 1.0 
59.25450410085779, 32.799938007733935, 0.0, 0.0, 1.0 
57.56838179000697, 26.8923575191846, 0.0, 0.0, 1.0 
