position_x,position_y,position_z,orientation,aspect_ratio
30.77908139626009, 61.89914368244279, 0.0, 5.006495638383245, 2.7000000000000015 
39.33533927054022, 21.844542195751515, 0.0, 0.0, 1.0 
21.74205839946076, 33.41223060805111, 0.0, -0.17815205487354852, 2.7000000000000015 
16.43658753417624, 41.37904507733734, 0.0, 5.53149710380596, 2.7000000000000015 
33.99839511980211, 62.566336376169424, 0.0, 0.0, 1.0 
30.69713919123173, 51.0068477420667, 0.0, 5.786259562024329, 2.7000000000000015 
1.5110266020671328, 44.27941251791103, 0.0, 5.316985596791313, 2.7000000000000015 
54.15731799158531, 4.755885168911642, 0.0, 0.0, 1.0 
1.9003137581125302, 59.37014465695835, 0.0, 4.585155329376487, 2.000000000000001 
14.261564164087579, 45.24346894601931, 0.0, 0.5548572164963078, 2.7000000000000015 
31.184694266393272, 10.480740822634903, 0.0, 4.5130579438395335, 2.5000000000000013 
25.30240827131671, 0.9222850417463463, 0.0, 0.0, 1.0 
20.733550326781852, 19.302245576081692, 0.0, -0.7792433099517464, 2.7000000000000015 
57.920730386859304, 7.506331466003838, 0.0, 0.0, 1.0 
57.18285068530643, 11.572263797832775, 0.0, 0.0, 1.0 
23.038159822239408, 58.832649489774774, 0.0, 0.0, 1.0 
20.739076322937148, 61.87262908072701, 0.0, 4.800905590793794, 2.7000000000000015 
43.72125727553653, 43.21494359973683, 0.0, 0.0, 1.0 
42.313969894105334, 46.62769338652151, 0.0, 0.0, 1.0 
20.145384752163693, 40.10752087454626, 0.0, 5.289265157892818, 2.7000000000000015 
13.332067414031318, 53.830486251765315, 0.0, 2.071963809452876, 2.7000000000000015 
31.104774087139052, 1.9852267531864327, 0.0, 0.0, 1.0 
56.98573502516908, 53.13723489422904, 0.0, 0.0, 1.0 
18.765363206673268, 29.14835102033856, 0.0, 0.0, 1.0 
49.66879614139046, 12.035972458234612, 0.0, 0.0, 1.0 
40.13069431654656, 63.75692311435714, 0.0, 0.0, 1.0 
18.786964077465274, 50.35798631399167, 0.0, 2.195520989000711, 2.7000000000000015 
38.28612156745782, 60.59519280540487, 0.0, 0.0, 1.0 
29.370505542098346, 21.924796730067435, 0.0, 0.0, 1.0 
26.349025009654547, 40.000484190464746, 0.0, 0.0, 1.0 
34.254235032306916, 5.565526055232189, 0.0, 0.0, 1.0 
63.50489612945671, 42.71015689406057, 0.0, 6.940047262281844, 2.7000000000000015 
12.906860438015983, 28.456975410719124, 0.0, 2.6296816626347335, 2.7000000000000015 
23.938209713415635, 45.903846887206996, 0.0, 1.155087092860841, 2.7000000000000015 
30.702294604497457, 13.775169178210737, 0.0, 4.482188751480774, 2.7000000000000015 
17.064463757871515, 12.835445831804556, 0.0, 4.971072792379978, 2.6000000000000014 
6.22372123327165, 11.30557680856227, 0.0, 2.297526653056799, 2.7000000000000015 
49.882962875060635, 62.226157464132555, 0.0, 0.0, 1.0 
60.163517454971256, 3.9936968968625934, 0.0, 4.484855674755641, 1.1 
25.387106678779087, 60.40138105300628, 0.0, -1.34660650888093, 2.7000000000000015 
19.323312922942982, 36.61463941893295, 0.0, -1.000235233777734, 2.300000000000001 
23.37114728550324, 11.365265764743326, 0.0, 4.25603117844996, 2.7000000000000015 
39.89496916999684, 30.709333339444424, 0.0, 0.0, 1.0 
56.99880693217598, 40.69041457057415, 0.0, 0.0, 1.0 
1.686281117554889, 6.098617005830573, 0.0, 5.52555781892101, 1.1 
3.6735465872115283, 10.613185524166589, 0.0, 1.7491364463573271, 2.7000000000000015 
19.027498919931357, 31.393258731358955, 0.0, 0.0, 1.0 
45.34248531478807, 0.4362951707498683, 0.0, 0.0, 1.0 
46.39584104167992, 50.98021817435706, 0.0, 0.0, 1.0 
38.845010049834464, 15.524228305976944, 0.0, 0.0, 1.0 
16.773917559035908, 8.364690511193649, 0.0, 4.491658519510392, 2.6000000000000014 
34.11424162265345, 15.12312022988313, 0.0, -0.4885901871551124, 2.7000000000000015 
35.99320166092159, 3.1884811651119533, 0.0, 0.0, 1.0 
56.92591455165141, 35.81581683200949, 0.0, 0.0, 1.0 
40.668709983686604, 52.14278025035938, 0.0, 0.0, 1.0 
51.718447184702086, 52.10753970192576, 0.0, 0.0, 1.0 
41.701311367412934, 37.60722818961114, 0.0, 0.0, 1.0 
14.77684170219434, 29.509999568804506, 0.0, 3.4527839539571534, 2.6000000000000014 
27.24835460413748, 4.431189039764282, 0.0, 0.0, 1.0 
33.07825520966698, 46.215990967249034, 0.0, 0.0, 1.0 
27.42379383445906, 62.1617062035863, 0.0, 0.0, 1.0 
29.265735868972182, 31.796022498139244, 0.0, 3.6239638199551396, 2.7000000000000015 
2.162296106228584, 4.020570134595995, 0.0, 5.839984069586909, 1.3000000000000003 
10.890018898077535, 41.53898502693626, 0.0, 0.5127116476437354, 2.7000000000000015 
35.88829170869063, 20.033699184743202, 0.0, 0.0, 1.0 
50.45982060709368, 50.45433359677673, 0.0, 0.0, 1.0 
58.71454973404119, 12.73581092346946, 0.0, 0.0, 1.0 
56.24172426232494, 0.5058539209313184, 0.0, 5.485807178870457, 1.1 
44.33125442589532, 46.380718677253135, 0.0, 0.0, 1.0 
22.50583174876786, 39.96421208834781, 0.0, 4.808209711869622, 2.7000000000000015 
35.63322457997875, 40.84337038994703, 0.0, 0.0, 1.0 
33.84623202309022, 41.070611775466375, 0.0, 0.0, 1.0 
3.2552561346100766, 19.077410373208636, 0.0, 3.3291850671507293, 1.4000000000000004 
49.273989342379785, 39.436678652286716, 0.0, 0.0, 1.0 
43.63466994285892, 8.748536070975526, 0.0, 0.0, 1.0 
47.329858458568935, 3.8111292395734266, 0.0, 0.0, 1.0 
46.26824654423019, 62.51188128099723, 0.0, 0.0, 1.0 
50.800577673879765, 60.3253774633817, 0.0, 0.0, 1.0 
36.62627452208871, 10.33622567145895, 0.0, 0.0, 1.0 
50.98785600054885, 6.771021591727771, 0.0, 0.0, 1.0 
24.041893754710312, 63.86471904815093, 0.0, 5.174222139819748, 2.7000000000000015 
52.605519337537935, 28.443509857503823, 0.0, 0.0, 1.0 
63.21966611951201, 14.376046609449148, 0.0, 0.0, 1.0 
21.05472728918767, 42.41861745071886, 0.0, 5.335345074015441, 2.7000000000000015 
54.75160314879563, 16.390996120991293, 0.0, 0.0, 1.0 
12.523052859804638, 17.93685818744818, 0.0, 5.553399566789883, 2.7000000000000015 
15.195314988641913, 33.55605699650301, 0.0, 0.0, 1.0 
60.64671180047506, 56.594031537841126, 0.0, 1.6937443371787, 2.7000000000000015 
36.442519518978195, 44.27237375768525, 0.0, -0.5201591346450136, 2.6000000000000014 
57.431340753773235, 9.503935129968799, 0.0, 0.0, 1.0 
24.599881822438906, 53.44693649589082, 0.0, 5.7528591340904995, 2.7000000000000015 
17.209785764400205, 1.0826612055019895, 0.0, 5.2057744840180415, 2.7000000000000015 
20.123816389433244, 15.03590549774451, 0.0, 5.410850719342179, 2.7000000000000015 
46.97752309570655, 60.61548267153489, 0.0, 0.0, 1.0 
7.204056021232247, 13.82842557926243, 0.0, 1.7881599427764372, 2.7000000000000015 
40.11590220275287, 18.55848587358806, 0.0, 0.0, 1.0 
40.775860018685634, 54.088384685474516, 0.0, 0.0, 1.0 
53.06791895438532, 15.24365885067992, 0.0, 0.0, 1.0 
42.65264827462811, 20.623660848056524, 0.0, 0.0, 1.0 
58.24949358471382, 0.03677212182684883, 0.0, 5.1688953151543044, 1.3000000000000003 
16.259432397216997, 11.490423016047867, 0.0, -1.116434611143234, 2.7000000000000015 
29.4185314274407, 53.05209557632584, 0.0, 0.0, 1.0 
50.644371337173204, 10.245386481259853, 0.0, 0.0, 1.0 
60.539164195965455, 11.757249914282331, 0.0, 0.0, 1.0 
47.75201798639547, 35.64230905519668, 0.0, 0.0, 1.0 
51.16946515772104, 63.85413962422716, 0.0, 0.0, 1.0 
14.709822788555986, 16.32181931604956, 0.0, 0.41088809876411164, 2.7000000000000015 
13.30598451746365, 56.942180809286576, 0.0, 1.3960730241152532, 2.7000000000000015 
45.84601917992977, 58.97119252145342, 0.0, 0.0, 1.0 
9.526926360574633, 34.583342445546684, 0.0, 3.7755738858711494, 2.7000000000000015 
38.42245667872801, 38.96929604342977, 0.0, 0.0, 1.0 
38.83527938158426, 62.464414778317774, 0.0, 0.0, 1.0 
51.562823140788126, 36.3929059902653, 0.0, 0.0, 1.0 
53.31824809377204, 48.329263455600035, 0.0, 0.0, 1.0 
11.609600892017962, 8.040341500415055, 0.0, 5.193431115247279, 2.7000000000000015 
20.845314711680114, 8.596138858514323, 0.0, 4.414558213140959, 2.7000000000000015 
8.576267202144797, 49.24566179460967, 0.0, 6.596900802356359, 2.7000000000000015 
51.877759432019914, 8.286257994381858, 0.0, 0.0, 1.0 
60.10586063139737, 22.810466473001316, 0.0, 0.0, 1.0 
20.48723288952708, 32.33349748925773, 0.0, 0.0, 1.0 
23.87172628369758, 40.41909268306312, 0.0, 0.0, 1.0 
50.910896931922, 15.832880442639011, 0.0, 0.0, 1.0 
16.311333887893216, 52.34926903368215, 0.0, 2.9355034946378336, 2.7000000000000015 
10.935651676127229, 42.93529027312557, 0.0, 0.38254580958628526, 2.7000000000000015 
54.81942503020251, 23.795189898997847, 0.0, 0.0, 1.0 
47.5296774386582, 44.62428179596382, 0.0, 0.0, 1.0 
41.88423106751386, 42.49125067125003, 0.0, 4.291527325266961, 2.4000000000000012 
0.1382880082564883, 34.058913516841464, 0.0, 1.9115149366043684, 2.7000000000000015 
54.97685765299528, 14.44414257719583, 0.0, 0.0, 1.0 
4.493789619872344, 37.835540059183074, 0.0, 0.6119922275306948, 2.7000000000000015 
27.272482604427474, 55.78471675834142, 0.0, 0.0, 1.0 
54.343923426874994, 29.518578954867866, 0.0, 0.0, 1.0 
39.976109852069754, 46.83216266695793, 0.0, 0.0, 1.0 
22.579495692693214, 35.017928673609354, 0.0, -1.1208331202143988, 2.7000000000000015 
34.01666331831406, 29.62480139384039, 0.0, 0.0, 1.0 
12.11980748686949, 61.22018032342361, 0.0, 4.78860767588258, 2.5000000000000013 
45.75975319962293, 56.149470386413675, 0.0, 0.0, 1.0 
46.084401125362184, 24.748098881060397, 0.0, 0.0, 1.0 
43.56425566057317, 17.35870267415084, 0.0, 0.0, 1.0 
43.28740848381133, 0.17653101943523153, 0.0, 0.0, 1.0 
37.05498937527329, 12.014726881794726, 0.0, 0.0, 1.0 
12.255234596749988, 34.72331320244885, 0.0, 4.1907325769101424, 2.100000000000001 
19.498507827737512, 9.366174972430326, 0.0, 4.8217216680315085, 2.300000000000001 
60.1068261404318, 24.87315116095791, 0.0, 0.0, 1.0 
5.454463967384257, 16.462767394131465, 0.0, 0.0, 1.0 
56.347964634171134, 17.500993432240175, 0.0, 0.0, 1.0 
57.652186643543686, 18.57327243178069, 0.0, 2.924895999169715, 2.7000000000000015 
37.07743157891758, 16.592791484070347, 0.0, 0.0, 1.0 
3.672062747806454, 31.42847799707377, 0.0, 1.2220359471395152, 2.7000000000000015 
3.9013692182828987, 56.13912093392131, 0.0, 6.8471036945049395, 1.9000000000000008 
22.565562407950036, 24.742586120864853, 0.0, 4.135471827961864, 2.7000000000000015 
18.09396679059075, 10.000174164869097, 0.0, -1.2994127376801328, 2.4000000000000012 
49.776832425003036, 36.013905433851384, 0.0, 0.0, 1.0 
29.78459272776757, 35.328601524605126, 0.0, 0.0, 1.0 
62.66892025066669, 10.960581737391218, 0.0, 0.0, 1.0 
21.020013854238083, 15.863855707392222, 0.0, 5.246886771653952, 2.7000000000000015 
59.00866711053159, 10.714023370801021, 0.0, 0.0, 1.0 
48.844020732152316, 60.505266427943766, 0.0, 0.0, 1.0 
23.539652618180572, 27.432399170023366, 0.0, 4.344943912965828, 2.7000000000000015 
7.854799396080386, 23.08598898883699, 0.0, 0.24234456856124564, 2.7000000000000015 
3.670982041518619, 5.277967417493745, 0.0, 1.6497568934573053, 2.7000000000000015 
30.967577786262176, 42.71256380750594, 0.0, 0.0, 1.0 
53.825402209297636, 43.01337781612632, 0.0, 0.0, 1.0 
44.96827589308603, 41.81254602649179, 0.0, 0.0, 1.0 
37.652099737841745, 40.57687211402688, 0.0, 0.0, 1.0 
24.476006831446522, 36.54919111718758, 0.0, 0.0, 1.0 
46.02908684830242, 19.536983367075404, 0.0, 0.0, 1.0 
10.553944136441036, 50.347468413082225, 0.0, 5.629361100728469, 2.7000000000000015 
42.93215948132499, 15.58171746366909, 0.0, 0.0, 1.0 
38.99765172840572, 44.7157707470085, 0.0, 4.80087982811138, 2.7000000000000015 
35.99354018558728, 57.30088352580914, 0.0, 0.0, 1.0 
21.21937503136608, 40.34582982969092, 0.0, 5.202371394354301, 2.7000000000000015 
41.434142984532535, 44.6532440313456, 0.0, 4.781559903053292, 2.5000000000000013 
38.90915839550839, 32.12348965326391, 0.0, 0.0, 1.0 
33.55858691859649, 18.18215059595298, 0.0, 3.4828724749197817, 2.300000000000001 
15.661188241718522, 49.70260245404426, 0.0, 0.01560066147007639, 2.7000000000000015 
34.155152134375484, 26.51099074224151, 0.0, 0.0, 1.0 
58.50355462184865, 33.78608070348206, 0.0, 0.7557727046406273, 1.1 
29.311912941609354, 2.476257271735992, 0.0, 5.573929004313851, 2.7000000000000015 
45.0047779001381, 2.608112280018767, 0.0, 5.231880878295301, 2.7000000000000015 
24.992670518535007, 58.25372637839135, 0.0, 0.0, 1.0 
50.0803672509737, 47.11026278247575, 0.0, 0.0, 1.0 
1.2932701021150572, 37.01013905348431, 0.0, 0.9943481195322891, 2.7000000000000015 
20.49254779000236, 24.081547277747937, 0.0, 0.0, 1.0 
44.99551640454145, 15.841085637474071, 0.0, 0.0, 1.0 
35.969626815375726, 5.201305544123585, 0.0, 0.0, 1.0 
34.76550124742816, 53.323375061967816, 0.0, 0.0, 1.0 
61.933781776911914, 50.79847941940533, 0.0, 0.7755417708630896, 2.7000000000000015 
2.959949625535111, 0.5466138874992233, 0.0, 5.912298255945827, 2.7000000000000015 
2.398637434125967, 41.59232496113463, 0.0, 0.5548287606815574, 2.5000000000000013 
44.1728861940911, 24.152318950961533, 0.0, 0.0, 1.0 
41.46568660049697, 61.08742181160149, 0.0, 0.0, 1.0 
58.24370348578827, 54.47841058126781, 0.0, 5.20915282068532, 1.8000000000000007 
34.848503037431776, 21.627734646517432, 0.0, 0.0, 1.0 
57.50539352129195, 43.517804525507614, 0.0, 3.101561340785034, 2.7000000000000015 
37.379329077293875, 4.051416018272646, 0.0, 0.0, 1.0 
31.32077116422056, 39.08389957764204, 0.0, 0.0, 1.0 
39.29973858106413, 3.9398807135526197, 0.0, 0.0, 1.0 
53.90122487802919, 7.961907252743629, 0.0, 0.0, 1.0 
32.68093995790403, 55.75821413296705, 0.0, 0.0, 1.0 
15.966464115386167, 60.41865372033358, 0.0, 2.100741947612532, 2.6000000000000014 
11.988062862900676, 11.852452560160996, 0.0, 0.0, 1.0 
45.02329545257625, 44.67899967193774, 0.0, 0.0, 1.0 
22.299458753936783, 6.180093449293792, 0.0, 4.418372016859799, 2.7000000000000015 
15.970128846794422, 18.979379005127996, 0.0, 6.285952249817307, 2.7000000000000015 
32.014890412070656, 41.00214043325739, 0.0, 0.0, 1.0 
52.89514330521151, 17.205077927512292, 0.0, 0.0, 1.0 
1.1909838901525807, 38.77893332924742, 0.0, 0.4702365759503971, 2.7000000000000015 
28.294425472980272, 40.52071008433796, 0.0, 0.0, 1.0 
15.42960201911698, 7.277165596781114, 0.0, 5.101068561451812, 2.4000000000000012 
20.932296162006836, 49.35387569745734, 0.0, 2.359966476117466, 2.7000000000000015 
5.352420764029605, 61.778359471801025, 0.0, 5.580263393159375, 2.7000000000000015 
58.15031084358716, 3.8349178215270068, 0.0, 0.0, 1.0 
43.3762612059628, 22.418913092663857, 0.0, 0.0, 1.0 
36.81386509486671, 31.879250294016025, 0.0, 0.0, 1.0 
56.61151580145546, 33.92190406307746, 0.0, 0.0, 1.0 
25.350164689080344, 41.72865723787482, 0.0, 0.0, 1.0 
33.25735491943107, 0.30349540314521406, 0.0, 0.0, 1.0 
0.8963861935306362, 61.689295095286376, 0.0, 1.1232427191230698, 1.7000000000000006 
30.787856393442652, 33.544897596305084, 0.0, -2.6231859812556912, 2.7000000000000015 
18.440533965150813, 12.252390137220988, 0.0, 5.010047876511182, 2.7000000000000015 
27.525245529841598, 24.919453992688105, 0.0, 0.0, 1.0 
53.88596715687343, 59.00398222821702, 0.0, 0.0, 1.0 
11.840282133136972, 16.359947737318045, 0.0, 6.3765515127469845, 2.7000000000000015 
12.562809499362203, 1.3527717644901112, 0.0, -1.4627962811463413, 2.4000000000000012 
28.47594258770473, 29.92565854952014, 0.0, 0.0, 1.0 
42.76226156301966, 36.117588174271766, 0.0, 0.0, 1.0 
63.49433710610328, 58.03743850223018, 0.0, 0.5750706350281724, 2.7000000000000015 
0.8081059163002511, 22.167928899511775, 0.0, 2.938970812640132, 2.7000000000000015 
34.87130788143772, 12.084380042281134, 0.0, 0.0, 1.0 
1.168624347198909, 16.46934987390312, 0.0, 2.2401762830793284, 2.7000000000000015 
50.276364816468444, 1.7768272433626573, 0.0, 0.0, 1.0 
62.995506032808116, 60.86389016491209, 0.0, 1.500726227218316, 2.7000000000000015 
40.63686727274835, 20.299585397507784, 0.0, 0.0, 1.0 
10.648678894733361, 36.656871944648834, 0.0, 3.57405283964381, 2.7000000000000015 
40.76929332264514, 2.8606293836528347, 0.0, 0.0, 1.0 
41.33878066502803, 22.145847253303266, 0.0, 0.0, 1.0 
55.11352647308777, 41.4368682461641, 0.0, 0.0, 1.0 
15.570717436255757, 15.34596363819771, 0.0, -2.795440378695737, 2.7000000000000015 
36.84409981336096, 41.79198843552698, 0.0, 0.0, 1.0 
26.12460979845411, 17.05800298822253, 0.0, 0.2929144656928414, 1.3000000000000003 
35.78956671838426, 30.2823252550205, 0.0, 0.0, 1.0 
11.505832622830214, 6.022204273749059, 0.0, 5.370250858319349, 2.7000000000000015 
41.48435948665025, 48.24115820188718, 0.0, 0.0, 1.0 
48.21190106195617, 32.3736572631991, 0.0, 0.0, 1.0 
47.65924416132433, 52.55865227129689, 0.0, 0.0, 1.0 
26.960385874474436, 58.61310963748675, 0.0, 0.0, 1.0 
6.637048554212374, 34.06767805659447, 0.0, 2.7294764078924043, 2.7000000000000015 
31.021893314193672, 54.53323824509687, 0.0, 0.0, 1.0 
19.206775327817336, 45.11871823554903, 0.0, 5.4560215673370775, 2.7000000000000015 
32.694397938796385, 1.6780179488453115, 0.0, 4.296169822880405, 2.5000000000000013 
49.155298906492796, 30.769108483560636, 0.0, 0.0, 1.0 
45.0525456233045, 49.489767945436384, 0.0, 0.0, 1.0 
43.416602940105314, 3.451429268832706, 0.0, -0.8233022937025828, 2.7000000000000015 
37.92301938850086, 45.60085839445914, 0.0, 4.909360799015002, 2.7000000000000015 
42.112968984269514, 18.856147646397588, 0.0, 0.0, 1.0 
45.480516587107005, 38.41447933270247, 0.0, 0.0, 1.0 
32.72942071789682, 25.040367657822706, 0.0, 0.0, 1.0 
48.45329160680394, 50.727623299003916, 0.0, 0.0, 1.0 
46.13934051585225, 57.51868545366948, 0.0, 2.988644741417466, 2.7000000000000015 
16.999778950767976, 48.739039369262905, 0.0, 0.5301911651814633, 2.7000000000000015 
3.450026965677455, 40.70831570045719, 0.0, 0.5576439629856664, 2.6000000000000014 
37.302921614070755, 21.509035784746796, 0.0, 0.0, 1.0 
26.48949358157856, 57.04957203446342, 0.0, 0.2735486666533967, 1.9000000000000008 
47.234589765880536, 0.3498589042057981, 0.0, 0.0, 1.0 
43.65519522722742, 37.97098133982015, 0.0, 0.0, 1.0 
6.508873679394078, 49.81958831194114, 0.0, 6.4419030284371175, 2.7000000000000015 
30.305454867375047, 4.705122560693276, 0.0, 0.0, 1.0 
46.586176159974485, 10.321976248679908, 0.0, 0.0, 1.0 
9.379119772288337, 45.46395253552, 0.0, 6.6840266514104325, 2.7000000000000015 
23.127115467950613, 29.338267731790648, 0.0, 4.378371519876266, 2.7000000000000015 
40.936160844669864, 29.29882272986872, 0.0, 0.0, 1.0 
30.590247759486644, 19.144564917331547, 0.0, 0.0, 1.0 
33.83635498339477, 49.17912996735429, 0.0, 5.804973053547891, 2.7000000000000015 
55.077280370135455, 6.318120699486563, 0.0, 0.0, 1.0 
0.05213834765590654, 23.892505633411922, 0.0, 0.0, 1.0 
34.26260871875825, 58.36274860436593, 0.0, 0.0, 1.0 
55.659936884984845, 10.498998503798084, 0.0, 0.0, 1.0 
15.796172625263132, 40.426831564703235, 0.0, -0.6523199092803178, 2.7000000000000015 
48.583891277807346, 29.05093382632387, 0.0, 0.0, 1.0 
5.789702558987386, 9.81718377260853, 0.0, 2.270212688265581, 2.7000000000000015 
43.03212077263838, 49.655043714007654, 0.0, 0.0, 1.0 
36.697978419610536, 50.20275317217736, 0.0, 0.0, 1.0 
45.35121420761524, 22.860855584714482, 0.0, 0.0, 1.0 
33.11402992493789, 59.44482557765478, 0.0, 0.0, 1.0 
36.646631996629715, 0.9736340668733247, 0.0, 0.0, 1.0 
52.02034040054818, 34.429623631633525, 0.0, 0.0, 1.0 
55.69000255828171, 39.12078518792701, 0.0, 6.04419281959233, 1.1 
0.4414031276525078, 63.404445132083815, 0.0, 0.4161825529881332, 2.7000000000000015 
0.9518628306720162, 20.513428406829277, 0.0, 0.0, 1.0 
44.07429631491538, 59.06775935279955, 0.0, 0.0, 1.0 
42.162081877914325, 13.828718697187007, 0.0, 0.0, 1.0 
11.111797792804122, 24.025414253225108, 0.0, 0.19885259204680908, 2.7000000000000015 
14.482228677710252, 11.93459417828179, 0.0, -0.8055186652966783, 2.7000000000000015 
62.198597662878, 3.8718791997333017, 0.0, 0.0, 1.0 
3.257160515650941, 57.88835520830733, 0.0, 0.7575943948722001, 1.1 
63.813498325380095, 54.17470548587971, 0.0, 0.8750849702321407, 2.7000000000000015 
5.77198890890076, 42.52300097539036, 0.0, 6.50163151125876, 2.7000000000000015 
52.4022787744813, 30.3282780730486, 0.0, 0.0, 1.0 
56.1032102243763, 3.9768794271324945, 0.0, 0.0, 1.0 
52.29993569705087, 1.5715505145503976, 0.0, 0.0, 1.0 
3.744231468401494, 2.144551543738478, 0.0, 6.2693655020250505, 2.7000000000000015 
25.60507599234114, 30.102930814069406, 0.0, 4.221664305341436, 2.4000000000000012 
25.190359454554883, 11.756596976380518, 0.0, 4.975037621894657, 2.7000000000000015 
39.65414423253573, 61.084207094191825, 0.0, 4.347976349388741, 2.5000000000000013 
58.22395151968652, 25.7881880149967, 0.0, 0.0, 1.0 
42.365900103830256, 51.2591199546437, 0.0, 0.0, 1.0 
32.12044160924159, 62.532199113555826, 0.0, 0.0, 1.0 
59.889671884509674, 29.034488922965437, 0.0, 0.905242282252616, 1.2000000000000002 
41.20321493570435, 55.797800124024526, 0.0, 0.0, 1.0 
40.71063875189601, 39.73266230947937, 0.0, 4.653446197232164, 2.6000000000000014 
51.746195949005006, 11.920823556830355, 0.0, 0.0, 1.0 
13.305205204662958, 62.556423572291266, 0.0, 4.615846566792116, 2.5000000000000013 
60.178639334593036, 0.20761338764481246, 0.0, 5.012836630179723, 1.1 
53.27980288339907, 3.153865659248982, 0.0, 0.0, 1.0 
51.187290336661, 17.762301921298924, 0.0, 0.0, 1.0 
37.74283420414244, 33.35034215247298, 0.0, 0.0, 1.0 
15.854471263950655, 1.0570631945600617, 0.0, 1.791766907580937, 2.7000000000000015 
21.33735120210908, 56.96535238122982, 0.0, 5.999390083734926, 2.7000000000000015 
45.53765281081886, 17.730647029777003, 0.0, 0.0, 1.0 
31.96847469079413, 26.926137740311574, 0.0, 0.0, 1.0 
52.91433694027298, 44.83477787032685, 0.0, 0.0, 1.0 
24.3135475353493, 16.20151864277084, 0.0, -1.4387641573202563, 2.7000000000000015 
37.9706099633989, 13.929499111884438, 0.0, 0.0, 1.0 
18.89347674283233, 59.12957556965947, 0.0, -1.210428115969958, 2.7000000000000015 
38.15425124888518, 26.989781823167473, 0.0, 0.0, 1.0 
54.135916179590275, 0.6240760263796249, 0.0, 0.0, 1.0 
24.620838912884356, 30.449362397863347, 0.0, 4.183988251789015, 2.4000000000000012 
35.8472433324953, 33.71071181545401, 0.0, 0.0, 1.0 
43.05960210132884, 57.71915762011269, 0.0, 2.8528149638226, 2.7000000000000015 
47.92681874792176, 20.076264745526988, 0.0, 0.0, 1.0 
27.222434296473075, 43.75689486551024, 0.0, 0.0, 1.0 
45.38124329012622, 11.97380237598846, 0.0, 0.0, 1.0 
34.65036606313718, 55.19689862761872, 0.0, 0.0, 1.0 
48.41940562634997, 21.9414819182824, 0.0, 0.0, 1.0 
60.17780673238286, 13.798506325182785, 0.0, 0.0, 1.0 
57.65060645383435, 31.840951498427614, 0.0, 5.273721031193613, 1.1 
44.394611163686726, 39.868020473226714, 0.0, 0.0, 1.0 
37.27219918834235, 25.132571724904114, 0.0, 0.0, 1.0 
38.6521148959219, 58.786391468816575, 0.0, 2.3522282418663245, 2.6000000000000014 
19.108499575705224, 2.8509678141145316, 0.0, 5.384240396074941, 2.7000000000000015 
61.57531086033001, 58.771894393305566, 0.0, 6.240122413334163, 1.9000000000000008 
23.726536169375855, 57.00494435116734, 0.0, 5.813515026899128, 2.7000000000000015 
36.49029900194412, 45.718362994449976, 0.0, -0.8821792462923411, 2.4000000000000012 
1.9000852214750013, 56.31044036281589, 0.0, 4.890312326985852, 2.5000000000000013 
19.411357895491044, 27.234337490295374, 0.0, 0.0, 1.0 
49.591844261888824, 43.9140115320281, 0.0, 0.0, 1.0 
46.13374931599906, 43.43602731555537, 0.0, 0.0, 1.0 
48.13276722044916, 5.418407459269616, 0.0, 0.0, 1.0 
4.055232106108078, 54.36409799163905, 0.0, 2.9771712495052913, 1.9000000000000008 
18.56560491722271, 22.825876643195492, 0.0, 0.41211679377393573, 2.7000000000000015 
31.804089526261233, 4.996988167631624, 0.0, 5.249530937618351, 1.1 
39.53236518822852, 48.7234385548734, 0.0, 0.0, 1.0 
40.98861479951305, 57.20279949987917, 0.0, 2.9763619041933804, 2.7000000000000015 
21.794375520300225, 2.958310363279843, 0.0, 4.653228412611561, 2.4000000000000012 
59.184943649402854, 57.8434176442655, 0.0, 5.054571898976978, 2.7000000000000015 
35.40820470787682, 37.443669228634086, 0.0, 0.0, 1.0 
48.61511382248423, 37.50862208711325, 0.0, 0.0, 1.0 
40.31351743605203, 42.80318741762353, 0.0, 0.0, 1.0 
38.16157851350833, 23.418892686935244, 0.0, 0.0, 1.0 
3.287266298195235, 61.79767502410593, 0.0, 5.769796031275566, 2.7000000000000015 
33.10683768052593, 13.27524440932851, 0.0, 6.324240363970711, 2.7000000000000015 
41.88866793947829, 34.28909321876137, 0.0, 0.0, 1.0 
47.26329594643747, 30.58044013208204, 0.0, 0.0, 1.0 
39.99820360668112, 36.77551144282116, 0.0, 4.304083170333521, 2.7000000000000015 
40.87408364749592, 35.714156649485844, 0.0, 0.0, 1.0 
52.51267431628395, 50.18558279914042, 0.0, 0.0, 1.0 
4.238027168352428, 43.33050378371204, 0.0, 6.464964696801673, 2.7000000000000015 
0.0945380440378094, 30.14597843083743, 0.0, 1.1300004558088674, 2.7000000000000015 
28.106881386714917, 60.363760838405746, 0.0, 0.0, 1.0 
56.184173995489644, 46.253657630607506, 0.0, 0.0, 1.0 
52.83517218876234, 26.547750549920362, 0.0, 0.0, 1.0 
14.495121006040302, 47.92316030804052, 0.0, 0.6104279946041332, 2.7000000000000015 
15.788637096647474, 24.255492363826697, 0.0, -0.5460639725054814, 2.7000000000000015 
13.014442195112586, 10.156598958535234, 0.0, 1.2583785318291678, 2.7000000000000015 
37.746646672960296, 48.36759639547672, 0.0, 0.0, 1.0 
38.71348479496964, 34.7585000367669, 0.0, 4.828197792124075, 2.6000000000000014 
55.934371598742274, 8.136112827665846, 0.0, 0.0, 1.0 
22.13814313174436, 26.500502342739512, 0.0, 4.590693964277386, 2.7000000000000015 
29.337367328828364, 61.64625697243037, 0.0, 0.0, 1.0 
0.12287796073270435, 26.184094802346458, 0.0, 1.4571246663252644, 1.5000000000000004 
11.22938307763559, 60.002478565540926, 0.0, 5.221926268411577, 2.7000000000000015 
4.420041193152449, 35.12116250016699, 0.0, 1.6019952693727082, 2.7000000000000015 
62.44897225069238, 1.9424817797531544, 0.0, 6.204459558322723, 1.3000000000000003 
41.841852489889696, 31.11381602793466, 0.0, 0.0, 1.0 
49.50033517238341, 57.30137567168537, 0.0, 3.111062306360158, 2.7000000000000015 
37.38662395129127, 63.28851007192286, 0.0, 0.0, 1.0 
23.561788765672166, 9.453051597643103, 0.0, -2.093903691167804, 2.7000000000000015 
20.640243934628554, 20.8696771389169, 0.0, 5.553131995976555, 2.7000000000000015 
21.984051885907444, 11.477424364768828, 0.0, -1.7067068222834854, 2.7000000000000015 
31.60996979423164, 31.733087922239864, 0.0, 0.0, 1.0 
58.21982157784434, 16.821301289860273, 0.0, 0.0, 1.0 
22.205608945674314, 46.874918980351325, 0.0, 1.8883914297788844, 1.3000000000000003 
59.90276697817174, 26.915709821414747, 0.0, 0.0, 1.0 
58.656003650142694, 56.17107718573679, 0.0, 5.349792902183692, 2.300000000000001 
26.56417287156554, 60.43365670592974, 0.0, 0.0, 1.0 
49.12917430744973, 23.865952880963025, 0.0, 0.0, 1.0 
63.19272705349055, 36.650501645183695, 0.0, 1.8215768165264974, 1.1 
57.99790739300146, 29.865233059330528, 0.0, 0.0901753576620795, 1.1 
0.7787412768729362, 41.94041237778008, 0.0, 6.892690621745763, 2.7000000000000015 
33.25584252279354, 48.137134041233395, 0.0, 5.920936518945541, 2.7000000000000015 
27.22445626887659, 32.75277594206891, 0.0, 0.0, 1.0 
53.3609199926963, 36.11152099254585, 0.0, 0.0, 1.0 
31.651197858271118, 47.29838992254076, 0.0, 0.0, 1.0 
38.56579089742428, 56.9275993994724, 0.0, 0.0, 1.0 
45.790999433316216, 35.20549627107018, 0.0, 0.0, 1.0 
53.21992300374252, 57.14388975198877, 0.0, 0.0, 1.0 
24.862517644451547, 3.05657316292768, 0.0, 0.0, 1.0 
44.39069852505459, 51.17872930845236, 0.0, 0.0, 1.0 
20.77809054779752, 37.840867532003855, 0.0, -0.8422925726119961, 2.7000000000000015 
58.58046172351339, 19.62314876144148, 0.0, 2.9498161322900485, 2.7000000000000015 
41.503539694534346, 17.075948590223906, 0.0, 0.0, 1.0 
62.85415550148856, 21.13534616994949, 0.0, 0.0, 1.0 
8.002274946336446, 51.046855382426436, 0.0, 5.798947446541738, 2.7000000000000015 
21.217897883130476, 0.26077370517136833, 0.0, 5.274291190374577, 2.7000000000000015 
27.802731266890213, 18.404841180185503, 0.0, 5.2975897416204925, 2.100000000000001 
11.214802702208386, 44.3698841534669, 0.0, 0.32088263658275, 2.7000000000000015 
31.679175269115106, 35.57907072433209, 0.0, 0.0, 1.0 
54.55003191019061, 49.92297530816895, 0.0, 0.0, 1.0 
43.52967762202799, 56.18812373089414, 0.0, 0.0, 1.0 
39.48206341948712, 50.908297161233186, 0.0, 5.262202238320112, 2.4000000000000012 
30.714258199088682, 56.393794071135325, 0.0, 0.0, 1.0 
49.12838586765938, 0.16915949447919437, 0.0, 0.0, 1.0 
36.23176145976203, 47.509691955412116, 0.0, 5.86318362396404, 2.7000000000000015 
24.91195371008777, 39.02578688368346, 0.0, 0.0, 1.0 
44.64199460406902, 20.976279177477167, 0.0, 0.0, 1.0 
1.746620075050523, 24.96517060071672, 0.0, 1.5229784117861216, 1.5000000000000004 
27.457769684257883, 54.00637288906894, 0.0, 0.0, 1.0 
25.13709074543832, 7.7097984893490885, 0.0, 3.857411828394768, 2.7000000000000015 
52.9898143509139, 24.755204624638772, 0.0, 0.0, 1.0 
36.28767871351989, 15.122880354514082, 0.0, 0.0, 1.0 
16.89861252935598, 32.45300082948697, 0.0, 0.0, 1.0 
60.13143802203969, 20.849178722632537, 0.0, 3.18076859244033, 1.2000000000000002 
52.85479711199268, 60.61130753078457, 0.0, 0.0, 1.0 
2.154259701861559, 28.06670477326942, 0.0, 0.49969858700355535, 2.6000000000000014 
32.82207477062069, 21.795552996423332, 0.0, 0.0, 1.0 
40.1406869273444, 27.335167372224525, 0.0, 0.0, 1.0 
34.32806484769525, 56.773395645889934, 0.0, 0.0, 1.0 
38.98038293061846, 28.853385460137154, 0.0, 0.0, 1.0 
4.0423078767200975, 25.43396147043406, 0.0, 5.942163412028942, 2.7000000000000015 
33.82548783994811, 44.460870070093314, 0.0, 0.0, 1.0 
31.656853333506586, 59.510802847669275, 0.0, 4.659546627463512, 2.7000000000000015 
51.29873424310924, 48.58160429814652, 0.0, 0.0, 1.0 
57.78749559570125, 51.26826877719283, 0.0, 0.0, 1.0 
27.34106190462197, 49.09686923272752, 0.0, 0.0, 1.0 
11.000229679947346, 38.58778433671208, 0.0, 0.7764468264411581, 2.7000000000000015 
27.459697098556102, 2.735248367030554, 0.0, 5.818710218709385, 2.6000000000000014 
17.23411314520341, 62.60618813571579, 0.0, 1.8546683480822361, 2.7000000000000015 
28.413666834053334, 50.59776641979211, 0.0, 6.222170902757486, 2.7000000000000015 
43.0537512726601, 25.454884568940027, 0.0, 0.0, 1.0 
25.580458030002436, 14.421147468862898, 0.0, 3.436203285048707, 2.100000000000001 
47.23221221622649, 23.25727016067149, 0.0, 0.0, 1.0 
9.850440081963914, 32.73683636290928, 0.0, 3.545140590862004, 2.7000000000000015 
0.028918437336813603, 4.913775771870858, 0.0, 5.523082301644971, 1.1 
5.0508873191468755, 20.809491184728188, 0.0, 0.11575146941779903, 2.7000000000000015 
26.059766791572606, 45.49675140242781, 0.0, 0.0, 1.0 
27.21867969280912, 36.682480154801894, 0.0, 0.0, 1.0 
50.6399736224548, 29.30607102243742, 0.0, 0.0, 1.0 
26.413435927388655, 28.332835134297593, 0.0, 0.0, 1.0 
57.51946733834788, 45.37558367437519, 0.0, 0.8014772075713265, 2.200000000000001 
27.864685294645966, 34.769250190299026, 0.0, 0.0, 1.0 
23.59884395234693, 42.41831021907832, 0.0, 0.0, 1.0 
56.45680786796173, 22.62447706926901, 0.0, 0.39750439647573255, 1.1 
48.0522275477929, 62.35595289876365, 0.0, 0.0, 1.0 
51.553089623566976, 43.349329238073565, 0.0, 0.0, 1.0 
45.29891066914686, 27.794329634372957, 0.0, 0.0, 1.0 
46.200081010008205, 5.563530636969789, 0.0, 0.0, 1.0 
55.03872462910438, 35.13704313081911, 0.0, 0.0, 1.0 
35.09797036971381, 61.135271121548435, 0.0, 0.0, 1.0 
44.126709095292874, 31.487080832490594, 0.0, 0.0, 1.0 
59.77812158238455, 38.27890340516337, 0.0, 1.6141154589420903, 2.7000000000000015 
15.59222158031021, 4.57882420491097, 0.0, 5.0863909962928275, 2.7000000000000015 
16.659907479754143, 28.620871946000122, 0.0, 3.3353430693059116, 1.2000000000000002 
35.17209431868781, 28.30279100632585, 0.0, 0.0, 1.0 
30.02208739982091, 48.21066284789485, 0.0, 0.0, 1.0 
52.89895455515546, 53.804919028276274, 0.0, 0.9464123966582351, 1.1 
48.204948384502835, 13.484783615467826, 0.0, 0.0, 1.0 
46.143850022060874, 13.5096345932455, 0.0, 0.0, 1.0 
2.7279542888739003, 13.769282113716857, 0.0, 1.8566854352335624, 2.7000000000000015 
61.45393472764039, 14.884135113642973, 0.0, 0.0, 1.0 
54.90516414123656, 53.48534220093213, 0.0, 0.0, 1.0 
2.9503507116792087, 15.752341937641997, 0.0, 2.1589356186796715, 2.7000000000000015 
30.665843076249505, 37.16764907914452, 0.0, 0.0, 1.0 
38.19214515852681, 5.502052834932866, 0.0, 0.0, 1.0 
47.11838626213993, 49.13917693043282, 0.0, 0.0, 1.0 
3.5133183327568926, 49.897021843884204, 0.0, 0.2413562372283079, 2.7000000000000015 
30.217975999080483, 27.240251537984374, 0.0, 0.0, 1.0 
54.27028640947478, 55.525874245004374, 0.0, 0.0, 1.0 
56.61325542892014, 15.570662580689401, 0.0, 0.0, 1.0 
4.407590029284889, 29.215311007136652, 0.0, 1.52165590041947, 2.7000000000000015 
25.17429864677049, 43.750560947133394, 0.0, 0.0, 1.0 
62.32540391528015, 18.22904251158135, 0.0, 2.67877153242695, 2.7000000000000015 
2.9094216698658126, 8.147246896985529, 0.0, 1.5102421161428576, 2.7000000000000015 
13.693264182147624, 50.472026223268735, 0.0, 6.892474369978277, 2.7000000000000015 
59.014488378870446, 5.672987013147655, 0.0, 0.0, 1.0 
37.10788806147612, 18.534464829593464, 0.0, 0.0, 1.0 
52.26349233641695, 32.36528272091514, 0.0, 0.0, 1.0 
28.83356407727781, 57.024978285822044, 0.0, 0.0, 1.0 
46.81278291500903, 28.677555158945825, 0.0, 0.0, 1.0 
7.055233177935379, 39.199379509783, 0.0, 1.1947236563156103, 2.7000000000000015 
53.85513714971172, 33.50065944739708, 0.0, 0.0, 1.0 
34.189359154002986, 34.077468775399865, 0.0, 0.0, 1.0 
11.647527016180826, 47.13065191923521, 0.0, 0.40105957396864234, 2.7000000000000015 
60.41484020276252, 18.014644284847368, 0.0, 2.6581606804090674, 1.1 
10.083157485925192, 48.6143390661523, 0.0, 0.3191953467038799, 2.7000000000000015 
21.511436435678235, 21.610875185733512, 0.0, 5.366292613582389, 2.7000000000000015 
51.25694671633548, 19.655869681740185, 0.0, 0.0, 1.0 
47.81506536904466, 58.73934119450431, 0.0, 0.0, 1.0 
62.046674316786486, 22.970748779687305, 0.0, 0.0, 1.0 
38.81557001243032, 17.473761666057236, 0.0, 0.0, 1.0 
17.326829022817936, 30.50282327170816, 0.0, 0.0, 1.0 
26.845501456646343, 30.253262426040934, 0.0, 4.218412085806403, 2.7000000000000015 
10.381532100175678, 58.840663297206696, 0.0, 5.9857461516147605, 2.5000000000000013 
24.746323265806062, 32.42231098081998, 0.0, 0.0, 1.0 
55.351658447896355, 48.07680988251076, 0.0, 0.0, 1.0 
31.985967122490674, 29.69320928226319, 0.0, 0.0, 1.0 
28.46759178947344, 47.37894402030652, 0.0, 0.0, 1.0 
54.72461252697144, 25.638944311227963, 0.0, 0.0, 1.0 
25.96150334945161, 35.603599416581716, 0.0, 0.0, 1.0 
25.424328663383772, 4.87989428387434, 0.0, 0.0, 1.0 
17.454834718039272, 5.488554247095534, 0.0, -1.36857289433821, 2.7000000000000015 
43.350837078365494, 12.17256768698816, 0.0, 0.0, 1.0 
43.79949827942905, 34.699510276741904, 0.0, 0.0, 1.0 
4.950357421980224, 15.086097621642036, 0.0, 2.470549653089297, 2.7000000000000015 
24.607261596272213, 50.05977566627218, 0.0, 2.3448521519491843, 2.6000000000000014 
59.895665676986034, 2.1747700515461297, 0.0, 6.258587708472192, 1.9000000000000008 
51.93984952607985, 55.62327787242072, 0.0, 0.0, 1.0 
13.890932025037717, 30.50263274089432, 0.0, 0.483893789878922, 2.7000000000000015 
56.61335820322446, 20.94589660210942, 0.0, 2.922627778532896, 2.7000000000000015 
10.742943078849322, 20.45176982800481, 0.0, 0.2603182162954964, 2.7000000000000015 
5.880289687614436, 36.588660369987814, 0.0, 1.6682553387868184, 2.300000000000001 
10.260969058240077, 31.5132118176203, 0.0, 3.4418034058456715, 2.7000000000000015 
29.26638950681142, 0.8908446368013545, 0.0, 0.0, 1.0 
34.90962983537329, 0.5168478491622357, 0.0, 0.0, 1.0 
42.71735204699359, 54.4825014011964, 0.0, 0.0, 1.0 
49.812571181803335, 58.75589564008894, 0.0, 0.0, 1.0 
11.244840769851363, 28.186609408058775, 0.0, 2.2294733285855792, 2.7000000000000015 
61.83270691396993, 5.873595792986013, 0.0, 0.5799576078604158, 1.1 
36.13298820525948, 23.236513331204502, 0.0, 0.0, 1.0 
18.14159496284277, 42.699131312079004, 0.0, 5.248598990354141, 2.7000000000000015 
60.40537095710328, 33.45876097203844, 0.0, 0.0, 1.0 
31.801054171429687, 3.3354325113251946, 0.0, 6.340258591740926, 1.4000000000000004 
47.45081560390032, 11.914871541668624, 0.0, 0.0, 1.0 
31.365641597993314, 23.230224610783125, 0.0, 4.651602637501937, 1.1 
30.816460438890594, 25.27140602537325, 0.0, 0.0, 1.0 
24.928595617437193, 20.636782691976332, 0.0, 0.0, 1.0 
12.329360020826837, 45.98301868460447, 0.0, 0.41096545182732397, 2.7000000000000015 
61.22469063032545, 31.498070442717502, 0.0, 1.3277590109013833, 2.7000000000000015 
29.040732035960076, 63.282009132084085, 0.0, 0.0, 1.0 
20.74786954573035, 11.164498803296143, 0.0, 4.510736407130848, 2.7000000000000015 
36.53315363718295, 59.9471352273199, 0.0, 0.0, 1.0 
25.966000588008686, 23.795044432184763, 0.0, 6.37396710750014, 2.7000000000000015 
49.86157696171808, 20.612063706441194, 0.0, 0.0, 1.0 
47.24430753690757, 16.61699316560652, 0.0, 0.0, 1.0 
45.55070545828156, 3.9861395452708073, 0.0, 0.0, 1.0 
35.12677003034819, 1.939957212472756, 0.0, 0.14321177145246597, 2.4000000000000012 
18.469674440136668, 38.9947930627769, 0.0, -0.7037069567490464, 2.5000000000000013 
53.88374801006757, 40.151667843388, 0.0, 0.0, 1.0 
14.886121356806893, 37.60168639373187, 0.0, -0.3723397704589687, 2.7000000000000015 
16.605674127978144, 50.87476915166083, 0.0, 5.770815389402619, 2.7000000000000015 
19.148400611851233, 63.29885684863113, 0.0, 5.234663632872868, 2.6000000000000014 
22.155825703548, 37.574881167662426, 0.0, 5.231749929349866, 2.7000000000000015 
32.754172440785105, 19.53603183822039, 0.0, 3.7427928614947175, 1.7000000000000006 
56.51707951486197, 24.701253072191296, 0.0, 0.0, 1.0 
25.85299503193136, 25.72251562294053, 0.0, 4.703639784783301, 2.6000000000000014 
5.266275905255785, 51.147652655085984, 0.0, 6.0088676308810856, 2.7000000000000015 
28.441031874041094, 28.108087822385308, 0.0, 0.0, 1.0 
52.235676981656724, 39.18558330264281, 0.0, 1.3645577214874431, 1.7000000000000006 
43.00515185108398, 44.92759916577727, 0.0, 0.0, 1.0 
25.78090250617953, 22.372763521230134, 0.0, 0.0, 1.0 
52.396430802411565, 41.56639990279694, 0.0, 0.0, 1.0 
61.01667557900697, 9.768445839286668, 0.0, 0.0, 1.0 
51.5871390407878, 62.028944903985234, 0.0, 0.0, 1.0 
14.003454254634557, 20.277793039397896, 0.0, 6.0471198418020915, 2.7000000000000015 
42.86840584280923, 29.86082084903741, 0.0, 0.0, 1.0 
5.34265534104207, 13.406517439206565, 0.0, 2.4776999680274288, 2.7000000000000015 
34.80522385173668, 32.14525985851008, 0.0, 0.0, 1.0 
19.788800382324442, 6.1644170487078975, 0.0, 4.871856393587722, 2.7000000000000015 
36.15056045717683, 53.7745850252921, 0.0, 4.808647311709549, 2.7000000000000015 
29.462578902461377, 6.274228080460697, 0.0, 5.7407235755745125, 2.200000000000001 
22.064951694611118, 30.870354049074717, 0.0, 4.879040776310087, 2.7000000000000015 
49.24593681703288, 17.074781555688595, 0.0, 0.0, 1.0 
21.953022341979885, 8.379408472100254, 0.0, 4.435612062473707, 2.7000000000000015 
0.18257931311633255, 15.809207054911012, 0.0, 1.9269514177420695, 2.7000000000000015 
61.30535715542882, 37.67680224719361, 0.0, 5.186483022044524, 2.7000000000000015 
33.33952886756162, 35.5400677539166, 0.0, -2.1265522062048317, 2.7000000000000015 
32.99080945388346, 11.293453757244547, 0.0, 1.662670167102595, 1.4000000000000004 
25.25840058675928, 6.367635659281262, 0.0, 3.747236243534166, 2.7000000000000015 
34.845218434301756, 16.704584896051013, 0.0, 3.731800354328855, 1.1 
32.4782617601639, 57.54274585448775, 0.0, 0.0, 1.0 
22.82763746984166, 18.136595423626897, 0.0, -1.1968456396886744, 2.7000000000000015 
56.66247885828225, 42.47128112494208, 0.0, 2.874753743199706, 2.7000000000000015 
48.92912492628958, 45.67751996741728, 0.0, 0.0, 1.0 
19.690095180185114, 12.51095324068902, 0.0, 4.705932061193397, 2.7000000000000015 
11.687688185876928, 53.556693567333284, 0.0, 4.547349981474538, 2.7000000000000015 
56.21747702400565, 28.68901582681984, 0.0, 0.0, 1.0 
15.9347684369059, 46.96081046557942, 0.0, 0.14890863044727023, 2.7000000000000015 
61.592712707272774, 28.732080389885983, 0.0, 4.204751646840927, 2.7000000000000015 
42.34836131426614, 2.5535014602996875, 0.0, 0.0, 1.0 
50.36433587092116, 33.22331795701151, 0.0, 0.0, 1.0 
41.56546330846631, 8.594782739590825, 0.0, 0.0, 1.0 
55.32495495933112, 12.463906955801868, 0.0, 0.0, 1.0 
54.5043575330954, 27.596294134665563, 0.0, 0.0, 1.0 
20.708386922714567, 36.61638028841091, 0.0, -0.8015577744050849, 2.7000000000000015 
14.887573050109104, 3.211043512657169, 0.0, -1.119437079906909, 2.5000000000000013 
52.466947091064995, 10.035311311148499, 0.0, 0.0, 1.0 
19.466641067823787, 34.688996387521314, 0.0, 5.949476870410192, 2.7000000000000015 
29.379907321417992, 13.424970517677524, 0.0, 4.639954727732633, 2.7000000000000015 
27.60923497794963, 38.6542582490427, 0.0, 0.0, 1.0 
48.948082627921195, 6.9901428726102575, 0.0, 0.0, 1.0 
41.26037469256786, 25.83507943397461, 0.0, 0.0, 1.0 
16.47568232419562, 35.9827087950865, 0.0, -0.29710691917286436, 2.6000000000000014 
27.06265944792652, 41.86625978336445, 0.0, 0.0, 1.0 
49.23592673281154, 3.6071109505912498, 0.0, 0.0, 1.0 
4.366764924533561, 7.293930661612756, 0.0, 1.881240284226441, 2.7000000000000015 
61.63906099653828, 19.732297295795565, 0.0, 3.227325143762748, 2.100000000000001 
23.315991141831827, 14.188284656391032, 0.0, -1.6439383400599903, 2.7000000000000015 
33.38489413864704, 31.14442491855076, 0.0, 0.0, 1.0 
41.719950465431246, 40.126634724533844, 0.0, -1.8403826677543862, 2.4000000000000012 
44.500152616004485, 10.414761441906041, 0.0, 0.0, 1.0 
27.56259052660887, 52.17509305192673, 0.0, 0.0, 1.0 
50.58102466908946, 38.02972698900582, 0.0, 0.0, 1.0 
46.40565083050044, 46.11582452246034, 0.0, 0.0, 1.0 
25.795459535661447, 62.829250072508145, 0.0, 0.0, 1.0 
49.85940421764324, 8.594541320088522, 0.0, 0.0, 1.0 
1.5276391804437046, 13.545548749127635, 0.0, 1.6547350176548805, 2.7000000000000015 
23.1434296801604, 5.158850756450619, 0.0, 4.355541647690743, 2.7000000000000015 
52.11719615755108, 46.71680046197776, 0.0, 0.0, 1.0 
29.757815164676828, 44.290004194826096, 0.0, 0.0, 1.0 
39.747168030851206, 39.99863876557766, 0.0, 4.5419847697254365, 1.5000000000000004 
50.719448436661814, 31.318435520926748, 0.0, 0.0, 1.0 
23.241982304041898, 55.60552319615677, 0.0, 3.107876341986178, 1.9000000000000008 
9.261011836102842, 29.020231462878897, 0.0, 0.8914216543899627, 2.7000000000000015 
18.55620614650195, 47.72189633491724, 0.0, 6.204189654853759, 1.1 
38.486526654115366, 10.508781916002555, 0.0, 0.0, 1.0 
1.4219410461762478, 8.543718189860066, 0.0, 1.4268876852991255, 1.3000000000000003 
54.070956182252694, 31.481248041868685, 0.0, 0.0, 1.0 
57.297068662171576, 59.88419651957875, 0.0, 5.384996815426678, 2.100000000000001 
53.1647715878592, 62.78973185439623, 0.0, 0.0, 1.0 
57.00296020214047, 5.687601850499825, 0.0, 0.0, 1.0 
28.990261121818488, 26.02674112119378, 0.0, 0.0, 1.0 
63.701533098289104, 7.049598182303536, 0.0, 0.4775040498060246, 1.1 
20.979646530799943, 25.737675932939702, 0.0, -1.2890879383033647, 2.7000000000000015 
58.28147704860787, 39.53439085410013, 0.0, 0.3738751168755956, 1.6000000000000005 
37.12050880664273, 34.88530318439153, 0.0, 0.0, 1.0 
56.22787526264042, 55.07111829184187, 0.0, 0.0, 1.0 
14.843129867446695, 58.40612488475157, 0.0, 1.258695476280471, 2.7000000000000015 
38.22177542083632, 42.93173918549982, 0.0, -1.3173259481913415, 2.7000000000000015 
55.369017594889236, 37.122600216907, 0.0, 0.0, 1.0 
49.19061143144232, 48.91363699001291, 0.0, 0.0, 1.0 
48.297192896706086, 2.030392962061373, 0.0, 0.0, 1.0 
18.27545868828589, 7.706628726087161, 0.0, 0.0, 1.0 
50.03771175333612, 13.963432773287154, 0.0, 0.0, 1.0 
49.62210159213362, 52.320710689021574, 0.0, 0.0, 1.0 
53.017949534532356, 6.450747581636049, 0.0, 0.0, 1.0 
39.08631577287725, 41.35928114283202, 0.0, 4.605311240055891, 2.7000000000000015 
37.0345830318287, 6.902206872621689, 0.0, 0.0, 1.0 
16.968412481842332, 34.467298392873346, 0.0, 0.0, 1.0 
23.97850972251734, 24.93004221503471, 0.0, 4.574701467900112, 2.7000000000000015 
35.260906373829194, 35.63729362059356, 0.0, 0.0, 1.0 
41.4714516606654, 1.019469271815514, 0.0, 0.0, 1.0 
23.320434118459353, 20.05856723112089, 0.0, 4.925209685997984, 2.7000000000000015 
7.069713007948233, 16.96496364361895, 0.0, 1.8003497276689149, 2.5000000000000013 
4.981993670134894, 48.485278886844256, 0.0, 0.12636798353665657, 2.7000000000000015 
23.466530438590258, 60.104330486941805, 0.0, 5.786888365384471, 2.4000000000000012 
42.09931037164218, 23.952481827675033, 0.0, 0.0, 1.0 
46.95763092498091, 33.80331673044129, 0.0, 0.0, 1.0 
37.849868667006696, 30.3807731643586, 0.0, 0.0, 1.0 
37.573861320590744, 54.18090706300444, 0.0, 0.0, 1.0 
47.551250120526866, 18.237000243262155, 0.0, 0.0, 1.0 
58.80976625633121, 36.180664908777466, 0.0, 1.8488468302739047, 1.4000000000000004 
21.102849601231892, 45.26392244931779, 0.0, 2.2167114665500764, 1.1 
13.35089688821138, 42.267883373141004, 0.0, -0.892849281972045, 1.9000000000000008 
35.1009965719044, 7.041088375836103, 0.0, 0.0, 1.0 
22.27586993276046, 43.539703823242036, 0.0, 0.0, 1.0 
46.52369447288452, 21.409614219545148, 0.0, 0.0, 1.0 
11.941837240459474, 40.6347230089608, 0.0, 0.3096463446053132, 2.7000000000000015 
5.247428382616094, 8.50762190077771, 0.0, 1.9823589914706612, 2.7000000000000015 
33.96040328725511, 23.47463572780464, 0.0, 0.0, 1.0 
10.15401261383393, 56.78338964371847, 0.0, 1.134783161041545, 2.7000000000000015 
21.315303825708643, 34.84457153465897, 0.0, -0.6664409778205401, 2.300000000000001 
33.12436717291491, 60.999035926781154, 0.0, 0.0, 1.0 
39.60920410090372, 1.8810638289674215, 0.0, 0.0, 1.0 
55.16135746803349, 2.2705431283758153, 0.0, 0.0, 1.0 
49.444312322348736, 18.842422596111195, 0.0, 0.0, 1.0 
62.37414558095628, 27.103777640418972, 0.0, 0.5683508158109666, 1.4000000000000004 
50.28550538799342, 22.195897748175987, 0.0, 0.0, 1.0 
50.969018434217574, 45.24987622326891, 0.0, 0.0, 1.0 
52.042458893153174, 21.30971826784758, 0.0, 0.0, 1.0 
40.02439046144775, 13.807257722077415, 0.0, 0.0, 1.0 
59.337401123242465, 8.81198834447909, 0.0, 0.0, 1.0 
31.110556977486482, 21.110908571274468, 0.0, 0.0, 1.0 
41.15991573357133, 62.660455543783414, 0.0, 4.136571420704194, 2.7000000000000015 
44.196829175705965, 13.951804660995288, 0.0, 0.0, 1.0 
16.284057358913593, 57.69621654617566, 0.0, 1.8304778059270774, 2.6000000000000014 
56.84370566509308, 13.588547270010197, 0.0, 0.0, 1.0 
44.52346370436776, 62.55405779288776, 0.0, 0.0, 1.0 
36.991343071742904, 28.60503499476309, 0.0, 0.0, 1.0 
47.869845987170486, 25.06961375275759, 0.0, 0.0, 1.0 
20.151759848739037, 59.49546694807341, 0.0, 4.858377631974433, 2.7000000000000015 
48.01686623568924, 47.327334580135144, 0.0, 0.0, 1.0 
51.81797053075013, 58.60164471444463, 0.0, 0.766114774522197, 1.1 
59.5854367428148, 51.169762528976555, 0.0, 5.117135237013352, 2.6000000000000014 
0.28233851759715684, 19.100005743826355, 0.0, 3.1264181312018944, 2.7000000000000015 
34.61025950574172, 39.11418552735182, 0.0, 0.0, 1.0 
30.26935150036584, 28.941165419155716, 0.0, 0.0, 1.0 
27.11413962972686, 1.7664221632937398, 0.0, -0.25396791843246536, 2.7000000000000015 
6.295537437027146, 41.37825338707427, 0.0, 6.630768189606847, 2.7000000000000015 
56.35383034697684, 56.998341581522965, 0.0, 0.07853567346146276, 1.4000000000000004 
17.25187629155864, 26.817359750944657, 0.0, 2.759966768896498, 1.4000000000000004 
28.804829934025225, 19.534058587540148, 0.0, 4.986572207735738, 2.6000000000000014 
31.735136976029825, 44.72113787274876, 0.0, 2.045948623231714, 1.2000000000000002 
36.58055941115219, 43.066212861051525, 0.0, 5.7369048313892295, 2.300000000000001 
39.23271664676223, 55.37031371892422, 0.0, 0.0, 1.0 
45.18548621238845, 60.769783060996396, 0.0, 0.0, 1.0 
14.483736304354005, 55.138877875669856, 0.0, 1.7613631070572433, 2.7000000000000015 
30.48151930210437, 58.181912972872944, 0.0, 0.0, 1.0 
24.973524176702142, 18.624393400313966, 0.0, 0.0, 1.0 
48.93974116772038, 34.23355122133699, 0.0, 0.0, 1.0 
34.8362219868271, 46.05622029425632, 0.0, -1.3220075513947436, 2.7000000000000015 
53.72034923165506, 11.337479981268274, 0.0, 0.0, 1.0 
43.40906064855743, 60.83608488229462, 0.0, 0.0, 1.0 
31.514705657080167, 7.366644387955322, 0.0, 5.23935544368984, 2.5000000000000013 
50.882483322164795, 40.18011780956074, 0.0, 0.0, 1.0 
40.3066914597099, 58.6360301443798, 0.0, 2.6573030085837073, 2.7000000000000015 
22.67431587030746, 50.19391901812723, 0.0, 4.555633225639931, 2.7000000000000015 
37.11062740639696, 55.91402692595778, 0.0, 0.0, 1.0 
28.502375030208736, 15.39199641923555, 0.0, 4.573162006909526, 2.7000000000000015 
29.31339899193628, 23.98192647501663, 0.0, 0.0, 1.0 
35.47890629017793, 49.39708188533274, 0.0, -0.8000981281708744, 2.7000000000000015 
44.94778784151991, 33.34959397313837, 0.0, 0.0, 1.0 
58.499932189359015, 14.769419993325911, 0.0, 0.0, 1.0 
5.086730721796704, 52.57256885505764, 0.0, 6.004767206888109, 2.7000000000000015 
44.84616071018552, 7.166658589412216, 0.0, 0.0, 1.0 
50.03414117900392, 41.92377429402653, 0.0, 0.0, 1.0 
46.46680495137444, 2.168035771232863, 0.0, 0.0, 1.0 
51.08294284318203, 25.69412153167919, 0.0, 0.0, 1.0 
10.688981294530308, 54.86205291635548, 0.0, 4.541097384021292, 2.7000000000000015 
6.732523732745771, 58.06965985929819, 0.0, 5.219752984179809, 2.7000000000000015 
4.676012879024131, 59.65368250568753, 0.0, 7.902150149220064, 2.7000000000000015 
34.05345990150977, 8.816890929736697, 0.0, 0.0, 1.0 
30.440837196140215, 17.425674995272676, 0.0, 3.2042428775233094, 2.7000000000000015 
20.701741179556652, 28.42739840619786, 0.0, 5.161519243241928, 2.7000000000000015 
44.17256734240377, 5.477798725029841, 0.0, 0.0, 1.0 
54.156065552664266, 22.472410604160572, 0.0, 2.3129722099611185, 2.7000000000000015 
54.14300166749017, 46.43988169195913, 0.0, 0.0, 1.0 
29.544731468182075, 38.872960041111845, 0.0, 0.0, 1.0 
21.346517825872002, 29.611781609454994, 0.0, 5.181774471446394, 2.7000000000000015 
4.159989133589586, 12.743052555841142, 0.0, 1.9443931885789945, 2.7000000000000015 
6.07075269874256, 56.838348599344066, 0.0, 2.308305986587157, 2.7000000000000015 
48.29116096996354, 40.841163408545604, 0.0, 0.0, 1.0 
30.18852735929711, 40.82330643158542, 0.0, 0.0, 1.0 
58.32861515970873, 23.79029509928155, 0.0, 0.0, 1.0 
34.767799333225554, 10.335424427454132, 0.0, 0.0, 1.0 
37.41327823119421, 52.15516542443742, 0.0, 0.0, 1.0 
43.4179262166146, 27.01939734018277, 0.0, 0.0, 1.0 
31.035237971063545, 49.53276556066267, 0.0, 6.134029261158701, 2.7000000000000015 
59.99509517583552, 53.22150238103337, 0.0, 5.0268651608176365, 2.7000000000000015 
53.677373440765585, 38.148932680380064, 0.0, 0.0, 1.0 
50.14178658264145, 5.164577187158121, 0.0, 0.0, 1.0 
43.80835027523186, 1.557766469557113, 0.0, 0.0, 1.0 
25.498616753704198, 54.806293527499, 0.0, 5.231285698113232, 1.1 
57.327692619918516, 37.73357082910891, 0.0, 0.0, 1.0 
47.41336124611287, 38.94922831820465, 0.0, 0.0, 1.0 
48.23991008507892, 42.84118077770541, 0.0, 0.0, 1.0 
33.14448577019102, 4.673027407977882, 0.0, 4.988744668470904, 2.7000000000000015 
51.713128905826814, 13.915797447695677, 0.0, 0.0, 1.0 
4.0997942678227535, 17.694805211406038, 0.0, 3.479520250323763, 2.7000000000000015 
29.763131107353836, 10.215345187242372, 0.0, 5.170234885761229, 2.7000000000000015 
40.92252473549622, 15.437473139942675, 0.0, 0.0, 1.0 
28.936209326558437, 42.4502415176559, 0.0, 0.0, 1.0 
1.248517948217623, 18.019329941170767, 0.0, 2.921810107722967, 2.7000000000000015 
42.70204119002117, 62.431612384558804, 0.0, 0.0, 1.0 
15.407996141348727, 38.942057721258365, 0.0, -0.9066008063425717, 2.7000000000000015 
34.44296753522495, 3.5411247723122083, 0.0, 0.0, 1.0 
58.30486021334636, 21.840199772195266, 0.0, 0.0, 1.0 
38.59464734290538, 19.97120318391931, 0.0, 0.0, 1.0 
44.10514245262345, 19.14146589231316, 0.0, 0.0, 1.0 
37.4228429775955, 37.74984168208991, 0.0, 0.0, 1.0 
60.87864056493967, 35.43002653005462, 0.0, 0.4882813882141772, 1.5000000000000004 
35.24716181084877, 59.34503998770452, 0.0, -0.6727648962294687, 1.7000000000000006 
5.978246687458547, 55.05566741979893, 0.0, 2.128335047076749, 2.7000000000000015 
48.647110819272825, 10.30093583381268, 0.0, 0.0, 1.0 
47.79302143180216, 8.673152761421825, 0.0, 0.0, 1.0 
14.264758873107507, 59.871191008403265, 0.0, 1.1140467834842316, 2.6000000000000014 
12.279555207454214, 51.3347721205616, 0.0, 4.483191926136041, 2.5000000000000013 
54.94334811653333, 60.661730996434585, 0.0, 5.784611957606803, 1.2000000000000002 
45.296320489917264, 30.05976609240969, 0.0, 0.0, 1.0 
42.68603501807411, 39.34096671008591, 0.0, 0.0, 1.0 
42.638869584898316, 52.65637320717623, 0.0, 5.828210003735861, 1.8000000000000007 
12.906708654515427, 48.71870052831923, 0.0, 6.526806185866844, 2.7000000000000015 
59.73366337526537, 48.19316546023059, 0.0, 0.9770747511476209, 2.7000000000000015 
32.73302729848949, 37.34339789103437, 0.0, 0.0, 1.0 
35.95491728045407, 13.449849394756841, 0.0, 6.01199442057701, 2.7000000000000015 
41.31452314747962, 12.163519238129702, 0.0, 0.0, 1.0 
42.55763551722086, 5.388284101560734, 0.0, -0.7151750038834934, 2.7000000000000015 
55.59437618567279, 19.888836142022363, 0.0, 2.870727686257278, 1.9000000000000008 
19.275961904495425, 18.307329430588517, 0.0, -0.2171775190371601, 2.7000000000000015 
63.23609367546994, 46.6758805356051, 0.0, 1.107700355781086, 2.7000000000000015 
14.275832653586814, 35.33369050545324, 0.0, 4.096920422352206, 1.1 
35.912509735078984, 8.631965958949062, 0.0, 0.0, 1.0 
39.07940775374081, 7.180839443176068, 0.0, 0.0, 1.0 
46.765395451746016, 54.387797174816924, 0.0, 0.0, 1.0 
44.981724702875546, 26.01386017688919, 0.0, 0.0, 1.0 
55.1825660663559, 62.66478219933439, 0.0, 0.0, 1.0 
42.93722421453707, 32.864260404753104, 0.0, 0.0, 1.0 
29.453958600904496, 3.7355550273696947, 0.0, 5.626369970878689, 1.7000000000000006 
23.48323274121474, 35.39108412419669, 0.0, 4.871782116339952, 2.7000000000000015 
5.144229565625114, 31.58094761779614, 0.0, 1.7633715583687026, 2.7000000000000015 
2.106547480437491, 35.91393134397896, 0.0, 1.1660980349254495, 2.7000000000000015 
45.70675488268613, 8.801507187277716, 0.0, 0.0, 1.0 
54.60082139128285, 18.410639297368018, 0.0, 0.0, 1.0 
24.900973951884442, 27.037560766490333, 0.0, 4.704277870139271, 2.7000000000000015 
19.406098726910805, 42.88614310650415, 0.0, 5.16289809816471, 2.7000000000000015 
50.867858135245626, 53.922911043472794, 0.0, 0.0, 1.0 
6.273301981246131, 32.79173413323327, 0.0, 2.4835351093351794, 2.7000000000000015 
44.04841021242984, 53.185465641945335, 0.0, 0.0, 1.0 
55.907120079157025, 58.8028149124141, 0.0, 0.0, 1.0 
5.750438211157439, 39.82960705395869, 0.0, 0.6226969398897438, 2.5000000000000013 
21.462646931357387, 59.418157635065555, 0.0, 4.551935085511759, 2.7000000000000015 
43.618620895356884, 48.04013914394652, 0.0, 0.0, 1.0 
57.06499350429045, 62.26625465192284, 0.0, 4.718370659183081, 1.2000000000000002 
43.941192127890666, 28.75748685463535, 0.0, 0.0, 1.0 
0.1567152250349299, 56.414378202446684, 0.0, 1.0200722118049845, 1.1 
46.11135596331952, 31.93909468013648, 0.0, 0.0, 1.0 
33.15269612453219, 7.268237996583162, 0.0, 0.0, 1.0 
23.934389698790802, 22.394105155228626, 0.0, 0.0, 1.0 
32.82539530078217, 33.064537157721915, 0.0, 0.0, 1.0 
3.13123123265177, 34.944948608056556, 0.0, 1.4422982810732363, 2.7000000000000015 
33.16678612342425, 28.051847524810967, 0.0, 0.0, 1.0 
33.02186200443487, 39.23251881048723, 0.0, 0.0, 1.0 
16.126218691548374, 62.160246803404306, 0.0, 2.027133738106105, 2.7000000000000015 
34.85605807063335, 42.72610488999553, 0.0, 0.0, 1.0 
55.76426255839712, 51.5512626341931, 0.0, 0.0, 1.0 
24.567030231435155, 34.33356164346478, 0.0, 0.0, 1.0 
27.051227624167854, 20.858103438018514, 0.0, 5.632578010665294, 1.1 
30.188358797505565, 7.0545763750631805, 0.0, 5.669717653416277, 2.7000000000000015 
39.03261421278034, 53.28674276936274, 0.0, 0.0, 1.0 
11.995131271138373, 30.825101746189613, 0.0, 0.30115930752939346, 2.7000000000000015 
26.649119797498415, 10.289057886785276, 0.0, 4.867440012549512, 2.7000000000000015 
3.459827262372501, 39.04588479883952, 0.0, 0.8932560844037225, 2.200000000000001 
26.13471344852777, 33.75333173453588, 0.0, 0.0, 1.0 
46.92877188184672, 7.136851469296294, 0.0, 0.0, 1.0 
23.556165580908722, 38.21461731124874, 0.0, 0.0, 1.0 
54.41134739722715, 9.443760349708556, 0.0, 0.0, 1.0 
55.14530768829374, 44.503170835763335, 0.0, 5.461178229863855, 1.1 
31.384581794816693, 52.715803558724446, 0.0, 0.0, 1.0 
35.25392215164452, 24.948682383326247, 0.0, 0.0, 1.0 
39.71519097796254, 8.867646794066962, 0.0, 0.0, 1.0 
11.159546852623363, 21.793556042267184, 0.0, -0.04052394735089944, 2.7000000000000015 
51.28553378609175, 3.365217373495294, 0.0, 0.0, 1.0 
49.88872643824163, 55.71638649443079, 0.0, 0.0, 1.0 
37.79923082721569, 8.651907284014998, 0.0, 0.0, 1.0 
14.579045760065984, 62.81174124379107, 0.0, 4.552751589166324, 2.7000000000000015 
58.27541773597157, 48.82018817501062, 0.0, 0.8242895099814356, 2.7000000000000015 
9.478080833999927, 39.04149208486871, 0.0, 1.2073537408555157, 2.300000000000001 
48.85366734207615, 26.219630158847792, 0.0, 2.3485847249922243, 2.7000000000000015 
62.20595001622589, 0.0623789599273674, 0.0, 0.0, 1.0 
36.203404516521395, 26.754332662013795, 0.0, 0.0, 1.0 
19.402565285747297, 0.9462360084547694, 0.0, 5.382571463859718, 2.7000000000000015 
53.55786919513146, 21.298044406429103, 0.0, 1.9891591143761767, 2.7000000000000015 
25.834355797571426, 37.70808540847399, 0.0, 0.0, 1.0 
42.85593185506355, 7.013598184093688, 0.0, 0.0, 1.0 
31.12330623462583, 0.21669078314999357, 0.0, 0.0, 1.0 
28.734639083807423, 33.017545057609475, 0.0, 4.045168571011035, 2.7000000000000015 
53.41256288543637, 13.200978314338792, 0.0, 0.0, 1.0 
40.4451399189736, 10.566005495356997, 0.0, 0.0, 1.0 
17.95877352454574, 17.108874754850653, 0.0, 0.11519247666946107, 2.7000000000000015 
17.41469726103485, 3.0871340843700352, 0.0, 5.164583927393962, 2.7000000000000015 
18.669783902568863, 61.794824051397285, 0.0, 5.107133176140224, 2.7000000000000015 
8.5061826834903, 57.16095304351496, 0.0, 0.0, 1.0 
16.09580059514264, 20.628565124252738, 0.0, 5.689645647809846, 2.7000000000000015 
13.868995289045483, 32.13863640911187, 0.0, 2.996531678387686, 1.7000000000000006 
18.917050919906142, 5.055567333993526, 0.0, 5.118899215099531, 2.7000000000000015 
53.73504569608111, 51.854637170047326, 0.0, 0.0, 1.0 
42.064575871474794, 27.975602104580357, 0.0, 0.0, 1.0 
22.10940979445473, 16.524648967003415, 0.0, 5.083533190341983, 2.5000000000000013 
62.182122016604055, 25.02566981569664, 0.0, 0.4271819993608519, 1.1 
2.3690673874395256, 51.267360790935086, 0.0, -0.23728677388894148, 2.7000000000000015 
29.172926501165968, 55.09199136070619, 0.0, 0.0, 1.0 
48.81237010945767, 54.15553573811647, 0.0, 0.0, 1.0 
43.212524524749035, 41.2925093719501, 0.0, 0.0, 1.0 
27.71174335416346, 22.771554791500492, 0.0, 5.288778420860764, 1.1 
59.77925681442311, 60.03843512586462, 0.0, 3.176387152265013, 1.4000000000000004 
42.435813468299784, 10.462645353990926, 0.0, 0.0, 1.0 
0.11832558811178982, 12.494978246797285, 0.0, 0.0, 1.0 
48.87133395151037, 15.393610638501055, 0.0, 0.0, 1.0 
7.847559695951143, 1.7606757201298682, 0.0, 4.513997594457311, 2.7000000000000015 
39.116743655336165, 12.22569789973344, 0.0, 0.0, 1.0 
25.589718245137696, 51.472980631259574, 0.0, 2.929789758422509, 1.1 
40.21808881219664, 5.81424601516765, 0.0, 0.0, 1.0 
40.430382627521766, 59.87673410312598, 0.0, 0.0, 1.0 
30.061985091771657, 60.02261410768408, 0.0, 0.0, 1.0 
18.626308580959023, 40.45338575881645, 0.0, -0.8905196114627499, 2.7000000000000015 
46.266590667215006, 40.28307785248238, 0.0, 0.0, 1.0 
10.421344070633621, 11.00682597123664, 0.0, 5.534448135750192, 2.7000000000000015 
60.04051170339678, 16.086914965733502, 0.0, 0.0, 1.0 
60.91656331743147, 61.881739590891094, 0.0, 4.617303964111289, 1.5000000000000004 
62.263928249161886, 16.452219432667732, 0.0, 0.0, 1.0 
58.117346213077425, 27.849720069261284, 0.0, 0.0, 1.0 
28.806933114059945, 37.006834866954065, 0.0, 0.0, 1.0 
40.135829032028035, 23.734668934889164, 0.0, 0.0, 1.0 
42.182661101855665, 59.339040758009595, 0.0, 0.0, 1.0 
24.170878762832068, 8.343465180389092, 0.0, 4.088066280242907, 2.7000000000000015 
39.068643719589836, 37.2846695835977, 0.0, -2.1115693511133076, 2.7000000000000015 
41.25164027174584, 4.3805364411601815, 0.0, 0.0, 1.0 
37.333508415885206, 58.276145569851074, 0.0, 0.0, 1.0 
30.24429058459272, 30.678716615269902, 0.0, 0.0, 1.0 
20.99369205983409, 5.500714179953541, 0.0, -1.535420374214064, 2.7000000000000015 
56.570251219030624, 49.623617567726825, 0.0, 0.0, 1.0 
38.23766212178408, 50.322673146238444, 0.0, 0.0, 1.0 
52.95674920895805, 19.30698587113054, 0.0, 0.0, 1.0 
17.160080591408725, 24.821600996974816, 0.0, 5.476723561081046, 2.7000000000000015 
46.885838943999076, 26.637112959651194, 0.0, 0.0, 1.0 
26.392377815358483, 47.327599822546084, 0.0, 0.0, 1.0 
15.4777570169274, 17.8549737661673, 0.0, 6.39426393591783, 2.7000000000000015 
24.182409437679194, 61.558618983933094, 0.0, 5.069499278614722, 2.7000000000000015 
0.5465032173310529, 2.343602102116759, 0.0, 5.278790585146947, 1.8000000000000007 
22.6615978442758, 63.79586864743427, 0.0, 5.10689506510812, 2.7000000000000015 
13.190904062316175, 59.9438651076888, 0.0, 4.209216650309736, 2.7000000000000015 
62.00939927520351, 12.887864594283528, 0.0, 0.0, 1.0 
62.19172918767577, 55.584699116828176, 0.0, 1.3498898548114517, 1.6000000000000005 
44.76554508860193, 54.65066342113491, 0.0, 0.0, 1.0 
27.236841275528494, 0.30394313772061154, 0.0, 0.0, 1.0 
5.567594741289017, 44.98533044521662, 0.0, 2.1853205427822466, 2.7000000000000015 
28.76789177882679, 58.77196712235951, 0.0, 0.0, 1.0 
45.65885196374291, 47.79916203745961, 0.0, 0.0, 1.0 
13.204249871425107, 39.68821061914002, 0.0, 0.8726851385279145, 2.7000000000000015 
2.4249707838813155, 10.974308335740986, 0.0, 1.541537434144745, 2.7000000000000015 
28.055794168278606, 5.7780722515133025, 0.0, 5.655062971406683, 2.100000000000001 
62.31159502643141, 34.12110866336699, 0.0, 5.048317046328576, 1.1 
18.887144096229193, 25.32288192984457, 0.0, 0.0, 1.0 
17.371703107265002, 38.2937952856311, 0.0, -0.7307707505765436, 2.7000000000000015 
1.641131621522377, 31.099731990125502, 0.0, 1.3909057613451783, 2.7000000000000015 
0.7876031650838028, 10.597322996330668, 0.0, 0.0, 1.0 
12.56575979150326, 23.1481971014296, 0.0, 3.395431965051927, 2.7000000000000015 
32.299089026907524, 9.151464860249432, 0.0, 0.0, 1.0 
22.542463109186013, 61.82193546519919, 0.0, 5.56400463847238, 2.7000000000000015 
32.99308515981773, 54.062700322479046, 0.0, 0.0, 1.0 
27.21929823298766, 26.78798244294037, 0.0, 0.0, 1.0 
8.65751643903197, 17.82753542853041, 0.0, 5.790487343609315, 2.7000000000000015 
55.61587067967715, 32.5154074650792, 0.0, 0.0, 1.0 
29.178211848657376, 8.914848968083506, 0.0, 5.614391471937324, 2.6000000000000014 
35.33510830400107, 51.526723912482936, 0.0, 0.0, 1.0 
39.289581159736485, 25.470897281597566, 0.0, 0.0, 1.0 
61.6697020737869, 52.52208876775379, 0.0, 1.0788980603665632, 2.7000000000000015 
60.17679066956359, 7.033952687673219, 0.0, 0.0, 1.0 
36.98476363971128, 61.64202779629648, 0.0, 0.0, 1.0 
15.396137085594974, 9.965600154011002, 0.0, -0.3839363365827844, 2.6000000000000014 
63.37028963164815, 9.072371746756325, 0.0, 0.0, 1.0 
41.05350609158608, 50.124655611241124, 0.0, 0.0, 1.0 
32.809126036468406, 50.87371430099889, 0.0, -0.4594393400375406, 2.7000000000000015 
10.515835088676916, 51.97684830916844, 0.0, 5.3045492493221404, 2.7000000000000015 
37.131164914185995, 36.359130919939886, 0.0, 0.0, 1.0 
40.1844777231187, 44.86439762174862, 0.0, 0.0, 1.0 
49.21168140879594, 27.58510148215414, 0.0, 0.0, 1.0 
18.740824591638493, 33.3861165817313, 0.0, 0.0, 1.0 
47.811690487776204, 55.99070085978732, 0.0, 0.0, 1.0 
38.52947484041039, 0.5811262031153671, 0.0, 0.0, 1.0 
28.10221211809412, 45.49197034465217, 0.0, 0.0, 1.0 
11.732773231092484, 13.609740240494483, 0.0, 6.017262806024352, 2.7000000000000015 
22.38622855334533, 23.05077043392077, 0.0, 0.0, 1.0 
50.74448559933206, 23.69516977646661, 0.0, 2.1844128464616324, 2.5000000000000013 
23.213798306659303, 31.949009765843115, 0.0, 4.603931694398102, 2.200000000000001 
30.10562525953074, 46.16821283787494, 0.0, 0.0, 1.0 
8.459511744674899, 40.49894692843728, 0.0, 1.3978965797894032, 2.7000000000000015 
50.983181338070125, 27.395032145816128, 0.0, 0.0, 1.0 
16.45992545859205, 43.01619324944562, 0.0, 5.434700809798024, 2.7000000000000015 
39.956627904369824, 33.89387271740408, 0.0, 0.0, 1.0 
20.55842745008384, 2.950199904740194, 0.0, 4.9951910398199875, 2.7000000000000015 
36.447887027031726, 39.194678863771465, 0.0, 0.0, 1.0 
32.85376910180497, 42.847252046448695, 0.0, 0.0, 1.0 
2.5766026119663072, 23.16128569045935, 0.0, 3.2034312574915527, 2.7000000000000015 
17.79623970964716, 36.61218897460051, 0.0, -0.6365378350579541, 2.7000000000000015 
46.84935150551804, 15.003230376554855, 0.0, 0.0, 1.0 
18.561209594297, 19.96206693430945, 0.0, -0.6041498242007844, 2.7000000000000015 
46.80633778482755, 41.903794559492475, 0.0, 0.0, 1.0 
35.76449693042831, 62.992602558122314, 0.0, 0.0, 1.0 
51.85407105839127, 23.813119679630663, 0.0, 2.2632180439277145, 2.7000000000000015 
40.886577541047956, 32.47817314288958, 0.0, 0.0, 1.0 
61.80712252676834, 7.906457998762869, 0.0, 0.0, 1.0 
37.89226396641867, 2.4128180539573516, 0.0, 0.0, 1.0 
58.99442579333039, 61.81819262299026, 0.0, 0.0, 1.0 
63.02379910421863, 32.16012650141904, 0.0, 0.4603698043060516, 1.1 
56.04260940830788, 30.608199838677375, 0.0, 0.0, 1.0 
59.22457307785357, 45.29717381313679, 0.0, 3.894786110256674, 2.7000000000000015 
11.99548136371227, 56.8367071471152, 0.0, 4.541932255063687, 2.7000000000000015 
52.15562871736331, 4.880583644221974, 0.0, 0.0, 1.0 
57.30386755498122, 2.0917063901712982, 0.0, 5.683031964811982, 1.3000000000000003 
44.69384235524919, 36.55544755069147, 0.0, 0.0, 1.0 
14.648485067347165, 22.504289392623097, 0.0, 3.493149724126689, 2.7000000000000015 
46.637821053876664, 37.0794721771175, 0.0, 0.0, 1.0 
56.39674954067837, 26.688149590062363, 0.0, 0.0, 1.0 
33.411167787512255, 52.165733523650275, 0.0, 0.0, 1.0 
15.695802419056108, 55.77206511059392, 0.0, 1.8628907986905503, 2.7000000000000015 
45.662562129960385, 52.79348965072851, 0.0, 0.0, 1.0 
23.10011837358137, 2.672461120885708, 0.0, 4.316657390534941, 2.7000000000000015 
59.41194468672583, 31.457941806624387, 0.0, 1.6509180208551726, 1.7000000000000006 
13.910924666756015, 1.5744248852414533, 0.0, 4.768386622246344, 2.7000000000000015 
9.167064187093, 47.086275093365174, 0.0, 0.38157281361948253, 2.7000000000000015 
