position_x,position_y,position_z,orientation,aspect_ratio
7.124219595884678, 37.03782305305883, 0.0, 0.0, 1.0 
42.86325110874317, 19.960882799965724, 0.0, 0.0, 1.0 
25.182462822903524, 19.540743511984296, 0.0, 0.0, 1.0 
56.71330385553677, 27.62900338870636, 0.0, 0.0, 1.0 
37.821301841925475, 19.81751457698923, 0.0, 0.0, 1.0 
16.179570365695245, 57.683988336026026, 0.0, 0.0, 1.0 
34.94684032946633, 29.84853135255622, 0.0, 4.461042514094876, 2.7000000000000015 
32.256325491723004, 49.08982249747098, 0.0, 3.2667099679449647, 2.7000000000000015 
0.5600380782275753, 10.320731190615527, 0.0, 0.0, 1.0 
2.59365225518494, 34.16874268364955, 0.0, 5.999856507154412, 2.7000000000000015 
51.034991200068475, 16.856342661822374, 0.0, 0.0, 1.0 
21.727709091409636, 52.89153872752313, 0.0, 0.0, 1.0 
0.9466179699278449, 57.53102102561629, 0.0, 0.0, 1.0 
31.03571163551893, 4.5860674649681945, 0.0, 0.0, 1.0 
33.83150143874767, 53.71126676023866, 0.0, 0.9915207374933682, 1.1 
51.295866461280355, 26.043128835763465, 0.0, 0.0, 1.0 
53.92768447151134, 26.984475391496645, 0.0, 3.631400578997455, 2.6000000000000014 
21.807309166353672, 50.90881249683776, 0.0, 0.0, 1.0 
29.680926160151017, 56.62967175538947, 0.0, 0.0, 1.0 
8.191601950015052, 50.02033739019171, 0.0, 0.0, 1.0 
27.627298608192156, 59.455658294704214, 0.0, 0.0, 1.0 
60.380925053267504, 60.42961677572301, 0.0, 0.0, 1.0 
46.44303162175259, 2.137697720005548, 0.0, 0.0, 1.0 
20.165505924467066, 44.631698831336955, 0.0, 0.0, 1.0 
2.297851115609399, 27.5832945047873, 0.0, 0.0, 1.0 
11.46856093149395, 25.283457035469294, 0.0, 0.0, 1.0 
25.210619015242802, 46.753249209466155, 0.0, 0.0, 1.0 
4.3536215444894895, 61.666267402364674, 0.0, 0.0, 1.0 
24.64317570401376, 34.472147083450636, 0.0, 3.5657312698216073, 2.7000000000000015 
12.235565965071416, 8.537238750407724, 0.0, 0.0, 1.0 
28.502704113116017, 35.055627043420834, 0.0, 4.121521645279454, 2.4000000000000012 
39.573357145985895, 12.600658213431853, 0.0, 0.0, 1.0 
36.23934074144916, 8.768513248146395, 0.0, 0.0, 1.0 
9.67874750027335, 55.67012719675259, 0.0, 0.0, 1.0 
33.97541336477977, 3.021309588569839, 0.0, 0.0, 1.0 
8.357665951346753, 62.09337893802479, 0.0, 0.0, 1.0 
50.9423700435264, 7.958356560097775, 0.0, 0.0, 1.0 
34.140161609684434, 37.07362014848817, 0.0, 4.551389780558251, 2.5000000000000013 
0.34112705909530183, 61.108497842922404, 0.0, 0.0, 1.0 
28.259251208264256, 6.313657225107137, 0.0, 0.0, 1.0 
6.396003484728976, 5.3503939748374005, 0.0, 0.0, 1.0 
31.631505202948702, 10.1267072950785, 0.0, 0.0, 1.0 
12.295483295245957, 44.967877578706535, 0.0, 0.0, 1.0 
22.384642287522702, 37.64266655991154, 0.0, 0.0, 1.0 
6.867384680201394, 23.892785187986842, 0.0, 2.7789847274922965, 1.2000000000000002 
56.35802931777363, 12.124473296754559, 0.0, 0.0, 1.0 
49.73707592938144, 25.334875888418093, 0.0, 0.0, 1.0 
37.24168375307124, 53.10760601292686, 0.0, 5.99126215381059, 2.7000000000000015 
18.074794061385013, 44.314252290487175, 0.0, 0.0, 1.0 
58.344501725461406, 48.62562514968804, 0.0, 1.479929038038762, 1.8000000000000007 
42.1502643717498, 5.420144674668091, 0.0, 0.0, 1.0 
22.692756764763548, 61.2520710711235, 0.0, 6.773843905195877, 2.7000000000000015 
22.215269761043032, 2.601432410071792, 0.0, 0.0, 1.0 
13.832645793782387, 34.95543730772282, 0.0, 0.0, 1.0 
45.85336769961056, 37.523950310508305, 0.0, 0.9224806605217716, 2.200000000000001 
54.666708526589595, 48.14509098418345, 0.0, 0.0, 1.0 
7.709783812303337, 10.277063692571543, 0.0, 0.0, 1.0 
2.8874743993928855, 25.7265833403172, 0.0, 0.0, 1.0 
20.91558561233235, 9.512320557106907, 0.0, 0.0, 1.0 
2.1903348512677336, 35.9551808891647, 0.0, 0.0, 1.0 
33.46833971928711, 28.820291296129167, 0.0, 5.092032267860124, 2.7000000000000015 
10.734540516153263, 3.638076721612217, 0.0, 0.0, 1.0 
54.02675897002299, 28.448034198985187, 0.0, 3.9912247501280738, 2.7000000000000015 
15.212131325205327, 30.36488065948553, 0.0, 3.4354788491618393, 2.7000000000000015 
7.0116343301927, 48.55194983266589, 0.0, 6.267414381517181, 2.7000000000000015 
19.48580325035754, 57.011376852983815, 0.0, 0.6560401981228021, 2.5000000000000013 
17.609113202821252, 10.62303436248735, 0.0, 0.0, 1.0 
0.38523386083630196, 17.786639018952854, 0.0, 0.0, 1.0 
41.90174670716448, 39.58231615949461, 0.0, 2.9379554363338096, 2.7000000000000015 
43.4010453102338, 16.149962595986835, 0.0, 0.0, 1.0 
10.646587123301854, 1.978567408749487, 0.0, 0.0, 1.0 
16.441215081087634, 36.552615589894444, 0.0, 2.301085242304942, 2.5000000000000013 
46.11831559117657, 21.986567756411738, 0.0, 0.0, 1.0 
26.206626961100493, 27.572488812883464, 0.0, 3.2969040840605626, 2.7000000000000015 
50.564851912617804, 11.503815960300281, 0.0, 0.0, 1.0 
43.42618503345936, 58.776785897097966, 0.0, 0.0, 1.0 
29.680961961777722, 40.67482492671354, 0.0, 0.0, 1.0 
7.970045624361101, 44.902840820185226, 0.0, 4.006201420799771, 1.2000000000000002 
38.42151747222725, 1.568945003937545, 0.0, 0.0, 1.0 
61.07870568907636, 39.0744479755556, 0.0, 0.0, 1.0 
36.044109936533935, 35.32985916387724, 0.0, 3.968460152761998, 2.7000000000000015 
19.506488872180814, 5.6403764679423, 0.0, 0.0, 1.0 
6.161088940855442, 16.35672791504056, 0.0, 4.690158886497421, 2.7000000000000015 
46.814441983181396, 53.59247471535458, 0.0, 4.982163621212422, 1.1 
20.87873219039327, 11.534539204616445, 0.0, 0.0, 1.0 
0.28592587270686504, 40.63792048397617, 0.0, 3.6851654994638117, 1.2000000000000002 
22.49466573324191, 16.4451610381725, 0.0, 0.0, 1.0 
39.156671995297835, 7.061455640451342, 0.0, 0.0, 1.0 
6.389340492935666, 45.94824604072091, 0.0, 0.0, 1.0 
39.38659205253511, 21.16945617880856, 0.0, 0.0, 1.0 
45.75538553327831, 25.91724804115804, 0.0, 0.0, 1.0 
32.04611623032754, 42.41389422447733, 0.0, 1.5026816273575276, 1.1 
50.697775680903604, 20.38571216660354, 0.0, 0.0, 1.0 
61.0570573080677, 51.9089380191164, 0.0, 0.0, 1.0 
60.95207631107963, 35.33420468004865, 0.0, 0.7204407732763903, 1.8000000000000007 
52.69961582744954, 20.556507331476592, 0.0, 0.0, 1.0 
55.099926786242676, 51.08667934012533, 0.0, 2.8975301406439256, 2.7000000000000015 
17.947260095303395, 28.926710483964264, 0.0, 3.4010320804920875, 1.3000000000000003 
13.224872148249917, 30.848782830744923, 0.0, 0.0, 1.0 
19.65047123804953, 22.741105131157045, 0.0, 0.0, 1.0 
0.7244251660770114, 38.97356669177478, 0.0, 0.8330268601554188, 2.7000000000000015 
59.23914335979601, 10.468545022479024, 0.0, 0.0, 1.0 
19.563379508948206, 41.18278158597256, 0.0, 0.0, 1.0 
6.1919640738283706, 56.539631505652046, 0.0, 0.0, 1.0 
53.0318106782406, 17.096039384816024, 0.0, 0.0, 1.0 
15.849127004419477, 41.78699356742, 0.0, 0.0, 1.0 
28.51523747082993, 30.54615736303953, 0.0, 2.894763766174179, 2.7000000000000015 
6.113812367768304, 43.86695626305575, 0.0, 0.0, 1.0 
53.32797151882575, 13.597040973860313, 0.0, 0.0, 1.0 
2.150258019825074, 32.815442533374906, 0.0, 0.0, 1.0 
38.724465156195244, 57.05943201839573, 0.0, 4.993638378701534, 1.3000000000000003 
11.782492443090065, 16.184583864161223, 0.0, 0.0, 1.0 
3.6077904381171955, 39.09328161570506, 0.0, 0.0, 1.0 
15.157572724400405, 33.47030786192345, 0.0, 0.0, 1.0 
38.166622011300284, 30.558855637702884, 0.0, 0.0, 1.0 
25.962363186370258, 12.201826960544308, 0.0, 0.0, 1.0 
1.4878635541626704, 44.45045257383719, 0.0, 5.298089637720545, 2.6000000000000014 
61.73268790521014, 53.68654510967264, 0.0, 0.0, 1.0 
55.496607894793655, 10.27343573712299, 0.0, 0.0, 1.0 
34.74567673103448, 4.931622244852475, 0.0, 0.0, 1.0 
8.845703253731832, 19.085513951164383, 0.0, 0.0, 1.0 
61.83384585136265, 34.1953000037246, 0.0, 0.5375927707686596, 2.7000000000000015 
8.203431162215345, 33.483776688989444, 0.0, 0.0, 1.0 
11.385529808865762, 54.547174459191204, 0.0, 0.0, 1.0 
54.452542703226136, 11.943010934226523, 0.0, 0.0, 1.0 
42.768368599775016, 29.545189221512032, 0.0, 0.0, 1.0 
32.407722730412935, 61.5990435859868, 0.0, 0.0, 1.0 
41.87418696336691, 8.997426956685816, 0.0, 0.0, 1.0 
23.289956266127707, 14.782305048944831, 0.0, 0.0, 1.0 
44.45438011687264, 1.9960398044812497, 0.0, 0.0, 1.0 
35.13466618350645, 33.31120347007971, 0.0, 3.280114225934854, 2.4000000000000012 
11.70291655532363, 27.226676633112046, 0.0, 0.0, 1.0 
57.382696766177624, 10.436975503102133, 0.0, 0.0, 1.0 
10.038854842812048, 15.79498184249205, 0.0, 0.0, 1.0 
6.853269117083311, 11.913551345295119, 0.0, 0.0, 1.0 
45.464953470274395, 12.787642357692674, 0.0, 0.0, 1.0 
30.430096634428406, 36.8905448550805, 0.0, 0.0, 1.0 
14.46093316999871, 25.003264849312593, 0.0, 0.0, 1.0 
52.68266514302944, 22.142099148349107, 0.0, -0.30554419533065186, 2.7000000000000015 
36.586948853178924, 47.812172299111076, 0.0, 2.9843751668173986, 2.7000000000000015 
1.6536684451758976, 31.041329343674565, 0.0, 0.0, 1.0 
11.69801344657816, 29.52430760185604, 0.0, 0.0, 1.0 
18.0643708746716, 52.855170808510394, 0.0, 0.0, 1.0 
57.262059874147745, 46.53066089287827, 0.0, 1.623406240365932, 2.7000000000000015 
40.90918927658909, 50.946714373389774, 0.0, 6.607432559148935, 2.6000000000000014 
10.408322275919453, 36.02237253178191, 0.0, 0.0, 1.0 
5.817908874473868, 7.10165418220508, 0.0, 0.0, 1.0 
39.64421555513099, 27.522272986469023, 0.0, 6.091348865045815, 1.5000000000000004 
24.745187495395477, 5.359658564897788, 0.0, 0.0, 1.0 
43.57651873138292, 36.507737021078206, 0.0, 1.1964626371274305, 2.7000000000000015 
1.5789960386679835, 46.985357968134885, 0.0, 4.91101707402541, 2.7000000000000015 
1.6453367940250048, 50.76778565410296, 0.0, 4.041731013190761, 1.1 
37.15273516158746, 25.921701302035256, 0.0, 4.109327607753168, 1.7000000000000006 
15.981958539356686, 39.82330169471681, 0.0, 0.0, 1.0 
48.46044857122262, 2.3043308971432475, 0.0, 0.0, 1.0 
16.281351792083854, 18.086987764950326, 0.0, 3.852397424189914, 2.7000000000000015 
5.534068780750176, 54.675804665434384, 0.0, 0.0, 1.0 
60.54028269909108, 32.0288423671909, 0.0, 0.9011003833411881, 1.1 
46.63474974146305, 11.12762368468033, 0.0, 0.0, 1.0 
37.368017185388254, 42.86916331408201, 0.0, 5.806796090605691, 2.7000000000000015 
2.8817976993128323, 57.8431563390401, 0.0, 0.0, 1.0 
3.012168299832752, 4.443375464126106, 0.0, 0.0, 1.0 
45.64313401447624, 0.2830510845262609, 0.0, 0.0, 1.0 
22.708638636750145, 39.655858577524505, 0.0, 0.0, 1.0 
6.792004139940566, 30.274977966437486, 0.0, 0.0, 1.0 
10.070526436775465, 30.48412151577869, 0.0, 0.0, 1.0 
28.398796110855624, 2.5925695191606652, 0.0, 0.0, 1.0 
17.149144271452244, 33.93921738659205, 0.0, 0.0, 1.0 
3.5839703472153084, 20.02888572557677, 0.0, 0.0, 1.0 
12.296794887527211, 43.35398982387612, 0.0, 0.27208293142699846, 2.7000000000000015 
25.265607255781358, 50.69908825950474, 0.0, 0.0, 1.0 
55.03534858028697, 49.83584597603357, 0.0, 6.329891489214097, 2.7000000000000015 
7.614008701475416, 60.33596428828756, 0.0, 0.0, 1.0 
44.849614375412195, 27.67793892664079, 0.0, 0.0, 1.0 
35.69749928988049, 12.554121350884794, 0.0, 0.0, 1.0 
28.95175105655341, 16.239472339592933, 0.0, 0.0, 1.0 
42.37653399248771, 52.37608383816862, 0.0, 5.816889077727079, 2.7000000000000015 
54.746872167130995, 61.65271282172545, 0.0, 0.0, 1.0 
52.92577675745381, 51.862453523493, 0.0, 0.0, 1.0 
31.270316118259036, 0.9866106041753124, 0.0, 0.0, 1.0 
28.392290898736636, 42.474135108210895, 0.0, 4.945005367696361, 2.7000000000000015 
10.559852429176937, 41.244100418919224, 0.0, 0.0, 1.0 
38.979470600086344, 34.442129019932466, 0.0, 0.0, 1.0 
2.269062120702854, 10.160752563461198, 0.0, 0.0, 1.0 
29.466425739051346, 25.142577184046438, 0.0, 1.0694994282329007, 2.7000000000000015 
5.20975991808485, 11.381338095381315, 0.0, 0.0, 1.0 
47.79397954682811, 9.409666346225828, 0.0, 0.0, 1.0 
21.891923194585118, 31.265139586385793, 0.0, 0.0, 1.0 
33.707023646320074, 12.091849286944354, 0.0, 0.0, 1.0 
22.424475789790556, 29.53334941231923, 0.0, 0.0, 1.0 
43.35240824927882, 55.069633964278125, 0.0, 0.0, 1.0 
31.537635416338468, 59.04691575526992, 0.0, 0.0, 1.0 
28.704639189720528, 52.63220582039529, 0.0, 1.7329010886758618, 1.1 
12.856158741931376, 14.663079429222543, 0.0, 0.0, 1.0 
58.338989887621956, 32.5122296795708, 0.0, 5.582299014238724, 2.7000000000000015 
58.69727953850573, 27.316908196256062, 0.0, 0.0, 1.0 
28.713412811556854, 50.56496998929479, 0.0, 0.0, 1.0 
25.69536583904384, 25.27041119652734, 0.0, 3.039682217355151, 2.7000000000000015 
24.269308085097112, 38.37010947139707, 0.0, 0.0, 1.0 
19.380490254049064, 14.785150010734782, 0.0, 0.0, 1.0 
38.46076708786294, 59.25543302723202, 0.0, 0.0, 1.0 
32.85355926033435, 4.743857858553496, 0.0, 0.0, 1.0 
42.30180101955042, 14.443393466635513, 0.0, 0.0, 1.0 
30.062443254374845, 21.016887312462114, 0.0, 1.7534860754046395, 2.7000000000000015 
59.64399789765479, 50.60094284922642, 0.0, 0.04325328994161348, 2.7000000000000015 
37.1680019501582, 49.39322674878591, 0.0, 5.468356228414541, 2.7000000000000015 
59.96255327476438, 19.51356594081371, 0.0, 0.0, 1.0 
0.8583837363019384, 26.237831402511606, 0.0, 0.0, 1.0 
0.6618173268747205, 13.888909312592672, 0.0, 0.0, 1.0 
41.322622025056305, 3.54680380773939, 0.0, 0.0, 1.0 
18.789091397547914, 34.22219549770745, 0.0, 2.484849968604174, 2.7000000000000015 
0.32763379915175317, 28.1797810390023, 0.0, 0.0, 1.0 
61.981158152453744, 12.17727362504583, 0.0, 0.0, 1.0 
49.30740689179134, 4.2039925190188, 0.0, 0.0, 1.0 
46.39369050303524, 20.408887914562793, 0.0, 6.0547504723556775, 2.7000000000000015 
18.950216633315264, 45.97134989432907, 0.0, 0.42560051904472224, 1.1 
0.7072037223530894, 52.40957776955701, 0.0, 4.230606406241717, 2.300000000000001 
25.88284464759674, 41.340806203316646, 0.0, 5.721010765009875, 1.1 
49.34216248712465, 28.68575232591064, 0.0, 2.5129545106423135, 2.7000000000000015 
48.60402381805644, 53.53208878045653, 0.0, 7.383139181873317, 2.7000000000000015 
5.115177109324503, 30.952559617657155, 0.0, 0.0, 1.0 
50.418523999392605, 59.579545823158824, 0.0, 1.9692105950482985, 2.7000000000000015 
49.04718875310387, 16.65056506693077, 0.0, 0.0, 1.0 
6.341406200029273, 34.31877809587502, 0.0, 0.0, 1.0 
42.936076737714885, 46.25645151514593, 0.0, 3.2288086381508387, 2.7000000000000015 
16.631360747979123, 59.69372341834725, 0.0, 0.0, 1.0 
2.6550588903488395, 13.75803683678689, 0.0, 0.0, 1.0 
14.126458344058097, 40.68467750694484, 0.0, 0.0, 1.0 
39.363580342857425, 3.4228019553383024, 0.0, 0.0, 1.0 
54.99397099190357, 30.66878596313749, 0.0, 3.9618851218102553, 2.4000000000000012 
59.22854331452829, 29.226842075596064, 0.0, 0.0, 1.0 
31.93150840047324, 38.54267189961246, 0.0, 5.067057744248322, 2.5000000000000013 
4.2247339893862765, 50.85611540434764, 0.0, 0.0, 1.0 
62.015062190631475, 59.143510942677416, 0.0, 0.0, 1.0 
47.91812009007287, 22.554558274712853, 0.0, 0.0, 1.0 
47.27108034229838, 33.835826941992636, 0.0, 0.15335855606298618, 2.7000000000000015 
2.6320486851378373, 49.1962109862009, 0.0, 3.9325666930373813, 1.4000000000000004 
60.579990156873855, 26.5021719617243, 0.0, 3.401134960771581, 2.6000000000000014 
37.6525056866552, 12.621084125276402, 0.0, 0.0, 1.0 
44.40326672779311, 22.93516011330534, 0.0, 0.0, 1.0 
1.3914257563770278, 20.866844357916438, 0.0, 0.0, 1.0 
50.83562231616055, 37.89081294617942, 0.0, -1.0190043788337508, 2.7000000000000015 
36.73925658391109, 0.3922224274624865, 0.0, 0.0, 1.0 
22.16885083169685, 7.8997379860529, 0.0, 0.0, 1.0 
29.8889678140289, 10.039384242650835, 0.0, 0.0, 1.0 
17.61379825347487, 23.047883374866874, 0.0, 0.0, 1.0 
24.710911404060344, 61.19467998777169, 0.0, 0.0, 1.0 
44.669660283271526, 49.64027881052731, 0.0, 0.0, 1.0 
9.694861777591939, 10.301819960657646, 0.0, 0.0, 1.0 
12.536878861647338, 41.68895807682963, 0.0, 0.0, 1.0 
50.067320150708284, 23.359319408259925, 0.0, 0.0, 1.0 
54.69088618513922, 58.013464671859545, 0.0, 0.0, 1.0 
15.235054312959333, 46.546722077280755, 0.0, 0.22388549120971296, 2.7000000000000015 
4.845681068974131, 24.969842885545965, 0.0, 0.0, 1.0 
24.61616650481564, 57.750649059893085, 0.0, 0.0, 1.0 
1.6026289982910056, 59.46610161088661, 0.0, 0.0, 1.0 
48.04189571231409, 18.171137981426202, 0.0, 0.0, 1.0 
46.24616776461918, 32.12497580571174, 0.0, 0.0, 1.0 
4.441716559904548, 13.342028733366176, 0.0, 0.0, 1.0 
13.128308250282494, 38.30100048552703, 0.0, 0.0, 1.0 
9.62108791356886, 48.374397010431856, 0.0, 0.0, 1.0 
40.83632721106026, 47.42095011209393, 0.0, 0.7601632071299309, 2.7000000000000015 
61.98002672534635, 44.745896588724335, 0.0, 5.324748045314243, 1.8000000000000007 
24.023376600744815, 11.490721069062662, 0.0, 0.0, 1.0 
15.444944799275529, 49.21406673999328, 0.0, 0.0, 1.0 
36.31431866020856, 30.708120264252166, 0.0, 4.9302189551867865, 2.7000000000000015 
22.800788089677418, 57.81706167959059, 0.0, 0.0, 1.0 
39.62914838739832, 19.109840317586336, 0.0, 0.0, 1.0 
48.71588064757101, 61.02877559844654, 0.0, 0.0, 1.0 
56.44959670290935, 22.872223329372787, 0.0, 0.0, 1.0 
45.292604128130584, 30.334098574157306, 0.0, 0.0, 1.0 
46.432688281748035, 18.706387326481657, 0.0, 0.0, 1.0 
54.056589321666614, 56.071794916636385, 0.0, 0.0, 1.0 
31.812445893648434, 36.32298314740057, 0.0, 1.6670761424382605, 2.6000000000000014 
58.556190606986135, 3.1415992879911228, 0.0, 0.0, 1.0 
52.544293503013684, 36.80286607040805, 0.0, 4.909127806368355, 2.7000000000000015 
5.412130652431231, 9.47584014268602, 0.0, 3.9216090921497977, 2.7000000000000015 
60.538757659271745, 3.180245700632145, 0.0, 0.0, 1.0 
46.127498739345796, 5.716330223859021, 0.0, 0.0, 1.0 
58.702425049896284, 59.08308214806271, 0.0, 1.1986670321528266, 2.7000000000000015 
8.755505274268193, 11.942695803427398, 0.0, 0.0, 1.0 
26.617137256832386, 34.505291731024805, 0.0, 3.9429381227637865, 2.7000000000000015 
21.59161419101987, 45.5270116023542, 0.0, -0.5105437280814826, 2.7000000000000015 
32.25606643628125, 27.751898021014117, 0.0, 2.369306710949859, 1.4000000000000004 
6.613964337242506, 40.72093545398209, 0.0, 0.0, 1.0 
43.324931636127715, 3.716512347898084, 0.0, 0.0, 1.0 
57.28303898276309, 13.998921497713335, 0.0, 0.0, 1.0 
27.467333280713756, 41.255445697519185, 0.0, 1.957860802377137, 1.4000000000000004 
11.54967045748936, 56.59287046055593, 0.0, 0.0, 1.0 
11.741253392637757, 31.465186856401925, 0.0, 0.0, 1.0 
46.96579023383118, 16.495482998423725, 0.0, 0.0, 1.0 
60.44036601133081, 43.242461135021166, 0.0, 1.2797357726115512, 2.7000000000000015 
1.7540332474702307, 19.143121143106747, 0.0, 0.0, 1.0 
24.19781821014697, 8.168764297030897, 0.0, 0.0, 1.0 
42.6893837679078, 10.867901399689435, 0.0, 0.0, 1.0 
15.742833776307128, 21.986928311006285, 0.0, 0.0, 1.0 
41.58038132798935, 62.23634314136556, 0.0, 0.0, 1.0 
60.51359944128614, 48.90096297422245, 0.0, 5.53393121431434, 1.4000000000000004 
8.227439133759628, 15.295206681962663, 0.0, 0.0, 1.0 
58.863423609229216, 21.383569722117066, 0.0, 0.0, 1.0 
23.6259860744572, 55.90015278364832, 0.0, 0.0, 1.0 
20.18662153080056, 13.07966274456463, 0.0, 0.0, 1.0 
11.907085810473982, 39.74137586786468, 0.0, 0.0, 1.0 
37.19662376342939, 40.74046633386524, 0.0, 3.8165919349639035, 2.7000000000000015 
60.825926823947256, 62.11604744111789, 0.0, 0.0, 1.0 
41.15353016761164, 20.497786932820432, 0.0, 0.0, 1.0 
9.314758879921893, 20.871368602191417, 0.0, 0.0, 1.0 
9.83133131216269, 24.34761410998317, 0.0, 0.0, 1.0 
4.102427400502491, 35.03679879938608, 0.0, 0.0, 1.0 
22.304806657346827, 10.994378723980924, 0.0, 0.0, 1.0 
23.771441582840943, 45.80245571176291, 0.0, 0.0, 1.0 
28.516046417146082, 57.77758707172288, 0.0, 0.0, 1.0 
50.960792954606596, 29.33922823653535, 0.0, 0.0, 1.0 
23.55604787984544, 49.856592264256065, 0.0, 0.0, 1.0 
4.865162048087107, 58.12111487680709, 0.0, 0.0, 1.0 
19.71031103607649, 58.47475595135641, 0.0, 6.905576166077054, 2.7000000000000015 
13.49452843525265, 62.08416658788922, 0.0, 0.0, 1.0 
17.25533498064478, 56.28524861589572, 0.0, 0.84827935993372, 2.5000000000000013 
27.196771881165436, 49.36255575096446, 0.0, 0.0, 1.0 
39.30141857315629, 25.765751190960614, 0.0, 0.0, 1.0 
48.94129116971567, 7.740030160389475, 0.0, 0.0, 1.0 
6.413912003948588, 26.228279683646672, 0.0, 0.0, 1.0 
14.187977458313107, 3.870005061059332, 0.0, 0.0, 1.0 
16.66458137241246, 32.04070635896848, 0.0, 0.0, 1.0 
40.77612157820551, 10.784184323337415, 0.0, 0.0, 1.0 
30.015279144438033, 49.55329228812082, 0.0, 3.501594333928949, 2.7000000000000015 
2.3323444870379677, 61.3808488184964, 0.0, 0.0, 1.0 
60.611304292748244, 28.078703026736026, 0.0, 0.0, 1.0 
30.87136319738132, 16.162568000071914, 0.0, 0.0, 1.0 
44.53368258371722, 57.13971320357121, 0.0, 0.0, 1.0 
40.4673539447826, 1.7288030110777344, 0.0, 0.0, 1.0 
30.76975819032587, 47.49076659775948, 0.0, 4.709618481102518, 1.1 
44.95208417547821, 51.69709917533609, 0.0, 3.9402160734049563, 1.9000000000000008 
44.35272211966088, 24.84542056618416, 0.0, 0.0, 1.0 
17.828692934660722, 47.306607427548705, 0.0, 6.090239565223771, 1.9000000000000008 
9.933869997366983, 26.362724815287883, 0.0, 0.0, 1.0 
16.42750444564754, 12.010908172266216, 0.0, 0.0, 1.0 
54.999697353566425, 44.68818088935491, 0.0, 5.409410531296192, 2.7000000000000015 
3.2509014186723433, 23.76224315916381, 0.0, 0.0, 1.0 
24.483545942934025, 1.9709824127036215, 0.0, 6.401372197182234, 1.9000000000000008 
57.945264448699774, 43.53028298156129, 0.0, 3.3739427825134394, 2.7000000000000015 
53.22100235135679, 25.36408674083444, 0.0, 0.0, 1.0 
11.558855242812529, 6.69610265807583, 0.0, 0.0, 1.0 
32.655190296209824, 33.547522183947216, 0.0, 1.6498635377805178, 2.7000000000000015 
10.962725218457459, 19.632492686083143, 0.0, 0.0, 1.0 
43.15588149885868, 17.979982654037308, 0.0, 0.0, 1.0 
51.61323420438623, 53.390742381919104, 0.0, 0.6850118393101896, 1.1 
31.84119183126931, 6.4536858360404015, 0.0, 0.0, 1.0 
4.185571317331945, 7.315606209666615, 0.0, -2.346041506463978, 2.300000000000001 
17.934081308835825, 36.98486623778688, 0.0, 2.75874570352164, 2.5000000000000013 
3.924774697723791, 37.05275399640885, 0.0, 0.0, 1.0 
40.814110228084736, 24.23023738188941, 0.0, 0.0, 1.0 
38.851540395421765, 49.36601593052858, 0.0, 5.347014239420076, 2.000000000000001 
7.136178215343694, 1.4668715541198014, 0.0, 0.0, 1.0 
13.171964427975857, 60.07117466053657, 0.0, 0.0, 1.0 
14.227533441396043, 5.632388515743718, 0.0, 0.0, 1.0 
37.53524982685649, 3.360189419329515, 0.0, 0.0, 1.0 
33.21835896976724, 17.59140497903179, 0.0, 0.0, 1.0 
30.585846350360278, 53.301419296931854, 0.0, 0.0, 1.0 
56.74131370878574, 61.77896277022185, 0.0, 0.0, 1.0 
62.03618754822421, 19.70398563266157, 0.0, 0.0, 1.0 
19.0059890618278, 35.38556227928914, 0.0, 2.6205925922151065, 2.7000000000000015 
12.848744190999914, 11.039800714945208, 0.0, 4.106829483377339, 2.7000000000000015 
37.501721603874344, 35.23765850501243, 0.0, 4.049996716939493, 2.7000000000000015 
19.21896754361198, 38.08558748519107, 0.0, 0.0, 1.0 
54.178184017362206, 15.445993589174392, 0.0, 0.0, 1.0 
53.90926560668031, 59.776861341814794, 0.0, 0.0, 1.0 
2.7992683723219827, 52.46384012539499, 0.0, 2.684338204669807, 1.3000000000000003 
51.366389703607254, 13.355304162486616, 0.0, 0.0, 1.0 
62.10655872154418, 47.04997139949867, 0.0, 4.9279990967466265, 1.8000000000000007 
3.004696447217308, 29.47909072572585, 0.0, 0.0, 1.0 
30.51624342858297, 61.34707175154136, 0.0, 0.0, 1.0 
4.944868497139118, 52.71882137156288, 0.0, 2.9762667725785463, 1.1 
10.99180119198043, 32.843341675714264, 0.0, 0.0, 1.0 
23.468844108383863, 27.333833647491307, 0.0, 3.5607991880966545, 1.3000000000000003 
16.237229207864114, 25.95275026238753, 0.0, 0.0, 1.0 
3.808065026686126, 48.20759752518088, 0.0, 0.7638037485266386, 2.7000000000000015 
18.330774662853408, 21.45994010595738, 0.0, 0.0, 1.0 
43.94773980468569, 31.7372826807744, 0.0, 1.4680638532834607, 2.7000000000000015 
41.533816628239165, 12.62556941503466, 0.0, 0.0, 1.0 
36.89445218950438, 37.52487755810312, 0.0, 3.9104136118248376, 2.7000000000000015 
43.2843533868453, 26.363983612367875, 0.0, 0.0, 1.0 
20.16482201945202, 47.64736479335911, 0.0, 0.0, 1.0 
0.4239476262405189, 6.611000166566357, 0.0, 0.0, 1.0 
19.990898904184654, 51.85616965606502, 0.0, 0.0, 1.0 
42.99403856582627, 48.418142954280555, 0.0, 0.0, 1.0 
14.775334601430872, 31.84166002114722, 0.0, 0.0, 1.0 
17.582047327184725, 5.243205461332981, 0.0, 0.0, 1.0 
20.8578928103898, 0.9794134170978608, 0.0, 0.0, 1.0 
24.321106741803604, 0.7017942680454446, 0.0, 6.795091391225239, 2.300000000000001 
23.56759184904509, 47.85114990768953, 0.0, 0.0, 1.0 
48.22119927935353, 14.82466852908784, 0.0, 0.0, 1.0 
13.658561656616822, 27.835047633653698, 0.0, 3.489238661358821, 2.7000000000000015 
25.91779483155284, 30.644528031614865, 0.0, 2.6297408226437997, 2.200000000000001 
44.95157907800113, 7.449015831830718, 0.0, 0.0, 1.0 
18.460195027114043, 48.80046015317289, 0.0, 0.0, 1.0 
4.803265051493247, 17.03907293544751, 0.0, 0.0, 1.0 
40.19693539480339, 5.329485259881037, 0.0, 0.0, 1.0 
5.627482078476338, 20.98247806725271, 0.0, 0.0, 1.0 
42.344998294231964, 33.03263219247487, 0.0, 0.25196219691024574, 2.6000000000000014 
41.19500277086452, 18.26823558768566, 0.0, 0.0, 1.0 
16.199006332664023, 27.731890640992606, 0.0, 0.0, 1.0 
1.5388907832764236, 12.071159347638918, 0.0, 0.0, 1.0 
46.72239378114709, 60.811854498643825, 0.0, 0.0, 1.0 
19.954947074434614, 59.99567270488606, 0.0, 0.0, 1.0 
14.480015047202842, 36.87981111945881, 0.0, 0.0, 1.0 
38.90728819905913, 10.73516046011598, 0.0, 0.0, 1.0 
57.44273378343488, 29.564547519977946, 0.0, 0.0, 1.0 
4.373717749426097, 5.706975273254676, 0.0, 0.0, 1.0 
37.05955894211035, 10.685173713618576, 0.0, 0.0, 1.0 
51.87401370718478, 18.724408809962974, 0.0, 0.0, 1.0 
11.27051152243905, 59.22952907116859, 0.0, 0.0, 1.0 
5.097530565916152, 22.925020406304917, 0.0, 0.0, 1.0 
26.73251463908285, 61.170046629915774, 0.0, 0.0, 1.0 
11.136877816029536, 37.834642297774664, 0.0, 0.0, 1.0 
33.249309323455556, 1.157224861787913, 0.0, 0.0, 1.0 
25.31355380821164, 48.761392848466855, 0.0, 0.0, 1.0 
58.35120991187538, 8.652409138100062, 0.0, 0.0, 1.0 
56.105425838627475, 24.56392568489938, 0.0, 0.0, 1.0 
15.62961154006971, 10.213810106314263, 0.0, 0.0, 1.0 
7.670555421605733, 6.945636726977157, 0.0, 0.0, 1.0 
5.361586998849595, 18.993169960742044, 0.0, 0.0, 1.0 
57.51703166581567, 25.769625587743434, 0.0, 0.0, 1.0 
52.725512888554555, 29.395166136729426, 0.0, 0.0, 1.0 
52.653508181400305, 57.573083616718705, 0.0, 0.0, 1.0 
31.874018493793855, 23.244068158027357, 0.0, 0.7718879627719524, 2.7000000000000015 
16.92685035246309, 49.88071026328605, 0.0, 0.0, 1.0 
34.41598357462096, 34.91736425265104, 0.0, 4.138252972754882, 2.7000000000000015 
20.53178158072133, 29.731607683032394, 0.0, 0.0, 1.0 
3.4934108494531046, 21.761004325434428, 0.0, 0.0, 1.0 
55.91857191109841, 46.135021648923605, 0.0, 1.789859206121034, 2.7000000000000015 
58.55625902852445, 30.93843540140488, 0.0, 5.9601422120059135, 2.7000000000000015 
54.75039413099333, 20.67154180573101, 0.0, 0.0, 1.0 
49.96982955811677, 52.184110005261445, 0.0, 5.378488141336526, 1.3000000000000003 
23.29668203451982, 41.98083013099733, 0.0, 0.0, 1.0 
12.922261516380443, 58.044540087435514, 0.0, 0.0, 1.0 
8.317180500124124, 27.33641561019974, 0.0, 0.0, 1.0 
21.840861247429842, 54.92838576441698, 0.0, 0.0, 1.0 
4.741812471013256, 33.05444469788055, 0.0, 0.0, 1.0 
54.06752438903612, 6.431444580213259, 0.0, 0.0, 1.0 
21.406385980952436, 23.54785772849845, 0.0, 0.0, 1.0 
22.06072468132135, 46.93624490590034, 0.0, 0.0, 1.0 
46.953526606809156, 7.585396485202906, 0.0, 0.0, 1.0 
39.96022615625851, 8.949531916521035, 0.0, 0.0, 1.0 
38.643196969950196, 51.737856429646754, 0.0, -0.052215794018585567, 2.7000000000000015 
52.89363587436465, 8.112370791545938, 0.0, 0.0, 1.0 
9.692590191742806, 60.56550034398242, 0.0, 0.0, 1.0 
7.031548080409857, 19.290317678804623, 0.0, 4.5207872868448655, 2.7000000000000015 
20.138535630520405, 2.4773749232513476, 0.0, 0.0, 1.0 
57.45342817857576, 4.855047431924074, 0.0, 0.0, 1.0 
33.36605512861451, 26.146399244327284, 0.0, 0.7004670751296035, 2.6000000000000014 
12.449371639426504, 2.9069479920448758, 0.0, 0.0, 1.0 
35.529201420577124, 37.965410144231974, 0.0, 4.367759269282518, 2.7000000000000015 
26.889650446523767, 47.43057554795972, 0.0, 0.0, 1.0 
7.696088129093539, 55.15009884974611, 0.0, 0.0, 1.0 
35.41272154989438, 54.9542308098249, 0.0, 5.221833628746351, 1.3000000000000003 
18.33846932561108, 50.853366699877114, 0.0, 0.0, 1.0 
51.68522874417161, 35.429095053093384, 0.0, 5.448633821639377, 2.7000000000000015 
32.06818212900655, 54.66949785893293, 0.0, 0.0, 1.0 
22.865004580474135, 4.490787012153567, 0.0, 0.0, 1.0 
24.840661441739098, 15.986553385817567, 0.0, 0.0, 1.0 
57.97464059937981, 19.35083269597024, 0.0, 0.0, 1.0 
10.502087532231153, 17.809692371976876, 0.0, 0.0, 1.0 
56.939212268116826, 49.177499664180296, 0.0, 1.047623060259571, 2.7000000000000015 
46.11216706258599, 35.33812962668409, 0.0, 0.0, 1.0 
14.735944820856657, 58.929113721475254, 0.0, 0.0, 1.0 
10.237874383090686, 0.17312661168517815, 0.0, 0.0, 1.0 
21.301781578946365, 14.792486162231128, 0.0, 0.0, 1.0 
37.32372912922809, 6.994978050446232, 0.0, 0.0, 1.0 
26.06124398548982, 8.700239396986612, 0.0, 1.0840337963389608, 2.6000000000000014 
6.773966289340873, 51.623650752366395, 0.0, 0.0, 1.0 
57.665815520643164, 60.13971386428986, 0.0, 0.0, 1.0 
30.074817318224195, 42.69179830742449, 0.0, 0.0, 1.0 
23.42049922955136, 6.466401487932514, 0.0, 0.0, 1.0 
35.167982148422894, 10.5522626538633, 0.0, 0.0, 1.0 
1.1151713064363642, 0.7426330816871572, 0.0, 0.0, 1.0 
60.88908807383698, 6.73280666793405, 0.0, 0.0, 1.0 
30.477085321950046, 31.466688397656828, 0.0, 5.020240306757451, 2.7000000000000015 
13.78955672213557, 16.474214588367598, 0.0, 0.0, 1.0 
26.70106206365774, 31.86579786630939, 0.0, 3.065928333355468, 2.5000000000000013 
28.65375557885836, 44.622764234351784, 0.0, 2.6527183069350806, 2.7000000000000015 
16.9225224478655, 61.6947984886017, 0.0, 0.0, 1.0 
46.20021749378597, 23.97470477023062, 0.0, 0.0, 1.0 
0.01723825338085619, 49.71127496911518, 0.0, 5.231013306552177, 1.7000000000000006 
37.41227545876452, 32.61787498510936, 0.0, 4.557097879936768, 2.6000000000000014 
39.63733536267548, 41.79766590909293, 0.0, 3.979613308573063, 2.7000000000000015 
60.9556483670193, 17.746946778841576, 0.0, 0.0, 1.0 
3.1510527571789564, 0.9584593356988349, 0.0, 0.0, 1.0 
24.702872225797115, 26.332362639203467, 0.0, 3.2024590412134573, 2.7000000000000015 
6.884563811415789, 3.3920905285398564, 0.0, 0.0, 1.0 
49.90862201391728, 35.520524975253856, 0.0, 1.8513482975160058, 1.6000000000000005 
10.887913103984236, 52.222171809268254, 0.0, 0.0, 1.0 
12.427648997207184, 18.09057890148014, 0.0, 0.0, 1.0 
11.602462516750236, 48.669772670085415, 0.0, 1.8138134240581154, 1.1 
61.90426624401711, 8.489959013610807, 0.0, 0.0, 1.0 
55.2997119161744, 13.818740154172476, 0.0, 0.0, 1.0 
18.93971540849711, 9.047500279477202, 0.0, 0.0, 1.0 
20.194585075883236, 26.041757133403443, 0.0, 2.3248961085492788, 2.7000000000000015 
1.538687059643994, 15.410995872783348, 0.0, 0.0, 1.0 
48.221485179283476, 24.20829599986912, 0.0, 0.0, 1.0 
32.46783704479839, 46.46210524329236, 0.0, 4.392559438061345, 1.2000000000000002 
10.540417454189825, 12.212768933607917, 0.0, 0.0, 1.0 
61.53694926431995, 4.950899605365403, 0.0, 0.0, 1.0 
21.787017004091975, 18.168114499234118, 0.0, 0.0, 1.0 
21.19987706740109, 33.62224035613612, 0.0, 2.5123797512200454, 1.2000000000000002 
34.424219401685725, 8.554946546767084, 0.0, 0.0, 1.0 
23.105931543835656, 19.933993506408356, 0.0, 0.929939673762428, 1.3000000000000003 
15.06689071642426, 20.080735669950457, 0.0, 0.0, 1.0 
25.84123887128123, 17.761803530140654, 0.0, 0.0, 1.0 
6.71615998294961, 8.694112510817188, 0.0, 0.0, 1.0 
57.85471695473411, 51.59452400602498, 0.0, 3.690279229263966, 1.9000000000000008 
3.502881235596914, 31.425840494505184, 0.0, 0.0, 1.0 
7.5858621562672655, 38.9622245909647, 0.0, 6.173653275430288, 1.1 
50.17845903457846, 33.14424985057633, 0.0, 0.0, 1.0 
38.13079572399694, 61.24041196569638, 0.0, 0.0, 1.0 
13.134769549352063, 28.961994358118748, 0.0, 3.6183957301855965, 2.000000000000001 
23.819147335506592, 18.026068666106365, 0.0, 1.8446214949371813, 1.1 
7.158009169537557, 53.38155198216691, 0.0, 0.0, 1.0 
49.788530482274524, 9.597486725124243, 0.0, 0.0, 1.0 
28.471548242111773, 13.431458052378478, 0.0, 0.5265611828777381, 2.6000000000000014 
7.292283507273119, 16.665962174237674, 0.0, 4.475969351167705, 2.7000000000000015 
9.528882463233712, 6.76084825050439, 0.0, 0.0, 1.0 
20.733884303797673, 39.441476475820046, 0.0, 0.0, 1.0 
15.660486305777209, 29.269605323355854, 0.0, 3.450693077388022, 2.7000000000000015 
40.76845507995542, 55.73312416046979, 0.0, 3.150343274996156, 1.2000000000000002 
15.866718125465104, 13.45757377070514, 0.0, 4.388717656738067, 2.6000000000000014 
42.66226270958136, 27.963958511085885, 0.0, 6.617388311664854, 2.5000000000000013 
11.352535141765218, 10.483025831872046, 0.0, 0.0, 1.0 
55.650072633256485, 1.2434740124155517, 0.0, 0.0, 1.0 
34.49066918287073, 61.738536745994494, 0.0, 0.0, 1.0 
57.05397513656001, 17.481456348791195, 0.0, 0.0, 1.0 
17.71620159515775, 42.54035357936035, 0.0, 0.0, 1.0 
37.74292606580915, 21.83562170611001, 0.0, 0.0, 1.0 
12.285009192494822, 12.666047867449437, 0.0, 0.0, 1.0 
48.67921917769421, 20.0738067251697, 0.0, 0.0, 1.0 
46.91001566447946, 49.73151741340415, 0.0, 5.962074131104629, 1.5000000000000004 
29.18778353110532, 11.852587497518458, 0.0, 0.0, 1.0 
41.325312891970825, 16.242471155456478, 0.0, 0.0, 1.0 
32.36043826644617, 52.21530180650302, 0.0, 0.0, 1.0 
39.657801427463724, 62.21001624283118, 0.0, 0.0, 1.0 
30.219090783997935, 2.7210077084946054, 0.0, 0.0, 1.0 
32.672638425989604, 15.393980792445197, 0.0, 0.0, 1.0 
21.39616159768614, 56.83386494524546, 0.0, 0.0, 1.0 
60.66821899208224, 37.00804204368125, 0.0, 0.7072331810860206, 1.7000000000000006 
54.262951695307514, 23.90159802561439, 0.0, 0.0, 1.0 
53.641294504857456, 10.061413888350977, 0.0, 0.0, 1.0 
48.79044805059631, 39.55774722763973, 0.0, 1.6599315481797827, 2.6000000000000014 
20.898048135835598, 4.1173422719016575, 0.0, 0.0, 1.0 
23.392015788948935, 43.88436710501982, 0.0, -0.657256900975657, 1.5000000000000004 
54.52924174260431, 2.8942516078049243, 0.0, 0.0, 1.0 
25.65252832014203, 59.43377959089952, 0.0, 0.0, 1.0 
0.1646711618376647, 32.53016688006887, 0.0, 0.0, 1.0 
59.08306488402042, 17.64821044153335, 0.0, 0.0, 1.0 
9.8596390287572, 34.17540906472067, 0.0, 0.0, 1.0 
45.80126681041409, 9.24189022565973, 0.0, 0.0, 1.0 
50.46745061974962, 2.530175489698447, 0.0, 0.0, 1.0 
51.17375089945415, 31.348186213066963, 0.0, 0.0, 1.0 
6.346059430648515, 61.912942459611685, 0.0, 0.0, 1.0 
50.13308022650226, 6.064143841771067, 0.0, 0.0, 1.0 
21.79648597617419, 48.86914171867243, 0.0, 0.0, 1.0 
5.05016931114634, 3.9631943345200296, 0.0, 0.0, 1.0 
25.92110884719516, 0.47119085771809127, 0.0, 0.0, 1.0 
2.1671627855392908, 41.57056495477389, 0.0, 1.616555886381807, 2.7000000000000015 
11.681905722791635, 21.41015396640586, 0.0, 0.0, 1.0 
16.94249080154755, 20.27668818733809, 0.0, 0.0, 1.0 
27.15040008164972, 33.0661613271904, 0.0, 3.2868318657160063, 2.4000000000000012 
55.92328985099572, 19.098450157825027, 0.0, 0.0, 1.0 
33.30040015436246, 60.00731115730243, 0.0, 0.0, 1.0 
1.3678189959771796, 8.384220153950492, 0.0, 0.0, 1.0 
13.275689418663013, 9.925245545833622, 0.0, 3.7387263101105206, 2.7000000000000015 
18.22359772515393, 12.62237812236857, 0.0, 0.0, 1.0 
55.356965360245844, 4.745127690791027, 0.0, 0.0, 1.0 
20.788336482253957, 19.63733191713641, 0.0, 0.0, 1.0 
55.78023652216419, 59.97773147371503, 0.0, 0.0, 1.0 
23.866187026795526, 28.873099273852823, 0.0, 3.702763176815797, 2.7000000000000015 
32.375613783653016, 13.4748169707668, 0.0, 0.0, 1.0 
38.10457039338764, 54.909678993125816, 0.0, 3.664714999954562, 2.5000000000000013 
57.65885781153065, 1.3148514904241881, 0.0, 0.0, 1.0 
3.972705826056139, 2.6314757961206965, 0.0, 0.0, 1.0 
59.9347742749121, 23.154418588422864, 0.0, 0.0, 1.0 
62.00093083440286, 23.057723166844692, 0.0, 0.0, 1.0 
49.365498221244984, 30.593495478125146, 0.0, 0.0, 1.0 
4.493304678751766, 44.75401534944186, 0.0, 0.2543001457482905, 2.7000000000000015 
60.138390636660475, 15.92028375091105, 0.0, 0.0, 1.0 
20.42359759728167, 16.600515573686284, 0.0, 0.0, 1.0 
36.08616835491422, 19.02812704335536, 0.0, 0.0, 1.0 
50.69007237757339, 56.97328855147761, 0.0, 2.3709446678369233, 1.1 
31.68090129081836, 56.80319912563724, 0.0, 0.0, 1.0 
16.871164541314982, 3.6152561230249924, 0.0, 5.478330755975234, 2.6000000000000014 
46.501513438526686, 41.07360418267592, 0.0, 1.1703272127263307, 2.7000000000000015 
52.80814369519524, 61.496157182608876, 0.0, 0.0, 1.0 
56.86537662319866, 20.897388229495753, 0.0, 0.0, 1.0 
30.846444632002537, 8.234911050664765, 0.0, 0.0, 1.0 
34.06172219221018, 21.54500934442727, 0.0, 0.5003056074849965, 1.8000000000000007 
6.679234959856612, 28.256827058700654, 0.0, 0.0, 1.0 
45.29184612268564, 3.881340104132824, 0.0, 0.0, 1.0 
39.14046055403359, 32.54335646554568, 0.0, 3.470460581405204, 1.1 
53.3205928357716, 4.586606680097719, 0.0, 0.0, 1.0 
27.33084309363572, 8.027087103778738, 0.0, 0.0, 1.0 
56.57619742314779, 8.57292070977327, 0.0, 0.0, 1.0 
12.318408846062002, 50.68457385220804, 0.0, 3.8346066223361412, 1.2000000000000002 
58.73374116441171, 33.835776210318784, 0.0, 5.485371368915203, 2.7000000000000015 
56.13287142246867, 35.25760910954705, 0.0, 4.681024882633411, 2.7000000000000015 
25.953667240500657, 14.281518530865934, 0.0, 0.0, 1.0 
57.70029189809584, 55.98097795748253, 0.0, 1.2122569847334652, 1.9000000000000008 
32.10395085313953, 2.8210442990099485, 0.0, 0.0, 1.0 
34.997822721584434, 59.14506604013333, 0.0, 0.0, 1.0 
24.73679591961458, 40.14160705854711, 0.0, 5.791314186789783, 1.7000000000000006 
27.642341579158277, 0.7086713716833924, 0.0, 0.0, 1.0 
6.6167974384174, 32.30691747205734, 0.0, 0.0, 1.0 
3.487060238057156, 18.144722480387337, 0.0, 0.0, 1.0 
24.918625765833212, 43.03358867960284, 0.0, 4.55866676812482, 2.7000000000000015 
10.280810446883342, 5.188084385087331, 0.0, 0.0, 1.0 
16.094947272687442, 43.80033093856434, 0.0, 0.0, 1.0 
58.823642872205276, 61.84769522396136, 0.0, 0.0, 1.0 
42.43898937374165, 1.877272271293119, 0.0, 0.0, 1.0 
12.352635246115373, 4.91621005972534, 0.0, 0.0, 1.0 
49.90772999934194, 18.499043882423607, 0.0, 0.0, 1.0 
39.609365567414855, 37.46850910672628, 0.0, 0.0, 1.0 
44.64964849489191, 10.987073044081866, 0.0, 0.0, 1.0 
19.936715242112523, 55.552055309192426, 0.0, 0.0, 1.0 
17.717653537520633, 25.017424574095998, 0.0, 0.0, 1.0 
44.91226400807345, 53.546419823246275, 0.0, 0.7799051164750473, 2.7000000000000015 
53.428520996661334, 32.98330928981882, 0.0, 4.90722455831318, 2.7000000000000015 
53.888176405003904, 18.917085950737626, 0.0, 0.0, 1.0 
33.67289789967978, 6.6476168623936065, 0.0, 0.0, 1.0 
30.056055915376515, 6.332865864166392, 0.0, 0.0, 1.0 
10.402322613087913, 46.07178555959627, 0.0, 5.465010812858113, 2.7000000000000015 
29.44862300165197, 0.8364479138725719, 0.0, 0.0, 1.0 
30.028643599752098, 55.02733637864574, 0.0, 0.5592088923220736, 1.9000000000000008 
21.508931006613565, 41.30131160374911, 0.0, 0.0, 1.0 
17.562700616566723, 40.76221434533579, 0.0, 0.0, 1.0 
36.55118701534204, 5.086371335765256, 0.0, 0.0, 1.0 
8.82737658738303, 17.213699431650582, 0.0, 0.0, 1.0 
14.602950666802192, 11.921085324401913, 0.0, 4.513159078448273, 2.7000000000000015 
26.83113623310406, 20.14295258009972, 0.0, 5.021731167337742, 2.6000000000000014 
2.3466556799848135, 6.430142996409352, 0.0, 0.0, 1.0 
32.60437941933777, 8.367400728023801, 0.0, 0.0, 1.0 
8.882856659156799, 1.6644091733887798, 0.0, 0.0, 1.0 
55.596316569408685, 52.68279513916474, 0.0, 0.0, 1.0 
12.17330881371901, 46.78135308791879, 0.0, 5.993812152667709, 2.100000000000001 
38.110281368315995, 8.886262526917179, 0.0, 0.0, 1.0 
35.60289670067995, 26.512501999350985, 0.0, 3.706212303350935, 2.7000000000000015 
47.81588732861886, 55.32703892440935, 0.0, 3.1051142071061513, 1.1 
35.373600354871066, 27.897242749217536, 0.0, 3.9732444680223358, 2.7000000000000015 
1.9916595515952256, 2.663051936120346, 0.0, 0.0, 1.0 
46.619067897623474, 57.00170241639899, 0.0, 0.0, 1.0 
16.20634595431321, 53.83533190841849, 0.0, 0.14258130817291723, 1.1 
12.108742093424024, 0.881769952186851, 0.0, 0.0, 1.0 
35.63593622888074, 20.705583558424053, 0.0, 0.363636379918112, 1.9000000000000008 
22.172420988858626, 26.028883723907533, 0.0, 2.6860972953559927, 2.7000000000000015 
10.545094610290608, 8.499100590000811, 0.0, 0.0, 1.0 
56.524761614605325, 3.0231002097829234, 0.0, 0.0, 1.0 
23.828678281918258, 30.646196089848146, 0.0, 0.0, 1.0 
37.734893591851865, 39.56811776723274, 0.0, 3.5401583742762623, 2.7000000000000015 
8.403030311979018, 29.36601383961044, 0.0, 0.0, 1.0 
1.9846310497467397, 17.141135617156234, 0.0, 0.0, 1.0 
55.88268371478667, 6.641947112691673, 0.0, 0.0, 1.0 
0.6862379296451715, 36.799208310890556, 0.0, 1.1776480899308668, 2.7000000000000015 
50.332019892463535, 54.882602784618186, 0.0, 0.0, 1.0 
36.71632246927901, 14.277152239230128, 0.0, 3.3861638331965143, 1.8000000000000007 
39.944473120921344, 52.78784351715398, 0.0, 5.665776422346421, 2.7000000000000015 
61.08176206960961, 10.389679511500905, 0.0, 0.0, 1.0 
41.307509489457324, 26.178188221067398, 0.0, 0.0, 1.0 
22.814916921850546, 24.49139807317525, 0.0, 2.5825130929749593, 2.7000000000000015 
3.3731604363474936, 15.691890840628936, 0.0, 0.0, 1.0 
18.068988047897157, 54.766943715156245, 0.0, 0.0, 1.0 
23.246212837397476, 22.641733919960057, 0.0, 0.0, 1.0 
7.2280066989727105, 42.67560753797663, 0.0, 3.851133427039162, 2.7000000000000015 
13.711241429457326, 21.58690725759575, 0.0, 0.0, 1.0 
18.721260148902793, 39.62647591505215, 0.0, 0.0, 1.0 
39.07457038943685, 24.030306662843824, 0.0, -0.6290157978997437, 2.7000000000000015 
0.9102756112755165, 29.74765649212896, 0.0, -0.8292345037134224, 2.7000000000000015 
20.077706353149736, 49.77384835942788, 0.0, 0.0, 1.0 
45.335620902377045, 55.38340992642746, 0.0, 0.0, 1.0 
40.05773384832079, 60.249193050415634, 0.0, 0.0, 1.0 
4.000644973380931, 9.973031538190131, 0.0, 0.0, 1.0 
51.91501822293507, 33.425741162676665, 0.0, 5.314465210527698, 2.7000000000000015 
59.23226518155053, 14.036741128579258, 0.0, 0.0, 1.0 
34.24130730453389, 24.892506320109447, 0.0, 3.248214636874874, 2.7000000000000015 
54.99966254514185, 32.275817669833536, 0.0, 4.0601018380373946, 2.7000000000000015 
18.20551360230189, 7.141834505503243, 0.0, 0.0, 1.0 
8.515062228175344, 40.77906266615658, 0.0, 0.0, 1.0 
15.653312719056379, 2.6478458233312265, 0.0, 0.0, 1.0 
6.095216221027204, 49.98482786415536, 0.0, 0.0, 1.0 
52.44966508277988, 48.50639988575878, 0.0, 5.656140406725942, 2.7000000000000015 
49.61739344959335, 0.6364913501151918, 0.0, 0.0, 1.0 
48.79424793559028, 46.488479451307775, 0.0, 6.025593755645222, 2.7000000000000015 
11.199195312742884, 14.204071500215253, 0.0, 0.0, 1.0 
8.784946125166499, 51.94978630371392, 0.0, 0.0, 1.0 
49.42846214187687, 13.147576734249817, 0.0, 0.0, 1.0 
26.646790306984798, 57.651486512862725, 0.0, 0.0, 1.0 
4.47501709295178, 26.95062019936338, 0.0, 0.0, 1.0 
49.157130925937295, 59.017055074983084, 0.0, 0.0, 1.0 
14.675977879775283, 38.82977988715704, 0.0, 2.5713944931349295, 2.6000000000000014 
52.18028796780613, 55.50092488915694, 0.0, 0.0, 1.0 
28.41869026593987, 46.283810379928106, 0.0, 3.3383415913660883, 2.7000000000000015 
31.071180335397308, 12.075290947785424, 0.0, 0.0, 1.0 
10.226872574350535, 50.31533995764017, 0.0, 0.0, 1.0 
18.310238328748337, 60.65477360629957, 0.0, 4.382522711859313, 2.7000000000000015 
43.814849124314414, 9.140787340474633, 0.0, 0.0, 1.0 
35.55530520934814, 52.05213048418108, 0.0, 0.1570468363299577, 2.4000000000000012 
2.205908360128406, 37.99571053285534, 0.0, 0.0, 1.0 
30.556676410910626, 14.128853393905498, 0.0, 0.0, 1.0 
4.149350063072051, 56.21798861244726, 0.0, 0.0, 1.0 
20.46395937151646, 37.00551868308811, 0.0, 0.0, 1.0 
52.0372891050481, 50.36159891614287, 0.0, 5.642970214770046, 2.200000000000001 
43.50538168463217, 21.606841537381335, 0.0, -0.7969111572950798, 2.6000000000000014 
56.203631302074804, 15.660762996025333, 0.0, 0.0, 1.0 
60.10363155201515, 47.12229737014137, 0.0, 5.937685926094251, 1.4000000000000004 
51.33063341045143, 4.371031977441437, 0.0, 0.0, 1.0 
27.31467082402741, 11.411926954056582, 0.0, 0.8354878618787405, 2.7000000000000015 
46.28761951575533, 29.005690613649275, 0.0, 3.174650277055917, 2.7000000000000015 
61.138512237969664, 30.05291949778155, 0.0, 0.0, 1.0 
3.888802908020727, 45.93752744138573, 0.0, 6.669333295333936, 2.7000000000000015 
59.449595570230706, 25.04027148572233, 0.0, 0.0, 1.0 
33.8398406143957, 31.250768010454852, 0.0, 4.827288279365507, 2.7000000000000015 
45.139443751077394, 48.01368982476138, 0.0, 0.529983222393099, 2.7000000000000015 
27.893804361856596, 55.761548174380216, 0.0, 5.615932292675587, 1.4000000000000004 
33.930814060534814, 23.2765834641014, 0.0, 0.0, 1.0 
8.167976250135736, 57.00490654067236, 0.0, 0.0, 1.0 
26.16680795436521, 3.8444577203334123, 0.0, 5.98261423613898, 2.5000000000000013 
44.449274952612974, 34.32063209351093, 0.0, 0.0, 1.0 
14.093295802513788, 23.22140759986988, 0.0, 0.0, 1.0 
24.277592177833366, 13.30291637920738, 0.0, 0.0, 1.0 
17.882604707746733, 58.328094297855806, 0.0, 4.004351726162723, 2.6000000000000014 
22.263999501316732, 13.0268782364549, 0.0, 0.0, 1.0 
43.49633166118768, 12.730307922267867, 0.0, 0.0, 1.0 
54.76798027589356, 8.362868209745404, 0.0, 0.0, 1.0 
29.20868240269305, 4.499753337197997, 0.0, 0.0, 1.0 
21.710874554928527, 43.29009250570571, 0.0, 0.0, 1.0 
40.609611748275384, 57.84877450071039, 0.0, 5.264908122867882, 1.2000000000000002 
42.873556641977665, 60.69218263670105, 0.0, 0.0, 1.0 
15.359092295288507, 0.6490913449891909, 0.0, 0.0, 1.0 
44.12768860155556, 5.549179038496436, 0.0, 0.0, 1.0 
5.600346146474126, 36.19623948993342, 0.0, 0.0, 1.0 
13.50800964596193, 49.121874014447904, 0.0, 0.0, 1.0 
27.89945757241085, 14.663820204305496, 0.0, 0.0, 1.0 
20.19776706030046, 7.556197966286173, 0.0, 0.0, 1.0 
26.197905998283424, 45.201633346721735, 0.0, 0.0, 1.0 
35.18804084323906, 1.3866236868112103, 0.0, 0.0, 1.0 
11.636269051042655, 61.19516635268233, 0.0, 0.0, 1.0 
19.676196755829235, 42.95326748903727, 0.0, 0.0, 1.0 
40.36657537031532, 35.921276661525475, 0.0, 3.172650231073211, 2.300000000000001 
61.47887870792398, 24.983689345798947, 0.0, 0.0, 1.0 
47.7291282673994, 25.822238646870527, 0.0, 0.0, 1.0 
23.495176684738514, 53.889268486192506, 0.0, 0.0, 1.0 
17.23325747127247, 1.4219255987628492, 0.0, 0.0, 1.0 
50.92483821975378, 61.310710249459746, 0.0, 0.0, 1.0 
19.35038672152364, 10.966541235838534, 0.0, 0.0, 1.0 
61.10774951472677, 14.06077361826656, 0.0, 0.0, 1.0 
14.436927372526133, 51.144850206867545, 0.0, 2.001403666566696, 1.3000000000000003 
0.28856958028577573, 55.44292316659599, 0.0, 0.0, 1.0 
45.463059516993326, 58.911805730962456, 0.0, 0.0, 1.0 
56.785995510873, 58.2802265068633, 0.0, 0.0, 1.0 
54.864953058335686, 37.51252082432905, 0.0, 4.978466930483442, 2.7000000000000015 
34.30234190203285, 14.077738706598895, 0.0, 0.0, 1.0 
25.093652305103138, 10.061301037252516, 0.0, 0.0, 1.0 
28.567499679733892, 37.83706267137193, 0.0, 5.272761345591097, 2.7000000000000015 
58.92142034288616, 35.71897007671927, 0.0, 5.084313424696927, 2.7000000000000015 
52.52762560311155, 11.700091501112844, 0.0, 0.0, 1.0 
23.55739443323554, 51.89728097621777, 0.0, 0.0, 1.0 
42.97282954786392, 7.290354826670758, 0.0, 0.0, 1.0 
30.06764471312262, 38.82544172082794, 0.0, 0.0, 1.0 
25.465355444882217, 52.695700367034235, 0.0, 0.0, 1.0 
22.35911309143375, 0.5271224781217685, 0.0, 7.211017505414874, 2.7000000000000015 
14.337012096352423, 44.81108251542992, 0.0, 0.0, 1.0 
0.20990315486667263, 3.1478201568077258, 0.0, 0.0, 1.0 
58.18578664534358, 15.807810450855294, 0.0, 0.0, 1.0 
16.24282552871151, 51.83019570018863, 0.0, 0.0, 1.0 
61.665672824420014, 1.4728242923694692, 0.0, 0.0, 1.0 
9.529134931224608, 13.798429210944237, 0.0, 0.0, 1.0 
52.085134160193164, 23.87667866712391, 0.0, 5.845697589258656, 1.1 
53.62409938259395, 53.812393633184556, 0.0, 5.102934343728963, 1.1 
26.87225425566013, 16.13559009125809, 0.0, 0.0, 1.0 
4.775661767313707, 40.301921531797376, 0.0, 2.5333080138286688, 1.2000000000000002 
52.00478568145057, 27.661621645865285, 0.0, 0.0, 1.0 
8.801172727707295, 58.91655719083058, 0.0, 0.0, 1.0 
47.38140328992237, 58.87897385319083, 0.0, 0.0, 1.0 
24.99291068919585, 24.203383827622954, 0.0, 2.602548338956617, 2.7000000000000015 
20.204922544170476, 31.944900383425338, 0.0, 0.0, 1.0 
53.03958232453845, 30.919656911795983, 0.0, 5.353033820732993, 2.6000000000000014 
50.23228259254356, 15.022038269043144, 0.0, 0.0, 1.0 
44.697737286953426, 19.285706254003124, 0.0, 0.0, 1.0 
54.99625426017769, 22.20919331941655, 0.0, -0.4011566110481521, 2.7000000000000015 
53.620644261218246, 1.0992598247781167, 0.0, 0.0, 1.0 
16.31212649527941, 6.442247625644224, 0.0, 0.0, 1.0 
39.82018565045919, 44.450576855135374, 0.0, 5.9272887933189855, 2.7000000000000015 
45.114090666913924, 17.195044552563104, 0.0, 4.965139812833179, 1.1 
47.43295265649001, 12.927634266619961, 0.0, 0.0, 1.0 
25.754330714923874, 56.08711317125339, 0.0, 0.0, 1.0 
27.11387180874638, 53.90975989754638, 0.0, 4.406676630661496, 1.1 
4.9332706619413065, 42.25188625155618, 0.0, 0.0, 1.0 
41.07489659293154, 34.29675528164087, 0.0, 0.6313054844518875, 1.1 
16.68444689666151, 16.415528089846653, 0.0, 4.294013103959008, 2.7000000000000015 
47.364327176267366, 30.55684667217232, 0.0, 0.0, 1.0 
8.248226608315196, 5.153051530144428, 0.0, 0.0, 1.0 
40.933981576015775, 22.242776413020252, 0.0, -0.3145664850405586, 2.7000000000000015 
47.40200002011861, 47.81733784166386, 0.0, 3.3665947590333465, 2.7000000000000015 
42.85789251389993, 50.432964245424806, 0.0, 0.0, 1.0 
33.96516033662978, 47.66081476721223, 0.0, 2.724456166641983, 2.7000000000000015 
41.04050311161108, 7.139446379940882, 0.0, 0.0, 1.0 
23.994691888518417, 36.374019962413215, 0.0, 0.0, 1.0 
24.188735232443243, 3.3305149234733005, 0.0, 0.0, 1.0 
30.323699330057163, 45.40283272581148, 0.0, 3.042457447500316, 2.7000000000000015 
9.87277456510341, 44.40607783156391, 0.0, 0.0, 1.0 
40.49848852535912, 38.79084331468855, 0.0, 2.696556647525757, 2.7000000000000015 
37.69767118086148, 28.628643426257, 0.0, 3.3982823848295065, 1.3000000000000003 
33.874795233757666, 19.373404729337192, 0.0, 2.626503298032497, 1.5000000000000004 
14.873784008040724, 47.68229433386743, 0.0, 0.0915793852619596, 2.7000000000000015 
0.6616587038119152, 42.66962507145293, 0.0, 0.0, 1.0 
33.67065490476602, 43.657839641753675, 0.0, 4.622918397722264, 2.7000000000000015 
38.02852932024147, 17.856929185576497, 0.0, 2.828785115435752, 1.4000000000000004 
48.60968536057064, 11.291997876874083, 0.0, 0.0, 1.0 
60.17781095598453, 12.268475438468116, 0.0, 0.0, 1.0 
51.628429202160625, 0.8628987045715696, 0.0, 0.0, 1.0 
15.047908426037555, 60.93490822279597, 0.0, 0.0, 1.0 
46.242809573847275, 14.661049341225793, 0.0, 0.0, 1.0 
51.7250760246664, 9.837083405931594, 0.0, 0.0, 1.0 
31.43434554717389, 33.26443733879513, 0.0, 1.532196740009501, 2.6000000000000014 
5.612973844060138, 60.051029213693, 0.0, 0.0, 1.0 
26.625630085350807, 43.34058466376134, 0.0, 0.0, 1.0 
32.913520910407605, 40.42141763280929, 0.0, 4.431802782172875, 2.7000000000000015 
21.395433736466654, 35.76195606406122, 0.0, 3.494053681262669, 2.4000000000000012 
3.6035457872513947, 59.73495285819695, 0.0, 0.0, 1.0 
3.4032120088384747, 11.867585378793143, 0.0, 0.0, 1.0 
25.19862069561048, 54.491464774923614, 0.0, 0.0, 1.0 
52.13946902934658, 6.241014237776752, 0.0, 0.0, 1.0 
1.2533473881479775, 4.718055123003761, 0.0, 0.0, 1.0 
19.790379117963585, 28.08353431621399, 0.0, 0.0, 1.0 
48.64947478684683, 57.13167483797795, 0.0, 0.0, 1.0 
14.438614168082173, 18.367448645928746, 0.0, 0.0, 1.0 
62.03313902224706, 15.888893805523065, 0.0, 0.0, 1.0 
26.2597092649204, 6.367420262952237, 0.0, 0.0, 1.0 
36.061238838334965, 22.8838674804948, 0.0, 0.0, 1.0 
55.497019783444095, 54.60294709708765, 0.0, 0.0, 1.0 
28.625649946392173, 61.21540090801153, 0.0, 0.0, 1.0 
47.2870201914157, 4.036235652493232, 0.0, 0.0, 1.0 
9.300569694181986, 53.785521565078255, 0.0, 3.089011072703961, 1.3000000000000003 
23.388593880826022, 32.23105776472898, 0.0, 2.9346885531100813, 2.7000000000000015 
9.020482603263424, 37.46090097199909, 0.0, 0.0, 1.0 
19.474705668428516, 24.70628324419745, 0.0, 0.0, 1.0 
38.3429799511408, 5.197695002461562, 0.0, 0.0, 1.0 
61.34632561785811, 57.06436247087739, 0.0, 0.0, 1.0 
20.226324936890823, 61.54323514953078, 0.0, 0.0, 1.0 
15.160986334129301, 15.24538242442184, 0.0, 4.562981396277322, 2.7000000000000015 
8.67524969901878, 8.593170576960627, 0.0, 0.0, 1.0 
58.62340872449277, 38.52571849726733, 0.0, 3.9363906272555256, 2.6000000000000014 
31.451995502705692, 18.47376395236567, 0.0, 1.3204906167773174, 1.3000000000000003 
35.26135864364835, 17.296787603325466, 0.0, 0.0, 1.0 
36.946841427904005, 16.139755738894, 0.0, 3.6371641870370506, 1.1 
58.14236019013456, 54.14281988090765, 0.0, 0.8741816787439239, 2.7000000000000015 
3.270671197173787, 42.59076245920039, 0.0, 1.775620395841148, 2.6000000000000014 
42.1933642609831, 31.272755550570018, 0.0, 0.0, 1.0 
18.051945810162113, 26.976667856103447, 0.0, 0.0, 1.0 
47.57392932581257, 0.4885665675796169, 0.0, 0.0, 1.0 
35.158480969103785, 57.076100324119125, 0.0, 0.0, 1.0 
42.613543146406414, 23.9519476326584, 0.0, 0.0, 1.0 
40.239320552026726, 14.537149383286305, 0.0, 0.0, 1.0 
15.697561468091946, 35.2567570120661, 0.0, 0.0, 1.0 
27.875380018146604, 17.899739633396816, 0.0, 0.0, 1.0 
56.03708674432636, 56.492828390373056, 0.0, 0.0, 1.0 
18.25403237980179, 30.574989049554663, 0.0, 3.2593639780984702, 2.7000000000000015 
33.59035951225296, 39.047252793275455, 0.0, 4.284445126096905, 2.7000000000000015 
23.918978711928254, 33.15064576815412, 0.0, 3.0773202403513755, 2.7000000000000015 
11.905513471090467, 23.297817037200677, 0.0, 0.0, 1.0 
31.699744720269386, 20.683635226999655, 0.0, 2.172572300779845, 2.000000000000001 
49.27232080808738, 42.760810992451376, 0.0, 1.055021757238109, 2.7000000000000015 
35.49127662213555, 6.8151048296918795, 0.0, 0.0, 1.0 
8.378415607042038, 35.51304806299899, 0.0, 0.0, 1.0 
46.93348052032944, 27.56375775509351, 0.0, 0.0, 1.0 
48.478876209670005, 51.01426502374724, 0.0, -0.20063016984877174, 2.7000000000000015 
33.53958547188379, 55.933188481960435, 0.0, 0.0, 1.0 
40.947065189482615, 49.346938632453465, 0.0, 0.32368855191494644, 1.2000000000000002 
24.736055415046387, 21.423427398502483, 0.0, 0.0, 1.0 
19.90366880797964, 53.772973305580315, 0.0, 0.0, 1.0 
36.81921691645638, 58.25173779197789, 0.0, 0.0, 1.0 
59.60989653183459, 53.36486029098088, 0.0, 3.6082904628499053, 1.1 
60.402271934311955, 55.275596868609064, 0.0, 0.0, 1.0 
9.307401131261138, 42.6221288940371, 0.0, 6.610092764485512, 1.4000000000000004 
12.838135783914764, 52.99934256867206, 0.0, 2.8518993384597615, 2.6000000000000014 
54.69970402431148, 34.272759108990655, 0.0, 4.459575760331679, 2.7000000000000015 
10.049948021397666, 28.450446523386585, 0.0, 0.0, 1.0 
21.740939361324813, 21.377420748243473, 0.0, 0.0, 1.0 
5.645061694733029, 47.434861428121025, 0.0, 0.13787104422438148, 2.5000000000000013 
34.645401795907425, 15.793124085155483, 0.0, 2.700705389812102, 2.5000000000000013 
15.248537211006859, 7.5636653147561255, 0.0, 4.417043549845949, 2.000000000000001 
12.47939563374019, 36.42120977565272, 0.0, 0.0, 1.0 
43.578245869848544, 0.2254675942883497, 0.0, 0.0, 1.0 
40.824321719851866, 28.954826337617174, 0.0, 0.0, 1.0 
3.063232280518556, 8.32088571078716, 0.0, 0.0, 1.0 
52.72670768166751, 46.98315048125491, 0.0, -0.39771237148574073, 2.7000000000000015 
52.200703340284996, 15.241485011583425, 0.0, 0.0, 1.0 
40.65197721423391, 41.06179211772552, 0.0, 3.8652194560321735, 2.7000000000000015 
5.5205530213707, 38.34908822925989, 0.0, 0.0, 1.0 
48.14182796756104, 5.883958048527665, 0.0, 0.0, 1.0 
23.674557975490004, 59.58169194004703, 0.0, 0.0, 1.0 
58.30440109750931, 12.254485115476395, 0.0, 0.0, 1.0 
33.29304961596729, 58.01570424863886, 0.0, 0.0, 1.0 
23.070088995598464, 9.621303027637682, 0.0, 0.0, 1.0 
47.459897686028285, 39.748978233193576, 0.0, 1.5093049958731937, 2.7000000000000015 
52.506324824870255, 2.7345157006511984, 0.0, 0.0, 1.0 
32.93073986886414, 50.400619420807544, 0.0, 2.941660571183927, 2.7000000000000015 
1.2416185226976986, 24.40198158628303, 0.0, 0.0, 1.0 
59.465723302297725, 4.914670841502621, 0.0, 0.0, 1.0 
14.240080584680657, 8.912737187282335, 0.0, 0.0, 1.0 
30.333784500014488, 34.87211568712284, 0.0, 0.0, 1.0 
44.3818025527817, 14.52845049453754, 0.0, 0.0, 1.0 
38.86236548093705, 15.78690106173615, 0.0, 4.041385388942758, 1.6000000000000005 
61.03419745643862, 41.479401155739026, 0.0, 4.315195073184973, 2.7000000000000015 
44.68287474042132, 60.76031231591694, 0.0, 0.0, 1.0 
18.38004071069096, 16.446432791201563, 0.0, 0.0, 1.0 
8.467096979765126, 31.443835666777726, 0.0, 0.0, 1.0 
29.108578462065225, 8.182198196544931, 0.0, 0.0, 1.0 
5.058067581609788, 14.997258742306828, 0.0, 0.0, 1.0 
59.22393392220983, 57.080084674699364, 0.0, 1.478268520866508, 2.7000000000000015 
57.541611354084985, 6.796120476785672, 0.0, 0.0, 1.0 
42.21196920213509, 53.794392542448406, 0.0, 5.796463246092173, 2.6000000000000014 
29.484046753965863, 18.636174131405753, 0.0, 5.421540134810365, 2.7000000000000015 
29.561312734012144, 27.470368369279946, 0.0, 2.94787026339404, 2.7000000000000015 
12.93774495779261, 25.17031462080084, 0.0, 4.721682731493827, 2.7000000000000015 
55.04961874807523, 17.301557309900478, 0.0, 0.0, 1.0 
53.79302615986895, 35.93778698914615, 0.0, 4.701660314187404, 2.7000000000000015 
28.038019198307463, 9.928257232692943, 0.0, 0.0, 1.0 
28.838925885472815, 48.016685239189314, 0.0, 0.0, 1.0 
40.17723484830468, 30.85147505652142, 0.0, 0.0, 1.0 
45.03235948130847, 45.18675342391546, 0.0, 3.3480581722780074, 2.7000000000000015 
15.111241589833615, 55.23242582298071, 0.0, 7.1662042947574776, 2.6000000000000014 
59.64010182276873, 1.413605226916642, 0.0, 0.0, 1.0 
6.100157014494288, 13.612412173585525, 0.0, 4.157139988283503, 2.7000000000000015 
60.11205704392279, 8.627310126295642, 0.0, 0.0, 1.0 
16.947440929573894, 8.647553251362378, 0.0, 0.0, 1.0 
13.89767140262276, 1.8146991734830558, 0.0, 0.0, 1.0 
4.884531541418256, 28.946641061480832, 0.0, 0.0, 1.0 
48.909420918694146, 27.21012464758009, 0.0, 0.0, 1.0 
13.25017375378222, 55.43786963973579, 0.0, 0.0, 1.0 
52.051183133358506, 59.570651596124655, 0.0, 0.0, 1.0 
49.783990666219275, 21.688456565915534, 0.0, 0.19951534054789719, 2.7000000000000015 
17.500085083028956, 14.5586914298897, 0.0, 0.0, 1.0 
13.962327621523619, 13.73862625351291, 0.0, 4.504937746441282, 2.7000000000000015 
35.202671689770945, 40.07523269467448, 0.0, 4.431119446204942, 2.7000000000000015 
27.067601003609468, 51.45701082465639, 0.0, 0.0, 1.0 
19.002184642122568, 1.1228245322007104, 0.0, 5.157869102805572, 2.7000000000000015 
25.92336152149573, 37.82788232805008, 0.0, 4.237581465305323, 2.6000000000000014 
42.83566594896372, 41.0004235302868, 0.0, 3.4728762281156866, 2.7000000000000015 
9.968595641970111, 22.55714383484912, 0.0, 0.0, 1.0 
48.05400452700191, 35.59071101836937, 0.0, 1.8268923709020721, 1.1 
42.53103461268338, 56.94658302680371, 0.0, 0.0, 1.0 
3.4858369336860435, 54.287305564080924, 0.0, 0.0, 1.0 
52.173344553795985, 41.26587830374243, 0.0, 4.310205069400456, 2.7000000000000015 
8.184603817660776, 25.298878724844283, 0.0, 0.0, 1.0 
13.036919481904544, 19.864171607238017, 0.0, 0.0, 1.0 
36.994823494702835, 56.18703521008028, 0.0, 0.0, 1.0 
58.02093191045723, 23.71567123425991, 0.0, 0.0, 1.0 
60.85453965443969, 21.353953681732047, 0.0, 0.0, 1.0 
14.282922103688904, 42.74572559536121, 0.0, 0.0, 1.0 
13.41884178444444, 7.2254892721655475, 0.0, 0.0, 1.0 
9.890793843660603, 39.29928904231616, 0.0, 0.0, 1.0 
55.860320075625424, 29.456908587421626, 0.0, 4.36288537382952, 2.7000000000000015 
7.767979228699719, 13.57972056610625, 0.0, 0.0, 1.0 
8.87270060426405, 3.4807033438560926, 0.0, 0.0, 1.0 
21.48554033685392, 27.822224093997736, 0.0, 0.0, 1.0 
27.3801180723751, 4.70203256816843, 0.0, 0.0, 1.0 
18.91759440333052, 19.989828356463264, 0.0, 3.88579600990659, 2.7000000000000015 
10.061062380478518, 57.63436148782953, 0.0, 0.0, 1.0 
1.639035949408585, 22.58710344056335, 0.0, 0.0, 1.0 
33.368920369766464, 10.239684093930387, 0.0, 0.0, 1.0 
13.091846836657826, 33.006601717278784, 0.0, 0.0, 1.0 
5.171974330425554, 1.247217502224324, 0.0, 0.0, 1.0 
48.32572739646309, 32.359897995570954, 0.0, 0.0, 1.0 
33.08123452966053, 35.826355139550806, 0.0, 4.787463522059459, 2.7000000000000015 
35.845701067100414, 3.1915625245726678, 0.0, 0.0, 1.0 
25.900425773091072, 28.792982842756633, 0.0, 3.5666221681427075, 2.7000000000000015 
41.625102330572645, 59.66777525414119, 0.0, 1.7509900246899104, 2.4000000000000012 
21.49918987794021, 5.981815893082705, 0.0, 0.0, 1.0 
60.29118920076561, 58.56950361622344, 0.0, 0.0, 1.0 
55.34584205392766, 26.106813565160557, 0.0, 0.0, 1.0 
17.201048597092154, 38.49031186903347, 0.0, 0.0, 1.0 
6.820547550785555, 58.458146403100905, 0.0, 0.0, 1.0 
29.645482310367953, 59.45493243382727, 0.0, 0.0, 1.0 
59.62494161059152, 45.43634571428159, 0.0, 6.04094850041648, 1.6000000000000005 
11.856081598989771, 34.59420860197284, 0.0, 0.0, 1.0 
18.80179488559461, 3.7004907235677016, 0.0, 0.0, 1.0 
59.19653199582332, 6.819344653030515, 0.0, 0.0, 1.0 
30.43083672997474, 51.40352224807018, 0.0, 0.0, 1.0 
22.809555955230298, 34.76727985024264, 0.0, 0.0, 1.0 
21.87311660602545, 59.25849704334627, 0.0, 7.189667411768915, 2.6000000000000014 
7.343614099336138, 22.118178253979323, 0.0, 2.99906908670184, 1.7000000000000006 
36.22704431515722, 60.70407223622418, 0.0, 0.0, 1.0 
16.718941261463588, 45.67620626299917, 0.0, 6.727048250786425, 1.5000000000000004 
14.505005204661668, 56.91602686290662, 0.0, 0.0, 1.0 
2.1920637771013887, 55.871674367764086, 0.0, 0.0, 1.0 
37.77028149909785, 23.58084367292091, 0.0, 5.673369438256113, 2.7000000000000015 
26.49110656117435, 2.366986604014537, 0.0, 0.0, 1.0 
18.480836817388273, 32.40341674654386, 0.0, 0.0, 1.0 
19.287664537941346, 18.26542310138373, 0.0, 0.0, 1.0 
15.968996264688718, 23.960769017037954, 0.0, 0.0, 1.0 
26.151606314424686, 36.16971811394182, 0.0, 3.6274617410284615, 2.7000000000000015 
8.088395086153039, 47.00380559287237, 0.0, 0.0, 1.0 
14.428968856937534, 26.703075394693034, 0.0, 0.0, 1.0 
