position_x,position_y,position_z,orientation,aspect_ratio
8.401963805761444, 49.22777459260694, 0.0, 0.9866671857680991, 2.300000000000001 
6.699918063229261, 2.741572646126522, 0.0, -0.2696480030544233, 2.7000000000000015 
26.837665462715176, 12.824429350060944, 0.0, 0.0, 1.0 
12.417271644814015, 12.177558360301527, 0.0, 5.0535247325016455, 2.7000000000000015 
38.13274273321497, 15.155060172656587, 0.0, 3.9549979592761058, 1.1 
48.25136511146164, 31.198290780226813, 0.0, 0.0, 1.0 
10.041668601689217, 59.64067386756984, 0.0, 3.972679227074643, 2.100000000000001 
59.63327706478992, 50.49197582911796, 0.0, 0.0, 1.0 
20.636297695385963, 29.73647872205434, 0.0, 0.0, 1.0 
46.682475975616235, 26.49152809961626, 0.0, 0.0, 1.0 
26.0121141864666, 5.195767776971321, 0.0, 0.0, 1.0 
33.272829479350825, 37.72581371987316, 0.0, 4.692679411559454, 2.7000000000000015 
11.939913324660552, 30.317935359734896, 0.0, 5.126456787482445, 2.200000000000001 
54.33543777031781, 22.288340167489686, 0.0, 1.3260627357505268, 1.1 
25.286781870462026, 43.41766441929557, 0.0, 0.0, 1.0 
33.61329540468518, 12.88708443143922, 0.0, 0.0, 1.0 
41.3215615353005, 25.569821857018447, 0.0, 0.0, 1.0 
8.592533804027118, 61.91939933157006, 0.0, -0.8258721450855164, 2.200000000000001 
52.74253781550142, 40.70451694305402, 0.0, 0.0, 1.0 
8.491912962158077, 1.3520441966255858, 0.0, -0.17700382656391792, 2.7000000000000015 
28.8354569210649, 61.02093239950944, 0.0, 0.0, 1.0 
49.864228598489824, 31.3951708378624, 0.0, 1.4680248887000067, 2.4000000000000012 
48.87743830514255, 36.31006084456348, 0.0, 0.0, 1.0 
21.15060344710577, 44.43537993065626, 0.0, 0.3593274771598846, 1.1 
53.25366185638124, 0.3621148675822225, 0.0, 5.866830424338648, 1.4000000000000004 
38.68398030375655, 12.070007511881364, 0.0, 0.0, 1.0 
22.399149388913834, 37.78276915985347, 0.0, 5.4795359498917, 2.7000000000000015 
36.01436503729404, 16.181677971795835, 0.0, 2.2806051348017093, 1.3000000000000003 
58.17091252670265, 43.56841619087595, 0.0, 0.0, 1.0 
44.97129016274353, 21.68910365768265, 0.0, 0.0, 1.0 
15.689682385780198, 47.050276262754736, 0.0, 5.394643638861993, 2.7000000000000015 
41.53007830731596, 45.77027994525377, 0.0, 0.0, 1.0 
61.35738714801782, 55.88344395936114, 0.0, 0.0, 1.0 
10.869256913976654, 24.788926987702762, 0.0, 0.21313345209849954, 2.7000000000000015 
60.66623559193161, 24.413356570086467, 0.0, 5.112665640292042, 1.9000000000000008 
8.046519356438742, 11.225901694586511, 0.0, 1.641540480285855, 1.8000000000000007 
13.201287208930422, 34.08339236789738, 0.0, 0.0, 1.0 
53.98566071955512, 59.87374887654827, 0.0, 5.16950228772391, 2.100000000000001 
8.133399882103964, 34.212325661994136, 0.0, 4.728413942560892, 1.9000000000000008 
43.10973118615901, 26.53408316118225, 0.0, 0.0, 1.0 
40.24515282806069, 2.8242289812092967, 0.0, 0.0, 1.0 
61.5454211892226, 7.141857257418384, 0.0, 0.0, 1.0 
46.98151191517903, 4.257970201932751, 0.0, 0.0, 1.0 
1.998246779650459, 31.8899924317587, 0.0, 1.690588848121593, 2.7000000000000015 
36.24697104748829, 28.99914196461025, 0.0, 0.0, 1.0 
40.23165918129595, 0.7867213209502781, 0.0, 0.0, 1.0 
9.814780970373166, 33.60495774675057, 0.0, 0.0, 1.0 
27.218006159952253, 52.49091676909383, 0.0, 0.0, 1.0 
0.7926093679113808, 48.71791067233554, 0.0, 0.0, 1.0 
12.43457031927652, 0.49505341974979333, 0.0, 4.777204358627071, 2.7000000000000015 
45.48924917925487, 41.706555672326964, 0.0, 0.0, 1.0 
13.405592071189476, 38.02349812880139, 0.0, 0.0, 1.0 
40.310429163966, 4.82648025154633, 0.0, 0.0, 1.0 
45.011994404854256, 18.082824987999714, 0.0, 0.0, 1.0 
56.55013610301259, 46.71493260673893, 0.0, 0.0, 1.0 
32.45920903991754, 21.02497166548133, 0.0, 0.0, 1.0 
55.79160779661613, 56.20549986217036, 0.0, 5.9885996775516155, 1.2000000000000002 
28.27942547023278, 26.846193650436508, 0.0, 0.0, 1.0 
6.840243674706848, 56.001630563559544, 0.0, 0.0, 1.0 
22.047750641830472, 58.11569583384458, 0.0, 0.0, 1.0 
24.832179756291023, 60.27745865153918, 0.0, 0.0, 1.0 
36.5763612714701, 39.326569765370486, 0.0, 0.0, 1.0 
45.21219414644847, 35.785900906029426, 0.0, 0.0, 1.0 
38.42250206790906, 40.12036762089016, 0.0, 0.0, 1.0 
3.3559580174311874, 59.198413123867155, 0.0, 4.9053356323993285, 2.6000000000000014 
37.94860916285406, 53.02993266081515, 0.0, 0.0, 1.0 
6.551216778175822, 62.2741815415352, 0.0, -0.6683758099296843, 2.7000000000000015 
30.119441666306336, 25.928492612252168, 0.0, 0.0, 1.0 
41.56955491497481, 31.78978971024929, 0.0, 0.0, 1.0 
19.535048881696888, 46.68620722714921, 0.0, 0.709549707222157, 2.6000000000000014 
60.51825940763785, 13.65021144229346, 0.0, 0.0, 1.0 
25.44655221892935, 16.509552163335552, 0.0, 1.4704149150542567, 2.7000000000000015 
15.381877739260943, 30.387425001945505, 0.0, 0.0, 1.0 
25.66388097294571, 62.13499382669288, 0.0, 0.0, 1.0 
6.337216604635294, 48.21160953156816, 0.0, 0.0, 1.0 
32.13797878924968, 43.878223697489794, 0.0, 2.6064597085629644, 1.4000000000000004 
43.817004361830826, 0.857312571249159, 0.0, 0.0, 1.0 
17.171270954435826, 33.60329507755193, 0.0, 0.0, 1.0 
51.47759688506028, 26.905274699080778, 0.0, 4.483878858286683, 1.2000000000000002 
36.033724130316834, 18.338528659631052, 0.0, 0.0, 1.0 
53.09517397077444, 11.738589797780339, 0.0, -0.5189790001792366, 2.7000000000000015 
31.476265213401337, 29.019323046172843, 0.0, 0.0, 1.0 
8.252899974633069, 45.947368618100384, 0.0, 0.5621834364783503, 2.7000000000000015 
6.00562473881279, 16.621538974482434, 0.0, 0.0, 1.0 
45.155992950450305, 33.7383236457702, 0.0, 0.0, 1.0 
23.189620998054984, 20.390899346450226, 0.0, 0.0, 1.0 
52.628907220430776, 32.67228529434855, 0.0, 0.0, 1.0 
24.280194010102687, 30.639107370715124, 0.0, 0.0, 1.0 
18.840435085529034, 32.76230279887417, 0.0, 0.0, 1.0 
36.03973396533021, 24.62501697646642, 0.0, 0.0, 1.0 
51.583291894364265, 56.78314776864141, 0.0, 0.0, 1.0 
56.20432357378543, 60.927126962378345, 0.0, 1.7649093267689677, 2.7000000000000015 
43.781214096409386, 14.363964612022679, 0.0, 0.0, 1.0 
52.09272018904341, 3.874689420839011, 0.0, 0.0, 1.0 
18.07124947744677, 59.43168541524878, 0.0, 5.067517197862841, 2.7000000000000015 
50.85893452970643, 33.613791032169736, 0.0, 0.0, 1.0 
7.390455305478611, 31.60112798213075, 0.0, 5.984803185769862, 2.5000000000000013 
59.15030236510609, 56.46441009476698, 0.0, 1.43115650769849, 1.1 
18.807243803317867, 28.7786390076586, 0.0, 0.0, 1.0 
8.613089787974022, 13.81319327969701, 0.0, 0.9480611761139608, 1.5000000000000004 
31.06675181847067, 62.219542649540585, 0.0, 0.0, 1.0 
40.62242766133055, 48.987300306236065, 0.0, 0.0, 1.0 
59.894857176086006, 42.485896659724744, 0.0, 0.0, 1.0 
45.68594688228335, 13.654959574735997, 0.0, 0.0, 1.0 
18.50757572038498, 2.369482161671056, 0.0, 0.0, 1.0 
44.976488892875935, 31.57549451222274, 0.0, 0.0, 1.0 
57.648888287725015, 33.46746773852496, 0.0, 0.0, 1.0 
56.96768559234537, 21.766641460044667, 0.0, 1.081765566904377, 2.7000000000000015 
23.18359522103408, 3.4681701527958784, 0.0, 5.5158141008460335, 2.7000000000000015 
28.26634055003368, 39.1602850062846, 0.0, 0.0, 1.0 
31.961193665590752, 59.513831960864266, 0.0, 0.0, 1.0 
40.40575980532528, 6.8874202746328566, 0.0, 0.0, 1.0 
13.853744175770709, 57.25667527517288, 0.0, 5.341734186055957, 2.7000000000000015 
34.403461914784785, 26.814670599288828, 0.0, 0.0, 1.0 
11.062234815064818, 37.23804360245701, 0.0, 4.842958219802213, 1.4000000000000004 
13.028130243335754, 17.846418129378257, 0.0, 3.7825610754690873, 2.5000000000000013 
29.298419488366665, 35.8766536770454, 0.0, 0.0, 1.0 
51.26225772148242, 43.8007844692028, 0.0, 0.0, 1.0 
54.63303187682285, 54.698028635300226, 0.0, 3.1608354109783803, 2.7000000000000015 
2.42088129571063, 34.9286470791246, 0.0, 0.0, 1.0 
13.615221007275768, 61.5817100416704, 0.0, 4.401868428347614, 2.7000000000000015 
12.1407908427604, 6.653872750502937, 0.0, 5.651953815543487, 2.7000000000000015 
28.01685653737697, 18.71072875501851, 0.0, 0.0, 1.0 
0.712026871692836, 52.62034211793076, 0.0, 3.2702742103506295, 2.7000000000000015 
41.65056725279286, 33.84107003307307, 0.0, 0.0, 1.0 
33.48830987422569, 52.83026768550651, 0.0, 0.0, 1.0 
42.11166216912583, 5.812734134529329, 0.0, 0.0, 1.0 
47.71383920429672, 5.900147231742382, 0.0, 0.0, 1.0 
16.25652545152602, 19.719409882302767, 0.0, 0.0, 1.0 
8.020321804598376, 40.11171829126577, 0.0, 3.724958626269348, 2.7000000000000015 
15.849258239756699, 13.717424513950252, 0.0, 2.9618279856815843, 2.7000000000000015 
27.588821137033495, 56.91658678004195, 0.0, 0.0, 1.0 
30.70430845647262, 55.698423589678136, 0.0, 0.0, 1.0 
25.24509447166218, 41.47986725891384, 0.0, 0.0, 1.0 
8.427547306178653, 16.231357828576737, 0.0, 0.0, 1.0 
35.192121368062054, 5.729856837293709, 0.0, 0.0, 1.0 
41.934793699802725, 47.79209153389916, 0.0, 0.0, 1.0 
32.191525722918634, 40.30546954662371, 0.0, -0.9239146973525805, 1.6000000000000005 
43.44316560334833, 36.85496547942826, 0.0, 0.0, 1.0 
57.18461585723981, 57.60075286933204, 0.0, 2.234346213645933, 1.4000000000000004 
43.400152692745365, 32.744378006985, 0.0, 0.0, 1.0 
34.24772093119969, 23.522551362853, 0.0, 0.0, 1.0 
33.10449877160268, 60.94113703973024, 0.0, 0.0, 1.0 
9.013238335899647, 23.105789725122666, 0.0, 0.43476001137461434, 2.7000000000000015 
41.15210760326141, 51.61264876999025, 0.0, 0.0, 1.0 
45.126381016936385, 37.824881182676386, 0.0, 0.0, 1.0 
3.2837046649015766, 0.31151077548638434, 0.0, 1.9614965513726093, 2.200000000000001 
29.832097139000687, 6.684683166830962, 0.0, 0.0, 1.0 
52.1971538651576, 50.66397404809296, 0.0, 4.294791953124835, 1.3000000000000003 
41.24923914711912, 21.47808348573275, 0.0, 0.0, 1.0 
28.087000588613677, 7.9038634878566345, 0.0, 0.0, 1.0 
13.988400181652239, 26.179732206668415, 0.0, 4.6949631609807305, 2.7000000000000015 
22.41690593701457, 52.17474543924843, 0.0, 6.325831210355925, 2.7000000000000015 
27.420148813857388, 44.11363719261603, 0.0, 3.0664480863195536, 2.7000000000000015 
27.493422855885562, 62.096820249105164, 0.0, 0.0, 1.0 
30.185242501071496, 53.71278910297618, 0.0, 0.0, 1.0 
3.4370321537224626, 30.208042216173844, 0.0, 1.8861396182658066, 2.7000000000000015 
58.37397079792985, 47.6227470336974, 0.0, 0.0, 1.0 
60.18570036460373, 8.646761945346812, 0.0, 0.08037692074088584, 1.7000000000000006 
32.14892932609943, 15.532466200120504, 0.0, 0.0, 1.0 
61.403001806662296, 21.968227240563433, 0.0, 2.343325190707288, 2.7000000000000015 
50.97847246770313, 11.628640061958214, 0.0, -0.324426491611287, 2.5000000000000013 
33.47934037880397, 34.63057983322894, 0.0, 4.665799594308558, 2.200000000000001 
46.87191888484499, 20.806378016299803, 0.0, 0.0, 1.0 
52.4443597909323, 23.01024365554101, 0.0, 5.561265078067492, 1.1 
17.989053643399686, 42.38525937847827, 0.0, 6.577188386587875, 2.7000000000000015 
4.841569427600448, 31.35044809488174, 0.0, 0.0, 1.0 
10.363030579689994, 14.421029379402825, 0.0, 5.275847169228335, 2.7000000000000015 
52.781018120362695, 48.744012999674545, 0.0, 0.0, 1.0 
59.86662982078306, 38.36541927401478, 0.0, 0.0, 1.0 
48.31499907492254, 46.219841867583185, 0.0, 0.0, 1.0 
17.873198750047354, 23.007145534901223, 0.0, 0.0, 1.0 
45.26038818768474, 39.80001269869882, 0.0, 0.0, 1.0 
38.47768753123421, 60.010919527733805, 0.0, 0.0, 1.0 
21.258312230721373, 51.05831947234393, 0.0, 6.461487148271769, 2.7000000000000015 
8.509261527247608, 7.922571294275961, 0.0, 5.942396795988558, 2.5000000000000013 
51.26940014669759, 31.505739005894153, 0.0, 0.0, 1.0 
49.60723959002228, 56.922908529588874, 0.0, 0.0, 1.0 
46.3819057056123, 45.523522127700375, 0.0, 0.0, 1.0 
1.235363870203266, 16.04232434230919, 0.0, 0.0, 1.0 
4.589161250297336, 50.92954828836804, 0.0, 1.9887864599318628, 2.7000000000000015 
46.84740241156076, 19.00330709022416, 0.0, 0.0, 1.0 
12.497479116984788, 27.637457741261098, 0.0, 5.255875794018048, 2.7000000000000015 
25.415017056121098, 48.26692197038224, 0.0, 0.0, 1.0 
36.569910256313015, 37.23837554221826, 0.0, 0.0, 1.0 
56.426543128722784, 42.64702649641267, 0.0, 0.0, 1.0 
11.091971506891966, 21.055539537657566, 0.0, -1.2729363392921151, 2.7000000000000015 
41.178929596372264, 17.377399543992585, 0.0, 0.0, 1.0 
55.30428092855276, 25.667974062673277, 0.0, 4.894162343566533, 1.2000000000000002 
28.580361471701995, 53.25521608092193, 0.0, 0.0, 1.0 
35.42420322664289, 53.4322927237119, 0.0, 0.0, 1.0 
8.01161775850509, 6.739990649366652, 0.0, 5.7285112595016425, 2.7000000000000015 
9.119207734663487, 57.672575462269926, 0.0, 0.0, 1.0 
51.046301954035236, 41.821091357371856, 0.0, 0.0, 1.0 
20.772009256748674, 59.43138018216979, 0.0, 0.0, 1.0 
34.72426133243386, 32.23748246341554, 0.0, 0.0, 1.0 
32.611086065906285, 48.69077585131922, 0.0, 0.0, 1.0 
22.907092790531802, 5.582913937694463, 0.0, 5.221937045050869, 2.7000000000000015 
54.37361297465694, 37.641956073474745, 0.0, 0.0, 1.0 
61.61420734220998, 50.11523906036027, 0.0, 0.0, 1.0 
19.623838911646473, 22.053744889564154, 0.0, 0.0, 1.0 
31.94116606020455, 13.70924781611883, 0.0, 0.0, 1.0 
5.872079383837367, 13.662138226114488, 0.0, 0.0, 1.0 
51.86271133869809, 54.771149269769964, 0.0, 0.0, 1.0 
5.196087887748502, 37.14386212930249, 0.0, 6.002124981812469, 1.5000000000000004 
19.630056977822164, 23.99600892583952, 0.0, 0.0, 1.0 
34.1564470105208, 15.4822800548244, 0.0, 0.0, 1.0 
47.994228241397174, 53.93198520190217, 0.0, 0.0, 1.0 
46.92920614642514, 36.95611434553568, 0.0, 0.0, 1.0 
27.275121615797033, 1.505274392263561, 0.0, 0.0, 1.0 
45.83661647726814, 51.02343676009084, 0.0, 0.0, 1.0 
43.909317747080316, 42.94634490816283, 0.0, 0.0, 1.0 
16.68273899707572, 3.355608701608487, 0.0, 1.8317248828077364, 1.3000000000000003 
40.47444465077944, 11.43314389410582, 0.0, 0.0, 1.0 
36.96969945100566, 6.818412058275199, 0.0, 0.0, 1.0 
16.475110300492158, 37.31269989378141, 0.0, 3.835725371801554, 2.7000000000000015 
28.357048424362368, 11.717599862992106, 0.0, 0.0, 1.0 
24.34762867923325, 56.68317187098856, 0.0, 2.347060666783344, 2.7000000000000015 
18.167136220147345, 50.54959605423259, 0.0, 4.400449397103734, 1.2000000000000002 
39.83060133435708, 13.572905170765656, 0.0, 5.787663309371244, 1.6000000000000005 
38.00964648591911, 41.78426475994203, 0.0, 0.0, 1.0 
14.395910349040872, 36.108049020005154, 0.0, 4.488238307198364, 2.7000000000000015 
39.41921323229068, 50.565298593129924, 0.0, 0.0, 1.0 
43.41734010802744, 34.783699299107056, 0.0, 0.0, 1.0 
26.357065962252193, 53.355374202813, 0.0, 0.99908465830529, 2.7000000000000015 
8.880046646600382, 3.774400168043571, 0.0, 0.1524869990033259, 2.7000000000000015 
1.2608017817372428, 18.78249959478043, 0.0, 1.534606829609507, 1.8000000000000007 
7.400983247647037, 17.834539787945808, 0.0, 3.20556909719456, 1.5000000000000004 
26.825782114020733, 60.42975843489047, 0.0, 0.0, 1.0 
15.292331835654284, 34.399763644530864, 0.0, 0.0, 1.0 
58.57157515266899, 30.093952845113616, 0.0, 0.0, 1.0 
46.76764697849403, 17.070327368830092, 0.0, 0.0, 1.0 
40.14841585102868, 15.585654858427475, 0.0, 0.0, 1.0 
59.86054840619729, 59.83113372400453, 0.0, 1.9270604340229374, 1.4000000000000004 
2.6146636998191526, 44.30296774308178, 0.0, 5.953336195045223, 2.100000000000001 
31.261621302467095, 31.02280714954876, 0.0, 0.0, 1.0 
18.513623118974362, 56.23089752907585, 0.0, 4.654226019774439, 2.7000000000000015 
1.0019928927940798, 56.742563966997, 0.0, 0.0, 1.0 
53.150041007271284, 18.14550133041332, 0.0, 0.9048271477946265, 1.5000000000000004 
61.112856647916196, 60.875299199932186, 0.0, 2.374524060098312, 2.300000000000001 
56.18733875384935, 36.601835154769084, 0.0, 0.0, 1.0 
9.480297034224801, 44.75757661795744, 0.0, 0.0, 1.0 
50.32178189482625, 46.980638315305285, 0.0, 0.0, 1.0 
46.976594612850505, 38.74795763382185, 0.0, 0.0, 1.0 
51.90754199160047, 14.035097446508999, 0.0, 0.0, 1.0 
29.784065281856865, 27.94398090122395, 0.0, 0.0, 1.0 
9.622798173789066, 48.4891487099753, 0.0, 1.3802245330747902, 2.200000000000001 
37.78761659011794, 23.581027661347097, 0.0, 0.0, 1.0 
44.46670604668323, 51.87289453320063, 0.0, 0.0, 1.0 
39.99433775746913, 37.02391627184499, 0.0, 0.0, 1.0 
34.173384515658626, 47.3184300331084, 0.0, 0.0, 1.0 
18.07519790343057, 44.127987729869204, 0.0, 2.6894188285988987, 1.4000000000000004 
19.794681246881716, 5.4695047156890855, 0.0, 5.697283658296009, 2.7000000000000015 
41.459192784325055, 29.699826606434613, 0.0, 0.0, 1.0 
45.541486076826345, 60.31392277688365, 0.0, 0.0, 1.0 
26.93687878146583, 23.919760763671018, 0.0, 0.0, 1.0 
32.97743384642372, 0.6916790273174829, 0.0, 0.0, 1.0 
36.777940138156325, 2.72429052247096, 0.0, 0.0, 1.0 
42.180993865576035, 12.329064024144055, 0.0, 0.0, 1.0 
34.82971540853502, 51.43264289830955, 0.0, 0.0, 1.0 
34.49987635470633, 49.375698583456874, 0.0, 0.0, 1.0 
48.8151197975642, 4.237349726710923, 0.0, 0.0, 1.0 
32.68339024816351, 56.229848249414644, 0.0, 0.0, 1.0 
29.4271799470937, 31.951024857535483, 0.0, 0.0, 1.0 
44.36891742965559, 44.907513398865376, 0.0, 0.0, 1.0 
47.58589465261556, 57.582740904532585, 0.0, 0.0, 1.0 
33.004539290057544, 29.666511509574317, 0.0, 5.026896361749327, 2.7000000000000015 
43.78581779558362, 2.756507919383056, 0.0, 0.0, 1.0 
52.58973084354814, 36.70545133986888, 0.0, 0.0, 1.0 
28.483127550731176, 15.559791212785301, 0.0, 0.0, 1.0 
28.7488011586079, 41.173820073716456, 0.0, 0.0, 1.0 
46.93571347300321, 47.46830763419768, 0.0, 0.0, 1.0 
41.76471833275446, 37.93231142059749, 0.0, 0.0, 1.0 
40.27476614412456, 61.07520197771802, 0.0, 0.0, 1.0 
51.89297774284931, 16.101619781758053, 0.0, 0.0, 1.0 
17.462517096242923, 40.39578889532855, 0.0, 3.675292994676532, 2.4000000000000012 
16.322050121580492, 9.43423411597129, 0.0, 5.6624370737458545, 2.7000000000000015 
59.62510724755072, 34.12423211992262, 0.0, 0.0, 1.0 
62.164597412738964, 14.231261305556501, 0.0, 5.271852648725879, 2.7000000000000015 
42.69311625108988, 16.08653554166925, 0.0, 0.0, 1.0 
47.32327292535412, 61.248407154957484, 0.0, 0.0, 1.0 
15.032219719016885, 59.873144318598314, 0.0, 5.071066556722432, 2.7000000000000015 
60.27237084891311, 48.57182976543613, 0.0, 0.0, 1.0 
38.85605097325391, 48.67612641278971, 0.0, 0.0, 1.0 
13.507403985879325, 47.871729254873514, 0.0, 0.0, 1.0 
15.990456536010413, 38.60102431811681, 0.0, 3.4903866264640446, 2.7000000000000015 
17.406009361395167, 5.789173069522796, 0.0, 5.8186347813138175, 2.7000000000000015 
46.5529425242662, 15.276026301830099, 0.0, 0.0, 1.0 
49.14455045599659, 25.600699929160008, 0.0, 0.0, 1.0 
26.14026706433984, 29.808769916841243, 0.0, 0.0, 1.0 
22.90040127136752, 26.521240281559248, 0.0, 0.0, 1.0 
53.71587116723829, 24.511470378388978, 0.0, 5.623088307692695, 1.2000000000000002 
39.464771652530914, 52.28727171138996, 0.0, 0.4467735694800222, 2.7000000000000015 
50.309282821196824, 3.5549813337277714, 0.0, 0.0, 1.0 
11.780606609598145, 48.960529513592775, 0.0, 0.0, 1.0 
44.20575563238707, 12.358073634188237, 0.0, 0.0, 1.0 
48.41241873254868, 7.549264701094175, 0.0, 0.0, 1.0 
14.236488044993944, 58.700491032584615, 0.0, 5.414620221497454, 2.7000000000000015 
60.11467280279299, 31.031547203803317, 0.0, 1.459271600830797, 2.7000000000000015 
56.02769441861272, 3.8440864519491313, 0.0, 1.6201719291869678, 2.7000000000000015 
34.13913197217084, 25.167658199120876, 0.0, 0.0, 1.0 
31.55373430311722, 52.23641922496913, 0.0, 0.0, 1.0 
5.528633261290069, 58.34686045354632, 0.0, 4.539300094073768, 2.300000000000001 
58.14256902023885, 11.800449911834624, 0.0, 0.0, 1.0 
2.4794382127671604, 8.38977450014763, 0.0, 1.809445787023987, 2.6000000000000014 
22.982905518193157, 39.35815544153394, 0.0, 5.021131981349646, 2.7000000000000015 
9.267083761289308, 38.35949331715118, 0.0, 1.6215012206174233, 1.3000000000000003 
28.574816252317905, 24.84267624873034, 0.0, 0.0, 1.0 
56.85031398174077, 28.969532901099036, 0.0, 0.0, 1.0 
21.493749236792095, 21.290361023190968, 0.0, 0.0, 1.0 
12.4327777920688, 3.8739264133817306, 0.0, 4.895052956853601, 2.7000000000000015 
42.51666617526287, 44.15337030810318, 0.0, 0.0, 1.0 
45.12904334231832, 8.443329830585267, 0.0, -1.5686172379937975, 2.7000000000000015 
37.50495142758365, 45.082672518259166, 0.0, 0.0, 1.0 
47.115610212666766, 35.28844347273561, 0.0, 0.0, 1.0 
11.697347041758027, 32.71658048587939, 0.0, 0.0, 1.0 
38.697498345334516, 43.46046843449137, 0.0, 0.0, 1.0 
37.7071387008975, 17.13619838553853, 0.0, 0.0, 1.0 
36.21830779100809, 50.07736975679666, 0.0, 0.0, 1.0 
53.88564433047967, 51.12198253924821, 0.0, 4.075675742421853, 1.1 
28.90103471086318, 2.7422777963263703, 0.0, 0.0, 1.0 
11.525170765128331, 40.530589851763324, 0.0, 2.7600792654350537, 2.7000000000000015 
43.79426409723652, 61.17178009717226, 0.0, 0.0, 1.0 
33.28053336887097, 58.17816907175807, 0.0, 0.0, 1.0 
39.39151329628456, 18.309118182067188, 0.0, 1.382575087022132, 1.1 
15.515128255848474, 55.68068514084298, 0.0, 4.990665969504352, 2.7000000000000015 
4.427029547761703, 35.5311436990331, 0.0, 0.0, 1.0 
32.309279525094375, 23.024279985090505, 0.0, 0.0, 1.0 
39.497569306729886, 20.447161003157145, 0.0, 0.0, 1.0 
36.13582919121868, 26.802063364440908, 0.0, 0.0, 1.0 
46.6133619328969, 32.25884946383034, 0.0, 0.0, 1.0 
35.6850564351737, 55.41089506130461, 0.0, 0.0, 1.0 
48.48496614344938, 23.78455790531981, 0.0, 0.0, 1.0 
47.779267558534464, 44.23567753214945, 0.0, 0.0, 1.0 
53.561022365754596, 15.006505685116368, 0.0, 0.0, 1.0 
24.192073209013767, 35.18636847133525, 0.0, 0.0, 1.0 
8.554713153236072, 54.86419032311232, 0.0, 0.0, 1.0 
37.047489611552464, 8.814477338739051, 0.0, 0.0, 1.0 
11.1651521050455, 3.0454883003995694, 0.0, 5.368701229637548, 1.5000000000000004 
43.61740051100172, 10.696500955830388, 0.0, -0.09436299284507271, 2.6000000000000014 
28.154272158431546, 58.86543879522876, 0.0, 0.0, 1.0 
62.13489367965931, 12.145179712122927, 0.0, 0.0, 1.0 
16.05637324674417, 15.481462329736893, 0.0, 4.455623757329638, 1.1 
1.8838532882272816, 55.26621518796181, 0.0, 3.091365863519106, 2.7000000000000015 
1.0454648281573768, 29.405848865169165, 0.0, 0.0, 1.0 
53.77697244011774, 4.400442583270198, 0.0, 0.0, 1.0 
25.792637050306762, 33.9552354192961, 0.0, 1.4629238252055365, 1.1 
50.8019052441548, 37.75986552046672, 0.0, 0.0, 1.0 
43.40830678172504, 38.94036523106559, 0.0, 0.0, 1.0 
39.99188458620769, 47.11512795807878, 0.0, 0.0, 1.0 
45.119513885943256, 46.83220148780911, 0.0, 0.0, 1.0 
13.612462451273691, 32.065549589646324, 0.0, 0.0, 1.0 
31.60814689869069, 38.40254245913062, 0.0, 0.0, 1.0 
31.242473971651737, 32.917992801920036, 0.0, 0.0, 1.0 
0.42324762919851705, 27.227708611339967, 0.0, 2.756706341353499, 2.7000000000000015 
61.16177812989543, 32.76154737288691, 0.0, 0.0, 1.0 
38.19692015841475, 33.975116935073956, 0.0, 0.0, 1.0 
13.78874681557866, 55.58704591770329, 0.0, 0.0, 1.0 
34.975314645710576, 44.26546145169374, 0.0, 0.0, 1.0 
19.61045603035582, 52.08197153671111, 0.0, 0.0, 1.0 
44.203362485302954, 48.24937311742112, 0.0, 3.218190802180403, 2.6000000000000014 
51.037460551704555, 0.3380554700717002, 0.0, 0.0, 1.0 
26.28748286414252, 9.002168134438246, 0.0, 0.0, 1.0 
17.934655508493904, 11.476430954546625, 0.0, 5.88491757544485, 2.7000000000000015 
39.50011402132146, 45.29890799914657, 0.0, 0.0, 1.0 
1.600405551925073, 13.125000060604414, 0.0, 5.023176560666749, 2.7000000000000015 
1.0804988000295943, 40.62505219190182, 0.0, 0.0, 1.0 
47.575657319013864, 2.5859059743208297, 0.0, 0.0, 1.0 
14.92453285084429, 28.389891888222284, 0.0, 2.387833483815518, 1.2000000000000002 
20.143520432833164, 40.19862300215834, 0.0, 4.168427262342624, 1.3000000000000003 
0.9790540391405667, 36.247192712171476, 0.0, 0.8020069747700292, 1.3000000000000003 
38.02231443336971, 29.82936536539895, 0.0, 0.0, 1.0 
18.555927488665724, 36.89700963656, 0.0, 0.0, 1.0 
3.821053086135677, 45.80598315229023, 0.0, 6.239916600532039, 2.4000000000000012 
12.781369296888059, 19.543290591127086, 0.0, 0.0, 1.0 
10.2206447226571, 30.03471026115321, 0.0, 5.696269207219617, 2.7000000000000015 
22.329475057560355, 35.98107809120106, 0.0, 0.0, 1.0 
27.331950781739984, 49.048977026163946, 0.0, 0.0, 1.0 
8.476726753513057, 19.27465201918351, 0.0, 3.4091133726346734, 2.5000000000000013 
25.05285073292133, 53.29887413146842, 0.0, 7.050882006723637, 2.7000000000000015 
13.190943719878835, 14.329911845415841, 0.0, 4.362826865197923, 1.2000000000000002 
57.89699778199059, 59.37907751109665, 0.0, 0.034513155048137775, 1.2000000000000002 
13.600365273943952, 23.186478653016906, 0.0, 4.8172624527191745, 2.100000000000001 
52.897269163462674, 42.725962990193764, 0.0, 0.0, 1.0 
53.41288256506447, 26.55132251136404, 0.0, 3.819952271958006, 1.1 
37.10462568586329, 54.571418281842405, 0.0, 0.0, 1.0 
31.874534174139207, 11.729307566811316, 0.0, 0.0, 1.0 
30.570302971213255, 21.903301409615747, 0.0, 0.0, 1.0 
16.251081776586652, 17.65784447944716, 0.0, 0.7332828586236602, 1.1 
24.104818079437525, 58.510039299196144, 0.0, 0.0, 1.0 
38.26486594713654, 38.08426167940279, 0.0, 0.0, 1.0 
58.93461973801851, 17.831663099738535, 0.0, 4.850749948984608, 2.7000000000000015 
52.585987411273095, 58.77975682782845, 0.0, 0.0, 1.0 
29.33700924715576, 57.125467690342006, 0.0, 0.0, 1.0 
10.022359242156108, 10.251093043352133, 0.0, 3.2832876943336684, 2.7000000000000015 
24.1341929397997, 32.734731579633134, 0.0, 0.0, 1.0 
34.89820970960766, 61.7565203948328, 0.0, 0.0, 1.0 
58.02479050159318, 37.46960132642251, 0.0, 0.0, 1.0 
42.03187763840785, 62.099404305807816, 0.0, 0.0, 1.0 
20.702618528932767, 48.74052344348905, 0.0, 0.6390506540598062, 2.7000000000000015 
36.50436898890516, 35.1748130631859, 0.0, 0.0, 1.0 
12.514616276482336, 43.71231526537499, 0.0, 0.7324568425184422, 2.7000000000000015 
16.937707790771203, 35.61369592036195, 0.0, 0.0, 1.0 
52.91921263049442, 30.548850127693594, 0.0, 0.0, 1.0 
17.95404306226769, 14.999892747790076, 0.0, 3.8753013800596476, 1.2000000000000002 
31.759660619947734, 9.691536778066736, 0.0, 0.0, 1.0 
25.25401945269399, 1.7591538016591148, 0.0, 0.0, 1.0 
23.471160355214167, 42.451585754416136, 0.0, 0.0, 1.0 
48.783360857120336, 37.8639540810045, 0.0, 0.0, 1.0 
14.237864865604122, 16.250180242363456, 0.0, 1.8903236533921774, 2.7000000000000015 
19.97790102740083, 57.586401884742735, 0.0, 0.0, 1.0 
21.085519661830826, 46.39452213979824, 0.0, 0.7671886462759129, 2.7000000000000015 
24.628220286494525, 46.43446712204525, 0.0, 5.500415670663705, 1.2000000000000002 
56.334681517985494, 17.429276631737974, 0.0, 0.0, 1.0 
55.773538910244, 7.1499565403295575, 0.0, 0.0, 1.0 
26.59552851012398, 3.223308289339227, 0.0, 0.0, 1.0 
48.99264383546603, 58.86986535567289, 0.0, 0.0, 1.0 
55.85009066537125, 1.3234155145618745, 0.0, 2.355895285536238, 2.7000000000000015 
25.958936500933458, 31.8178920854284, 0.0, 0.0, 1.0 
37.677181259104614, 50.003585472196434, 0.0, 1.3494207726002745, 2.7000000000000015 
59.83017085129964, 36.29894148009407, 0.0, 2.380472525056927, 1.1 
50.99986482268352, 8.82114753709917, 0.0, 0.0, 1.0 
42.474882093989144, 54.61122030329875, 0.0, 0.0, 1.0 
41.707735643013905, 35.93389760559132, 0.0, 0.0, 1.0 
0.41226512247689673, 8.781358345149178, 0.0, 6.328464937144766, 1.4000000000000004 
53.6625694062957, 10.056474251250126, 0.0, -0.711313487246957, 2.5000000000000013 
61.68788800777359, 39.40153108168636, 0.0, 0.0, 1.0 
4.590310922393837, 39.46410831340977, 0.0, 0.0, 1.0 
38.14459724946644, 31.908596746518132, 0.0, 0.0, 1.0 
17.44629348989793, 0.6359335998546372, 0.0, 0.0, 1.0 
49.45881236666421, 1.7390621188487803, 0.0, 0.0, 1.0 
22.19035918408136, 48.61183709868642, 0.0, 0.7287648463009594, 2.7000000000000015 
11.587102720332835, 52.99914506655073, 0.0, 0.0, 1.0 
1.2408664839649082, 38.49506283093531, 0.0, 1.4031849701330437, 1.2000000000000002 
43.0785948082458, 24.539222208758915, 0.0, 0.0, 1.0 
15.517322401680795, 32.42275487356654, 0.0, 0.0, 1.0 
26.351354700545805, 10.868524462136943, 0.0, 0.0, 1.0 
43.8211652365376, 4.834920057337623, 0.0, 0.0, 1.0 
11.915820613774805, 41.79397096652492, 0.0, 2.970488735465227, 2.7000000000000015 
34.20291803592077, 17.486333704472123, 0.0, 0.0, 1.0 
55.87699864739971, 32.65127662194449, 0.0, 0.0, 1.0 
41.30234274822884, 23.491375934974926, 0.0, 0.0, 1.0 
53.97514420899513, 6.477739018094731, 0.0, 2.3500330402502883, 2.7000000000000015 
51.84400892581161, 7.110580220128931, 0.0, 0.0, 1.0 
53.637716592033016, 12.984636506963346, 0.0, 0.0, 1.0 
49.344093587917975, 43.0149251944914, 0.0, 0.0, 1.0 
59.0856599697384, 2.0716339585366472, 0.0, 2.8588191662991402, 1.3000000000000003 
9.468521265339135, 56.29286082306744, 0.0, 3.0119113949870693, 2.7000000000000015 
24.209070891867466, 8.57199070952657, 0.0, 0.0, 1.0 
13.312469402756774, 52.908430148662184, 0.0, 0.0, 1.0 
35.123727061787754, 3.6709169595563966, 0.0, 0.0, 1.0 
1.2908057571326825, 2.2036242986849306, 0.0, 2.4456100290238427, 1.9000000000000008 
54.77022361684318, 47.722523546995966, 0.0, 0.0, 1.0 
55.09407066559113, 27.848981794020297, 0.0, 4.403748681686292, 1.1 
22.562962400795104, 33.939152511255784, 0.0, 0.0, 1.0 
15.530240456720007, 49.37893787358103, 0.0, 5.036133240034976, 2.6000000000000014 
34.129569090160544, 40.58635280160053, 0.0, 2.109335375355705, 1.3000000000000003 
6.147487818007059, 19.104571323476915, 0.0, 4.229370404684476, 2.7000000000000015 
27.923243254854818, 50.98328073824642, 0.0, 0.0, 1.0 
19.800723814964755, 9.80439551756071, 0.0, 4.306098576172448, 2.7000000000000015 
44.19517939564433, 55.564485871533954, 0.0, 0.0, 1.0 
19.88222985374033, 14.634559060044623, 0.0, 3.8796096812608547, 1.2000000000000002 
34.72685492451663, 59.646568906456935, 0.0, 0.0, 1.0 
21.889547132295846, 0.5234463766591146, 0.0, 0.0, 1.0 
30.055987624898812, 58.81019386272184, 0.0, 0.0, 1.0 
60.55758980538196, 17.596528955010463, 0.0, 0.0, 1.0 
28.1953583791121, 9.841516143709146, 0.0, 0.0, 1.0 
6.245660076118615, 38.38870815119251, 0.0, 3.2435097445499856, 2.7000000000000015 
27.89589147888192, 6.07488714912101, 0.0, 0.0, 1.0 
50.64137776153855, 51.05311661351841, 0.0, 0.0, 1.0 
38.61753845649859, 5.889592011517017, 0.0, 0.0, 1.0 
37.90005180540351, 27.76823028380566, 0.0, 0.0, 1.0 
9.638178652096668, 31.837037658272745, 0.0, 5.70000958650207, 2.7000000000000015 
34.29434713379455, 21.557356771956524, 0.0, 0.0, 1.0 
9.147282135625538, 9.003096695500862, 0.0, 2.871457633910907, 2.6000000000000014 
29.47401460391037, 43.11826720623705, 0.0, 3.6478174475979896, 2.7000000000000015 
24.173722280056346, 13.645008851975353, 0.0, 1.0993542165538515, 2.7000000000000015 
19.925159509966164, 18.045021671265783, 0.0, 0.0, 1.0 
24.190577804542638, 17.30547256102147, 0.0, 7.074235550217641, 2.6000000000000014 
19.658310912088456, 16.351832004113934, 0.0, 6.054037500606529, 2.7000000000000015 
57.0948402207673, 52.79730457446598, 0.0, 0.0, 1.0 
61.24130842682747, 2.141917305145023, 0.0, 2.1017987434829783, 2.6000000000000014 
19.59428129370701, 38.35419259646885, 0.0, 2.9308410415373722, 2.100000000000001 
48.577662566295885, 18.004284031112377, 0.0, 0.0, 1.0 
21.430311533020333, 23.30550823831872, 0.0, 0.0, 1.0 
6.4895639762466955, 50.27141805038872, 0.0, 0.0, 1.0 
32.35066683082707, 35.12573750674703, 0.0, 4.64334824906356, 2.6000000000000014 
59.13998196336514, 4.000540978407179, 0.0, 2.2920403340090627, 2.100000000000001 
24.86392861092577, 26.57485706312209, 0.0, 0.0, 1.0 
17.1306928178775, 48.17825275363729, 0.0, 4.123901459563908, 1.1 
0.6539200537538503, 33.600543776807555, 0.0, 0.0, 1.0 
31.66188088158388, 3.704903026522013, 0.0, 0.0, 1.0 
56.07520504588574, 34.67178770134763, 0.0, 0.0, 1.0 
46.666862632683454, 24.592000632503083, 0.0, 0.0, 1.0 
54.29284705478506, 35.68066926105391, 0.0, 0.0, 1.0 
38.47390511456566, 1.7781264495014666, 0.0, 0.0, 1.0 
61.342714498488554, 10.2702140770789, 0.0, 0.0, 1.0 
61.49283736102896, 30.179702112235486, 0.0, 0.0, 1.0 
4.038275159128755, 13.230481553590826, 0.0, 0.0, 1.0 
53.56370349363974, 2.3539120854823072, 0.0, 5.035852714209444, 1.1 
41.23298098602378, 19.41637022061224, 0.0, 0.0, 1.0 
48.109355117742304, 13.984661275152101, 0.0, 0.0, 1.0 
43.0272313713312, 20.386747775333575, 0.0, 0.0, 1.0 
26.927238454653857, 16.91031861406409, 0.0, 0.0, 1.0 
49.66471655034727, 45.04612721075381, 0.0, 0.0, 1.0 
26.200456355679687, 7.145460613130796, 0.0, 0.0, 1.0 
16.12058460312406, 22.06776804631173, 0.0, 5.012698870356799, 1.3000000000000003 
7.916109026486588, 59.177451249665864, 0.0, 0.0, 1.0 
31.618294250729942, 46.40819239509632, 0.0, 0.0, 1.0 
57.600331583603854, 55.057504298688045, 0.0, 1.3748120795278473, 1.3000000000000003 
59.04384263052101, 22.954493864008594, 0.0, 4.9338072761015574, 2.4000000000000012 
51.68162711287544, 52.70538423445469, 0.0, 0.0, 1.0 
2.6732644596912802, 14.73500173721026, 0.0, 0.0, 1.0 
37.791870851263546, 21.49724916856175, 0.0, 0.0, 1.0 
46.17499355347394, 52.95249137122662, 0.0, 0.0, 1.0 
55.81774193091183, 23.5353409687522, 0.0, 5.6242684989725715, 1.4000000000000004 
6.274998363411185, 40.5924553587941, 0.0, 0.0, 1.0 
36.73553449082224, 51.87648358389662, 0.0, 0.0, 1.0 
30.44185450297936, 23.90784094693935, 0.0, 0.0, 1.0 
61.00257957756126, 28.654255106378184, 0.0, 2.9865123909088873, 2.7000000000000015 
35.351436735105764, 13.956618159386656, 0.0, 0.0, 1.0 
2.9702771484049237, 10.276514636087697, 0.0, -0.7623850664602222, 2.6000000000000014 
16.81063792771465, 29.145345942304672, 0.0, 0.0, 1.0 
25.93359660473656, 36.18600184916155, 0.0, 0.0, 1.0 
29.75205108907019, 51.57380589258162, 0.0, 0.0, 1.0 
7.092265651514462, 57.74459041931299, 0.0, 0.0, 1.0 
43.236085484853646, 30.68279357630999, 0.0, 0.0, 1.0 
48.92277927644318, 39.49207940947716, 0.0, 0.0, 1.0 
35.2381135499083, 7.777322420853968, 0.0, 0.0, 1.0 
45.66595250182463, 1.8134408005589153, 0.0, 0.0, 1.0 
29.92155636554715, 8.697117705752133, 0.0, 0.0, 1.0 
55.20425029976464, 53.058967927026444, 0.0, 0.0, 1.0 
17.80133958349935, 9.773476001042713, 0.0, 5.414283977833725, 2.7000000000000015 
61.701131635219916, 43.495418690051515, 0.0, 0.0, 1.0 
52.68578399194591, 20.33011205971368, 0.0, 4.510463934599411, 2.200000000000001 
61.96491157866816, 45.40190246315277, 0.0, 0.0, 1.0 
50.69824669624144, 5.442355814012317, 0.0, 0.0, 1.0 
31.67998863361144, 7.701953994973217, 0.0, 0.0, 1.0 
1.277750096851466, 24.757328671313626, 0.0, 1.9371595729591453, 2.7000000000000015 
30.25420283101085, 60.37412723633219, 0.0, 3.5560689614586716, 2.7000000000000015 
16.502110314918035, 7.869765283600945, 0.0, 6.182914843565073, 2.7000000000000015 
28.79699397803461, 20.648042147831966, 0.0, 4.736124681249071, 1.1 
20.58609820383727, 33.866578529818504, 0.0, 0.0, 1.0 
28.073131269131, 45.6566653555847, 0.0, 0.0, 1.0 
18.419259173770154, 25.423096331092463, 0.0, 0.0, 1.0 
56.521226779380406, 5.620130565945358, 0.0, 2.6596863713177745, 2.6000000000000014 
49.69933281282439, 52.8403700595559, 0.0, 0.0, 1.0 
52.64810220361605, 38.69249860510546, 0.0, 0.0, 1.0 
49.801087558314975, 54.906605249245885, 0.0, 0.0, 1.0 
26.724249821407916, 55.35929408572339, 0.0, 0.0, 1.0 
14.848348200335304, 20.413997874637666, 0.0, 4.711709373339396, 2.7000000000000015 
45.81304654625479, 43.60124460256348, 0.0, 0.0, 1.0 
5.686733811795898, 52.115996496410816, 0.0, 2.9880666353212346, 2.7000000000000015 
12.786041356229477, 36.20812583896722, 0.0, 0.0, 1.0 
26.813807206612207, 47.12298677910968, 0.0, 0.0, 1.0 
41.78340861544435, 49.8721212111654, 0.0, 2.4935728903173873, 2.7000000000000015 
16.283127076942495, 56.77077135835243, 0.0, 5.003017292059703, 2.7000000000000015 
57.1517681000923, 15.378691438988598, 0.0, 0.0, 1.0 
36.0089719036959, 41.30253228198307, 0.0, 0.0, 1.0 
61.44052935802333, 35.01913025886705, 0.0, 1.5791285995745934, 1.3000000000000003 
24.48056482269274, 28.598256334650706, 0.0, 0.0, 1.0 
29.63734694818674, 37.870149348974216, 0.0, 0.0, 1.0 
43.82083625197129, 59.211131804223974, 0.0, 0.0, 1.0 
26.108151315496734, 58.75033002961041, 0.0, 0.0, 1.0 
59.97660652574673, 52.84012722172579, 0.0, 3.2626440332953273, 2.7000000000000015 
46.7700064071485, 22.70372955986505, 0.0, 0.0, 1.0 
11.226597693921692, 25.934477444148214, 0.0, 6.1406731010521005, 2.7000000000000015 
55.01880782224419, 60.63223748266187, 0.0, 5.001597687417676, 2.7000000000000015 
57.6948739644618, 20.41596832489805, 0.0, 1.148594777010521, 2.7000000000000015 
47.937640554714505, 55.756921902534565, 0.0, 0.0, 1.0 
34.36265976781988, 19.524674419556852, 0.0, 0.0, 1.0 
57.61947410603471, 50.97805048915764, 0.0, 3.9627164477283947, 2.6000000000000014 
5.668252826402139, 8.930941070730306, 0.0, 5.595401992226861, 2.7000000000000015 
52.57933814788721, 34.694125695145026, 0.0, 0.0, 1.0 
30.738882086583228, 20.064817111698755, 0.0, 0.0, 1.0 
18.97462300529803, 4.211381383824694, 0.0, 6.386260358290961, 2.300000000000001 
51.494171838381774, 45.696297691492745, 0.0, 0.0, 1.0 
46.09848384196032, 54.78220766448465, 0.0, 0.0, 1.0 
30.44462493879629, 16.706952858479216, 0.0, 0.0, 1.0 
19.415647678787664, 7.135386695917851, 0.0, -0.7772542953677652, 2.7000000000000015 
43.920857542410886, 6.846175030982926, 0.0, 0.0, 1.0 
30.246021534354522, 14.752789398763621, 0.0, 0.0, 1.0 
26.836789990589242, 40.39993695488457, 0.0, 0.0, 1.0 
19.386786226466814, 60.67659478152817, 0.0, 1.2909204162394585, 2.000000000000001 
36.62317879526258, 43.23948217734471, 0.0, 0.0, 1.0 
48.43459226284817, 29.374901540390262, 0.0, 0.0, 1.0 
37.84496868461889, 25.653404484608455, 0.0, 0.0, 1.0 
6.907899034444601, 4.403545577238716, 0.0, 6.548634331919622, 2.6000000000000014 
44.871385138855246, 27.533955883888908, 0.0, 0.0, 1.0 
34.89781740078101, 34.25232959625941, 0.0, 0.0, 1.0 
14.219865205198625, 51.509333283489184, 0.0, 3.857207506334127, 2.7000000000000015 
30.273175174714673, 39.926374973107485, 0.0, 1.1111873542329025, 1.1 
45.61983501182042, 5.718422549051016, 0.0, 0.0, 1.0 
30.163479714927107, 12.724651856308379, 0.0, 0.0, 1.0 
33.96356084760476, 42.522329734546815, 0.0, 3.240553142758953, 1.7000000000000006 
47.56610822424142, 11.683882256307742, 0.0, 0.6853599643499537, 2.5000000000000013 
42.73461203018422, 52.772255609399544, 0.0, 0.0, 1.0 
30.053740596692705, 10.702711914928127, 0.0, 0.0, 1.0 
34.80988396420964, 36.31050876140731, 0.0, 0.0, 1.0 
37.11239670544178, 10.82563815623114, 0.0, 0.0, 1.0 
40.94269439918757, 53.64569062410454, 0.0, 0.0, 1.0 
4.13360116219775, 56.716404929459195, 0.0, -1.7683039400897287, 2.6000000000000014 
49.99681717798168, 28.236228666500317, 0.0, 7.972279043957147, 2.7000000000000015 
58.65291717108909, 28.03855943113231, 0.0, 0.0, 1.0 
34.621409036590855, 30.207674635450523, 0.0, 0.0, 1.0 
59.735890422351, 0.5112500747868859, 0.0, 3.042934371892735, 2.4000000000000012 
57.69527713975886, 3.6760114901544294, 0.0, 0.0, 1.0 
52.07240624686659, 60.87534878547033, 0.0, 0.0, 1.0 
57.21939637911566, 24.78301042351237, 0.0, 0.0, 1.0 
47.46832452639792, 42.34538531181292, 0.0, 0.0, 1.0 
5.062738171454949, 53.58706846881949, 0.0, 0.0, 1.0 
50.31943566066792, 13.014128171565806, 0.0, 0.025101844596939864, 2.7000000000000015 
20.622537054514556, 31.76234785201895, 0.0, 0.0, 1.0 
1.7444784924554302, 50.32193824063002, 0.0, 0.0, 1.0 
40.040214301488355, 39.060077080789576, 0.0, 0.0, 1.0 
18.156923964693178, 47.09122806967171, 0.0, 7.056727512826281, 2.7000000000000015 
14.191050213424717, 9.16157588118593, 0.0, 6.015409088035103, 2.7000000000000015 
40.29877832668106, 57.145480225904976, 0.0, 0.0, 1.0 
45.38249296809399, 3.684330339165561, 0.0, 0.0, 1.0 
0.7416928669832217, 54.219787536353394, 0.0, 2.7118119348128435, 2.7000000000000015 
58.906962612042946, 32.14126468371051, 0.0, 0.0, 1.0 
47.471684880694205, 0.8318974887645724, 0.0, 0.0, 1.0 
24.666069626514467, 54.82733005551964, 0.0, 0.0615531912436968, 1.3000000000000003 
33.097540073297345, 31.98330468129141, 0.0, 5.0444785606825375, 2.7000000000000015 
17.497420927214606, 56.027284258914335, 0.0, 4.732696024216618, 2.7000000000000015 
44.737347629111504, 16.177774309605873, 0.0, 0.0, 1.0 
25.373168554867576, 13.192911050523028, 0.0, 1.4893600964208382, 2.7000000000000015 
30.726459148668777, 48.154428717511365, 0.0, 0.0, 1.0 
38.19393282966125, 36.036524783465545, 0.0, 0.0, 1.0 
41.70664394406819, 40.121607164639585, 0.0, 0.0, 1.0 
23.276003876484125, 18.397759046444133, 0.0, 0.0, 1.0 
61.97064709902803, 47.33835361824108, 0.0, 0.0, 1.0 
20.72812776014582, 3.6674420528785, 0.0, 0.2738303038633444, 2.300000000000001 
18.935951231553037, 0.3635909409082283, 0.0, 1.163638444863696, 2.7000000000000015 
8.09673340345952, 51.061699787765356, 0.0, 0.0, 1.0 
21.90605322103668, 15.092456443908194, 0.0, 0.0, 1.0 
38.885200706133816, 8.153417244100917, 0.0, 0.0, 1.0 
29.918125649932488, 18.6756285117861, 0.0, 0.0, 1.0 
44.822431170230125, 25.53398370460583, 0.0, 0.0, 1.0 
60.53265298857334, 51.73870771853822, 0.0, 3.041237164916281, 2.7000000000000015 
22.45900805461928, 12.202450399861998, 0.0, 1.2595217767404379, 2.7000000000000015 
11.039712600660799, 16.85818835534914, 0.0, 4.561504947113617, 2.7000000000000015 
9.594769089709517, 35.802336169320405, 0.0, 4.553044506915139, 1.3000000000000003 
32.07892373244144, 25.00246224875999, 0.0, 0.0, 1.0 
13.520125457087403, 30.037328945234023, 0.0, 0.0, 1.0 
11.255651131778393, 27.066975049979078, 0.0, -0.4331046729535627, 2.7000000000000015 
23.66029590738834, 44.44722389828437, 0.0, 3.740227682869903, 1.2000000000000002 
23.10617831211363, 53.37084830618767, 0.0, 6.552717361522255, 2.7000000000000015 
36.0444883455533, 22.555236681230973, 0.0, 0.0, 1.0 
36.865147666267646, 4.785698849037588, 0.0, 0.0, 1.0 
55.121449826244636, 13.679626281478766, 0.0, 0.0, 1.0 
21.810026711570725, 41.58338348116935, 0.0, 4.551990850625627, 2.5000000000000013 
53.044454105210214, 44.72692273112559, 0.0, 0.0, 1.0 
29.281902126579777, 33.869464908965796, 0.0, 0.0, 1.0 
48.607101822403365, 21.830276866699425, 0.0, 0.0, 1.0 
13.182758069531268, 21.080944430323246, 0.0, 5.449192941542597, 2.7000000000000015 
58.65036010802217, 61.52821028044831, 0.0, 6.3525561211252315, 2.7000000000000015 
50.013823094713345, 14.768087055546967, 0.0, 0.0, 1.0 
11.010348421471162, 58.33815503326532, 0.0, 0.0, 1.0 
28.78984665808906, 47.54462580201999, 0.0, 0.0, 1.0 
6.5325115265197775, 35.490604511526875, 0.0, 0.0, 1.0 
25.714028949348403, 57.072346633096586, 0.0, 0.0, 1.0 
20.42011787366927, 36.04296793330408, 0.0, 0.0, 1.0 
33.50287744702747, 8.776568559641722, 0.0, 0.0, 1.0 
21.106988717530456, 54.11728734607794, 0.0, 0.0, 1.0 
60.114415487031465, 46.53261091007489, 0.0, 0.0, 1.0 
27.915507245048744, 4.378047800607689, 0.0, 0.0, 1.0 
11.412999322447156, 45.0647560996747, 0.0, 0.0, 1.0 
19.07271806237187, 12.71615956481852, 0.0, 2.609202482374757, 1.2000000000000002 
0.15465069400712425, 58.66294079749843, 0.0, 1.474056516086376, 1.1 
45.90930659696752, 56.54835411593758, 0.0, 0.0, 1.0 
50.98478849180769, 19.0136414374044, 0.0, 2.933461379966059, 1.1 
62.02355007559125, 25.49747463014305, 0.0, 1.9241707127246044, 2.7000000000000015 
12.377119005566982, 54.74656008901916, 0.0, 0.0, 1.0 
33.94759387403773, 54.8227497826657, 0.0, 0.0, 1.0 
49.23996643023873, 62.049369860347966, 0.0, 0.0, 1.0 
53.3565693927106, 53.23099788517873, 0.0, 0.0, 1.0 
50.73284199120984, 58.611649069266456, 0.0, 0.0, 1.0 
43.19665012206002, 9.398591955154776, 0.0, 0.24668967602962522, 2.4000000000000012 
24.585472699068422, 51.509931235561076, 0.0, 6.4696674409500385, 2.7000000000000015 
61.587363358687256, 37.262476103834665, 0.0, 4.273144334524274, 1.1 
14.776734880414052, 53.891665959704056, 0.0, 0.0, 1.0 
1.0763601857829541, 42.68388350972425, 0.0, 0.0, 1.0 
20.937930044917238, 25.562270886978656, 0.0, 3.1921029011802173, 1.4000000000000004 
60.07896950469601, 15.602079554482247, 0.0, 0.0, 1.0 
36.69659511294036, 0.7203422279667098, 0.0, 0.0, 1.0 
16.483958150696477, 50.425257246344266, 0.0, 4.897849618235792, 2.7000000000000015 
55.18628102229432, 29.933516583077424, 0.0, 0.0, 1.0 
17.894014973331377, 20.979564312823847, 0.0, 0.0, 1.0 
6.6605297566626644, 54.21861133916182, 0.0, 0.0, 1.0 
43.5717485627759, 40.924351678781285, 0.0, 0.0, 1.0 
25.08433417821609, 23.07020121401591, 0.0, 0.0, 1.0 
29.62208865849385, 29.93798125681401, 0.0, 0.0, 1.0 
61.18027067368281, 4.044970456789465, 0.0, 2.6665270589296126, 2.6000000000000014 
15.81960854456496, 0.9524316909072201, 0.0, 5.12383849544921, 2.5000000000000013 
16.762638489873243, 58.848319442427226, 0.0, 5.234156190723543, 1.7000000000000006 
35.4129383177537, 11.91635596360472, 0.0, 0.0, 1.0 
6.460161315740356, 33.437952801290166, 0.0, 0.0, 1.0 
23.625552893112943, 61.856454516268364, 0.0, 0.0, 1.0 
32.032856635686855, 54.198174060824904, 0.0, 0.0, 1.0 
10.074193012048498, 61.828973960365914, 0.0, -1.6910953915876539, 2.7000000000000015 
9.39696880730392, 11.893336992033705, 0.0, 0.0, 1.0 
39.86687556251801, 32.88414163834774, 0.0, 0.0, 1.0 
34.87903274537747, 1.5143644404644532, 0.0, 0.0, 1.0 
26.062649747633024, 50.476072749202444, 0.0, 0.0, 1.0 
55.14943166525685, 15.77145398444069, 0.0, 0.0, 1.0 
60.37731559885352, 26.978841424050547, 0.0, 0.0, 1.0 
54.67817253415844, 43.69103290784517, 0.0, 0.0, 1.0 
4.310601456398324, 17.0417288071066, 0.0, 4.2402525309807775, 2.5000000000000013 
46.301826067353794, 12.160296278941317, 0.0, 0.6560150627801512, 2.7000000000000015 
42.08482320480283, 60.12684318273624, 0.0, 0.0, 1.0 
36.499179795011905, 33.08426048185103, 0.0, 0.0, 1.0 
34.492703917677225, 28.40315848894425, 0.0, 0.0, 1.0 
61.626338530123036, 41.43096928353393, 0.0, 0.0, 1.0 
35.274124040659764, 9.864232683799832, 0.0, 0.0, 1.0 
33.60907993769574, 10.841311849004372, 0.0, 0.0, 1.0 
55.12427816467926, 10.016851930677939, 0.0, -1.2793549351167788, 2.4000000000000012 
39.59430082868852, 26.643797047077804, 0.0, 0.0, 1.0 
36.705446252139176, 60.95814561202408, 0.0, 0.0, 1.0 
21.144789952070862, 61.26473769393969, 0.0, 0.0, 1.0 
25.017232126823266, 19.490869893984613, 0.0, 0.0, 1.0 
57.942270048334244, 35.45954834923023, 0.0, 0.0, 1.0 
4.605305205817432, 20.005344848432486, 0.0, 5.043023205157569, 2.7000000000000015 
54.385732554515265, 31.662931945856794, 0.0, 0.0, 1.0 
58.114080822666864, 41.55192826997961, 0.0, 0.0, 1.0 
56.27479985903786, 11.226544635667397, 0.0, 0.0, 1.0 
2.759696369696525, 39.888800597483836, 0.0, 0.0, 1.0 
37.78547615803899, 19.431582713742436, 0.0, 0.0, 1.0 
3.2658990868635307, 32.723824583307184, 0.0, 0.0, 1.0 
22.783844891425208, 54.801010616637534, 0.0, 0.0, 1.0 
8.673841948152143, 27.72172012449659, 0.0, 5.503970269150461, 2.7000000000000015 
21.347168538933566, 6.020739740993075, 0.0, 5.042691412113016, 2.7000000000000015 
28.73890317674957, 22.774085369675817, 0.0, 0.0, 1.0 
8.055694462271651, 52.87712271790726, 0.0, 0.0, 1.0 
49.10328261001744, 41.17673210650087, 0.0, 0.0, 1.0 
28.743686552194013, 17.193407582049193, 0.0, 0.0, 1.0 
41.726351473342476, 14.29978091256962, 0.0, 0.0, 1.0 
25.059281355954596, 24.796606694064717, 0.0, 0.0, 1.0 
8.38554397154168, 24.83860476690668, 0.0, 0.6140638500487944, 2.7000000000000015 
18.78439891759506, 34.85712352762935, 0.0, 0.0, 1.0 
29.188701624857188, 0.7324696168429896, 0.0, 0.0, 1.0 
49.08460596178205, 19.90766680301452, 0.0, 0.0, 1.0 
27.589682167925538, 32.94761051310251, 0.0, 0.0, 1.0 
23.42297714134578, 47.82790976181602, 0.0, 0.0, 1.0 
22.671551996450887, 29.442531649647645, 0.0, 0.0, 1.0 
36.69276662670233, 59.057178864516324, 0.0, 0.0, 1.0 
54.57802428338742, 41.667173350893485, 0.0, 0.0, 1.0 
27.78454378759049, 37.05968135787228, 0.0, 0.0, 1.0 
40.55862163102358, 43.544084967542624, 0.0, 0.0, 1.0 
32.465046624807805, 19.027202487492236, 0.0, 0.0, 1.0 
38.49015583563313, 58.061192014833416, 0.0, 0.0, 1.0 
18.074121625913833, 18.870652794302032, 0.0, 0.0, 1.0 
11.338704309439617, 34.92718220315076, 0.0, 0.0, 1.0 
47.20124077420655, 9.193174154353702, 0.0, 0.0, 1.0 
3.570458995732946, 49.35818726305308, 0.0, 0.0, 1.0 
40.516343093337895, 55.41964690785134, 0.0, 0.0, 1.0 
46.471211852847254, 7.46752310870061, 0.0, 0.0, 1.0 
39.698643534398805, 28.734165514815885, 0.0, 0.0, 1.0 
36.038583566054335, 20.489234253904094, 0.0, 0.0, 1.0 
53.480234829149424, 56.06579982609727, 0.0, 0.0, 1.0 
2.103391041916386, 58.28226249855449, 0.0, 2.1633078615359156, 1.5000000000000004 
42.24576743098339, 7.7814804782716775, 0.0, 0.0, 1.0 
47.34577534301409, 48.98705191834916, 0.0, 3.3459487814058977, 2.7000000000000015 
32.89185660784879, 27.009998903459802, 0.0, 4.8647552412601875, 2.7000000000000015 
48.43356933075888, 27.42679036614311, 0.0, 0.0, 1.0 
60.42489839544726, 20.65473568043135, 0.0, -0.18381922919493782, 2.7000000000000015 
38.47956522630388, 62.009955014470286, 0.0, 0.0, 1.0 
12.36425578622314, 59.52321445910108, 0.0, -1.462921837941223, 2.7000000000000015 
3.521169753734284, 54.09140657887749, 0.0, -2.3508926891762782, 2.7000000000000015 
44.922201036877986, 29.53149846794683, 0.0, 0.0, 1.0 
35.83011545700178, 46.14298904830545, 0.0, 0.0, 1.0 
42.980665424813225, 18.33642358029907, 0.0, 0.0, 1.0 
58.77202064873741, 25.96534527354839, 0.0, 0.0, 1.0 
21.73198121393269, 17.13614937512914, 0.0, 0.0, 1.0 
44.3567075850767, 53.792514893663544, 0.0, 0.0, 1.0 
17.448781184143538, 27.231544853878162, 0.0, 0.0, 1.0 
21.1079996592686, 13.18251605501639, 0.0, 0.0, 1.0 
49.63097280681034, 60.33659188637211, 0.0, 2.9882893371785006, 2.7000000000000015 
33.461486010251015, 6.76235951594319, 0.0, 0.0, 1.0 
23.909124501264323, 11.198798764987602, 0.0, 1.1711748679127272, 2.7000000000000015 
9.68016019543259, 28.802383338027095, 0.0, 5.918499934863235, 2.100000000000001 
19.731292863980247, 20.063173433840355, 0.0, 0.0, 1.0 
51.39591393393879, 29.275921076232194, 0.0, 0.0, 1.0 
31.223255093104445, 50.154722487848915, 0.0, 0.0, 1.0 
45.71867729959782, 58.35755261520127, 0.0, 0.0, 1.0 
29.874231265680184, 4.590755603477875, 0.0, 0.0, 1.0 
54.722147290561644, 45.754398876973056, 0.0, 0.0, 1.0 
23.524746124283382, 1.5683826074999545, 0.0, 0.0, 1.0 
10.059064325521348, 52.73383130019323, 0.0, 2.1976162999504965, 2.000000000000001 
6.377762437728261, 30.025972780624798, 0.0, 1.1191284388817861, 1.2000000000000002 
52.99414567508367, 46.77288360085223, 0.0, 0.0, 1.0 
2.907136783208343, 51.812387849658464, 0.0, 0.0, 1.0 
26.86843507007084, 22.109489445288556, 0.0, 0.0, 1.0 
44.014872869681106, 57.34939242229057, 0.0, 0.0, 1.0 
13.621162222080152, 2.227077631227536, 0.0, 4.5472672851061295, 2.7000000000000015 
3.0539466749954376, 37.642833862644586, 0.0, 1.2232629219509383, 1.9000000000000008 
50.748455477811916, 49.001512183086376, 0.0, 0.0, 1.0 
14.949547667423111, 39.788697167752076, 0.0, 3.748524043378412, 2.200000000000001 
7.405017112636086, 26.230116110677418, 0.0, 3.5029711230989777, 1.6000000000000005 
36.42084939008186, 31.00212177922399, 0.0, 0.0, 1.0 
33.40662242859925, 4.706445289331388, 0.0, 0.0, 1.0 
6.610302954216624, 5.594287050034439, 0.0, 6.359816525909039, 2.7000000000000015 
7.824527169495894, 36.93065334116312, 0.0, 5.511042682991398, 1.3000000000000003 
59.441878334851786, 10.236176048372275, 0.0, 0.0, 1.0 
20.323704997377185, 1.3701144513329695, 0.0, 1.5150386535546403, 2.7000000000000015 
13.69967896472887, 49.64241987668512, 0.0, 0.0, 1.0 
7.191422336158678, 42.32497086849194, 0.0, 3.3225101363097402, 2.7000000000000015 
43.36466675545603, 46.620509496808765, 0.0, 0.0, 1.0 
1.552176520563117, 21.510759705043185, 0.0, -0.5638746895686377, 2.7000000000000015 
2.7364864212590985, 17.404719615460124, 0.0, 0.0, 1.0 
15.058009039917462, 24.23856846983789, 0.0, 0.0, 1.0 
50.927937466679886, 20.973401246024707, 0.0, 0.07545663829064914, 1.2000000000000002 
5.027301057574999, 11.441446078600826, 0.0, 0.0, 1.0 
48.46737008344584, 15.99959941959657, 0.0, 0.0, 1.0 
54.74506356733014, 20.524602599753187, 0.0, 6.989533123906999, 2.7000000000000015 
22.999224387340192, 56.46547567841064, 0.0, 0.0, 1.0 
23.2052491127499, 22.40600332310266, 0.0, 0.0, 1.0 
3.4212142737287854, 11.494225471916106, 0.0, 5.282776764355005, 2.7000000000000015 
23.053312340488134, 24.503297985105974, 0.0, 0.0, 1.0 
45.6362884397965, 62.211822070546546, 0.0, 0.0, 1.0 
48.903330322552655, 48.06390373157199, 0.0, 0.0, 1.0 
33.02528983190873, 50.79046215959625, 0.0, 0.0, 1.0 
41.36522875880718, 27.651562662959158, 0.0, 0.0, 1.0 
23.813905153143, 15.245936680086192, 0.0, 1.0123918514603856, 2.7000000000000015 
46.5815930639273, 30.314145687001965, 0.0, 0.0, 1.0 
30.830277280680892, 1.9833728795586785, 0.0, 0.0, 1.0 
31.641416972741396, 5.704623215691641, 0.0, 0.0, 1.0 
24.361953525123873, 49.65603571834901, 0.0, 0.0, 1.0 
37.16022480482321, 13.293024578293005, 0.0, 0.0, 1.0 
56.321685748072774, 40.58183670465105, 0.0, 0.0, 1.0 
2.7719188090647604, 41.934377756431125, 0.0, 0.0, 1.0 
34.83985711984524, 38.401954344078355, 0.0, 0.0, 1.0 
19.56705162689555, 49.41184205928593, 0.0, 6.885203231688469, 2.7000000000000015 
51.40852876120796, 10.235516912269, 0.0, -0.23264736643689432, 2.5000000000000013 
40.876923826508076, 9.841089850480659, 0.0, 0.21373380878794554, 2.7000000000000015 
21.56548060762881, 8.187264719325466, 0.0, 2.6948532365872047, 2.7000000000000015 
52.8570953084773, 8.718700792530592, 0.0, 0.0, 1.0 
7.095673408699421, 14.925304107073083, 0.0, 0.0, 1.0 
12.129102864661483, 23.68143471597856, 0.0, 4.2404882216073725, 2.7000000000000015 
12.64088159260912, 46.44631562737858, 0.0, 2.1133501263060763, 2.7000000000000015 
48.710194633322594, 10.889347448773586, 0.0, 0.3589087241008169, 2.7000000000000015 
9.942771468672454, 50.980862085426594, 0.0, 2.121575901487828, 2.7000000000000015 
47.82309933955155, 52.01275562619422, 0.0, 0.0, 1.0 
58.48325386939227, 13.793994043629384, 0.0, 0.0, 1.0 
5.4442786191031445, 44.798507502596884, 0.0, 0.6166634859643177, 2.6000000000000014 
48.877394344958965, 32.902187417296304, 0.0, 0.0, 1.0 
6.735184684360972, 12.211173311860582, 0.0, 0.0, 1.0 
60.016020440308324, 44.549706613065204, 0.0, 0.0, 1.0 
55.87834408136709, 51.15430629463524, 0.0, 0.0, 1.0 
7.229930462725946, 43.978559690598125, 0.0, 0.7034853636389088, 2.4000000000000012 
24.953764605418495, 21.366831379826372, 0.0, 0.0, 1.0 
7.3404929159010575, 46.914260567760586, 0.0, 6.808263445485042, 2.7000000000000015 
42.24529059052538, 56.347881337108, 0.0, 0.0, 1.0 
10.991242438153245, 12.025971240385848, 0.0, 5.344861619786975, 2.6000000000000014 
39.95302245126835, 34.9303979688407, 0.0, 0.0, 1.0 
5.259706281762417, 6.732016770533222, 0.0, 6.163546154319529, 2.7000000000000015 
56.26025865610844, 38.58149863228618, 0.0, 0.0, 1.0 
11.997317952675285, 51.05304568321941, 0.0, 4.063030367950496, 1.1 
0.4867798313528962, 31.474354554022323, 0.0, 0.0, 1.0 
8.1412566066549, 60.51708762898802, 0.0, -0.18196770082882563, 1.8000000000000007 
43.15304152101083, 28.58281201768813, 0.0, 0.0, 1.0 
28.446727068021648, 13.754006576267187, 0.0, 0.0, 1.0 
43.056600032733186, 22.472963594216477, 0.0, 0.0, 1.0 
12.066210842820166, 15.548862421427067, 0.0, 4.095244631209748, 2.7000000000000015 
60.1566583909342, 11.945955712157032, 0.0, 0.0, 1.0 
26.369798136047507, 27.78321036320419, 0.0, 0.0, 1.0 
44.3318898001925, 49.63559697925248, 0.0, 3.1220119534961963, 1.6000000000000005 
16.777981654211896, 24.61959530284846, 0.0, 0.0, 1.0 
15.780276584799154, 61.243651385358156, 0.0, 5.5315096024209, 2.7000000000000015 
39.55377655394499, 24.61502811067054, 0.0, 0.0, 1.0 
11.258946967568576, 39.291329985139676, 0.0, -0.21136708534167012, 2.6000000000000014 
9.948226948411667, 17.726502064148573, 0.0, 4.506044166220282, 2.6000000000000014 
42.99423731836538, 50.91559254004647, 0.0, 0.0, 1.0 
57.7770351016002, 9.787810614882245, 0.0, 0.0, 1.0 
12.145502260800491, 56.800728802445136, 0.0, 0.0, 1.0 
9.950850983129296, 4.9943950206752525, 0.0, -0.21673914397680025, 2.7000000000000015 
38.54893138030147, 3.8490756785968063, 0.0, 0.0, 1.0 
44.85275112300643, 23.55457501736959, 0.0, 0.0, 1.0 
30.924474657090528, 34.7031297469958, 0.0, 0.0, 1.0 
33.36392471298143, 45.44214284174048, 0.0, 0.0, 1.0 
50.88650532407068, 39.807457433367155, 0.0, 0.0, 1.0 
22.741473156681227, 59.9922768149227, 0.0, 0.0, 1.0 
6.268981384220807, 21.90647606891138, 0.0, 1.2059106369656623, 2.7000000000000015 
26.661599643905387, 18.89045773166825, 0.0, 0.8302904281489212, 2.7000000000000015 
24.559356971318604, 6.28560343551811, 0.0, 7.570396183849109, 2.6000000000000014 
58.7656783593092, 53.9192465557754, 0.0, -2.0650704773214694, 2.7000000000000015 
58.30686534731793, 45.611023415731594, 0.0, 0.0, 1.0 
18.917937696925502, 30.715377666810763, 0.0, 0.0, 1.0 
42.03944086201353, 1.7995967509390625, 0.0, 0.0, 1.0 
17.17079377797857, 31.48292863564668, 0.0, 0.0, 1.0 
11.282049070158095, 62.03690562659528, 0.0, 4.809248668460651, 2.7000000000000015 
57.06540145477987, 31.259537055276912, 0.0, 0.0, 1.0 
54.494062827609156, 39.648694202928176, 0.0, 0.0, 1.0 
27.784279430940277, 30.897359588340525, 0.0, 0.0, 1.0 
4.450852059094463, 47.46141026021986, 0.0, 0.0, 1.0 
19.258885116962965, 53.708891395755764, 0.0, 5.887014465173533, 2.7000000000000015 
39.13341014400407, 54.22654573700879, 0.0, 0.0, 1.0 
56.56376245681647, 48.71085437452298, 0.0, 0.0, 1.0 
59.90668175766682, 40.44148126702134, 0.0, 0.0, 1.0 
30.01988102967315, 45.1595600019186, 0.0, 0.0, 1.0 
46.675165947437954, 28.40527524434051, 0.0, 0.0, 1.0 
57.70704440114545, 7.387297558432172, 0.0, 0.0, 1.0 
21.317686415590117, 56.16826817060894, 0.0, 0.0, 1.0 
59.62947716709381, 6.9814933503212995, 0.0, 0.0, 1.0 
34.627092376584265, 56.96418305513737, 0.0, 0.0, 1.0 
56.92156394607093, 26.92506685516136, 0.0, 0.0, 1.0 
21.389169514685733, 27.819811052469877, 0.0, 0.0, 1.0 
27.939374498930874, 28.912030198357616, 0.0, 0.0, 1.0 
16.405623695840177, 53.44798807001184, 0.0, 4.431125403912074, 2.7000000000000015 
6.6191694751148376, 10.161354885793715, 0.0, 0.0, 1.0 
47.243263295962684, 33.73649683665004, 0.0, 0.0, 1.0 
4.574971906926122, 41.51867869789812, 0.0, 0.0, 1.0 
49.98723048515947, 7.164955694892444, 0.0, 0.0, 1.0 
32.18172807016244, 17.365128478820115, 0.0, 0.0, 1.0 
22.481720123060626, 31.494063247426432, 0.0, 0.0, 1.0 
55.418459436610625, 18.962401945866677, 0.0, 0.8348534399714227, 2.300000000000001 
1.0227750084132974, 10.502624605261959, 0.0, 0.0, 1.0 
47.19405218855235, 50.26699917429357, 0.0, 0.0, 1.0 
31.331683404620392, 57.55867798979449, 0.0, 0.0, 1.0 
2.5052893600107096, 47.615862579593326, 0.0, 4.965105721129873, 1.4000000000000004 
39.58579188935256, 22.504028693667017, 0.0, 0.0, 1.0 
50.314763172271924, 17.125479806305773, 0.0, 0.0, 1.0 
37.97017695078683, 46.982070669968046, 0.0, 0.0, 1.0 
21.524989569682795, 19.200787578039037, 0.0, 0.0, 1.0 
40.049327113752575, 41.43185326814626, 0.0, 4.4537578124458514, 1.1 
58.364824896246816, 49.363962261114374, 0.0, 0.0, 1.0 
56.43440602244363, 8.905326155392835, 0.0, 0.0, 1.0 
17.70095411085336, 52.62761258043264, 0.0, 0.0, 1.0 
36.64941637324569, 57.0980734426939, 0.0, 0.0, 1.0 
24.499587357396358, 37.58410405790814, 0.0, 0.0, 1.0 
10.488412399043648, 54.67418733578011, 0.0, 0.0, 1.0 
52.69107785818575, 5.701329150783269, 0.0, 0.0, 1.0 
27.059599294408965, 42.43413860630059, 0.0, 0.0, 1.0 
10.57615662408514, 6.197089554376374, 0.0, 5.795595587028951, 2.300000000000001 
4.622928074741948, 8.169720503362953, 0.0, 5.795239961920087, 2.7000000000000015 
15.891900854200966, 45.06376501673214, 0.0, 2.12394673098241, 2.5000000000000013 
3.263386904639741, 2.595687826288939, 0.0, 2.2043335745536745, 2.7000000000000015 
4.682184494155924, 15.181753548142197, 0.0, 0.0, 1.0 
24.668999728012768, 39.61371575629349, 0.0, 0.0, 1.0 
31.489537324471733, 26.993074078737607, 0.0, 0.0, 1.0 
26.77443550334083, 25.821442982523575, 0.0, 0.0, 1.0 
39.810735818473404, 30.809778907144945, 0.0, 0.0, 1.0 
26.04822849733715, 45.355411235607924, 0.0, 0.0, 1.0 
8.288861202826903, 20.943692376579282, 0.0, 4.003252535169195, 2.6000000000000014 
51.105877293325186, 24.80288439057579, 0.0, 5.565872550781757, 1.1 
54.68255576325936, 49.532266302811735, 0.0, 0.0, 1.0 
26.797231882639945, 20.47474403647979, 0.0, 0.0, 1.0 
27.537125401401077, 34.94270196403553, 0.0, 0.0, 1.0 
36.12919540390404, 48.09952240043043, 0.0, 0.0, 1.0 
4.614769477965691, 33.46738924220262, 0.0, 5.392011950253198, 1.7000000000000006 
21.8508614164733, 2.4057242119473603, 0.0, 0.0, 1.0 
54.277920323560465, 33.68609225592797, 0.0, 0.0, 1.0 
58.24422256510662, 16.325447333443197, 0.0, 5.087870189598897, 2.7000000000000015 
49.07111162013961, 34.613385313284134, 0.0, 0.0, 1.0 
10.808625948760465, 46.98579504164681, 0.0, 0.0, 1.0 
2.567016191987711, 28.602899317680436, 0.0, 1.6602529974016986, 2.7000000000000015 
22.612921604348543, 50.29785328952396, 0.0, 0.2594825048734538, 2.7000000000000015 
58.907626621131676, 5.708004180890653, 0.0, 2.8617683381201258, 2.7000000000000015 
19.7440602607187, 55.37178297980433, 0.0, 0.0, 1.0 
22.655547188207624, 45.92920226858663, 0.0, 0.0, 1.0 
24.77195623717028, 3.752663372340362, 0.0, 0.0, 1.0 
42.04349658395589, 3.785726945564538, 0.0, 0.0, 1.0 
62.14625084495544, 16.998565907004554, 0.0, 4.61920612904321, 2.4000000000000012 
33.31605392302619, 2.662566073601358, 0.0, 0.0, 1.0 
14.33788181824695, 45.73373551739363, 0.0, 1.6130724070285092, 2.7000000000000015 
26.343617786991366, 38.45377693501457, 0.0, 0.0, 1.0 
3.0669170116522935, 19.43170514625874, 0.0, 5.524943298645039, 1.3000000000000003 
26.717764128874407, 14.819863044273873, 0.0, 0.0, 1.0 
29.287917561452787, 49.58444953127141, 0.0, 0.0, 1.0 
61.048985752749765, 54.15814324677464, 0.0, 2.653924551106366, 2.5000000000000013 
19.564234907610178, 27.039071617367753, 0.0, 0.0, 1.0 
51.551685200513525, 2.018022986680733, 0.0, 0.0, 1.0 
15.587174521039099, 26.388134434186746, 0.0, 1.7923823037957298, 1.1 
42.11930067483155, 58.18043608601826, 0.0, 0.0, 1.0 
20.296779485003754, 42.55758251124095, 0.0, 0.0, 1.0 
1.0000969493275191, 6.954822984251475, 0.0, 1.1426076294743552, 2.7000000000000015 
60.76006439622907, 57.619897404721854, 0.0, 5.984680268691634, 2.7000000000000015 
56.60631377162718, 13.666226407553404, 0.0, 1.8595398769823703, 2.5000000000000013 
53.27361684801199, 28.579040269289962, 0.0, 3.7755479263245553, 1.1 
55.01342565194794, 4.013089714127806, 0.0, 1.432773234487358, 2.7000000000000015 
28.738779721198014, 55.20776113932973, 0.0, 0.0, 1.0 
44.99317387042054, 19.87412599252193, 0.0, 0.0, 1.0 
56.49828838923327, 44.64863116023064, 0.0, 0.0, 1.0 
47.15662048494491, 40.549142788486904, 0.0, 0.0, 1.0 
47.27922891931204, 59.49168353744754, 0.0, 0.0, 1.0 
5.017949999183683, 28.800201104547476, 0.0, 1.8966063157943476, 2.7000000000000015 
40.280014728807146, 59.053031782905734, 0.0, 0.0, 1.0 
57.28415727707776, 1.6861059466328403, 0.0, 1.9103298102324318, 2.7000000000000015 
58.050347818567424, 39.49277469086918, 0.0, 0.0, 1.0 
49.281175746652266, 9.343207000167194, 0.0, 0.0, 1.0 
41.97180958280155, 42.168567899599665, 0.0, 0.0, 1.0 
31.11110457280544, 36.61454294372361, 0.0, 0.0, 1.0 
54.38562123014406, 8.042534760289863, 0.0, 0.0, 1.0 
38.465791768608476, 56.10438223919704, 0.0, 0.0, 1.0 
9.736544763166751, 2.2426478356315487, 0.0, -0.396391946236803, 2.5000000000000013 
50.780245304066256, 35.70818120579633, 0.0, 0.0, 1.0 
50.38350184250474, 22.88266256031671, 0.0, 0.0, 1.0 
31.006613147064783, 42.15070137460288, 0.0, 3.112629202104358, 2.7000000000000015 
49.087405727393815, 50.57335121115163, 0.0, 0.0, 1.0 
54.357376019627864, 57.767850103417416, 0.0, 0.0, 1.0 
