position_x,position_y,position_z,orientation,aspect_ratio
46.61647397742492, 14.373379264653645, 0.0, 0.0, 1.0 
10.235401188747613, 16.755223035916963, 0.0, 0.0, 1.0 
0.0898203728801983, 7.347023453856541, 0.0, 0.0, 1.0 
46.500921855438854, 48.007819770073716, 0.0, 0.0, 1.0 
43.202781218076815, 51.64078359983334, 0.0, 0.0, 1.0 
6.440207550308957, 25.877690227177773, 0.0, 2.2470324142114344, 2.000000000000001 
29.69228785974897, 35.82444492281969, 0.0, 2.8044812193803943, 2.7000000000000015 
46.843276086875335, 61.21309215633484, 0.0, 0.0, 1.0 
34.525415327792935, 44.417833661114, 0.0, 0.0, 1.0 
54.099468066414865, 46.07967919247435, 0.0, 2.3035030540168164, 2.7000000000000015 
9.290060475884324, 33.82689111962828, 0.0, 3.5310331928985352, 2.7000000000000015 
26.927022363050636, 7.1154795439020715, 0.0, 0.0, 1.0 
10.94569896472433, 4.868737360699344, 0.0, 0.0, 1.0 
38.06818498133451, 47.11079067418065, 0.0, -0.33604680389997177, 2.7000000000000015 
18.946353274986897, 31.360894254333317, 0.0, 0.0, 1.0 
30.108827072011174, 4.474375529670158, 0.0, 0.0, 1.0 
29.951756781715968, 22.28733571438676, 0.0, 3.326366471441615, 2.7000000000000015 
23.055026225782164, 13.739793230148289, 0.0, 0.0, 1.0 
30.070546241998255, 38.4511684836053, 0.0, 3.354401556787621, 2.300000000000001 
22.23650458888575, 12.319443731620634, 0.0, 0.1380473553953488, 2.7000000000000015 
59.95612933128987, 20.55088460194219, 0.0, 1.456953040198777, 1.4000000000000004 
27.248777675402806, 33.672696509505165, 0.0, 0.0, 1.0 
7.702948532323619, 28.190745468780943, 0.0, 1.323997424249329, 2.7000000000000015 
61.236690067905634, 9.0264961310195, 0.0, 0.0, 1.0 
56.13813886567007, 21.318571787211688, 0.0, 1.6939299202708455, 1.1 
12.378515654971267, 38.26086707812737, 0.0, 4.964249784027443, 2.200000000000001 
37.453257276300775, 25.492907505071006, 0.0, 0.0, 1.0 
23.262226366533277, 7.556052165191463, 0.0, 6.13110429696506, 1.7000000000000006 
47.65635588624152, 3.2393367276674834, 0.0, 0.0, 1.0 
22.279764326746463, 31.99111599652706, 0.0, 0.0, 1.0 
47.48281294184227, 27.476184912351712, 0.0, 1.767019963733009, 2.7000000000000015 
55.346046834168156, 5.769853471853262, 0.0, 0.0, 1.0 
2.502614883217309, 53.17110390917502, 0.0, 0.8690973591657151, 1.2000000000000002 
24.24337954317885, 57.7485876384799, 0.0, 0.0, 1.0 
5.995463127994196, 48.61934150264154, 0.0, 5.445176648744298, 1.2000000000000002 
58.034403798845865, 10.722857293149204, 0.0, 0.0, 1.0 
24.38991377106489, 44.216382281381435, 0.0, 6.348890730773778, 2.5000000000000013 
50.83847532685364, 61.12756167080493, 0.0, 0.0, 1.0 
50.24640219607094, 24.28562144902117, 0.0, 4.434836021585022, 2.100000000000001 
53.351281201177, 32.61081858831562, 0.0, 3.2880900107750337, 2.7000000000000015 
42.575174789669205, 57.86360834868964, 0.0, 0.0, 1.0 
6.821413257280915, 23.67119868647668, 0.0, 3.5796998313900272, 2.7000000000000015 
34.26087430986253, 52.064772745643296, 0.0, 0.0, 1.0 
22.144118504872875, 17.13328525171394, 0.0, 4.000518461704073, 2.7000000000000015 
4.407995453190951, 3.9678212304774902, 0.0, 0.0, 1.0 
34.71012750732161, 32.45102341845016, 0.0, 0.0, 1.0 
43.42887007877715, 62.044030932051044, 0.0, 0.0, 1.0 
8.480633021718084, 2.3012988525818963, 0.0, 0.0970923374108358, 1.2000000000000002 
51.127760845063236, 18.780882757532535, 0.0, 5.9747736007868175, 1.1 
58.28437280520886, 7.362173166920816, 0.0, 0.0, 1.0 
53.97935531612207, 0.7125474273133193, 0.0, 0.0, 1.0 
30.163450580268165, 30.000325154275338, 0.0, 0.0, 1.0 
54.291445623754754, 50.997206819103376, 0.0, 5.523550557965815, 2.6000000000000014 
38.874432332624515, 41.331966142986545, 0.0, 3.1556826192664778, 2.7000000000000015 
61.79301179645973, 20.140811838367544, 0.0, 0.0, 1.0 
2.49319361109683, 0.3853489429522842, 0.0, 0.0, 1.0 
53.10277301980219, 10.311513381392848, 0.0, 0.0, 1.0 
8.071940368810482, 32.35495582526014, 0.0, 3.1462329707499137, 2.7000000000000015 
22.517382434362418, 46.460262093838296, 0.0, 5.939438110387404, 2.7000000000000015 
59.18780376178573, 23.015613889172588, 0.0, 0.0, 1.0 
15.062126901708444, 18.796534002106227, 0.0, 2.8151519991188714, 2.5000000000000013 
47.03921256969771, 34.22029146904614, 0.0, 2.8354414928160288, 2.7000000000000015 
11.038560984747878, 18.393640273917136, 0.0, 0.0, 1.0 
45.81278805402927, 21.913758376606317, 0.0, 0.9951792020244613, 1.1 
17.038032295045497, 27.084790591660294, 0.0, 3.2072351934878456, 2.7000000000000015 
37.18349827124768, 42.863693663319175, 0.0, 0.0, 1.0 
14.017587766843302, 49.4321321242056, 0.0, 0.0, 1.0 
34.21559326797805, 47.966985751586726, 0.0, 0.0, 1.0 
52.01104862228072, 55.47877281691983, 0.0, 0.8522313771413386, 2.7000000000000015 
30.129592078115504, 17.019029361269247, 0.0, 4.066698133367289, 2.7000000000000015 
55.11844258304847, 55.933730933493514, 0.0, 1.2846996740758396, 2.7000000000000015 
5.0409503295670826, 51.78337386583502, 0.0, 6.127069748803614, 1.9000000000000008 
31.64900609649397, 36.11213989953559, 0.0, 2.999755271901472, 2.7000000000000015 
0.7915082020411022, 12.553554438227009, 0.0, 0.0, 1.0 
12.167901168588847, 8.23506418174302, 0.0, 0.0, 1.0 
24.069020134488476, 35.50491816927446, 0.0, 5.067618407173648, 2.7000000000000015 
56.33078726483658, 27.06755611859919, 0.0, 2.177733119074471, 1.1 
58.81997407745663, 16.129765739584695, 0.0, 0.0, 1.0 
35.13910984050289, 21.665509500510602, 0.0, 4.248372448664645, 2.4000000000000012 
38.72429014756465, 11.071343988964909, 0.0, 0.0, 1.0 
19.40934257883737, 25.91762789348232, 0.0, 6.226503887675547, 2.7000000000000015 
50.001362254303515, 0.6297449766030057, 0.0, 0.0, 1.0 
41.01151509999695, 13.719400938036953, 0.0, 0.0, 1.0 
22.210324364820753, 28.526220139796898, 0.0, 3.670230745282767, 2.7000000000000015 
35.59531530764112, 15.686618873369104, 0.0, 0.0, 1.0 
56.785028602894414, 39.62852362149018, 0.0, 3.5724480914870633, 2.7000000000000015 
38.76224529433469, 38.36031972885387, 0.0, 3.152620203996487, 2.7000000000000015 
4.507286362946832, 45.506380004255895, 0.0, 1.1512973181288308, 1.1 
48.98658884356247, 22.8458767181813, 0.0, 4.985730306870618, 2.7000000000000015 
61.044438702009906, 52.2030732026571, 0.0, 0.0, 1.0 
6.418212689296852, 58.208333233105435, 0.0, 0.0, 1.0 
9.79627679332352, 36.12466450291124, 0.0, 1.125324549699064, 2.7000000000000015 
47.52072074442491, 10.665632157434016, 0.0, 0.0, 1.0 
28.382019682156518, 10.801229807399164, 0.0, 0.0, 1.0 
48.84536468858044, 28.287537146104103, 0.0, 2.9903441954187797, 2.7000000000000015 
35.26425569659371, 42.62256321357599, 0.0, 0.0, 1.0 
26.746699539079565, 27.88177968793808, 0.0, 0.8889615652433712, 2.7000000000000015 
56.88845312669076, 41.004527899499976, 0.0, -2.4445794038368476, 2.7000000000000015 
11.397606533167464, 23.482939193852832, 0.0, 3.6450477958919816, 2.7000000000000015 
34.019726002097336, 26.655157029665208, 0.0, 5.247181947046872, 1.4000000000000004 
36.6519266954009, 1.0615988982827615, 0.0, 0.0, 1.0 
12.45116818420261, 54.612152175749344, 0.0, 0.0, 1.0 
23.240199197755807, 45.208856234690906, 0.0, 6.176527768806426, 2.7000000000000015 
39.40338259097053, 5.744450089575242, 0.0, 0.0, 1.0 
59.3837878515193, 28.44737768097173, 0.0, 3.0529387297212613, 2.7000000000000015 
54.33400557806384, 27.473934428067082, 0.0, 1.8245745065563768, 1.3000000000000003 
16.767576136213314, 47.26832282636806, 0.0, 0.0, 1.0 
8.25692072683261, 22.934889793702226, 0.0, 3.3049242471859315, 2.7000000000000015 
8.05984673243786, 48.325089324183004, 0.0, 4.3641032776281925, 1.2000000000000002 
57.15551804273787, 23.086137562393606, 0.0, 0.0, 1.0 
13.209450858377481, 5.156563718273608, 0.0, 0.7088467532297233, 2.4000000000000012 
59.38802949675483, 38.23510123789792, 0.0, 3.4970978339454617, 2.7000000000000015 
3.459381675703989, 2.1944320803585264, 0.0, 0.0, 1.0 
36.68739843404175, 31.967181285175403, 0.0, 0.0, 1.0 
33.15006841681825, 1.771742304176751, 0.0, 0.0, 1.0 
1.625121405987064, 60.7874337541765, 0.0, 0.0, 1.0 
7.695574379445916, 34.361256574495314, 0.0, 0.8749592119881447, 2.7000000000000015 
9.696817693309228, 59.11699217773115, 0.0, 0.0, 1.0 
57.355032703054874, 17.605327478349363, 0.0, 0.0, 1.0 
61.8750672790886, 47.61086488972822, 0.0, 4.105258364416761, 1.2000000000000002 
34.624945002014236, 40.04826805830332, 0.0, 3.0518122225241666, 2.7000000000000015 
59.186345388753395, 53.16403783855563, 0.0, 0.0, 1.0 
23.190147363951983, 47.51603449010589, 0.0, 5.48796013527429, 2.7000000000000015 
37.15751576848744, 29.95211281610581, 0.0, 0.0, 1.0 
32.83166631249576, 32.777601899203916, 0.0, 0.0, 1.0 
6.027613732650846, 10.645577806531481, 0.0, 0.0, 1.0 
43.27908023024796, 7.11843838630619, 0.0, 0.0, 1.0 
26.692969744945128, 29.32838526060941, 0.0, 4.023787485771778, 2.6000000000000014 
32.10724660697861, 47.17476570193173, 0.0, 0.0, 1.0 
32.05559880632406, 5.059572667545935, 0.0, 0.0, 1.0 
37.090983338165465, 34.47274509537893, 0.0, 2.902932436786351, 2.7000000000000015 
3.0422743104786854, 28.751501790863042, 0.0, 1.4746409831372491, 2.7000000000000015 
21.77232693088286, 0.27770827058028746, 0.0, 0.0, 1.0 
4.487814330553814, 27.887013898050242, 0.0, 3.878262437405077, 2.7000000000000015 
16.04855346503072, 49.19518720400046, 0.0, 0.0, 1.0 
25.63675329027794, 32.6110421541902, 0.0, 0.0, 1.0 
15.757257187052653, 59.010595642998744, 0.0, 5.947044902742828, 1.8000000000000007 
32.367951699117434, 12.434445473217094, 0.0, 0.0, 1.0 
35.66525907916769, 20.250462491145935, 0.0, 4.0241028512752335, 2.7000000000000015 
49.484155473600886, 49.51056031144188, 0.0, 0.19701781755735343, 2.300000000000001 
19.69343307922043, 42.785488544234475, 0.0, 0.0, 1.0 
21.415283833563972, 50.02626707379141, 0.0, 4.953828472253013, 2.7000000000000015 
29.843885049100773, 41.813066413046634, 0.0, 0.0, 1.0 
3.653416650383892, 38.66828979803299, 0.0, 3.4086722107483056, 2.100000000000001 
2.8199557324444195, 12.49483621355609, 0.0, 0.0, 1.0 
19.37942990560359, 55.566635394201434, 0.0, 4.829634471515208, 2.4000000000000012 
35.36838398744917, 46.28491359760609, 0.0, 0.0, 1.0 
29.12376548010181, 0.5979702121251104, 0.0, 0.0, 1.0 
48.66937618242971, 42.87133659096743, 0.0, 0.0, 1.0 
61.38488241775651, 31.51280492191537, 0.0, 3.2305080855169725, 2.7000000000000015 
3.422721887461881, 24.371375632456154, 0.0, 1.932613259170677, 2.7000000000000015 
8.79146617839777, 52.85162549356022, 0.0, 2.248919465065278, 1.2000000000000002 
52.508792546306886, 36.78758181922919, 0.0, 3.136465451089292, 2.7000000000000015 
61.13419482525155, 0.20864130691706526, 0.0, 0.0, 1.0 
45.67483397625067, 16.961159091966422, 0.0, 0.0, 1.0 
33.90150302509653, 13.494768905969874, 0.0, 0.0, 1.0 
48.51815543252975, 34.886032482411714, 0.0, 2.7744825187142452, 2.7000000000000015 
21.519766822310086, 39.25989916689862, 0.0, 3.9692269935973488, 2.7000000000000015 
54.532000517684864, 4.125018369975127, 0.0, 0.0, 1.0 
24.035482822352282, 31.354683228919757, 0.0, 0.0, 1.0 
48.461098380291986, 19.00557479656369, 0.0, 0.0, 1.0 
16.30004074988098, 21.107558279787476, 0.0, 1.9467086422250939, 2.7000000000000015 
39.00014988869255, 29.245714134870223, 0.0, 0.0, 1.0 
39.657200056022376, 51.5900048442044, 0.0, 0.0, 1.0 
41.221388849897835, 54.579998762077686, 0.0, 0.0, 1.0 
12.480958632250386, 52.63548443264025, 0.0, 0.0, 1.0 
24.981831900710805, 25.20046993657893, 0.0, 0.901410043230446, 2.7000000000000015 
5.234002259469923, 24.15790936391898, 0.0, 0.0, 1.0 
34.02775018458211, 5.747926264774298, 0.0, 0.0, 1.0 
45.77805262766537, 40.804307303096294, 0.0, 0.0, 1.0 
58.97934251818113, 60.401358098486895, 0.0, 0.0, 1.0 
5.0772984324572334, 9.00742745433081, 0.0, 0.0, 1.0 
6.911213821670532, 3.6971090067504786, 0.0, 5.718271433075681, 1.1 
52.931793209036734, 2.015718947470304, 0.0, 0.0, 1.0 
15.714523347158188, 56.21291166425649, 0.0, 0.0, 1.0 
19.96786382258204, 40.78365787351476, 0.0, 0.0, 1.0 
50.60368072993015, 16.848269118900312, 0.0, 0.0, 1.0 
31.999097450498123, 29.40222426455023, 0.0, 0.0, 1.0 
25.291606696213677, 8.315251026305221, 0.0, 0.0, 1.0 
57.03723625086071, 55.48275786227234, 0.0, 0.0, 1.0 
5.869223724728469, 13.97927453322672, 0.0, 0.0, 1.0 
25.646286275265695, 1.346877418259192, 0.0, 0.0, 1.0 
23.48946974524234, 51.600580219442115, 0.0, 0.0, 1.0 
5.967827137733182, 17.4080423145692, 0.0, 0.0, 1.0 
53.03490388689356, 35.48017991206968, 0.0, 2.8425263513090617, 2.7000000000000015 
42.81752333806488, 5.1225345657324635, 0.0, 0.0, 1.0 
8.22065117243117, 36.41441207410819, 0.0, 0.6461039253066189, 2.7000000000000015 
57.32367367371696, 19.57964065040171, 0.0, 0.0, 1.0 
55.28742150495771, 19.245152733086936, 0.0, 0.0, 1.0 
28.514877877295948, 56.863157865399515, 0.0, 0.0, 1.0 
60.7244225532551, 56.460191828480454, 0.0, 0.0, 1.0 
57.90594628520753, 43.162849885329734, 0.0, 4.0185242040574805, 2.7000000000000015 
53.192343970474994, 30.78435140181475, 0.0, 2.3783126038959277, 2.7000000000000015 
7.035816777567012, 18.956722043628954, 0.0, 0.0, 1.0 
27.18264184949308, 9.123085745600058, 0.0, 0.0, 1.0 
26.619494466244923, 12.818950580718875, 0.0, 4.2268940088338995, 2.7000000000000015 
16.838327289946125, 28.529712315857157, 0.0, 3.197200525752829, 2.7000000000000015 
48.26993899396852, 13.398730628439406, 0.0, 1.3604203194018054, 1.3000000000000003 
46.32700789512873, 55.236303798126606, 0.0, 1.8907196432460602, 1.2000000000000002 
11.658812829707639, 30.247093183924658, 0.0, 3.033217298880839, 2.7000000000000015 
18.20046515346983, 41.29090393139182, 0.0, 0.0, 1.0 
35.85719926775506, 55.364268652043904, 0.0, 0.0, 1.0 
13.292978945401941, 46.1292122837088, 0.0, 0.0, 1.0 
22.102242679157005, 6.010130656611794, 0.0, 3.2594995364348787, 1.8000000000000007 
20.54198733474523, 58.47554527165687, 0.0, 3.6118579856627187, 1.2000000000000002 
4.907693587088485, 12.372489141624273, 0.0, 0.0, 1.0 
61.281060761811524, 18.16412920028506, 0.0, 0.0, 1.0 
2.3829221456618885, 22.784710626798567, 0.0, 0.0, 1.0 
11.316771598372204, 28.415768438805177, 0.0, 2.552638595206614, 2.7000000000000015 
59.13891140437199, 0.11315881839571484, 0.0, 0.0, 1.0 
14.630577415783959, 13.70392683751694, 0.0, 0.0, 1.0 
47.335393468030105, 0.9676407366924248, 0.0, 0.0, 1.0 
14.689003214769913, 17.16772713668387, 0.0, 6.131643453970688, 1.1 
12.585293215157908, 13.628873780388979, 0.0, 0.0, 1.0 
29.323873394423696, 20.579106209845072, 0.0, 3.609893271027971, 2.7000000000000015 
49.4022529480917, 11.370596862451658, 0.0, 0.0, 1.0 
36.25152522544335, 44.42855741015295, 0.0, 0.0, 1.0 
48.11397674218239, 55.680715160186395, 0.0, 0.0, 1.0 
35.12270098174922, 2.4107336423930326, 0.0, 0.0, 1.0 
33.57709034537925, 3.759651601536809, 0.0, 0.0, 1.0 
22.753330880622986, 35.253290151710814, 0.0, 0.0, 1.0 
6.78766459972262, 50.38672870455093, 0.0, 2.835782688797421, 1.3000000000000003 
5.065408427299209, 20.8272829630138, 0.0, 2.6073298744292477, 2.7000000000000015 
38.48205499586544, 18.50283836183438, 0.0, 0.0, 1.0 
46.5248098424709, 42.96846706446225, 0.0, 0.0, 1.0 
60.20647978992423, 48.5390852025923, 0.0, 4.105619719505457, 1.1 
26.354538342408173, 46.18465310314465, 0.0, 4.733679420338782, 2.5000000000000013 
0.6068502246884343, 0.26256485074712815, 0.0, 0.0, 1.0 
57.56184392684364, 35.51714972976991, 0.0, 2.7365233783079175, 2.6000000000000014 
17.053974478173444, 31.58074760567027, 0.0, 4.54842070265528, 1.1 
45.50808398585561, 18.752011798718495, 0.0, 2.8715300165678794, 2.7000000000000015 
30.32062179059053, 59.69467295908306, 0.0, 0.0, 1.0 
32.50637297281266, 51.01325055661071, 0.0, 0.0, 1.0 
6.468781793863007, 44.90893046549727, 0.0, 0.0, 1.0 
14.019316758470895, 38.370163367373664, 0.0, 0.0, 1.0 
8.94362524111541, 54.95572292294681, 0.0, 1.616422597838653, 1.1 
8.940738954341645, 15.400857927811693, 0.0, 0.0, 1.0 
32.70127351670632, 62.10041174557098, 0.0, 0.0, 1.0 
41.01769315053191, 15.728282613771666, 0.0, 0.0, 1.0 
14.72419746611641, 47.613196578038604, 0.0, 0.0, 1.0 
40.37726144150687, 30.869990432080005, 0.0, 0.0, 1.0 
51.00308949913323, 45.88312913488512, 0.0, 3.0558238099169777, 2.7000000000000015 
43.08271670682407, 53.7689050110221, 0.0, 0.0, 1.0 
34.11176241744653, 58.51073203684946, 0.0, 4.7216419810208725, 1.1 
53.985920493827365, 7.197937034719218, 0.0, 0.0, 1.0 
20.327202195701435, 16.377912861990115, 0.0, 4.238985316601048, 2.7000000000000015 
51.0807970174477, 41.07866309140102, 0.0, 3.5434349478902267, 2.7000000000000015 
35.85049344666355, 35.67706262559989, 0.0, 3.11149259649973, 2.7000000000000015 
2.539935347088781, 47.54897865036321, 0.0, 4.309609623430817, 2.6000000000000014 
40.63388329719976, 36.115652565334344, 0.0, 2.8955091491213847, 2.7000000000000015 
15.338246978206106, 1.8990525801866558, 0.0, 0.0, 1.0 
17.638058937570598, 37.36855425206012, 0.0, 4.414757368310664, 2.5000000000000013 
41.35876961932277, 6.414740817731766, 0.0, 0.0, 1.0 
61.65343159150968, 36.3886164458936, 0.0, 3.1490820333357448, 2.7000000000000015 
1.826795660134872, 57.49925665166959, 0.0, 5.236017934499307, 1.1 
31.438547617231045, 43.17938588914314, 0.0, 0.0, 1.0 
50.11898708679108, 55.733995673699944, 0.0, 0.0, 1.0 
59.614882193065306, 50.538901171905806, 0.0, 1.1300750005749713, 1.2000000000000002 
8.803070730662947, 19.889715359467814, 0.0, 3.025638541558453, 2.7000000000000015 
7.200238802371267, 40.744515074471884, 0.0, 4.977082744325836, 1.1 
45.10025587320713, 52.03983369849083, 0.0, 2.67346962560275, 2.7000000000000015 
5.9149262336140955, 59.616486955089336, 0.0, 0.2995972195023665, 2.7000000000000015 
50.76398966338708, 50.825682856708156, 0.0, 6.2548019171510605, 2.7000000000000015 
22.02884278327264, 2.3529633202688798, 0.0, 2.287273094339825, 1.1 
33.905931104098855, 28.824583991540692, 0.0, 0.0, 1.0 
25.35997552919019, 42.23410852423138, 0.0, 0.0, 1.0 
27.301248455067274, 18.575701078679973, 0.0, 3.6232600769217487, 2.7000000000000015 
26.035703437640255, 43.45274994819522, 0.0, 6.306288368357632, 2.6000000000000014 
60.50078345698434, 60.7642470976461, 0.0, 0.0, 1.0 
54.629535042178574, 2.5922453030560293, 0.0, 0.0, 1.0 
40.265547210844396, 9.733846549576478, 0.0, 0.0, 1.0 
2.787984610145357, 15.91578928119188, 0.0, 0.0, 1.0 
32.64548150863478, 34.52642341572871, 0.0, 2.6170305592222545, 2.7000000000000015 
11.536111631415372, 15.291554361373091, 0.0, 0.0, 1.0 
1.663260981001714, 35.097222126484574, 0.0, 2.7789442316774045, 2.7000000000000015 
45.30329948011134, 33.65729281586038, 0.0, 2.8798798538843604, 2.7000000000000015 
40.934127729116646, 4.408804389497292, 0.0, 0.0, 1.0 
46.05909875775635, 59.191615321391794, 0.0, 0.0, 1.0 
46.24410664128593, 4.523486777321216, 0.0, 0.0, 1.0 
41.49032862790034, 50.616379046314435, 0.0, 0.0, 1.0 
28.607619541149603, 12.61342177641053, 0.0, 0.0, 1.0 
30.237071967707557, 57.8438757450181, 0.0, 0.0, 1.0 
26.526031317204957, 25.197280551583866, 0.0, 1.366492814347024, 2.7000000000000015 
54.87281515505047, 40.11863813751465, 0.0, -1.6785809472616533, 2.6000000000000014 
47.747847034118635, 21.663181416065303, 0.0, 0.0, 1.0 
28.212960874844075, 15.73873977632488, 0.0, 4.280400524520136, 2.7000000000000015 
49.321491979053505, 30.04794429732643, 0.0, 3.7828952708445502, 2.7000000000000015 
30.68630678357964, 61.560982374433785, 0.0, 0.0, 1.0 
18.164953384919105, 12.402153308136945, 0.0, 4.567140411907442, 2.7000000000000015 
9.409519457611342, 38.29704594838757, 0.0, 0.0, 1.0 
15.73390542718132, 8.491789682099931, 0.0, 1.1158307606663123, 2.7000000000000015 
44.91739510520164, 23.248937157783484, 0.0, 3.8985751968041567, 2.300000000000001 
15.582920471599682, 12.316200569993125, 0.0, 1.1815377120942585, 2.7000000000000015 
11.947909182847384, 22.38302732917323, 0.0, 3.4020154472304505, 2.7000000000000015 
29.206933509766785, 9.25795352083338, 0.0, 0.0, 1.0 
22.796779305201863, 49.72551502283521, 0.0, 5.168378979706476, 2.6000000000000014 
54.93661183726694, 31.271061394533398, 0.0, 2.803290471276019, 2.7000000000000015 
27.17207510812583, 62.258065539294854, 0.0, 0.0, 1.0 
27.280986883522612, 36.88577248739147, 0.0, 2.9509444252418517, 2.7000000000000015 
34.65533123438357, 0.38167865503849796, 0.0, 0.0, 1.0 
47.840925501856624, 59.43483949316985, 0.0, 0.0, 1.0 
45.00455689578153, 25.2110277360338, 0.0, 3.5803528848105572, 1.1 
38.57106115034754, 1.7063961104044814, 0.0, 0.0, 1.0 
55.78310046119463, 14.15670543074493, 0.0, 0.0, 1.0 
8.75061497414579, 30.12217478924108, 0.0, 2.861746632446033, 2.7000000000000015 
37.92091690001544, 7.066205391172595, 0.0, 0.0, 1.0 
28.909633126703767, 52.853618497958685, 0.0, 0.0, 1.0 
12.489357929469975, 50.72896758342357, 0.0, 0.0, 1.0 
37.76785900191492, 57.40183030533785, 0.0, 1.4961886595529348, 1.4000000000000004 
23.857028231058344, 40.860177141646936, 0.0, 0.0, 1.0 
18.89632285263473, 53.33983204201104, 0.0, 5.072877523126059, 2.7000000000000015 
27.903657332624892, 39.84275925670849, 0.0, 3.734731042400535, 2.7000000000000015 
2.7725747624047408, 39.74380593160187, 0.0, 3.5229985658981917, 2.7000000000000015 
52.02958459699861, 28.54228515860164, 0.0, 3.2237616018279107, 2.7000000000000015 
51.36083074922038, 11.789084427727131, 0.0, 0.0, 1.0 
32.88328980470821, 44.164161095506905, 0.0, 0.0, 1.0 
41.12132106084535, 59.274370913175495, 0.0, 0.0, 1.0 
37.45829379584743, 36.59977975937485, 0.0, 2.9418329739182303, 2.7000000000000015 
61.966219534502464, 14.308875138948705, 0.0, 0.0, 1.0 
42.55395809586687, 32.011954281485714, 0.0, 2.5797060082614824, 2.7000000000000015 
30.66809915560326, 34.39512951309665, 0.0, 2.7825144605181023, 2.7000000000000015 
18.344139692033114, 33.20131990424843, 0.0, 3.185999071059687, 1.3000000000000003 
44.14779185412993, 11.165835681057748, 0.0, 0.0, 1.0 
27.11531227385798, 35.48896933467321, 0.0, 0.0, 1.0 
4.728587254609416, 36.27955001795351, 0.0, 2.734866539931284, 2.300000000000001 
43.4801042671717, 26.49213032675952, 0.0, 0.0, 1.0 
18.72703758770853, 46.830700854092754, 0.0, 4.021690694968107, 1.2000000000000002 
60.18507965073792, 58.59541355350062, 0.0, 4.948084262474758, 1.2000000000000002 
1.4544558737284634, 2.1415490902066674, 0.0, 0.0, 1.0 
43.76120006004255, 45.68002110830222, 0.0, 0.0, 1.0 
54.57199136389387, 25.2942496008436, 0.0, 0.8149571474773614, 2.000000000000001 
57.36115092879738, 5.872338847290149, 0.0, 0.0, 1.0 
32.31999977901247, 60.320792133189705, 0.0, 0.0, 1.0 
62.12304115720652, 10.817756510049685, 0.0, 0.0, 1.0 
55.638976153926336, 1.4257839619643073, 0.0, 1.6562359514180467, 2.4000000000000012 
37.15163807787477, 16.94065620861917, 0.0, 0.0, 1.0 
8.94847515885352, 4.3312392875922034, 0.0, 0.9950855306299355, 1.2000000000000002 
10.900166913189626, 40.80729579648837, 0.0, 4.991802598539182, 1.4000000000000004 
19.839350000557427, 62.037465369883336, 0.0, 0.0, 1.0 
39.40208635985823, 21.597868211675408, 0.0, 0.0, 1.0 
19.926605081340178, 50.24684949928375, 0.0, 5.21614612868338, 2.7000000000000015 
7.2681626136307065, 61.18245512300503, 0.0, 0.0, 1.0 
32.12489502289242, 23.87202536528051, 0.0, 2.879695367757441, 1.4000000000000004 
34.41719337285397, 7.667384349402619, 0.0, 0.0, 1.0 
45.42541812766699, 39.03121877590266, 0.0, 3.680573382120265, 2.7000000000000015 
20.21789116436578, 14.258207189549438, 0.0, 3.8666460607300315, 2.7000000000000015 
14.40119961455219, 53.46908010739387, 0.0, 0.0, 1.0 
30.51902242888454, 6.403506255695374, 0.0, 0.0, 1.0 
46.79515735366638, 45.46912920755071, 0.0, 1.9147863859206296, 2.300000000000001 
31.671778640031107, 45.21900925171347, 0.0, 0.0, 1.0 
49.02160865481258, 9.306683104648073, 0.0, 0.0, 1.0 
42.62956715227729, 16.63871656179983, 0.0, 0.0, 1.0 
46.76085782410638, 57.28937598079581, 0.0, 0.0, 1.0 
33.438582044976364, 30.82064288427289, 0.0, 0.0, 1.0 
24.842162663075733, 18.702466193718543, 0.0, 3.6573226056247163, 2.7000000000000015 
12.335507994569124, 48.10816881174547, 0.0, 2.9431947597098684, 1.5000000000000004 
6.25468816357112, 31.333451981501675, 0.0, 3.1563059004165592, 2.7000000000000015 
13.742369477843473, 0.6471059229607051, 0.0, 1.8623272120527865, 1.1 
51.36357838877059, 34.74750922866389, 0.0, 2.9557987932505037, 2.7000000000000015 
31.154187766909697, 1.163248858823403, 0.0, 0.0, 1.0 
53.83984804934514, 14.827393353508214, 0.0, 4.075177694333144, 2.000000000000001 
3.9240123905099837, 55.99014768241603, 0.0, 2.0092662552644094, 1.2000000000000002 
46.198044279760005, 50.045184157688254, 0.0, 0.0, 1.0 
33.43173757034559, 42.60407935139955, 0.0, 0.0, 1.0 
27.515873414802634, 31.784369856656188, 0.0, 0.0, 1.0 
60.93523970260765, 16.145102074347122, 0.0, 0.0, 1.0 
27.023898275169685, 51.55879196500519, 0.0, 0.0, 1.0 
55.1498345447156, 52.5420503896589, 0.0, 4.4449864775070695, 1.1 
29.95980365033909, 37.043722887066906, 0.0, 3.013643584769176, 2.7000000000000015 
10.664596511698209, 25.90753302351879, 0.0, 0.0, 1.0 
27.027491030196725, 55.616529205511355, 0.0, 0.0, 1.0 
28.94627906295282, 26.817183461520607, 0.0, 1.5642849726139951, 2.6000000000000014 
13.10134428144046, 31.108001824274915, 0.0, 3.0459657161471023, 2.7000000000000015 
2.385533023377348, 18.059767791890817, 0.0, 4.2849590960761486, 2.7000000000000015 
17.48776551452914, 15.690123757577263, 0.0, 1.1698281674318936, 2.7000000000000015 
10.35983897342634, 43.22439675968633, 0.0, 0.0, 1.0 
60.069696063063404, 10.758172462703122, 0.0, 0.0, 1.0 
5.868507184129737, 56.4087356152828, 0.0, 0.0, 1.0 
39.825057188796016, 7.74315169796977, 0.0, 0.0, 1.0 
4.486874641643149, 53.67050556260849, 0.0, 5.451570176616945, 1.3000000000000003 
60.433341595905894, 24.623535377210494, 0.0, 0.0, 1.0 
5.882361387278348, 39.573570074553864, 0.0, 2.6509045182437516, 2.7000000000000015 
12.580846494252786, 32.28214711824706, 0.0, 3.336786381395009, 2.7000000000000015 
26.085967779834533, 3.3090094840347217, 0.0, 0.0, 1.0 
15.289641755262808, 29.507588384930134, 0.0, 3.75971938342138, 2.7000000000000015 
28.6148855724636, 35.03697241634561, 0.0, 2.433814453174173, 1.2000000000000002 
0.9515903716517801, 46.4131038144589, 0.0, 4.507060051806986, 2.000000000000001 
2.0966932758751824, 55.26150168106385, 0.0, 4.3279258745923315, 1.3000000000000003 
35.2578132649331, 30.526644107933222, 0.0, 0.0, 1.0 
62.11194426649182, 60.044816044834484, 0.0, 0.0, 1.0 
14.50493045110074, 9.05708095216022, 0.0, 0.8969571539862482, 1.9000000000000008 
47.54812392612367, 24.342823245332493, 0.0, 1.1873594536519603, 2.7000000000000015 
50.792479413860356, 22.26375947003823, 0.0, 0.0, 1.0 
55.346291829996716, 37.0797031165836, 0.0, 2.839594108794719, 2.7000000000000015 
57.63419620308746, 60.87549143232458, 0.0, 7.666850573331918, 2.7000000000000015 
9.050125347519698, 50.312819296723134, 0.0, 4.256089615406492, 1.1 
27.393904325140603, 37.850772707368755, 0.0, 3.0572574362625984, 2.6000000000000014 
33.49758329961127, 46.08462297314941, 0.0, 0.0, 1.0 
18.23327570492456, 29.73508871908641, 0.0, 3.12909722941336, 2.7000000000000015 
25.8058084861048, 30.624752252604935, 0.0, 0.0, 1.0 
44.353167237858614, 58.68751319366363, 0.0, 1.3272338821904726, 1.7000000000000006 
30.55490135835624, 48.171135547066655, 0.0, 0.0, 1.0 
25.97873470904218, 14.934916135156111, 0.0, 4.743500134763938, 2.7000000000000015 
45.33405458535517, 46.25041537548531, 0.0, 1.8738668467103534, 2.200000000000001 
48.57110397529407, 7.290150069605868, 0.0, 0.0, 1.0 
46.57334302837657, 20.053441947368185, 0.0, 2.826896587435089, 1.1 
57.21526904795666, 47.52262669857623, 0.0, 0.0, 1.0 
11.232081451471597, 12.107264298170836, 0.0, 0.0, 1.0 
36.79491814769814, 10.423536685571834, 0.0, 0.0, 1.0 
28.772513735620034, 54.78261180539745, 0.0, 0.0, 1.0 
0.4028873807672081, 53.722433511742075, 0.0, 4.116280269545815, 1.4000000000000004 
12.25078748606977, 42.444599254165546, 0.0, 4.091770835328187, 1.2000000000000002 
31.20411483554634, 37.707123937262956, 0.0, 3.1329953376626776, 2.6000000000000014 
52.84959990475416, 61.222497001362136, 0.0, 0.0, 1.0 
41.37604587475428, 40.613081882474496, 0.0, 0.0, 1.0 
14.051792729246955, 35.9126319838684, 0.0, 4.4980714279766, 1.6000000000000005 
37.17957028403956, 23.758545596920378, 0.0, 3.3991270529350825, 2.7000000000000015 
2.461725102206289, 45.27218410192769, 0.0, 0.0, 1.0 
24.431764430565558, 4.563430350386086, 0.0, 0.0, 1.0 
44.75962157219654, 15.207972004792543, 0.0, 0.0, 1.0 
58.3143933509253, 24.855151137955588, 0.0, 3.6731670025952283, 1.1 
47.1434559360458, 36.365858086894434, 0.0, 3.1151795858358535, 2.7000000000000015 
25.932508257067262, 40.934101457733945, 0.0, 0.0, 1.0 
57.8971108462649, 14.288365802094564, 0.0, 0.0, 1.0 
32.92246734515774, 9.032043003401085, 0.0, 0.0, 1.0 
8.463982644905856, 44.14098981583935, 0.0, 0.0, 1.0 
30.400807187153546, 55.90778108860523, 0.0, 0.0, 1.0 
42.10240585032474, 36.78872562844071, 0.0, 2.803858701934519, 2.7000000000000015 
37.59789810382436, 40.328696597311506, 0.0, 3.1148585941488776, 2.7000000000000015 
56.100529551129135, 42.46547328064241, 0.0, 4.392230311372894, 2.7000000000000015 
10.641124150665663, 53.71888711516508, 0.0, 5.687753731339995, 1.1 
42.99696759021046, 40.15053908813482, 0.0, 0.8149594600020762, 2.7000000000000015 
15.589894111290336, 37.671443596056974, 0.0, 4.393166408138236, 2.200000000000001 
50.13763107968058, 47.21613226306998, 0.0, 3.474988564912953, 2.100000000000001 
50.501838602639, 7.93045755990928, 0.0, 0.0, 1.0 
55.42018279795487, 46.82549611924334, 0.0, -0.4961458545929377, 2.7000000000000015 
59.708834213331045, 40.09819890652842, 0.0, 0.0, 1.0 
37.9753892127241, 48.66094890246272, 0.0, 0.0, 1.0 
24.585895441874786, 14.840310930280769, 0.0, 0.0, 1.0 
22.837807135842027, 15.668095954790527, 0.0, 0.0, 1.0 
10.015707028836855, 47.945835385216846, 0.0, 0.0, 1.0 
33.28814217030968, 37.16201686503673, 0.0, 3.3298886683157543, 2.000000000000001 
31.58399080600183, 31.327536156681518, 0.0, 0.0, 1.0 
30.735296686838556, 51.98045521302095, 0.0, 0.0, 1.0 
2.1508420638709547, 7.371120285525435, 0.0, 0.0, 1.0 
6.506470173654462, 0.748601192335825, 0.0, 0.0, 1.0 
37.76083481653605, 52.42604766397804, 0.0, 0.0, 1.0 
31.722515277294153, 16.348668462462474, 0.0, 3.4346211443523167, 1.1 
9.049533791570356, 27.11375586759637, 0.0, 0.0, 1.0 
6.8784141394136675, 15.570013756952477, 0.0, 0.0, 1.0 
35.85116470260194, 26.731157183607255, 0.0, 0.0, 1.0 
20.723745615418228, 56.43136434514102, 0.0, 0.0, 1.0 
39.48241706207564, 27.259106401588735, 0.0, 0.0, 1.0 
48.62369777383241, 16.931670256864578, 0.0, 2.206306126967711, 1.9000000000000008 
9.753262133796342, 28.3389319972163, 0.0, 2.464230148792512, 2.4000000000000012 
49.87860571358693, 36.00223199392748, 0.0, 3.2166200568958145, 2.7000000000000015 
6.525091116314237, 28.70607151461224, 0.0, 1.1272577397607793, 2.7000000000000015 
16.660701143532627, 17.017681345613084, 0.0, 0.8754919006187941, 2.200000000000001 
38.33328982272992, 32.869900815604844, 0.0, 2.610335528232018, 2.6000000000000014 
37.47205847213365, 5.079607175336495, 0.0, 0.0, 1.0 
11.096614846141115, 10.117768244811684, 0.0, 0.0, 1.0 
27.367018635458386, 20.582719722283137, 0.0, 4.176847092746769, 2.7000000000000015 
47.97442936673286, 39.87910259558215, 0.0, 3.79251986717525, 2.7000000000000015 
30.706542826515374, 50.036449558199095, 0.0, 0.0, 1.0 
11.344746975240591, 46.472356437978696, 0.0, 0.0, 1.0 
15.63654312763416, 62.24363509308503, 0.0, 0.0, 1.0 
34.98423237325201, 17.61076527930005, 0.0, 0.0, 1.0 
37.16464082264038, 45.993794686228796, 0.0, 0.0, 1.0 
34.33835048455306, 60.630209989862976, 0.0, 0.0, 1.0 
38.54296909802758, 31.217703582699905, 0.0, 0.0, 1.0 
3.930769490525291, 17.54637019378678, 0.0, 0.0, 1.0 
58.80741917837134, 57.08513104478553, 0.0, 0.0, 1.0 
51.89954609915059, 59.3583661343371, 0.0, 0.0, 1.0 
8.607636583479112, 21.910980537319322, 0.0, 3.168926972040469, 2.7000000000000015 
35.8069655781865, 28.595886656528826, 0.0, 0.0, 1.0 
17.27112904954837, 55.91255390014494, 0.0, 5.135513593304908, 2.7000000000000015 
57.92772082095384, 51.59695847583591, 0.0, 0.0, 1.0 
34.265861443150825, 50.005160694435176, 0.0, 0.0, 1.0 
18.904363253051915, 35.65087908747266, 0.0, 3.386863440239398, 2.7000000000000015 
51.9907601205968, 6.611732048626788, 0.0, 0.0, 1.0 
27.959361202174982, 44.02211373321201, 0.0, 5.9635168316240295, 2.7000000000000015 
59.04852929880245, 32.19430546999385, 0.0, 0.0, 1.0 
32.491522615527096, 53.072409164464425, 0.0, 0.0, 1.0 
36.24525841958828, 61.36156916288577, 0.0, 0.0, 1.0 
0.6291225882478755, 21.828873881773465, 0.0, 0.0, 1.0 
33.6373760362259, 15.605973318047951, 0.0, 0.0, 1.0 
39.428253473293836, 53.645557519526186, 0.0, 0.0, 1.0 
26.78920903810241, 49.54462772927057, 0.0, 0.0, 1.0 
28.343324277559592, 42.80975592542344, 0.0, 6.3519556282560945, 2.4000000000000012 
10.908459644290396, 49.6475088282283, 0.0, 0.0, 1.0 
32.43267124567353, 48.98994764606178, 0.0, 0.0, 1.0 
40.200753202753916, 39.399072329446305, 0.0, 2.8760743939055327, 1.6000000000000005 
1.3558627523925586, 30.690240234099015, 0.0, 3.0710218083884246, 2.7000000000000015 
35.54043908058679, 4.3972033877876875, 0.0, 0.0, 1.0 
7.962200821674919, 17.14113011562143, 0.0, 0.0, 1.0 
37.639500785703724, 27.745017741375452, 0.0, 0.0, 1.0 
39.560687390686844, 60.55571848076363, 0.0, 0.0, 1.0 
56.68992369854872, 4.447390235722308, 0.0, 0.0, 1.0 
61.58260723126908, 40.37092313548441, 0.0, 0.0, 1.0 
16.63252583932892, 33.79423882082256, 0.0, 4.365537692331739, 2.7000000000000015 
44.14897979016818, 39.534284847896735, 0.0, 0.0, 1.0 
37.816113319346826, 59.8188850441533, 0.0, 1.937262557587046, 1.5000000000000004 
20.075264247996145, 1.8600022287075915, 0.0, 1.7426209707107259, 1.1 
10.81880561954542, 6.727129905143916, 0.0, 0.0, 1.0 
58.50318198756969, 2.0868381657796595, 0.0, 0.0, 1.0 
26.463624273744283, 58.285425885127516, 0.0, 0.0, 1.0 
39.97813261986827, 45.837154160039404, 0.0, 6.167489392479419, 1.8000000000000007 
61.19735118217413, 41.91931644043793, 0.0, 3.642881812249154, 2.300000000000001 
18.02625955058135, 61.41311677340512, 0.0, 4.396101818096334, 2.4000000000000012 
60.04599030619506, 30.450605963167188, 0.0, 6.247688075939873, 2.7000000000000015 
37.54182755241684, 54.462999186045444, 0.0, 0.0, 1.0 
0.9036401852072178, 51.567138168100094, 0.0, 4.76179137201566, 1.3000000000000003 
42.0894260604099, 25.271700273446296, 0.0, 2.8293277691518326, 2.7000000000000015 
54.32453229843049, 59.23114561603738, 0.0, 6.682037161034894, 2.6000000000000014 
5.324735765102511, 41.54568300561349, 0.0, 0.0, 1.0 
40.92527368504751, 56.62210815857711, 0.0, 0.0, 1.0 
59.94749492961009, 14.361964389608525, 0.0, 0.0, 1.0 
40.075444288790955, 0.38542691423591463, 0.0, 0.0, 1.0 
52.68775720225686, 3.5781682085079836, 0.0, 0.0, 1.0 
28.50252375857822, 29.810660266203442, 0.0, 7.859773829067031, 2.4000000000000012 
9.856956550975902, 24.2241291314954, 0.0, 3.368129009368033, 2.5000000000000013 
19.276265051016402, 17.02957876996437, 0.0, 1.0574143863276848, 2.7000000000000015 
9.64420083700828, 31.29451924137634, 0.0, 3.176182057439203, 2.7000000000000015 
32.51362549100416, 7.073718210702203, 0.0, 0.0, 1.0 
19.12799472531095, 44.673032688525176, 0.0, 0.0, 1.0 
44.784230198009574, 44.030959292689005, 0.0, 0.0, 1.0 
44.815950127151616, 56.55617612944729, 0.0, 1.0314207283807209, 1.2000000000000002 
16.343428121481505, 6.795860719192394, 0.0, 1.2125529717170416, 2.6000000000000014 
39.11388626521499, 13.028756193813905, 0.0, 0.0, 1.0 
48.27751035088914, 47.86271290593092, 0.0, 0.0, 1.0 
25.482885644786425, 56.50991889592942, 0.0, 0.0, 1.0 
19.00787764316961, 37.02373025058164, 0.0, 3.837178947479231, 2.7000000000000015 
31.680994683618195, 41.64130805067185, 0.0, 0.0, 1.0 
40.72101256035664, 17.75397902675713, 0.0, 0.0, 1.0 
25.235375787945188, 61.67400672447256, 0.0, 0.0, 1.0 
43.09570846223356, 42.233050881524385, 0.0, 4.334000349058209, 2.5000000000000013 
28.378189899811183, 58.89183998627912, 0.0, 2.4370675891607387, 1.1 
35.449778249772805, 24.745270605610134, 0.0, 0.0, 1.0 
0.6422120979518092, 39.75925807443373, 0.0, 3.678064160482081, 2.6000000000000014 
35.93848347688432, 53.238170486922904, 0.0, 0.0, 1.0 
34.90432517492201, 9.753330461287806, 0.0, 0.0, 1.0 
49.85645088609543, 14.633561739376873, 0.0, 1.798855080773532, 1.3000000000000003 
27.074612274161527, 15.946297025244737, 0.0, 4.616612130446493, 2.7000000000000015 
53.29152153031804, 19.008968128798593, 0.0, 5.356175260554573, 1.1 
44.54802465862723, 13.187545304052835, 0.0, 0.0, 1.0 
23.557117140625724, 9.338964408245744, 0.0, 0.0, 1.0 
23.766723007833992, 11.281792989148991, 0.0, 0.0, 1.0 
26.304252606281615, 39.800414960758125, 0.0, 3.585559910859821, 2.5000000000000013 
23.693832213106965, 0.7639215122803438, 0.0, 0.0, 1.0 
55.26064959397877, 35.68587791689379, 0.0, 2.5773642508199885, 2.200000000000001 
14.371899088189789, 51.415467618681674, 0.0, 0.0, 1.0 
24.641899763682286, 16.820184499248963, 0.0, 0.0, 1.0 
18.45566418759152, 2.209267517225477, 0.0, 4.502010393353891, 2.7000000000000015 
48.32065579238285, 45.91701842277021, 0.0, 2.603414087985902, 2.300000000000001 
32.05805910152269, 14.370183763362563, 0.0, 0.0, 1.0 
16.30358905939819, 41.72306710524624, 0.0, 0.0, 1.0 
38.159633765877494, 61.98350381706533, 0.0, 0.0, 1.0 
59.451656962583264, 5.63594151481787, 0.0, 0.0, 1.0 
20.41883816201811, 32.85340879059231, 0.0, 0.0, 1.0 
18.03291876768487, 52.29384701227216, 0.0, 5.221044843928175, 2.4000000000000012 
39.98594338819741, 19.67622395483386, 0.0, 0.0, 1.0 
8.752244421636197, 42.06092552573556, 0.0, 0.0, 1.0 
23.251561260263514, 61.08073447547578, 0.0, 0.0, 1.0 
39.72458274629332, 49.6265003570485, 0.0, 0.0, 1.0 
13.410366219451838, 6.9240603865192165, 0.0, 0.49869903112668496, 1.9000000000000008 
11.910384277724097, 19.55300873382206, 0.0, 2.741514654575193, 2.7000000000000015 
14.219111472106889, 55.47410939293074, 0.0, 0.0, 1.0 
56.20865902263553, 24.79825027388856, 0.0, 3.935004419796432, 1.4000000000000004 
37.23165741733327, 12.44484583405562, 0.0, 0.0, 1.0 
42.152856912899516, 18.8731244614454, 0.0, 0.0, 1.0 
30.567097940411255, 12.202597368448155, 0.0, 0.0, 1.0 
38.822449954408874, 35.31515260032706, 0.0, 3.069456481383385, 2.7000000000000015 
10.278435726932958, 0.9748934567559667, 0.0, 0.0, 1.0 
20.57100268101824, 45.89387842715402, 0.0, 0.0, 1.0 
33.576489021879524, 10.987509200090825, 0.0, 0.0, 1.0 
56.508845964629714, 61.53034568762759, 0.0, 7.6246880572168125, 2.4000000000000012 
21.289481372786934, 60.539394472149795, 0.0, 0.0, 1.0 
55.862459574511796, 48.82664613477156, 0.0, 6.257141146647016, 1.1 
57.71564013324857, 34.0432995647048, 0.0, 2.781161042838744, 2.7000000000000015 
34.04141566520079, 56.31080530294271, 0.0, 4.855254888503238, 1.1 
27.556399670563653, 45.876578914539415, 0.0, 0.0, 1.0 
11.143205313254947, 37.98958902369291, 0.0, 1.7232931503550446, 2.7000000000000015 
60.54014661671054, 3.8675338277003046, 0.0, 0.0, 1.0 
13.450201277636587, 33.76155220833588, 0.0, 3.5330462265322824, 2.7000000000000015 
50.34162913117777, 42.14543243970924, 0.0, 3.805654268661729, 2.7000000000000015 
31.591769737067988, 3.131086590716666, 0.0, 0.0, 1.0 
50.43816061556498, 39.1499625453053, 0.0, 3.9194482310272796, 2.7000000000000015 
12.924745260119986, 40.48543961716879, 0.0, 3.0465231443850285, 1.1 
6.991185995079518, 12.214081169433273, 0.0, 0.0, 1.0 
27.811857301445045, 26.87705845569933, 0.0, 1.4566965282827193, 2.7000000000000015 
21.86122808573799, 29.810218008134022, 0.0, 3.7561380251243484, 2.300000000000001 
35.26267429067001, 11.7717933893917, 0.0, 0.0, 1.0 
1.7181936308017995, 37.364773317581765, 0.0, 3.208097669160823, 2.7000000000000015 
10.606318455441757, 2.9118242960057925, 0.0, 0.0, 1.0 
16.89858065692772, 12.224454614264372, 0.0, 1.4560516449043033, 2.300000000000001 
23.375542746219864, 42.70179805776087, 0.0, 0.0, 1.0 
57.03338820106737, 1.3096322474439839, 0.0, 2.1935273358942715, 2.7000000000000015 
24.434138480613147, 37.55005038966377, 0.0, 3.138075522621836, 2.5000000000000013 
4.184907217711685, 57.947979786248624, 0.0, 0.0050405821676892705, 1.4000000000000004 
53.864160155262724, 56.17996735383015, 0.0, 1.0829769890344862, 2.7000000000000015 
60.688378034991956, 35.35711218723907, 0.0, 3.118576921530455, 2.7000000000000015 
61.97634863327526, 29.334602521879628, 0.0, 0.0, 1.0 
15.02272219709445, 40.11941575007946, 0.0, 0.0, 1.0 
40.148580066864824, 34.170608281179256, 0.0, 2.8752526260154903, 2.7000000000000015 
30.63116806551492, 53.95206039170836, 0.0, 0.0, 1.0 
4.843445728497628, 43.47469460726105, 0.0, 0.6244440556691523, 1.1 
20.262966554464814, 52.793006985679135, 0.0, 4.79295443019442, 2.7000000000000015 
44.74930934525057, 28.083788577218947, 0.0, 0.0, 1.0 
28.965940384754617, 47.17743031525755, 0.0, 0.0, 1.0 
40.6567578518895, 11.717093368683086, 0.0, 0.0, 1.0 
1.245505838504224, 5.63167582855805, 0.0, 0.0, 1.0 
20.20378527996744, 3.8372939155635537, 0.0, 2.9517747483123995, 1.3000000000000003 
28.732946061886054, 60.88404483224143, 0.0, 0.0, 1.0 
41.98654100760624, 1.0766299032913007, 0.0, 0.0, 1.0 
49.86644164908037, 31.816916904402543, 0.0, 3.3601901439767827, 2.7000000000000015 
36.56231546573684, 18.912399820486055, 0.0, 0.0, 1.0 
40.803636663491226, 28.842317348046883, 0.0, 0.0, 1.0 
34.10177490748919, 39.17481588848202, 0.0, 2.9064055455717748, 2.7000000000000015 
53.76944649709207, 48.780367533366075, 0.0, 0.573445052064071, 2.6000000000000014 
61.02164176627217, 12.54094490048102, 0.0, 0.0, 1.0 
50.99110133489734, 9.90490675211662, 0.0, 0.0, 1.0 
62.10832249974117, 58.00741440241482, 0.0, 0.0, 1.0 
33.16964065556211, 25.18356566086943, 0.0, 5.648593151384865, 2.100000000000001 
33.75233657551362, 19.110451353421755, 0.0, 4.560864379366808, 2.200000000000001 
31.392910836000063, 39.613468752665625, 0.0, 3.3575248206796795, 2.6000000000000014 
56.48923312657764, 3.1432540413655574, 0.0, 2.3661149539467927, 2.7000000000000015 
24.70820377269679, 28.880266319269932, 0.0, 0.0, 1.0 
19.407635529332907, 21.52243363946675, 0.0, 2.632008406388862, 2.7000000000000015 
41.60158102997194, 46.77523201040948, 0.0, 0.0, 1.0 
1.7281337562869565, 28.29146131306219, 0.0, 1.6612933679807114, 2.5000000000000013 
8.454785019213373, 7.315038276493515, 0.0, 0.0, 1.0 
60.11209161605105, 1.9407153783798297, 0.0, 0.0, 1.0 
15.271451755171167, 32.06832164432622, 0.0, 4.795360041184319, 2.7000000000000015 
0.11697692579890914, 27.439375882205066, 0.0, 0.0, 1.0 
3.831502621484407, 14.109186703407799, 0.0, 0.0, 1.0 
48.137095352670734, 5.270246177976873, 0.0, 0.0, 1.0 
24.281113903011313, 26.818428795016292, 0.0, 4.263445824703462, 1.1 
26.576781921731044, 5.152462928064371, 0.0, 0.0, 1.0 
11.519853069416335, 60.05982564896718, 0.0, 0.0, 1.0 
29.007852709395504, 33.300170473105936, 0.0, 0.0, 1.0 
54.46223537668952, 60.3322487003586, 0.0, 6.601850414609742, 2.100000000000001 
17.218225746604407, 45.24815108626644, 0.0, 4.205355913271191, 1.1 
16.25000307483575, 24.272447991855145, 0.0, 3.135160817429453, 2.7000000000000015 
27.45758172383947, 47.89350416211314, 0.0, 0.0, 1.0 
58.61266342472131, 46.69733514374971, 0.0, 4.537645118913433, 2.7000000000000015 
1.9114277853389066, 10.786946870829686, 0.0, 0.0, 1.0 
25.392215525768567, 10.17116990198094, 0.0, 0.0, 1.0 
25.326445638593558, 45.551043406434445, 0.0, 5.4612826458853005, 2.7000000000000015 
39.12982365619151, 37.374315643113285, 0.0, 3.134968100975611, 2.7000000000000015 
12.490064736458141, 26.627787448819618, 0.0, 2.82263733652297, 2.7000000000000015 
57.97760076020886, 49.29099796116884, 0.0, 5.540126073462432, 1.4000000000000004 
54.80766303359067, 23.157048151638193, 0.0, 2.8489708505354567, 1.5000000000000004 
22.261675504338555, 57.225968437453524, 0.0, 0.0, 1.0 
36.00070700147106, 51.06991957278821, 0.0, 0.0, 1.0 
9.92976837327954, 61.21182126071067, 0.0, 0.0, 1.0 
42.98160460231571, 23.4347403028858, 0.0, 0.0, 1.0 
35.93105349126403, 37.828266215299344, 0.0, 3.023045436863619, 2.7000000000000015 
56.21479627855152, 50.79028287087237, 0.0, 0.0, 1.0 
45.22585984141456, 7.865368255528244, 0.0, 0.0, 1.0 
35.97387732409777, 48.93609190778169, 0.0, 0.0, 1.0 
19.124146150189635, 18.803360581302698, 0.0, 0.7559929771573615, 2.7000000000000015 
24.277663268945698, 48.45707203630987, 0.0, 4.866935644627984, 2.200000000000001 
43.257917059131955, 47.59747702544539, 0.0, 0.0, 1.0 
7.428854226077856, 5.588772813751497, 0.0, 0.0, 1.0 
49.91241917055992, 20.41451509281323, 0.0, 0.0, 1.0 
22.634144065689902, 19.08328098650372, 0.0, 3.6421350213039654, 2.7000000000000015 
1.1702704885430069, 41.73696889903073, 0.0, 0.0, 1.0 
7.577931508151098, 56.564253340015696, 0.0, 1.4650962666461382, 2.7000000000000015 
42.178378419727714, 30.344519577806985, 0.0, 0.0, 1.0 
13.13429154272714, 10.021813788232329, 0.0, 0.0, 1.0 
23.579408272580654, 55.70686149238527, 0.0, 0.0, 1.0 
43.392257426445724, 21.474840760747266, 0.0, 0.0, 1.0 
61.84745448330565, 2.100471892808794, 0.0, 0.0, 1.0 
61.12414247301649, 22.641469908322676, 0.0, 1.2762730993649534, 1.2000000000000002 
35.989041263977846, 59.38022123555367, 0.0, 0.0, 1.0 
45.31274489829979, 35.742800904047364, 0.0, 2.851937081905395, 2.7000000000000015 
21.526294437210048, 44.03026329581085, 0.0, 6.181247817735083, 1.2000000000000002 
47.56911608365413, 51.874254199843, 0.0, 4.5592859188951245, 2.6000000000000014 
23.544351650357243, 53.68628700769429, 0.0, 0.0, 1.0 
29.92965812470172, 40.12410846477867, 0.0, 3.5264391626528164, 2.7000000000000015 
62.153838251814165, 43.79319665534391, 0.0, 3.764358159126472, 2.100000000000001 
16.317991404905925, 54.326130190641855, 0.0, 0.0, 1.0 
40.08014187026843, 22.946388485298275, 0.0, 2.7691821624788955, 2.7000000000000015 
13.512706592271968, 60.684084597648614, 0.0, 2.673281221182454, 1.1 
21.780263313703017, 36.364531280052006, 0.0, 3.8806430328693864, 2.7000000000000015 
60.33071677498854, 7.348982828470307, 0.0, 0.0, 1.0 
58.67865640423949, 36.58042851294064, 0.0, 2.8092186717179453, 1.6000000000000005 
11.929289074167924, 62.05700202643728, 0.0, 0.0, 1.0 
55.133008019724706, 17.16794363261605, 0.0, 4.031250652862413, 1.2000000000000002 
35.55368003714046, 33.741597513675295, 0.0, 2.815265782003199, 2.6000000000000014 
30.39653168629151, 10.236000788709095, 0.0, 5.3775204179787535, 2.7000000000000015 
21.785662254151333, 33.97214107134143, 0.0, 0.0, 1.0 
46.191399260804346, 32.25761577958649, 0.0, 2.7447560637131794, 2.7000000000000015 
58.99627058653401, 12.529296702016543, 0.0, 0.0, 1.0 
56.63827658863596, 57.844943873504846, 0.0, 1.2618160877489732, 2.7000000000000015 
42.405717025875205, 3.0630783963434265, 0.0, 0.0, 1.0 
50.047478060760355, 5.952197494892652, 0.0, 0.0, 1.0 
26.75352585995408, 60.25973425229908, 0.0, 0.0, 1.0 
28.874403939141004, 45.15664003942427, 0.0, 0.0, 1.0 
25.147716806678595, 50.51671446129694, 0.0, 0.0, 1.0 
51.38937044569885, 4.669063987083499, 0.0, 0.0, 1.0 
7.232512590569651, 52.05895155952697, 0.0, 5.559895102149648, 2.200000000000001 
41.39730389267066, 21.09812205815543, 0.0, 0.0, 1.0 
25.46131301849598, 47.7252751262967, 0.0, 0.0, 1.0 
19.67740042128197, 38.9622972865698, 0.0, 3.86375833654345, 2.7000000000000015 
2.745509168076572, 51.053933571262505, 0.0, 0.8138448846229327, 1.1 
54.68741611288942, 9.008175209552656, 0.0, 0.0, 1.0 
53.54581031868516, 41.66475581396352, 0.0, 1.7568970412135188, 2.7000000000000015 
28.527405947976302, 5.774254862746625, 0.0, 0.0, 1.0 
17.348446198305602, 50.702572762727, 0.0, 0.0, 1.0 
33.08274069696534, 40.96778846956296, 0.0, 3.5056716652467133, 2.7000000000000015 
10.63960137972839, 51.69473233734923, 0.0, 0.0, 1.0 
14.266123034991379, 42.087833721749654, 0.0, 0.0, 1.0 
42.070858241550276, 44.80007111508448, 0.0, 0.0, 1.0 
37.06442560188036, 39.17819377647473, 0.0, 3.2267954332819286, 2.000000000000001 
22.35328041541617, 4.277958226236627, 0.0, 2.691663107040204, 1.2000000000000002 
50.97500774483163, 2.4407407235378624, 0.0, 0.0, 1.0 
30.984477508170706, 8.255292879121836, 0.0, 0.0, 1.0 
50.9668484871265, 27.266039381573087, 0.0, 3.205388485225569, 2.4000000000000012 
3.6247260754006474, 33.120531345519616, 0.0, 2.5310772042309417, 2.7000000000000015 
24.810163126452622, 38.54175076142112, 0.0, 3.3002507554296003, 2.7000000000000015 
0.5395798176982187, 34.16119519938969, 0.0, 2.8553114183039088, 2.7000000000000015 
40.54723945333508, 42.69865370156487, 0.0, 0.0, 1.0 
27.632952554633402, 1.93177279365117, 0.0, 0.0, 1.0 
25.292136102287717, 54.563850121401536, 0.0, 0.0, 1.0 
54.17629680962178, 20.932570026567397, 0.0, 0.0, 1.0 
3.1335804132335685, 20.831000523521254, 0.0, 0.0, 1.0 
59.9803888248924, 46.1128184732411, 0.0, 0.0, 1.0 
5.377409677134309, 5.556025544960508, 0.0, 0.0, 1.0 
20.664569667612646, 30.81444329620018, 0.0, 0.0, 1.0 
0.7231016343067788, 16.103374213082883, 0.0, 0.0, 1.0 
51.75992714024505, 13.657176746485588, 0.0, 2.853494652565085, 1.1 
0.44208748281574395, 38.38614303329909, 0.0, 3.184475896744567, 2.7000000000000015 
44.286131638062116, 37.125721822732224, 0.0, 3.0092659085693056, 2.7000000000000015 
23.74927936570648, 33.38043617406745, 0.0, 0.0, 1.0 
14.145748850879102, 23.601933532067015, 0.0, 2.3472849212866365, 2.7000000000000015 
28.106902934810524, 38.824754027953105, 0.0, 3.3182963886512957, 2.7000000000000015 
4.488147186582546, 25.957592931021455, 0.0, 1.3517732856534583, 1.2000000000000002 
5.118299757144366, 37.643815124889606, 0.0, 3.1674099025138442, 2.7000000000000015 
13.626852244275119, 11.896964868905135, 0.0, 0.0, 1.0 
58.08854184507109, 58.628626673551146, 0.0, 1.0867767927624121, 2.000000000000001 
41.3965449422665, 52.57048127697635, 0.0, 0.0, 1.0 
51.852261000602546, 38.94734403686795, 0.0, 3.6823591697903644, 2.7000000000000015 
45.41144829007556, 0.4356506375481515, 0.0, 0.0, 1.0 
45.61620813323867, 9.890008936913597, 0.0, 0.0, 1.0 
9.162735353080024, 12.09615975895318, 0.0, 0.0, 1.0 
39.11814593878896, 16.587167954120268, 0.0, 0.0, 1.0 
49.80120992441425, 37.24048118062654, 0.0, 3.3584112794053467, 2.5000000000000013 
3.0342463256624406, 9.063993370076599, 0.0, 0.0, 1.0 
19.326931964103938, 34.56688089150906, 0.0, 3.2549042243533486, 2.5000000000000013 
9.129506497884169, 40.07105246025287, 0.0, 0.0, 1.0 
55.80270356654874, 10.591266551058546, 0.0, 0.0, 1.0 
58.38533850760569, 26.879447616496883, 0.0, 3.8109763073468095, 1.1 
52.773897493716476, 17.242434143124225, 0.0, 2.8415375779575966, 1.7000000000000006 
13.656114615783212, 15.41808394469635, 0.0, 0.0, 1.0 
8.152851437954304, 10.52514260383465, 0.0, 0.0, 1.0 
48.46943985647356, 32.885274836928055, 0.0, 3.1239888552666066, 2.7000000000000015 
61.37019584226611, 32.84864557366207, 0.0, 2.9762949167762107, 2.7000000000000015 
9.039486756287298, 18.394650686300093, 0.0, 0.0, 1.0 
28.814708713893367, 49.23449529007241, 0.0, 0.0, 1.0 
17.968605030103035, 8.587040157440303, 0.0, 2.697013631843499, 2.7000000000000015 
45.86525270483587, 2.4283600750741803, 0.0, 0.0, 1.0 
43.311042869254415, 49.661774209232505, 0.0, 0.0, 1.0 
56.978318913726866, 12.468643136076892, 0.0, 0.0, 1.0 
44.97396192840861, 31.64961734181849, 0.0, 2.646498525556703, 2.7000000000000015 
47.14091998056183, 8.57289389953466, 0.0, 0.0, 1.0 
8.441860900453381, 0.3831132586037722, 0.0, 0.0, 1.0 
58.537139685601275, 3.9866195110397467, 0.0, 0.0, 1.0 
24.09186239541677, 2.701575305749534, 0.0, 0.0, 1.0 
5.287151517186258, 22.235253485004357, 0.0, 3.099175554040565, 2.7000000000000015 
40.00702535716788, 32.90853721509683, 0.0, 2.4953221582275473, 2.7000000000000015 
56.20576839403128, 37.960520560700324, 0.0, 2.855014910528727, 2.7000000000000015 
10.820572820094998, 55.77701756393257, 0.0, 0.0, 1.0 
19.081934330908386, 5.209884605217405, 0.0, 3.5064360430811687, 2.7000000000000015 
29.572595259769425, 31.66273601436459, 0.0, 0.0, 1.0 
28.12307623730621, 3.8249072526675776, 0.0, 0.0, 1.0 
13.675434102775974, 21.616643356512537, 0.0, 3.3065746969348586, 2.7000000000000015 
46.092835162015646, 26.899624190478683, 0.0, 0.0, 1.0 
21.798073167639757, 52.64782894769954, 0.0, 0.0, 1.0 
42.5919573695035, 12.516205758525748, 0.0, 0.0, 1.0 
20.774762166543525, 48.03709454450139, 0.0, 5.847801625280927, 2.7000000000000015 
53.2438420822775, 57.67488060394502, 0.0, 6.767753658379449, 2.7000000000000015 
52.865001992028255, 26.106458762951423, 0.0, 0.0, 1.0 
30.87273953019728, 32.981582186160935, 0.0, 0.0, 1.0 
49.32605082739986, 44.3346949404756, 0.0, 2.9076987597857595, 2.7000000000000015 
57.80452213473394, 38.86059610846247, 0.0, 3.3543315841866534, 2.300000000000001 
31.383907327877754, 20.38662290475548, 0.0, 3.6601455416543196, 2.7000000000000015 
24.79186872704301, 59.6673954823843, 0.0, 0.0, 1.0 
55.80013381605568, 58.80779288594808, 0.0, 7.224813245430234, 2.6000000000000014 
13.01989434056724, 58.742900130655244, 0.0, 0.0, 1.0 
31.78494802119805, 10.565893872927143, 0.0, 0.0, 1.0 
17.902544902086326, 57.135563134421076, 0.0, 5.145134116779259, 2.7000000000000015 
19.901352152729515, 10.179266633213288, 0.0, 4.27572425416841, 1.7000000000000006 
43.806775581184084, 35.14566660890449, 0.0, 2.807025451860676, 2.7000000000000015 
59.1307220371023, 9.013724946838229, 0.0, 0.0, 1.0 
60.25233920117461, 34.12921578070007, 0.0, 2.88509651852333, 2.7000000000000015 
7.165126333373332, 46.577462364621, 0.0, 5.704373838323264, 1.8000000000000007 
2.3536664363181257, 3.9490219876207355, 0.0, 0.0, 1.0 
41.092244601356974, 24.116699648619356, 0.0, 0.0, 1.0 
15.762751287808848, 43.67509242747865, 0.0, 0.0, 1.0 
60.673040374398234, 37.42765438167318, 0.0, 3.198257108190081, 2.7000000000000015 
41.497813413214196, 61.324764367182894, 0.0, 0.0, 1.0 
32.91918373668233, 38.4596663807069, 0.0, 2.965139367368157, 2.6000000000000014 
3.5962901061000525, 60.95643060589741, 0.0, 0.0, 1.0 
45.67156998814475, 38.0457657368112, 0.0, 3.3411173802930825, 2.7000000000000015 
23.481454177282092, 39.25679588094163, 0.0, 3.563358003152062, 2.7000000000000015 
0.2903552467648545, 55.86644734748204, 0.0, 4.209398300489552, 1.3000000000000003 
43.93514348155422, 1.7669897015882756, 0.0, 0.0, 1.0 
2.7064498193548348, 32.13592647806336, 0.0, 2.3192119845244985, 2.7000000000000015 
30.141709842148398, 44.08367134768041, 0.0, 0.0, 1.0 
2.6136199441896806, 35.96819677273957, 0.0, 2.7890099372221178, 2.7000000000000015 
13.764085884430246, 44.09957199024352, 0.0, 0.0, 1.0 
4.81362615134319, 19.207964226806695, 0.0, 0.0, 1.0 
40.51094472995414, 2.375049562551567, 0.0, 0.0, 1.0 
54.79344261761563, 61.73722707121023, 0.0, 0.0, 1.0 
50.903165610218224, 29.63068467747242, 0.0, 3.546924308246101, 2.7000000000000015 
47.425642444574336, 30.227172014056244, 0.0, 0.0, 1.0 
28.700750568204764, 14.418305744819591, 0.0, 3.9595714861865234, 2.7000000000000015 
53.35419346299902, 12.256569659050426, 0.0, 0.0, 1.0 
4.229397867664132, 49.99441510784036, 0.0, 3.689189441641328, 2.000000000000001 
27.82271006080729, 41.508760018767006, 0.0, 0.0, 1.0 
10.457489413902099, 20.98395763202796, 0.0, 3.2488181272312464, 2.7000000000000015 
12.557708479374176, 17.10655353135905, 0.0, 0.0, 1.0 
2.3927734582374143, 43.34676432093893, 0.0, 0.0, 1.0 
39.0022497431474, 3.70656880961974, 0.0, 0.0, 1.0 
7.95067877472352, 13.79572384813705, 0.0, 0.0, 1.0 
43.65234273774434, 20.04966427140202, 0.0, 3.1140074851220194, 2.7000000000000015 
52.85590904269062, 22.43948247664807, 0.0, 0.0, 1.0 
7.164159504758222, 8.924245701812438, 0.0, 0.0, 1.0 
55.2750872906438, 33.96741868660991, 0.0, 2.8042316851979274, 2.7000000000000015 
43.980767110681604, 29.951903213695324, 0.0, 0.0, 1.0 
17.700819011599503, 43.25344368102843, 0.0, 0.0, 1.0 
44.67583609800173, 42.10460983057244, 0.0, 0.0, 1.0 
59.116363698161635, 41.77166947014341, 0.0, 3.914762916764108, 2.6000000000000014 
57.127757244241955, 45.06288722107558, 0.0, 6.032768601605203, 2.5000000000000013 
47.35946785677246, 16.44099284658083, 0.0, 1.89785182668441, 2.7000000000000015 
38.25140032575803, 44.601635830556035, 0.0, 0.0, 1.0 
1.7564814700764364, 14.279466104896528, 0.0, 0.0, 1.0 
25.44417249525611, 36.20925997103068, 0.0, 0.0, 1.0 
24.957325019332863, 12.851669497962334, 0.0, 0.0, 1.0 
48.98775897357394, 2.0174255257857348, 0.0, 0.0, 1.0 
30.58589077961873, 26.093448923899142, 0.0, 0.0, 1.0 
39.432715149794056, 25.24048293842673, 0.0, 0.0, 1.0 
15.268460163782219, 45.639600155100126, 0.0, 0.0, 1.0 
44.83181127296287, 48.634837655330976, 0.0, 0.0, 1.0 
51.92643893455168, 0.5959669074665949, 0.0, 0.0, 1.0 
49.722947464163056, 53.14987734529852, 0.0, 2.9517475534020927, 2.7000000000000015 
10.134670201778126, 13.824383504609017, 0.0, 0.0, 1.0 
35.70412701214921, 13.791743353936454, 0.0, 0.0, 1.0 
25.0167783538629, 6.359720783049871, 0.0, 0.0, 1.0 
8.515642895005053, 25.490150823374947, 0.0, 0.0, 1.0 
32.15008921144121, 58.64814473207454, 0.0, 0.0, 1.0 
32.12708957501782, 56.961892640699844, 0.0, 0.0, 1.0 
53.25513272328031, 44.19380616325657, 0.0, 2.550217138933446, 2.7000000000000015 
27.084350725226642, 53.58957101715167, 0.0, 0.0, 1.0 
22.76994591101508, 59.12602087637104, 0.0, 0.0, 1.0 
30.3724090659316, 46.118100137528884, 0.0, 0.0, 1.0 
4.339505927650623, 47.852964411550644, 0.0, 1.905156585337925, 1.6000000000000005 
48.84505059212827, 61.241166856571844, 0.0, 0.0, 1.0 
30.20249694391777, 13.987835258321232, 0.0, 0.0, 1.0 
11.864914369403179, 44.5412424952283, 0.0, 0.0, 1.0 
6.847172431058624, 42.85836389530567, 0.0, 1.3375117422441338, 1.1 
6.2651174672842, 54.300841787727, 0.0, 5.128851956185044, 1.2000000000000002 
0.9607506949157073, 9.07148385322899, 0.0, 0.0, 1.0 
61.67140560444751, 50.178079899914856, 0.0, 4.545645948393175, 1.3000000000000003 
37.89724801706712, 50.47198571590411, 0.0, 0.0, 1.0 
61.61636827856113, 45.52627527533771, 0.0, 0.0, 1.0 
52.180099376555795, 15.555955988931503, 0.0, 0.0, 1.0 
42.951630321893916, 33.231712159791066, 0.0, 2.9777760754913882, 2.7000000000000015 
52.930644860573985, 38.11689242125864, 0.0, 3.4017105810643926, 2.7000000000000015 
49.838485158382426, 59.403761772943994, 0.0, 0.0, 1.0 
14.126645477485058, 4.134542235661171, 0.0, 0.9621826466752706, 2.100000000000001 
29.558402185894376, 24.39042522942481, 0.0, 3.3055962376728347, 2.300000000000001 
22.167663372181167, 26.807652722122175, 0.0, 3.871348751005363, 1.5000000000000004 
36.38886039980683, 8.427953136444971, 0.0, 0.0, 1.0 
60.9184154296673, 54.36191158038083, 0.0, 4.31160931954698, 1.1 
56.660944839853194, 15.895961726793676, 0.0, 0.0, 1.0 
42.81965761110333, 14.612396626096755, 0.0, 0.0, 1.0 
44.7539417956253, 5.839176231016868, 0.0, 0.0, 1.0 
26.80270111407305, 11.14246519235953, 0.0, 0.0, 1.0 
52.00776153092508, 24.27721155930164, 0.0, 0.0, 1.0 
18.15455410590849, 48.86223739871002, 0.0, 0.8784045624920939, 1.1 
0.32845851033086687, 3.897219130110504, 0.0, 0.0, 1.0 
37.05388678086364, 3.0321858945862763, 0.0, 0.0, 1.0 
21.872246390303225, 10.506247038253523, 0.0, 4.656536951498159, 1.1 
51.42963341593262, 33.48714963418993, 0.0, 3.1784166736501893, 2.7000000000000015 
1.5771269975008422, 24.48271400553329, 0.0, 0.883427391881805, 1.9000000000000008 
57.09178727038731, 53.48347098380589, 0.0, 0.0919310275712714, 1.1 
21.09323693378197, 37.35849749351716, 0.0, 3.723503502071553, 2.7000000000000015 
5.49774610948922, 2.342475152050151, 0.0, 0.0, 1.0 
35.857130747132565, 57.396777980838834, 0.0, 0.0, 1.0 
1.5544228540837275, 20.016352788495443, 0.0, 0.0, 1.0 
59.33020987403938, 18.1144796745961, 0.0, 0.0, 1.0 
4.87829431561163, 15.729348897745256, 0.0, 0.0, 1.0 
48.72806468465528, 39.11645739334285, 0.0, 3.7434086687858454, 2.7000000000000015 
47.59110000077982, 41.36547610026133, 0.0, 0.0, 1.0 
6.267023207371448, 7.275347594959962, 0.0, 0.0, 1.0 
37.446645642703196, 14.800140926730084, 0.0, 0.0, 1.0 
19.314108232693428, 60.0393508052885, 0.0, 0.0, 1.0 
42.736707129434215, 28.390240296957085, 0.0, 0.0, 1.0 
17.09615945811347, 39.57652006115112, 0.0, 0.0, 1.0 
41.80683347950728, 8.440607204832055, 0.0, 0.0, 1.0 
9.970034537130447, 8.618077650218082, 0.0, 0.0, 1.0 
51.95587134846961, 20.610181171652915, 0.0, 0.0, 1.0 
39.282666308631654, 14.792393509748317, 0.0, 0.0, 1.0 
44.3408411659928, 3.7846598445849984, 0.0, 0.0, 1.0 
25.298275875356612, 52.56643187720423, 0.0, 0.0, 1.0 
16.153202251021852, 35.89343034951879, 0.0, 4.3932932369745314, 1.6000000000000005 
34.62492726403924, 36.53042191440472, 0.0, 3.408253785761563, 2.7000000000000015 
16.192788854039218, 52.37394750021814, 0.0, 0.0, 1.0 
52.658114408194294, 49.85910126833808, 0.0, 6.427746983177798, 2.7000000000000015 
57.42488165340132, 29.824490734217747, 0.0, 2.943269385575054, 2.7000000000000015 
32.34655415825015, 18.371610049607984, 0.0, 2.005925070849039, 2.300000000000001 
0.03593149139686092, 25.40442010978494, 0.0, 0.0, 1.0 
17.843681407762897, 21.013284468330724, 0.0, 2.3024352856493833, 2.7000000000000015 
43.699445185050635, 9.168872036157488, 0.0, 0.0, 1.0 
33.79244361847665, 22.17792337610358, 0.0, 4.53833471162735, 2.7000000000000015 
42.179850760752316, 10.487181976875524, 0.0, 0.0, 1.0 
48.80938552584664, 57.59435153932682, 0.0, 0.0, 1.0 
13.360623271006435, 20.33483974264798, 0.0, 2.9645443267001688, 2.7000000000000015 
38.86398151506496, 42.84297652811808, 0.0, 0.0, 1.0 
56.037403674942716, 7.432944683207922, 0.0, 0.0, 1.0 
43.01707292206808, 59.96195555515391, 0.0, 0.0, 1.0 
52.48454409411979, 8.49930573113695, 0.0, 0.0, 1.0 
9.279207288065432, 57.108766212143635, 0.0, 0.0, 1.0 
21.366484391084427, 8.758153177465491, 0.0, 0.038443019750977504, 2.7000000000000015 
42.110526240636936, 34.68822199596597, 0.0, 2.8416885855714935, 2.7000000000000015 
15.636002554305895, 3.769759843785988, 0.0, 3.8236438076852433, 2.7000000000000015 
12.696853278888089, 56.69179588076724, 0.0, 0.0, 1.0 
12.298782525690298, 35.664107536280724, 0.0, 4.6970106804708935, 1.3000000000000003 
7.109688018261125, 21.043588167520877, 0.0, 2.981550845027636, 2.7000000000000015 
32.3180876449802, 55.10000206423561, 0.0, 0.0, 1.0 
3.9480586465418925, 10.745111052410945, 0.0, 0.0, 1.0 
45.65100139891748, 29.804100170467546, 0.0, 2.2797743161771047, 2.7000000000000015 
21.67726270152256, 54.68012293620363, 0.0, 3.307212087235296, 1.2000000000000002 
5.447271657320187, 61.23136222688186, 0.0, 0.0, 1.0 
42.855697936576725, 55.81062137975038, 0.0, 0.0, 1.0 
40.22256003249887, 44.36037544394, 0.0, 0.0, 1.0 
21.578146130150476, 41.97114463461104, 0.0, 0.0, 1.0 
11.01294943547846, 33.1941002389518, 0.0, 4.007739438906971, 2.6000000000000014 
43.93955460491463, 17.900047985168584, 0.0, 0.0, 1.0 
41.567671132546096, 48.70108613930298, 0.0, 0.0, 1.0 
28.948110662845945, 51.0271270909707, 0.0, 0.0, 1.0 
12.32994659921945, 2.0352055212768545, 0.0, 0.7650431574488298, 1.4000000000000004 
8.241338676199373, 59.79705037481778, 0.0, 1.2200594940815797, 2.7000000000000015 
19.49674362332993, 11.999723371308958, 0.0, 4.082376894364426, 2.7000000000000015 
34.1471192479422, 54.21842498029129, 0.0, 0.0, 1.0 
20.030074061842118, 6.865950670722588, 0.0, 6.431222782990975, 2.7000000000000015 
32.149814484472685, 27.422704990426436, 0.0, 0.0, 1.0 
39.46011416720676, 58.227488077097256, 0.0, 1.9808451220782115, 1.3000000000000003 
28.90315925630053, 7.6153303101484076, 0.0, 0.0, 1.0 
53.33907421606356, 5.408322599937723, 0.0, 0.0, 1.0 
5.141537241400184, 30.07112350935731, 0.0, 3.261912232241046, 2.7000000000000015 
39.13303414251342, 55.751898538719374, 0.0, 2.111152714734067, 1.1 
11.178661921770436, 57.83547104201015, 0.0, 0.0, 1.0 
44.87832579212202, 60.83662021466766, 0.0, 0.0, 1.0 
49.609759567807465, 3.931920238177885, 0.0, 0.0, 1.0 
14.614375124407458, 25.37792253698657, 0.0, 3.218597750687191, 2.7000000000000015 
17.06145812478216, 23.10624016544671, 0.0, 3.0783741832939167, 2.7000000000000015 
4.212811469353686, 7.31006243847022, 0.0, 0.0, 1.0 
33.90264092612606, 35.09448545038043, 0.0, 2.8885396019387697, 2.7000000000000015 
29.14674704331969, 18.226327494650054, 0.0, 3.579661942203546, 2.7000000000000015 
41.895497843691224, 42.52873035335496, 0.0, 4.134843538633534, 2.300000000000001 
30.24635710894518, 28.186399283780975, 0.0, 0.0, 1.0 
17.106573838306176, 1.1305492498560394, 0.0, 4.759978988243913, 2.7000000000000015 
47.56422618308181, 37.52374176791607, 0.0, 3.4255735592135346, 2.7000000000000015 
60.119072654024215, 44.07048880373203, 0.0, 0.0, 1.0 
55.141777172394, 12.517031754953116, 0.0, 5.471664260446689, 2.7000000000000015 
25.547344429909554, 34.411833535612416, 0.0, 0.0, 1.0 
39.79872419599571, 47.69289775223328, 0.0, 0.0, 1.0 
50.88370997756887, 57.65631804926882, 0.0, 0.0, 1.0 
55.96009812991814, 28.954992271237277, 0.0, 2.767542169039672, 2.7000000000000015 
59.061809206178346, 55.18710250761402, 0.0, 0.0, 1.0 
12.341753103648564, 29.102491340569877, 0.0, 2.8764637703460845, 2.7000000000000015 
45.13887149159559, 53.80914949544785, 0.0, 0.0, 1.0 
42.1168207440817, 38.19683441105368, 0.0, 3.2087454932644577, 2.7000000000000015 
2.8411115230529393, 59.258743968546874, 0.0, 0.19414673738229649, 2.7000000000000015 
4.470267935658408, 0.5427791183151514, 0.0, 0.0, 1.0 
61.457366012293, 5.636555958135331, 0.0, 0.0, 1.0 
35.93796388548273, 6.376641812602755, 0.0, 0.0, 1.0 
18.530455644759428, 58.49679042545198, 0.0, 5.3590269460662325, 2.7000000000000015 
9.350362020185832, 46.01971796704128, 0.0, 0.0, 1.0 
49.21292253536185, 26.032116062210687, 0.0, 0.0, 1.0 
58.18015503209361, 21.324277276940915, 0.0, 0.0, 1.0 
29.640824188369045, 2.525254323344439, 0.0, 0.0, 1.0 
46.64859726258277, 6.528021874552402, 0.0, 0.0, 1.0 
3.2333364343692494, 41.56546326944652, 0.0, 0.0, 1.0 
14.567841697663114, 57.6414393294465, 0.0, 0.0, 1.0 
3.293445862234822, 5.691328833723134, 0.0, 0.0, 1.0 
60.461469421346614, 26.705869020054525, 0.0, 2.359828613796381, 1.2000000000000002 
57.06918755139182, 8.992733073903148, 0.0, 0.0, 1.0 
37.791059058736785, 20.475327668967704, 0.0, 0.0, 1.0 
0.79027825443942, 18.13027509813495, 0.0, 0.0, 1.0 
38.28992833557763, 9.086844040652874, 0.0, 0.0, 1.0 
14.203520045091684, 27.733019759165455, 0.0, 3.1074194086712295, 2.7000000000000015 
16.052878422995203, 60.41568519381364, 0.0, 5.950414131337295, 2.200000000000001 
1.091958795764354, 49.3177544918044, 0.0, 4.192665905698181, 1.1 
41.430201493380366, 26.888532859331495, 0.0, 0.0, 1.0 
35.86123777575702, 41.233766924543154, 0.0, 3.3521563964274756, 2.7000000000000015 
46.367380260464635, 12.311957836476289, 0.0, 0.0, 1.0 
