position_x,position_y,position_z,orientation,aspect_ratio
65.0828728413674, 20.366743220855078, 0.0, -0.8389812074306346, 2.7000000000000015 
57.19373047726765, 1.2859232242297929, 0.0, 3.7084633389789534, 2.7000000000000015 
0.4355353055789277, 65.23147276666832, 0.0, 4.048252847707066, 2.7000000000000015 
70.00355597967551, 4.097179182649178, 0.0, 3.1847893886623915, 1.6000000000000005 
19.134448981024484, 28.091543397413712, 0.0, -1.0047176426305366, 2.7000000000000015 
35.200341718718974, 30.757427324470296, 0.0, 5.06941254287101, 2.7000000000000015 
6.918239515817887, 9.731737959105741, 0.0, 6.990869304685481, 2.7000000000000015 
42.16110248533222, 64.14008784112912, 0.0, 4.757701403566407, 2.7000000000000015 
58.034998281774875, 63.56979409690045, 0.0, 3.8544983847927026, 2.7000000000000015 
20.930642651539184, 17.596260593763184, 0.0, 6.00656862574757, 2.7000000000000015 
37.477151528997034, 57.00516765429901, 0.0, 4.659025866988665, 2.7000000000000015 
0.8375788132438675, 29.58015794548228, 0.0, 1.2354111514925825, 2.7000000000000015 
62.94265624421524, 65.0923976676273, 0.0, 3.4438040076961873, 2.7000000000000015 
3.4470214886966675, 28.84481367550445, 0.0, 5.360482981132694, 2.7000000000000015 
3.8542732379050024, 9.024942755535987, 0.0, 5.352804773046988, 2.7000000000000015 
0.4519107109626166, 33.85413018840969, 0.0, 1.3194027682833698, 2.7000000000000015 
1.0285807230306063, 17.80973326859066, 0.0, 4.757391443131018, 2.7000000000000015 
11.59387467498471, 68.07550205270684, 0.0, 3.179914881254579, 2.7000000000000015 
66.4090339469333, 18.0263631876299, 0.0, -0.6162457875333254, 2.7000000000000015 
46.36118136764967, 42.6970398601589, 0.0, 3.9983497176364966, 2.7000000000000015 
7.241796142381567, 66.15362589559315, 0.0, 2.649227123728759, 2.5000000000000013 
46.18534077259283, 9.975185651846326, 0.0, -0.26206227488846245, 2.7000000000000015 
58.97810951871217, 61.39541524769389, 0.0, 3.3730507693450686, 2.7000000000000015 
30.04665585099251, 26.025419682027255, 0.0, 5.3097987975392815, 2.7000000000000015 
27.919211288624783, 12.991140908890308, 0.0, 5.4991177895292225, 2.7000000000000015 
4.6653737814918275, 29.4230096086889, 0.0, 5.072579190597576, 2.7000000000000015 
37.659247950551695, 35.326945619392674, 0.0, 4.677753061242772, 2.7000000000000015 
63.938461388275734, 13.627556278649976, 0.0, -0.8653496410953285, 2.7000000000000015 
71.67825874658747, 11.058459943680143, 0.0, 0.0, 1.0 
10.780834441369088, 44.62110012933637, 0.0, 5.385708234865587, 2.7000000000000015 
70.3804724540751, 27.00887175424605, 0.0, 4.697246140949509, 2.7000000000000015 
14.073962756364924, 54.477657968075185, 0.0, 0.07766954056555186, 2.7000000000000015 
63.47520922590976, 56.651571746403874, 0.0, 3.0476869849292405, 2.7000000000000015 
2.3793481923482798, 35.81796440494449, 0.0, 3.34594076798378, 2.300000000000001 
2.2502236666214057, 17.41819720866854, 0.0, 0.0, 1.0 
2.396566363112915, 9.094518335121045, 0.0, 5.531634858115812, 2.7000000000000015 
5.911794483346869, 4.53436539299504, 0.0, 0.0, 1.0 
40.51785622903602, 50.595748027929794, 0.0, 3.8996186486935485, 2.7000000000000015 
66.13937327546435, 14.688982596281658, 0.0, 5.161724483330212, 2.7000000000000015 
18.157301473851337, 33.77555809416761, 0.0, 4.940334405261244, 2.7000000000000015 
44.700038236040754, 42.07015982672756, 0.0, 4.149034065502281, 2.6000000000000014 
36.775337332997125, 48.552680890196505, 0.0, 4.318453658007946, 2.4000000000000012 
67.68163934604866, 62.27262187921036, 0.0, 3.1488310927294716, 2.7000000000000015 
11.312980079170531, 33.01944585252784, 0.0, 0.0, 1.0 
12.776443180621746, 14.738964796011, 0.0, 0.0, 1.0 
54.77992259029925, 36.46187347088273, 0.0, 5.953985916687778, 2.7000000000000015 
52.377309420337475, 44.24939979192782, 0.0, 3.2792157993604985, 2.7000000000000015 
32.92951727073035, 20.103099284691115, 0.0, -0.09031676557231638, 2.7000000000000015 
62.63974101250321, 38.54328848174658, 0.0, 5.783148930527782, 2.7000000000000015 
31.506702759884686, 7.868181750895716, 0.0, 5.3657985926308225, 2.7000000000000015 
26.45987861014493, 70.53551439925182, 0.0, 4.306015174463557, 2.7000000000000015 
21.1886996783836, 28.676390218870946, 0.0, 5.214433707927368, 2.300000000000001 
46.77285614533977, 44.55251759605762, 0.0, 3.756061019918919, 2.7000000000000015 
65.48515649704804, 65.41017208907168, 0.0, 3.7386006941064176, 2.7000000000000015 
26.423297864920666, 34.44644386408763, 0.0, 5.169861784307147, 2.7000000000000015 
24.6634881064841, 40.51388015848159, 0.0, 4.094139527718926, 2.7000000000000015 
45.08635970426947, 55.88443717920289, 0.0, 0.0, 1.0 
6.031480547845078, 57.0252831428071, 0.0, 3.6602511006630443, 2.7000000000000015 
11.520945595725763, 4.481678631833236, 0.0, 0.0, 1.0 
65.54553636055918, 7.142782014827657, 0.0, 6.040676737848569, 2.7000000000000015 
7.189073414025647, 60.09593212900884, 0.0, 3.866300879806146, 2.7000000000000015 
44.283429041402925, 49.54808066993598, 0.0, 4.137430653784517, 2.7000000000000015 
41.34139445046854, 13.31846460373645, 0.0, -0.9293683930885062, 2.7000000000000015 
68.25711321220997, 63.51041057505216, 0.0, 3.5255649576479136, 2.7000000000000015 
23.735932472221336, 23.94906536577356, 0.0, 5.650499063972854, 2.7000000000000015 
24.129974461742048, 33.20736869035034, 0.0, 4.598238520808199, 2.7000000000000015 
57.871009139383304, 56.08871281458513, 0.0, 3.2813448854388114, 2.7000000000000015 
9.37651185496989, 13.280723322757302, 0.0, -0.3693002432692184, 2.7000000000000015 
8.272025351634992, 11.219789454108552, 0.0, 6.138571212774869, 2.7000000000000015 
69.1840224535122, 31.60931493863737, 0.0, 5.380223201970648, 2.7000000000000015 
64.0822617705247, 69.09955167632016, 0.0, 3.9696376608017534, 2.7000000000000015 
71.7735113149029, 47.43492045150729, 0.0, 5.619073981911386, 2.7000000000000015 
20.412393947170827, 31.650803788776223, 0.0, 4.952169281820112, 2.7000000000000015 
65.48970930112414, 9.284063712052836, 0.0, 0.0, 1.0 
23.49093115936166, 20.922098288603536, 0.0, 6.008620891325104, 2.7000000000000015 
31.805140872162028, 38.899058151698036, 0.0, 4.87106785482216, 2.200000000000001 
41.67058662800188, 54.40915227373326, 0.0, 4.023143903124843, 2.7000000000000015 
43.57293257205984, 23.230142623504324, 0.0, 5.089331789331594, 2.7000000000000015 
32.62783170998402, 25.830126869090748, 0.0, 5.563338577256024, 2.7000000000000015 
71.44665721147568, 40.04478929584618, 0.0, 2.3826719860659953, 2.7000000000000015 
9.294837954233856, 7.469260969680911, 0.0, 6.520774399011354, 2.100000000000001 
11.729157163690004, 34.84390986426426, 0.0, -0.8145095608184499, 2.7000000000000015 
26.372034682787366, 20.977839401268657, 0.0, -0.0959943868127482, 2.5000000000000013 
12.946619597387546, 37.70418826008046, 0.0, -0.9495060786767531, 2.7000000000000015 
13.037679029752264, 49.01190342689293, 0.0, 6.130033224339862, 2.7000000000000015 
44.0287486676884, 5.812410724766987, 0.0, 6.017819120506239, 2.7000000000000015 
15.131468624237675, 23.828795279855598, 0.0, 5.3779455611549, 1.2000000000000002 
6.558359175479935, 38.27306059828294, 0.0, 5.64586188810913, 2.7000000000000015 
63.0076178934895, 71.98719187281402, 0.0, 0.0, 1.0 
65.21097629799267, 68.19234660851242, 0.0, 3.5490683615792014, 2.7000000000000015 
40.808774325472555, 37.01804658063198, 0.0, 4.359229725389195, 2.7000000000000015 
16.472578165316786, 11.902809281032381, 0.0, 6.111384061907137, 1.9000000000000008 
10.890566061840506, 14.021799455508738, 0.0, 0.0, 1.0 
36.571056163248635, 54.142971202518225, 0.0, 4.529801797113377, 2.7000000000000015 
69.27915557347488, 23.254422039331903, 0.0, -1.0679492752763036, 2.7000000000000015 
38.32522695169491, 21.611014524879316, 0.0, 6.416519845363179, 2.7000000000000015 
7.919542750333462, 41.73173344686478, 0.0, -0.0925397868964628, 2.5000000000000013 
65.31021981415552, 36.09454351240688, 0.0, 5.273650845461208, 2.7000000000000015 
69.94303425770204, 43.35019608514227, 0.0, 0.2696977442492302, 2.7000000000000015 
2.0627833284278525, 57.01126787467481, 0.0, 3.529444405602305, 2.7000000000000015 
24.053420322044897, 21.97834652981728, 0.0, -0.1849104127141865, 2.7000000000000015 
41.277981585331844, 67.87811425895933, 0.0, 0.0, 1.0 
25.031348283371486, 16.813698644835256, 0.0, 0.1445775176307807, 2.5000000000000013 
14.617759799530328, 30.23997216726045, 0.0, -0.9436916600591739, 2.7000000000000015 
40.494330523748005, 31.456103621633943, 0.0, 4.915355068105783, 2.7000000000000015 
21.345052584305336, 25.768952645077626, 0.0, 5.478423665023689, 2.7000000000000015 
12.310397660063447, 19.873585168917316, 0.0, 0.0, 1.0 
72.3534770708551, 18.945057530854058, 0.0, -1.413763350876917, 2.7000000000000015 
23.846702946556345, 3.5648862873285383, 0.0, 4.441684842725788, 2.7000000000000015 
14.055080761216875, 18.829632405768635, 0.0, 0.3451006858402448, 1.2000000000000002 
18.767659155555496, 40.01225638140304, 0.0, -1.799299046274637, 2.6000000000000014 
47.02395300146244, 54.64214474896716, 0.0, 4.042625755027219, 2.7000000000000015 
33.46213430533317, 43.10964362626035, 0.0, 4.502718335405469, 2.7000000000000015 
49.22762344843278, 56.976326500360095, 0.0, 4.120524036018822, 2.7000000000000015 
71.41249331987032, 7.851544735737512, 0.0, 0.0, 1.0 
46.162323505201535, 13.749586794260003, 0.0, -0.5401259444339838, 2.7000000000000015 
49.328322662043306, 5.129467596027569, 0.0, 5.7307738041730305, 2.7000000000000015 
58.76845451461955, 58.14298892675512, 0.0, -3.1886286384601714, 2.7000000000000015 
2.5382663817398923, 45.310985792495046, 0.0, 6.169221467817708, 2.7000000000000015 
29.53337563097882, 18.42109806570166, 0.0, -0.09526749952389633, 2.7000000000000015 
58.427048852846056, 65.34859102149618, 0.0, 3.7463657965119173, 2.7000000000000015 
46.87336320104707, 71.63888973748386, 0.0, -2.5666913983641475, 2.7000000000000015 
0.8061539189904815, 63.76458469836686, 0.0, 3.530905515892352, 2.7000000000000015 
11.748955548470736, 18.04255269157028, 0.0, 0.0, 1.0 
33.87817639850544, 29.252501185371234, 0.0, 5.222094352447808, 2.7000000000000015 
59.38215454932419, 34.70342799931975, 0.0, -0.06232042022131115, 2.7000000000000015 
15.826379606132047, 36.60369253560681, 0.0, 5.0789738959392965, 2.7000000000000015 
15.971436768972795, 29.98069208610698, 0.0, 5.2874836452931735, 2.7000000000000015 
65.74777368966687, 60.1626654612084, 0.0, 3.410387970399882, 2.7000000000000015 
44.12008493735143, 18.700856158099352, 0.0, 5.493529425082985, 2.7000000000000015 
38.96528692857298, 24.645325899086593, 0.0, 5.378780063667451, 2.7000000000000015 
45.698357827917036, 66.40735194402926, 0.0, 4.4773814956072835, 2.7000000000000015 
6.723057806002656, 46.35875098663074, 0.0, 6.150956788570673, 2.7000000000000015 
5.188388977490714, 35.49851534433475, 0.0, 3.09287515379915, 2.000000000000001 
12.641399709283823, 5.402245904381133, 0.0, -1.4728481279233814, 2.6000000000000014 
59.78859622201695, 1.3600350013690459, 0.0, 3.3606733230873633, 2.7000000000000015 
14.13459078093432, 39.495845016881745, 0.0, -1.0383371009502198, 2.7000000000000015 
36.440648704324495, 22.06237355232065, 0.0, 6.273016813581117, 2.7000000000000015 
62.5759818843159, 63.912988524080944, 0.0, 3.423753574323335, 2.6000000000000014 
22.145658819373143, 63.728710267243486, 0.0, 3.3395467964222716, 2.7000000000000015 
7.858084248810282, 56.59814255844513, 0.0, 3.565656774208417, 2.7000000000000015 
57.429038180041715, 59.873621994984305, 0.0, 3.5539335629638122, 2.7000000000000015 
72.30435201343, 24.933832494839677, 0.0, 0.0, 1.0 
60.97030324897109, 35.58509722636148, 0.0, 5.9459637457754715, 2.7000000000000015 
71.36270077003374, 29.34179633225884, 0.0, -1.0123998124468323, 2.7000000000000015 
6.895104393949656, 21.172433978698038, 0.0, 0.0, 1.0 
44.68498905422164, 47.886470272956736, 0.0, 3.6522412287123394, 2.4000000000000012 
7.378446987990077, 43.14529745387034, 0.0, -0.36959257465966405, 2.7000000000000015 
66.40441563779763, 70.2895946385768, 0.0, -2.3594803778203235, 2.7000000000000015 
13.415450948646175, 29.609467006246863, 0.0, 0.0, 1.0 
30.51221666345301, 33.1904070463371, 0.0, 5.088646621461467, 2.7000000000000015 
40.895551234611496, 65.74631158818387, 0.0, 6.96096946432352, 2.7000000000000015 
8.466484917127088, 39.06484934929746, 0.0, -0.3958700336421433, 2.7000000000000015 
59.91697864712548, 6.868838252340489, 0.0, 6.4446297312073115, 2.7000000000000015 
26.462857326172898, 24.915529890042258, 0.0, 5.2901781918631565, 2.7000000000000015 
16.58977624623537, 39.549461783029145, 0.0, -1.120527532939953, 2.7000000000000015 
24.230388968958426, 71.45165009677717, 0.0, 4.25693033457444, 2.7000000000000015 
10.712903275472268, 27.849099319007085, 0.0, 0.0, 1.0 
53.971490595743475, 56.778131895219445, 0.0, -2.8676520262373533, 2.5000000000000013 
23.344103374555885, 28.28397115982293, 0.0, 5.133130798028909, 2.7000000000000015 
63.638749689571064, 19.958474246597362, 0.0, -0.6595424101091143, 2.7000000000000015 
39.403959541583994, 54.740410868142796, 0.0, 4.26643775110391, 2.7000000000000015 
30.78208686854506, 48.88167980510074, 0.0, 4.447027859834054, 2.7000000000000015 
36.881701469418495, 28.442643386513502, 0.0, 5.193454431689063, 2.7000000000000015 
66.86018527921449, 21.77276868456011, 0.0, 5.511715401579648, 2.7000000000000015 
48.6613531678028, 12.238334954323582, 0.0, 5.2745091237284845, 2.7000000000000015 
56.98148396311115, 57.22643740986933, 0.0, 3.195970713915314, 2.7000000000000015 
29.469322817937353, 29.383518524617774, 0.0, 5.305336391747244, 2.7000000000000015 
43.264704638556665, 4.6970407546862685, 0.0, 6.227682192630226, 2.7000000000000015 
44.87620916401543, 44.218729968605366, 0.0, 4.202172411882793, 2.7000000000000015 
8.503340982135647, 35.12546740031702, 0.0, 0.0, 1.0 
61.12210830923692, 4.217300613585261, 0.0, 2.9254800130861898, 2.7000000000000015 
4.6305804738653205, 17.669195793664336, 0.0, 5.16671869528636, 2.7000000000000015 
14.60976704731456, 15.312554705620675, 0.0, 0.0, 1.0 
7.374215179720056, 15.308636365708834, 0.0, -0.5567888225015803, 2.7000000000000015 
2.824571982389585, 59.3991932606671, 0.0, 3.446617095438381, 2.7000000000000015 
68.33551178635284, 11.40197161705419, 0.0, 0.0, 1.0 
52.223750071186366, 58.98280952494667, 0.0, 4.138561324570556, 2.300000000000001 
37.377514069488825, 64.0629183712508, 0.0, 0.28691332529498326, 2.7000000000000015 
1.795158844279428, 0.7245146321644412, 0.0, 3.7474568318309216, 2.5000000000000013 
69.29188584688475, 28.76911233179, 0.0, -1.521579621232954, 2.7000000000000015 
71.0469179135279, 16.94550132357241, 0.0, -1.0166547257065568, 2.7000000000000015 
6.5359925650709885, 71.72132824412607, 0.0, 3.560534031032021, 2.7000000000000015 
14.585865150934362, 34.78277809648339, 0.0, 5.164323160421889, 2.7000000000000015 
31.427101623373236, 66.7089985330121, 0.0, 3.389915350958957, 2.7000000000000015 
11.127062047460779, 69.1711709752773, 0.0, -2.932778849384825, 2.7000000000000015 
12.260321285199621, 70.61874426506387, 0.0, -2.824519952931331, 2.7000000000000015 
19.100224433808492, 22.23328778042029, 0.0, 5.603488444172726, 1.6000000000000005 
26.94225135539383, 37.85215693998294, 0.0, -0.9289135267134416, 2.7000000000000015 
3.3633862776893175, 56.219214454119985, 0.0, 3.7397608353749217, 2.7000000000000015 
50.35509141275384, 56.93862833160966, 0.0, 4.169497643445906, 2.7000000000000015 
32.9641189938736, 37.335732485056496, 0.0, 4.742045484130495, 2.7000000000000015 
66.52823683178411, 55.80797887188462, 0.0, 2.957742611405173, 2.7000000000000015 
50.623536431360556, 68.09095497973169, 0.0, 4.054724162137497, 2.7000000000000015 
36.06443803546592, 20.299812888614337, 0.0, 6.551704107694888, 2.7000000000000015 
25.941611680148625, 22.398698887897105, 0.0, 5.914679310249179, 2.4000000000000012 
42.691361150207676, 22.417285107283153, 0.0, 5.428101356620223, 2.7000000000000015 
68.32678233844645, 19.443967579108342, 0.0, 5.564664070341071, 2.7000000000000015 
29.137948199025193, 25.687648406366954, 0.0, 5.388558569692018, 2.7000000000000015 
35.821604618181645, 55.94799206996999, 0.0, 4.25810529210004, 2.7000000000000015 
5.197803604152204, 42.61029412117695, 0.0, -0.08777653091183014, 2.7000000000000015 
10.765605512332778, 1.1562302293052835, 0.0, 0.0, 1.0 
42.64824704137589, 21.047927963259983, 0.0, 5.555838507859204, 2.7000000000000015 
42.74820685676317, 0.789148945597513, 0.0, 3.330680361604431, 2.100000000000001 
36.00404640689048, 39.81644905111882, 0.0, 4.06614424015565, 2.7000000000000015 
65.61849413971751, 43.32253304344668, 0.0, 6.334574611475468, 2.7000000000000015 
53.99295246389684, 53.00148920009554, 0.0, -2.691757816298593, 2.7000000000000015 
14.27192106711915, 13.297344820672297, 0.0, 0.0, 1.0 
8.070004295320796, 51.19120201460733, 0.0, 5.491169889517055, 2.7000000000000015 
5.71813081963302, 65.50285736435684, 0.0, 2.6860839432204098, 2.7000000000000015 
37.19909970261895, 26.460748664421853, 0.0, 5.324860292487977, 2.7000000000000015 
60.83542222176183, 58.90110868894767, 0.0, 3.196044753518372, 2.7000000000000015 
50.955861141951345, 6.602929076284295, 0.0, -0.8048886599712752, 2.7000000000000015 
15.587058135433331, 4.121403631529407, 0.0, 4.466186657968582, 2.7000000000000015 
48.12815494651102, 52.51312972618324, 0.0, 3.7423571455321776, 2.7000000000000015 
54.47845879711449, 66.96428754847294, 0.0, 0.0, 1.0 
33.37570915848056, 18.05591745804069, 0.0, -0.12264898426687529, 2.7000000000000015 
0.7236291624270541, 67.20867818741384, 0.0, -2.6985723618889392, 2.7000000000000015 
56.40096581116362, 50.34937438911735, 0.0, 3.6816418322755156, 2.7000000000000015 
23.277697257643432, 18.04817550136996, 0.0, 5.877704923472881, 1.1 
54.91645373534233, 71.14342192808888, 0.0, 3.1184960399177877, 2.7000000000000015 
1.861934594205313, 24.452280790844053, 0.0, 0.0, 1.0 
64.21820599282705, 18.24782969915076, 0.0, -0.4740100799781514, 2.7000000000000015 
23.760433795430885, 68.02588083271772, 0.0, 4.726313512376349, 2.7000000000000015 
69.7501904442574, 20.907574199818423, 0.0, 5.308118632028568, 2.7000000000000015 
8.390073591480393, 4.276576002852518, 0.0, -2.0167297323722724, 2.200000000000001 
32.36188050850228, 50.98101498990527, 0.0, 4.37746261076157, 2.7000000000000015 
34.96080083937915, 40.85116033295051, 0.0, 4.443767255102996, 2.7000000000000015 
14.072559284093938, 26.41936058693657, 0.0, 0.0, 1.0 
33.47494537164627, 28.152514178007465, 0.0, 5.328631115793469, 2.7000000000000015 
36.17338630465076, 23.015534780873406, 0.0, 5.999991130540294, 2.6000000000000014 
16.826792942775935, 27.666084811753652, 0.0, -0.757350802987474, 2.7000000000000015 
63.82598814891541, 60.87899199115846, 0.0, -3.136638506362501, 2.100000000000001 
37.627415913313556, 40.243061319775585, 0.0, 4.137830851838881, 2.7000000000000015 
15.89329434582089, 25.646269425878938, 0.0, 0.0, 1.0 
2.2483539183077426, 68.77097504312104, 0.0, 3.1251338240150712, 2.6000000000000014 
52.235307218125264, 18.774580431205617, 0.0, 2.4388863208707363, 2.7000000000000015 
18.87554186177316, 53.899323606047716, 0.0, -0.1785769271202611, 2.7000000000000015 
34.722878388914545, 43.18852643358706, 0.0, 4.384620071908303, 2.7000000000000015 
29.577392690092, 41.947223361098146, 0.0, 4.309220570887174, 2.7000000000000015 
12.730919520642848, 36.28262096034984, 0.0, 5.336989042611291, 2.7000000000000015 
69.85329553552847, 10.14918388076914, 0.0, 0.0, 1.0 
41.74048612059651, 31.858684223514878, 0.0, 4.591129317526656, 2.6000000000000014 
65.03432374069536, 63.94556069368808, 0.0, 3.5845847132228212, 2.7000000000000015 
16.88516372170704, 69.9795466307532, 0.0, 3.4235225222982173, 2.7000000000000015 
32.90613780435295, 34.11755119593071, 0.0, 4.785135108533483, 2.7000000000000015 
23.16968240609998, 0.23088947358745956, 0.0, 4.567288717738725, 2.7000000000000015 
37.47947310448206, 24.759454418194192, 0.0, 5.533204975463584, 2.7000000000000015 
30.780616436517732, 4.0410995961170295, 0.0, 4.985677060191728, 2.7000000000000015 
41.72631989551251, 28.766663607948935, 0.0, 5.004487612350958, 2.7000000000000015 
65.89961636198547, 26.08246772687303, 0.0, 5.452516546283238, 2.7000000000000015 
55.40106262770567, 37.58598069123785, 0.0, 6.022927976413723, 2.7000000000000015 
39.05721971942157, 40.39580279031568, 0.0, 4.2660986036362605, 2.4000000000000012 
18.304522117912427, 8.546477268349935, 0.0, 0.29535268513583174, 2.4000000000000012 
51.55338789624825, 61.57110609929149, 0.0, 4.129536957557443, 2.7000000000000015 
33.29942608599196, 49.997919175998966, 0.0, 4.270239278993716, 2.7000000000000015 
71.00835795985368, 62.286797190158964, 0.0, 3.32486300010919, 2.7000000000000015 
7.020583393864886, 34.15460057737328, 0.0, 0.0, 1.0 
4.5392316945936715, 41.387269004182926, 0.0, 6.223817069558825, 2.7000000000000015 
67.19990464116162, 33.92276029702436, 0.0, 5.078955399791381, 2.7000000000000015 
14.66705014159319, 45.42577699365855, 0.0, 5.187776613578968, 2.7000000000000015 
39.655304910943855, 35.47405941269479, 0.0, 4.932498224614205, 2.7000000000000015 
2.544257579946675, 54.43459256993639, 0.0, 3.191272181977674, 2.7000000000000015 
13.558951750419682, 8.992504823642236, 0.0, -0.31946360558847353, 2.7000000000000015 
45.421531385097666, 59.21135631575441, 0.0, 3.822605700213833, 2.7000000000000015 
63.53894053922202, 66.43766543460767, 0.0, 3.646514998446608, 2.7000000000000015 
34.01300587353402, 35.62045118995918, 0.0, 4.3746806527974735, 2.7000000000000015 
37.60228374324536, 60.04046741432336, 0.0, 0.83141507936232, 2.7000000000000015 
42.725486022724375, 13.515646620979627, 0.0, 5.164275930546643, 2.7000000000000015 
32.004233649355335, 35.72014297031184, 0.0, 4.736169146083504, 2.7000000000000015 
36.3305733738626, 62.34500231632216, 0.0, 6.8289718066339935, 2.7000000000000015 
46.26753385366661, 16.073275774413855, 0.0, -1.3961715480997243, 2.7000000000000015 
55.21239713327347, 55.98106384769446, 0.0, 3.3845779397102365, 2.7000000000000015 
69.35707446260926, 13.159507060337917, 0.0, 0.0, 1.0 
67.74194644436706, 67.8424492506351, 0.0, 4.105459517028314, 2.7000000000000015 
31.3003345273489, 12.71255417854285, 0.0, 5.81722983435461, 2.7000000000000015 
21.16457014839168, 32.96752054863756, 0.0, 4.821134759340471, 2.7000000000000015 
32.791402849162104, 47.05182573648938, 0.0, 4.35888850795084, 2.7000000000000015 
51.411176521172564, 49.58288470913472, 0.0, 3.8442971759125864, 2.7000000000000015 
68.36054113283815, 46.731917409124684, 0.0, 6.042483176973344, 2.7000000000000015 
9.02733652136627, 69.65082188503341, 0.0, 3.444966482216186, 2.7000000000000015 
37.211464392253326, 32.30733108931252, 0.0, 4.550441044581975, 2.7000000000000015 
10.280494520775985, 19.475453493103387, 0.0, 0.0, 1.0 
65.37781009948229, 24.781153939758774, 0.0, 5.779297236661402, 2.7000000000000015 
40.7547668180728, 23.640447456012176, 0.0, 5.358558394625081, 2.7000000000000015 
24.664605584209124, 2.0886755176182237, 0.0, 4.431869854068391, 2.7000000000000015 
2.9521363161662415, 19.178195594362755, 0.0, 0.0, 1.0 
44.90285918963911, 16.117304512285948, 0.0, 4.4904014758629405, 2.7000000000000015 
44.859566706202294, 40.319987982490616, 0.0, 3.7377902733075077, 2.7000000000000015 
5.08240993865146, 22.948503144601847, 0.0, 4.398859561780972, 2.5000000000000013 
38.293862399957256, 48.273912270134836, 0.0, 3.8180293661030618, 2.7000000000000015 
38.83358370861949, 71.8978317695429, 0.0, 5.032601513954232, 2.7000000000000015 
53.42620668802641, 58.7289014296852, 0.0, 3.825754224428144, 2.7000000000000015 
27.982939885545896, 41.54621590793102, 0.0, -1.3703060772445605, 2.7000000000000015 
13.80981054811896, 32.442869509864614, 0.0, 5.65877974072437, 2.7000000000000015 
13.701258947823078, 67.34708587027197, 0.0, 3.5246169598916, 2.7000000000000015 
30.751824034944807, 21.310948791201792, 0.0, -0.4952502917136363, 2.7000000000000015 
17.948455152014063, 42.728236886986686, 0.0, 4.9479225890393135, 2.7000000000000015 
24.636864620831915, 30.04906075764176, 0.0, 4.894877837067993, 2.7000000000000015 
41.388892238093604, 47.30721030165987, 0.0, 4.470404692750172, 2.7000000000000015 
4.056511672349691, 32.2505993040917, 0.0, 2.573140275535147, 2.7000000000000015 
38.602110446647224, 37.80423964650696, 0.0, 4.605939105013147, 1.9000000000000008 
72.06392385072373, 58.77114988671007, 0.0, -2.7423331051912068, 2.7000000000000015 
21.46191854947482, 64.85660601000035, 0.0, 3.4410756153787574, 2.7000000000000015 
12.702239754411664, 1.068716654521791, 0.0, 0.0, 1.0 
59.54169490371568, 69.97472530393061, 0.0, 0.0, 1.0 
71.32430992251571, 18.281032913711627, 0.0, 5.181067727508576, 2.7000000000000015 
22.549145551997523, 69.489706037483, 0.0, 4.744176016005601, 2.7000000000000015 
60.14446468033565, 41.22181412436935, 0.0, 2.774485395304852, 2.7000000000000015 
48.038766705660635, 68.26561697126677, 0.0, 4.435345210046443, 2.7000000000000015 
0.3629220094026108, 15.990948915179363, 0.0, 5.0447105725930905, 2.7000000000000015 
62.802290348684906, 22.33585961054761, 0.0, -1.0012467292700773, 2.7000000000000015 
50.79490132387086, 46.658178061505716, 0.0, 3.7816571511313763, 2.7000000000000015 
0.6629904489413023, 21.1854826743816, 0.0, 0.0, 1.0 
60.17445890988608, 2.7445801381953414, 0.0, 3.43859905642541, 2.7000000000000015 
33.96036667206762, 22.99849728172049, 0.0, 5.996700707832159, 2.7000000000000015 
3.5845329475578755, 16.559668955757818, 0.0, 0.0, 1.0 
35.868451465016804, 16.083443923896187, 0.0, 0.34748920454103766, 2.7000000000000015 
65.35729319745094, 31.514526496942068, 0.0, -0.9616901665334099, 2.7000000000000015 
13.577648269063435, 3.445388809175152, 0.0, 3.862886773812559, 2.100000000000001 
46.21004415494043, 19.260557752562878, 0.0, 4.877778763430704, 2.7000000000000015 
21.16915831492019, 24.444192646181556, 0.0, 5.869888986592988, 2.7000000000000015 
35.413283535078754, 13.719948781586956, 0.0, 5.8940169152555395, 2.7000000000000015 
71.52692474835467, 44.79845728064615, 0.0, 5.529837007794491, 2.7000000000000015 
67.90982170804526, 23.6580324788248, 0.0, 5.315860645931982, 2.7000000000000015 
11.06527227180971, 36.947255591938536, 0.0, 5.413298968312461, 2.7000000000000015 
57.7930756278179, 54.987887997479525, 0.0, 3.1844581895487916, 2.7000000000000015 
50.5208615647982, 10.894857777868372, 0.0, 5.089777509079572, 2.7000000000000015 
43.17905473333582, 63.64174057794174, 0.0, 4.4845510248745875, 2.7000000000000015 
35.445947375371965, 24.100500458944126, 0.0, 5.79515575202147, 2.7000000000000015 
67.45612340276989, 26.04473067689309, 0.0, 5.197278484006511, 2.7000000000000015 
50.43000175754009, 3.4547761606343657, 0.0, 6.156366615663191, 2.7000000000000015 
36.431611993110465, 34.38334536081137, 0.0, 4.6550369450981055, 2.7000000000000015 
49.967154385141676, 42.59581611549445, 0.0, 3.7478351979126137, 2.6000000000000014 
0.8426683425169077, 26.904812368334696, 0.0, 1.4637060389632104, 1.2000000000000002 
51.83928292362304, 48.5794266848487, 0.0, 3.743041786199737, 2.6000000000000014 
35.66331678740038, 37.88330205011926, 0.0, 3.956917376708157, 2.7000000000000015 
46.67150254874653, 12.177273165031872, 0.0, 5.834549581241636, 2.7000000000000015 
2.7675382560174917, 25.67508814350637, 0.0, -1.1216190474699772, 2.6000000000000014 
8.759324983969064, 0.9232008005684669, 0.0, 0.0, 1.0 
12.684565945278711, 39.71147262671497, 0.0, 5.385777508896817, 2.7000000000000015 
68.5150905902205, 45.454280196057496, 0.0, 6.337264339656494, 2.7000000000000015 
38.70431205443663, 50.18757600807803, 0.0, 4.046687157197388, 2.7000000000000015 
0.6329213183960163, 1.4097887726306906, 0.0, 3.9756534074450465, 2.7000000000000015 
12.470831896854843, 7.926236123726125, 0.0, 6.34240651168071, 2.7000000000000015 
15.964183119861959, 33.94134651418012, 0.0, 5.054941597880303, 2.7000000000000015 
30.773888650066997, 22.61449382171566, 0.0, 5.688666325224806, 2.7000000000000015 
33.33144514594625, 24.411319254105628, 0.0, 5.737929966841041, 2.7000000000000015 
14.402852069731596, 5.420214167962759, 0.0, 3.9289801751816635, 1.7000000000000006 
47.10144103712683, 46.16987571825926, 0.0, 3.9071352489732623, 2.7000000000000015 
10.806491383364527, 6.619177954162557, 0.0, 6.5732230392833975, 2.7000000000000015 
38.64537602367151, 67.88826788517895, 0.0, 6.347533593201337, 1.7000000000000006 
13.551173104178654, 44.884819465201176, 0.0, 5.305898899268618, 2.7000000000000015 
54.77441289287357, 32.910454792141074, 0.0, 0.03207602335716413, 2.7000000000000015 
44.16423585319102, 37.49038184220762, 0.0, 3.5242094318821, 2.7000000000000015 
0.45733942113256054, 55.13014881905969, 0.0, 3.6590750444120483, 2.7000000000000015 
11.237262130775521, 23.16078582415632, 0.0, 0.0, 1.0 
56.66575110071804, 25.336881678364797, 0.0, 5.260025445160788, 2.7000000000000015 
34.20274435726604, 38.01091321267369, 0.0, 4.376401792767004, 2.7000000000000015 
17.160460540397366, 22.15250518970058, 0.0, -0.4774264836129958, 2.100000000000001 
21.201545884309247, 10.786905623532562, 0.0, 0.3360100263476957, 2.7000000000000015 
16.417837856611357, 18.98305661735111, 0.0, 0.37570501391929173, 1.2000000000000002 
2.6477830327312537, 67.02891770132716, 0.0, 3.9142432131215514, 2.7000000000000015 
39.160743788790164, 19.872652473530884, 0.0, 0.5152072988649096, 2.300000000000001 
64.13584785719996, 55.382264439090534, 0.0, -3.3978506960630184, 2.7000000000000015 
26.733282374197454, 60.75266987409834, 0.0, 6.282651001786647, 2.7000000000000015 
17.787895385895382, 17.486634804076242, 0.0, 0.26509743284210635, 1.3000000000000003 
58.50698200856295, 25.63087328015483, 0.0, 5.309312204636618, 2.7000000000000015 
50.494039062215535, 53.548586821859644, 0.0, -2.4938232871147785, 2.6000000000000014 
19.278092107252064, 19.535888673915505, 0.0, 0.20437047719789056, 2.6000000000000014 
38.850372303267164, 32.40073996322951, 0.0, 5.251215407822913, 2.7000000000000015 
68.78437797917512, 39.065119395414236, 0.0, 2.838819392263401, 2.7000000000000015 
19.419582052329574, 26.246937349294317, 0.0, -0.6626107977397901, 2.7000000000000015 
62.94226704387198, 54.523411478827796, 0.0, 2.7538295682016543, 2.7000000000000015 
26.690130395020432, 30.736169446235998, 0.0, 5.206131245796518, 2.7000000000000015 
12.788577900117401, 21.81845323503566, 0.0, 0.0, 1.0 
4.058629409898798, 64.46599962913467, 0.0, 3.2084491622417, 2.7000000000000015 
26.401115940746152, 19.516966030285168, 0.0, -0.49542693816328587, 2.7000000000000015 
53.276737047680406, 69.94339991191654, 0.0, 3.3176027762749207, 2.7000000000000015 
59.15020828342036, 59.485002068642665, 0.0, 3.3873751547092623, 2.7000000000000015 
21.483992834674314, 4.196628556566341, 0.0, 4.868343179200693, 2.7000000000000015 
71.17854656030538, 65.05020158176451, 0.0, 3.8516638116402535, 2.7000000000000015 
27.892996585647058, 28.049941390675173, 0.0, 5.363912669795586, 2.7000000000000015 
43.02863143099144, 45.40961433273902, 0.0, 4.315815873890872, 2.7000000000000015 
63.0799563340069, 2.5666772109565663, 0.0, 3.193917628514183, 2.7000000000000015 
17.08576212855464, 24.00981798224029, 0.0, 0.0, 1.0 
2.0490909208136094, 11.55974155701185, 0.0, 5.004932454162001, 2.7000000000000015 
22.17661912342558, 34.91457559691218, 0.0, -1.715292147117271, 2.7000000000000015 
63.806751330985186, 33.535128778541875, 0.0, 6.680537267740623, 2.7000000000000015 
42.98656691587581, 41.46088722661641, 0.0, 4.043302977061505, 2.7000000000000015 
14.1916454153846, 68.85163872849441, 0.0, -3.125939526579172, 2.7000000000000015 
19.104734403072285, 34.14269567323415, 0.0, 4.9431702435517835, 2.7000000000000015 
56.990129921563856, 53.759972761982674, 0.0, 2.9302155405766306, 2.7000000000000015 
32.07906376491443, 4.006626306337844, 0.0, 4.948990041710106, 2.7000000000000015 
64.54595458589912, 5.8977658790039, 0.0, 0.074428627753986, 2.7000000000000015 
8.38764480676086, 20.238461020834905, 0.0, 0.0, 1.0 
40.38715795064348, 15.667978790756251, 0.0, 5.832543109968265, 2.7000000000000015 
20.571977414680077, 7.029058431966777, 0.0, 0.6993595472737992, 2.7000000000000015 
55.350085839128134, 1.6039355436354208, 0.0, 3.5664305155223586, 2.7000000000000015 
19.07085276550462, 0.9270706656786417, 0.0, 5.346199661609867, 2.7000000000000015 
28.435749783031742, 61.97330579258661, 0.0, -3.0379146768049603, 2.7000000000000015 
49.15624718574576, 46.85640253220721, 0.0, -2.324944354503969, 2.7000000000000015 
5.080988963068067, 15.366026165841069, 0.0, 0.0, 1.0 
35.12476086987266, 33.283889020862205, 0.0, 4.387175025053701, 2.7000000000000015 
32.52376397092916, 27.836637038838038, 0.0, -0.860585409241057, 2.7000000000000015 
55.59646627643853, 48.56350995726673, 0.0, 3.6495860783061436, 2.7000000000000015 
39.18753755633875, 21.035244770578714, 0.0, 6.593260874819539, 2.7000000000000015 
28.12292458621021, 65.9889460347938, 0.0, 3.4403026045423766, 2.7000000000000015 
13.02751167321382, 42.27690837133147, 0.0, -0.9582554787314417, 2.7000000000000015 
14.497638213461986, 56.56690287237731, 0.0, 6.538082552455168, 2.7000000000000015 
6.4355611831472315, 32.19091087968077, 0.0, 0.0, 1.0 
69.744682284771, 8.046846986423672, 0.0, 5.308186616866404, 2.7000000000000015 
10.124565551794078, 34.454961300330744, 0.0, 0.0, 1.0 
69.69811147481883, 17.327071583501667, 0.0, -0.8436256960072339, 2.7000000000000015 
18.27158256793019, 13.063906470909265, 0.0, 0.45333140679440054, 1.1 
8.700756045763358, 27.564311566566918, 0.0, 0.0, 1.0 
1.0216275033120281, 69.96778163554572, 0.0, 3.734044696464548, 2.7000000000000015 
35.47109946103786, 59.15391880052206, 0.0, 0.813358366921703, 2.7000000000000015 
61.90460069803297, 34.07050313542037, 0.0, 6.585344478523069, 2.7000000000000015 
20.258536448112793, 28.192071893704753, 0.0, 5.281527540953083, 2.7000000000000015 
7.949164611785967, 40.50460096877558, 0.0, -0.14565826769029705, 2.7000000000000015 
42.41517691028646, 16.146273989942486, 0.0, -0.23693082955837766, 2.100000000000001 
39.937449352857634, 69.4058810691453, 0.0, 0.0, 1.0 
19.96471321510054, 54.92285451586338, 0.0, 5.91171131061686, 2.7000000000000015 
53.81082211251915, 61.516974805192966, 0.0, 3.87153527272847, 2.6000000000000014 
18.172756870305967, 15.136532060634611, 0.0, -2.216302361338904, 2.7000000000000015 
40.07579789355343, 22.740966919640954, 0.0, -0.6353831132178692, 2.7000000000000015 
35.4989626601005, 51.77316536003777, 0.0, 4.734981878408331, 2.7000000000000015 
60.142846898113746, 57.037228494762495, 0.0, 3.0923199796596856, 2.7000000000000015 
67.59129093537179, 65.87707422535824, 0.0, 3.970686589196955, 2.6000000000000014 
28.88784382512297, 35.93656283870089, 0.0, -1.1763894683066143, 2.7000000000000015 
61.16584488111022, 69.15999306451431, 0.0, 0.0, 1.0 
7.684785881290675, 70.26739885946763, 0.0, 3.5234425698562184, 2.7000000000000015 
50.86806369682117, 0.43442232086340204, 0.0, -2.436581598867499, 2.7000000000000015 
41.20462971466795, 55.84286179332499, 0.0, 4.066902549218796, 2.7000000000000015 
61.079429918869074, 36.942525215510074, 0.0, -0.5533116303048368, 2.7000000000000015 
3.849252997753908, 4.476007274461868, 0.0, 0.0, 1.0 
50.014865191672584, 62.22042507798049, 0.0, 0.0, 1.0 
4.22370662700477, 58.64235890725815, 0.0, 3.4591510527736977, 2.7000000000000015 
16.803997345772405, 55.20610729096299, 0.0, -0.09975657494396908, 2.7000000000000015 
48.40699409356377, 14.308142615345597, 0.0, -0.8191797632352504, 2.7000000000000015 
25.821544694845947, 15.0546484228787, 0.0, 6.089223201113873, 2.7000000000000015 
21.021602243671225, 22.438131672972116, 0.0, 5.855724625976223, 2.7000000000000015 
9.156432755091503, 71.81743328934954, 0.0, 3.45124428176679, 2.7000000000000015 
37.417060697396494, 61.53560053558521, 0.0, 0.5557318924600215, 2.7000000000000015 
49.23516568779897, 48.5834819501497, 0.0, 4.00622557741026, 2.7000000000000015 
27.783421240822324, 8.253742583351558, 0.0, 5.729252089348509, 2.7000000000000015 
32.515820682501015, 40.60701427554562, 0.0, 4.8548933875709634, 2.7000000000000015 
6.686350626348712, 7.899667188621268, 0.0, -0.060598035752410406, 2.7000000000000015 
47.03832243125298, 61.18445426500612, 0.0, 3.758156822168596, 2.7000000000000015 
56.048096466993, 69.78801874052374, 0.0, 3.4191561793277936, 2.7000000000000015 
52.81547619136646, 66.19183311379177, 0.0, 0.0, 1.0 
28.481816488241087, 31.832833287958714, 0.0, -0.8952263144746, 2.7000000000000015 
67.56258993589287, 7.372681945719785, 0.0, 5.643583752609941, 2.7000000000000015 
46.02677790131227, 23.03910125553722, 0.0, 2.1031230013610167, 2.7000000000000015 
16.0314991622765, 67.00672143091242, 0.0, -2.9678042231894244, 2.7000000000000015 
22.29765749926388, 31.493568250580395, 0.0, 4.878902610280148, 2.7000000000000015 
68.7165776511008, 44.18720046916996, 0.0, 0.2585288769196938, 2.7000000000000015 
21.96061376225817, 49.339871952873075, 0.0, -0.6657646597487759, 2.7000000000000015 
71.77570181837682, 67.78732666285411, 0.0, 3.8076438041547838, 2.7000000000000015 
55.944897477512036, 60.185618793028226, 0.0, 3.65009863142267, 2.7000000000000015 
27.294964795252103, 31.646983947488597, 0.0, 5.30988987894272, 2.7000000000000015 
36.35307295371445, 43.84803630659386, 0.0, 4.138799954484317, 2.6000000000000014 
5.0315888661510515, 26.06813909510404, 0.0, -1.3680627107306613, 2.7000000000000015 
64.97059349325083, 14.308806864997885, 0.0, -1.1919403573955378, 2.7000000000000015 
12.057650283582642, 44.87954129057093, 0.0, 5.366062604363627, 2.7000000000000015 
0.031529849576326, 4.737780508961016, 0.0, 3.982236064433919, 1.6000000000000005 
9.41239536722109, 29.472242462634398, 0.0, 0.0, 1.0 
53.828981062840256, 51.61808879812101, 0.0, -2.708502987572238, 2.7000000000000015 
36.13819760566515, 31.306144136079112, 0.0, 4.894096572482283, 2.7000000000000015 
6.585695472257056, 24.00590848710636, 0.0, 5.000364388211975, 2.7000000000000015 
57.1288695730748, 61.84782098645793, 0.0, -2.6399238567513934, 2.7000000000000015 
37.03613822572747, 69.61455323308473, 0.0, 3.5686332776066387, 2.7000000000000015 
43.398482744824214, 58.338321870046364, 0.0, 4.052867342094806, 2.7000000000000015 
29.086623414252646, 24.375364864403192, 0.0, 5.439645286992907, 2.7000000000000015 
41.6069041064906, 71.1911617033102, 0.0, 1.6539128297686905, 2.7000000000000015 
17.474822820864244, 5.9992122050852466, 0.0, 3.9480000626434, 2.4000000000000012 
9.350701262978799, 12.067171172007372, 0.0, -0.31313689277143286, 2.7000000000000015 
62.97568021770272, 70.08153419589796, 0.0, 0.0, 1.0 
15.62879662604357, 42.49152738135073, 0.0, 5.2435369612450105, 2.7000000000000015 
57.84247242651294, 66.83280656507907, 0.0, 0.0, 1.0 
46.83908507454249, 63.66931348052319, 0.0, -2.274401815185458, 2.7000000000000015 
4.159399845748814, 38.59974272125603, 0.0, 5.841185773877398, 2.7000000000000015 
24.7234482208027, 27.504120901274025, 0.0, 5.146605009072936, 2.7000000000000015 
39.08467776695882, 34.15541454990222, 0.0, 5.07238439372815, 2.7000000000000015 
15.447327503937853, 10.708752597841134, 0.0, -0.7936202005404306, 2.7000000000000015 
20.090598314588572, 34.988239682113566, 0.0, 4.76495070018289, 2.7000000000000015 
0.8580102922777624, 8.505511511809608, 0.0, 0.0, 1.0 
68.61306422807456, 26.39723529448132, 0.0, 4.802931207197031, 2.7000000000000015 
16.9341151891101, 36.59793119446824, 0.0, 4.943406224461987, 2.7000000000000015 
39.751652088521524, 44.945457489766696, 0.0, 4.094058222144877, 2.7000000000000015 
31.317503451567788, 19.23961558023099, 0.0, 6.148710776384836, 2.7000000000000015 
7.9237313067250446, 67.11605937192002, 0.0, 2.74237613322371, 2.7000000000000015 
44.991631041423574, 22.198324878875848, 0.0, 5.006658871323414, 2.7000000000000015 
46.720363593911536, 56.13788010273846, 0.0, -2.0120367333613838, 2.6000000000000014 
14.920378931986486, 20.392105088449302, 0.0, 6.139781603826464, 2.100000000000001 
51.777816026356, 55.420781399957875, 0.0, 3.7457976077455255, 2.6000000000000014 
4.428569439548608, 20.103071557175266, 0.0, 4.956725087098573, 2.7000000000000015 
2.6630796535348216, 65.43110289483366, 0.0, 3.5542860665616036, 2.7000000000000015 
28.599990163246893, 21.476613569408617, 0.0, 5.972515144747393, 2.7000000000000015 
46.275266336110896, 52.24486545183873, 0.0, 4.0893125279660945, 2.7000000000000015 
38.844619709859046, 2.1618722094028935, 0.0, 5.27704268351374, 2.7000000000000015 
11.886182754722409, 10.586017915626165, 0.0, -0.349459718235144, 2.7000000000000015 
30.330596357496514, 30.15033717575244, 0.0, 5.26408324580997, 2.7000000000000015 
39.89182532605188, 38.53744723627411, 0.0, -1.5926437026046962, 2.7000000000000015 
67.21378402959495, 4.489263255030543, 0.0, 3.2421469944949393, 2.7000000000000015 
1.5820168297487167, 3.823428689625344, 0.0, 3.702682973071991, 1.6000000000000005 
34.23173656890584, 52.93280559030851, 0.0, 4.167042170033606, 2.7000000000000015 
62.46516599356207, 6.499938184297988, 0.0, 6.625588230174876, 2.7000000000000015 
48.10291361805555, 38.23514767509396, 0.0, 0.7529806969557343, 2.7000000000000015 
65.02008661721541, 28.138521535188715, 0.0, 5.747384709385953, 2.7000000000000015 
46.98786988405395, 69.01910140752051, 0.0, -1.7422728823717437, 2.7000000000000015 
47.834711091567776, 48.752899253339606, 0.0, 4.291362659495085, 2.7000000000000015 
24.48051228501488, 48.2005400745451, 0.0, 5.450744601282055, 2.7000000000000015 
69.58013007569332, 58.79839205222115, 0.0, 3.4097402664873417, 2.7000000000000015 
52.274160973687295, 67.58560289462238, 0.0, -2.9105864278339335, 2.200000000000001 
7.82566531588663, 44.42421358701481, 0.0, 5.566185924122732, 2.7000000000000015 
68.4941569535713, 56.50312667424898, 0.0, -3.38357107491206, 2.7000000000000015 
61.99336389175216, 62.623592822087645, 0.0, 3.466734498055669, 2.7000000000000015 
35.63861680219999, 5.422043911964749, 0.0, 4.8879162629810855, 2.7000000000000015 
24.37976439440235, 19.347912715185718, 0.0, 5.8702823093858125, 2.7000000000000015 
20.27877824253962, 13.448804466734186, 0.0, 5.52353663678509, 2.000000000000001 
43.33338110216098, 54.73796528549168, 0.0, 4.268919198756336, 2.4000000000000012 
22.383480063056453, 52.086265426223655, 0.0, 5.898791753056874, 2.7000000000000015 
37.816975884377634, 53.95294558205684, 0.0, 4.572419706440693, 2.7000000000000015 
18.047990156308824, 36.97820403736023, 0.0, 4.824609483954721, 2.7000000000000015 
54.22731257554746, 0.04734267240201622, 0.0, -2.8324570950765415, 2.7000000000000015 
4.601704110306197, 9.695986665545414, 0.0, -1.0271109069828637, 2.7000000000000015 
31.665895073311134, 47.54557466789975, 0.0, 4.441418949210203, 2.7000000000000015 
71.49790362538607, 14.501698771990995, 0.0, 5.235693330402752, 2.7000000000000015 
7.222678256814411, 16.46319895317654, 0.0, -0.39011757884104126, 2.7000000000000015 
11.452570467227417, 29.65800466742518, 0.0, 0.0, 1.0 
66.68184907270457, 11.909710926569343, 0.0, 5.161460767221121, 2.7000000000000015 
63.8165477934713, 10.467783609041732, 0.0, 0.0, 1.0 
6.681746975789603, 14.236654105634443, 0.0, 0.0, 1.0 
26.61426345811111, 43.433437659766284, 0.0, 4.105840016353476, 2.7000000000000015 
57.80197134438513, 36.061155180426965, 0.0, 5.980411898440408, 2.7000000000000015 
71.80779922479427, 36.64445557631918, 0.0, 2.5726416616523657, 2.7000000000000015 
67.88526371007777, 36.863437382601646, 0.0, 12.078314940377263, 2.7000000000000015 
54.59200442796829, 54.51958186809169, 0.0, 3.5670390715812, 2.7000000000000015 
21.479924284116564, 14.418720602794261, 0.0, 5.055814458572925, 2.7000000000000015 
63.61039342938473, 30.00652389479876, 0.0, 5.803531907319214, 2.7000000000000015 
3.318551986869413, 22.50747843944695, 0.0, 4.884838755133735, 2.6000000000000014 
12.760475417326465, 27.981164808376203, 0.0, 0.0, 1.0 
22.746356992235924, 23.08048368154838, 0.0, -0.1765638354607704, 2.7000000000000015 
54.49762070209905, 58.29008130763151, 0.0, 3.723784188759146, 2.7000000000000015 
57.604283504574504, 32.55178454971214, 0.0, 0.23402815564549978, 2.7000000000000015 
17.1605607121844, 33.61491121664893, 0.0, 4.989382549181423, 2.7000000000000015 
48.57479952784764, 71.30086791641826, 0.0, 4.240930787827178, 2.7000000000000015 
69.5800332857526, 71.76535603294722, 0.0, 3.6468883863291204, 2.7000000000000015 
5.599657092996007, 53.601155053842476, 0.0, -0.02034738647319898, 2.7000000000000015 
66.11680960088724, 3.188257534611994, 0.0, 2.7090972530695283, 2.7000000000000015 
19.468308386738443, 4.464094768891729, 0.0, 1.510608363450396, 1.6000000000000005 
19.56221949044744, 24.00730072656227, 0.0, -0.3821195098148946, 2.7000000000000015 
39.14310598198525, 63.55806069003969, 0.0, 6.901227374850959, 2.7000000000000015 
70.93461171088464, 20.899466239208614, 0.0, -1.2007461679832372, 2.6000000000000014 
39.42059809946881, 27.39548911565988, 0.0, 5.112989622561985, 2.7000000000000015 
8.28527065884468, 68.33505244987482, 0.0, 3.073999455327126, 2.7000000000000015 
71.302454617792, 13.093886987622176, 0.0, -0.9150081727185502, 2.7000000000000015 
1.9391843700839975, 20.341627847501968, 0.0, -2.4042322238494074, 2.000000000000001 
5.101108730188231, 69.89872714995208, 0.0, 3.614019286933115, 2.7000000000000015 
42.668313851552924, 38.04221210677437, 0.0, 3.9521951436997296, 2.7000000000000015 
38.97717949390242, 59.70272209739123, 0.0, 4.1550258471837305, 2.7000000000000015 
32.847563401318894, 21.26544387327528, 0.0, -0.37838843414768675, 2.7000000000000015 
51.69691022683377, 52.87385924139787, 0.0, -2.6480600517245034, 2.7000000000000015 
41.11797379944253, 17.428537125234406, 0.0, 0.4171581441402899, 2.6000000000000014 
28.66385301030604, 28.80582868748068, 0.0, 5.293494965247431, 2.7000000000000015 
68.99342631059345, 2.852562115798513, 0.0, 2.774247033279675, 2.7000000000000015 
21.55769157320691, 9.246597128373686, 0.0, 0.14023370008484357, 2.7000000000000015 
27.27970262684712, 27.000687974087796, 0.0, 5.244375024487017, 2.7000000000000015 
2.327460317761479, 61.812427523263786, 0.0, 3.5866650348989393, 2.7000000000000015 
32.569528443411045, 32.3024226841628, 0.0, 5.038319816577155, 2.7000000000000015 
11.657842276081425, 42.17040064177509, 0.0, 5.446067694529427, 2.7000000000000015 
70.04476548413145, 57.38604488684132, 0.0, -3.3699610158029034, 2.7000000000000015 
69.0063719575132, 60.05392356193769, 0.0, -3.2154669051893525, 2.7000000000000015 
3.8183754838854496, 0.9501958961902635, 0.0, -2.452420858470954, 2.6000000000000014 
22.5255482135994, 26.010153992527773, 0.0, -7.1158695716002125, 2.7000000000000015 
9.893044788983586, 4.548470372350788, 0.0, -2.2520127437949715, 2.6000000000000014 
66.9088045339808, 0.2469601406717858, 0.0, 0.5643767976916835, 2.7000000000000015 
44.61983937871864, 53.661622281917005, 0.0, 3.9308731500079017, 2.7000000000000015 
36.921861035336846, 18.316896838107752, 0.0, 0.23517155355828165, 2.7000000000000015 
38.20588278636796, 46.54433281342423, 0.0, 3.974905922387153, 2.7000000000000015 
65.02826287363082, 62.72877178475117, 0.0, 3.3113007963413446, 2.7000000000000015 
48.33451533872311, 54.42380988011388, 0.0, -2.174592083178643, 2.7000000000000015 
38.5355261508308, 17.4725362614477, 0.0, 0.2450331356333069, 2.7000000000000015 
13.735589897047321, 33.956933032838364, 0.0, -0.8169558303985374, 2.7000000000000015 
68.28411066634975, 41.79387009966712, 0.0, 3.357690467179022, 2.100000000000001 
43.66349579664024, 35.93301032552846, 0.0, 3.6108649914978392, 2.7000000000000015 
55.68817810872543, 63.961173879431975, 0.0, 3.8533651423699307, 2.7000000000000015 
10.876297261197502, 21.25954261884977, 0.0, 0.0, 1.0 
4.8631767911754045, 67.18293731630602, 0.0, -2.712992263812337, 2.7000000000000015 
51.165893051422195, 65.76524720039836, 0.0, 0.0, 1.0 
68.01168449304812, 69.83133034690232, 0.0, 3.6000960388227328, 2.7000000000000015 
61.587698418779475, 67.64385075734631, 0.0, -2.4773145306783255, 2.4000000000000012 
59.88136041147413, 63.72363497426354, 0.0, -2.6566727822706984, 2.7000000000000015 
43.11636038289791, 26.382515930855877, 0.0, 4.914624908805734, 2.7000000000000015 
8.977528676793671, 2.553549131420421, 0.0, 3.510533384936016, 2.300000000000001 
49.142195110792905, 65.31171950033755, 0.0, 4.051542447977013, 2.7000000000000015 
59.66779014614689, 67.71520626153716, 0.0, 0.0, 1.0 
31.342240418830077, 30.295231317732767, 0.0, 5.24566529747107, 2.7000000000000015 
4.17712415981457, 44.063644262969696, 0.0, 6.170024491435344, 2.7000000000000015 
66.77720667872198, 58.03440652854849, 0.0, -3.3883005982158845, 2.7000000000000015 
51.34606793237569, 59.607819170275256, 0.0, 4.0383724148662345, 2.7000000000000015 
31.29614426013199, 23.47315295802382, 0.0, -0.7578442217510634, 2.7000000000000015 
25.289286818487483, 32.939750857460425, 0.0, 4.586619792724083, 2.7000000000000015 
33.974865611461325, 33.2763365024614, 0.0, 4.42803802544311, 2.6000000000000014 
41.538761628616435, 20.638795586159898, 0.0, 5.640551621265063, 2.7000000000000015 
10.69333928103322, 38.83064910937078, 0.0, 5.602967022113013, 2.7000000000000015 
67.22794618502274, 30.709455187291535, 0.0, 4.577112959140612, 2.7000000000000015 
53.11285535914781, 12.950798136916651, 0.0, 5.716206672600565, 2.7000000000000015 
8.17034372198864, 9.006933701118406, 0.0, 0.0, 1.0 
31.252115658343772, 41.626408955687204, 0.0, 4.615320080710841, 2.7000000000000015 
39.70991184418306, 52.96606355080649, 0.0, 4.269994610591971, 2.7000000000000015 
33.06253910777455, 7.93438787988739, 0.0, 4.863085155614535, 2.7000000000000015 
30.196755080789718, 45.51827506203306, 0.0, 4.5647755966775865, 2.7000000000000015 
49.51304426689997, 68.64045588262817, 0.0, 4.127478076317913, 2.6000000000000014 
43.04701265568828, 32.947075718666404, 0.0, 4.660672384999369, 2.7000000000000015 
30.984470556408123, 37.33571329615267, 0.0, 4.774883923417703, 2.7000000000000015 
71.16833573119403, 69.24409087696719, 0.0, 4.192436621699088, 2.7000000000000015 
49.85017490509729, 59.57196361301169, 0.0, 4.331885364025635, 2.7000000000000015 
20.37594029546646, 38.270885464460456, 0.0, -1.6196205169717084, 2.7000000000000015 
30.163440808317773, 39.687802643458305, 0.0, 4.661001117041957, 2.7000000000000015 
56.7518706256661, 52.55788303033659, 0.0, 2.9710559729468082, 2.7000000000000015 
27.520170616680847, 35.65872224728553, 0.0, 5.536281307577709, 2.7000000000000015 
45.130647138001976, 11.462299060730633, 0.0, -0.2906370787554626, 2.7000000000000015 
37.949335892575505, 42.41468771537884, 0.0, 4.14507302562851, 2.4000000000000012 
39.37498904200757, 66.58047216319679, 0.0, 6.378367754941365, 2.7000000000000015 
54.10619614979943, 64.86566101643419, 0.0, 0.0, 1.0 
3.1859287382233332, 7.541948571068605, 0.0, 0.010594398461835044, 2.7000000000000015 
58.63780881240773, 71.44362994974341, 0.0, -2.703215001900171, 2.7000000000000015 
39.8278027111999, 62.24792782181784, 0.0, 7.050082718462523, 2.7000000000000015 
34.392648042539285, 49.28932376359919, 0.0, -1.8822319278241422, 2.7000000000000015 
18.044044824244782, 20.626311214594722, 0.0, 6.328036576677968, 2.7000000000000015 
16.565986472916826, 15.761462986318952, 0.0, 0.0, 1.0 
60.863746970483156, 32.57861244313815, 0.0, -0.23639371217220595, 2.7000000000000015 
62.62331427369345, 26.463305879329234, 0.0, 5.483235609630185, 2.7000000000000015 
0.37106776408472975, 6.677127579889906, 0.0, 0.40700722298139586, 2.7000000000000015 
57.950854189059875, 38.66099163233803, 0.0, 5.904020802144856, 2.7000000000000015 
37.09117522661741, 37.61921417243175, 0.0, 4.31216638571425, 2.7000000000000015 
27.773545115730613, 69.67948491454831, 0.0, 3.684897653303251, 2.7000000000000015 
65.7451711030705, 21.34808229849257, 0.0, 5.475828174154626, 2.7000000000000015 
44.296670060299455, 63.83219581407135, 0.0, 4.375514911748569, 2.7000000000000015 
44.33952730072972, 33.16095197061773, 0.0, 4.482431355201712, 2.7000000000000015 
14.373615613898513, 2.0385724996782706, 0.0, 0.0, 1.0 
23.09843354961787, 12.220724283428881, 0.0, -0.04300350362713918, 2.7000000000000015 
40.944556004480056, 27.471758947349247, 0.0, 5.569561519327879, 2.7000000000000015 
48.86569415347323, 51.44662047424539, 0.0, -2.399542258161324, 2.7000000000000015 
65.27195296395382, 57.37108338564572, 0.0, 2.7536011090585197, 2.7000000000000015 
44.94645391345034, 52.0989160998428, 0.0, 4.200986665364238, 2.7000000000000015 
5.76727261610892, 18.60053787694616, 0.0, 4.6680055009817085, 2.7000000000000015 
5.632220856037508, 10.980153485249463, 0.0, 4.832580258096044, 2.4000000000000012 
36.30593250835411, 45.862061222954765, 0.0, 4.229269617400177, 2.7000000000000015 
69.15510143130557, 16.465221682737322, 0.0, -0.5442387445161602, 2.7000000000000015 
29.371177245414938, 4.1868112412995435, 0.0, 5.078149985612518, 2.7000000000000015 
30.07802627114269, 11.0330860660199, 0.0, -7.490819893286556, 2.7000000000000015 
67.37944612658215, 18.772083779570462, 0.0, 5.451910468688533, 2.7000000000000015 
70.78811849367634, 23.733837156972005, 0.0, -1.5445944578511532, 2.7000000000000015 
41.37153736796442, 34.03983971867208, 0.0, 3.6754045486096425, 2.7000000000000015 
29.05286610632575, 46.73048715067008, 0.0, 4.251387462871002, 2.7000000000000015 
52.573711103324676, 0.5454141976437861, 0.0, -2.3341559803910075, 2.7000000000000015 
29.58021023200026, 32.967264707859535, 0.0, 5.118682765421633, 2.7000000000000015 
24.41319873477391, 9.565170270841545, 0.0, 5.809171885089707, 2.7000000000000015 
19.814706960547543, 11.758130680596897, 0.0, 6.396521675527224, 2.7000000000000015 
28.90785444101176, 43.76844314684021, 0.0, -1.7236906198488526, 2.7000000000000015 
8.87976558345387, 36.433768120104126, 0.0, -0.28782301791198767, 2.7000000000000015 
33.838096701340696, 46.17613917297126, 0.0, 4.3646857196723605, 2.7000000000000015 
28.8566783446702, 22.952771458991364, 0.0, 5.576214556748311, 2.7000000000000015 
14.545290932689657, 36.97018973721755, 0.0, 5.179845459944484, 2.7000000000000015 
42.58032793018505, 39.59902346900788, 0.0, -2.2813664245495024, 2.7000000000000015 
67.42526890913581, 64.28240516024574, 0.0, -2.6198674865897478, 2.7000000000000015 
28.668402830990242, 10.729180878462715, 0.0, 5.435775733657983, 2.7000000000000015 
9.378876627617439, 15.282302338948483, 0.0, 0.0, 1.0 
36.39292648467969, 41.955654465249104, 0.0, 4.2240682745812554, 2.7000000000000015 
34.06248611829867, 30.820065346416627, 0.0, 5.0628251623218485, 2.7000000000000015 
47.63264723733604, 42.20739739534212, 0.0, 3.7341792487511847, 2.7000000000000015 
12.009931190685604, 26.23256931873832, 0.0, 0.0, 1.0 
47.86285276484802, 19.91785816821474, 0.0, 2.599770392268045, 2.7000000000000015 
57.40056209425651, 72.2783961755421, 0.0, 3.416092188697805, 2.6000000000000014 
45.17274915742101, 60.882002648039354, 0.0, 4.121753162246386, 2.7000000000000015 
3.417872503930717, 70.33745235962954, 0.0, 3.58567484097, 2.7000000000000015 
66.11679360622993, 29.018750735175946, 0.0, 5.312251198543185, 2.7000000000000015 
10.606157421902552, 65.63638270058304, 0.0, 2.9453665463649434, 2.7000000000000015 
68.65631561016518, 61.17895356090423, 0.0, 3.2240158034309996, 2.7000000000000015 
51.322014935544054, 2.194845042665892, 0.0, 3.461910939697799, 2.7000000000000015 
15.60504493041516, 71.96629065776847, 0.0, 3.660608452982754, 2.7000000000000015 
35.33927906206402, 21.063713037428055, 0.0, 6.395657192039619, 2.7000000000000015 
8.849653017983574, 32.909030177809264, 0.0, 0.0, 1.0 
25.443880720173887, 10.369168727011383, 0.0, 5.727067370671761, 2.7000000000000015 
8.270314690148076, 23.298098911867775, 0.0, 5.353837695458236, 2.7000000000000015 
15.675289014944788, 53.50238149848741, 0.0, 0.19483039774436095, 2.7000000000000015 
65.98097635470502, 10.873888263252574, 0.0, 5.31384970699795, 2.7000000000000015 
56.230756781900084, 62.910361829295354, 0.0, 3.9753906420250966, 2.7000000000000015 
4.050213079830981, 6.36852486944283, 0.0, 0.0, 1.0 
18.927617970052314, 68.407339343899, 0.0, 3.617055270109932, 2.7000000000000015 
54.76305706800566, 18.979766568460505, 0.0, 2.5890511415739015, 2.7000000000000015 
71.40859288524081, 55.70164963563002, 0.0, 3.7410522571018583, 2.7000000000000015 
42.256740614248955, 58.70272683596388, 0.0, 4.35715771764217, 2.6000000000000014 
45.9615368846103, 57.72645681595212, 0.0, 0.0, 1.0 
41.384972177262405, 18.870853361836797, 0.0, 6.746247882617503, 2.5000000000000013 
3.390304542426249, 27.03884230322695, 0.0, -0.9780163983055763, 2.7000000000000015 
27.50710264305144, 25.055117242563217, 0.0, 5.285156158175898, 2.7000000000000015 
69.16063966112942, 35.02397806508912, 0.0, 5.821983561439593, 2.7000000000000015 
19.19285343059196, 37.30973175511215, 0.0, 4.682901837027832, 2.7000000000000015 
22.019602222363, 0.6186240878422956, 0.0, 4.7820303202527565, 2.7000000000000015 
0.8222946675448362, 11.63157995592881, 0.0, 5.172065514787505, 2.7000000000000015 
8.121185151353735, 31.00632085108979, 0.0, 0.0, 1.0 
42.797516434627134, 29.693454379339553, 0.0, 4.818083366460907, 2.7000000000000015 
67.9397357991415, 28.92015485313303, 0.0, 4.466249201183942, 2.7000000000000015 
69.32324479353791, 19.80841568502285, 0.0, 5.356644697753565, 2.7000000000000015 
63.45943770354711, 12.329054634911664, 0.0, -0.5767257599799719, 2.7000000000000015 
43.897473231286455, 3.3950380151071005, 0.0, 6.467179126787027, 2.7000000000000015 
51.787326955200584, 36.233072993850044, 0.0, 6.319653919869498, 2.7000000000000015 
66.55843722262188, 16.555561764589132, 0.0, -0.23005417140308512, 2.7000000000000015 
43.410419993274914, 17.4840738030048, 0.0, 5.172391654194972, 2.7000000000000015 
35.516831385070056, 28.425413199876193, 0.0, 5.184025039720207, 2.7000000000000015 
31.985696749176245, 24.228035889136166, 0.0, 5.613263915812144, 2.7000000000000015 
28.339168163797815, 17.179106598698414, 0.0, 6.439979627408957, 2.7000000000000015 
41.53318421262826, 44.94403072298063, 0.0, 4.278082152218899, 2.7000000000000015 
0.5148127575879579, 23.227351555812348, 0.0, 0.0, 1.0 
65.5306548487057, 61.57387333474851, 0.0, 2.962961974116429, 2.7000000000000015 
68.03634109806751, 8.880556491582533, 0.0, -1.0868238058768231, 2.6000000000000014 
42.05395535575673, 60.67211195980635, 0.0, 3.979990060213982, 2.7000000000000015 
7.101186426514595, 29.28142217774245, 0.0, 5.101056538215316, 1.7000000000000006 
17.34707252430506, 71.49259957746892, 0.0, 3.5390025099888605, 2.7000000000000015 
63.86999954017567, 58.87669180212516, 0.0, 3.1944147891123347, 2.7000000000000015 
5.41882797785789, 68.76570083453896, 0.0, -2.880157154325153, 2.7000000000000015 
31.40628709167913, 27.702519089397693, 0.0, -0.8345959914149764, 2.7000000000000015 
29.010869656641685, 38.74007586558353, 0.0, 4.781866986033718, 2.7000000000000015 
1.5977749768794043, 14.843219607748768, 0.0, -1.5840949050996638, 2.6000000000000014 
30.84069056334401, 26.576818227722157, 0.0, 5.371769371544857, 2.7000000000000015 
25.926884439786413, 29.786257972209437, 0.0, -1.1687153081563064, 2.7000000000000015 
16.847933701428953, 68.54681045146722, 0.0, 3.5996750441598167, 2.7000000000000015 
10.243837737687773, 31.315685880446292, 0.0, 0.0, 1.0 
6.147876801389326, 0.9654986568023928, 0.0, -2.8324115750837997, 2.7000000000000015 
25.87756410547809, 27.510412152434025, 0.0, -1.203027717755783, 2.7000000000000015 
30.10327710442436, 14.739853005547673, 0.0, 3.1777186525217416, 1.2000000000000002 
9.30506254659297, 44.45526392573489, 0.0, 5.305258427265072, 2.7000000000000015 
32.45457152598633, 43.87247201859318, 0.0, -1.748758422365536, 2.7000000000000015 
50.266091283167434, 37.48760221414735, 0.0, 4.039364171957732, 2.7000000000000015 
15.940319963805427, 31.763821934673643, 0.0, -1.0656798970514112, 2.7000000000000015 
63.072720463169595, 1.278789803662212, 0.0, 3.045057521934118, 2.7000000000000015 
28.198496931718385, 33.56440828837434, 0.0, 5.33099513723936, 2.7000000000000015 
43.744186319423484, 60.83385306725248, 0.0, -1.9154582436786542, 2.7000000000000015 
66.20324296548252, 39.41664131741521, 0.0, 2.419646272517337, 2.7000000000000015 
21.256015277858285, 36.30979926543383, 0.0, -1.7078399517135419, 2.7000000000000015 
10.913806707075073, 71.39930121531606, 0.0, -2.674722465892894, 2.7000000000000015 
71.82440174889972, 1.9668438295336663, 0.0, 4.231477122755243, 2.7000000000000015 
2.107436434562823, 5.8232691279186914, 0.0, 0.0, 1.0 
41.01362718361101, 63.83839356052203, 0.0, 0.0, 1.0 
68.76392255411251, 40.357097163279576, 0.0, 2.9261746448672983, 2.7000000000000015 
39.88016806433906, 46.99575305677643, 0.0, 4.17169249745346, 2.7000000000000015 
51.788148923037255, 70.66130771427642, 0.0, 3.6965427958089805, 2.5000000000000013 
41.14497279899529, 52.46615336665071, 0.0, 3.7997415189956274, 2.7000000000000015 
72.30625550149381, 60.102522434207664, 0.0, -2.870197960956385, 2.7000000000000015 
4.091094949852746, 71.81636040287893, 0.0, -2.8410494551528154, 2.7000000000000015 
62.25147637115278, 61.69916384048969, 0.0, 3.307807103756298, 2.7000000000000015 
16.705297200570786, 2.340490872068271, 0.0, 0.08686965455893347, 1.6000000000000005 
38.71193766571971, 15.204843983937169, 0.0, 5.766143387750872, 2.7000000000000015 
31.640444105472614, 10.083333893825978, 0.0, 5.0313916506078105, 2.7000000000000015 
38.10380893780641, 51.556112812940114, 0.0, 4.324330839928018, 2.6000000000000014 
60.50459665178796, 65.1702731697991, 0.0, 3.4824062212179188, 2.7000000000000015 
59.89662846736635, 53.50830069994541, 0.0, 2.688761010489101, 2.7000000000000015 
49.73214942623288, 50.675715364336995, 0.0, -2.269009846216634, 2.7000000000000015 
61.252637504997296, 10.590038493126455, 0.0, 2.7236328481106304, 2.7000000000000015 
8.05239465886063, 47.505283472820324, 0.0, 6.198817325836439, 2.7000000000000015 
36.983241852703905, 24.092059800496447, 0.0, 5.6975335272549135, 2.7000000000000015 
56.062155081427946, 65.92051650465368, 0.0, 0.0, 1.0 
10.612133152113797, 66.9992111598745, 0.0, -3.453934428637552, 2.7000000000000015 
8.48071731030135, 18.76380757611464, 0.0, 0.0, 1.0 
62.0942146079926, 57.84034666772848, 0.0, -3.205388619583612, 2.7000000000000015 
38.050300535772976, 44.59821573659452, 0.0, 4.207481887138929, 2.7000000000000015 
10.269953475990173, 42.015159099397756, 0.0, 5.535684429213208, 2.7000000000000015 
51.07283434658654, 41.34182369026705, 0.0, 7.039758764261774, 2.7000000000000015 
4.119441032857421, 34.23908057831244, 0.0, 2.645342707078791, 2.5000000000000013 
18.524936104648006, 30.819921075052093, 0.0, 5.073263614092671, 2.4000000000000012 
17.453312797873778, 4.036796828981868, 0.0, 0.26466505880585717, 1.3000000000000003 
35.34445641604873, 48.54141543514984, 0.0, 4.391164133777083, 2.7000000000000015 
10.547440369319254, 48.414532175250216, 0.0, 6.152021508186773, 2.7000000000000015 
3.133149674047699, 60.819877126204084, 0.0, -2.7802394722791504, 2.7000000000000015 
7.624875586332118, 5.919208052042511, 0.0, 0.0, 1.0 
17.664701824536024, 10.360654151543207, 0.0, 0.44782363175352796, 1.3000000000000003 
21.85387839033837, 29.69137424951752, 0.0, 5.058087866177764, 2.7000000000000015 
13.250928937333263, 24.902415174133452, 0.0, 0.0, 1.0 
30.032330110846004, 36.39081824925837, 0.0, 4.828155064425926, 2.7000000000000015 
64.95490841976245, 38.20723697817207, 0.0, 11.938177188329071, 2.7000000000000015 
63.79091944258782, 27.090585927255766, 0.0, -0.8284288599091358, 2.7000000000000015 
65.82728435568266, 41.341691951549365, 0.0, 2.3513229241535067, 2.7000000000000015 
52.92630082524461, 46.78357596692006, 0.0, 3.535108691186327, 2.7000000000000015 
44.04069939338793, 13.800434268112626, 0.0, -1.052863872937728, 2.7000000000000015 
6.916509179429944, 18.610248539925145, 0.0, 4.7258399612685515, 2.4000000000000012 
60.656299534022715, 60.66478709201136, 0.0, 3.2485147046391933, 2.6000000000000014 
25.11207699941279, 24.069366355324046, 0.0, 5.590281720330136, 2.7000000000000015 
63.873540568640564, 31.45561048081866, 0.0, 5.566948871384841, 2.7000000000000015 
10.00952301776642, 17.432339152438686, 0.0, 0.0, 1.0 
31.220038384451673, 63.70833157396918, 0.0, 0.0604597190831663, 2.7000000000000015 
15.925678456221473, 7.4112191456934715, 0.0, 4.580146582440301, 2.7000000000000015 
36.99863818290371, 19.553470577618153, 0.0, 0.3737416087731991, 2.7000000000000015 
5.140420150832127, 55.306774273512, 0.0, 3.1373430899536454, 2.7000000000000015 
25.03609043388852, 25.425906085045543, 0.0, 5.362386330382573, 2.7000000000000015 
14.016101813266092, 6.826466222353733, 0.0, 4.1195067323291905, 2.6000000000000014 
39.601651263075624, 42.93779013277608, 0.0, 4.157494588324458, 2.7000000000000015 
6.060547154010375, 27.359893243034296, 0.0, -1.5262693446179267, 2.7000000000000015 
6.608153276881618, 12.702502576885136, 0.0, 0.0, 1.0 
59.78409470703718, 62.59990165195848, 0.0, 3.498416943429217, 2.7000000000000015 
51.703134445659046, 56.75441716387322, 0.0, 3.803315387367438, 2.7000000000000015 
71.73626881692844, 22.10223520711677, 0.0, 4.777061512143689, 2.7000000000000015 
48.70482201166858, 60.67627444260517, 0.0, 0.0, 1.0 
13.20168360603676, 16.78474094369059, 0.0, 0.0, 1.0 
1.9780833513806269, 22.399613445714056, 0.0, 0.0, 1.0 
15.17268944003076, 17.295331611280307, 0.0, 0.0, 1.0 
69.35596254422748, 66.46264513404236, 0.0, 4.061752880009, 2.7000000000000015 
27.402034291969056, 22.972177780414672, 0.0, 5.668240003558807, 2.7000000000000015 
29.643803107221437, 20.385387482365623, 0.0, -0.19554650380110417, 2.7000000000000015 
5.428791667644403, 48.74723061010157, 0.0, 4.95491493568282, 2.7000000000000015 
34.79342840578929, 67.16673285651, 0.0, 3.6112057017989736, 2.7000000000000015 
35.39436367993995, 35.78400515319716, 0.0, 4.22167284067136, 2.7000000000000015 
50.04387582764265, 44.487917337012576, 0.0, 4.066411884863403, 2.7000000000000015 
41.296862063535535, 24.697767392492572, 0.0, 11.906554451911344, 2.7000000000000015 
5.428895553233077, 45.088178514161896, 0.0, 5.672569776640288, 2.7000000000000015 
54.614789726292614, 2.745124706066321, 0.0, 3.484471965457179, 2.7000000000000015 
18.143814268506862, 25.70104549216737, 0.0, -0.5221540568608337, 2.7000000000000015 
29.16472394930227, 8.764234513460728, 0.0, -0.627838984089037, 2.7000000000000015 
58.52715782667409, 37.21319044581571, 0.0, 5.914670784212631, 2.7000000000000015 
66.97100651475833, 59.23549579096907, 0.0, 3.1613519570394693, 2.7000000000000015 
40.04830241136334, 29.537122716489023, 0.0, 5.319726176029566, 2.7000000000000015 
49.49364367554673, 9.046886390860267, 0.0, -0.1040666675246153, 2.7000000000000015 
40.982644009526624, 49.38609209442251, 0.0, 3.7313212426762643, 2.7000000000000015 
60.77174452460864, 42.37750333622578, 0.0, 2.867552900829624, 2.7000000000000015 
10.706012946547304, 40.20156427417534, 0.0, 5.62067802526127, 2.7000000000000015 
69.74915747939437, 47.523098821143755, 0.0, -0.5567898008130842, 2.7000000000000015 
3.1196423757110554, 12.050206715148406, 0.0, 4.705288894105107, 2.7000000000000015 
46.21501699528718, 47.311764709642524, 0.0, 4.319134221846802, 2.7000000000000015 
6.678434048176313, 2.7700247366997273, 0.0, 0.0, 1.0 
28.095581093643887, 19.776493130264132, 0.0, -0.30841362819977375, 2.7000000000000015 
60.86583982973065, 55.833590965478265, 0.0, 3.218572666490132, 2.6000000000000014 
19.519908183346736, 31.052982413880546, 0.0, 5.032977918231338, 2.7000000000000015 
17.413141701272743, 30.868869926336323, 0.0, 5.141588899930795, 2.7000000000000015 
33.93830262946479, 25.74190046324891, 0.0, -0.7725714262291151, 2.7000000000000015 
35.02994854250359, 45.86764898911458, 0.0, -2.084588518798263, 2.7000000000000015 
46.60898222198207, 50.822576700309455, 0.0, -2.598394769283745, 2.7000000000000015 
1.8144686412446775, 62.90360319812218, 0.0, 3.5863543853318838, 2.7000000000000015 
0.40605420550038956, 14.03137939555296, 0.0, 5.199081716083581, 2.7000000000000015 
8.657521573599903, 21.589639233769297, 0.0, 5.574255590695939, 2.7000000000000015 
69.74230844489948, 24.680572370921347, 0.0, -1.389202395782079, 2.7000000000000015 
40.882042085985375, 57.692150315749835, 0.0, 4.462711753128698, 2.7000000000000015 
3.4817964775243855, 2.6420844201089486, 0.0, 3.464349781420381, 2.5000000000000013 
34.40772444789765, 16.82853035036209, 0.0, 6.585732815198932, 2.7000000000000015 
8.390042540804664, 17.169566619751865, 0.0, 0.0, 1.0 
43.440964701433224, 50.68543709238512, 0.0, 4.429780850115749, 2.7000000000000015 
49.069015984959584, 6.824510305756157, 0.0, -0.710754779612554, 2.7000000000000015 
52.86202417795172, 54.8148145222141, 0.0, 3.856320181573469, 2.7000000000000015 
57.21136304270774, 33.78717153787879, 0.0, 6.245260401967552, 2.7000000000000015 
70.15479023012345, 6.005346781300389, 0.0, -7.072734937039395, 2.7000000000000015 
9.887755859150447, 61.330015288726884, 0.0, 3.8011125411060096, 2.7000000000000015 
17.403111149130783, 40.55705084814111, 0.0, 4.977670998346531, 2.7000000000000015 
53.59847623188114, 48.5708280540453, 0.0, 3.810412122963611, 2.7000000000000015 
42.60041511348875, 47.931522042597706, 0.0, -1.6153879454597924, 2.5000000000000013 
62.12642512845871, 66.77908084507666, 0.0, -2.6486782710306342, 2.7000000000000015 
14.632175936932361, 9.850671384051598, 0.0, 5.6926073375685595, 2.7000000000000015 
35.57612929462885, 26.731487211495644, 0.0, -0.9363441570761961, 2.7000000000000015 
11.511042910780509, 2.7902231606135492, 0.0, 0.0, 1.0 
48.09114254963038, 36.311714965143494, 0.0, 4.026333116352366, 2.7000000000000015 
64.94766078539254, 53.17313581165578, 0.0, 3.4905117054840047, 2.7000000000000015 
43.57769944224191, 56.81372517095681, 0.0, 3.8309683361557467, 2.7000000000000015 
34.42208100224544, 18.95866803307692, 0.0, -0.13653282453018553, 2.7000000000000015 
69.20814492825339, 15.372986968772798, 0.0, -6.6780642793215765, 2.7000000000000015 
14.304559264813054, 70.23354126155596, 0.0, 3.426031722970397, 2.7000000000000015 
12.457451433565176, 31.38715757953551, 0.0, 0.0, 1.0 
25.28011535836125, 67.36301103136533, 0.0, -2.23231672370564, 2.7000000000000015 
26.09682139152729, 12.863122552904741, 0.0, -0.531667015552796, 2.7000000000000015 
12.960244715688232, 12.604002608125535, 0.0, -0.8372029024913479, 2.6000000000000014 
71.0548334781894, 71.26084902851294, 0.0, 3.8077953472660506, 2.7000000000000015 
63.922439246342954, 35.23695020016605, 0.0, -0.3611716867972322, 2.7000000000000015 
14.440391497071527, 42.188304495670955, 0.0, 5.295824198327364, 2.7000000000000015 
56.1753615090441, 35.08038723102947, 0.0, 0.08666465190604897, 2.7000000000000015 
48.28056135134894, 57.58050440868009, 0.0, 4.375034973688583, 2.5000000000000013 
41.511176973906444, 35.65227334435315, 0.0, 3.9425634364505537, 2.7000000000000015 
32.15072622300531, 30.88034594212192, 0.0, 5.153630968779209, 2.7000000000000015 
56.186972336186, 58.25686237232701, 0.0, 3.5323634359484672, 2.7000000000000015 
7.230535625852888, 26.295549956716286, 0.0, -1.5486941340153828, 2.7000000000000015 
47.11353825160112, 39.090707895788036, 0.0, 3.781738217803854, 2.7000000000000015 
58.26659643410911, 3.1973856713777424, 0.0, 3.6955160065632864, 2.5000000000000013 
38.736869627384884, 26.348358737799266, 0.0, 5.36685427182415, 2.7000000000000015 
51.93339731356708, 4.394774496247766, 0.0, -6.967995022829384, 2.7000000000000015 
67.67447704500933, 13.343376338203846, 0.0, 0.0, 1.0 
38.6519412712244, 22.650940927651362, 0.0, 5.846800375675267, 2.7000000000000015 
67.87341759069415, 5.7048745786748425, 0.0, -0.18067058562416635, 2.7000000000000015 
14.13173666383558, 0.08631658226590794, 0.0, -2.593918173850451, 2.7000000000000015 
8.610985057483061, 25.004062565069344, 0.0, 5.015999774914178, 2.7000000000000015 
20.89894260391909, 71.82932180059962, 0.0, 4.920629035509794, 2.7000000000000015 
1.071949063579299, 71.44014783551044, 0.0, 3.523667343451324, 2.7000000000000015 
40.007446566936004, 19.22882541660175, 0.0, 0.5665827909206372, 2.7000000000000015 
38.67948952265006, 56.73987714546576, 0.0, 4.68059374060174, 2.7000000000000015 
44.7148363464301, 20.084757873954317, 0.0, 5.122106609185702, 2.7000000000000015 
8.037774397360034, 64.12375729904161, 0.0, 3.4898372145647025, 2.7000000000000015 
10.188525385324489, 9.988913908830837, 0.0, -0.15162466285789739, 2.7000000000000015 
45.29657697982674, 63.26681987465959, 0.0, 4.389076201060979, 2.7000000000000015 
2.5535506485159365, 14.270802673150447, 0.0, 4.617450441859789, 2.7000000000000015 
46.33306437818026, 49.507853895408665, 0.0, 3.5698466223511507, 2.6000000000000014 
53.159027443600834, 35.16965022608611, 0.0, 6.5270466628768125, 2.7000000000000015 
15.437073719187296, 39.32050515053357, 0.0, 5.2020755701057455, 2.7000000000000015 
44.56501612900032, 46.01036760847699, 0.0, 4.193370310988767, 2.7000000000000015 
26.70183193359794, 11.052968475886528, 0.0, 5.600941656793986, 2.7000000000000015 
70.24200655633247, 11.950207478686329, 0.0, 0.0, 1.0 
50.15564285260866, 64.02629449630535, 0.0, 0.0, 1.0 
53.441716434189665, 68.77114951620919, 0.0, 3.0619002578662737, 2.6000000000000014 
42.93737320274311, 66.37323084643234, 0.0, 5.0322841981748345, 1.3000000000000003 
31.2509245154678, 44.495522728582166, 0.0, 4.361607089406058, 2.7000000000000015 
9.804773707174947, 23.1202324767723, 0.0, -1.5759704204307725, 2.6000000000000014 
38.13980798780112, 31.022496272793735, 0.0, 0.0, 1.0 
5.849629046088541, 36.845598565503956, 0.0, 5.928912742608626, 2.7000000000000015 
62.45416437928377, 59.8873734381043, 0.0, 3.1474432262187433, 2.6000000000000014 
52.893165522431445, 45.572484720125054, 0.0, 3.325958471890399, 2.7000000000000015 
40.87885045039728, 61.26252291387291, 0.0, 4.183037878925359, 2.7000000000000015 
11.257595279505036, 16.0157816644675, 0.0, 0.0, 1.0 
70.26099221820603, 63.29891816788233, 0.0, 3.5205809731128346, 2.7000000000000015 
25.973140275145525, 0.2857703490159527, 0.0, -1.7503407798978243, 2.7000000000000015 
49.996230830091626, 70.79018066396785, 0.0, 3.8291026720625414, 2.7000000000000015 
41.84209245018456, 42.58312775146366, 0.0, 4.575394645376663, 2.7000000000000015 
36.73540177774087, 51.243102843672254, 0.0, 4.520834824835532, 2.7000000000000015 
4.454025355741782, 13.884406618857858, 0.0, -0.8710588368141708, 2.6000000000000014 
23.111403140372534, 33.85079871657691, 0.0, 4.5824115971932695, 2.7000000000000015 
60.220675086475374, 38.76409939003125, 0.0, 5.738700239113401, 2.7000000000000015 
44.67904757808613, 66.82388454905518, 0.0, 4.420226947255565, 2.7000000000000015 
47.66265388465824, 62.85813467465552, 0.0, 3.7922975630085003, 2.7000000000000015 
47.74570906033631, 40.80978596520225, 0.0, 3.3535776208030468, 2.7000000000000015 
65.71296145452091, 66.88696856787332, 0.0, 3.8907234947695497, 2.7000000000000015 
5.840842970075205, 6.451146783614497, 0.0, 0.0, 1.0 
15.050395972067953, 21.887159012785457, 0.0, 5.941964095547041, 1.6000000000000005 
48.57364295360236, 44.475567111821576, 0.0, -2.1712429660340846, 2.7000000000000015 
54.245967923469856, 50.460247550998, 0.0, 3.508430078256398, 2.7000000000000015 
33.70917569529809, 40.18892233915869, 0.0, -1.6879663216086727, 2.7000000000000015 
64.09258474958501, 4.646384127863106, 0.0, 3.237761426128122, 2.7000000000000015 
16.472605631385054, 43.7963917537849, 0.0, 5.019137326573079, 2.7000000000000015 
58.000864524462415, 68.88386415272687, 0.0, 0.0, 1.0 
21.584441092528763, 19.141969998112216, 0.0, 6.561653736938653, 2.6000000000000014 
41.575189794018016, 25.784433910452066, 0.0, 5.589799820665537, 2.7000000000000015 
43.202788990777044, 43.417351934546176, 0.0, 4.242250279516782, 2.7000000000000015 
31.650061825829418, 17.322722951918866, 0.0, -0.11981201493655606, 2.7000000000000015 
60.95061293453741, 54.27932802267498, 0.0, -3.64239269872895, 2.7000000000000015 
14.796606442018083, 28.076866100231346, 0.0, 0.0, 1.0 
23.2017602848058, 26.680514652750325, 0.0, 5.3262099393080575, 2.7000000000000015 
49.73509893635398, 54.58137944834132, 0.0, 3.976137629334287, 2.7000000000000015 
31.25303291730038, 34.06162392881615, 0.0, 4.958729089496253, 2.7000000000000015 
7.899887591931643, 59.03137375633103, 0.0, 3.703651400656395, 2.7000000000000015 
30.61098611419556, 16.2602338349517, 0.0, -0.11218191777540291, 2.7000000000000015 
2.072076574805579, 43.047215146993594, 0.0, 6.37529467546288, 2.7000000000000015 
21.293943006320738, 20.5521157386201, 0.0, 6.025334719745539, 2.7000000000000015 
51.44187593931795, 51.11740539030984, 0.0, 3.956426589524915, 2.7000000000000015 
45.20732903223257, 39.23025151395496, 0.0, -2.5972227918865323, 2.7000000000000015 
28.94992986397137, 57.865553656413894, 0.0, 1.2662922023463152, 2.7000000000000015 
56.17851581136849, 68.03815040439444, 0.0, 0.0, 1.0 
0.8778245457180972, 57.811239669648465, 0.0, 3.4767343731295646, 2.7000000000000015 
48.350580384085546, 10.462634553204408, 0.0, 5.982893219338739, 2.7000000000000015 
10.02529537366694, 25.922675204896773, 0.0, 0.0, 1.0 
53.34550008120177, 62.612557308257855, 0.0, 4.033307601899706, 2.7000000000000015 
26.445392012217702, 18.104299431189407, 0.0, 6.314538810804152, 2.7000000000000015 
70.23317146594248, 65.60630036044503, 0.0, 3.8612100584070506, 2.7000000000000015 
66.11368322375235, 33.010716554848095, 0.0, -1.2998126678212256, 2.7000000000000015 
39.826922053907985, 58.15900958533146, 0.0, -1.6529133286686475, 2.7000000000000015 
33.69001267152554, 22.082027802810526, 0.0, 6.035264568704044, 2.7000000000000015 
35.0493174976517, 25.91890698432749, 0.0, -7.050639066818273, 2.7000000000000015 
63.00880780044083, 36.87927152291807, 0.0, 5.7163517833339945, 2.7000000000000015 
27.667535121079045, 15.930865109687272, 0.0, -0.11030979587311789, 2.7000000000000015 
69.95672017136027, 36.69588714503447, 0.0, 2.0340739174965408, 2.7000000000000015 
37.7588877688759, 29.10984837531307, 0.0, 5.179203326971452, 2.7000000000000015 
9.107235560854305, 37.5491065976677, 0.0, -0.5637453167308819, 2.7000000000000015 
27.60778640404766, 39.14814984320107, 0.0, -1.18653864158462, 2.7000000000000015 
4.344022172951999, 11.94035041350366, 0.0, -1.2169771417136013, 2.7000000000000015 
62.049596091331, 7.941516738563817, 0.0, 6.15105185667721, 2.7000000000000015 
24.92818951456001, 69.66082181096218, 0.0, 4.5616158770399915, 2.7000000000000015 
52.22344630007824, 63.944419968266175, 0.0, 0.0, 1.0 
5.622963944423515, 21.47230166166424, 0.0, -1.8585705369876513, 2.6000000000000014 
63.84045566633922, 8.607486017228622, 0.0, 5.9171544695183895, 2.7000000000000015 
68.53802026158921, 14.60683505168865, 0.0, -0.2976145793388305, 2.5000000000000013 
61.1167643972813, 71.20903367049223, 0.0, 2.4993606063043377, 1.2000000000000002 
47.45400045046214, 59.10764453629364, 0.0, 0.0, 1.0 
13.110426064643084, 23.483463583376516, 0.0, 5.809589332626183, 2.5000000000000013 
12.232676524905337, 11.69527210622993, 0.0, -0.43535574521237774, 2.7000000000000015 
48.2624480035162, 66.09970731409804, 0.0, 3.9781849187924383, 2.7000000000000015 
46.695078381637266, 65.86346250522938, 0.0, -1.834121307612863, 2.7000000000000015 
43.739751170521835, 68.01015066387079, 0.0, 4.736918638915874, 2.100000000000001 
22.765315556762072, 4.73022888488869, 0.0, 4.687490082760818, 2.7000000000000015 
17.623777506287777, 28.739606572513345, 0.0, 5.226994283000776, 2.7000000000000015 
40.323867850162394, 71.76925320922986, 0.0, 4.504514640798541, 2.7000000000000015 
67.48254147436607, 22.529874363470153, 0.0, 5.46796243322271, 2.7000000000000015 
42.596554073098325, 51.91733860884489, 0.0, 4.331547441526011, 2.4000000000000012 
16.16369695504061, 13.756498175689792, 0.0, 0.0, 1.0 
23.489318546770352, 30.575188121974087, 0.0, 4.908931602028319, 2.7000000000000015 
13.637131614793965, 65.9604540948995, 0.0, -3.2269479664376277, 2.7000000000000015 
38.06933099922161, 65.42592387195076, 0.0, 0.08591420043627852, 2.7000000000000015 
4.201442050814692, 23.954245152413904, 0.0, -1.597522153255381, 2.6000000000000014 
54.49208561013376, 60.60803540970173, 0.0, 3.7549381353903746, 2.6000000000000014 
72.0479548539967, 9.685336109064016, 0.0, 6.6464470813170715, 2.200000000000001 
10.661660384836377, 8.836073655208217, 0.0, 0.047755199273455284, 2.300000000000001 
69.55579874665425, 68.5180986577525, 0.0, 4.2146418099431475, 2.7000000000000015 
40.55032396816042, 41.726036825609924, 0.0, 4.50313675215365, 2.7000000000000015 
41.08572225341252, 39.67013023415594, 0.0, 4.431113793878101, 2.7000000000000015 
71.68221431790565, 61.21020334528834, 0.0, -2.8164516079128186, 2.7000000000000015 
71.48843406792591, 26.394899227830965, 0.0, 4.503417079426079, 2.7000000000000015 
