1000
 Lattice="61.15546790168123 0.0 0.0 0.0 61.15546790168123 0.0 0.0 0.0 1.0"Properties=species:S:1:pos:R:3:aspherical_shape:R:3:orientation:R:4:Color:R:1
cell 58.43665968087683 47.927228862697326 0.0 1.0 1.0 1 0 0 0.0 1.0 0.0
cell 45.380104366144394 44.25521443780476 0.0 1.0 1.0 1 0 0 0.0 1.0 0.0
cell 18.963828790671993 15.134726185225965 0.0 1.0 1.0 1 0 0 0.0 1.0 0.0
cell 25.885819418442324 0.7986745132195104 0.0 1.0 1.0 1 0 0 0.0 1.0 0.0
cell 12.462748112264768 49.200732462512434 0.0 1.0 1.0 1 0 0 0.0 1.0 0.0
cell 53.06099479968673 5.206978087157202 0.0 1.0 1.0 1 0 0 0.0 1.0 0.0
cell 60.872176489300806 24.376055127988383 0.0 1.0 1.0 1 0 0 0.0 1.0 0.0
cell 9.684639777736676 11.227561317607487 0.0 1.0 1.0 1 0 0 0.0 1.0 0.0
cell 23.856196894872262 19.820787608387924 0.0 1.30384048104053 0.7669649888473703 1 0 0 0.053553310436188634 0.9985649918464622 0.10715788325644304
cell 59.77284768141621 3.4208735847513516 0.0 1.0 1.0 1 0 0 0.0 1.0 0.0
cell 44.422005269501454 32.59049882230659 0.0 1.643167672515499 0.6085806194501844 1 0 0 0.47107897407351534 0.8820910384908376 0.9810271588208316
cell 36.26824124424967 44.240639816119035 0.0 1.0 1.0 1 0 0 0.0 1.0 0.0
cell 11.524000744540702 32.31244695658267 0.0 1.0 1.0 1 0 0 0.0 1.0 0.0
cell 0.878963800328478 6.039728340643722 0.0 1.0 1.0 1 0 0 0.0 1.0 0.0
cell 6.821407721528102 19.313040850590788 0.0 1.0 1.0 1 0 0 0.0 1.0 0.0
cell 58.76386400242812 43.714219859158646 0.0 1.58113883008419 0.6324555320336757 1 0 0 0.9087891338986663 0.417255689125639 2.2807457039946537
cell 60.46677533204775 48.26181037604793 0.0 1.0 1.0 1 0 0 0.0 1.0 0.0
cell 54.89946614326009 5.6788551988309806 0.0 1.0 1.0 1 0 0 0.0 1.0 0.0
cell 52.20983918322926 29.573498376531134 0.0 1.643167672515499 0.6085806194501844 1 0 0 0.8136092406630586 -0.5814120771945499 4.382519030240444
cell 35.83805862686652 5.278957461800179 0.0 1.0 1.0 1 0 0 0.0 1.0 0.0
cell 20.334211428279993 29.420571770060715 0.0 1.0 1.0 1 0 0 0.0 1.0 0.0
cell 41.43503711328926 13.530488525936853 0.0 1.0954451150103324 0.9128709291752768 1 0 0 0.7313600033845733 0.6819916021838663 1.6406279772611159
cell 39.142437916335 36.05419040442676 0.0 1.643167672515499 0.6085806194501844 1 0 0 0.6649149018672241 0.7469191209728799 1.4547597600615483
cell 48.84067812543728 25.218777125401957 0.0 1.0 1.0 1 0 0 0.0 1.0 0.0
cell 51.08784723436456 40.65742504390486 0.0 1.643167672515499 0.6085806194501844 1 0 0 0.999443268679903 -0.03336394296888911 3.208332925453877
cell 30.109782970821293 17.016136013600082 0.0 1.140175425099138 0.8770580193070291 1 0 0 0.6231367020339456 0.7821129397844391 1.345493750855967
cell 19.298610768487986 43.42707597051734 0.0 1.0 1.0 1 0 0 0.0 1.0 0.0
cell 12.377779101295618 21.814365074322343 0.0 1.0 1.0 1 0 0 0.0 1.0 0.0
cell 10.415090299384742 58.44583275194826 0.0 1.0 1.0 1 0 0 0.0 1.0 0.0
cell 43.07614620398053 59.126414359216824 0.0 1.0 1.0 1 0 0 0.0 1.0 0.0
cell 48.92794275708508 47.9027766917671 0.0 1.643167672515499 0.6085806194501844 1 0 0 0.7229510381927988 0.6908992664462413 1.6161282585137557
cell 6.521068173186279 44.00225049654254 0.0 1.0 1.0 1 0 0 0.0 1.0 0.0
cell 42.19517977442011 34.3559438242769 0.0 1.643167672515499 0.6085806194501844 1 0 0 0.6772564255960474 0.7357470584303178 1.4880544797415998
cell 8.625219004284318 20.186122432940085 0.0 1.0 1.0 1 0 0 0.0 1.0 0.0
cell 46.207356761895184 38.22271649838016 0.0 1.0 1.0 1 0 0 0.0 1.0 0.0
cell 8.189426113364595 34.15850928108672 0.0 1.0 1.0 1 0 0 0.0 1.0 0.0
cell 20.154840178010783 36.19359949098457 0.0 1.0488088481701516 0.9534625892455922 1 0 0 0.7476067356781149 0.664141678234933 1.6889023754575403
cell 61.00080343952013 43.13090209319841 0.0 1.0 1.0 1 0 0 0.0 1.0 0.0
cell 9.662774643409156 60.36765383509682 0.0 1.0 1.0 1 0 0 0.0 1.0 0.0
cell 9.770102813030855 39.20400347673348 0.0 1.643167672515499 0.6085806194501844 1 0 0 0.908551543704646 -0.41777277607798335 4.003577720973772
cell 2.996617605895957 45.05848448635326 0.0 1.0 1.0 1 0 0 0.0 1.0 0.0
cell 45.081157184358425 52.48867464786969 0.0 1.0 1.0 1 0 0 0.0 1.0 0.0
cell 56.46509434390923 21.039194673940212 0.0 1.0 1.0 1 0 0 0.0 1.0 0.0
cell 52.99608258118579 59.188062612001204 0.0 1.0 1.0 1 0 0 0.0 1.0 0.0
cell 29.285655903474737 40.52485705539886 0.0 1.0 1.0 1 0 0 0.0 1.0 0.0
cell 33.88345707543184 5.838681074215868 0.0 1.0 1.0 1 0 0 0.0 1.0 0.0
cell 20.217929057018377 9.760468506772117 0.0 1.0 1.0 1 0 0 0.0 1.0 0.0
cell 60.18375914690987 53.488877194677734 0.0 1.0 1.0 1 0 0 0.0 1.0 0.0
cell 32.505196765269496 19.64490157437734 0.0 1.1832159566199234 0.8451542547285166 1 0 0 0.4968162148662124 0.8678557764087357 1.0398526844504583
cell 46.932690510347136 50.3142241132026 0.0 1.643167672515499 0.6085806194501844 1 0 0 0.4709156209134238 0.882178257485257 0.9806568000326414
cell 55.83675448027134 34.36645053713851 0.0 1.0 1.0 1 0 0 0.0 1.0 0.0
cell 6.1062137643463155 13.296044376943128 0.0 1.0 1.0 1 0 0 0.0 1.0 0.0
cell 22.674904005581126 7.246512527928975 0.0 1.0 1.0 1 0 0 0.0 1.0 0.0
cell 55.68313970382338 44.99256584736355 0.0 1.4491376746189442 0.690065559342354 1 0 0 0.6560810131155269 -0.7546904691522902 4.851957061304011
cell 35.814270101612834 34.70797694127324 0.0 1.643167672515499 0.6085806194501844 1 0 0 0.44075697198718117 0.8976264766843117 0.9128836059130536
cell 4.501828538175649 14.565727778507283 0.0 1.0 1.0 1 0 0 0.0 1.0 0.0
cell 51.77136360422086 8.628500610616555 0.0 1.0 1.0 1 0 0 0.0 1.0 0.0
cell 24.19883672029766 8.710699955100159 0.0 1.0 1.0 1 0 0 0.0 1.0 0.0
cell 38.95250732926083 32.688983656339566 0.0 1.643167672515499 0.6085806194501844 1 0 0 0.6901228164676225 0.7236922676046749 1.5233174943135652
cell 37.17269363840667 21.76290613909804 0.0 1.643167672515499 0.6085806194501844 1 0 0 0.4953369103517824 -0.8687009527122382 5.246740064897405
cell 53.242213749377825 33.574546184371734 0.0 1.6124515496597105 0.6201736729460421 1 0 0 0.2064889467547571 0.9784489331938132 0.41597041098746856
cell 25.80605425375094 49.379119510318034 0.0 1.0 1.0 1 0 0 0.0 1.0 0.0
cell 18.060246893026395 24.297366387132854 0.0 1.0 1.0 1 0 0 0.0 1.0 0.0
cell 51.23549135979938 57.415170902588955 0.0 1.0 1.0 1 0 0 0.0 1.0 0.0
cell 58.66441425801535 6.845814222083746 0.0 1.0 1.0 1 0 0 0.0 1.0 0.0
cell 40.68945232649229 0.3000521494875023 0.0 1.0 1.0 1 0 0 0.0 1.0 0.0
cell 36.947057539759534 17.778681192730918 0.0 1.5165750888103104 0.6593804733957869 1 0 0 0.5978261196882299 -0.8016258046111754 5.001612270293197
cell 23.140675632782752 5.326984954437838 0.0 1.0 1.0 1 0 0 0.0 1.0 0.0
cell 56.454519093458096 53.524119488003734 0.0 1.0 1.0 1 0 0 0.0 1.0 0.0
cell 34.738483846587215 35.418605917374144 0.0 1.4832396974191329 0.6741998624632419 1 0 0 0.4711468269383955 0.8820547984484193 0.9811810074730822
cell 44.99765897499407 58.54328337449229 0.0 1.0 1.0 1 0 0 0.0 1.0 0.0
cell 13.497341594759034 14.735462942942327 0.0 1.0 1.0 1 0 0 0.0 1.0 0.0
cell 9.670654697285615 51.54483020068637 0.0 1.0 1.0 1 0 0 0.0 1.0 0.0
cell 37.33727020794136 6.646712063302556 0.0 1.0 1.0 1 0 0 0.0 1.0 0.0
cell 53.41970359502973 34.86663667903867 0.0 1.643167672515499 0.6085806194501844 1 0 0 0.08282924414849206 0.9965637542645175 0.1658484972476128
cell 53.25815762893094 7.21555483183391 0.0 1.0 1.0 1 0 0 0.0 1.0 0.0
cell 40.27278750865964 9.505339516702358 0.0 1.0 1.0 1 0 0 0.0 1.0 0.0
cell 11.03767078457037 0.7869382587386293 0.0 1.0 1.0 1 0 0 0.0 1.0 0.0
cell 4.597207822998445 35.44383941927593 0.0 1.0 1.0 1 0 0 0.0 1.0 0.0
cell 21.05595683273977 59.678431564279414 0.0 1.0 1.0 1 0 0 0.0 1.0 0.0
cell 4.82941185266948 16.562308891451078 0.0 1.0 1.0 1 0 0 0.0 1.0 0.0
cell 37.52867585198786 58.76667670848985 0.0 1.0 1.0 1 0 0 0.0 1.0 0.0
cell 44.68969087336143 25.35098325291033 0.0 1.643167672515499 0.6085806194501844 1 0 0 0.7075856032371544 0.7066276346786278 1.5721510990262986
cell 24.699713760612045 33.57398034106313 0.0 1.0 1.0 1 0 0 0.0 1.0 0.0
cell 0.04457621360099319 55.80127652239614 0.0 1.0 1.0 1 0 0 0.0 1.0 0.0
cell 6.415939064590702 33.666655621336425 0.0 1.0 1.0 1 0 0 0.0 1.0 0.0
cell 34.036723533029125 40.692871024580064 0.0 1.0488088481701516 0.9534625892455922 1 0 0 0.8766163157453043 -0.48119001960673385 4.145616097977887
cell 42.446476480673944 37.70164841110824 0.0 1.643167672515499 0.6085806194501844 1 0 0 0.6440454110180571 0.7649872603818849 1.3995495544443377
cell 41.40596142625758 38.13895390426815 0.0 1.643167672515499 0.6085806194501844 1 0 0 0.6245446072776343 0.7809891379016904 1.349096599020654
cell 56.317461838490765 13.636678570478242 0.0 1.0 1.0 1 0 0 0.0 1.0 0.0
cell 39.269311514090425 6.146032581052348 0.0 1.0 1.0 1 0 0 0.0 1.0 0.0
cell 38.37784150976671 55.27092426543082 0.0 1.0 1.0 1 0 0 0.0 1.0 0.0
cell 46.77257702257269 55.476038680842464 0.0 1.0 1.0 1 0 0 0.0 1.0 0.0
cell 40.229538173294614 2.208710355499623 0.0 1.0 1.0 1 0 0 0.0 1.0 0.0
cell 0.6246733265834665 13.344642463170729 0.0 1.0 1.0 1 0 0 0.0 1.0 0.0
cell 51.986109624363586 53.44563690123075 0.0 1.0 1.0 1 0 0 0.0 1.0 0.0
cell 55.65168563205827 35.917275863936894 0.0 1.643167672515499 0.6085806194501844 1 0 0 0.08745292793728467 -0.996168653088018 6.108055733407499
cell 28.45218602149663 47.012804267050655 0.0 1.0 1.0 1 0 0 0.0 1.0 0.0
cell 4.92872461162224 22.47083172039226 0.0 1.0 1.0 1 0 0 0.0 1.0 0.0
cell 2.303112802973878 4.524976980753555 0.0 1.0 1.0 1 0 0 0.0 1.0 0.0
cell 32.06793811620369 33.755121760568144 0.0 1.6124515496597105 0.6201736729460421 1 0 0 0.9663340974709412 -0.25729052074458836 3.6620272088462986
cell 34.30317787052115 3.8541268489230553 0.0 1.0 1.0 1 0 0 0.0 1.0 0.0
cell 29.31080867835615 53.046939857583695 0.0 1.0 1.0 1 0 0 0.0 1.0 0.0
cell 22.2712617929584 36.09418009938435 0.0 1.0 1.0 1 0 0 0.0 1.0 0.0
cell 30.84661130593951 3.0552975481646607 0.0 1.0 1.0 1 0 0 0.0 1.0 0.0
cell 11.413307583628875 38.99340141183198 0.0 1.0 1.0 1 0 0 0.0 1.0 0.0
cell 23.5945059355513 3.3688160685672246 0.0 1.0 1.0 1 0 0 0.0 1.0 0.0
cell 36.41280991461312 40.43156669110718 0.0 1.5165750888103104 0.6593804733957869 1 0 0 -0.9068978552462086 -0.42135054307527237 2.271724662302562
cell 33.97090032978095 18.771572161748455 0.0 1.264911064067352 0.7905694150420947 1 0 0 0.5492172805907395 0.8356795909321424 1.1628546461350469
cell 56.05558186027793 50.08302685643131 0.0 1.0 1.0 1 0 0 0.0 1.0 0.0
cell 42.620100265451775 60.95832669521591 0.0 1.0 1.0 1 0 0 0.0 1.0 0.0
cell 27.57946362382147 54.15230311712552 0.0 1.0 1.0 1 0 0 0.0 1.0 0.0
cell 56.29866539454263 41.026555875927905 0.0 1.643167672515499 0.6085806194501844 1 0 0 0.9028717972473413 -0.42990989490282244 4.030378606059346
cell 26.291440199559485 59.98390374399083 0.0 1.0 1.0 1 0 0 0.0 1.0 0.0
cell 23.607870098161754 55.14893509479457 0.0 1.0 1.0 1 0 0 0.0 1.0 0.0
cell 34.5024098185753 11.458871974176798 0.0 1.0488088481701516 0.9534625892455922 1 0 0 0.6070011254622323 0.7947009712386057 1.3045630784841786
cell 7.786241458156981 40.676443151654574 0.0 1.0 1.0 1 0 0 0.0 1.0 0.0
cell 46.256699461161794 41.11792029684436 0.0 1.0 1.0 1 0 0 0.0 1.0 0.0
cell 18.63402389246701 48.716485201817186 0.0 1.0 1.0 1 0 0 0.0 1.0 0.0
cell 43.961693458184826 21.356880303179484 0.0 1.6124515496597105 0.6201736729460421 1 0 0 0.7139128336816263 0.7002345791980503 1.590140601404005
cell 43.87332749885143 45.54870013306372 0.0 1.0 1.0 1 0 0 0.0 1.0 0.0
cell 1.337169053081161 23.036530899367968 0.0 1.0 1.0 1 0 0 0.0 1.0 0.0
cell 58.32930239636109 45.95685858210722 0.0 1.0 1.0 1 0 0 0.0 1.0 0.0
cell 16.066833776211233 4.9764572509203395 0.0 1.0 1.0 1 0 0 0.0 1.0 0.0
cell 38.33437013027084 29.477019618956184 0.0 1.643167672515499 0.6085806194501844 1 0 0 0.6358490599196508 0.7718134314711661 1.3782162132294336
cell 38.36232780708977 10.125706632629177 0.0 1.0 1.0 1 0 0 0.0 1.0 0.0
cell 49.33810369734355 16.563107481306904 0.0 1.1832159566199234 0.8451542547285166 1 0 0 0.90691975184146 0.42130341052479564 2.271828603405089
cell 55.62751267261496 9.643084644651527 0.0 1.0 1.0 1 0 0 0.0 1.0 0.0
cell 29.490911171192067 9.054848578299191 0.0 1.0 1.0 1 0 0 0.0 1.0 0.0
cell 3.520179836472542 19.914137133624138 0.0 1.0 1.0 1 0 0 0.0 1.0 0.0
cell 21.88142857109405 13.290649501167787 0.0 1.643167672515499 0.6085806194501844 1 0 0 0.906312185023878 -0.42260883009852485 4.014236466306028
cell 38.688808773507134 0.8338559707765154 0.0 1.0 1.0 1 0 0 0.0 1.0 0.0
cell 2.2304250802936956 29.000857728789168 0.0 1.0 1.0 1 0 0 0.0 1.0 0.0
cell 53.88220608839998 11.23270033292984 0.0 1.0 1.0 1 0 0 0.0 1.0 0.0
cell 43.36374419330062 12.730355510054196 0.0 1.140175425099138 0.8770580193070291 1 0 0 0.6089602918390024 0.7932007078686687 1.3094983094456754
cell 10.994162684235835 26.703263864634287 0.0 1.0 1.0 1 0 0 0.0 1.0 0.0
cell 23.415181362090728 12.578304084062019 0.0 1.0 1.0 1 0 0 0.0 1.0 0.0
cell 16.297597520298314 29.85748321534371 0.0 1.0 1.0 1 0 0 0.0 1.0 0.0
cell 42.3907270063839 40.86222278249341 0.0 1.643167672515499 0.6085806194501844 1 0 0 0.6895898252338613 0.7242001608215319 1.5218450335168316
cell 8.895534040301131 24.039854550099864 0.0 1.0 1.0 1 0 0 0.0 1.0 0.0
cell 44.175814367293334 1.1434526357759123 0.0 1.0 1.0 1 0 0 0.0 1.0 0.0
cell 55.527518360650646 0.4023723987257477 0.0 1.0 1.0 1 0 0 0.0 1.0 0.0
cell 9.006275719778936 1.0486106612834054 0.0 1.0 1.0 1 0 0 0.0 1.0 0.0
cell 53.220399000096506 17.648194318952857 0.0 1.1832159566199234 0.8451542547285166 1 0 0 0.7614511684847484 0.648222275159695 1.731097741277592
cell 52.11332465076014 50.90730670298192 0.0 1.0 1.0 1 0 0 0.0 1.0 0.0
cell 7.370663769142974 27.147867773975854 0.0 1.0 1.0 1 0 0 0.0 1.0 0.0
cell 16.41572485685687 57.505755360557906 0.0 1.0 1.0 1 0 0 0.0 1.0 0.0
cell 53.85916042118561 45.01087087741633 0.0 1.0 1.0 1 0 0 0.0 1.0 0.0
cell 11.886638057628666 45.56964371342567 0.0 1.0 1.0 1 0 0 0.0 1.0 0.0
cell 25.795156427686646 36.792943303195536 0.0 1.341640786499874 0.7453559924999297 1 0 0 0.7544495606263497 -0.6563580276577013 4.573555130970987
cell 25.63707723525278 54.685461018442375 0.0 1.0 1.0 1 0 0 0.0 1.0 0.0
cell 41.09632539281907 59.62826015012703 0.0 1.0 1.0 1 0 0 0.0 1.0 0.0
cell 58.642841852530445 32.78887638408753 0.0 1.0 1.0 1 0 0 0.0 1.0 0.0
cell 25.272423631187987 12.631299428330617 0.0 1.2247448713915894 0.8164965809277259 1 0 0 0.7271836115094588 0.6864430021145678 1.6284202213472514
cell 59.302397395688324 55.288583328913695 0.0 1.0 1.0 1 0 0 0.0 1.0 0.0
cell 5.32508264367852 48.47539156147297 0.0 1.0 1.0 1 0 0 0.0 1.0 0.0
cell 21.397298267268674 43.09858872396829 0.0 1.0 1.0 1 0 0 0.0 1.0 0.0
cell 28.637748440420186 33.46151711297207 0.0 1.643167672515499 0.6085806194501844 1 0 0 0.7501929379912885 -0.6612189923073889 4.586477663048506
cell 52.82705201448844 14.647424262820763 0.0 1.0 1.0 1 0 0 0.0 1.0 0.0
cell 23.037263640320273 51.649291382321856 0.0 1.0 1.0 1 0 0 0.0 1.0 0.0
cell 14.048608460615657 20.657103315499864 0.0 1.0 1.0 1 0 0 0.0 1.0 0.0
cell 47.55793597071603 30.47135212071327 0.0 1.643167672515499 0.6085806194501844 1 0 0 0.7687928890556417 0.6394978449826707 1.7539028241821601
cell 55.523466713668626 24.11627543690932 0.0 1.0 1.0 1 0 0 0.0 1.0 0.0
cell 33.04894668464376 35.62312181764731 0.0 1.643167672515499 0.6085806194501844 1 0 0 0.9477405486232094 -0.3190420857745543 3.791029814488023
cell 10.067660101880612 2.739242271429327 0.0 1.0 1.0 1 0 0 0.0 1.0 0.0
cell 41.87267941212761 11.231440721420542 0.0 1.140175425099138 0.8770580193070291 1 0 0 0.7274677630490335 0.6861418612243646 1.6292482984828953
cell 47.43029961366784 40.38091015285426 0.0 1.643167672515499 0.6085806194501844 1 0 0 0.6455890662969602 0.7636849857616812 1.4035887584218019
cell 57.02395694535059 60.10611423492131 0.0 1.0 1.0 1 0 0 0.0 1.0 0.0
cell 37.52459732545203 14.08002375438426 0.0 1.0 1.0 1 0 0 0.0 1.0 0.0
cell 18.241934290657202 36.765486139916405 0.0 1.0 1.0 1 0 0 0.0 1.0 0.0
cell 31.10495404633028 39.117685497636174 0.0 1.58113883008419 0.6324555320336757 1 0 0 0.8486740231544202 0.5289162527498004 2.026946518370629
cell 60.18894536648614 5.4007471725822915 0.0 1.0 1.0 1 0 0 0.0 1.0 0.0
cell 18.577241490859894 40.21140264576434 0.0 1.0 1.0 1 0 0 0.0 1.0 0.0
cell 12.203326477707764 19.85040797007552 0.0 1.0 1.0 1 0 0 0.0 1.0 0.0
cell 16.511822925316384 7.515093640258759 0.0 1.4832396974191329 0.6741998624632419 1 0 0 0.9057638061847629 -0.42378287766932166 4.0168280737490125
cell 5.578492884669262 60.90381809759858 0.0 1.0 1.0 1 0 0 0.0 1.0 0.0
cell 47.41214085155271 36.93219317101058 0.0 1.643167672515499 0.6085806194501844 1 0 0 0.6403808356511169 0.7680575403775275 1.389988011597328
cell 25.428478008880834 45.96888183061645 0.0 1.0 1.0 1 0 0 0.0 1.0 0.0
cell 47.0481337118306 3.9230508465739775 0.0 1.0 1.0 1 0 0 0.0 1.0 0.0
cell 20.17496677515892 2.483728495776078 0.0 1.0 1.0 1 0 0 0.0 1.0 0.0
cell 18.320791183739967 29.68896742641697 0.0 1.0 1.0 1 0 0 0.0 1.0 0.0
cell 15.14827543975406 0.019940565594376687 0.0 1.0 1.0 1 0 0 0.0 1.0 0.0
cell 36.266464655230685 3.26463592766498 0.0 1.0 1.0 1 0 0 0.0 1.0 0.0
cell 42.22720796600126 54.56488554014237 0.0 1.0 1.0 1 0 0 0.0 1.0 0.0
cell 34.94240962595328 9.26239431818422 0.0 1.0 1.0 1 0 0 0.0 1.0 0.0
cell 36.20833500416916 46.34963047985133 0.0 1.0 1.0 1 0 0 0.0 1.0 0.0
cell 36.58505666485396 53.88188007698678 0.0 1.0 1.0 1 0 0 0.0 1.0 0.0
cell 2.9641017788456616 15.90854687586042 0.0 1.0 1.0 1 0 0 0.0 1.0 0.0
cell 56.084642707552575 19.008656761310785 0.0 1.0 1.0 1 0 0 0.0 1.0 0.0
cell 36.30643138316853 15.847741793314617 0.0 1.0 1.0 1 0 0 0.0 1.0 0.0
cell 22.53753380871906 61.154537165083745 0.0 1.0 1.0 1 0 0 0.0 1.0 0.0
cell 37.81297592824664 36.00334195095396 0.0 1.643167672515499 0.6085806194501844 1 0 0 0.5188098095027125 0.8548896897049111 1.0909162926352522
cell 49.19908531200029 58.06024969924229 0.0 1.0 1.0 1 0 0 0.0 1.0 0.0
cell 31.269486813223665 44.2227528686946 0.0 1.0 1.0 1 0 0 0.0 1.0 0.0
cell 14.460884705926098 30.291772946855872 0.0 1.0 1.0 1 0 0 0.0 1.0 0.0
cell 10.436399393751314 49.373913679334464 0.0 1.0 1.0 1 0 0 0.0 1.0 0.0
cell 41.30947884432935 43.798962518160174 0.0 1.643167672515499 0.6085806194501844 1 0 0 0.8622251773609665 0.5065251657369552 2.079292813864391
cell 51.88254888435343 55.4923570173516 0.0 1.0 1.0 1 0 0 0.0 1.0 0.0
cell 60.62072062668384 59.18281045347658 0.0 1.0 1.0 1 0 0 0.0 1.0 0.0
cell 25.083722063188173 4.754557976377279 0.0 1.0 1.0 1 0 0 0.0 1.0 0.0
cell 27.211230345622905 43.372415360335076 0.0 1.0 1.0 1 0 0 0.0 1.0 0.0
cell 58.02747113699143 19.68953849668181 0.0 1.0 1.0 1 0 0 0.0 1.0 0.0
cell 34.564550154840816 53.879356767987815 0.0 1.0 1.0 1 0 0 0.0 1.0 0.0
cell 24.642069788992163 6.7573298810381885 0.0 1.0 1.0 1 0 0 0.0 1.0 0.0
cell 48.44665200573389 42.751782904682486 0.0 1.643167672515499 0.6085806194501844 1 0 0 0.6594714859558403 0.7517295785129091 1.4402309596158565
cell 32.40424553962325 4.4350851762379255 0.0 1.0 1.0 1 0 0 0.0 1.0 0.0
cell 4.391541520895754 31.536235879497266 0.0 1.0 1.0 1 0 0 0.0 1.0 0.0
cell 41.331812092853085 40.811114033769194 0.0 1.643167672515499 0.6085806194501844 1 0 0 0.5903866487085191 0.807120564120828 1.2630756078472467
cell 2.503810107782844 31.010209403566094 0.0 1.0 1.0 1 0 0 0.0 1.0 0.0
cell 51.90855419133511 25.372951803567414 0.0 1.0954451150103324 0.9128709291752768 1 0 0 0.8032308488457118 0.5956678633790792 1.865398925823354
cell 35.47721409582495 52.312334107911234 0.0 1.0 1.0 1 0 0 0.0 1.0 0.0
cell 21.36597781924346 19.536775738918266 0.0 1.0954451150103324 0.9128709291752768 1 0 0 0.6449334305243127 0.764238752087423 1.4018723488493452
cell 36.857746242457644 8.696402042151352 0.0 1.0 1.0 1 0 0 0.0 1.0 0.0
cell 34.74757023654685 16.824423994168075 0.0 1.4491376746189442 0.690065559342354 1 0 0 0.6560055997149108 0.7547560222632743 1.4310284020229254
cell 15.690196818329234 50.723781122881945 0.0 1.0 1.0 1 0 0 0.0 1.0 0.0
cell 48.50443339484957 15.049112670670029 0.0 1.643167672515499 0.6085806194501844 1 0 0 0.9768686104435438 0.21384040294130563 2.71058341359606
cell 15.345586070170436 15.538492260219103 0.0 1.0 1.0 1 0 0 0.0 1.0 0.0
cell 46.78804894525733 53.60829483692901 0.0 1.0 1.0 1 0 0 0.0 1.0 0.0
cell 2.5174309396200654 38.26907189241097 0.0 1.0 1.0 1 0 0 0.0 1.0 0.0
cell 1.7962122061089074 9.980777623919389 0.0 1.0 1.0 1 0 0 0.0 1.0 0.0
cell 51.082518905918334 21.08553812408424 0.0 1.0 1.0 1 0 0 0.0 1.0 0.0
cell 47.374806307401485 17.753738221652867 0.0 1.643167672515499 0.6085806194501844 1 0 0 0.7778076544760619 0.6285023887293087 1.7823400856412193
cell 4.203799101211329 59.311449074833995 0.0 1.0488088481701516 0.9534625892455922 1 0 0 0.09508114760973105 0.995469525083122 0.19044999181746075
cell 29.067893435777258 55.78039605716271 0.0 1.0 1.0 1 0 0 0.0 1.0 0.0
cell 0.8507030750355145 57.65269483589634 0.0 1.0 1.0 1 0 0 0.0 1.0 0.0
cell 22.25699727775794 53.61686565634568 0.0 1.0 1.0 1 0 0 0.0 1.0 0.0
cell 57.63113849985502 26.977101828028946 0.0 1.0 1.0 1 0 0 0.0 1.0 0.0
cell 30.52553130448098 12.433087257075444 0.0 1.0 1.0 1 0 0 0.0 1.0 0.0
cell 54.202652795322905 55.88801281459355 0.0 1.0 1.0 1 0 0 0.0 1.0 0.0
cell 47.6671150543999 2.053772528258893 0.0 1.0 1.0 1 0 0 0.0 1.0 0.0
cell 3.5389236391237326 36.89332926410324 0.0 1.0 1.0 1 0 0 0.0 1.0 0.0
cell 16.58919751926373 48.926517483849594 0.0 1.0 1.0 1 0 0 0.0 1.0 0.0
cell 8.203444877890172 10.243123781631915 0.0 1.0 1.0 1 0 0 0.0 1.0 0.0
cell 3.9641049968393314 43.36413711879619 0.0 1.0 1.0 1 0 0 0.0 1.0 0.0
cell 35.203442439333564 61.14730617675136 0.0 1.0 1.0 1 0 0 0.0 1.0 0.0
cell 6.956071663086195 21.354930197206162 0.0 1.0 1.0 1 0 0 0.0 1.0 0.0
cell 17.92562666997274 4.740531384620951 0.0 1.0 1.0 1 0 0 0.0 1.0 0.0
cell 13.75277382096769 59.722716371712245 0.0 1.0 1.0 1 0 0 0.0 1.0 0.0
cell 13.6605693686571 16.724639899848196 0.0 1.0 1.0 1 0 0 0.0 1.0 0.0
cell 59.49502799624326 10.794669813801233 0.0 1.0 1.0 1 0 0 0.0 1.0 0.0
cell 15.80957514125807 19.49063376656058 0.0 1.0 1.0 1 0 0 0.0 1.0 0.0
cell 31.46264740730344 8.4297453445433 0.0 1.0 1.0 1 0 0 0.0 1.0 0.0
cell 53.80656317591187 26.67173732150887 0.0 1.140175425099138 0.8770580193070291 1 0 0 0.5392906364700634 0.8421197120455701 1.1391890544770105
cell 52.859241315346225 57.22142282765464 0.0 1.0 1.0 1 0 0 0.0 1.0 0.0
cell 23.544128342732908 46.31947191374386 0.0 1.0 1.0 1 0 0 0.0 1.0 0.0
cell 6.646393062208967 17.31614931569452 0.0 1.0 1.0 1 0 0 0.0 1.0 0.0
cell 13.663295030838372 50.89527652353361 0.0 1.0 1.0 1 0 0 0.0 1.0 0.0
cell 50.719617268965614 34.783585728178814 0.0 1.643167672515499 0.6085806194501844 1 0 0 0.7513935273113488 0.6598543529557181 1.7003428366624782
cell 6.507326266859839 50.16147925070902 0.0 1.0 1.0 1 0 0 0.0 1.0 0.0
cell 22.210300975536796 9.227996261522398 0.0 1.0 1.0 1 0 0 0.0 1.0 0.0
cell 49.2933219203078 37.75321966243119 0.0 1.5491933384829673 0.6454972243679027 1 0 0 0.9643171615665452 0.2647497155961487 2.6057039189164883
cell 18.40066421288066 34.736258902640955 0.0 1.643167672515499 0.6085806194501844 1 0 0 0.9988784967883008 -0.047347108189883566 3.236322285813596
cell 22.47129520477096 34.1385968427037 0.0 1.0488088481701516 0.9534625892455922 1 0 0 0.9447802349243023 -0.3277046043258778 3.8093386396928612
cell 6.936958876497175 23.270805089950315 0.0 1.0 1.0 1 0 0 0.0 1.0 0.0
cell 5.678214889711805 3.547883195237659 0.0 1.0 1.0 1 0 0 0.0 1.0 0.0
cell 17.21527883211584 55.69187716712841 0.0 1.0 1.0 1 0 0 0.0 1.0 0.0
cell 24.754940207648257 58.56689844820845 0.0 1.0 1.0 1 0 0 0.0 1.0 0.0
cell 33.1458667851763 15.617207774922532 0.0 1.0488088481701516 0.9534625892455922 1 0 0 0.5905514512841767 0.8069999897064142 1.2634840099946432
cell 35.104868275762165 23.040252543169075 0.0 1.643167672515499 0.6085806194501844 1 0 0 0.8833954253094569 0.46862834159099215 2.166117802212482
cell 3.716005915715002 3.1049274211319866 0.0 1.0 1.0 1 0 0 0.0 1.0 0.0
cell 16.723956175391073 33.324567978843405 0.0 1.0 1.0 1 0 0 0.0 1.0 0.0
cell 43.167447159027084 35.78241475616135 0.0 1.643167672515499 0.6085806194501844 1 0 0 0.7124352724542399 0.7017378303633438 1.5859249387554444
cell 48.245551748380386 23.362833095083314 0.0 1.4832396974191329 0.6741998624632419 1 0 0 0.7769738262751128 0.6295329008744585 1.7796888783635292
cell 40.42915395916821 52.35357648620436 0.0 1.0 1.0 1 0 0 0.0 1.0 0.0
cell 58.57112027960592 58.74100607526782 0.0 1.0 1.0 1 0 0 0.0 1.0 0.0
cell 12.756468765795734 25.573301842345604 0.0 1.0 1.0 1 0 0 0.0 1.0 0.0
cell 11.693614183804296 60.0258992701885 0.0 1.0 1.0 1 0 0 0.0 1.0 0.0
cell 8.027883404842045 14.1157971209932 0.0 1.0 1.0 1 0 0 0.0 1.0 0.0
cell 55.23224280262463 7.675490394935186 0.0 1.0 1.0 1 0 0 0.0 1.0 0.0
cell 35.0419597284436 50.6576275758552 0.0 1.6124515496597105 0.6201736729460421 1 0 0 0.996196288326472 -0.08713756437128974 3.3160890831887304
cell 54.112851969206446 37.222838040892704 0.0 1.643167672515499 0.6085806194501844 1 0 0 0.9927014007450685 0.12059821291702032 2.899807710571707
cell 18.687254481507953 1.024711081552695 0.0 1.0 1.0 1 0 0 0.0 1.0 0.0
cell 16.068024480501656 54.128773138129574 0.0 1.0 1.0 1 0 0 0.0 1.0 0.0
cell 30.194888085627273 28.756458014766345 0.0 1.643167672515499 0.6085806194501844 1 0 0 0.31074681710851637 -0.9504927225691558 5.651228012403249
cell 1.0596536156390224 15.264468667164364 0.0 1.0 1.0 1 0 0 0.0 1.0 0.0
cell 42.12287918196661 45.14497958019319 0.0 1.0 1.0 1 0 0 0.0 1.0 0.0
cell 23.184985213836995 57.12022507058184 0.0 1.0 1.0 1 0 0 0.0 1.0 0.0
cell 52.36736958428907 12.622344602657549 0.0 1.0 1.0 1 0 0 0.0 1.0 0.0
cell 31.96579897430142 6.450919899985894 0.0 1.0 1.0 1 0 0 0.0 1.0 0.0
cell 43.37512568457237 18.350064149593653 0.0 1.3784048752090226 0.7254762501100115 1 0 0 0.534840354917314 0.8449531316895167 1.1286375925242242
cell 31.23438312678794 42.32953281228375 0.0 1.643167672515499 0.6085806194501844 1 0 0 0.9334949642406033 0.3585905070375328 2.4080775632432996
cell 38.98970823417969 41.96306620587185 0.0 1.0 1.0 1 0 0 0.0 1.0 0.0
cell 36.75466440866177 1.3735071374960965 0.0 1.0 1.0 1 0 0 0.0 1.0 0.0
cell 27.00678608285324 12.134584879676538 0.0 1.2247448713915894 0.8164965809277259 1 0 0 0.6863744422149755 0.727248324215382 1.512983877803224
cell 37.94659637402716 57.01445855008683 0.0 1.0 1.0 1 0 0 0.0 1.0 0.0
cell 53.23812794907287 39.891176375339214 0.0 1.4832396974191329 0.6741998624632419 1 0 0 0.9968945339163002 -0.07874825869695458 3.299252407135798
cell 23.489707436265604 42.76518267513818 0.0 1.0 1.0 1 0 0 0.0 1.0 0.0
cell 1.6020397202273278 0.40282869017405787 0.0 1.0 1.0 1 0 0 0.0 1.0 0.0
cell 4.06325819613404 46.8536622856413 0.0 1.0 1.0 1 0 0 0.0 1.0 0.0
cell 46.161954666099284 0.6836820147709017 0.0 1.0 1.0 1 0 0 0.0 1.0 0.0
cell 43.569105695302426 15.356435888830678 0.0 1.2247448713915894 0.8164965809277259 1 0 0 0.47357199661338134 0.8807551101319909 0.9866839675669041
cell 8.183551840535365 2.818516663639775 0.0 1.0 1.0 1 0 0 0.0 1.0 0.0
cell 49.81978694337425 10.86088912875395 0.0 1.0954451150103324 0.9128709291752768 1 0 0 0.9785246920842358 -0.2061296363491957 3.5568286440477612
cell 25.519270116654354 2.8083752199050065 0.0 1.0 1.0 1 0 0 0.0 1.0 0.0
cell 18.679522085977286 8.160280394910203 0.0 1.0 1.0 1 0 0 0.0 1.0 0.0
cell 55.93231352733084 11.635326763417048 0.0 1.0 1.0 1 0 0 0.0 1.0 0.0
cell 11.22557612259187 4.42186762184745 0.0 1.0 1.0 1 0 0 0.0 1.0 0.0
cell 6.238802152424248 32.023727616830556 0.0 1.0 1.0 1 0 0 0.0 1.0 0.0
cell 26.199797824524172 19.83667970282498 0.0 1.4832396974191329 0.6741998624632419 1 0 0 0.3887250307473662 0.9213538139447078 0.7984947764736413
cell 34.77144223736116 1.9108341059371128 0.0 1.0 1.0 1 0 0 0.0 1.0 0.0
cell 5.015727725744394 41.945312498267626 0.0 1.0 1.0 1 0 0 0.0 1.0 0.0
cell 27.83191173165066 19.212990061136587 0.0 1.643167672515499 0.6085806194501844 1 0 0 0.7180111439974594 0.6960316063911607 1.6018813384890238
cell 12.837491443825378 52.739603624400736 0.0 1.0 1.0 1 0 0 0.0 1.0 0.0
cell 61.09528451895496 46.56269374443571 0.0 1.0 1.0 1 0 0 0.0 1.0 0.0
cell 30.120901396140034 46.40044079241449 0.0 1.0 1.0 1 0 0 0.0 1.0 0.0
cell 54.988548985428686 59.65097566255498 0.0 1.0 1.0 1 0 0 0.0 1.0 0.0
cell 4.479712691909974 50.324799464760645 0.0 1.0 1.0 1 0 0 0.0 1.0 0.0
cell 45.38556847522299 34.66176622150457 0.0 1.643167672515499 0.6085806194501844 1 0 0 0.24149615651072615 0.9704017757560767 0.4878146935107452
cell 2.7640948338420457 54.04596373236602 0.0 1.0 1.0 1 0 0 0.0 1.0 0.0
cell 50.784460555278656 17.886927804622033 0.0 1.0 1.0 1 0 0 0.0 1.0 0.0
cell 38.57529553152272 39.76173142547954 0.0 1.643167672515499 0.6085806194501844 1 0 0 -0.4808699229221917 -0.8767919463754246 1.003293217006596
cell 34.12065736857751 57.91679841680737 0.0 1.0 1.0 1 0 0 0.0 1.0 0.0
cell 40.79684545290728 46.891965619472515 0.0 1.0 1.0 1 0 0 0.0 1.0 0.0
cell 22.860058500674345 59.13362130731772 0.0 1.0 1.0 1 0 0 0.0 1.0 0.0
cell 9.845943255424679 36.17503295322753 0.0 1.643167672515499 0.6085806194501844 1 0 0 0.9993373371605969 -0.03639899115040723 3.214406720326663
cell 39.92349694453301 56.5238328456538 0.0 1.0 1.0 1 0 0 0.0 1.0 0.0
cell 59.79693147958351 50.00750805298256 0.0 1.0 1.0 1 0 0 0.0 1.0 0.0
cell 25.383724802685496 31.62262602361134 0.0 1.0 1.0 1 0 0 0.0 1.0 0.0
cell 58.9257734141434 37.776249462193356 0.0 1.341640786499874 0.7453559924999297 1 0 0 0.9996405238157221 -0.02681087737148257 3.19522083450472
cell 22.952420918511134 27.057117842513897 0.0 1.0 1.0 1 0 0 0.0 1.0 0.0
cell 9.328222535294222 27.833129488714185 0.0 1.0 1.0 1 0 0 0.0 1.0 0.0
cell 59.25676102017279 18.105607194328446 0.0 1.0 1.0 1 0 0 0.0 1.0 0.0
cell 56.000609285698424 29.706322785974624 0.0 1.0 1.0 1 0 0 0.0 1.0 0.0
cell 26.255317189990706 29.821927195573352 0.0 1.0954451150103324 0.9128709291752768 1 0 0 0.051785170674382305 -0.9986582478997633 6.179568619047835
cell 45.183572847194654 4.507742465508663 0.0 1.0 1.0 1 0 0 0.0 1.0 0.0
cell 51.63011715010552 44.71351097039777 0.0 1.643167672515499 0.6085806194501844 1 0 0 0.8868828414648552 0.4619943998743107 2.1811073341701355
cell 7.643387892152512 60.659556322933625 0.0 1.0 1.0 1 0 0 0.0 1.0 0.0
cell 11.879675037775867 2.8633079763028064 0.0 1.643167672515499 0.6085806194501844 1 0 0 0.9383623681197044 -0.3456531008059674 3.8474620467772764
cell 17.679590305322584 42.03156367889602 0.0 1.0 1.0 1 0 0 0.0 1.0 0.0
cell 45.564888709283515 28.168257446936355 0.0 1.5165750888103104 0.6593804733957869 1 0 0 0.6556872762172048 0.7550325793016238 1.4301850429124932
cell 21.628885137677813 30.939286508980413 0.0 1.0 1.0 1 0 0 0.0 1.0 0.0
cell 19.53373698010622 46.85814891508821 0.0 1.0 1.0 1 0 0 0.0 1.0 0.0
cell 37.17794846173546 60.61706093969588 0.0 1.0 1.0 1 0 0 0.0 1.0 0.0
cell 32.550114751500494 56.57564627329169 0.0 1.0 1.0 1 0 0 0.0 1.0 0.0
cell 32.78221261875347 27.080115810510804 0.0 1.643167672515499 0.6085806194501844 1 0 0 0.1370777370142201 0.9905602929731538 0.27502139364169487
cell 57.8859976541293 2.83021780129519 0.0 1.0 1.0 1 0 0 0.0 1.0 0.0
cell 10.465442211321653 21.014056443518022 0.0 1.0 1.0 1 0 0 0.0 1.0 0.0
cell 60.56123129515508 7.424641624541995 0.0 1.0 1.0 1 0 0 0.0 1.0 0.0
cell 7.946761548006888 55.28811431970778 0.0 1.0 1.0 1 0 0 0.0 1.0 0.0
cell 37.65947103278863 26.201930100007353 0.0 1.643167672515499 0.6085806194501844 1 0 0 0.6692643337608349 0.7430243949936407 1.4664364967760228
cell 2.2100021588865433 11.969282576343291 0.0 1.0 1.0 1 0 0 0.0 1.0 0.0
cell 3.2616668168206284 23.741265851398676 0.0 1.0 1.0 1 0 0 0.0 1.0 0.0
cell 56.752527636111495 32.81163628174949 0.0 1.0 1.0 1 0 0 0.0 1.0 0.0
cell 19.594229592550956 25.942928417585907 0.0 1.0 1.0 1 0 0 0.0 1.0 0.0
cell 57.994191096061215 56.85299412398176 0.0 1.0 1.0 1 0 0 0.0 1.0 0.0
cell 52.49291530294453 36.10010819404178 0.0 1.643167672515499 0.6085806194501844 1 0 0 0.09047532690384308 -0.9958986972687748 6.101986869025208
cell 11.19816387033319 56.57125002458631 0.0 1.0 1.0 1 0 0 0.0 1.0 0.0
cell 40.19323186156124 31.989290305206712 0.0 1.643167672515499 0.6085806194501844 1 0 0 0.5876660281050352 0.8091036023966597 1.2563423388115096
cell 4.1095279737369985 29.651325172121478 0.0 1.0 1.0 1 0 0 0.0 1.0 0.0
cell 46.75386307002864 51.93922332020474 0.0 1.0 1.0 1 0 0 0.0 1.0 0.0
cell 3.2204689587729245 8.570654988651611 0.0 1.0 1.0 1 0 0 0.0 1.0 0.0
cell 10.051200120941022 33.45111924179941 0.0 1.0 1.0 1 0 0 0.0 1.0 0.0
cell 15.128666283409839 7.459491008469014 0.0 1.643167672515499 0.6085806194501844 1 0 0 0.8661360587265227 -0.4998082910213532 4.188347500149408
cell 28.48569049112267 15.413571617105063 0.0 1.1832159566199234 0.8451542547285166 1 0 0 0.5260551235220146 0.8504504729943055 1.1079106039969067
cell 44.18616595649505 8.493351514214092 0.0 1.0 1.0 1 0 0 0.0 1.0 0.0
cell 46.81880477638358 45.39611285931368 0.0 1.643167672515499 0.6085806194501844 1 0 0 0.6578348555232303 0.753162202223884 1.4358808002002184
cell 60.50285587451148 22.366733170937255 0.0 1.0 1.0 1 0 0 0.0 1.0 0.0
cell 11.811186769061251 35.11739920564221 0.0 1.58113883008419 0.6324555320336757 1 0 0 0.995048768101834 0.09938787199161973 2.9424881968998045
cell 8.308657086260917 16.12895158567582 0.0 1.0 1.0 1 0 0 0.0 1.0 0.0
cell 54.46698003523958 3.713444675719881 0.0 1.0 1.0 1 0 0 0.0 1.0 0.0
cell 23.54397592074575 24.71678390454325 0.0 1.0 1.0 1 0 0 0.0 1.0 0.0
cell 49.620537332850574 21.94471589449367 0.0 1.30384048104053 0.7669649888473703 1 0 0 0.7562205774226679 -0.6543167721238137 4.568150233528026
cell 58.267634340970446 4.81251930192655 0.0 1.0 1.0 1 0 0 0.0 1.0 0.0
cell 39.526562772565214 46.18865806211296 0.0 1.643167672515499 0.6085806194501844 1 0 0 0.9686801157472846 0.24831196780628026 2.639718144955529
cell 43.05889766085524 32.66617895342286 0.0 1.643167672515499 0.6085806194501844 1 0 0 0.5173458560803781 0.85577641075018 1.0874931744368725
cell 54.081723142988594 50.492847450409016 0.0 1.0 1.0 1 0 0 0.0 1.0 0.0
cell 16.449773240586886 45.547816119722974 0.0 1.0 1.0 1 0 0 0.0 1.0 0.0
cell 11.598586472305351 51.04853633748195 0.0 1.0 1.0 1 0 0 0.0 1.0 0.0
cell 43.43133892094945 42.17191613167223 0.0 1.643167672515499 0.6085806194501844 1 0 0 0.8956611084924492 0.44473720187778 2.2198309995875216
cell 47.54821815558023 43.948472246251015 0.0 1.643167672515499 0.6085806194501844 1 0 0 0.5942936395459629 0.8042481395659011 1.2727741533689076
cell 11.287771900629554 47.494331585594914 0.0 1.0 1.0 1 0 0 0.0 1.0 0.0
cell 52.20036130410951 41.81953483693286 0.0 1.643167672515499 0.6085806194501844 1 0 0 0.9904111684122524 0.13815106761902737 2.8644039788525406
cell 36.850154427958536 47.9136733391259 0.0 1.0 1.0 1 0 0 0.0 1.0 0.0
cell 28.741971399989485 23.150317442929698 0.0 1.643167672515499 0.6085806194501844 1 0 0 -0.15854781358166112 -0.9873513006060582 0.31843937739476313
cell 55.98498324645684 56.37061422140283 0.0 1.0 1.0 1 0 0 0.0 1.0 0.0
cell 37.78426837373466 4.731892806019786 0.0 1.0 1.0 1 0 0 0.0 1.0 0.0
cell 27.31582241610062 38.290755021320905 0.0 1.4142135623730954 0.7071067811865474 1 0 0 0.7957656997347632 -0.605604616169364 4.442643532895038
cell 44.310902343805566 28.13179082356898 0.0 1.643167672515499 0.6085806194501844 1 0 0 0.6029654411251671 0.7977673074328959 1.2944261715161787
cell 28.452375118350602 28.663422397175083 0.0 1.643167672515499 0.6085806194501844 1 0 0 0.4768478499050813 -0.8789858520140703 5.289055131157814
cell 45.11908480352978 42.41759393551925 0.0 1.0 1.0 1 0 0 0.0 1.0 0.0
cell 28.0400467027158 52.16178501477388 0.0 1.0 1.0 1 0 0 0.0 1.0 0.0
cell 41.25724399533367 5.561698049255769 0.0 1.0 1.0 1 0 0 0.0 1.0 0.0
cell 12.24546489878127 6.2289375445104875 0.0 1.0 1.0 1 0 0 0.0 1.0 0.0
cell 31.430459636597885 47.966619126564474 0.0 1.0 1.0 1 0 0 0.0 1.0 0.0
cell 45.50676561013374 46.29203095387897 0.0 1.0 1.0 1 0 0 0.0 1.0 0.0
cell 53.72575462087469 28.53242812547292 0.0 1.5491933384829673 0.6454972243679027 1 0 0 0.1707851919274279 0.9853082858772231 0.3432530278693693
cell 46.103276598066785 7.903681751851467 0.0 1.0 1.0 1 0 0 0.0 1.0 0.0
cell 57.92917883733788 34.66752089144523 0.0 1.0488088481701516 0.9534625892455922 1 0 0 0.9521521447389698 -0.3056244317278643 3.7627809959615535
cell 33.23681624644739 0.5115506587845716 0.0 1.0 1.0 1 0 0 0.0 1.0 0.0
cell 40.0379521982141 43.42308031611101 0.0 1.643167672515499 0.6085806194501844 1 0 0 0.9330968913812656 0.35962507044784664 2.4058605530248953
cell 0.5804988956744157 49.9451890875375 0.0 1.0 1.0 1 0 0 0.0 1.0 0.0
cell 34.40371708932987 47.375396042407424 0.0 1.643167672515499 0.6085806194501844 1 0 0 0.8224789880386021 0.5687954942112298 1.9315113931969141
cell 8.587918226875415 44.008387919666895 0.0 1.0 1.0 1 0 0 0.0 1.0 0.0
cell 53.56302171516943 61.07486055664962 0.0 1.0 1.0 1 0 0 0.0 1.0 0.0
cell 32.26012801866206 51.37823307927548 0.0 1.0 1.0 1 0 0 0.0 1.0 0.0
cell 7.344341521242706 4.312381368607314 0.0 1.0 1.0 1 0 0 0.0 1.0 0.0
cell 20.790880919416477 13.877508504556882 0.0 1.643167672515499 0.6085806194501844 1 0 0 0.8141778626768585 -0.580615542271254 4.380561686167415
cell 49.247574445321504 6.902905234515584 0.0 1.0 1.0 1 0 0 0.0 1.0 0.0
cell 22.075162326289473 1.9536539902677186 0.0 1.0 1.0 1 0 0 0.0 1.0 0.0
cell 14.927740557353362 34.78852364179338 0.0 1.6124515496597105 0.6201736729460421 1 0 0 0.9976383654557728 0.06868545530702957 3.004113500754777
cell 23.751335451315327 30.35931921362073 0.0 1.0 1.0 1 0 0 0.0 1.0 0.0
cell 14.703125904339814 1.7300432442695406 0.0 1.0 1.0 1 0 0 0.0 1.0 0.0
cell 37.81294405311229 33.77793819048864 0.0 1.643167672515499 0.6085806194501844 1 0 0 0.5729562996788199 0.8195859190215229 1.220216783160118
cell 0.798410757546206 34.53374154850679 0.0 1.0 1.0 1 0 0 0.0 1.0 0.0
cell 5.799857858334392 40.357877088687395 0.0 1.0 1.0 1 0 0 0.0 1.0 0.0
cell 3.9356734446816755 55.78325662083815 0.0 1.0 1.0 1 0 0 0.0 1.0 0.0
cell 30.148849632292066 58.91571179561919 0.0 1.0 1.0 1 0 0 0.0 1.0 0.0
cell 2.7326947324133033 32.99038505313483 0.0 1.0 1.0 1 0 0 0.0 1.0 0.0
cell 59.53325800415406 27.707960988669363 0.0 1.0 1.0 1 0 0 0.0 1.0 0.0
cell 58.95686972789179 60.621470756953315 0.0 1.0 1.0 1 0 0 0.0 1.0 0.0
cell 49.79779583024789 60.39997821654072 0.0 1.0 1.0 1 0 0 0.0 1.0 0.0
cell 20.97873636780307 51.996597605104014 0.0 1.0 1.0 1 0 0 0.0 1.0 0.0
cell 60.257694252696666 14.71062117082343 0.0 1.0 1.0 1 0 0 0.0 1.0 0.0
cell 12.81088840661873 1.9602698944042123 0.0 1.0 1.0 1 0 0 0.0 1.0 0.0
cell 29.749920185987097 60.81516199070582 0.0 1.0 1.0 1 0 0 0.0 1.0 0.0
cell 51.60191457465294 19.426064214883077 0.0 1.5491933384829673 0.6454972243679027 1 0 0 0.9969245540400424 0.0783672989968559 2.9846971814126726
cell 23.890039588805404 22.70832960874743 0.0 1.0 1.0 1 0 0 0.0 1.0 0.0
cell 50.45068312697743 39.22472827473374 0.0 1.4142135623730954 0.7071067811865474 1 0 0 0.989014289788113 -0.14781993977442442 3.4383199176003454
cell 26.597881915026736 47.468463246609325 0.0 1.0 1.0 1 0 0 0.0 1.0 0.0
cell 32.06389060813936 13.808022778852242 0.0 1.0 1.0 1 0 0 0.0 1.0 0.0
cell 18.195598775046996 2.869332306513518 0.0 1.0 1.0 1 0 0 0.0 1.0 0.0
cell 8.124663995039048 8.252624497392913 0.0 1.0 1.0 1 0 0 0.0 1.0 0.0
cell 15.240073621312202 43.961207104858595 0.0 1.0 1.0 1 0 0 0.0 1.0 0.0
cell 57.21966479312044 51.737147737446975 0.0 1.0 1.0 1 0 0 0.0 1.0 0.0
cell 34.015000520217626 21.56859875089871 0.0 1.4832396974191329 0.6741998624632419 1 0 0 0.6684013972389645 0.743800761070463 1.4641149422301982
cell 59.85464065264915 12.77172245066044 0.0 1.0 1.0 1 0 0 0.0 1.0 0.0
cell 22.856954498079833 15.668049332388025 0.0 1.643167672515499 0.6085806194501844 1 0 0 0.9192404880439842 -0.3936964886059537 3.950891431278943
cell 6.619607600730604 9.609933022931425 0.0 1.0 1.0 1 0 0 0.0 1.0 0.0
cell 56.38161748309743 4.274557818381416 0.0 1.0 1.0 1 0 0 0.0 1.0 0.0
cell 53.99758555274802 1.7313460210966123 0.0 1.0 1.0 1 0 0 0.0 1.0 0.0
cell 45.20953537733708 11.930995191046994 0.0 1.0488088481701516 0.9534625892455922 1 0 0 0.8457660257645363 0.5335539613408016 2.015998483913436
cell 47.8824223050606 8.47207918158648 0.0 1.0 1.0 1 0 0 0.0 1.0 0.0
cell 38.4043873559061 16.081976676192877 0.0 1.643167672515499 0.6085806194501844 1 0 0 0.9352763943547285 -0.35391816308691815 3.8651068753048636
cell 45.210430527525986 21.693141296676085 0.0 1.4832396974191329 0.6741998624632419 1 0 0 0.7427925778864096 0.6695216099849669 1.6744635379347115
cell 16.447317811106267 40.44809553957222 0.0 1.0 1.0 1 0 0 0.0 1.0 0.0
cell 2.863740982044444 41.67161497375958 0.0 1.0 1.0 1 0 0 0.0 1.0 0.0
cell 22.205895351986197 41.19676198780991 0.0 1.0 1.0 1 0 0 0.0 1.0 0.0
cell 11.523490402233952 7.964929672335678 0.0 1.0 1.0 1 0 0 0.0 1.0 0.0
cell 47.88705397727118 47.251641345437385 0.0 1.643167672515499 0.6085806194501844 1 0 0 0.6946812184921133 0.7193177355482853 1.5359532677368204
cell 12.005103404747667 17.84510973140318 0.0 1.0 1.0 1 0 0 0.0 1.0 0.0
cell 22.019815227286855 23.467067976701646 0.0 1.0 1.0 1 0 0 0.0 1.0 0.0
cell 23.10819830387445 32.30903441256341 0.0 1.0 1.0 1 0 0 0.0 1.0 0.0
cell 30.495917223502378 51.82890947603728 0.0 1.0 1.0 1 0 0 0.0 1.0 0.0
cell 48.8110977331589 28.595030815769878 0.0 1.643167672515499 0.6085806194501844 1 0 0 0.9330975003554857 -0.35962349037617736 3.877321367429972
cell 2.052365610926964 2.3667045875902533 0.0 1.0 1.0 1 0 0 0.0 1.0 0.0
cell 11.5965147873707 13.885352487510167 0.0 1.0 1.0 1 0 0 0.0 1.0 0.0
cell 53.247933293729254 54.453771884915426 0.0 1.0 1.0 1 0 0 0.0 1.0 0.0
cell 39.516025905869235 58.290415637229636 0.0 1.0 1.0 1 0 0 0.0 1.0 0.0
cell 39.88432602918565 15.212718058995703 0.0 1.0 1.0 1 0 0 0.0 1.0 0.0
cell 1.922473257436611 43.312751945557075 0.0 1.0 1.0 1 0 0 0.0 1.0 0.0
cell 57.022268673337834 22.943554169914115 0.0 1.0 1.0 1 0 0 0.0 1.0 0.0
cell 13.321315379483188 38.97844601891652 0.0 1.0 1.0 1 0 0 0.0 1.0 0.0
cell 51.69483858072443 60.76503672131756 0.0 1.0 1.0 1 0 0 0.0 1.0 0.0
cell 22.34428757471213 28.977566137624006 0.0 1.0 1.0 1 0 0 0.0 1.0 0.0
cell 9.588945018665331 7.377812531464705 0.0 1.0 1.0 1 0 0 0.0 1.0 0.0
cell 43.43809675729032 57.32084182383881 0.0 1.0 1.0 1 0 0 0.0 1.0 0.0
cell 14.151253690101791 37.31481085765181 0.0 1.0 1.0 1 0 0 0.0 1.0 0.0
cell 61.09336747731368 36.095931538891676 0.0 1.6124515496597105 0.6201736729460421 1 0 0 0.9918137874502637 -0.12769264279340095 3.3976771085428226
cell 6.426291669971943 7.593163731415501 0.0 1.0 1.0 1 0 0 0.0 1.0 0.0
cell 9.262171234510932 42.087608646498786 0.0 1.0 1.0 1 0 0 0.0 1.0 0.0
cell 51.26747604799892 37.650789419102146 0.0 1.643167672515499 0.6085806194501844 1 0 0 0.9771704570804305 0.2124568139863312 2.7134156777953695
cell 36.4493578240488 32.95239155366164 0.0 1.643167672515499 0.6085806194501844 1 0 0 0.5978964980623016 0.801573313930071 1.2817486317285085
cell 43.732837095261694 53.52216158065575 0.0 1.0 1.0 1 0 0 0.0 1.0 0.0
cell 26.146158650289287 8.280069242584704 0.0 1.0488088481701516 0.9534625892455922 1 0 0 0.42397858068122984 0.905672216159649 0.8756675701412947
cell 60.85227357489487 0.0035578336989741804 0.0 1.0 1.0 1 0 0 0.0 1.0 0.0
cell 38.837276165372046 8.1153809633686 0.0 1.0 1.0 1 0 0 0.0 1.0 0.0
cell 3.7354843703497864 40.1566112714425 0.0 1.0 1.0 1 0 0 0.0 1.0 0.0
cell 9.224404146580047 4.6107555182748845 0.0 1.0 1.0 1 0 0 0.0 1.0 0.0
cell 17.50338149584606 47.106760084911485 0.0 1.0 1.0 1 0 0 0.0 1.0 0.0
cell 37.044468179438134 41.50118394846927 0.0 1.643167672515499 0.6085806194501844 1 0 0 0.9292660996419659 0.36941103943467624 2.3848423541681885
cell 0.8074778249789863 41.54202110805623 0.0 1.0 1.0 1 0 0 0.0 1.0 0.0
cell 31.688530594642884 60.295965514003925 0.0 1.0 1.0 1 0 0 0.0 1.0 0.0
cell 3.647936901689884 52.18696079422014 0.0 1.0 1.0 1 0 0 0.0 1.0 0.0
cell 15.434615260086085 47.32446778855656 0.0 1.0 1.0 1 0 0 0.0 1.0 0.0
cell 1.7140747878420883 39.931488327910564 0.0 1.0 1.0 1 0 0 0.0 1.0 0.0
cell 10.808060504349866 53.10859769904995 0.0 1.0 1.0 1 0 0 0.0 1.0 0.0
cell 24.417324179849825 38.04481600718253 0.0 1.1832159566199234 0.8451542547285166 1 0 0 0.7813679924402097 -0.6240705572208614 4.489475573527685
cell 27.570313912890565 9.819892537448622 0.0 1.0954451150103324 0.9128709291752768 1 0 0 0.7512316915032589 0.6600385940845828 1.6998523853493113
cell 7.63677715401849 51.809082685329805 0.0 1.0 1.0 1 0 0 0.0 1.0 0.0
cell 60.16647343706694 31.734653642038875 0.0 1.0 1.0 1 0 0 0.0 1.0 0.0
cell 37.27089689214066 42.8229475440699 0.0 1.0 1.0 1 0 0 0.0 1.0 0.0
cell 26.20202607239332 52.74577044122943 0.0 1.0 1.0 1 0 0 0.0 1.0 0.0
cell 28.947473078820053 11.205380232797783 0.0 1.0954451150103324 0.9128709291752768 1 0 0 0.8787651096858123 0.4772545253833454 2.1465370325422595
cell 14.39119777871399 5.10944195184011 0.0 1.643167672515499 0.6085806194501844 1 0 0 0.9232674484465421 -0.38415780434479235 3.930183571395617
cell 28.737649590587317 13.349502994942062 0.0 1.0954451150103324 0.9128709291752768 1 0 0 0.3024061508908462 0.9531791646397768 0.6144319787712446
cell 55.623423605814715 26.047244231151513 0.0 1.0 1.0 1 0 0 0.0 1.0 0.0
cell 27.34513190321647 26.393761569366287 0.0 1.643167672515499 0.6085806194501844 1 0 0 0.8082177534522489 -0.5888837431994535 4.400946675539997
cell 29.339952985973845 1.6357204409575494 0.0 1.0 1.0 1 0 0 0.0 1.0 0.0
cell 20.95336087242746 27.449061337664286 0.0 1.0 1.0 1 0 0 0.0 1.0 0.0
cell 11.198225189863178 28.542267079308086 0.0 1.0 1.0 1 0 0 0.0 1.0 0.0
cell 55.57687392197564 39.10339702390515 0.0 1.5491933384829673 0.6454972243679027 1 0 0 0.999875562471681 -0.015775283577155658 3.1731445295007794
cell 38.84386633584186 47.540663624576815 0.0 1.0 1.0 1 0 0 0.0 1.0 0.0
cell 58.31920358170884 53.48505964438608 0.0 1.0 1.0 1 0 0 0.0 1.0 0.0
cell 13.188689644076991 56.2705560216752 0.0 1.0 1.0 1 0 0 0.0 1.0 0.0
cell 11.51456846978995 12.044327806363965 0.0 1.0 1.0 1 0 0 0.0 1.0 0.0
cell 41.75211869836851 53.07378280352857 0.0 1.0 1.0 1 0 0 0.0 1.0 0.0
cell 30.064640365350993 25.320241433619433 0.0 1.5165750888103104 0.6593804733957869 1 0 0 0.427050512053309 0.9042277700640512 0.8824567373783537
cell 9.55891728993622 34.957762863661195 0.0 1.6124515496597105 0.6201736729460421 1 0 0 0.9910872031927656 0.13321469764084543 2.874368881850945
cell 42.61938600844911 30.008691182150095 0.0 1.643167672515499 0.6085806194501844 1 0 0 0.5643598119469783 0.8255289229694931 1.1993151189844855
cell 9.189711374739236 56.86572403875919 0.0 1.0 1.0 1 0 0 0.0 1.0 0.0
cell 9.8896081250693 9.196289833176502 0.0 1.0 1.0 1 0 0 0.0 1.0 0.0
cell 13.29940342816979 47.34705445690096 0.0 1.0 1.0 1 0 0 0.0 1.0 0.0
cell 50.56476908882553 50.78449905199702 0.0 1.58113883008419 0.6324555320336757 1 0 0 0.7839599025991251 0.6208114618116924 1.8020379330283456
cell 51.46449353220729 16.077427037252015 0.0 1.0 1.0 1 0 0 0.0 1.0 0.0
cell 33.18058878853553 23.09544742631663 0.0 1.5491933384829673 0.6454972243679027 1 0 0 0.5824425255294171 0.812871886864661 1.2434605547104158
cell 5.541639516123795 37.20326453684572 0.0 1.0 1.0 1 0 0 0.0 1.0 0.0
cell 57.261312184775974 55.085632419313264 0.0 1.0 1.0 1 0 0 0.0 1.0 0.0
cell 6.403505301631517 15.300103692785711 0.0 1.0 1.0 1 0 0 0.0 1.0 0.0
cell 20.069540325367853 24.11268966544858 0.0 1.0 1.0 1 0 0 0.0 1.0 0.0
cell 5.057593710529714 18.568439382345105 0.0 1.0 1.0 1 0 0 0.0 1.0 0.0
cell 57.39322210968314 24.9607516822696 0.0 1.0 1.0 1 0 0 0.0 1.0 0.0
cell 8.476765207444588 18.161423298575595 0.0 1.0 1.0 1 0 0 0.0 1.0 0.0
cell 46.260624534989546 31.268385593850443 0.0 1.643167672515499 0.6085806194501844 1 0 0 0.5889970163112089 0.8081352082272455 1.2596343397131067
cell 39.366229269183265 38.821373368576694 0.0 1.5491933384829673 0.6454972243679027 1 0 0 0.4357030018223274 0.9000904922300941 0.9016383277351774
cell 42.72914020515133 7.052056216500369 0.0 1.0 1.0 1 0 0 0.0 1.0 0.0
cell 24.83424281440692 26.65715920208809 0.0 1.643167672515499 0.6085806194501844 1 0 0 0.9429113371999062 -0.3330438562410134 3.8206524321698883
cell 27.804126064697826 48.98096237596152 0.0 1.0 1.0 1 0 0 0.0 1.0 0.0
cell 12.571871180335224 33.62516855108643 0.0 1.0 1.0 1 0 0 0.0 1.0 0.0
cell 33.04923061508213 47.316268648735374 0.0 1.0 1.0 1 0 0 0.0 1.0 0.0
cell 53.6769359636795 9.20652909989694 0.0 1.0 1.0 1 0 0 0.0 1.0 0.0
cell 36.23416314635793 38.121775647228375 0.0 1.643167672515499 0.6085806194501844 1 0 0 0.376349020192085 0.9264779625012446 0.7717048366855843
cell 13.175057335898103 44.095668601946755 0.0 1.0 1.0 1 0 0 0.0 1.0 0.0
cell 46.097682024878516 15.704464688645217 0.0 1.4491376746189442 0.690065559342354 1 0 0 0.8280531996731337 0.5606495326949674 1.951252651050222
cell 42.435048313151704 46.97979284057675 0.0 1.0 1.0 1 0 0 0.0 1.0 0.0
cell 28.482155652546393 5.641173610012054 0.0 1.0 1.0 1 0 0 0.0 1.0 0.0
cell 32.27865202269805 32.09180130175259 0.0 1.0 1.0 1 0 0 0.0 1.0 0.0
cell 40.28514583604952 54.52105842959081 0.0 1.0 1.0 1 0 0 0.0 1.0 0.0
cell 20.669270050653743 48.444726146370016 0.0 1.0 1.0 1 0 0 0.0 1.0 0.0
cell 8.197004469318852 32.59138963023491 0.0 1.0 1.0 1 0 0 0.0 1.0 0.0
cell 46.049074251618656 25.677785220987158 0.0 1.643167672515499 0.6085806194501844 1 0 0 0.6337132276854099 0.7735680610369974 1.3726879190582115
cell 20.277155507085318 53.848676436835305 0.0 1.0 1.0 1 0 0 0.0 1.0 0.0
cell 7.90890324536708 30.848340409730195 0.0 1.0 1.0 1 0 0 0.0 1.0 0.0
cell 14.702803360053066 9.555614333035123 0.0 1.0 1.0 1 0 0 0.0 1.0 0.0
cell 38.44563527792107 53.644732580961765 0.0 1.0 1.0 1 0 0 0.0 1.0 0.0
cell 12.068859841572792 37.32227926769339 0.0 1.0 1.0 1 0 0 0.0 1.0 0.0
cell 31.92538429881619 53.119309384676605 0.0 1.643167672515499 0.6085806194501844 1 0 0 0.9986550066183227 0.051847639832086706 3.037850859078173
cell 49.33841775207813 41.49384049357856 0.0 1.6124515496597105 0.6201736729460421 1 0 0 0.9189868170689037 -0.39428825756490044 3.9521791260854737
cell 50.508653854954616 24.298730718497954 0.0 1.643167672515499 0.6085806194501844 1 0 0 0.6752583617503307 -0.7375812801896883 4.800555450228232
cell 3.8735574069958245 27.725474128476826 0.0 1.0 1.0 1 0 0 0.0 1.0 0.0
cell 24.010526087257663 1.3871641156149577 0.0 1.0 1.0 1 0 0 0.0 1.0 0.0
cell 2.7887401263079044 6.566110632866987 0.0 1.0 1.0 1 0 0 0.0 1.0 0.0
cell 42.445116311224616 51.06554033541115 0.0 1.4142135623730954 0.7071067811865474 1 0 0 0.9039976473238797 0.42753742951102014 2.2580587995173373
cell 12.414978347084622 58.14948259321297 0.0 1.0 1.0 1 0 0 0.0 1.0 0.0
cell 36.37999122889008 10.661324365422077 0.0 1.0 1.0 1 0 0 0.0 1.0 0.0
cell 18.320286415946473 22.288912321892685 0.0 1.0488088481701516 0.9534625892455922 1 0 0 0.03548878266012057 -0.9993700747497409 6.212192834582891
cell 57.46453744564847 0.8861629051819001 0.0 1.0 1.0 1 0 0 0.0 1.0 0.0
cell 50.69775146916722 53.25137634816371 0.0 1.3784048752090226 0.7254762501100115 1 0 0 0.7588702919044906 0.6512417984625934 1.7231533179137666
cell 16.169384321968366 37.09774753943693 0.0 1.0 1.0 1 0 0 0.0 1.0 0.0
cell 44.98741330374208 39.65588713720039 0.0 1.0 1.0 1 0 0 0.0 1.0 0.0
cell 6.0936889472356 35.42850811762155 0.0 1.643167672515499 0.6085806194501844 1 0 0 0.9247984993339403 -0.380457271752942 3.922174057123668
cell 40.362298649116944 41.2105588402809 0.0 1.643167672515499 0.6085806194501844 1 0 0 0.5041089170258688 0.8636400869430539 1.0566997568396783
cell 15.20563048378031 11.486616814232661 0.0 1.0 1.0 1 0 0 0.0 1.0 0.0
cell 1.9675138726882158 27.025696004853486 0.0 1.0 1.0 1 0 0 0.0 1.0 0.0
cell 58.71924499367355 16.141145933322623 0.0 1.0 1.0 1 0 0 0.0 1.0 0.0
cell 16.882406087067327 28.03336867739168 0.0 1.0 1.0 1 0 0 0.0 1.0 0.0
cell 55.23438984203147 17.182616521705803 0.0 1.0954451150103324 0.9128709291752768 1 0 0 0.2356711005803274 -0.9718328726438806 5.807367183640462
cell 16.729411841796114 1.4428888280874337 0.0 1.0 1.0 1 0 0 0.0 1.0 0.0
cell 16.64285578572133 10.26325856591458 0.0 1.6124515496597105 0.6201736729460421 1 0 0 -0.9099894304018142 0.4146314466571268 3.996668168005443
cell 50.980458983645235 59.010724268973995 0.0 1.0 1.0 1 0 0 0.0 1.0 0.0
cell 18.523390009016477 45.30693128902964 0.0 1.0 1.0 1 0 0 0.0 1.0 0.0
cell 54.57712036174689 20.191400133919686 0.0 1.0 1.0 1 0 0 0.0 1.0 0.0
cell 23.829934035357144 49.76478083209169 0.0 1.0 1.0 1 0 0 0.0 1.0 0.0
cell 19.284903742666526 6.296037157517803 0.0 1.0 1.0 1 0 0 0.0 1.0 0.0
cell 32.82238106890605 49.36901369873295 0.0 1.0 1.0 1 0 0 0.0 1.0 0.0
cell 12.260263332659859 40.69841006490338 0.0 1.0 1.0 1 0 0 0.0 1.0 0.0
cell 49.84213136279641 8.876555281376996 0.0 1.0 1.0 1 0 0 0.0 1.0 0.0
cell 22.670510138416713 48.22162484860414 0.0 1.0 1.0 1 0 0 0.0 1.0 0.0
cell 2.9081407491843714 57.81420078721074 0.0 1.0954451150103324 0.9128709291752768 1 0 0 0.8858797511869981 0.46391493448353466 2.17677390821489
cell 49.86898451920235 30.879591650111696 0.0 1.6124515496597105 0.6201736729460421 1 0 0 0.9883486469735995 -0.15220693816464256 3.4471943454774676
cell 0.9213204886976257 21.059858671299985 0.0 1.0 1.0 1 0 0 0.0 1.0 0.0
cell 27.32365507895908 45.37801239118294 0.0 1.0 1.0 1 0 0 0.0 1.0 0.0
cell 47.51146856649346 33.67330541148676 0.0 1.643167672515499 0.6085806194501844 1 0 0 0.7251111152858646 0.6886318831486744 1.6223914743269905
cell 36.131269891557274 49.48493937083194 0.0 1.0 1.0 1 0 0 0.0 1.0 0.0
cell 59.28253331427726 25.71134969939056 0.0 1.0 1.0 1 0 0 0.0 1.0 0.0
cell 1.6922752568671906 52.331078868322415 0.0 1.0 1.0 1 0 0 0.0 1.0 0.0
cell 55.30425651610411 51.95494362813874 0.0 1.0 1.0 1 0 0 0.0 1.0 0.0
cell 54.75654194446499 15.282083203029527 0.0 1.0488088481701516 0.9534625892455922 1 0 0 0.9403553187900319 0.34019387769814063 2.447346524036625
cell 28.015355361908526 7.640448797282369 0.0 1.0 1.0 1 0 0 0.0 1.0 0.0
cell 13.280766608535812 11.006590485576845 0.0 1.0 1.0 1 0 0 0.0 1.0 0.0
cell 59.315663841666336 40.81569420741881 0.0 1.643167672515499 0.6085806194501844 1 0 0 0.6412675648178465 0.7673173465474301 1.3922981420434963
cell 57.156457097327184 8.211446815933476 0.0 1.0 1.0 1 0 0 0.0 1.0 0.0
cell 27.066095086668703 56.10751934366063 0.0 1.0 1.0 1 0 0 0.0 1.0 0.0
cell 33.65734211054263 59.783185692852044 0.0 1.0 1.0 1 0 0 0.0 1.0 0.0
cell 30.61747001403088 15.00978449941239 0.0 1.264911064067352 0.7905694150420947 1 0 0 0.43479674964441994 0.9005286150359951 0.8996251266140094
cell 32.89495615719514 37.40799765129587 0.0 1.643167672515499 0.6085806194501844 1 0 0 0.870356885566315 -0.49242145743997023 4.171332080535996
cell 29.98274082332634 33.47892544688666 0.0 1.4491376746189442 0.690065559342354 1 0 0 0.6786909827766675 -0.7344239578728632 4.791227725800386
cell 40.716830076424046 17.965008220980778 0.0 1.4491376746189442 0.690065559342354 1 0 0 0.9641209328747287 0.26546341893519537 2.60422354304439
cell 13.391215369718362 12.799082980104034 0.0 1.0 1.0 1 0 0 0.0 1.0 0.0
cell 51.34294032217765 4.2831682807104725 0.0 1.643167672515499 0.6085806194501844 1 0 0 0.5537602588951756 0.8326761529360308 1.1737467285764325
cell 32.85374312452445 54.59057783086381 0.0 1.0 1.0 1 0 0 0.0 1.0 0.0
cell 3.546689624386216 0.08399695906301893 0.0 1.0 1.0 1 0 0 0.0 1.0 0.0
cell 7.153099645556389 25.18155409383897 0.0 1.0 1.0 1 0 0 0.0 1.0 0.0
cell 8.807120176319415 53.42904195951158 0.0 1.0 1.0 1 0 0 0.0 1.0 0.0
cell 57.87095060194588 28.988843703586184 0.0 1.0 1.0 1 0 0 0.0 1.0 0.0
cell 15.403940632497147 42.21591539664483 0.0 1.0 1.0 1 0 0 0.0 1.0 0.0
cell 5.040507141528887 57.47618326013164 0.0 1.0 1.0 1 0 0 0.0 1.0 0.0
cell 59.368934916898404 1.4636316180616877 0.0 1.0 1.0 1 0 0 0.0 1.0 0.0
cell 34.14027055271271 29.495820263969353 0.0 1.643167672515499 0.6085806194501844 1 0 0 -0.00852745328691933 0.999963640609217 6.266130193900737
cell 10.01594537166931 37.53624441128765 0.0 1.0 1.0 1 0 0 0.0 1.0 0.0
cell 3.5778823703870675 25.727378469433198 0.0 1.0 1.0 1 0 0 0.0 1.0 0.0
cell 42.256639952975185 9.0445564344599 0.0 1.0 1.0 1 0 0 0.0 1.0 0.0
cell 54.75642368800823 22.2718375561666 0.0 1.0488088481701516 0.9534625892455922 1 0 0 0.9419435562288876 0.3357712567788918 2.456744846140599
cell 25.691800752429963 10.311573968698276 0.0 1.0488088481701516 0.9534625892455922 1 0 0 0.62075425192189 0.7840052032486103 1.3394087737171878
cell 17.400381419817208 6.496215163391674 0.0 1.0 1.0 1 0 0 0.0 1.0 0.0
cell 46.83562309379951 57.92417560103654 0.0 1.0 1.0 1 0 0 0.0 1.0 0.0
cell 55.08876889847319 41.76730309832495 0.0 1.6124515496597105 0.6201736729460421 1 0 0 0.7979274891763662 -0.6027534504394809 4.435487418511454
cell 56.774191726488226 6.237447885151865 0.0 1.0 1.0 1 0 0 0.0 1.0 0.0
cell 49.3795542552955 3.228356577733761 0.0 1.0 1.0 1 0 0 0.0 1.0 0.0
cell 46.893901600336676 28.45115056219661 0.0 1.643167672515499 0.6085806194501844 1 0 0 0.7461468101269138 0.6657814489285739 1.6845113698875172
cell 0.044306495771388 26.38245463770605 0.0 1.0 1.0 1 0 0 0.0 1.0 0.0
cell 16.19554069458885 3.1834674826602845 0.0 1.0 1.0 1 0 0 0.0 1.0 0.0
cell 13.849656791657706 18.685196474701108 0.0 1.0 1.0 1 0 0 0.0 1.0 0.0
cell 24.283564291303307 53.18983690710426 0.0 1.0 1.0 1 0 0 0.0 1.0 0.0
cell 54.36130075376912 13.256365790488159 0.0 1.0 1.0 1 0 0 0.0 1.0 0.0
cell 25.147913166889744 56.605200054372766 0.0 1.0 1.0 1 0 0 0.0 1.0 0.0
cell 14.227942509823112 3.4298228703519733 0.0 1.0 1.0 1 0 0 0.0 1.0 0.0
cell 27.089829329492296 16.59107291797876 0.0 1.30384048104053 0.7669649888473703 1 0 0 0.18948469103921076 0.981883675320949 0.38127460643390726
cell 42.88695839264121 27.686217184020848 0.0 1.643167672515499 0.6085806194501844 1 0 0 0.6130033612971122 0.7900802991079084 1.3197126950214546
cell 35.60455403692889 59.261210799419516 0.0 1.0 1.0 1 0 0 0.0 1.0 0.0
cell 57.87685785110113 12.164314500486048 0.0 1.0 1.0 1 0 0 0.0 1.0 0.0
cell 53.5746998144278 24.099473492023293 0.0 1.0 1.0 1 0 0 0.0 1.0 0.0
cell 4.767821751832424 53.88412109334145 0.0 1.0 1.0 1 0 0 0.0 1.0 0.0
cell 11.583232425245441 30.499292291424485 0.0 1.0 1.0 1 0 0 0.0 1.0 0.0
cell 50.10815768899332 44.99691393281181 0.0 1.58113883008419 0.6324555320336757 1 0 0 0.8524147030590792 0.5228663060560528 2.0411725163271934
cell 35.07586093915307 39.139411958287106 0.0 1.643167672515499 0.6085806194501844 1 0 0 0.6121110847662582 0.7907717875002084 1.3174549849076258
cell 3.308391433248207 17.904496070705175 0.0 1.0 1.0 1 0 0 0.0 1.0 0.0
cell 14.469308506178036 57.81605288535378 0.0 1.0 1.0 1 0 0 0.0 1.0 0.0
cell 21.252916064700667 17.12163361228061 0.0 1.30384048104053 0.7669649888473703 1 0 0 0.5167509379741954 0.8561357766749321 1.086103107617783
cell 2.5943611764633814 13.91757757789227 0.0 1.0 1.0 1 0 0 0.0 1.0 0.0
cell 42.658630999696825 21.862061182655474 0.0 1.643167672515499 0.6085806194501844 1 0 0 0.637719626671855 0.7702685750811271 1.3830682660432394
cell 32.82280978709331 2.433817203560673 0.0 1.0 1.0 1 0 0 0.0 1.0 0.0
cell 25.580146307830542 42.173905738964216 0.0 1.0 1.0 1 0 0 0.0 1.0 0.0
cell 0.23551919465494195 11.387446313931576 0.0 1.0 1.0 1 0 0 0.0 1.0 0.0
cell 43.22736541478488 5.038579430385184 0.0 1.0 1.0 1 0 0 0.0 1.0 0.0
cell 41.7368259350894 56.086083091818644 0.0 1.0 1.0 1 0 0 0.0 1.0 0.0
cell 0.4851603265445491 3.9931382972430645 0.0 1.0 1.0 1 0 0 0.0 1.0 0.0
cell 48.399179256987196 53.47668616567703 0.0 1.643167672515499 0.6085806194501844 1 0 0 0.5912697907580514 0.8064738275585451 1.2652648617660853
cell 2.4521263350721028 50.464578762164464 0.0 1.0 1.0 1 0 0 0.0 1.0 0.0
cell 13.108565775094933 35.97708338001149 0.0 1.643167672515499 0.6085806194501844 1 0 0 0.9996068867940702 0.028036973336419226 3.085511357958371
cell 48.40766920734527 26.82054909004586 0.0 1.643167672515499 0.6085806194501844 1 0 0 0.9617892492498203 -0.27379086914553413 3.696257271248964
cell 27.82937062370161 0.21203103906027304 0.0 1.0 1.0 1 0 0 0.0 1.0 0.0
cell 19.43296793407288 18.975032860861113 0.0 1.0 1.0 1 0 0 0.0 1.0 0.0
cell 56.75738223979996 15.63995633968036 0.0 1.0 1.0 1 0 0 0.0 1.0 0.0
cell 22.849007505032592 39.23314649826861 0.0 1.0 1.0 1 0 0 0.0 1.0 0.0
cell 21.291113615112888 57.55813364098841 0.0 1.0 1.0 1 0 0 0.0 1.0 0.0
cell 29.085615733924474 42.521298165177335 0.0 1.0 1.0 1 0 0 0.0 1.0 0.0
cell 61.01313690848077 51.685223064832826 0.0 1.0 1.0 1 0 0 0.0 1.0 0.0
cell 33.41896771053866 7.822414786932849 0.0 1.0 1.0 1 0 0 0.0 1.0 0.0
cell 14.024095817183937 54.37901414004812 0.0 1.0 1.0 1 0 0 0.0 1.0 0.0
cell 34.06236474611657 13.600032599508168 0.0 1.140175425099138 0.8770580193070291 1 0 0 0.7311453420575798 0.6822217299291373 1.6399985703489597
cell 3.302265410359909 48.68178328619253 0.0 1.0 1.0 1 0 0 0.0 1.0 0.0
cell 19.3110031683236 12.97033037773044 0.0 1.6124515496597105 0.6201736729460421 1 0 0 0.8539107118161369 -0.5204195386855286 4.236277036881442
cell 9.825707222036552 45.67886634766992 0.0 1.0 1.0 1 0 0 0.0 1.0 0.0
cell 37.46472699837577 30.95791994739733 0.0 1.643167672515499 0.6085806194501844 1 0 0 0.5503261174090943 0.8349497975911078 1.1655095417406123
cell 55.491555817004 31.23747062299692 0.0 1.0 1.0 1 0 0 0.0 1.0 0.0
cell 39.4494448736469 13.313314975481937 0.0 1.0 1.0 1 0 0 0.0 1.0 0.0
cell 48.34317908757628 50.59000530818927 0.0 1.643167672515499 0.6085806194501844 1 0 0 0.6509190632707073 0.7591471353240984 1.4175889233388959
cell 15.552940230389913 17.518009901046376 0.0 1.0 1.0 1 0 0 0.0 1.0 0.0
cell 4.6733101093654685 38.62511670996174 0.0 1.0 1.0 1 0 0 0.0 1.0 0.0
cell 28.594421828196904 57.56707857534073 0.0 1.0 1.0 1 0 0 0.0 1.0 0.0
cell 20.803652491919316 39.79201285439869 0.0 1.0 1.0 1 0 0 0.0 1.0 0.0
cell 48.07681648561774 21.110156482596295 0.0 1.643167672515499 0.6085806194501844 1 0 0 0.9020273536085828 0.4316788775720868 2.2488863001338495
cell 16.939514747628515 52.41602054112387 0.0 1.0 1.0 1 0 0 0.0 1.0 0.0
cell 44.62235329518987 60.4656789228351 0.0 1.0 1.0 1 0 0 0.0 1.0 0.0
cell 29.736348397223395 54.38186474394118 0.0 1.643167672515499 0.6085806194501844 1 0 0 -0.9918924691507014 -0.12708001275623498 2.886743522698783
cell 57.0378738329336 44.05218107562499 0.0 1.643167672515499 0.6085806194501844 1 0 0 0.6739092361570489 -0.7388141453858493 4.804210636892708
cell 2.7461215960016796 35.004124716279556 0.0 1.0 1.0 1 0 0 0.0 1.0 0.0
cell 41.24580541754155 50.42918567541869 0.0 1.0 1.0 1 0 0 0.0 1.0 0.0
cell 41.48134959427397 57.85152256814515 0.0 1.0 1.0 1 0 0 0.0 1.0 0.0
cell 19.64237214695731 58.38486235256848 0.0 1.0 1.0 1 0 0 0.0 1.0 0.0
cell 43.717843487322796 3.112663735707712 0.0 1.0 1.0 1 0 0 0.0 1.0 0.0
cell 5.935101037788262 55.56180182544956 0.0 1.0 1.0 1 0 0 0.0 1.0 0.0
cell 6.3666364010155005 59.04892253925532 0.0 1.0 1.0 1 0 0 0.0 1.0 0.0
cell 15.95797823411707 21.406039983029896 0.0 1.0 1.0 1 0 0 0.0 1.0 0.0
cell 60.941168716656506 40.09598734313858 0.0 1.643167672515499 0.6085806194501844 1 0 0 0.848527390913569 0.5291514592906376 2.0263921786502355
cell 5.648278716019954 51.98592695522669 0.0 1.0 1.0 1 0 0 0.0 1.0 0.0
cell 13.337476032875012 42.32968927311353 0.0 1.0 1.0 1 0 0 0.0 1.0 0.0
cell 18.198911832051863 54.04430383350214 0.0 1.0 1.0 1 0 0 0.0 1.0 0.0
cell 5.771606944169061 28.385836657265358 0.0 1.0 1.0 1 0 0 0.0 1.0 0.0
cell 39.910022014471615 11.435979030381338 0.0 1.0 1.0 1 0 0 0.0 1.0 0.0
cell 55.917592535073354 37.806640261695264 0.0 1.643167672515499 0.6085806194501844 1 0 0 0.9916252466263492 0.1291486362809617 2.882571898198954
cell 49.900191589130834 1.2402006290503649 0.0 1.0 1.0 1 0 0 0.0 1.0 0.0
cell 59.084926209494924 51.73344536548509 0.0 1.0 1.0 1 0 0 0.0 1.0 0.0
cell 21.72485131493889 11.189363890476384 0.0 1.0 1.0 1 0 0 0.0 1.0 0.0
cell 55.14950597324717 48.51473776034932 0.0 1.0 1.0 1 0 0 0.0 1.0 0.0
cell 18.98977957732771 27.85888783342562 0.0 1.0 1.0 1 0 0 0.0 1.0 0.0
cell 27.313367261865086 35.05226435114138 0.0 1.643167672515499 0.6085806194501844 1 0 0 0.5891940237525024 -0.8079915855838695 5.023063363545619
cell 7.033130322625127 42.25904670619246 0.0 1.0 1.0 1 0 0 0.0 1.0 0.0
cell 7.352473303765306 48.282955408646956 0.0 1.0 1.0 1 0 0 0.0 1.0 0.0
cell 51.947868940396376 10.646330601922381 0.0 1.0 1.0 1 0 0 0.0 1.0 0.0
cell 47.50197679702028 10.646048144549418 0.0 1.2247448713915894 0.8164965809277259 1 0 0 0.8993732778975218 0.43718154924912717 2.2366676865377038
cell 41.22251697667013 31.23113198174186 0.0 1.643167672515499 0.6085806194501844 1 0 0 0.5957001114596271 0.8032069329923565 1.2762740248832232
cell 45.83565028882598 36.41826226646854 0.0 1.0 1.0 1 0 0 0.0 1.0 0.0
cell 13.15204180703346 5.319768974712668 0.0 1.643167672515499 0.6085806194501844 1 0 0 0.8846783056301668 -0.46620199007226165 4.111578254257395
cell 18.973912239288826 52.197715372108085 0.0 1.0 1.0 1 0 0 0.0 1.0 0.0
cell 46.26969723382504 33.71619423219144 0.0 1.643167672515499 0.6085806194501844 1 0 0 0.5276310139709532 0.8494736682770007 1.111618745929223
cell 35.396464190027814 7.2532484660801915 0.0 1.0 1.0 1 0 0 0.0 1.0 0.0
cell 27.97840085663608 24.624013065581703 0.0 1.0954451150103324 0.9128709291752768 1 0 0 -0.4485515772447186 -0.8937569482534249 0.9302881569628703
cell 26.57121481584426 6.244776418109152 0.0 1.0 1.0 1 0 0 0.0 1.0 0.0
cell 48.25600322957763 59.36375567023999 0.0 1.0 1.0 1 0 0 0.0 1.0 0.0
cell 44.71890961724266 17.696486324780842 0.0 1.4832396974191329 0.6741998624632419 1 0 0 0.6696016127862093 0.7427204589575458 1.467344536992171
cell 12.858017594938184 9.265561782864182 0.0 1.0 1.0 1 0 0 0.0 1.0 0.0
cell 50.50234756426075 13.169614983039718 0.0 1.1832159566199234 0.8451542547285166 1 0 0 0.7187524709697618 0.695266053734009 1.6040126635775147
cell 24.591464052437722 28.54323548992147 0.0 1.0488088481701516 0.9534625892455922 1 0 0 0.012047080592501222 0.9999274312914902 0.02409474402930759
cell 46.714736928130236 21.04483756081353 0.0 1.643167672515499 0.6085806194501844 1 0 0 0.8154112047982774 0.578882170298431 1.9068783656068444
cell 45.72307288058001 9.896402229452912 0.0 1.0 1.0 1 0 0 0.0 1.0 0.0
cell 51.25478754433287 6.724157326364767 0.0 1.0 1.0 1 0 0 0.0 1.0 0.0
cell 51.54723732312347 48.325368572869884 0.0 1.0 1.0 1 0 0 0.0 1.0 0.0
cell 7.779931381526107 12.098472593099 0.0 1.0 1.0 1 0 0 0.0 1.0 0.0
cell 35.627121517483026 28.335730836989498 0.0 1.643167672515499 0.6085806194501844 1 0 0 0.4738084567563887 0.880627927280375 0.9872209550058981
cell 16.397899754156523 35.657486280224326 0.0 1.643167672515499 0.6085806194501844 1 0 0 0.9989387026505521 0.04605940020052369 3.049441250868457
cell 46.76389039338741 13.019486374340593 0.0 1.2247448713915894 0.8164965809277259 1 0 0 0.8251845830177514 0.5648631727682552 1.9410577934355666
cell 31.45499166656948 30.23450751425797 0.0 1.643167672515499 0.6085806194501844 1 0 0 0.5556605040601023 -0.83140928803308 5.104870918092007
cell 57.89448244931063 40.92226171260907 0.0 1.5165750888103104 0.6593804733957869 1 0 0 0.5473455385240643 0.8369067220770795 1.1583783658479772
cell 54.842114363289504 53.97688531825394 0.0 1.0 1.0 1 0 0 0.0 1.0 0.0
cell 38.26587458826263 2.7637341193038827 0.0 1.0 1.0 1 0 0 0.0 1.0 0.0
cell 58.30624808190684 14.153312891072616 0.0 1.0 1.0 1 0 0 0.0 1.0 0.0
cell 57.329740425422216 17.572411444962864 0.0 1.0 1.0 1 0 0 0.0 1.0 0.0
cell 30.439309086865478 5.002658252990724 0.0 1.0 1.0 1 0 0 0.0 1.0 0.0
cell 29.567085228059756 36.646335756930775 0.0 1.341640786499874 0.7453559924999297 1 0 0 0.8719909666867135 -0.489521964795014 4.164675568256515
cell 22.47504498450107 21.3025440932959 0.0 1.140175425099138 0.8770580193070291 1 0 0 0.14420277894195396 -0.9895481587802677 5.993770739930874
cell 16.962138203797526 14.486479211044132 0.0 1.0 1.0 1 0 0 0.0 1.0 0.0
cell 23.72480189705771 18.134209694851105 0.0 1.4832396974191329 0.6741998624632419 1 0 0 0.1452280043658839 0.9893982144454794 0.29148683226019456
cell 30.001707149700955 7.035118691725444 0.0 1.0 1.0 1 0 0 0.0 1.0 0.0
cell 17.363509979258257 38.670407143554336 0.0 1.0 1.0 1 0 0 0.0 1.0 0.0
cell 58.98557038130404 23.660013495869098 0.0 1.0 1.0 1 0 0 0.0 1.0 0.0
cell 45.318650298730574 56.567937793382185 0.0 1.0 1.0 1 0 0 0.0 1.0 0.0
cell 7.493479648458307 35.74168240977024 0.0 1.643167672515499 0.6085806194501844 1 0 0 0.9137638070325572 -0.40624586761881953 3.978276381720737
cell 25.531330686505722 23.301753154847734 0.0 1.643167672515499 0.6085806194501844 1 0 0 0.500974623027472 -0.86546197321574 5.233736228336905
cell 61.148065057742215 18.677109566237327 0.0 1.0 1.0 1 0 0 0.0 1.0 0.0
cell 3.711905348847579 10.595239478848168 0.0 1.0 1.0 1 0 0 0.0 1.0 0.0
cell 4.237837227802332 5.064159036594007 0.0 1.0 1.0 1 0 0 0.0 1.0 0.0
cell 11.819549609873942 15.843952585039084 0.0 1.0 1.0 1 0 0 0.0 1.0 0.0
cell 53.98585256559422 47.0962995766869 0.0 1.0 1.0 1 0 0 0.0 1.0 0.0
cell 60.14030633956476 20.36220555091048 0.0 1.0 1.0 1 0 0 0.0 1.0 0.0
cell 9.916610245058411 15.006120497105577 0.0 1.0 1.0 1 0 0 0.0 1.0 0.0
cell 49.6686062692502 49.72671156511912 0.0 1.643167672515499 0.6085806194501844 1 0 0 0.7893592400225554 0.613931584291779 1.8195291933385047
cell 34.429549363637626 32.18336920087048 0.0 1.643167672515499 0.6085806194501844 1 0 0 -0.34461255393944734 -0.9387450067336345 0.703652052242842
cell 57.53017107830793 10.230890505071892 0.0 1.0 1.0 1 0 0 0.0 1.0 0.0
cell 17.56403705525689 31.46844637414599 0.0 1.0 1.0 1 0 0 0.0 1.0 0.0
cell 1.349339102986765 48.3400817244553 0.0 1.0 1.0 1 0 0 0.0 1.0 0.0
cell 15.216546614147958 55.960079196102875 0.0 1.0 1.0 1 0 0 0.0 1.0 0.0
cell 18.438028934225176 57.05947288965716 0.0 1.0 1.0 1 0 0 0.0 1.0 0.0
cell 40.771982430733104 7.547986335085414 0.0 1.0 1.0 1 0 0 0.0 1.0 0.0
cell 59.96665277078456 34.320044428435686 0.0 1.0 1.0 1 0 0 0.0 1.0 0.0
cell 44.38695249822321 35.74422905591383 0.0 1.0 1.0 1 0 0 0.0 1.0 0.0
cell 35.97360905261773 57.41709803025639 0.0 1.0 1.0 1 0 0 0.0 1.0 0.0
cell 20.70477624339679 7.79091485320371 0.0 1.0 1.0 1 0 0 0.0 1.0 0.0
cell 8.011274339483613 6.206968571095884 0.0 1.0 1.0 1 0 0 0.0 1.0 0.0
cell 1.6022356124131816 59.55054922392561 0.0 1.0 1.0 1 0 0 0.0 1.0 0.0
cell 9.641002149526456 29.760326331154275 0.0 1.0 1.0 1 0 0 0.0 1.0 0.0
cell 8.748552133979112 22.148826227384085 0.0 1.0 1.0 1 0 0 0.0 1.0 0.0
cell 43.45941707401266 25.019200341912946 0.0 1.643167672515499 0.6085806194501844 1 0 0 0.707273959260405 0.7069395635781823 1.5712692337083016
cell 59.04301874967418 8.794325004457479 0.0 1.0 1.0 1 0 0 0.0 1.0 0.0
cell 18.779478293044924 33.10102828359974 0.0 1.0 1.0 1 0 0 0.0 1.0 0.0
cell 56.58291131527153 58.31052876730673 0.0 1.0 1.0 1 0 0 0.0 1.0 0.0
cell 43.537268348423964 51.66708170579971 0.0 1.3784048752090226 0.7254762501100115 1 0 0 0.8710003384194634 0.49128241417048524 2.114469675678502
cell 19.575663461173193 55.68101872402332 0.0 1.0 1.0 1 0 0 0.0 1.0 0.0
cell 22.632020739797433 44.66660038083638 0.0 1.0 1.0 1 0 0 0.0 1.0 0.0
cell 36.4130593806494 55.607606003043145 0.0 1.0 1.0 1 0 0 0.0 1.0 0.0
cell 10.310103090357451 19.023262054535817 0.0 1.0 1.0 1 0 0 0.0 1.0 0.0
cell 14.32643745588651 40.56310716857083 0.0 1.0 1.0 1 0 0 0.0 1.0 0.0
cell 35.107544842959044 30.633262053693084 0.0 1.4491376746189442 0.690065559342354 1 0 0 0.023020187911972242 -0.9997350003618446 6.2371408640301915
cell 39.77382574996932 4.17842258769609 0.0 1.0 1.0 1 0 0 0.0 1.0 0.0
cell 20.6499133649759 33.639264213289316 0.0 1.341640786499874 0.7453559924999297 1 0 0 0.735358307070976 0.6776785080122493 1.6523905132807915
cell 14.38733250161775 45.69856181505875 0.0 1.0 1.0 1 0 0 0.0 1.0 0.0
cell 15.35990543566499 38.8577561859498 0.0 1.0 1.0 1 0 0 0.0 1.0 0.0
cell 5.697270786435539 11.265038229957915 0.0 1.0 1.0 1 0 0 0.0 1.0 0.0
cell 14.884356811746189 28.349081284628525 0.0 1.0 1.0 1 0 0 0.0 1.0 0.0
cell 10.819531206859226 24.806640465922353 0.0 1.0 1.0 1 0 0 0.0 1.0 0.0
cell 24.961942460779067 44.129550598642325 0.0 1.0 1.0 1 0 0 0.0 1.0 0.0
cell 25.42178238926459 17.58348312926747 0.0 1.643167672515499 0.6085806194501844 1 0 0 0.9327476964462788 -0.36052979734574025 3.8792643086768424
cell 14.521730605567251 49.0543653672701 0.0 1.0 1.0 1 0 0 0.0 1.0 0.0
cell 54.58764717695848 57.85845493774387 0.0 1.0 1.0 1 0 0 0.0 1.0 0.0
cell 38.497748056983255 18.188211680249886 0.0 1.643167672515499 0.6085806194501844 1 0 0 0.8379512269344896 -0.5457451248329971 4.296148813011463
cell 57.9324161704638 36.44902453886206 0.0 1.643167672515499 0.6085806194501844 1 0 0 0.9980267932541936 0.06278948914229956 3.015931012294669
cell 5.055602634204436 45.0948089706719 0.0 1.0 1.0 1 0 0 0.0 1.0 0.0
cell 43.41740602829589 39.93369504531611 0.0 1.643167672515499 0.6085806194501844 1 0 0 0.7078522423089266 0.7063605333384819 1.5729059222432018
cell 29.207680347624752 44.56802524534596 0.0 1.0 1.0 1 0 0 0.0 1.0 0.0
cell 0.8935782276724565 32.446858988934075 0.0 1.0 1.0 1 0 0 0.0 1.0 0.0
cell 31.858981412020512 45.94824759548828 0.0 1.0 1.0 1 0 0 0.0 1.0 0.0
cell 30.12481402552472 26.97175350810652 0.0 1.6124515496597105 0.6201736729460421 1 0 0 -0.1874223111576348 -0.9822794293276892 0.3770745904194239
cell 50.399186169101405 56.27982150812671 0.0 1.643167672515499 0.6085806194501844 1 0 0 0.7898189230203677 0.6133400923133482 1.8210274206180166
cell 19.719350301551 20.717182692684244 0.0 1.0 1.0 1 0 0 0.0 1.0 0.0
cell 60.97608432494594 9.389588709222437 0.0 1.0 1.0 1 0 0 0.0 1.0 0.0
cell 5.228131664170855 20.597877468913612 0.0 1.0 1.0 1 0 0 0.0 1.0 0.0
cell 20.003495862343488 41.624753318532726 0.0 1.0 1.0 1 0 0 0.0 1.0 0.0
cell 33.83239504827742 51.78081633043115 0.0 1.0 1.0 1 0 0 0.0 1.0 0.0
cell 8.495597661471956 49.950254046577996 0.0 1.0 1.0 1 0 0 0.0 1.0 0.0
cell 32.944466747066436 42.99156470202302 0.0 1.140175425099138 0.8770580193070291 1 0 0 0.7001994358771181 -0.7139473019749886 4.731831705311298
cell 34.75037338920857 44.53074058368966 0.0 1.6124515496597105 0.6201736729460421 1 0 0 0.5085190000093103 0.8610507689036292 1.0669278469508097
cell 32.15225416681121 58.4570124810398 0.0 1.0 1.0 1 0 0 0.0 1.0 0.0
cell 14.844848646191988 52.51777290360434 0.0 1.0 1.0 1 0 0 0.0 1.0 0.0
cell 39.3264605562622 45.1731903559889 0.0 1.643167672515499 0.6085806194501844 1 0 0 0.9309297273751042 0.3651983607429177 2.3939009090340226
cell 15.145044963049344 13.532958120100576 0.0 1.0 1.0 1 0 0 0.0 1.0 0.0
cell 46.03245197815563 18.8992386505668 0.0 1.5165750888103104 0.6593804733957869 1 0 0 0.7365472253033102 0.6763861211600921 1.6559026585689511
cell 7.120450013213778 57.1873647217968 0.0 1.0 1.0 1 0 0 0.0 1.0 0.0
cell 4.867741616697851 1.6574352351256716 0.0 1.0 1.0 1 0 0 0.0 1.0 0.0
cell 44.98417120478939 14.105479666777613 0.0 1.0488088481701516 0.9534625892455922 1 0 0 0.6144951360956618 0.7889206092597494 1.3234917285781982
cell 27.470636942482322 41.05175341934798 0.0 1.2247448713915894 0.8164965809277259 1 0 0 0.6983151370713909 -0.715790450716524 4.737103434930817
cell 13.10889378936421 0.32799977319918966 0.0 1.0 1.0 1 0 0 0.0 1.0 0.0
cell 26.630857191365017 58.02127927896324 0.0 1.0 1.0 1 0 0 0.0 1.0 0.0
cell 43.71180545939444 10.51160614508224 0.0 1.0488088481701516 0.9534625892455922 1 0 0 0.7470687557268674 0.6647467745064357 1.6872830373686356
cell 52.625286980289395 3.2220255527267225 0.0 1.0 1.0 1 0 0 0.0 1.0 0.0
cell 46.934557843937334 24.108109025587396 0.0 1.643167672515499 0.6085806194501844 1 0 0 0.662495998427184 0.7490654524592418 1.4482920427469297
cell 32.012802820061175 17.21042505279987 0.0 1.264911064067352 0.7905694150420947 1 0 0 0.5706393301422524 0.8212008005931323 1.2145683512979655
cell 50.83696193881186 27.44165337254088 0.0 1.264911064067352 0.7905694150420947 1 0 0 0.7089495936468445 0.7052591535513553 1.5760154031524425
cell 44.29295234964233 37.743564865572665 0.0 1.0 1.0 1 0 0 0.0 1.0 0.0
cell 42.610813220807785 48.92973247042252 0.0 1.0 1.0 1 0 0 0.0 1.0 0.0
cell 38.44662233029721 49.08986302878502 0.0 1.0 1.0 1 0 0 0.0 1.0 0.0
cell 49.686179405524015 55.35300557695369 0.0 1.643167672515499 0.6085806194501844 1 0 0 0.7410960272589762 0.6713990455615519 1.6694026874954035
cell 30.987753058924284 35.80910029290035 0.0 1.0 1.0 1 0 0 0.0 1.0 0.0
cell 21.522716959315282 46.641443701389555 0.0 1.0 1.0 1 0 0 0.0 1.0 0.0
cell 28.193209157188196 59.41702832380219 0.0 1.0 1.0 1 0 0 0.0 1.0 0.0
cell 54.62704557892712 32.703071942441646 0.0 1.0 1.0 1 0 0 0.0 1.0 0.0
cell 35.3312750065919 20.33146998332562 0.0 1.643167672515499 0.6085806194501844 1 0 0 0.7676369365753135 0.6408849612881147 1.7502915536758636
cell 37.82067786597795 12.052396618650269 0.0 1.0 1.0 1 0 0 0.0 1.0 0.0
cell 29.865526885612493 30.649796165612134 0.0 1.643167672515499 0.6085806194501844 1 0 0 0.4558130703597255 -0.8900755276319195 5.3366143364346765
cell 28.65230492864853 21.87438313830716 0.0 1.643167672515499 0.6085806194501844 1 0 0 0.23680268738370502 0.971557763207034 0.47814722126063613
cell 40.13133547363971 34.804043018996495 0.0 1.643167672515499 0.6085806194501844 1 0 0 0.633444406633455 0.7737882033895257 1.3719930020428337
cell 52.711388856251986 38.51350376596243 0.0 1.6124515496597105 0.6201736729460421 1 0 0 0.9994906463242819 0.03191313068737159 3.077755553293067
cell 7.692943101500469 29.063260815842686 0.0 1.0 1.0 1 0 0 0.0 1.0 0.0
cell 19.12992183221819 60.33365609744801 0.0 1.0 1.0 1 0 0 0.0 1.0 0.0
cell 38.29716517123428 43.83988684441083 0.0 1.0 1.0 1 0 0 0.0 1.0 0.0
cell 58.01494837335864 30.924353276013516 0.0 1.140175425099138 0.8770580193070291 1 0 0 0.07524609489711889 -0.9971649939717768 6.132550740494768
cell 45.64886145652247 2.5189214592396745 0.0 1.0 1.0 1 0 0 0.0 1.0 0.0
cell 6.742225982591368 38.84996510565175 0.0 1.0 1.0 1 0 0 0.0 1.0 0.0
cell 6.779715041099148 53.66345122358104 0.0 1.0 1.0 1 0 0 0.0 1.0 0.0
cell 28.916448486309967 3.627670412963577 0.0 1.0 1.0 1 0 0 0.0 1.0 0.0
cell 21.389360647298226 37.858388389965704 0.0 1.0 1.0 1 0 0 0.0 1.0 0.0
cell 17.303484742433366 16.375217845921394 0.0 1.0 1.0 1 0 0 0.0 1.0 0.0
cell 32.081356943729666 40.02993604757359 0.0 1.643167672515499 0.6085806194501844 1 0 0 0.4121393640180282 -0.9111208177990531 5.433583554906515
cell 53.158565135386866 48.95783850995785 0.0 1.0 1.0 1 0 0 0.0 1.0 0.0
cell 14.546987734050456 33.36332324105311 0.0 1.0 1.0 1 0 0 0.0 1.0 0.0
cell 4.608055149874838 7.052141849175278 0.0 1.0 1.0 1 0 0 0.0 1.0 0.0
cell 13.068211153333698 29.32111199062076 0.0 1.0 1.0 1 0 0 0.0 1.0 0.0
cell 6.01531526273642 30.24452999094958 0.0 1.0 1.0 1 0 0 0.0 1.0 0.0
cell 1.9546185999140304 55.944390733528266 0.0 1.0 1.0 1 0 0 0.0 1.0 0.0
cell 7.757259889630053 45.82042725477261 0.0 1.0 1.0 1 0 0 0.0 1.0 0.0
cell 32.9507465963059 9.875048364429 0.0 1.0 1.0 1 0 0 0.0 1.0 0.0
cell 19.62127834549566 31.304536908371986 0.0 1.0 1.0 1 0 0 0.0 1.0 0.0
cell 49.09009855216881 44.74122096130641 0.0 1.643167672515499 0.6085806194501844 1 0 0 0.8225274177138822 0.5687254584673811 1.931681692214745
cell 16.241372536936606 25.232370420916094 0.0 1.0 1.0 1 0 0 0.0 1.0 0.0
cell 41.722459588085435 15.82911632096486 0.0 1.140175425099138 0.8770580193070291 1 0 0 0.7505366313372186 0.6608288469951809 1.6977475258296686
cell 1.4651906997595525 17.2524169958275 0.0 1.0 1.0 1 0 0 0.0 1.0 0.0
cell 30.60374950108939 57.1301082021667 0.0 1.0 1.0 1 0 0 0.0 1.0 0.0
cell 37.06589239352148 37.108585341272764 0.0 1.58113883008419 0.6324555320336757 1 0 0 0.3729134172120192 0.9278661451218352 0.7642939164903205
cell 31.063100133366696 55.3532956011541 0.0 1.0 1.0 1 0 0 0.0 1.0 0.0
cell 23.695745640221627 10.662216436136049 0.0 1.0 1.0 1 0 0 0.0 1.0 0.0
cell 35.1529938586207 25.790795392991775 0.0 1.643167672515499 0.6085806194501844 1 0 0 0.5190759905439755 0.8547280948002065 1.091539077544311
cell 44.089260852042145 47.50853878501759 0.0 1.0 1.0 1 0 0 0.0 1.0 0.0
cell 21.80470101410381 50.05790781155634 0.0 1.0 1.0 1 0 0 0.0 1.0 0.0
cell 11.998446352341325 54.63582999347455 0.0 1.0 1.0 1 0 0 0.0 1.0 0.0
cell 24.989934835252953 51.27175661099043 0.0 1.0 1.0 1 0 0 0.0 1.0 0.0
cell 31.826753183457615 25.33001728973337 0.0 1.643167672515499 0.6085806194501844 1 0 0 0.3393687082417831 0.9406534323895829 0.6924913915108132
cell 59.96830615997757 57.25096279634104 0.0 1.0 1.0 1 0 0 0.0 1.0 0.0
cell 1.6554895045253557 25.03285734488165 0.0 1.0 1.0 1 0 0 0.0 1.0 0.0
cell 51.94894528294905 22.961799240304263 0.0 1.0 1.0 1 0 0 0.0 1.0 0.0
cell 44.84458608075779 48.934832782082886 0.0 1.0 1.0 1 0 0 0.0 1.0 0.0
cell 10.976205465370303 41.833091181679656 0.0 1.643167672515499 0.6085806194501844 1 0 0 0.8892156120880351 -0.4574883552822968 4.091929808271939
cell 57.92689052233522 49.83164439813657 0.0 1.0 1.0 1 0 0 0.0 1.0 0.0
cell 29.023964368042986 50.475099832360414 0.0 1.0 1.0 1 0 0 0.0 1.0 0.0
cell 48.53369045319145 39.39141261639308 0.0 1.58113883008419 0.6324555320336757 1 0 0 0.9429622047781488 -0.3328998052867144 3.8203468953439828
cell 0.2774850645177366 28.389375876847698 0.0 1.0 1.0 1 0 0 0.0 1.0 0.0
cell 27.000818322521198 4.202074263741471 0.0 1.0 1.0 1 0 0 0.0 1.0 0.0
cell 50.12727975156069 5.11105953250986 0.0 1.0 1.0 1 0 0 0.0 1.0 0.0
cell 49.15266802394697 36.49643099307114 0.0 1.140175425099138 0.8770580193070291 1 0 0 0.9074566098078846 0.4201458095899335 2.2743806665872555
cell 9.107227837501988 25.9538592153702 0.0 1.0 1.0 1 0 0 0.0 1.0 0.0
cell 20.642699668138206 0.5374809365451234 0.0 1.0 1.0 1 0 0 0.0 1.0 0.0
cell 37.18924001887568 51.98980813170218 0.0 1.0 1.0 1 0 0 0.0 1.0 0.0
cell 48.565297227514414 55.629205658929095 0.0 1.643167672515499 0.6085806194501844 1 0 0 0.5048528349763054 0.8632054303677585 1.058422940290564
cell 0.5564374524939808 30.401958701786274 0.0 1.0 1.0 1 0 0 0.0 1.0 0.0
cell 17.792575185867054 50.5829327271938 0.0 1.0 1.0 1 0 0 0.0 1.0 0.0
cell 10.620929282018466 22.920734690235765 0.0 1.0 1.0 1 0 0 0.0 1.0 0.0
cell 18.123150054869257 13.328557158378938 0.0 1.0 1.0 1 0 0 0.0 1.0 0.0
cell 29.91405276478664 21.00833713817135 0.0 1.5165750888103104 0.6593804733957869 1 0 0 0.4858355424959231 0.8740502420614573 1.0146377146265337
cell 0.9569531544935623 44.8886281939316 0.0 1.0 1.0 1 0 0 0.0 1.0 0.0
cell 55.813512613967745 27.877054957361526 0.0 1.0 1.0 1 0 0 0.0 1.0 0.0
cell 13.565630134242026 7.709854184959072 0.0 1.0 1.0 1 0 0 0.0 1.0 0.0
cell 14.413328220693574 24.435560338377144 0.0 1.0 1.0 1 0 0 0.0 1.0 0.0
cell 19.719091552538575 4.34853361735016 0.0 1.0 1.0 1 0 0 0.0 1.0 0.0
cell 21.644324046995905 55.51682109167796 0.0 1.0 1.0 1 0 0 0.0 1.0 0.0
cell 44.618475953768474 30.77425078010077 0.0 1.643167672515499 0.6085806194501844 1 0 0 0.46832677418315194 0.8835553364578831 0.9747921670344594
cell 21.22065011556185 5.814248864725241 0.0 1.0 1.0 1 0 0 0.0 1.0 0.0
cell 27.01784948400988 50.84222726758013 0.0 1.0 1.0 1 0 0 0.0 1.0 0.0
cell 48.400650040941116 5.02748043450642 0.0 1.0 1.0 1 0 0 0.0 1.0 0.0
cell 35.089438412406665 42.49415342904401 0.0 1.0 1.0 1 0 0 0.0 1.0 0.0
cell 17.452960777798474 18.362852148101812 0.0 1.0 1.0 1 0 0 0.0 1.0 0.0
cell 25.025463368930627 15.233321948479274 0.0 1.4832396974191329 0.6741998624632419 1 0 0 0.5973020017307301 0.8020164080169825 1.2802657179976475
cell 50.41976006407696 47.0394614117361 0.0 1.0 1.0 1 0 0 0.0 1.0 0.0
cell 48.11493138667919 0.2034359301215963 0.0 1.0 1.0 1 0 0 0.0 1.0 0.0
cell 24.158998414077402 40.73716364141146 0.0 1.0 1.0 1 0 0 0.0 1.0 0.0
cell 19.293499464693724 11.22689373251846 0.0 1.643167672515499 0.6085806194501844 1 0 0 0.975616975813662 -0.21948010503051166 3.58415575384134
cell 60.688997836106346 16.706262387542 0.0 1.0 1.0 1 0 0 0.0 1.0 0.0
cell 33.69082870514643 25.73940104774446 0.0 1.5491933384829673 0.6454972243679027 1 0 0 0.4766714194585094 0.8790815422197248 0.9937287569486285
cell 24.394429610222435 35.69491173098399 0.0 1.58113883008419 0.6324555320336757 1 0 0 0.4146449591185722 -0.9099832734053729 5.428080094601064
cell 27.62657152777607 31.305646660619413 0.0 1.4142135623730954 0.7071067811865474 1 0 0 0.30063739270108686 -0.9537385166333027 5.672463520410612
cell 60.07828376449718 44.837825856891975 0.0 1.0 1.0 1 0 0 0.0 1.0 0.0
cell 24.394143907510585 60.555731982341925 0.0 1.0 1.0 1 0 0 0.0 1.0 0.0
cell 17.174525028317554 60.840371369973504 0.0 1.0 1.0 1 0 0 0.0 1.0 0.0
cell 49.39321949249598 52.76634088056522 0.0 1.643167672515499 0.6085806194501844 1 0 0 0.7087455289281684 0.7054642267502518 1.5754367930007938
cell 11.405643063737042 10.15354353736373 0.0 1.0 1.0 1 0 0 0.0 1.0 0.0
cell 8.37795904935432 58.796494136911356 0.0 1.0 1.0 1 0 0 0.0 1.0 0.0
cell 13.34974407180945 31.729207372466732 0.0 1.0 1.0 1 0 0 0.0 1.0 0.0
cell 9.96730150264868 55.00535605156563 0.0 1.0 1.0 1 0 0 0.0 1.0 0.0
cell 43.57462355613279 43.73332823735192 0.0 1.0 1.0 1 0 0 0.0 1.0 0.0
cell 15.547382568109754 31.75236692989811 0.0 1.0 1.0 1 0 0 0.0 1.0 0.0
cell 35.64023354771343 13.6853994580296 0.0 1.4832396974191329 0.6741998624632419 1 0 0 0.7748966104747187 0.6320880026347534 1.77310302070181
cell 31.463658127318695 23.68905572794799 0.0 1.643167672515499 0.6085806194501844 1 0 0 0.319160188119274 0.9477007831165223 0.649686395401222
cell 2.015962950682061 46.66607713864647 0.0 1.0 1.0 1 0 0 0.0 1.0 0.0
cell 25.93852830899546 39.698541544563675 0.0 1.0488088481701516 0.9534625892455922 1 0 0 0.8286794667648085 -0.5597234507883269 4.329696732787122
cell 5.503993661049714 26.435650868821508 0.0 1.0 1.0 1 0 0 0.0 1.0 0.0
cell 9.759122747695052 13.057533662427115 0.0 1.0 1.0 1 0 0 0.0 1.0 0.0
cell 21.673349037216433 3.8973166147206952 0.0 1.0 1.0 1 0 0 0.0 1.0 0.0
cell 4.511872442970879 33.44878470784951 0.0 1.0 1.0 1 0 0 0.0 1.0 0.0
cell 37.61394231867042 45.52738619404739 0.0 1.0 1.0 1 0 0 0.0 1.0 0.0
cell 39.710794728264695 50.32815348536062 0.0 1.0 1.0 1 0 0 0.0 1.0 0.0
cell 41.24597115631404 35.0647864690813 0.0 1.6124515496597105 0.6201736729460421 1 0 0 0.6451527193609613 0.7640536425547336 1.4024462935628372
cell 48.2986137190988 35.29216327111731 0.0 1.643167672515499 0.6085806194501844 1 0 0 0.7385674588010978 0.6741795820106753 1.661886023869163
cell 33.56549675459329 45.339967409367134 0.0 1.0 1.0 1 0 0 0.0 1.0 0.0
cell 47.86208345532507 56.769767038476665 0.0 1.0 1.0 1 0 0 0.0 1.0 0.0
cell 30.988226632148713 49.91203351124706 0.0 1.0 1.0 1 0 0 0.0 1.0 0.0
cell 17.744675116031047 20.36021585553504 0.0 1.0 1.0 1 0 0 0.0 1.0 0.0
cell 32.5343707781584 11.824840023138865 0.0 1.0 1.0 1 0 0 0.0 1.0 0.0
cell 0.14309587697851847 1.9813466693268507 0.0 1.0 1.0 1 0 0 0.0 1.0 0.0
cell 24.654035991419494 47.88234333178775 0.0 1.0 1.0 1 0 0 0.0 1.0 0.0
cell 12.95237530751907 27.466034757641193 0.0 1.0 1.0 1 0 0 0.0 1.0 0.0
cell 31.028582444287117 10.415087803312495 0.0 1.0 1.0 1 0 0 0.0 1.0 0.0
cell 20.568446408611 44.97939841910063 0.0 1.0 1.0 1 0 0 0.0 1.0 0.0
cell 36.87474668710704 27.873872233448424 0.0 1.6124515496597105 0.6201736729460421 1 0 0 0.5908927747653706 0.8067501030245245 1.2643300479967887
cell 10.110435176527474 16.98681200268764 0.0 1.0 1.0 1 0 0 0.0 1.0 0.0
cell 42.17460466876735 1.6727476977393527 0.0 1.0 1.0 1 0 0 0.0 1.0 0.0
cell 9.812296037441474 31.534723631977876 0.0 1.0 1.0 1 0 0 0.0 1.0 0.0
cell 14.677396566003047 26.433643700407035 0.0 1.0 1.0 1 0 0 0.0 1.0 0.0
cell 40.560708579387736 48.57942812716861 0.0 1.0 1.0 1 0 0 0.0 1.0 0.0
cell 53.01142702972649 21.25248391642671 0.0 1.0 1.0 1 0 0 0.0 1.0 0.0
cell 51.910003902229576 1.457442375882548 0.0 1.0 1.0 1 0 0 0.0 1.0 0.0
cell 55.950785076824374 2.274529941862656 0.0 1.0 1.0 1 0 0 0.0 1.0 0.0
cell 1.349865193048434 7.968884173452166 0.0 1.0 1.0 1 0 0 0.0 1.0 0.0
cell 15.718108167419572 59.37410811688099 0.0 1.0 1.0 1 0 0 0.0 1.0 0.0
cell 28.3872215815633 37.38039489561315 0.0 1.643167672515499 0.6085806194501844 1 0 0 0.8220898398311617 -0.5693577919431461 4.353041561722252
cell 25.295816315679744 21.302056278665923 0.0 1.0 1.0 1 0 0 0.0 1.0 0.0
cell 58.56739768815021 21.66344669001371 0.0 1.0 1.0 1 0 0 0.0 1.0 0.0
cell 5.025499193096974 9.020350162043858 0.0 1.0 1.0 1 0 0 0.0 1.0 0.0
cell 10.521760438041172 6.10115488196505 0.0 1.0 1.0 1 0 0 0.0 1.0 0.0
cell 40.29132028085768 37.785977747876636 0.0 1.6124515496597105 0.6201736729460421 1 0 0 0.6336399767127201 0.7736280630325554 1.3724985417155577
cell 41.747759537672195 3.62468173552781 0.0 1.0 1.0 1 0 0 0.0 1.0 0.0
cell 27.41240488677726 2.219717498577384 0.0 1.0 1.0 1 0 0 0.0 1.0 0.0
cell 2.88381459871274 21.739411380281368 0.0 1.0 1.0 1 0 0 0.0 1.0 0.0
cell 17.818283397507887 9.548248286785972 0.0 1.643167672515499 0.6085806194501844 1 0 0 0.9696310796321016 -0.24457221717007252 3.635749627486214
cell 6.871237375077673 1.3928953256204735 0.0 1.0 1.0 1 0 0 0.0 1.0 0.0
cell 6.052445185298509 5.623807192762785 0.0 1.0 1.0 1 0 0 0.0 1.0 0.0
cell 53.46304992202636 52.41925352888232 0.0 1.0 1.0 1 0 0 0.0 1.0 0.0
cell 52.32632458850361 46.34592279596539 0.0 1.0 1.0 1 0 0 0.0 1.0 0.0
cell 45.27153028961447 50.597182113277704 0.0 1.0 1.0 1 0 0 0.0 1.0 0.0
cell 12.529745507075061 23.697749725813065 0.0 1.0 1.0 1 0 0 0.0 1.0 0.0
cell 38.96880428786101 52.25110646962472 0.0 1.0 1.0 1 0 0 0.0 1.0 0.0
cell 17.71468404434392 26.293320193169148 0.0 1.0 1.0 1 0 0 0.0 1.0 0.0
cell 46.543383853414184 59.94364817823151 0.0 1.0 1.0 1 0 0 0.0 1.0 0.0
cell 47.08573087383049 6.323056455703055 0.0 1.1832159566199234 0.8451542547285166 1 0 0 0.3419525286428292 0.9397172277631048 0.6979877945968304
cell 19.378871799847268 38.35152840201048 0.0 1.0 1.0 1 0 0 0.0 1.0 0.0
cell 45.22037375134134 54.51269212130133 0.0 1.0 1.0 1 0 0 0.0 1.0 0.0
cell 1.7815341609323339 19.271088557119878 0.0 1.0 1.0 1 0 0 0.0 1.0 0.0
cell 30.567420205971445 19.16690212766378 0.0 1.0488088481701516 0.9534625892455922 1 0 0 0.4685597129684652 0.8834318283732534 0.9753194799399522
cell 48.65529893652395 12.561142372448145 0.0 1.0488088481701516 0.9534625892455922 1 0 0 0.82363241056363 0.5671240184202606 1.9355730264932458
cell 20.473411558431234 22.268452175559847 0.0 1.0 1.0 1 0 0 0.0 1.0 0.0
cell 10.616987919887036 43.783877396330304 0.0 1.0488088481701516 0.9534625892455922 1 0 0 0.8756620066778514 -0.48292447656017445 4.149575415090457
cell 33.304534923176334 28.305150161541587 0.0 1.643167672515499 0.6085806194501844 1 0 0 0.05293400365816573 0.9985980128443663 0.10591751027393152
cell 59.78936519254362 29.756089176941366 0.0 1.0 1.0 1 0 0 0.0 1.0 0.0
cell 49.42296783795009 33.88433348333674 0.0 1.643167672515499 0.6085806194501844 1 0 0 0.6482924495713771 0.7613914235324322 1.4106792371058476
cell 31.58558127854924 21.61968758350303 0.0 1.4142135623730954 0.7071067811865474 1 0 0 0.5942791213053513 0.8042588675175049 1.2727380497260954
cell 44.69018332567855 6.476914076295932 0.0 1.0 1.0 1 0 0 0.0 1.0 0.0
cell 53.73656377152736 42.9710092023392 0.0 1.0 1.0 1 0 0 0.0 1.0 0.0
cell 26.540985776604206 14.457351677175321 0.0 1.140175425099138 0.8770580193070291 1 0 0 0.6759666090716362 0.7369322515809671 1.4845511611688553
cell 4.163957271566473 12.567599899913272 0.0 1.0 1.0 1 0 0 0.0 1.0 0.0
cell 5.241323626847822 24.4557275453215 0.0 1.0 1.0 1 0 0 0.0 1.0 0.0
cell 16.745791408076037 12.387397122807634 0.0 1.0 1.0 1 0 0 0.0 1.0 0.0
cell 6.0823392521452675 46.71823322154131 0.0 1.0 1.0 1 0 0 0.0 1.0 0.0
cell 26.611867220055597 33.66747229114609 0.0 1.5491933384829673 0.6454972243679027 1 0 0 0.46181777048902967 -0.8869748287637829 5.323098282138698
cell 21.5958950327822 25.48670400345193 0.0 1.0 1.0 1 0 0 0.0 1.0 0.0
cell 26.22754890993375 24.510386518465104 0.0 1.643167672515499 0.6085806194501844 1 0 0 0.5614025680251735 -0.827542842766911 5.091025935037835
cell 29.688577867979316 48.51493360816258 0.0 1.0 1.0 1 0 0 0.0 1.0 0.0
cell 46.924004822613654 48.39419668991056 0.0 1.643167672515499 0.6085806194501844 1 0 0 0.5751240619822894 0.8180662035122779 1.225511585413993
cell 0.8215746139475594 54.06906034438328 0.0 1.0 1.0 1 0 0 0.0 1.0 0.0
cell 39.117366694975956 60.1237471727725 0.0 1.0 1.0 1 0 0 0.0 1.0 0.0
cell 17.729889320552726 58.98306591781855 0.0 1.0 1.0 1 0 0 0.0 1.0 0.0
cell 19.775191137067804 50.36972652529388 0.0 1.0 1.0 1 0 0 0.0 1.0 0.0
cell 19.221779638820234 17.07905999336104 0.0 1.0 1.0 1 0 0 0.0 1.0 0.0
cell 7.453728299428479 37.265663376803865 0.0 1.643167672515499 0.6085806194501844 1 0 0 0.9627332632255489 -0.27045270174114727 3.689319105475433
cell 8.776275291560813 39.653988178560944 0.0 1.643167672515499 0.6085806194501844 1 0 0 0.892395658321015 -0.4512537966707896 4.0779322920543715
cell 43.70518556891996 55.55533141761262 0.0 1.0 1.0 1 0 0 0.0 1.0 0.0
cell 14.279425971061796 22.59447121401108 0.0 1.0 1.0 1 0 0 0.0 1.0 0.0
cell 17.291040853666587 43.74068295622361 0.0 1.0 1.0 1 0 0 0.0 1.0 0.0
cell 16.334228802308097 23.24638065354035 0.0 1.0 1.0 1 0 0 0.0 1.0 0.0
cell 34.49164768377841 55.90068183351338 0.0 1.0 1.0 1 0 0 0.0 1.0 0.0
cell 31.273787717866025 1.043282221489804 0.0 1.0 1.0 1 0 0 0.0 1.0 0.0
cell 38.1859672956621 50.73990638392048 0.0 1.643167672515499 0.6085806194501844 1 0 0 0.26643255563375273 0.9638535642401637 0.5393797940235946
cell 9.224792444442542 47.6171375190712 0.0 1.0 1.0 1 0 0 0.0 1.0 0.0
cell 48.90341890896458 18.693591387840048 0.0 1.0 1.0 1 0 0 0.0 1.0 0.0
cell 34.77373000703251 48.84887486433748 0.0 1.6124515496597105 0.6201736729460421 1 0 0 0.8829266179450209 0.4695110087358624 2.1641189208085665
