1000
 Lattice="61.15546790168123 0.0 0.0 0.0 61.15546790168123 0.0 0.0 0.0 1.0"Properties=species:S:1:pos:R:3:aspherical_shape:R:3:orientation:R:4:Color:R:1
cell 34.00706020491941 47.983500517668055 0.0 1.0 1.0 1 0 0 0.0 1.0 0.0
cell 18.114448336909142 17.732822773573794 0.0 1.0 1.0 1 0 0 0.0 1.0 0.0
cell 21.77013434697697 58.89030448101795 0.0 1.0 1.0 1 0 0 0.0 1.0 0.0
cell 6.050385696839286 7.3931328752620855 0.0 1.0 1.0 1 0 0 0.0 1.0 0.0
cell 15.164797926997297 42.80694418745764 0.0 1.643167672515499 0.6085806194501844 1 0 0 0.08781851252658109 0.996136491078215 0.1758635669282331
cell 14.922987617797816 40.34663016677805 0.0 1.643167672515499 0.6085806194501844 1 0 0 -0.3857403760359416 0.922607371689415 5.491164966563235
cell 23.813111745692197 5.332491389065797 0.0 1.0 1.0 1 0 0 0.0 1.0 0.0
cell 41.999364691458695 60.917672227216315 0.0 1.0 1.0 1 0 0 0.0 1.0 0.0
cell 19.019079218892756 7.490692958487589 0.0 1.0 1.0 1 0 0 0.0 1.0 0.0
cell 47.97890918881256 7.904732458241605 0.0 1.0 1.0 1 0 0 0.0 1.0 0.0
cell 20.778874195177885 51.8457307211685 0.0 1.0 1.0 1 0 0 0.0 1.0 0.0
cell 31.596430434076034 59.87718372918063 0.0 1.0 1.0 1 0 0 0.0 1.0 0.0
cell 31.84788028955369 7.627214228393084 0.0 1.6124515496597105 0.6201736729460421 1 0 0 0.9036199504901483 0.42833513173236437 2.256293598358584
cell 57.98165072651845 47.47666030576831 0.0 1.643167672515499 0.6085806194501844 1 0 0 0.9901629949070656 0.13991870324109745 2.860834033963869
cell 57.821098144878704 58.27358541284821 0.0 1.0 1.0 1 0 0 0.0 1.0 0.0
cell 47.942236579832915 29.93059199814241 0.0 1.0 1.0 1 0 0 0.0 1.0 0.0
cell 18.24745878598769 26.537457520212527 0.0 1.0 1.0 1 0 0 0.0 1.0 0.0
cell 42.17003226073448 39.45541837810121 0.0 1.0 1.0 1 0 0 0.0 1.0 0.0
cell 44.7899766525982 55.60892868257528 0.0 1.0 1.0 1 0 0 0.0 1.0 0.0
cell 52.743998767837226 5.342673681624643 0.0 1.0 1.0 1 0 0 0.0 1.0 0.0
cell 57.47583739120262 29.832350323832177 0.0 1.0 1.0 1 0 0 0.0 1.0 0.0
cell 27.083064598048935 17.911895887014012 0.0 1.0 1.0 1 0 0 0.0 1.0 0.0
cell 32.60110263676865 0.4579229229704221 0.0 1.0 1.0 1 0 0 0.0 1.0 0.0
cell 29.83002393886309 9.381742744867754 0.0 1.0 1.0 1 0 0 0.0 1.0 0.0
cell 13.440073833865707 46.77763520766235 0.0 1.643167672515499 0.6085806194501844 1 0 0 0.3271545078470851 -0.9449708609239396 5.616603699738795
cell 39.03314854199199 22.87255012730326 0.0 1.0 1.0 1 0 0 0.0 1.0 0.0
cell 36.942285855716776 10.87418983889948 0.0 1.0 1.0 1 0 0 0.0 1.0 0.0
cell 43.80335245596752 20.26525342757277 0.0 1.0 1.0 1 0 0 0.0 1.0 0.0
cell 36.97136327214467 23.307411672682257 0.0 1.0 1.0 1 0 0 0.0 1.0 0.0
cell 6.109790934023652 30.84666365573992 0.0 1.4832396974191329 0.6741998624632419 1 0 0 0.9927886888884829 -0.11987751755474059 3.381925672300847
cell 13.008610214976883 14.582401795549455 0.0 1.0 1.0 1 0 0 0.0 1.0 0.0
cell 4.038956585893588 7.849996404087668 0.0 1.0 1.0 1 0 0 0.0 1.0 0.0
cell 22.105146159180578 8.978934412421827 0.0 1.0 1.0 1 0 0 0.0 1.0 0.0
cell 20.984390905133456 17.386122795425756 0.0 1.0 1.0 1 0 0 0.0 1.0 0.0
cell 43.169165485809145 1.4158712174955241 0.0 1.0 1.0 1 0 0 0.0 1.0 0.0
cell 0.10290039918814746 50.733305832095475 0.0 1.643167672515499 0.6085806194501844 1 0 0 0.2256874973474234 -0.974199750328985 5.827887940649919
cell 50.763969150524176 36.72734714316921 0.0 1.0 1.0 1 0 0 0.0 1.0 0.0
cell 19.15362514820624 50.80930549885763 0.0 1.0 1.0 1 0 0 0.0 1.0 0.0
cell 56.29587780652881 1.205475606076402 0.0 1.0 1.0 1 0 0 0.0 1.0 0.0
cell 31.928963645780243 39.24537002609863 0.0 1.0 1.0 1 0 0 0.0 1.0 0.0
cell 11.19652606677604 52.738097162425724 0.0 1.643167672515499 0.6085806194501844 1 0 0 0.9479069528645089 0.3185473413970389 2.4931994512669715
cell 43.732929184877975 53.409556801182916 0.0 1.643167672515499 0.6085806194501844 1 0 0 0.9758274542114664 0.21854239773363968 2.700951631590176
cell 49.053359621076254 0.5659005200822328 0.0 1.0 1.0 1 0 0 0.0 1.0 0.0
cell 27.925316460046524 45.944703028834205 0.0 1.1832159566199234 0.8451542547285166 1 0 0 0.7010629638221155 0.7130993764945747 1.553774063238272
cell 51.27685646588361 25.718326325896395 0.0 1.0 1.0 1 0 0 0.0 1.0 0.0
cell 56.46082927210051 33.70374395602335 0.0 1.643167672515499 0.6085806194501844 1 0 0 0.9754008110522103 0.22043878469700004 2.6970640569787876
cell 34.936077117295056 4.35785343516611 0.0 1.0 1.0 1 0 0 0.0 1.0 0.0
cell 14.83746446236692 0.7161488266671647 0.0 1.0 1.0 1 0 0 0.0 1.0 0.0
cell 9.960788094005578 21.8955732707621 0.0 1.0 1.0 1 0 0 0.0 1.0 0.0
cell 60.01227059122625 6.1175695512667225 0.0 1.0 1.0 1 0 0 0.0 1.0 0.0
cell 11.956206526449837 12.981323967517124 0.0 1.0 1.0 1 0 0 0.0 1.0 0.0
cell 58.35905447204904 15.187809412210003 0.0 1.0 1.0 1 0 0 0.0 1.0 0.0
cell 57.886795730644806 22.51155975895607 0.0 1.0 1.0 1 0 0 0.0 1.0 0.0
cell 56.44148589756767 10.154156955085657 0.0 1.0 1.0 1 0 0 0.0 1.0 0.0
cell 32.64867775185047 32.40449523787417 0.0 1.5165750888103104 0.6593804733957869 1 0 0 0.9947482757028063 -0.10235168775498317 3.3466551321408042
cell 26.91939132344538 35.22450798749485 0.0 1.643167672515499 0.6085806194501844 1 0 0 0.9858444497384942 0.16766252091569442 2.8046763612621253
cell 26.536220041388326 55.43798170691506 0.0 1.0 1.0 1 0 0 0.0 1.0 0.0
cell 30.879334156597874 11.063363384100109 0.0 1.0 1.0 1 0 0 0.0 1.0 0.0
cell 1.5869316494095864 58.57641321729101 0.0 1.0488088481701516 0.9534625892455922 1 0 0 0.7434479894503494 0.6687937551908161 1.6764224529366534
cell 47.328598817763556 40.42785749636763 0.0 1.0 1.0 1 0 0 0.0 1.0 0.0
cell 57.30486370824821 24.46393017308481 0.0 1.0 1.0 1 0 0 0.0 1.0 0.0
cell 2.565984718212784 10.99688285434077 0.0 1.0 1.0 1 0 0 0.0 1.0 0.0
cell 42.82929721434137 6.7894860107246044 0.0 1.0 1.0 1 0 0 0.0 1.0 0.0
cell 14.52564783480295 55.827870070961524 0.0 1.0 1.0 1 0 0 0.0 1.0 0.0
cell 2.653473826565325 16.043216301696827 0.0 1.0 1.0 1 0 0 0.0 1.0 0.0
cell 59.44571254226314 29.576641186707842 0.0 1.0 1.0 1 0 0 0.0 1.0 0.0
cell 44.372769439808884 3.024803104628059 0.0 1.0 1.0 1 0 0 0.0 1.0 0.0
cell 41.64753988362975 25.983168097659735 0.0 1.0 1.0 1 0 0 0.0 1.0 0.0
cell 12.212638244064175 9.530701808083123 0.0 1.0 1.0 1 0 0 0.0 1.0 0.0
cell 49.81831566118631 18.924843225802565 0.0 1.0 1.0 1 0 0 0.0 1.0 0.0
cell 16.60272038537143 55.815862992762554 0.0 1.0 1.0 1 0 0 0.0 1.0 0.0
cell 49.82641533615721 38.325091588956305 0.0 1.0 1.0 1 0 0 0.0 1.0 0.0
cell 32.620852659977636 44.509951674139465 0.0 1.0 1.0 1 0 0 0.0 1.0 0.0
cell 53.00088366604881 46.305031532437326 0.0 1.0 1.0 1 0 0 0.0 1.0 0.0
cell 38.06597259152352 15.92002826489468 0.0 1.0 1.0 1 0 0 0.0 1.0 0.0
cell 12.726524434446638 25.207700616298176 0.0 1.643167672515499 0.6085806194501844 1 0 0 0.9988142497091611 0.04868361714093905 3.0441869166366855
cell 12.01908619815035 28.701559414477536 0.0 1.643167672515499 0.6085806194501844 1 0 0 0.794961337488086 0.6066600958519964 1.8378876934698283
cell 32.48187255917188 58.01486427659354 0.0 1.0 1.0 1 0 0 0.0 1.0 0.0
cell 40.96590151487468 10.42668455332487 0.0 1.0 1.0 1 0 0 0.0 1.0 0.0
cell 56.504758367889714 20.968571851327447 0.0 1.0 1.0 1 0 0 0.0 1.0 0.0
cell 34.285809304865275 51.261539010828805 0.0 1.0 1.0 1 0 0 0.0 1.0 0.0
cell 22.95955451401144 57.27925335953883 0.0 1.0 1.0 1 0 0 0.0 1.0 0.0
cell 51.932236954479066 51.6264297425747 0.0 1.6124515496597105 0.6201736729460421 1 0 0 0.9941120950329461 0.10835655268236839 2.9244532152494926
cell 2.010667410212385 7.792838801653492 0.0 1.0 1.0 1 0 0 0.0 1.0 0.0
cell 11.296198666234694 18.214387597438567 0.0 1.0 1.0 1 0 0 0.0 1.0 0.0
cell 3.2697086375672617 9.387956335915177 0.0 1.0 1.0 1 0 0 0.0 1.0 0.0
cell 13.730585199354422 37.99238636315287 0.0 1.643167672515499 0.6085806194501844 1 0 0 0.996015449566888 0.08918085121857702 2.962993675869175
cell 21.930614606008664 27.188281173202444 0.0 1.140175425099138 0.8770580193070291 1 0 0 0.22566702667543437 -0.9742044924303463 5.827929966162981
cell 30.30375189090815 5.928615903491001 0.0 1.0 1.0 1 0 0 0.0 1.0 0.0
cell 37.65420058633144 42.01710872037973 0.0 1.0 1.0 1 0 0 0.0 1.0 0.0
cell 43.52022818916157 46.47233594009885 0.0 1.0 1.0 1 0 0 0.0 1.0 0.0
cell 7.970423308222777 57.465097800340196 0.0 1.0 1.0 1 0 0 0.0 1.0 0.0
cell 3.110868702353011 35.16319604852788 0.0 1.0 1.0 1 0 0 0.0 1.0 0.0
cell 42.46660444322097 3.300262824137783 0.0 1.0 1.0 1 0 0 0.0 1.0 0.0
cell 14.498213186349032 33.43745751017628 0.0 1.6124515496597105 0.6201736729460421 1 0 0 0.9618634127048273 -0.2735302091174264 3.6957152606632326
cell 29.358638081765584 53.34787128747024 0.0 1.0 1.0 1 0 0 0.0 1.0 0.0
cell 15.035068253484916 17.53458158188857 0.0 1.0 1.0 1 0 0 0.0 1.0 0.0
cell 53.91233231096103 23.369699476508277 0.0 1.0 1.0 1 0 0 0.0 1.0 0.0
cell 38.708123126335956 59.78502769789425 0.0 1.0 1.0 1 0 0 0.0 1.0 0.0
cell 48.42362448906857 11.385882270278318 0.0 1.0 1.0 1 0 0 0.0 1.0 0.0
cell 35.6979118741622 27.72590262782189 0.0 1.0 1.0 1 0 0 0.0 1.0 0.0
cell 39.04760112498362 49.0520571518964 0.0 1.0 1.0 1 0 0 0.0 1.0 0.0
cell 31.74725507955655 42.63178774272106 0.0 1.0 1.0 1 0 0 0.0 1.0 0.0
cell 37.840637606511294 47.402618339610505 0.0 1.0 1.0 1 0 0 0.0 1.0 0.0
cell 13.138132519603241 17.994329394251388 0.0 1.0 1.0 1 0 0 0.0 1.0 0.0
cell 33.11564963396852 4.998831902702206 0.0 1.643167672515499 0.6085806194501844 1 0 0 0.8735563143372448 0.4867230893244421 2.12492348228564
cell 56.77519305397353 4.726282911349835 0.0 1.0 1.0 1 0 0 0.0 1.0 0.0
cell 4.69826490822099 59.51964073447246 0.0 1.0 1.0 1 0 0 0.0 1.0 0.0
cell 23.068910948010096 28.82244341215277 0.0 1.0488088481701516 0.9534625892455922 1 0 0 0.3541294776964965 0.9351964034503162 0.7239661173190638
cell 0.17908023045408836 53.38048972049572 0.0 1.0488088481701516 0.9534625892455922 1 0 0 0.22510275772423596 0.9743350288606809 0.454096998721241
cell 22.98888231215618 7.199504724629583 0.0 1.0 1.0 1 0 0 0.0 1.0 0.0
cell 13.311114688701826 3.6102708743367606 0.0 1.0 1.0 1 0 0 0.0 1.0 0.0
cell 57.239959338583816 31.756865335001848 0.0 1.0 1.0 1 0 0 0.0 1.0 0.0
cell 40.26398929032882 50.616403856562464 0.0 1.0 1.0 1 0 0 0.0 1.0 0.0
cell 27.098473408910756 27.57083220736662 0.0 1.643167672515499 0.6085806194501844 1 0 0 0.43579935687076754 -0.9000438436826427 5.381332873093731
cell 47.26519274797334 16.09267789606695 0.0 1.0 1.0 1 0 0 0.0 1.0 0.0
cell 23.701701943235506 23.00552941011954 0.0 1.140175425099138 0.8770580193070291 1 0 0 0.8169976367907169 -0.5766410161256168 4.37081529583398
cell 14.538120684485817 22.774907339074872 0.0 1.6124515496597105 0.6201736729460421 1 0 0 -0.37805243839629377 0.9257841831780323 5.507801903228638
cell 29.987205778504293 19.853064031129826 0.0 1.0 1.0 1 0 0 0.0 1.0 0.0
cell 0.2393806124001284 29.08780510363695 0.0 1.0 1.0 1 0 0 0.0 1.0 0.0
cell 10.948938817943048 11.398178024768795 0.0 1.0 1.0 1 0 0 0.0 1.0 0.0
cell 19.57856309160825 35.901825068435315 0.0 1.643167672515499 0.6085806194501844 1 0 0 0.9314636965436854 -0.3638342782382842 3.8863546578593517
cell 24.27310322390078 40.57928539577651 0.0 1.0 1.0 1 0 0 0.0 1.0 0.0
cell 19.04581222685582 29.878409230075214 0.0 1.0 1.0 1 0 0 0.0 1.0 0.0
cell 39.685720533180444 41.75242861644444 0.0 1.0 1.0 1 0 0 0.0 1.0 0.0
cell 31.1353642402623 21.500591980117367 0.0 1.0 1.0 1 0 0 0.0 1.0 0.0
cell 33.934778880014655 9.423821212213305 0.0 1.0 1.0 1 0 0 0.0 1.0 0.0
cell 55.89989752206757 22.900870334987584 0.0 1.0 1.0 1 0 0 0.0 1.0 0.0
cell 25.83932395592631 31.440689072867016 0.0 1.58113883008419 0.6324555320336757 1 0 0 0.9413076267909005 0.3375499248189557 2.452966980442738
cell 36.48778017387272 54.60153236873669 0.0 1.0 1.0 1 0 0 0.0 1.0 0.0
cell 5.946317066202354 27.871445634165056 0.0 1.0 1.0 1 0 0 0.0 1.0 0.0
cell 41.44822034389032 52.19136852811645 0.0 1.0 1.0 1 0 0 0.0 1.0 0.0
cell 15.986790957038695 23.35013372851806 0.0 1.0 1.0 1 0 0 0.0 1.0 0.0
cell 35.68718294508703 35.83773861852193 0.0 1.0 1.0 1 0 0 0.0 1.0 0.0
cell 20.83677914060526 49.77833134354045 0.0 1.0 1.0 1 0 0 0.0 1.0 0.0
cell 6.299257356365125 3.485046721499049 0.0 1.0 1.0 1 0 0 0.0 1.0 0.0
cell 48.311102402136 2.467302161971614 0.0 1.0 1.0 1 0 0 0.0 1.0 0.0
cell 24.233800774796496 12.471062693407125 0.0 1.0 1.0 1 0 0 0.0 1.0 0.0
cell 37.6282475196536 28.40411733219113 0.0 1.0 1.0 1 0 0 0.0 1.0 0.0
cell 5.887702332998149 35.749624325664136 0.0 1.264911064067352 0.7905694150420947 1 0 0 0.277793845283915 0.9606407130256225 0.5629935980259707
cell 38.50966441566463 33.268307586064836 0.0 1.0954451150103324 0.9128709291752768 1 0 0 0.5899826102286305 -0.8074159520518602 5.021110701087102
cell 19.0897931705013 10.871022580297836 0.0 1.0 1.0 1 0 0 0.0 1.0 0.0
cell 20.118159442340097 38.39714182054333 0.0 1.643167672515499 0.6085806194501844 1 0 0 0.1200511286276572 0.9927677102500996 0.24068276666593313
cell 57.815616400669505 54.88693484172214 0.0 1.0954451150103324 0.9128709291752768 1 0 0 0.2757074235332791 -0.96124160158029 5.724534162206281
cell 31.984970955454447 47.89756592321813 0.0 1.0 1.0 1 0 0 0.0 1.0 0.0
cell 44.60472279272806 58.82482860822619 0.0 1.0 1.0 1 0 0 0.0 1.0 0.0
cell 53.23554110180851 55.7942982737623 0.0 1.0 1.0 1 0 0 0.0 1.0 0.0
cell 58.918433313597085 59.72222805186754 0.0 1.0 1.0 1 0 0 0.0 1.0 0.0
cell 17.595070157674737 35.57211166591571 0.0 1.6124515496597105 0.6201736729460421 1 0 0 0.9340556886983326 -0.35712738681076206 3.871973970991233
cell 34.91812959657058 11.00811705204375 0.0 1.0 1.0 1 0 0 0.0 1.0 0.0
cell 47.214994259925604 31.78874437609096 0.0 1.0 1.0 1 0 0 0.0 1.0 0.0
cell 59.20485625389601 32.08063123835414 0.0 1.140175425099138 0.8770580193070291 1 0 0 0.5003586504549379 -0.8658182378045136 5.23515938916927
cell 11.101736884048954 8.002428240927577 0.0 1.0 1.0 1 0 0 0.0 1.0 0.0
cell 20.32723167190775 26.025150977050277 0.0 1.0 1.0 1 0 0 0.0 1.0 0.0
cell 27.871730439121624 32.712904420829034 0.0 1.643167672515499 0.6085806194501844 1 0 0 0.9474706978815514 0.31984258105487784 2.4904659813314
cell 8.058719146126073 16.829020645872035 0.0 1.0 1.0 1 0 0 0.0 1.0 0.0
cell 17.621542825573165 19.678667889712056 0.0 1.0 1.0 1 0 0 0.0 1.0 0.0
cell 4.675460338150182 6.1743421555310425 0.0 1.0 1.0 1 0 0 0.0 1.0 0.0
cell 19.70266133766308 0.6837720598817951 0.0 1.0 1.0 1 0 0 0.0 1.0 0.0
cell 16.695643700485384 45.8942192635644 0.0 1.0 1.0 1 0 0 0.0 1.0 0.0
cell 8.652682900436641 20.289314007421503 0.0 1.0 1.0 1 0 0 0.0 1.0 0.0
cell 17.5143673656259 31.233933565924122 0.0 1.0 1.0 1 0 0 0.0 1.0 0.0
cell 0.5826283472050477 16.382557390417205 0.0 1.0 1.0 1 0 0 0.0 1.0 0.0
cell 21.95346666596992 5.494719033818368 0.0 1.0 1.0 1 0 0 0.0 1.0 0.0
cell 6.337772635562933 1.4147894553885536 0.0 1.0 1.0 1 0 0 0.0 1.0 0.0
cell 17.21787216356478 14.473302626459946 0.0 1.0 1.0 1 0 0 0.0 1.0 0.0
cell 9.895248219044428 60.90373734033147 0.0 1.4832396974191329 0.6741998624632419 1 0 0 0.5630522416575252 0.8264213048829488 1.196148994498812
cell 39.42437873601337 36.413472775040745 0.0 1.0 1.0 1 0 0 0.0 1.0 0.0
cell 45.966436384576106 8.120174732520368 0.0 1.0 1.0 1 0 0 0.0 1.0 0.0
cell 9.61432207832821 6.70814661633229 0.0 1.0 1.0 1 0 0 0.0 1.0 0.0
cell 24.487807438493213 42.52019457681619 0.0 1.643167672515499 0.6085806194501844 1 0 0 0.39231127321751713 -0.9198325200309296 5.476899384598191
cell 53.03816252955651 61.0467913747794 0.0 1.0 1.0 1 0 0 0.0 1.0 0.0
cell 46.241647642547 33.56091299536662 0.0 1.0 1.0 1 0 0 0.0 1.0 0.0
cell 60.314435645005304 33.393153481879644 0.0 1.4491376746189442 0.690065559342354 1 0 0 0.9140548902383395 0.40559050485850523 2.306343121822436
cell 10.484479226237049 38.639078827981194 0.0 1.643167672515499 0.6085806194501844 1 0 0 0.9780976126969834 0.20814672718172136 2.722233046401027
cell 22.645331267075637 50.86899492649722 0.0 1.643167672515499 0.6085806194501844 1 0 0 0.9994008028985936 -0.034612644591921087 3.210831772619288
cell 40.76841844678758 59.553577122907186 0.0 1.0 1.0 1 0 0 0.0 1.0 0.0
cell 2.7438389687339972 26.69343380768977 0.0 1.0 1.0 1 0 0 0.0 1.0 0.0
cell 5.36157672214247 19.074764819174828 0.0 1.0 1.0 1 0 0 0.0 1.0 0.0
cell 43.77235695868947 25.532572370599848 0.0 1.0 1.0 1 0 0 0.0 1.0 0.0
cell 55.04045303277642 60.75716125279193 0.0 1.0 1.0 1 0 0 0.0 1.0 0.0
cell 61.111640542039225 18.247645110921514 0.0 1.0 1.0 1 0 0 0.0 1.0 0.0
cell 45.382230755543254 40.67915226927965 0.0 1.0 1.0 1 0 0 0.0 1.0 0.0
cell 32.52147841159779 54.71016726820575 0.0 1.0 1.0 1 0 0 0.0 1.0 0.0
cell 51.417227287613365 31.072008261222617 0.0 1.0 1.0 1 0 0 0.0 1.0 0.0
cell 54.56783192435068 57.22103391453875 0.0 1.0 1.0 1 0 0 0.0 1.0 0.0
cell 10.928693831787186 58.48379932172896 0.0 1.643167672515499 0.6085806194501844 1 0 0 0.9287246575042555 0.3707701586476497 2.3819163568986577
cell 32.23163321028826 19.851543846216497 0.0 1.0488088481701516 0.9534625892455922 1 0 0 0.9436352364250236 -0.33098722116886914 3.816291799284033
cell 53.17403792514708 8.861243546744742 0.0 1.0 1.0 1 0 0 0.0 1.0 0.0
cell 34.92990808874517 14.429775564342176 0.0 1.0 1.0 1 0 0 0.0 1.0 0.0
cell 45.08981808592199 1.1282861510111464 0.0 1.0 1.0 1 0 0 0.0 1.0 0.0
cell 19.125057599398076 56.57619657852605 0.0 1.0 1.0 1 0 0 0.0 1.0 0.0
cell 32.24436119527124 51.38075436132776 0.0 1.0 1.0 1 0 0 0.0 1.0 0.0
cell 52.68116459937459 27.20906832190438 0.0 1.0 1.0 1 0 0 0.0 1.0 0.0
cell 13.353445122721473 40.2782250300348 0.0 1.643167672515499 0.6085806194501844 1 0 0 0.30753303845744123 -0.9515374034987453 5.657986634253979
cell 33.23903442777309 7.880271025790276 0.0 1.0 1.0 1 0 0 0.0 1.0 0.0
cell 49.424313492262826 34.996958391067714 0.0 1.0 1.0 1 0 0 0.0 1.0 0.0
cell 39.20937925378007 17.531273265157065 0.0 1.0 1.0 1 0 0 0.0 1.0 0.0
cell 30.04223187498767 7.788678558339194 0.0 1.0 1.0 1 0 0 0.0 1.0 0.0
cell 6.124360639024555 32.24016594404444 0.0 1.643167672515499 0.6085806194501844 1 0 0 0.9810544379908072 -0.19373226292629095 3.5315227855926166
cell 55.50596358239584 30.269954400994102 0.0 1.0 1.0 1 0 0 0.0 1.0 0.0
cell 20.99863212567577 40.482570219737354 0.0 1.643167672515499 0.6085806194501844 1 0 0 0.3573785171293013 0.9339596326900118 0.7309190652756695
cell 37.70390426409615 21.29963283651508 0.0 1.0 1.0 1 0 0 0.0 1.0 0.0
cell 28.859019941861593 14.548610892713546 0.0 1.0 1.0 1 0 0 0.0 1.0 0.0
cell 32.64588247576496 3.0006675337162596 0.0 1.4142135623730954 0.7071067811865474 1 0 0 0.7888187235235571 0.6146259199046734 1.8177693523468472
cell 21.89283244479159 22.699598717952064 0.0 1.643167672515499 0.6085806194501844 1 0 0 0.8720423562190436 -0.4894304127860657 4.164465590596887
cell 57.97265629325959 6.357834598480241 0.0 1.0 1.0 1 0 0 0.0 1.0 0.0
cell 19.71134347995604 22.322008786104472 0.0 1.2247448713915894 0.8164965809277259 1 0 0 0.9943209458897986 -0.10642300768544506 3.3548425078250093
cell 22.75409660180331 42.14246624985233 0.0 1.643167672515499 0.6085806194501844 1 0 0 -0.10304845928671247 0.9946763368245144 6.076721877823299
cell 26.790960818364958 21.470269476283335 0.0 1.0 1.0 1 0 0 0.0 1.0 0.0
cell 8.070059605315791 49.19616517104492 0.0 1.6124515496597105 0.6201736729460421 1 0 0 0.3500677550581101 -0.9367243814850637 5.567898438035469
cell 21.130288096076963 10.695790097884876 0.0 1.0 1.0 1 0 0 0.0 1.0 0.0
cell 60.36643255375543 3.1853563237944145 0.0 1.0 1.0 1 0 0 0.0 1.0 0.0
cell 23.873355400226274 19.380458865910203 0.0 1.0 1.0 1 0 0 0.0 1.0 0.0
cell 28.97286760663436 18.064048929142285 0.0 1.0 1.0 1 0 0 0.0 1.0 0.0
cell 48.55914368638744 42.08747332841335 0.0 1.0 1.0 1 0 0 0.0 1.0 0.0
cell 28.8884104328418 21.619144833217515 0.0 1.0 1.0 1 0 0 0.0 1.0 0.0
cell 31.67429122414545 5.961975966527571 0.0 1.643167672515499 0.6085806194501844 1 0 0 0.8404489243317029 0.5418907690574581 1.996222263121075
cell 28.62487779204776 24.695842853342384 0.0 1.643167672515499 0.6085806194501844 1 0 0 0.5678864607790218 -0.8231068992930849 5.075313675215685
cell 7.833607909860692 6.6759138356272985 0.0 1.0 1.0 1 0 0 0.0 1.0 0.0
cell 58.05910383345219 42.20002138182775 0.0 1.2247448713915894 0.8164965809277259 1 0 0 0.4374592226044461 0.899238249052115 0.905542495293074
cell 5.598521029403589 43.63682116353386 0.0 1.643167672515499 0.6085806194501844 1 0 0 0.9999834396397593 -0.005755036597251489 3.1531027903217033
cell 35.133019876766 44.3609706921542 0.0 1.0 1.0 1 0 0 0.0 1.0 0.0
cell 25.431175529322257 53.89240566313816 0.0 1.0 1.0 1 0 0 0.0 1.0 0.0
cell 2.3843870978860444 30.463779906708254 0.0 1.643167672515499 0.6085806194501844 1 0 0 0.9915053981670355 -0.13006554272991874 3.402462820941521
cell 22.870220169382804 45.072072176996215 0.0 1.0 1.0 1 0 0 0.0 1.0 0.0
cell 49.18398521646616 9.47827491021676 0.0 1.0 1.0 1 0 0 0.0 1.0 0.0
cell 24.5212486445157 57.68241975352835 0.0 1.0 1.0 1 0 0 0.0 1.0 0.0
cell 31.05416640044349 18.08729445727396 0.0 1.0 1.0 1 0 0 0.0 1.0 0.0
cell 27.74940912565217 57.093557988370954 0.0 1.0 1.0 1 0 0 0.0 1.0 0.0
cell 0.22807793963818562 31.1612999173929 0.0 1.30384048104053 0.7669649888473703 1 0 0 -0.0027794054208995877 -0.9999961374452935 0.005558817998880805
cell 30.89713339000766 14.545589804181784 0.0 1.0 1.0 1 0 0 0.0 1.0 0.0
cell 53.96110822795039 6.950061982966792 0.0 1.0 1.0 1 0 0 0.0 1.0 0.0
cell 36.964345209374564 4.181773164493048 0.0 1.0 1.0 1 0 0 0.0 1.0 0.0
cell 17.671185520482453 28.316732017874426 0.0 1.0 1.0 1 0 0 0.0 1.0 0.0
cell 51.5801915616919 43.24873607371044 0.0 1.0 1.0 1 0 0 0.0 1.0 0.0
cell 60.02299289913299 27.5719834344439 0.0 1.0 1.0 1 0 0 0.0 1.0 0.0
cell 49.308877379275486 49.97779849363151 0.0 1.0 1.0 1 0 0 0.0 1.0 0.0
cell 27.95002188787598 8.713157779543884 0.0 1.0 1.0 1 0 0 0.0 1.0 0.0
cell 36.61895756246114 45.82403360335444 0.0 1.0 1.0 1 0 0 0.0 1.0 0.0
cell 49.9929533887109 29.590590521985416 0.0 1.0 1.0 1 0 0 0.0 1.0 0.0
cell 39.92455450274076 56.66960055105902 0.0 1.5491933384829673 0.6454972243679027 1 0 0 0.9686644814229721 0.24837295027753026 2.639592235561157
cell 17.00062931450181 7.559430238368579 0.0 1.0 1.0 1 0 0 0.0 1.0 0.0
cell 55.287264044118096 24.859683771644466 0.0 1.0 1.0 1 0 0 0.0 1.0 0.0
cell 35.16099905561979 49.55610974144383 0.0 1.0 1.0 1 0 0 0.0 1.0 0.0
cell 11.954196492973 21.863006678258845 0.0 1.0 1.0 1 0 0 0.0 1.0 0.0
cell 48.882509309221696 46.52068792176072 0.0 1.0 1.0 1 0 0 0.0 1.0 0.0
cell 54.08063298062732 28.726423031167144 0.0 1.0 1.0 1 0 0 0.0 1.0 0.0
cell 23.817213384206884 35.79345416572616 0.0 1.643167672515499 0.6085806194501844 1 0 0 0.9884420683885313 -0.15159906807036078 3.445964331454439
cell 46.50416898699657 18.00366698407104 0.0 1.0 1.0 1 0 0 0.0 1.0 0.0
cell 16.946900877693103 33.86426525958149 0.0 1.643167672515499 0.6085806194501844 1 0 0 0.9735249002455082 -0.22858098915258335 3.6028323173034638
cell 28.13367382226327 60.80243137968397 0.0 1.0 1.0 1 0 0 0.0 1.0 0.0
cell 3.3237746347346917 19.41969057192206 0.0 1.0 1.0 1 0 0 0.0 1.0 0.0
cell 1.2357016734615922 9.462885193711589 0.0 1.0 1.0 1 0 0 0.0 1.0 0.0
cell 45.22403647876196 26.9716256823068 0.0 1.0 1.0 1 0 0 0.0 1.0 0.0
cell 39.93696886529673 58.16286227259866 0.0 1.0 1.0 1 0 0 0.0 1.0 0.0
cell 26.209380544541528 51.804039547069394 0.0 1.0 1.0 1 0 0 0.0 1.0 0.0
cell 8.256326294893789 30.57749675645266 0.0 1.643167672515499 0.6085806194501844 1 0 0 0.9565176744446447 -0.291674370617318 3.7335463686167794
cell 0.5411129674362857 11.195025386956935 0.0 1.0 1.0 1 0 0 0.0 1.0 0.0
cell 5.294293094115289 39.644792074508175 0.0 1.643167672515499 0.6085806194501844 1 0 0 -0.02340508828143014 0.999726063400639 6.236370855808118
cell 20.05111381773398 9.099835340697544 0.0 1.0 1.0 1 0 0 0.0 1.0 0.0
cell 15.773001668195093 20.56596865813391 0.0 1.0 1.0 1 0 0 0.0 1.0 0.0
cell 27.07231552607834 49.99572618907229 0.0 1.0 1.0 1 0 0 0.0 1.0 0.0
cell 38.029163423949285 0.30257708535432776 0.0 1.0 1.0 1 0 0 0.0 1.0 0.0
cell 0.1635751116607104 4.607501206363745 0.0 1.0 1.0 1 0 0 0.0 1.0 0.0
cell 33.48834782307205 56.35689002941858 0.0 1.0 1.0 1 0 0 0.0 1.0 0.0
cell 53.33194570578062 32.32267634502868 0.0 1.0 1.0 1 0 0 0.0 1.0 0.0
cell 37.11529311745722 43.93526029129952 0.0 1.0 1.0 1 0 0 0.0 1.0 0.0
cell 3.999955732971204 17.533870412681093 0.0 1.0 1.0 1 0 0 0.0 1.0 0.0
cell 46.06605214136899 38.8229703629911 0.0 1.0 1.0 1 0 0 0.0 1.0 0.0
cell 34.10495890735353 2.7655748756669496 0.0 1.643167672515499 0.6085806194501844 1 0 0 0.9095823932681315 0.4155236092650069 2.2845558809819027
cell 14.075686905693091 9.503011998976604 0.0 1.0 1.0 1 0 0 0.0 1.0 0.0
cell 43.013785541565056 10.14249866081215 0.0 1.0 1.0 1 0 0 0.0 1.0 0.0
cell 5.604360336045145 49.95936001482667 0.0 1.643167672515499 0.6085806194501844 1 0 0 0.2921476387568866 -0.9563732311021549 5.690241952589696
cell 14.548147450907154 49.543984806911666 0.0 1.341640786499874 0.7453559924999297 1 0 0 0.24679277777636544 -0.9690682766644595 5.784446788180729
cell 55.241136428026415 8.578725533850037 0.0 1.0 1.0 1 0 0 0.0 1.0 0.0
cell 54.09360858146091 54.14807375827769 0.0 1.0 1.0 1 0 0 0.0 1.0 0.0
cell 60.593610167756225 25.607531483587202 0.0 1.0 1.0 1 0 0 0.0 1.0 0.0
cell 25.911576217533124 19.579347318814172 0.0 1.0 1.0 1 0 0 0.0 1.0 0.0
cell 45.522725440483306 57.12371583564516 0.0 1.0 1.0 1 0 0 0.0 1.0 0.0
cell 22.40369815167845 55.485453742852194 0.0 1.0 1.0 1 0 0 0.0 1.0 0.0
cell 46.4893805310177 52.3296769623048 0.0 1.643167672515499 0.6085806194501844 1 0 0 0.8362974172513292 0.5482760526402335 1.980989779689586
cell 14.081624556910453 16.14923897197579 0.0 1.0 1.0 1 0 0 0.0 1.0 0.0
cell 40.022807437009135 0.13142001969225395 0.0 1.0 1.0 1 0 0 0.0 1.0 0.0
cell 13.982114572378682 51.64539989489907 0.0 1.140175425099138 0.8770580193070291 1 0 0 0.7513716892650991 -0.659879219684111 4.582908659774396
cell 34.9152728097543 23.438822756744333 0.0 1.0 1.0 1 0 0 0.0 1.0 0.0
cell 50.29645798068236 2.1626731279210603 0.0 1.0 1.0 1 0 0 0.0 1.0 0.0
cell 39.50487887963927 29.256984884793834 0.0 1.0 1.0 1 0 0 0.0 1.0 0.0
cell 7.348129948710471 53.69361187575295 0.0 1.643167672515499 0.6085806194501844 1 0 0 0.28474156804885276 -0.9586043184886456 5.705711656211906
cell 13.374550651928347 1.684373035100151 0.0 1.0 1.0 1 0 0 0.0 1.0 0.0
cell 34.20592606020563 41.079997454537875 0.0 1.643167672515499 0.6085806194501844 1 0 0 0.5392239130969332 0.8421624377425243 1.1390305932047022
cell 25.254289073701653 14.235070505706958 0.0 1.0 1.0 1 0 0 0.0 1.0 0.0
cell 5.041354720728027 33.80176571824884 0.0 1.6124515496597105 0.6201736729460421 1 0 0 0.9889929324462509 0.1479627641380275 2.844576564823195
cell 25.401134900632115 59.31535083528138 0.0 1.0 1.0 1 0 0 0.0 1.0 0.0
cell 40.88513026031651 53.641856306628966 0.0 1.643167672515499 0.6085806194501844 1 0 0 0.9977345027150069 -0.06727452780984834 3.2762434082150556
cell 49.31086384596182 26.17093581400751 0.0 1.0 1.0 1 0 0 0.0 1.0 0.0
cell 55.16257099083134 19.436364620069018 0.0 1.0 1.0 1 0 0 0.0 1.0 0.0
cell 16.40314748195975 35.974393319326246 0.0 1.643167672515499 0.6085806194501844 1 0 0 0.8734734023906257 -0.48687186745194494 4.158602467358625
cell 35.15229245940582 17.917243412505503 0.0 1.0 1.0 1 0 0 0.0 1.0 0.0
cell 2.346012479935716 52.06091572357627 0.0 1.6124515496597105 0.6201736729460421 1 0 0 0.2079539387388623 0.9781386197073467 0.41896540440478436
cell 10.444240891917467 40.49932284918335 0.0 1.643167672515499 0.6085806194501844 1 0 0 0.23110743490910296 0.9729282365774645 0.46643155719402646
cell 44.71578930769873 42.60697537989276 0.0 1.0 1.0 1 0 0 0.0 1.0 0.0
cell 31.103105559175336 49.787381790657086 0.0 1.0 1.0 1 0 0 0.0 1.0 0.0
cell 39.702444019721774 47.122918644599324 0.0 1.0 1.0 1 0 0 0.0 1.0 0.0
cell 26.043831329986627 48.40017494454522 0.0 1.0 1.0 1 0 0 0.0 1.0 0.0
cell 38.36459623583018 24.813051020428965 0.0 1.0 1.0 1 0 0 0.0 1.0 0.0
cell 10.105884493155484 16.546913951303264 0.0 1.0 1.0 1 0 0 0.0 1.0 0.0
cell 35.9465059634397 12.633765311699023 0.0 1.0 1.0 1 0 0 0.0 1.0 0.0
cell 59.27480960761167 24.03391567721438 0.0 1.0 1.0 1 0 0 0.0 1.0 0.0
cell 5.202266447620123 56.74459967979133 0.0 1.0 1.0 1 0 0 0.0 1.0 0.0
cell 14.80519010019862 35.60860355105992 0.0 1.2247448713915894 0.8164965809277259 1 0 0 0.8108501165550347 -0.5852538666960575 4.391978872549232
cell 35.05038064839026 7.7400904593861055 0.0 1.0 1.0 1 0 0 0.0 1.0 0.0
cell 48.65602953238943 28.10090818269775 0.0 1.0 1.0 1 0 0 0.0 1.0 0.0
cell 6.740048416520742 15.386220980972402 0.0 1.0 1.0 1 0 0 0.0 1.0 0.0
cell 14.406473011588137 19.404305543880128 0.0 1.0 1.0 1 0 0 0.0 1.0 0.0
cell 39.446712487277715 52.40979808543207 0.0 1.0 1.0 1 0 0 0.0 1.0 0.0
cell 41.6978139774401 5.204633433982464 0.0 1.0 1.0 1 0 0 0.0 1.0 0.0
cell 40.95432232416684 43.29917965431007 0.0 1.0 1.0 1 0 0 0.0 1.0 0.0
cell 56.91743606986949 50.256549948343824 0.0 1.6124515496597105 0.6201736729460421 1 0 0 0.9906035492505937 -0.13676479156612875 3.4159822056062397
cell 34.294014133053935 19.70752610731453 0.0 1.0 1.0 1 0 0 0.0 1.0 0.0
cell 36.30104171446985 51.171840739367276 0.0 1.0 1.0 1 0 0 0.0 1.0 0.0
cell 6.083780785733159 45.28079859835433 0.0 1.0488088481701516 0.9534625892455922 1 0 0 0.19583353787689897 0.9806371527953738 0.3942147487220464
cell 15.983876868974805 41.367267295463414 0.0 1.0 1.0 1 0 0 0.0 1.0 0.0
cell 51.8345802295552 33.04456828868757 0.0 1.0 1.0 1 0 0 0.0 1.0 0.0
cell 51.14448186693142 20.368165308729363 0.0 1.0 1.0 1 0 0 0.0 1.0 0.0
cell 42.680036141896615 58.96201134049669 0.0 1.0 1.0 1 0 0 0.0 1.0 0.0
cell 19.749778492730595 28.006083105392563 0.0 1.0 1.0 1 0 0 0.0 1.0 0.0
cell 51.8661200239431 54.40199053433463 0.0 1.0 1.0 1 0 0 0.0 1.0 0.0
cell 13.74052019198002 26.73339603363533 0.0 1.0 1.0 1 0 0 0.0 1.0 0.0
cell 35.23796243437038 38.01361968688666 0.0 1.0954451150103324 0.9128709291752768 1 0 0 0.6512050290194172 -0.7589018448915643 4.864842875227848
cell 34.30509367196193 1.0764367977783338 0.0 1.643167672515499 0.6085806194501844 1 0 0 0.9513566569408932 0.30809172545566293 2.5152195863691307
cell 2.698827855231793 21.29107713612144 0.0 1.0 1.0 1 0 0 0.0 1.0 0.0
cell 29.450302994107954 44.98570985957257 0.0 1.0 1.0 1 0 0 0.0 1.0 0.0
cell 8.076396515100376 4.557880094445587 0.0 1.0 1.0 1 0 0 0.0 1.0 0.0
cell 14.70410500452437 29.770515548115373 0.0 1.0 1.0 1 0 0 0.0 1.0 0.0
cell 42.06495135977885 34.07004896048002 0.0 1.0 1.0 1 0 0 0.0 1.0 0.0
cell 29.206574165314272 4.838654037314386 0.0 1.0 1.0 1 0 0 0.0 1.0 0.0
cell 46.07420063897867 11.438729592802531 0.0 1.0 1.0 1 0 0 0.0 1.0 0.0
cell 45.14404897678463 21.7988678819354 0.0 1.0 1.0 1 0 0 0.0 1.0 0.0
cell 16.522541025015002 29.830005150993458 0.0 1.0 1.0 1 0 0 0.0 1.0 0.0
cell 9.536339351644187 33.12047801807369 0.0 1.341640786499874 0.7453559924999297 1 0 0 0.9593106797959953 0.28235265118171904 2.569101320678601
cell 11.412065267645902 60.125731138003665 0.0 1.0 1.0 1 0 0 0.0 1.0 0.0
cell 60.67894889435627 35.035598539885186 0.0 1.4491376746189442 0.690065559342354 1 0 0 0.922218120344305 0.3866700641485155 2.347556538499623
cell 34.572467107094866 30.490024758063353 0.0 1.6124515496597105 0.6201736729460421 1 0 0 0.7856170388585358 -0.6187130742558667 4.475799726004209
cell 39.75753809892578 20.976398179362246 0.0 1.0 1.0 1 0 0 0.0 1.0 0.0
cell 42.2100205720794 44.82886402262491 0.0 1.0 1.0 1 0 0 0.0 1.0 0.0
cell 28.839245996086515 58.6475167065799 0.0 1.0 1.0 1 0 0 0.0 1.0 0.0
cell 27.579320500975008 28.9797826624649 0.0 1.643167672515499 0.6085806194501844 1 0 0 0.915518546459636 0.40227576497775164 2.3135901362082842
cell 50.623432453278085 27.676648316929946 0.0 1.0 1.0 1 0 0 0.0 1.0 0.0
cell 4.45275816076112 0.38724912740219447 0.0 1.0 1.0 1 0 0 0.0 1.0 0.0
cell 15.412074831598417 25.896360510623794 0.0 1.2247448713915894 0.8164965809277259 1 0 0 0.9249168179109009 -0.3801695410544793 3.9215518409513535
cell 38.32541808306442 40.24008166664739 0.0 1.0 1.0 1 0 0 0.0 1.0 0.0
cell 42.3804194504094 24.068971984320438 0.0 1.0 1.0 1 0 0 0.0 1.0 0.0
cell 41.97749201231616 11.990551482077958 0.0 1.0 1.0 1 0 0 0.0 1.0 0.0
cell 17.00414638733897 49.17198762156993 0.0 1.341640786499874 0.7453559924999297 1 0 0 0.9760358069223367 -0.2176099804821993 3.5803228507912186
cell 11.012188436466676 55.905603368692155 0.0 1.0 1.0 1 0 0 0.0 1.0 0.0
cell 42.40553821906322 55.328757453913 0.0 1.0 1.0 1 0 0 0.0 1.0 0.0
cell 27.069463086593327 10.58981244214808 0.0 1.0 1.0 1 0 0 0.0 1.0 0.0
cell 3.2839562701764935 14.255073571323946 0.0 1.0 1.0 1 0 0 0.0 1.0 0.0
cell 19.96612839446314 46.013771278704475 0.0 1.4832396974191329 0.6741998624632419 1 0 0 0.7188220678624437 -0.6951940986184796 4.678972431053712
cell 40.98762605955514 30.613131292517078 0.0 1.0 1.0 1 0 0 0.0 1.0 0.0
cell 40.95676034097985 48.718057032444555 0.0 1.0 1.0 1 0 0 0.0 1.0 0.0
cell 31.89321764941 9.415001546822186 0.0 1.0 1.0 1 0 0 0.0 1.0 0.0
cell 49.701655534067555 12.991177091176564 0.0 1.0 1.0 1 0 0 0.0 1.0 0.0
cell 35.79999549733263 42.41979259887044 0.0 1.0 1.0 1 0 0 0.0 1.0 0.0
cell 3.5266459863627526 57.91209255413344 0.0 1.0 1.0 1 0 0 0.0 1.0 0.0
cell 4.024441297712005 22.829465216025845 0.0 1.0 1.0 1 0 0 0.0 1.0 0.0
cell 29.84617355083803 12.756554721374043 0.0 1.0 1.0 1 0 0 0.0 1.0 0.0
cell 33.89686883273248 12.745482138354154 0.0 1.0 1.0 1 0 0 0.0 1.0 0.0
cell 41.24981049841312 17.21088041406898 0.0 1.0 1.0 1 0 0 0.0 1.0 0.0
cell 7.347875296652348 18.73312307545317 0.0 1.0 1.0 1 0 0 0.0 1.0 0.0
cell 50.13671391368968 44.93724334177676 0.0 1.0 1.0 1 0 0 0.0 1.0 0.0
cell 49.807096949033806 51.57039192802478 0.0 1.643167672515499 0.6085806194501844 1 0 0 0.8599246899370453 0.5104209318167472 2.0702442182491647
cell 4.67789633468984 15.693161455041286 0.0 1.0 1.0 1 0 0 0.0 1.0 0.0
cell 34.494309558831226 54.61226816807005 0.0 1.0 1.0 1 0 0 0.0 1.0 0.0
cell 54.30699719847118 1.4983861313604925 0.0 1.0 1.0 1 0 0 0.0 1.0 0.0
cell 56.65852373807827 26.360205158817987 0.0 1.0 1.0 1 0 0 0.0 1.0 0.0
cell 41.0416105325482 27.89690860469749 0.0 1.0 1.0 1 0 0 0.0 1.0 0.0
cell 56.615243156854625 56.817767508983536 0.0 1.0 1.0 1 0 0 0.0 1.0 0.0
cell 51.80783609851987 59.49305234755022 0.0 1.0 1.0 1 0 0 0.0 1.0 0.0
cell 15.122308822344008 8.017831410559802 0.0 1.0 1.0 1 0 0 0.0 1.0 0.0
cell 44.14101307329627 44.54912245397978 0.0 1.0 1.0 1 0 0 0.0 1.0 0.0
cell 38.7783701319026 31.159573802705676 0.0 1.0488088481701516 0.9534625892455922 1 0 0 0.09731882708773536 0.9952532571633551 0.19494620506327726
cell 52.529731195608804 21.830806961981395 0.0 1.0 1.0 1 0 0 0.0 1.0 0.0
cell 24.757483370032634 27.35013240233989 0.0 1.341640786499874 0.7453559924999297 1 0 0 0.9860600223914028 0.16639000042510466 2.8072576634132793
cell 31.631225289177817 35.62083533835962 0.0 1.2247448713915894 0.8164965809277259 1 0 0 0.9999836469126373 -0.005718907876675867 3.1530305316914196
cell 0.983615430486502 60.645816620303385 0.0 1.0 1.0 1 0 0 0.0 1.0 0.0
cell 11.853367561093966 46.19169783997039 0.0 1.643167672515499 0.6085806194501844 1 0 0 0.1284973631960794 -0.9917098505367661 6.025478042509312
cell 51.53024240784134 3.738621719690239 0.0 1.0 1.0 1 0 0 0.0 1.0 0.0
cell 1.4672173708926923 38.018662152157155 0.0 1.643167672515499 0.6085806194501844 1 0 0 0.07304491497407119 -0.9973286521485436 6.136965252486128
cell 33.273494968967626 59.690618669343344 0.0 1.0 1.0 1 0 0 0.0 1.0 0.0
cell 10.905255580438913 45.11367642828424 0.0 1.643167672515499 0.6085806194501844 1 0 0 0.07991160803191712 -0.9968019537008107 6.123191498856132
cell 6.336019237207007 58.47878848811666 0.0 1.0 1.0 1 0 0 0.0 1.0 0.0
cell 22.25968770655984 15.776416126862769 0.0 1.0 1.0 1 0 0 0.0 1.0 0.0
cell 5.37008045487776 9.146790342355365 0.0 1.0 1.0 1 0 0 0.0 1.0 0.0
cell 51.99273384140817 7.294718691092226 0.0 1.0 1.0 1 0 0 0.0 1.0 0.0
cell 31.944566540653298 26.662216811340052 0.0 1.0 1.0 1 0 0 0.0 1.0 0.0
cell 45.430270093939704 46.103685662491365 0.0 1.0 1.0 1 0 0 0.0 1.0 0.0
cell 0.19504657792362656 1.4144958904966622 0.0 1.0 1.0 1 0 0 0.0 1.0 0.0
cell 37.45109437852601 52.73832511890074 0.0 1.0 1.0 1 0 0 0.0 1.0 0.0
cell 49.2465855921725 15.620254273467907 0.0 1.0 1.0 1 0 0 0.0 1.0 0.0
cell 30.240598485414207 51.54833494678329 0.0 1.0 1.0 1 0 0 0.0 1.0 0.0
cell 2.6802572906481803 36.72885407794498 0.0 1.643167672515499 0.6085806194501844 1 0 0 0.2026572569568169 0.9792497312752956 0.4081414534983781
cell 42.19174965930526 50.25186870046743 0.0 1.0 1.0 1 0 0 0.0 1.0 0.0
cell 24.473453661946618 52.211088257978155 0.0 1.0 1.0 1 0 0 0.0 1.0 0.0
cell 2.187250100376977 28.645495396055768 0.0 1.0 1.0 1 0 0 0.0 1.0 0.0
cell 51.786036574572094 18.36277256910483 0.0 1.0 1.0 1 0 0 0.0 1.0 0.0
cell 11.715844107509769 23.833629739778644 0.0 1.0 1.0 1 0 0 0.0 1.0 0.0
cell 17.207513658825093 21.69890809435915 0.0 1.0 1.0 1 0 0 0.0 1.0 0.0
cell 45.582806219874 4.624916852150494 0.0 1.0 1.0 1 0 0 0.0 1.0 0.0
cell 18.952608969249262 20.667818219200694 0.0 1.0 1.0 1 0 0 0.0 1.0 0.0
cell 45.17607138325853 32.062735470194376 0.0 1.0 1.0 1 0 0 0.0 1.0 0.0
cell 55.5165831038773 3.112249022943503 0.0 1.0 1.0 1 0 0 0.0 1.0 0.0
cell 24.769291582153226 25.263512837621082 0.0 1.4832396974191329 0.6741998624632419 1 0 0 0.3770766100997976 -0.9261820717956298 5.509909561947724
cell 6.054450540463035 22.52710005568977 0.0 1.0 1.0 1 0 0 0.0 1.0 0.0
cell 31.108138483435557 4.099071456974903 0.0 1.0 1.0 1 0 0 0.0 1.0 0.0
cell 41.94814990804406 8.62953970894357 0.0 1.0 1.0 1 0 0 0.0 1.0 0.0
cell 21.059075722316585 56.99930972669146 0.0 1.0 1.0 1 0 0 0.0 1.0 0.0
cell 31.39126263105522 2.079335258552354 0.0 1.0 1.0 1 0 0 0.0 1.0 0.0
cell 3.404433236040215 24.73131043771278 0.0 1.0 1.0 1 0 0 0.0 1.0 0.0
cell 42.84969409697658 48.34628042586854 0.0 1.0 1.0 1 0 0 0.0 1.0 0.0
cell 56.093701606141046 44.58485998554366 0.0 1.0 1.0 1 0 0 0.0 1.0 0.0
cell 28.00554457912225 39.78417911139943 0.0 1.0 1.0 1 0 0 0.0 1.0 0.0
cell 51.235843012052676 9.187462898745423 0.0 1.0 1.0 1 0 0 0.0 1.0 0.0
cell 1.349563472772377 19.779173244166667 0.0 1.0 1.0 1 0 0 0.0 1.0 0.0
cell 18.502097918354163 16.024759217112194 0.0 1.0 1.0 1 0 0 0.0 1.0 0.0
cell 51.91764422769798 23.787682706201377 0.0 1.0 1.0 1 0 0 0.0 1.0 0.0
cell 14.767228061949906 6.464337788228526 0.0 1.0 1.0 1 0 0 0.0 1.0 0.0
cell 53.3522208488567 47.98389548324914 0.0 1.0 1.0 1 0 0 0.0 1.0 0.0
cell 14.26778521083143 44.96731014706029 0.0 1.643167672515499 0.6085806194501844 1 0 0 -0.0075666393713337944 -0.9999713725745474 0.01513342315325783
cell 43.86312868282253 60.661454504204826 0.0 1.0 1.0 1 0 0 0.0 1.0 0.0
cell 37.938802252027834 9.068486880238092 0.0 1.0 1.0 1 0 0 0.0 1.0 0.0
cell 11.661818982331255 0.7538861194386259 0.0 1.0 1.0 1 0 0 0.0 1.0 0.0
cell 57.69618928145655 11.772784296147979 0.0 1.0 1.0 1 0 0 0.0 1.0 0.0
cell 39.984097927489884 12.238492277436123 0.0 1.0 1.0 1 0 0 0.0 1.0 0.0
cell 39.000056053680275 14.053401046827345 0.0 1.0 1.0 1 0 0 0.0 1.0 0.0
cell 55.27573484798738 32.34464907335416 0.0 1.0 1.0 1 0 0 0.0 1.0 0.0
cell 4.778288724194384 26.21015919948464 0.0 1.0 1.0 1 0 0 0.0 1.0 0.0
cell 31.496775381198287 56.445310278047984 0.0 1.0 1.0 1 0 0 0.0 1.0 0.0
cell 6.392507063478451 60.54398329819169 0.0 1.0 1.0 1 0 0 0.0 1.0 0.0
cell 44.01548256550319 11.70698066409626 0.0 1.0 1.0 1 0 0 0.0 1.0 0.0
cell 36.15788355015751 29.735135813936918 0.0 1.0488088481701516 0.9534625892455922 1 0 0 0.3430953914660675 0.939300565503261 0.7004206883914612
cell 18.357285238392112 45.294725784606435 0.0 1.4142135623730954 0.7071067811865474 1 0 0 0.8233216255081774 -0.5675751060173203 4.348707848810041
cell 33.08526224759562 18.03760954389216 0.0 1.0 1.0 1 0 0 0.0 1.0 0.0
cell 55.023318488426725 46.374060763159235 0.0 1.0488088481701516 0.9534625892455922 1 0 0 0.6155328014800366 -0.7881112677167722 4.957061633744032
cell 46.73058023122165 36.92605696049188 0.0 1.0 1.0 1 0 0 0.0 1.0 0.0
cell 47.251055863610176 26.60356224543942 0.0 1.0 1.0 1 0 0 0.0 1.0 0.0
cell 11.578814334695133 2.612862790029761 0.0 1.0 1.0 1 0 0 0.0 1.0 0.0
cell 42.838429662179465 42.95675166809801 0.0 1.0 1.0 1 0 0 0.0 1.0 0.0
cell 27.486929102222955 5.0977043707948395 0.0 1.0 1.0 1 0 0 0.0 1.0 0.0
cell 20.190049142177966 43.48610223069085 0.0 1.643167672515499 0.6085806194501844 1 0 0 0.21645348896458053 -0.9762929309971778 5.846824570325462
cell 27.61437865247728 23.315676742953386 0.0 1.0 1.0 1 0 0 0.0 1.0 0.0
cell 34.07376562347732 6.119439735631565 0.0 1.0 1.0 1 0 0 0.0 1.0 0.0
cell 56.41811064072163 15.546746774570174 0.0 1.0 1.0 1 0 0 0.0 1.0 0.0
cell 20.124241821366006 12.433131732009402 0.0 1.0 1.0 1 0 0 0.0 1.0 0.0
cell 52.75779405811906 52.81701866624131 0.0 1.0 1.0 1 0 0 0.0 1.0 0.0
cell 30.68775634629596 43.92624673049903 0.0 1.0 1.0 1 0 0 0.0 1.0 0.0
cell 8.649517061065964 10.351537416123715 0.0 1.0 1.0 1 0 0 0.0 1.0 0.0
cell 8.042046118298979 22.159076100585587 0.0 1.0 1.0 1 0 0 0.0 1.0 0.0
cell 25.030622261828064 29.57284134483831 0.0 1.1832159566199234 0.8451542547285166 1 0 0 0.5511214246081337 0.8344250567533918 1.1674151823744106
cell 25.02042790977016 50.06154171626251 0.0 1.0 1.0 1 0 0 0.0 1.0 0.0
cell 9.154535588595751 49.94874046689974 0.0 1.643167672515499 0.6085806194501844 1 0 0 0.2986895703653456 -0.9543503238093259 5.676546813846139
cell 13.148719282321307 7.649637064064652 0.0 1.0 1.0 1 0 0 0.0 1.0 0.0
cell 40.4149689118074 32.55191006947044 0.0 1.0 1.0 1 0 0 0.0 1.0 0.0
cell 60.474370206558575 45.38505275993091 0.0 1.6124515496597105 0.6201736729460421 1 0 0 0.009174725182633707 -0.9999579113231832 6.2648355993752896
cell 25.989132039394736 8.838208540856195 0.0 1.0 1.0 1 0 0 0.0 1.0 0.0
cell 19.83832508365877 42.283422841763105 0.0 1.643167672515499 0.6085806194501844 1 0 0 0.1732444481399238 -0.9848788560978925 5.934939342582828
cell 22.512168136062662 61.111900900048575 0.0 1.0 1.0 1 0 0 0.0 1.0 0.0
cell 38.40688877295397 19.397253560979298 0.0 1.0 1.0 1 0 0 0.0 1.0 0.0
cell 29.702426804643633 42.16947799753026 0.0 1.0 1.0 1 0 0 0.0 1.0 0.0
cell 10.586622412479855 20.05199352283481 0.0 1.0 1.0 1 0 0 0.0 1.0 0.0
cell 40.788973313184904 37.917028189633285 0.0 1.0 1.0 1 0 0 0.0 1.0 0.0
cell 36.160101413927634 58.24792092699362 0.0 1.0 1.0 1 0 0 0.0 1.0 0.0
cell 17.338460334385733 53.34538829899149 0.0 1.0 1.0 1 0 0 0.0 1.0 0.0
cell 18.092124413888605 39.39423184637795 0.0 1.643167672515499 0.6085806194501844 1 0 0 -0.03175159250907232 0.999495791073248 6.219671447050828
cell 44.120675430873064 39.10249700556787 0.0 1.0 1.0 1 0 0 0.0 1.0 0.0
cell 38.978550788926306 10.65687567890156 0.0 1.0 1.0 1 0 0 0.0 1.0 0.0
cell 25.66401592709329 5.228705988949156 0.0 1.0 1.0 1 0 0 0.0 1.0 0.0
cell 38.81204638710547 38.34470080332334 0.0 1.0 1.0 1 0 0 0.0 1.0 0.0
cell 12.076159967976613 16.32790993323762 0.0 1.0 1.0 1 0 0 0.0 1.0 0.0
cell 58.63566563759348 25.943035947388573 0.0 1.0 1.0 1 0 0 0.0 1.0 0.0
cell 13.491574078881186 53.81045552199455 0.0 1.0 1.0 1 0 0 0.0 1.0 0.0
cell 30.63813759542083 58.274861154051344 0.0 1.0 1.0 1 0 0 0.0 1.0 0.0
cell 26.351692520366065 60.9483163571858 0.0 1.0 1.0 1 0 0 0.0 1.0 0.0
cell 34.75095991515688 46.087870494832345 0.0 1.0 1.0 1 0 0 0.0 1.0 0.0
cell 54.71380816096431 26.790219016384768 0.0 1.0 1.0 1 0 0 0.0 1.0 0.0
cell 43.91232701464741 30.737350309182794 0.0 1.0 1.0 1 0 0 0.0 1.0 0.0
cell 17.216160639901645 51.276751461424034 0.0 1.0 1.0 1 0 0 0.0 1.0 0.0
cell 16.937317895671345 3.693883022366327 0.0 1.0 1.0 1 0 0 0.0 1.0 0.0
cell 9.56640461637339 52.20704176907366 0.0 1.140175425099138 0.8770580193070291 1 0 0 0.24529874234780463 -0.9694475370037232 5.787529631502841
cell 38.49076654261783 45.520612288090966 0.0 1.0 1.0 1 0 0 0.0 1.0 0.0
cell 26.4406986499767 3.377420492228927 0.0 1.0 1.0 1 0 0 0.0 1.0 0.0
cell 39.844644862350556 5.437060241667896 0.0 1.0 1.0 1 0 0 0.0 1.0 0.0
cell 6.277858727007413 5.374758606659617 0.0 1.0 1.0 1 0 0 0.0 1.0 0.0
cell 52.54679365049483 57.60502025093795 0.0 1.0 1.0 1 0 0 0.0 1.0 0.0
cell 6.6683838644822035 20.59913221326231 0.0 1.0 1.0 1 0 0 0.0 1.0 0.0
cell 11.637995050631757 4.385285968875439 0.0 1.0 1.0 1 0 0 0.0 1.0 0.0
cell 37.200236525068405 17.775841338764607 0.0 1.0 1.0 1 0 0 0.0 1.0 0.0
cell 23.4738958283041 59.286342740049044 0.0 1.0 1.0 1 0 0 0.0 1.0 0.0
cell 56.04961122257221 28.333930841908504 0.0 1.0 1.0 1 0 0 0.0 1.0 0.0
cell 56.97505795064061 60.2630303317324 0.0 1.0 1.0 1 0 0 0.0 1.0 0.0
cell 33.13883880928108 49.61964575649493 0.0 1.0 1.0 1 0 0 0.0 1.0 0.0
cell 26.130221605945177 12.441120547381445 0.0 1.0 1.0 1 0 0 0.0 1.0 0.0
cell 42.499396159203684 29.29895417067614 0.0 1.0 1.0 1 0 0 0.0 1.0 0.0
cell 27.048232346611396 14.260418161289248 0.0 1.0 1.0 1 0 0 0.0 1.0 0.0
cell 34.4362817790372 58.171802427029 0.0 1.0 1.0 1 0 0 0.0 1.0 0.0
cell 53.52515196301303 3.4352267087148247 0.0 1.0 1.0 1 0 0 0.0 1.0 0.0
cell 49.52622183479931 48.14968674106825 0.0 1.0 1.0 1 0 0 0.0 1.0 0.0
cell 39.584918844753716 26.561296885527977 0.0 1.1832159566199234 0.8451542547285166 1 0 0 0.5069801387884242 -0.861957736129835 5.219829957537344
cell 22.475756686029875 38.35014910507322 0.0 1.4832396974191329 0.6741998624632419 1 0 0 0.9091850660338273 -0.41639226181698547 4.000539846315412
cell 42.10520886609395 15.34492839236783 0.0 1.0 1.0 1 0 0 0.0 1.0 0.0
cell 35.95084770639787 47.70088815686237 0.0 1.0 1.0 1 0 0 0.0 1.0 0.0
cell 44.07789342524001 49.935522086875736 0.0 1.0 1.0 1 0 0 0.0 1.0 0.0
cell 11.608895624686841 6.2787612408633 0.0 1.0 1.0 1 0 0 0.0 1.0 0.0
cell 40.31033687729421 45.1656328503132 0.0 1.0 1.0 1 0 0 0.0 1.0 0.0
cell 9.648543790433045 23.85841793584714 0.0 1.0 1.0 1 0 0 0.0 1.0 0.0
cell 53.78956134225274 59.144995845209245 0.0 1.0 1.0 1 0 0 0.0 1.0 0.0
cell 56.995789522987145 46.197367681815074 0.0 1.0 1.0 1 0 0 0.0 1.0 0.0
cell 53.02819596237498 34.55395168223575 0.0 1.2247448713915894 0.8164965809277259 1 0 0 0.8409698409672193 0.5410819961739347 1.998146287850287
cell 54.361797491139036 15.936278372444509 0.0 1.0 1.0 1 0 0 0.0 1.0 0.0
cell 36.04550171065904 16.07986801129637 0.0 1.0 1.0 1 0 0 0.0 1.0 0.0
cell 41.57417658828442 41.35719773524486 0.0 1.0 1.0 1 0 0 0.0 1.0 0.0
cell 2.362027721838437 1.016860260673495 0.0 1.0 1.0 1 0 0 0.0 1.0 0.0
cell 4.815270356845732 38.30647531043578 0.0 1.643167672515499 0.6085806194501844 1 0 0 -0.1232567062524151 -0.9923748205007047 0.2471418995269623
cell 24.658786686382303 46.11124260801379 0.0 1.0 1.0 1 0 0 0.0 1.0 0.0
cell 1.39347968448379 25.17601633814561 0.0 1.0 1.0 1 0 0 0.0 1.0 0.0
cell 22.733057853376888 21.029406343302455 0.0 1.0 1.0 1 0 0 0.0 1.0 0.0
cell 12.809025654979312 58.88408497900159 0.0 1.0 1.0 1 0 0 0.0 1.0 0.0
cell 43.07228719358174 27.377580603955288 0.0 1.0 1.0 1 0 0 0.0 1.0 0.0
cell 3.3689763659273595 42.45818048111734 0.0 1.3784048752090226 0.7254762501100115 1 0 0 0.18259438973175954 0.9831883282659972 0.36724911921121256
cell 9.79481008060484 13.06849975429999 0.0 1.0 1.0 1 0 0 0.0 1.0 0.0
cell 15.021514650582425 11.167271572669641 0.0 1.0 1.0 1 0 0 0.0 1.0 0.0
cell 57.2136062121557 8.248714160017705 0.0 1.0 1.0 1 0 0 0.0 1.0 0.0
cell 45.03668228989299 9.917942521187886 0.0 1.0 1.0 1 0 0 0.0 1.0 0.0
cell 37.940776568983296 58.22044066403913 0.0 1.0 1.0 1 0 0 0.0 1.0 0.0
cell 47.92871528384729 24.678654614586726 0.0 1.0 1.0 1 0 0 0.0 1.0 0.0
cell 52.39670680945509 16.336223908063662 0.0 1.0 1.0 1 0 0 0.0 1.0 0.0
cell 37.22601848360997 26.377757571092115 0.0 1.0 1.0 1 0 0 0.0 1.0 0.0
cell 43.32017320959189 51.827987130781224 0.0 1.0 1.0 1 0 0 0.0 1.0 0.0
cell 10.35853710630624 9.745359181398033 0.0 1.0 1.0 1 0 0 0.0 1.0 0.0
cell 25.106246136208526 17.74266500762386 0.0 1.0 1.0 1 0 0 0.0 1.0 0.0
cell 31.893631436291773 12.79059898011822 0.0 1.0 1.0 1 0 0 0.0 1.0 0.0
cell 12.46229882471681 19.88282743429362 0.0 1.0 1.0 1 0 0 0.0 1.0 0.0
cell 37.95186799326168 5.725183708122093 0.0 1.0 1.0 1 0 0 0.0 1.0 0.0
cell 43.640476686908116 4.909919148102318 0.0 1.0 1.0 1 0 0 0.0 1.0 0.0
cell 17.520659684265016 42.105207086019824 0.0 1.643167672515499 0.6085806194501844 1 0 0 0.6947165136339629 -0.7192836475857572 4.7471339020650145
cell 19.27597629926294 40.85477284987362 0.0 1.643167672515499 0.6085806194501844 1 0 0 -0.17248267330674466 -0.9850125519042683 0.346699128477546
cell 53.46884515973515 30.52692799845684 0.0 1.0 1.0 1 0 0 0.0 1.0 0.0
cell 20.489778236796553 32.706291119791544 0.0 1.643167672515499 0.6085806194501844 1 0 0 0.9959465177345826 0.08994739469466999 2.961454402628344
cell 51.71652365421221 12.721537687667526 0.0 1.0 1.0 1 0 0 0.0 1.0 0.0
cell 48.213424904363976 51.676925274734344 0.0 1.0 1.0 1 0 0 0.0 1.0 0.0
cell 35.390166076513026 56.34053937841363 0.0 1.0 1.0 1 0 0 0.0 1.0 0.0
cell 9.356306786144856 18.427055687710013 0.0 1.0 1.0 1 0 0 0.0 1.0 0.0
cell 55.75854393709499 17.503864808282017 0.0 1.0 1.0 1 0 0 0.0 1.0 0.0
cell 54.99904738591607 13.989324564644384 0.0 1.0 1.0 1 0 0 0.0 1.0 0.0
cell 48.77470045882632 5.946133542839199 0.0 1.0 1.0 1 0 0 0.0 1.0 0.0
cell 0.037427571426601976 57.172171026162665 0.0 1.0 1.0 1 0 0 0.0 1.0 0.0
cell 18.125234120298863 12.63466927917107 0.0 1.0 1.0 1 0 0 0.0 1.0 0.0
cell 16.681533494233346 38.29001418600179 0.0 1.643167672515499 0.6085806194501844 1 0 0 0.1265626442566194 -0.9919586166160221 6.029379336214436
cell 36.39533472134417 60.163306883335075 0.0 1.0 1.0 1 0 0 0.0 1.0 0.0
cell 43.084691881139975 22.179757134285854 0.0 1.0 1.0 1 0 0 0.0 1.0 0.0
cell 18.794900078899328 59.906963525704285 0.0 1.0 1.0 1 0 0 0.0 1.0 0.0
cell 29.376124727608943 36.986114729296794 0.0 1.643167672515499 0.6085806194501844 1 0 0 -0.46915743382260916 0.88311454652779 5.306512404901389
cell 60.40802481274602 14.849886464576866 0.0 1.0 1.0 1 0 0 0.0 1.0 0.0
cell 44.765630680187066 37.198485591291565 0.0 1.0 1.0 1 0 0 0.0 1.0 0.0
cell 58.95905152948871 38.139066142900994 0.0 1.5165750888103104 0.6593804733957869 1 0 0 0.6282628169790623 -0.7780011778921246 4.924548680581566
cell 18.938586253559325 24.732733562994483 0.0 1.0 1.0 1 0 0 0.0 1.0 0.0
cell 48.26896202247011 33.32305974340259 0.0 1.0 1.0 1 0 0 0.0 1.0 0.0
cell 21.524162720917715 1.6382551993773429 0.0 1.0 1.0 1 0 0 0.0 1.0 0.0
cell 16.291543336390017 18.603994908929486 0.0 1.0 1.0 1 0 0 0.0 1.0 0.0
cell 9.292277415359894 27.621423067632843 0.0 1.0 1.0 1 0 0 0.0 1.0 0.0
cell 21.22572337389649 14.037857485247386 0.0 1.0 1.0 1 0 0 0.0 1.0 0.0
cell 7.497843362698939 52.087680925933235 0.0 1.643167672515499 0.6085806194501844 1 0 0 0.2989496747344338 -0.9542688782393441 5.676001698577051
cell 21.40810284500837 47.91554667272399 0.0 1.0 1.0 1 0 0 0.0 1.0 0.0
cell 18.02749677004086 23.3101793287624 0.0 1.0 1.0 1 0 0 0.0 1.0 0.0
cell 58.18568364445154 51.74322075507522 0.0 1.4142135623730954 0.7071067811865474 1 0 0 0.13695481924576708 -0.9905772950584721 6.008412089674749
cell 36.3905379549267 19.675339290187726 0.0 1.0 1.0 1 0 0 0.0 1.0 0.0
cell 14.077544063508292 12.964512198437811 0.0 1.0 1.0 1 0 0 0.0 1.0 0.0
cell 58.50785338521492 20.563519907888352 0.0 1.0 1.0 1 0 0 0.0 1.0 0.0
cell 40.25288607293707 39.792219281744515 0.0 1.0 1.0 1 0 0 0.0 1.0 0.0
cell 24.486911400099384 55.72606442073672 0.0 1.0 1.0 1 0 0 0.0 1.0 0.0
cell 52.04983260902639 44.93036191755017 0.0 1.0 1.0 1 0 0 0.0 1.0 0.0
cell 26.78400973181074 7.006268306154056 0.0 1.0 1.0 1 0 0 0.0 1.0 0.0
cell 16.06511074304186 9.442864614262826 0.0 1.0 1.0 1 0 0 0.0 1.0 0.0
cell 27.159690636932396 59.05273478057173 0.0 1.0 1.0 1 0 0 0.0 1.0 0.0
cell 53.72898812331623 12.429965141027404 0.0 1.0 1.0 1 0 0 0.0 1.0 0.0
cell 3.00220746059756 56.24043600976249 0.0 1.4142135623730954 0.7071067811865474 1 0 0 0.1152260704853056 -0.9933392938369625 6.0522201411060585
cell 19.996673155625956 2.4905317974978005 0.0 1.0 1.0 1 0 0 0.0 1.0 0.0
cell 28.924191846818257 10.91046568904911 0.0 1.0 1.0 1 0 0 0.0 1.0 0.0
cell 47.061878775099075 0.8229195361157253 0.0 1.0 1.0 1 0 0 0.0 1.0 0.0
cell 49.813927601079406 59.83667055779699 0.0 1.0 1.0 1 0 0 0.0 1.0 0.0
cell 58.94968890121818 49.40720370219083 0.0 1.643167672515499 0.6085806194501844 1 0 0 0.9991076750050176 0.04223569279730223 3.0570961337142055
cell 23.750310611707143 30.93074530310956 0.0 1.140175425099138 0.8770580193070291 1 0 0 0.32074068771864883 0.9471670450568729 0.6530227742437994
cell 27.96785102539234 19.777903585799553 0.0 1.0 1.0 1 0 0 0.0 1.0 0.0
cell 54.701425157341504 52.42584699039672 0.0 1.0 1.0 1 0 0 0.0 1.0 0.0
cell 61.03170606294114 13.025256713367193 0.0 1.0 1.0 1 0 0 0.0 1.0 0.0
cell 35.97287842192872 9.243158891988937 0.0 1.0 1.0 1 0 0 0.0 1.0 0.0
cell 49.93832082078278 24.261890893207923 0.0 1.0 1.0 1 0 0 0.0 1.0 0.0
cell 43.48297276025357 40.991293795733235 0.0 1.0 1.0 1 0 0 0.0 1.0 0.0
cell 20.897255601148025 31.270025607018187 0.0 1.643167672515499 0.6085806194501844 1 0 0 0.9953707325707918 -0.09610985767071653 3.3341095314177713
cell 31.364210035940946 53.14911907504714 0.0 1.0 1.0 1 0 0 0.0 1.0 0.0
cell 5.9997032776832215 12.234068773112345 0.0 1.0 1.0 1 0 0 0.0 1.0 0.0
cell 20.285240865117142 15.724701459034545 0.0 1.0 1.0 1 0 0 0.0 1.0 0.0
cell 7.969020844540479 42.147182136831816 0.0 1.643167672515499 0.6085806194501844 1 0 0 0.963108788506409 0.26911235850796067 2.5966501122861603
cell 30.766583634222627 40.824404357142164 0.0 1.0 1.0 1 0 0 0.0 1.0 0.0
cell 41.2946484340873 1.6304660037893386 0.0 1.0 1.0 1 0 0 0.0 1.0 0.0
cell 44.62475655548385 54.23326674738993 0.0 1.643167672515499 0.6085806194501844 1 0 0 0.9899628732025468 0.14132766778150055 2.8579878223663036
cell 15.937584985098061 44.11152350151019 0.0 1.643167672515499 0.6085806194501844 1 0 0 -0.06893728667039362 -0.9976209954218707 0.1379840122371867
cell 19.368058470315994 53.15985498579773 0.0 1.0 1.0 1 0 0 0.0 1.0 0.0
cell 42.78564592319742 37.54269794988777 0.0 1.0 1.0 1 0 0 0.0 1.0 0.0
cell 29.46585329057535 46.750282447034934 0.0 1.0 1.0 1 0 0 0.0 1.0 0.0
cell 28.30095016213624 43.613530046605426 0.0 1.2247448713915894 0.8164965809277259 1 0 0 0.005624860158813379 -0.9999841803489662 6.271935527539368
cell 48.51839185822951 22.758698520733603 0.0 1.0 1.0 1 0 0 0.0 1.0 0.0
cell 35.76095831455102 21.61840012515212 0.0 1.0 1.0 1 0 0 0.0 1.0 0.0
cell 11.83635920689862 32.70796499805416 0.0 1.0488088481701516 0.9534625892455922 1 0 0 0.8946002042008687 0.4468674016347176 2.2150714737316948
cell 25.110705148689693 10.656194747080695 0.0 1.0 1.0 1 0 0 0.0 1.0 0.0
cell 0.8937257365628759 6.1907208186657865 0.0 1.0 1.0 1 0 0 0.0 1.0 0.0
cell 15.668842563021506 52.123921620699015 0.0 1.4491376746189442 0.690065559342354 1 0 0 0.6108777454311636 0.7917249396961917 1.3143375336947771
cell 22.507325222253698 46.62879154375257 0.0 1.643167672515499 0.6085806194501844 1 0 0 -0.16812128177101193 -0.9857663184627846 0.33784702542050216
cell 27.86710290628628 41.81342114261554 0.0 1.0 1.0 1 0 0 0.0 1.0 0.0
cell 34.5862617093133 33.98166912153871 0.0 1.0954451150103324 0.9128709291752768 1 0 0 0.8383595958068762 -0.5451175910925377 4.294651396893565
cell 22.509426686941246 40.340803965449425 0.0 1.643167672515499 0.6085806194501844 1 0 0 0.4162665698650592 0.9092426204335 0.8586707078201999
cell 46.74143589341346 54.94974488991166 0.0 1.0 1.0 1 0 0 0.0 1.0 0.0
cell 55.47963440131957 55.342832878417276 0.0 1.0 1.0 1 0 0 0.0 1.0 0.0
cell 36.30350219109727 0.9710575722772433 0.0 1.0 1.0 1 0 0 0.0 1.0 0.0
cell 56.442253865783485 53.41617886710026 0.0 1.0954451150103324 0.9128709291752768 1 0 0 0.46560003197381483 -0.8849952600019859 5.314560314675933
cell 16.415364056233006 5.674662823605569 0.0 1.0 1.0 1 0 0 0.0 1.0 0.0
cell 33.38947346247563 52.955514822478996 0.0 1.0 1.0 1 0 0 0.0 1.0 0.0
cell 53.30497914475816 25.28291036841974 0.0 1.0 1.0 1 0 0 0.0 1.0 0.0
cell 26.048276446148968 57.338212198349645 0.0 1.0 1.0 1 0 0 0.0 1.0 0.0
cell 1.222468631135189 2.8328037696478314 0.0 1.0 1.0 1 0 0 0.0 1.0 0.0
cell 24.41024390270189 61.08330909071709 0.0 1.0 1.0 1 0 0 0.0 1.0 0.0
cell 21.263229251749824 35.67124421312268 0.0 1.643167672515499 0.6085806194501844 1 0 0 0.9641375355796057 -0.26540311318159876 3.678836665234684
cell 33.70283780250616 21.64595427724067 0.0 1.0 1.0 1 0 0 0.0 1.0 0.0
cell 17.890303920900898 57.747511601064396 0.0 1.0 1.0 1 0 0 0.0 1.0 0.0
cell 46.290332137013465 2.7421933009419996 0.0 1.0 1.0 1 0 0 0.0 1.0 0.0
cell 19.175044197232157 48.72195691897707 0.0 1.0954451150103324 0.9128709291752768 1 0 0 0.5291405094771636 -0.8485342192453099 5.168010641116756
cell 3.0376390342747626 2.897751865053331 0.0 1.0 1.0 1 0 0 0.0 1.0 0.0
cell 37.0163721657897 7.530582680244563 0.0 1.0 1.0 1 0 0 0.0 1.0 0.0
cell 32.72201873219078 41.128477009634146 0.0 1.0 1.0 1 0 0 0.0 1.0 0.0
cell 49.25527461869257 40.224902818506465 0.0 1.0 1.0 1 0 0 0.0 1.0 0.0
cell 37.09180659228421 37.307679920909536 0.0 1.0 1.0 1 0 0 0.0 1.0 0.0
cell 51.817395106609005 50.145391870053565 0.0 1.643167672515499 0.6085806194501844 1 0 0 0.9428720391655199 0.33315509565344253 2.4622969212650756
cell 26.294742038289538 16.065319165310466 0.0 1.0 1.0 1 0 0 0.0 1.0 0.0
cell 1.2591485810091132 32.62626416777817 0.0 1.4832396974191329 0.6741998624632419 1 0 0 0.9029703087244235 0.4297029457219479 2.2532651003995228
cell 40.34778228513017 24.42309787574866 0.0 1.0 1.0 1 0 0 0.0 1.0 0.0
cell 35.99819572020272 5.939321080044272 0.0 1.0 1.0 1 0 0 0.0 1.0 0.0
cell 51.40939326439415 48.574296728148056 0.0 1.0 1.0 1 0 0 0.0 1.0 0.0
cell 33.78280839467484 42.9437872955319 0.0 1.0 1.0 1 0 0 0.0 1.0 0.0
cell 40.4098032208791 54.93713526211193 0.0 1.0 1.0 1 0 0 0.0 1.0 0.0
cell 9.020678206485941 55.639889488367295 0.0 1.0 1.0 1 0 0 0.0 1.0 0.0
cell 59.23748950628442 53.019506781721624 0.0 1.2247448713915894 0.8164965809277259 1 0 0 0.29049212381264344 -0.956877382950825 5.693703108214387
cell 27.27672512947984 1.4776588295091888 0.0 1.0 1.0 1 0 0 0.0 1.0 0.0
cell 49.51863712878984 43.62044540751557 0.0 1.643167672515499 0.6085806194501844 1 0 0 0.9044205719848141 0.42664203844752774 2.2600392949155026
cell 44.52360844645636 28.808270393047327 0.0 1.0 1.0 1 0 0 0.0 1.0 0.0
cell 15.44900611364814 54.15018322997344 0.0 1.0 1.0 1 0 0 0.0 1.0 0.0
cell 47.143127397636306 21.291447112466628 0.0 1.0 1.0 1 0 0 0.0 1.0 0.0
cell 44.104770047032154 33.72753840538742 0.0 1.0 1.0 1 0 0 0.0 1.0 0.0
cell 25.61877627475782 23.10604823120286 0.0 1.0 1.0 1 0 0 0.0 1.0 0.0
cell 44.14388165590011 15.021597136154792 0.0 1.0 1.0 1 0 0 0.0 1.0 0.0
cell 59.012552086513736 13.30281170099717 0.0 1.0 1.0 1 0 0 0.0 1.0 0.0
cell 28.476874714126716 55.17453974528112 0.0 1.0 1.0 1 0 0 0.0 1.0 0.0
cell 13.381389125234852 60.8060642628437 0.0 1.0 1.0 1 0 0 0.0 1.0 0.0
cell 4.610464002631819 10.80596528241276 0.0 1.0 1.0 1 0 0 0.0 1.0 0.0
cell 28.587353900484178 6.791394707655224 0.0 1.0 1.0 1 0 0 0.0 1.0 0.0
cell 2.2287182945714914 4.588471918944001 0.0 1.0 1.0 1 0 0 0.0 1.0 0.0
cell 54.53560816810791 21.40780339840364 0.0 1.0 1.0 1 0 0 0.0 1.0 0.0
cell 54.4542301851588 10.461510488649834 0.0 1.0 1.0 1 0 0 0.0 1.0 0.0
cell 46.83279549474229 47.59825847187274 0.0 1.0 1.0 1 0 0 0.0 1.0 0.0
cell 30.365383014733904 28.300556841132423 0.0 1.643167672515499 0.6085806194501844 1 0 0 0.995781031055311 0.09176131096721324 2.9578115032324983
cell 17.74996025225737 47.509404615285405 0.0 1.643167672515499 0.6085806194501844 1 0 0 -0.13050184379925786 0.9914480666000586 6.021435036345753
cell 19.767184195496053 58.494875831727875 0.0 1.0 1.0 1 0 0 0.0 1.0 0.0
cell 24.93629154247467 33.22950907632545 0.0 1.643167672515499 0.6085806194501844 1 0 0 0.9830233381424444 0.18348056209660313 2.7725407329407084
cell 31.972959079089666 16.27342905971158 0.0 1.0 1.0 1 0 0 0.0 1.0 0.0
cell 36.541016027798435 33.63700592181394 0.0 1.0 1.0 1 0 0 0.0 1.0 0.0
cell 18.061510993190343 5.8207934193708875 0.0 1.0 1.0 1 0 0 0.0 1.0 0.0
cell 39.37082754828748 1.8981375836194478 0.0 1.0 1.0 1 0 0 0.0 1.0 0.0
cell 31.199367257269614 45.99132503867812 0.0 1.0 1.0 1 0 0 0.0 1.0 0.0
cell 9.430637985424987 37.27311051436475 0.0 1.140175425099138 0.8770580193070291 1 0 0 0.9963265913383678 0.08563482581327068 2.9701129788566316
cell 54.74268085398527 5.056426600091168 0.0 1.0 1.0 1 0 0 0.0 1.0 0.0
cell 4.693318181404367 20.961097121834143 0.0 1.0 1.0 1 0 0 0.0 1.0 0.0
cell 31.101244277280127 37.41051516535729 0.0 1.0 1.0 1 0 0 0.0 1.0 0.0
cell 60.46949588429803 20.17966808091987 0.0 1.0 1.0 1 0 0 0.0 1.0 0.0
cell 43.418289669173845 35.65538152242899 0.0 1.0 1.0 1 0 0 0.0 1.0 0.0
cell 45.419622386035435 35.331522272971235 0.0 1.0 1.0 1 0 0 0.0 1.0 0.0
cell 26.28729491608773 41.888044684605006 0.0 1.643167672515499 0.6085806194501844 1 0 0 -0.5178446542263799 0.8554746717987395 5.1945262065102344
cell 55.71246446894736 12.107955152450458 0.0 1.0 1.0 1 0 0 0.0 1.0 0.0
cell 0.015784882010869694 36.829129834143394 0.0 1.643167672515499 0.6085806194501844 1 0 0 0.07212653253061249 0.9973954899161669 0.14437843186611912
cell 53.853017631955 40.16377461692401 0.0 1.0 1.0 1 0 0 0.0 1.0 0.0
cell 30.612118947820885 0.4971157373853316 0.0 1.0 1.0 1 0 0 0.0 1.0 0.0
cell 45.19985700693364 51.47456201697471 0.0 1.0 1.0 1 0 0 0.0 1.0 0.0
cell 51.25612409853365 34.90341186321641 0.0 1.0 1.0 1 0 0 0.0 1.0 0.0
cell 5.151840741190013 37.018367025799684 0.0 1.643167672515499 0.6085806194501844 1 0 0 -0.29524675819338203 -0.9554210337732254 0.5994275600900405
cell 8.106063631596433 59.54247616775004 0.0 1.0 1.0 1 0 0 0.0 1.0 0.0
cell 50.70386669876226 52.995622369080294 0.0 1.0 1.0 1 0 0 0.0 1.0 0.0
cell 22.921770896488596 32.894338781117106 0.0 1.643167672515499 0.6085806194501844 1 0 0 0.9792166334870117 0.2028171213245156 2.733124690797776
cell 3.955728660787504 12.48789803882908 0.0 1.0 1.0 1 0 0 0.0 1.0 0.0
cell 60.37998799301657 9.647785646267442 0.0 1.0 1.0 1 0 0 0.0 1.0 0.0
cell 33.774705560285945 36.54622979711269 0.0 1.0 1.0 1 0 0 0.0 1.0 0.0
cell 2.8886320021748566 60.16589718761071 0.0 1.0 1.0 1 0 0 0.0 1.0 0.0
cell 9.074200070148486 8.325787118984229 0.0 1.0 1.0 1 0 0 0.0 1.0 0.0
cell 0.81507783398455 27.163640221154253 0.0 1.0 1.0 1 0 0 0.0 1.0 0.0
cell 26.62746884027202 25.643358979252795 0.0 1.0488088481701516 0.9534625892455922 1 0 0 0.6044410996155337 0.7966498334246762 1.2981282342479765
cell 46.105112552426554 49.64377574174543 0.0 1.0 1.0 1 0 0 0.0 1.0 0.0
cell 29.118355951762574 49.903993104665304 0.0 1.0 1.0 1 0 0 0.0 1.0 0.0
cell 29.79902817849889 32.83094498631452 0.0 1.643167672515499 0.6085806194501844 1 0 0 0.9294261116411892 0.36900826955440963 2.38570913538461
cell 38.93157422437249 7.294476817132366 0.0 1.0 1.0 1 0 0 0.0 1.0 0.0
cell 21.169605271634477 29.559331900977167 0.0 1.0488088481701516 0.9534625892455922 1 0 0 0.48850898793462283 0.8725588626030284 1.020760305751711
cell 20.741491937094576 60.32891456022011 0.0 1.0 1.0 1 0 0 0.0 1.0 0.0
cell 49.17589707086289 56.311630800597094 0.0 1.0 1.0 1 0 0 0.0 1.0 0.0
cell 34.41719422087765 60.66516735425277 0.0 1.0 1.0 1 0 0 0.0 1.0 0.0
cell 46.119461982511496 14.663853989933298 0.0 1.0 1.0 1 0 0 0.0 1.0 0.0
cell 18.027289246632265 9.269664994465778 0.0 1.0 1.0 1 0 0 0.0 1.0 0.0
cell 51.0496228863399 0.24264538231113494 0.0 1.0 1.0 1 0 0 0.0 1.0 0.0
cell 11.15690606150103 54.13766355401897 0.0 1.643167672515499 0.6085806194501844 1 0 0 0.13317923932559925 -0.9910919685945673 6.0160330896488485
cell 58.01532646158993 36.46394657625077 0.0 1.643167672515499 0.6085806194501844 1 0 0 0.21028459555386167 -0.9776402144310292 5.8594531967013594
cell 3.5480205225255568 33.0361198391609 0.0 1.4832396974191329 0.6741998624632419 1 0 0 0.928661738366037 0.3709277230067473 2.3815770320084355
cell 40.03839945006948 34.49890690957501 0.0 1.0 1.0 1 0 0 0.0 1.0 0.0
cell 27.313037950327335 53.53845972943587 0.0 1.0 1.0 1 0 0 0.0 1.0 0.0
cell 42.49133269461398 18.735785826366605 0.0 1.0 1.0 1 0 0 0.0 1.0 0.0
cell 58.440844255265745 9.887196715627544 0.0 1.0 1.0 1 0 0 0.0 1.0 0.0
cell 59.14427283187164 18.632146755186454 0.0 1.0 1.0 1 0 0 0.0 1.0 0.0
cell 59.66402586740492 11.48526867447805 0.0 1.0 1.0 1 0 0 0.0 1.0 0.0
cell 5.869359212918601 48.39275564849268 0.0 1.6124515496597105 0.6201736729460421 1 0 0 0.12151300378366918 -0.9925898397180328 6.039557227430202
cell 4.823150042534016 29.58840968804348 0.0 1.643167672515499 0.6085806194501844 1 0 0 0.9960190359553407 0.08914078760362062 2.9630741235024707
cell 8.898821540320332 14.910988291347323 0.0 1.0 1.0 1 0 0 0.0 1.0 0.0
cell 40.555545295539844 3.5260993192986367 0.0 1.0 1.0 1 0 0 0.0 1.0 0.0
cell 31.348301232827474 24.776372669761855 0.0 1.0 1.0 1 0 0 0.0 1.0 0.0
cell 46.643510123880155 42.3017446785271 0.0 1.0 1.0 1 0 0 0.0 1.0 0.0
cell 59.035280632675885 56.74101963423443 0.0 1.140175425099138 0.8770580193070291 1 0 0 0.2139514468688326 0.9768442958745949 0.43123658952302873
cell 56.115403562214524 35.525786404010724 0.0 1.140175425099138 0.8770580193070291 1 0 0 0.9791100349820218 -0.2033311077958909 3.551110464638179
cell 37.68665563384611 35.337638380742426 0.0 1.0 1.0 1 0 0 0.0 1.0 0.0
cell 54.079810247435745 44.554361761102655 0.0 1.0 1.0 1 0 0 0.0 1.0 0.0
cell 53.70374952470941 50.29562601812755 0.0 1.6124515496597105 0.6201736729460421 1 0 0 0.9826241348475259 0.18560659906143212 2.7682143495683182
cell 47.81629589938684 60.15716529811318 0.0 1.0 1.0 1 0 0 0.0 1.0 0.0
cell 18.41080798847467 32.321747932095136 0.0 1.4142135623730954 0.7071067811865474 1 0 0 0.9650303517042951 0.26213817022609376 2.611118275339332
cell 4.469566476185774 54.793755874933744 0.0 1.4491376746189442 0.690065559342354 1 0 0 -0.04136756671078387 0.999143995840654 6.200426558465795
cell 58.77523327717573 4.458983792052868 0.0 1.0 1.0 1 0 0 0.0 1.0 0.0
cell 23.152082838034996 10.72340118119713 0.0 1.0 1.0 1 0 0 0.0 1.0 0.0
cell 24.89682366896357 7.101663537929354 0.0 1.0 1.0 1 0 0 0.0 1.0 0.0
cell 29.882192010334602 2.90817630687295 0.0 1.0 1.0 1 0 0 0.0 1.0 0.0
cell 22.917120065045484 49.321746473158996 0.0 1.0 1.0 1 0 0 0.0 1.0 0.0
cell 33.03751246926257 46.33095008384705 0.0 1.0 1.0 1 0 0 0.0 1.0 0.0
cell 26.49922033733922 46.72899227139027 0.0 1.0 1.0 1 0 0 0.0 1.0 0.0
cell 15.617801790894733 27.96983509654289 0.0 1.0488088481701516 0.9534625892455922 1 0 0 0.9449992733761505 -0.3270724282457138 3.808000544843582
cell 43.97281655983878 8.353825126166695 0.0 1.0 1.0 1 0 0 0.0 1.0 0.0
cell 29.571128842281272 56.71777360565248 0.0 1.0 1.0 1 0 0 0.0 1.0 0.0
cell 58.196021404786705 0.47798100903983953 0.0 1.0 1.0 1 0 0 0.0 1.0 0.0
cell 15.013591140266042 47.00729060321487 0.0 1.643167672515499 0.6085806194501844 1 0 0 0.5565315754523567 -0.8308264593310193 5.102774774235398
cell 36.5559004888352 31.643929951548536 0.0 1.140175425099138 0.8770580193070291 1 0 0 0.9958265466828462 0.09126603377882232 2.958806231679442
cell 45.083480863351525 13.19534862748589 0.0 1.0 1.0 1 0 0 0.0 1.0 0.0
cell 10.867205765380227 31.039392292720905 0.0 1.1832159566199234 0.8451542547285166 1 0 0 0.9891304311577319 0.14704077719367278 2.846440931615588
cell 32.47213759445933 23.086174445786067 0.0 1.0 1.0 1 0 0 0.0 1.0 0.0
cell 2.0631230510662015 23.22850715223979 0.0 1.0 1.0 1 0 0 0.0 1.0 0.0
cell 41.58215335063482 46.78256538876769 0.0 1.0 1.0 1 0 0 0.0 1.0 0.0
cell 50.488233800892395 41.45907879948663 0.0 1.643167672515499 0.6085806194501844 1 0 0 0.9365968382765806 0.35040885053079457 2.4255774620088895
cell 24.729114838677724 44.19966037243954 0.0 1.0 1.0 1 0 0 0.0 1.0 0.0
cell 37.154628105487575 49.33628148176026 0.0 1.0 1.0 1 0 0 0.0 1.0 0.0
cell 15.181507359751253 14.68993568991226 0.0 1.0 1.0 1 0 0 0.0 1.0 0.0
cell 54.26781592385555 42.32282084959798 0.0 1.2247448713915894 0.8164965809277259 1 0 0 0.4978732016049661 -0.8672498343174363 5.240895914320207
cell 12.311864403157967 43.898315938847496 0.0 1.643167672515499 0.6085806194501844 1 0 0 0.04533974186499347 0.9989716251263675 0.09071058068963629
cell 15.031425051529958 4.5248570782784086 0.0 1.0 1.0 1 0 0 0.0 1.0 0.0
cell 30.145368456129326 23.188187250253343 0.0 1.0 1.0 1 0 0 0.0 1.0 0.0
cell 22.585823143188122 25.264277996931668 0.0 1.0488088481701516 0.9534625892455922 1 0 0 0.3746001048317368 0.9271864760985525 0.7679308745703641
cell 52.53499712816819 41.59477051387979 0.0 1.0 1.0 1 0 0 0.0 1.0 0.0
cell 55.256029866866676 38.66487644214432 0.0 1.0 1.0 1 0 0 0.0 1.0 0.0
cell 32.900276618042305 11.095391307460943 0.0 1.0 1.0 1 0 0 0.0 1.0 0.0
cell 47.066777641646766 12.877576505125258 0.0 1.0 1.0 1 0 0 0.0 1.0 0.0
cell 59.761898308069405 16.727398713529716 0.0 1.0 1.0 1 0 0 0.0 1.0 0.0
cell 50.4600615019033 11.098738685672943 0.0 1.0 1.0 1 0 0 0.0 1.0 0.0
cell 38.77839622199415 3.8560144168746864 0.0 1.0 1.0 1 0 0 0.0 1.0 0.0
cell 44.81824122171528 6.4979522688961815 0.0 1.0 1.0 1 0 0 0.0 1.0 0.0
cell 5.324065047609017 13.957544813610976 0.0 1.0 1.0 1 0 0 0.0 1.0 0.0
cell 41.05406023973107 22.508639294946732 0.0 1.0 1.0 1 0 0 0.0 1.0 0.0
cell 13.14178718672155 34.261606966983244 0.0 1.0 1.0 1 0 0 0.0 1.0 0.0
cell 35.797141906609 2.7690278335714686 0.0 1.0 1.0 1 0 0 0.0 1.0 0.0
cell 6.704191993346098 25.842161660716137 0.0 1.0 1.0 1 0 0 0.0 1.0 0.0
cell 16.895706647395407 59.341206768882444 0.0 1.0 1.0 1 0 0 0.0 1.0 0.0
cell 28.200299045332674 51.71920682712306 0.0 1.0 1.0 1 0 0 0.0 1.0 0.0
cell 44.462292928618005 23.68222964322928 0.0 1.0 1.0 1 0 0 0.0 1.0 0.0
cell 21.878749731582676 19.16383122402416 0.0 1.0 1.0 1 0 0 0.0 1.0 0.0
cell 40.108616165159205 15.658204078276428 0.0 1.0 1.0 1 0 0 0.0 1.0 0.0
cell 18.271262206958752 2.14526111058914 0.0 1.0 1.0 1 0 0 0.0 1.0 0.0
cell 4.443750645342883 4.345724072271047 0.0 1.0 1.0 1 0 0 0.0 1.0 0.0
cell 18.35275127486345 54.93717179875172 0.0 1.0 1.0 1 0 0 0.0 1.0 0.0
cell 52.295844256800365 1.83720747536461 0.0 1.0 1.0 1 0 0 0.0 1.0 0.0
cell 25.42055304024459 1.6373341475674135 0.0 1.0 1.0 1 0 0 0.0 1.0 0.0
cell 48.50979441455358 17.499582523055505 0.0 1.0 1.0 1 0 0 0.0 1.0 0.0
cell 41.042475420719526 13.770634346564162 0.0 1.0 1.0 1 0 0 0.0 1.0 0.0
cell 60.11368214192416 61.109153853019684 0.0 1.0 1.0 1 0 0 0.0 1.0 0.0
cell 7.2031500888361935 37.64813225707043 0.0 1.5491933384829673 0.6454972243679027 1 0 0 0.7982741371994891 0.602294281791228 1.848848541888879
cell 12.83186457195804 30.716631022934333 0.0 1.643167672515499 0.6085806194501844 1 0 0 0.7593409549700494 -0.6506929491743194 4.558585947378054
cell 29.97743433711066 26.309522609584203 0.0 1.140175425099138 0.8770580193070291 1 0 0 0.6230631088295905 0.7821715684014638 1.3453055671747616
cell 13.299410863934149 5.602872519527295 0.0 1.0 1.0 1 0 0 0.0 1.0 0.0
cell 47.337351102879985 45.670002519971 0.0 1.0 1.0 1 0 0 0.0 1.0 0.0
cell 0.6841655453047423 21.73822052998116 0.0 1.0 1.0 1 0 0 0.0 1.0 0.0
cell 20.8945376358874 3.8926390363315306 0.0 1.0 1.0 1 0 0 0.0 1.0 0.0
cell 17.01317696642692 11.07089173438455 0.0 1.0 1.0 1 0 0 0.0 1.0 0.0
cell 11.387311397302119 49.33804401984657 0.0 1.643167672515499 0.6085806194501844 1 0 0 0.4647344009351047 -0.885450132185596 5.316516050726424
cell 49.96812534966327 7.578868360839913 0.0 1.0 1.0 1 0 0 0.0 1.0 0.0
cell 8.901996169850445 47.317474219542895 0.0 1.643167672515499 0.6085806194501844 1 0 0 -0.10483695186434225 0.9944894235354107 6.073125411140984
cell 46.50190393226125 23.214061023091393 0.0 1.0 1.0 1 0 0 0.0 1.0 0.0
cell 52.44676959020472 10.786308037327677 0.0 1.0 1.0 1 0 0 0.0 1.0 0.0
cell 2.9239409040849496 6.150823267247694 0.0 1.0 1.0 1 0 0 0.0 1.0 0.0
cell 57.0469830735222 13.701381521119158 0.0 1.0 1.0 1 0 0 0.0 1.0 0.0
cell 19.999289823303048 5.6939413644749335 0.0 1.0 1.0 1 0 0 0.0 1.0 0.0
cell 59.97010525860379 54.9753240389234 0.0 1.140175425099138 0.8770580193070291 1 0 0 0.4126088874025807 0.9109082862925358 0.8506325225787822
cell 54.26660468461909 34.989181411386234 0.0 1.643167672515499 0.6085806194501844 1 0 0 0.8417407600988068 0.5398819248579109 2.0009989973103752
cell 37.951369711119746 12.449481720109492 0.0 1.0 1.0 1 0 0 0.0 1.0 0.0
cell 22.20767742074236 12.399475340773934 0.0 1.0 1.0 1 0 0 0.0 1.0 0.0
cell 29.790809210703323 60.17769947699809 0.0 1.0 1.0 1 0 0 0.0 1.0 0.0
cell 37.139449627652745 56.47779231417031 0.0 1.0 1.0 1 0 0 0.0 1.0 0.0
cell 5.427222188015709 24.32729321952945 0.0 1.0 1.0 1 0 0 0.0 1.0 0.0
cell 23.46398776589456 53.99978595188978 0.0 1.0 1.0 1 0 0 0.0 1.0 0.0
cell 54.79228563483448 36.86731053548323 0.0 1.0 1.0 1 0 0 0.0 1.0 0.0
cell 55.9665945558107 6.636688906838959 0.0 1.0 1.0 1 0 0 0.0 1.0 0.0
cell 2.3677788339095076 53.87671633590998 0.0 1.0 1.0 1 0 0 0.0 1.0 0.0
cell 12.770340596844369 39.21621433568962 0.0 1.643167672515499 0.6085806194501844 1 0 0 0.09932769487569479 -0.995054776899584 6.084201803223053
cell 38.991000880693996 43.57363422720617 0.0 1.0 1.0 1 0 0 0.0 1.0 0.0
cell 47.52900553765932 4.36975606717393 0.0 1.0 1.0 1 0 0 0.0 1.0 0.0
cell 40.85483431984956 7.057208324606563 0.0 1.0 1.0 1 0 0 0.0 1.0 0.0
cell 36.98314861509568 14.257678097317367 0.0 1.0 1.0 1 0 0 0.0 1.0 0.0
cell 30.082702701832396 48.26193400717731 0.0 1.0 1.0 1 0 0 0.0 1.0 0.0
cell 29.82108298967086 38.991265704136175 0.0 1.0 1.0 1 0 0 0.0 1.0 0.0
cell 25.27030626232219 34.49568590606099 0.0 1.643167672515499 0.6085806194501844 1 0 0 0.9925919608040435 0.12149567624892697 2.8979994875893405
cell 35.50386857741718 40.41846214777224 0.0 1.0 1.0 1 0 0 0.0 1.0 0.0
cell 2.5917796491455545 39.16261869966652 0.0 1.58113883008419 0.6324555320336757 1 0 0 -0.03821374554379397 0.999269588074967 6.2067392028034405
cell 29.79598963352324 34.900731555125326 0.0 1.643167672515499 0.6085806194501844 1 0 0 0.28576461336266074 -0.9582998412551726 5.7035768698450955
cell 22.694429831184067 3.5906346832978153 0.0 1.0 1.0 1 0 0 0.0 1.0 0.0
cell 20.852789264893122 24.02070537060196 0.0 1.0 1.0 1 0 0 0.0 1.0 0.0
cell 33.41248981188324 24.931276152897468 0.0 1.0488088481701516 0.9534625892455922 1 0 0 0.8309270673972842 0.5563813518321308 1.9615437232958182
cell 8.167718904958733 29.107751897276597 0.0 1.6124515496597105 0.6201736729460421 1 0 0 0.9957094404341925 -0.09253491357443021 3.3269276202055753
cell 47.77867456642327 49.26342329217717 0.0 1.0 1.0 1 0 0 0.0 1.0 0.0
cell 11.511586724235292 36.602893244953385 0.0 1.0 1.0 1 0 0 0.0 1.0 0.0
cell 53.748350751229225 17.88145203422974 0.0 1.0 1.0 1 0 0 0.0 1.0 0.0
cell 10.737092922478263 47.87899848986056 0.0 1.58113883008419 0.6324555320336757 1 0 0 0.2913106915362495 -0.9566284968558443 5.691991971222728
cell 1.2283773147194013 14.541136498601851 0.0 1.0 1.0 1 0 0 0.0 1.0 0.0
cell 1.1417288569383128 44.457642634253524 0.0 1.643167672515499 0.6085806194501844 1 0 0 0.3717307495054629 0.9283405893701443 0.7617453478970808
cell 21.03414100850085 7.31154982805955 0.0 1.0 1.0 1 0 0 0.0 1.0 0.0
cell 9.952222278646689 5.1574876100804286 0.0 1.0 1.0 1 0 0 0.0 1.0 0.0
cell 7.5326160610629085 23.99436691403535 0.0 1.0 1.0 1 0 0 0.0 1.0 0.0
cell 19.24193340698347 33.92816512318679 0.0 1.5165750888103104 0.6593804733957869 1 0 0 0.9902220089309794 -0.13950044096236883 3.4215064631980714
cell 24.609869574502362 3.4781247297461055 0.0 1.0 1.0 1 0 0 0.0 1.0 0.0
cell 59.34389119217777 1.8231877185954748 0.0 1.0 1.0 1 0 0 0.0 1.0 0.0
cell 27.75265422080628 31.128973029211135 0.0 1.643167672515499 0.6085806194501844 1 0 0 0.9088095694038074 0.4172111774150666 2.2808436611740524
cell 6.4261845932941775 41.73917894389588 0.0 1.643167672515499 0.6085806194501844 1 0 0 0.26732714429493143 -0.963605831200246 5.741948999656286
cell 40.446077286626064 19.065636250047824 0.0 1.0 1.0 1 0 0 0.0 1.0 0.0
cell 57.72585325568863 17.108090967172586 0.0 1.0 1.0 1 0 0 0.0 1.0 0.0
cell 4.653808335015144 2.3445486499102843 0.0 1.0 1.0 1 0 0 0.0 1.0 0.0
cell 47.16389598739356 9.711126636519147 0.0 1.0 1.0 1 0 0 0.0 1.0 0.0
cell 45.858903432143265 25.099304939774825 0.0 1.0 1.0 1 0 0 0.0 1.0 0.0
cell 0.04674151645165889 23.623027793189568 0.0 1.0 1.0 1 0 0 0.0 1.0 0.0
cell 47.87264320664774 43.87031274215158 0.0 1.0 1.0 1 0 0 0.0 1.0 0.0
cell 24.237524829926784 15.909660217142733 0.0 1.0 1.0 1 0 0 0.0 1.0 0.0
cell 28.20109384131275 3.181529464936721 0.0 1.0 1.0 1 0 0 0.0 1.0 0.0
cell 56.1655552820096 42.60283098247745 0.0 1.0 1.0 1 0 0 0.0 1.0 0.0
cell 13.68390924347766 28.5701670277655 0.0 1.0 1.0 1 0 0 0.0 1.0 0.0
cell 1.3300332370352113 34.635025901475565 0.0 1.643167672515499 0.6085806194501844 1 0 0 0.8608683883708897 0.5088276897965626 2.073947723534028
cell 43.270989503533585 16.914067206647108 0.0 1.0 1.0 1 0 0 0.0 1.0 0.0
cell 9.60471912093569 35.60433694897096 0.0 1.643167672515499 0.6085806194501844 1 0 0 0.006678743408908027 -0.9999776969445259 6.269827721056628
cell 53.03604031861058 14.37086717111787 0.0 1.0 1.0 1 0 0 0.0 1.0 0.0
cell 52.690579434943444 39.00631356961286 0.0 1.643167672515499 0.6085806194501844 1 0 0 0.9070166083952738 0.42109484928592344 2.2722885120160528
cell 49.249518910948986 31.498944527464733 0.0 1.0 1.0 1 0 0 0.0 1.0 0.0
cell 7.366441035054793 13.70075398637829 0.0 1.0 1.0 1 0 0 0.0 1.0 0.0
cell 55.79932213734022 40.655844996109145 0.0 1.0 1.0 1 0 0 0.0 1.0 0.0
cell 42.43734325935663 32.09195091312372 0.0 1.0 1.0 1 0 0 0.0 1.0 0.0
cell 16.503119088047335 16.400064005468977 0.0 1.0 1.0 1 0 0 0.0 1.0 0.0
cell 3.485316317122036 44.33980621456027 0.0 1.643167672515499 0.6085806194501844 1 0 0 0.14800280871814842 0.9889869405667292 0.297097069530178
cell 46.012961321219706 44.19091814513548 0.0 1.0 1.0 1 0 0 0.0 1.0 0.0
cell 30.466849242732355 54.9202989954487 0.0 1.0 1.0 1 0 0 0.0 1.0 0.0
cell 57.937126770163815 34.738678289655034 0.0 1.643167672515499 0.6085806194501844 1 0 0 0.99822428223904 -0.05956746048266092 3.2607981413453766
cell 45.303129484070396 16.541306295987823 0.0 1.0 1.0 1 0 0 0.0 1.0 0.0
cell 15.152152684417272 32.289914563166995 0.0 1.643167672515499 0.6085806194501844 1 0 0 0.9970987272051891 -0.07611917107924769 3.2939783951409622
cell 49.7878961237218 54.533913981029045 0.0 1.0 1.0 1 0 0 0.0 1.0 0.0
cell 57.36542538966972 39.62478540344247 0.0 1.4142135623730954 0.7071067811865474 1 0 0 0.653518518692325 0.7569105268961379 1.4244473771801076
cell 47.3384042096472 56.71755711949826 0.0 1.0 1.0 1 0 0 0.0 1.0 0.0
cell 50.765610816339866 5.67356006112138 0.0 1.0 1.0 1 0 0 0.0 1.0 0.0
cell 41.76205567743457 20.65640279365625 0.0 1.0 1.0 1 0 0 0.0 1.0 0.0
cell 15.887413337116827 57.655866557232706 0.0 1.0 1.0 1 0 0 0.0 1.0 0.0
cell 20.73089332790085 20.717495965698113 0.0 1.0 1.0 1 0 0 0.0 1.0 0.0
cell 14.09973428260531 57.6141397992739 0.0 1.0 1.0 1 0 0 0.0 1.0 0.0
cell 45.83085127679386 19.85411415722682 0.0 1.0 1.0 1 0 0 0.0 1.0 0.0
cell 12.715090060072555 56.220032024128415 0.0 1.643167672515499 0.6085806194501844 1 0 0 -0.6745814394841958 -0.7382004345050402 1.4807951080534085
cell 23.06059177280805 17.569336429644057 0.0 1.0 1.0 1 0 0 0.0 1.0 0.0
cell 15.09974523826771 2.71521135544627 0.0 1.0 1.0 1 0 0 0.0 1.0 0.0
cell 46.790859488443296 6.244815025347321 0.0 1.0 1.0 1 0 0 0.0 1.0 0.0
cell 9.791003767179918 3.4755079815176937 0.0 1.0 1.0 1 0 0 0.0 1.0 0.0
cell 8.152664525498803 0.44552134727529835 0.0 1.0 1.0 1 0 0 0.0 1.0 0.0
cell 8.026483916820329 12.022356692925907 0.0 1.0 1.0 1 0 0 0.0 1.0 0.0
cell 29.090085779385845 1.3428292015152004 0.0 1.0 1.0 1 0 0 0.0 1.0 0.0
cell 50.16573131221364 33.141590658039036 0.0 1.0 1.0 1 0 0 0.0 1.0 0.0
cell 50.4912306039236 57.90185190223834 0.0 1.0 1.0 1 0 0 0.0 1.0 0.0
cell 58.06578251187558 27.910328194593497 0.0 1.0 1.0 1 0 0 0.0 1.0 0.0
cell 45.81539019539056 60.42676429365922 0.0 1.0 1.0 1 0 0 0.0 1.0 0.0
cell 24.189157483931822 48.11769633828948 0.0 1.0 1.0 1 0 0 0.0 1.0 0.0
cell 57.08801964965687 19.013208720659513 0.0 1.0 1.0 1 0 0 0.0 1.0 0.0
cell 34.010383108483154 16.23197367875283 0.0 1.0 1.0 1 0 0 0.0 1.0 0.0
cell 14.844392556605424 59.40832203408148 0.0 1.0 1.0 1 0 0 0.0 1.0 0.0
cell 46.580990586903596 28.457988991593016 0.0 1.0 1.0 1 0 0 0.0 1.0 0.0
cell 50.49715243683635 16.97071714840431 0.0 1.0 1.0 1 0 0 0.0 1.0 0.0
cell 8.0242250351282 2.49140402921065 0.0 1.0 1.0 1 0 0 0.0 1.0 0.0
cell 41.68252963027605 57.24405112921333 0.0 1.0 1.0 1 0 0 0.0 1.0 0.0
cell 10.781394501113846 26.216031679696147 0.0 1.0 1.0 1 0 0 0.0 1.0 0.0
cell 38.28711517986073 50.93732810063901 0.0 1.0 1.0 1 0 0 0.0 1.0 0.0
cell 18.861075935584573 4.066424379104102 0.0 1.0 1.0 1 0 0 0.0 1.0 0.0
cell 44.49136046270461 18.386786639793872 0.0 1.0 1.0 1 0 0 0.0 1.0 0.0
cell 2.5402357344668487 40.43319587360438 0.0 1.643167672515499 0.6085806194501844 1 0 0 0.0020197476082388674 -0.9999979603077194 6.279145809216664
cell 53.16163420971952 19.864831434350485 0.0 1.0 1.0 1 0 0 0.0 1.0 0.0
cell 52.015979762380844 29.13668478044381 0.0 1.0 1.0 1 0 0 0.0 1.0 0.0
cell 20.357969909708775 55.071911421215624 0.0 1.0 1.0 1 0 0 0.0 1.0 0.0
cell 35.39145089338624 52.91106096619344 0.0 1.0 1.0 1 0 0 0.0 1.0 0.0
cell 6.052417836661461 17.182134553313396 0.0 1.0 1.0 1 0 0 0.0 1.0 0.0
cell 55.58401166533534 51.10012514564943 0.0 1.0 1.0 1 0 0 0.0 1.0 0.0
cell 26.445503183325286 44.71133664049283 0.0 1.0 1.0 1 0 0 0.0 1.0 0.0
cell 21.852600554406838 43.854706349059896 0.0 1.643167672515499 0.6085806194501844 1 0 0 0.29135228852335426 -0.956615828832141 5.691905004834714
cell 37.66668887577872 2.286528351010346 0.0 1.0 1.0 1 0 0 0.0 1.0 0.0
cell 6.959373252231932 55.67584866110245 0.0 1.0 1.0 1 0 0 0.0 1.0 0.0
cell 45.92359973528603 30.28692075950162 0.0 1.0 1.0 1 0 0 0.0 1.0 0.0
cell 30.244184524278715 29.876901497740995 0.0 1.2247448713915894 0.8164965809277259 1 0 0 0.9852093770350446 0.17135484645092275 2.7971832706806343
cell 7.382072737745369 8.709478736156369 0.0 1.0 1.0 1 0 0 0.0 1.0 0.0
cell 48.13857354131865 14.240736815296716 0.0 1.0 1.0 1 0 0 0.0 1.0 0.0
cell 46.6298292518447 58.63750071202619 0.0 1.0 1.0 1 0 0 0.0 1.0 0.0
cell 9.772668246400453 57.519419594946186 0.0 1.0 1.0 1 0 0 0.0 1.0 0.0
cell 13.075320268340421 48.79361881862918 0.0 1.643167672515499 0.6085806194501844 1 0 0 0.47714101579143897 -0.8788267468901443 5.288388015940134
cell 24.06716587718655 8.93685731694892 0.0 1.0 1.0 1 0 0 0.0 1.0 0.0
cell 8.78024891040322 25.639655677049756 0.0 1.0 1.0 1 0 0 0.0 1.0 0.0
cell 23.498891351033368 1.7578481184937162 0.0 1.0 1.0 1 0 0 0.0 1.0 0.0
cell 0.8917825457935015 55.33843072085983 0.0 1.0488088481701516 0.9534625892455922 1 0 0 0.3757778773109181 0.9267097641245077 0.7704720573942523
cell 47.96280387471956 38.56955819039021 0.0 1.0 1.0 1 0 0 0.0 1.0 0.0
cell 54.992742812987665 48.38199646390925 0.0 1.58113883008419 0.6324555320336757 1 0 0 0.9507383439787909 0.30999451815873497 2.511218120475108
cell 28.026976898361497 48.15672215794395 0.0 1.0 1.0 1 0 0 0.0 1.0 0.0
cell 16.572153450216653 1.7096669309214738 0.0 1.0 1.0 1 0 0 0.0 1.0 0.0
cell 17.805076550238876 0.133194426307043 0.0 1.0 1.0 1 0 0 0.0 1.0 0.0
cell 47.812973573578816 19.40072203626753 0.0 1.0 1.0 1 0 0 0.0 1.0 0.0
cell 22.669260023754745 52.32842061441357 0.0 1.0 1.0 1 0 0 0.0 1.0 0.0
cell 19.22576114231784 14.141826347436844 0.0 1.0 1.0 1 0 0 0.0 1.0 0.0
cell 7.696449032821081 27.37476332466244 0.0 1.0 1.0 1 0 0 0.0 1.0 0.0
cell 24.76121737269119 21.292834234444896 0.0 1.0 1.0 1 0 0 0.0 1.0 0.0
cell 36.807762541119395 39.22571610400519 0.0 1.0 1.0 1 0 0 0.0 1.0 0.0
cell 52.73167121002815 36.81728610240673 0.0 1.0 1.0 1 0 0 0.0 1.0 0.0
cell 33.935153136923546 26.93840521167129 0.0 1.0954451150103324 0.9128709291752768 1 0 0 0.8450041826840388 0.5347596948597375 2.01314597726642
cell 51.025798161332396 14.669635723590234 0.0 1.0 1.0 1 0 0 0.0 1.0 0.0
cell 57.583318051238116 2.8282194865459305 0.0 1.0 1.0 1 0 0 0.0 1.0 0.0
cell 5.0712338769036 41.00000397907055 0.0 1.5165750888103104 0.6593804733957869 1 0 0 -0.14279350428935583 0.9897525019583258 5.996618764877073
cell 56.594723317422584 48.90050192782938 0.0 1.643167672515499 0.6085806194501844 1 0 0 0.9908891713209964 0.13467980605417038 2.871412018862465
cell 33.49673291398799 38.5453288881856 0.0 1.643167672515499 0.6085806194501844 1 0 0 0.4129167823189939 0.9107687581814214 0.8513085917303704
cell 49.53269742261375 4.0625535627220115 0.0 1.0 1.0 1 0 0 0.0 1.0 0.0
cell 7.825856078917261 39.79759368266661 0.0 1.0 1.0 1 0 0 0.0 1.0 0.0
cell 16.94024538430498 25.038799148140093 0.0 1.0 1.0 1 0 0 0.0 1.0 0.0
cell 38.682986066574514 55.86332116450514 0.0 1.0 1.0 1 0 0 0.0 1.0 0.0
cell 47.44346164703747 35.13910674000553 0.0 1.0 1.0 1 0 0 0.0 1.0 0.0
cell 9.798290237529278 1.6234880051158715 0.0 1.0 1.0 1 0 0 0.0 1.0 0.0
cell 59.845013241247 22.058042661343947 0.0 1.0 1.0 1 0 0 0.0 1.0 0.0
cell 43.49438768160653 57.115073042822765 0.0 1.0 1.0 1 0 0 0.0 1.0 0.0
cell 39.92800195564451 8.897929456888273 0.0 1.0 1.0 1 0 0 0.0 1.0 0.0
cell 41.42315376068409 35.994846697781064 0.0 1.0 1.0 1 0 0 0.0 1.0 0.0
cell 13.856937681073994 21.32401238091274 0.0 1.0 1.0 1 0 0 0.0 1.0 0.0
cell 25.92850752160351 39.772894290841386 0.0 1.0 1.0 1 0 0 0.0 1.0 0.0
cell 59.182339705990564 7.990386380916079 0.0 1.0 1.0 1 0 0 0.0 1.0 0.0
cell 4.7937749033132455 53.05023893924966 0.0 1.0 1.0 1 0 0 0.0 1.0 0.0
cell 50.975931961305626 46.660073468064866 0.0 1.0 1.0 1 0 0 0.0 1.0 0.0
cell 1.8799504016818072 12.731648584352925 0.0 1.0 1.0 1 0 0 0.0 1.0 0.0
cell 23.23981941198105 14.102775180110445 0.0 1.0 1.0 1 0 0 0.0 1.0 0.0
cell 11.425252105996027 34.75820959123668 0.0 1.643167672515499 0.6085806194501844 1 0 0 0.22782519341570107 0.9737020495229012 0.45968710570492266
cell 29.893123082898118 16.32011497629463 0.0 1.0 1.0 1 0 0 0.0 1.0 0.0
cell 27.958822832669288 12.496702603509329 0.0 1.0 1.0 1 0 0 0.0 1.0 0.0
cell 32.86463222652251 34.402604357647604 0.0 1.643167672515499 0.6085806194501844 1 0 0 -0.3344255950828354 -0.9424221566545915 0.6819913312182617
cell 55.82838550555175 58.72873619406864 0.0 1.0 1.0 1 0 0 0.0 1.0 0.0
cell 49.19524426960253 20.836211740920426 0.0 1.0 1.0 1 0 0 0.0 1.0 0.0
cell 61.11707906342829 7.8280392933512255 0.0 1.0 1.0 1 0 0 0.0 1.0 0.0
cell 6.66808647897431 10.554450644060939 0.0 1.0 1.0 1 0 0 0.0 1.0 0.0
cell 50.57000923014955 22.295349860003956 0.0 1.0 1.0 1 0 0 0.0 1.0 0.0
cell 51.14378715738609 39.1224117470384 0.0 1.643167672515499 0.6085806194501844 1 0 0 0.8670090586517109 0.49829237623695816 2.098336450929343
cell 32.74632562251593 28.83487680902962 0.0 1.4832396974191329 0.6741998624632419 1 0 0 0.9894542239022217 0.1448459139984701 2.850878168686604
cell 10.968155547896565 14.695500556654618 0.0 1.0 1.0 1 0 0 0.0 1.0 0.0
cell 21.40572032561459 53.6982270199269 0.0 1.0 1.0 1 0 0 0.0 1.0 0.0
cell 16.095156525296275 60.86798591169886 0.0 1.0 1.0 1 0 0 0.0 1.0 0.0
cell 32.90918836414632 14.53298382475588 0.0 1.0 1.0 1 0 0 0.0 1.0 0.0
cell 2.0143289723132325 17.873356610615915 0.0 1.0 1.0 1 0 0 0.0 1.0 0.0
cell 16.05982412959495 12.834824170844074 0.0 1.0 1.0 1 0 0 0.0 1.0 0.0
cell 12.987543142970962 11.256935396212937 0.0 1.0 1.0 1 0 0 0.0 1.0 0.0
cell 14.860247176881945 31.15810809170765 0.0 1.643167672515499 0.6085806194501844 1 0 0 0.9961789414495595 -0.0873356548749425 3.3164867803695417
cell 51.20408641674097 56.04211892628545 0.0 1.0 1.0 1 0 0 0.0 1.0 0.0
cell 59.61171615825702 44.045335589645234 0.0 1.58113883008419 0.6324555320336757 1 0 0 0.08947360813578262 0.9959891934389471 0.1791868416417709
cell 10.730462772536011 28.302318605794206 0.0 1.0 1.0 1 0 0 0.0 1.0 0.0
cell 27.618058384828014 37.27339900424822 0.0 1.643167672515499 0.6085806194501844 1 0 0 0.3996042545396378 -0.9166877547746671 5.4610151211094555
cell 4.067917040575443 28.15517058987244 0.0 1.0 1.0 1 0 0 0.0 1.0 0.0
cell 44.85534025841409 48.029799839937695 0.0 1.0 1.0 1 0 0 0.0 1.0 0.0
cell 35.499456389706786 25.340575905227404 0.0 1.0954451150103324 0.9128709291752768 1 0 0 0.9727599217889367 0.23181487131153136 2.673706728966511
cell 60.832656197045324 59.12880282382881 0.0 1.0 1.0 1 0 0 0.0 1.0 0.0
cell 13.207414240974982 36.482329262421736 0.0 1.30384048104053 0.7669649888473703 1 0 0 0.8368412278036002 0.5474456680330597 1.9829749936261565
cell 22.123821695453316 34.428256232693556 0.0 1.643167672515499 0.6085806194501844 1 0 0 0.9999981529770894 -0.0019219891804192375 3.145436634317272
cell 38.48249906179976 54.21001170591623 0.0 1.0 1.0 1 0 0 0.0 1.0 0.0
cell 48.73069028204207 36.73575041060481 0.0 1.0 1.0 1 0 0 0.0 1.0 0.0
cell 48.575186526662485 58.235449885702664 0.0 1.0 1.0 1 0 0 0.0 1.0 0.0
cell 3.999942929789118 45.841162685828365 0.0 1.643167672515499 0.6085806194501844 1 0 0 -0.21344095696444004 -0.9769559651745333 0.43019146755646354
cell 48.00439539055643 53.58218500886867 0.0 1.0 1.0 1 0 0 0.0 1.0 0.0
cell 32.55538892149752 30.575965479017018 0.0 1.264911064067352 0.7905694150420947 1 0 0 0.9880331396742537 -0.15424174177386837 3.4513125839757444
cell 19.795376016042603 18.863620379738563 0.0 1.0 1.0 1 0 0 0.0 1.0 0.0
cell 43.0270686973644 13.5224080199641 0.0 1.0 1.0 1 0 0 0.0 1.0 0.0
