1000
 Lattice="60.86631513335181 0.0 0.0 0.0 60.86631513335181 0.0 0.0 0.0 1.0"Properties=species:S:1:pos:R:3:aspherical_shape:R:3:orientation:R:4:Color:R:1
cell 48.602420464853424 56.27646161087933 0.0 1.0 1.0 1 0 0 0.0 1.0 0.0
cell 43.37819378600987 57.630256502025865 0.0 1.0 1.0 1 0 0 0.0 1.0 0.0
cell 28.505916240465723 37.904497099790945 0.0 1.0 1.0 1 0 0 0.0 1.0 0.0
cell 24.7257452781708 27.808017675477736 0.0 1.0 1.0 1 0 0 0.0 1.0 0.0
cell 0.8519598476051233 59.16869211565342 0.0 1.0 1.0 1 0 0 0.0 1.0 0.0
cell 35.31809267903049 21.282691070244752 0.0 1.0 1.0 1 0 0 0.0 1.0 0.0
cell 1.541429147763336 52.0607413435273 0.0 1.0 1.0 1 0 0 0.0 1.0 0.0
cell 58.63941362426731 21.430092048189643 0.0 1.1832159566199234 0.8451542547285166 1 0 0 0.7050151364236023 -0.7091922570175238 4.718296329569754
cell 5.697082134726935 39.98943154852768 0.0 1.0 1.0 1 0 0 0.0 1.0 0.0
cell 60.76437296502919 8.987193054234096 0.0 1.0 1.0 1 0 0 0.0 1.0 0.0
cell 10.2354904081035 35.30831696349292 0.0 1.0 1.0 1 0 0 0.0 1.0 0.0
cell 37.51725868011834 53.485637774305154 0.0 1.0 1.0 1 0 0 0.0 1.0 0.0
cell 44.230846579320975 18.17781439896875 0.0 1.0 1.0 1 0 0 0.0 1.0 0.0
cell 37.25546930203092 17.87186489556844 0.0 1.0954451150103324 0.9128709291752768 1 0 0 0.43712866240659504 -0.8993989840458021 5.378377946660877
cell 53.4410441334768 19.094645187754747 0.0 1.140175425099138 0.8770580193070291 1 0 0 0.997575248477402 0.06959614662644596 3.002287748865729
cell 47.05018653006142 13.158177970662358 0.0 1.0 1.0 1 0 0 0.0 1.0 0.0
cell 24.16477804734117 14.696767991660755 0.0 1.0 1.0 1 0 0 0.0 1.0 0.0
cell 15.852278425593648 53.33173255043679 0.0 1.0 1.0 1 0 0 0.0 1.0 0.0
cell 39.66855033946529 14.309727035543805 0.0 1.0 1.0 1 0 0 0.0 1.0 0.0
cell 49.71186583024563 29.327915820548125 0.0 1.0 1.0 1 0 0 0.0 1.0 0.0
cell 12.361923947435198 45.91520176314009 0.0 1.0 1.0 1 0 0 0.0 1.0 0.0
cell 4.93224649317662 38.25894595397752 0.0 1.0 1.0 1 0 0 0.0 1.0 0.0
cell 42.47399282630115 37.68080932351251 0.0 1.0 1.0 1 0 0 0.0 1.0 0.0
cell 33.8442709369483 38.82403108474874 0.0 1.0 1.0 1 0 0 0.0 1.0 0.0
cell 47.85306564933515 42.00462237754031 0.0 1.0 1.0 1 0 0 0.0 1.0 0.0
cell 12.00494581667751 30.236495848307236 0.0 1.0 1.0 1 0 0 0.0 1.0 0.0
cell 60.38892781765883 29.32383307080513 0.0 1.0 1.0 1 0 0 0.0 1.0 0.0
cell 11.504808446427727 44.07921000166411 0.0 1.0 1.0 1 0 0 0.0 1.0 0.0
cell 0.2688113197927191 5.451122197933523 0.0 1.0 1.0 1 0 0 0.0 1.0 0.0
cell 45.383610385847795 57.76894905118076 0.0 1.0 1.0 1 0 0 0.0 1.0 0.0
cell 24.068219006644874 54.07125310077879 0.0 1.0 1.0 1 0 0 0.0 1.0 0.0
cell 34.836339571278174 60.40589091083636 0.0 1.0 1.0 1 0 0 0.0 1.0 0.0
cell 15.80074878046009 24.94368667728896 0.0 1.0 1.0 1 0 0 0.0 1.0 0.0
cell 18.756036246915205 55.40828717024144 0.0 1.0 1.0 1 0 0 0.0 1.0 0.0
cell 45.06113565230207 0.46438739092439146 0.0 1.0 1.0 1 0 0 0.0 1.0 0.0
cell 51.84160714650507 54.78841491308514 0.0 1.0 1.0 1 0 0 0.0 1.0 0.0
cell 10.565053673066265 54.68620966909791 0.0 1.0 1.0 1 0 0 0.0 1.0 0.0
cell 25.054967531822243 16.525407537236674 0.0 1.0 1.0 1 0 0 0.0 1.0 0.0
cell 21.773042066846138 44.976081413210395 0.0 1.0 1.0 1 0 0 0.0 1.0 0.0
cell 22.537127791294733 20.290853820533794 0.0 1.0488088481701516 0.9534625892455922 1 0 0 0.7979320386052773 -0.6027474278395772 4.435472322947468
cell 21.096708689803837 21.738705693755872 0.0 1.0 1.0 1 0 0 0.0 1.0 0.0
cell 42.52115127082813 43.281079107866944 0.0 1.0 1.0 1 0 0 0.0 1.0 0.0
cell 53.093657655747286 40.46904734135606 0.0 1.140175425099138 0.8770580193070291 1 0 0 0.8104558353691819 0.58579974301466 1.8898596775982774
cell 9.682870570652632 52.81897087272946 0.0 1.0 1.0 1 0 0 0.0 1.0 0.0
cell 56.850114981462184 29.33623066696861 0.0 1.0 1.0 1 0 0 0.0 1.0 0.0
cell 46.22161279963426 37.56007403540901 0.0 1.0 1.0 1 0 0 0.0 1.0 0.0
cell 19.392176086615052 26.91956184412379 0.0 1.0 1.0 1 0 0 0.0 1.0 0.0
cell 47.196667411670916 49.046710941986426 0.0 1.0 1.0 1 0 0 0.0 1.0 0.0
cell 33.540794324765784 20.264897568302153 0.0 1.0 1.0 1 0 0 0.0 1.0 0.0
cell 21.396251588295083 0.14419462474615974 0.0 1.0 1.0 1 0 0 0.0 1.0 0.0
cell 9.58811612095023 4.4557409188191 0.0 1.0 1.0 1 0 0 0.0 1.0 0.0
cell 28.14396902111392 54.434788719044306 0.0 1.0 1.0 1 0 0 0.0 1.0 0.0
cell 44.46784592143683 7.556837267708202 0.0 1.0 1.0 1 0 0 0.0 1.0 0.0
cell 43.78702999321477 14.586929219274586 0.0 1.0 1.0 1 0 0 0.0 1.0 0.0
cell 12.845649203705305 2.9386275725190325 0.0 1.0 1.0 1 0 0 0.0 1.0 0.0
cell 26.93386721120176 56.10999510325116 0.0 1.0 1.0 1 0 0 0.0 1.0 0.0
cell 8.411715945099925 28.2018210116295 0.0 1.0 1.0 1 0 0 0.0 1.0 0.0
cell 22.545758545102586 59.29984365679074 0.0 1.0 1.0 1 0 0 0.0 1.0 0.0
cell 57.398306627583715 49.8591850482824 0.0 1.0 1.0 1 0 0 0.0 1.0 0.0
cell 46.803229356106804 4.168657410483037 0.0 1.0 1.0 1 0 0 0.0 1.0 0.0
cell 36.97511013041148 48.1241512964883 0.0 1.0 1.0 1 0 0 0.0 1.0 0.0
cell 21.047541622179683 3.6778117665148584 0.0 1.0 1.0 1 0 0 0.0 1.0 0.0
cell 15.861087916826984 33.141087162554314 0.0 1.0 1.0 1 0 0 0.0 1.0 0.0
cell 23.85200441205858 18.153723398292385 0.0 1.0 1.0 1 0 0 0.0 1.0 0.0
cell 42.936170507684565 12.767796607079962 0.0 1.0 1.0 1 0 0 0.0 1.0 0.0
cell 35.648679413130395 39.81788032189062 0.0 1.0488088481701516 0.9534625892455922 1 0 0 0.8604788784277442 -0.5094861134316926 4.210767602871123
cell 20.03769788888255 41.25702284611532 0.0 1.0 1.0 1 0 0 0.0 1.0 0.0
cell 10.700861171723153 15.259986839891035 0.0 1.0 1.0 1 0 0 0.0 1.0 0.0
cell 14.797520228574344 15.59412576298795 0.0 1.0 1.0 1 0 0 0.0 1.0 0.0
cell 26.102178495881944 54.263447176817905 0.0 1.0 1.0 1 0 0 0.0 1.0 0.0
cell 31.606936135456856 1.0667669653064051 0.0 1.0 1.0 1 0 0 0.0 1.0 0.0
cell 7.018712199840996 59.71153310903602 0.0 1.0 1.0 1 0 0 0.0 1.0 0.0
cell 32.8193780939027 60.23233788404695 0.0 1.0 1.0 1 0 0 0.0 1.0 0.0
cell 7.944962691756448 49.05446616551923 0.0 1.0 1.0 1 0 0 0.0 1.0 0.0
cell 18.489755900462896 46.4722066871128 0.0 1.0 1.0 1 0 0 0.0 1.0 0.0
cell 23.826808494855626 45.12514349784431 0.0 1.0 1.0 1 0 0 0.0 1.0 0.0
cell 30.2283134011702 36.86203739865668 0.0 1.0 1.0 1 0 0 0.0 1.0 0.0
cell 19.354860903382 24.868970418730935 0.0 1.0 1.0 1 0 0 0.0 1.0 0.0
cell 30.010592392815294 24.53603485554131 0.0 1.0 1.0 1 0 0 0.0 1.0 0.0
cell 47.90807640577188 28.37726131801239 0.0 1.0 1.0 1 0 0 0.0 1.0 0.0
cell 58.61645751494843 32.438275488445974 0.0 1.0 1.0 1 0 0 0.0 1.0 0.0
cell 53.27737745863811 25.206300780682234 0.0 1.0 1.0 1 0 0 0.0 1.0 0.0
cell 59.469544242252475 50.01758301213917 0.0 1.0 1.0 1 0 0 0.0 1.0 0.0
cell 33.676516446288744 1.241577392753432 0.0 1.0 1.0 1 0 0 0.0 1.0 0.0
cell 2.050856316783533 57.511697877615894 0.0 1.0 1.0 1 0 0 0.0 1.0 0.0
cell 48.361709372678966 47.37325869686202 0.0 1.0 1.0 1 0 0 0.0 1.0 0.0
cell 19.40950019676203 28.95053297080597 0.0 1.0 1.0 1 0 0 0.0 1.0 0.0
cell 7.128627045706957 47.20256656925143 0.0 1.0 1.0 1 0 0 0.0 1.0 0.0
cell 59.75432680087694 46.43767214187192 0.0 1.0 1.0 1 0 0 0.0 1.0 0.0
cell 44.29668066952454 22.242950533136852 0.0 1.0 1.0 1 0 0 0.0 1.0 0.0
cell 49.24646941665381 49.24300705688477 0.0 1.0 1.0 1 0 0 0.0 1.0 0.0
cell 40.705764203733864 18.127594322664944 0.0 1.0 1.0 1 0 0 0.0 1.0 0.0
cell 58.86379340306482 57.152183268456696 0.0 1.0 1.0 1 0 0 0.0 1.0 0.0
cell 38.31189957879268 7.034927059284149 0.0 1.0 1.0 1 0 0 0.0 1.0 0.0
cell 50.08100890823409 51.032486568486384 0.0 1.0 1.0 1 0 0 0.0 1.0 0.0
cell 43.89994962045522 2.181183317336516 0.0 1.0 1.0 1 0 0 0.0 1.0 0.0
cell 48.85549471904439 4.355042213390679 0.0 1.0 1.0 1 0 0 0.0 1.0 0.0
cell 40.11779477607464 59.09995467294805 0.0 1.0 1.0 1 0 0 0.0 1.0 0.0
cell 57.10265613477573 53.40992435153893 0.0 1.0 1.0 1 0 0 0.0 1.0 0.0
cell 9.293315834846679 7.962046004206454 0.0 1.0 1.0 1 0 0 0.0 1.0 0.0
cell 33.6709687169537 30.61523090212667 0.0 1.0 1.0 1 0 0 0.0 1.0 0.0
cell 8.420394044391944 6.076518302697597 0.0 1.0 1.0 1 0 0 0.0 1.0 0.0
cell 1.3296117920950983 32.4194171151363 0.0 1.0 1.0 1 0 0 0.0 1.0 0.0
cell 28.375350436160282 2.5697313477545394 0.0 1.0 1.0 1 0 0 0.0 1.0 0.0
cell 16.29482085073275 37.37405567646265 0.0 1.0 1.0 1 0 0 0.0 1.0 0.0
cell 44.83996574101531 52.370432337093504 0.0 1.0 1.0 1 0 0 0.0 1.0 0.0
cell 11.659266258865323 4.644379256295031 0.0 1.0 1.0 1 0 0 0.0 1.0 0.0
cell 6.594016079039363 25.15136915189539 0.0 1.0 1.0 1 0 0 0.0 1.0 0.0
cell 39.16068908961314 8.925453553890154 0.0 1.0 1.0 1 0 0 0.0 1.0 0.0
cell 11.902927770858756 13.549183055583182 0.0 1.0 1.0 1 0 0 0.0 1.0 0.0
cell 46.23485005334559 35.52824634015674 0.0 1.0 1.0 1 0 0 0.0 1.0 0.0
cell 13.678138453879123 4.774028921015503 0.0 1.0 1.0 1 0 0 0.0 1.0 0.0
cell 33.8768006562732 10.238078230932521 0.0 1.0 1.0 1 0 0 0.0 1.0 0.0
cell 9.214029222862502 20.407631666299576 0.0 1.0 1.0 1 0 0 0.0 1.0 0.0
cell 6.343487381249347 5.9622002661205835 0.0 1.0 1.0 1 0 0 0.0 1.0 0.0
cell 30.723308318612776 60.05126743603927 0.0 1.0 1.0 1 0 0 0.0 1.0 0.0
cell 41.05762218801537 39.28876322658697 0.0 1.1832159566199234 0.8451542547285166 1 0 0 0.7281981604711237 0.6853666457353113 1.6313784999343175
cell 6.527856847805635 41.83346262026326 0.0 1.0 1.0 1 0 0 0.0 1.0 0.0
cell 8.433757702404582 30.275431279860605 0.0 1.0 1.0 1 0 0 0.0 1.0 0.0
cell 21.45426668055838 48.49173723642855 0.0 1.0 1.0 1 0 0 0.0 1.0 0.0
cell 13.762235602410595 25.118890173119876 0.0 1.0 1.0 1 0 0 0.0 1.0 0.0
cell 20.496254811810015 59.12151621072018 0.0 1.0 1.0 1 0 0 0.0 1.0 0.0
cell 22.95683963478818 26.826450337003152 0.0 1.0 1.0 1 0 0 0.0 1.0 0.0
cell 13.547245903613309 44.26850182151512 0.0 1.0 1.0 1 0 0 0.0 1.0 0.0
cell 34.61527893011498 51.443951339448056 0.0 1.0 1.0 1 0 0 0.0 1.0 0.0
cell 5.026223819159505 47.03828149811128 0.0 1.0 1.0 1 0 0 0.0 1.0 0.0
cell 12.314627947349537 58.44243611755063 0.0 1.0 1.0 1 0 0 0.0 1.0 0.0
cell 4.8716066249664625 11.18602362173216 0.0 1.0 1.0 1 0 0 0.0 1.0 0.0
cell 20.937229298637444 43.14386880095163 0.0 1.0 1.0 1 0 0 0.0 1.0 0.0
cell 55.37541761213913 49.67399019299331 0.0 1.0 1.0 1 0 0 0.0 1.0 0.0
cell 40.65308860293201 20.19914520205051 0.0 1.0 1.0 1 0 0 0.0 1.0 0.0
cell 0.20842881472458535 17.937967226252148 0.0 1.0 1.0 1 0 0 0.0 1.0 0.0
cell 45.916179689460805 2.3436210743905828 0.0 1.0 1.0 1 0 0 0.0 1.0 0.0
cell 31.829106674413698 19.162642328242043 0.0 1.0 1.0 1 0 0 0.0 1.0 0.0
cell 41.50382702306553 5.488513045354405 0.0 1.0 1.0 1 0 0 0.0 1.0 0.0
cell 24.296225720758844 2.1542451476945654 0.0 1.0 1.0 1 0 0 0.0 1.0 0.0
cell 30.64739153379206 11.765061403637615 0.0 1.0 1.0 1 0 0 0.0 1.0 0.0
cell 44.344382819935106 26.323786546313983 0.0 1.0 1.0 1 0 0 0.0 1.0 0.0
cell 4.255436686028255 18.248635048180567 0.0 1.0 1.0 1 0 0 0.0 1.0 0.0
cell 48.217022090628184 11.504715770157617 0.0 1.0 1.0 1 0 0 0.0 1.0 0.0
cell 3.888722859659552 48.72650953384691 0.0 1.0 1.0 1 0 0 0.0 1.0 0.0
cell 36.61817072907691 51.636976747585834 0.0 1.0 1.0 1 0 0 0.0 1.0 0.0
cell 13.914162664525914 40.73424299099589 0.0 1.0 1.0 1 0 0 0.0 1.0 0.0
cell 32.52397418982252 51.25681054388745 0.0 1.0 1.0 1 0 0 0.0 1.0 0.0
cell 31.238545827087467 17.15234469395612 0.0 1.0 1.0 1 0 0 0.0 1.0 0.0
cell 59.28202147369631 14.192882452109655 0.0 1.0 1.0 1 0 0 0.0 1.0 0.0
cell 58.901087199071796 44.54531011293128 0.0 1.0 1.0 1 0 0 0.0 1.0 0.0
cell 22.10484904664156 41.39630918914488 0.0 1.0 1.0 1 0 0 0.0 1.0 0.0
cell 0.6258057271901837 50.21510892489838 0.0 1.0 1.0 1 0 0 0.0 1.0 0.0
cell 48.003365759002854 36.54236206410095 0.0 1.0 1.0 1 0 0 0.0 1.0 0.0
cell 6.642191198251974 29.232035239733612 0.0 1.0 1.0 1 0 0 0.0 1.0 0.0
cell 53.16975648828625 13.698448429049034 0.0 1.0 1.0 1 0 0 0.0 1.0 0.0
cell 12.035278263196066 34.30181298596648 0.0 1.0 1.0 1 0 0 0.0 1.0 0.0
cell 12.02269298095151 32.26100403183737 0.0 1.0 1.0 1 0 0 0.0 1.0 0.0
cell 4.157044410001448 45.1637992642779 0.0 1.0 1.0 1 0 0 0.0 1.0 0.0
cell 32.008444241605126 45.780823573030744 0.0 1.0 1.0 1 0 0 0.0 1.0 0.0
cell 6.631067654470707 27.21331660497154 0.0 1.0 1.0 1 0 0 0.0 1.0 0.0
cell 21.244506749932913 39.583804200946425 0.0 1.0 1.0 1 0 0 0.0 1.0 0.0
cell 31.517978800333193 13.597333910958781 0.0 1.0 1.0 1 0 0 0.0 1.0 0.0
cell 27.28666917600093 52.61215198736441 0.0 1.0 1.0 1 0 0 0.0 1.0 0.0
cell 58.932767565843555 40.814578830308434 0.0 1.0488088481701516 0.9534625892455922 1 0 0 0.9823497404026528 -0.18705343496135188 3.517916209264072
cell 6.947938099369382 11.355675776305363 0.0 1.0 1.0 1 0 0 0.0 1.0 0.0
cell 9.0319753083202 59.94148882720975 0.0 1.0 1.0 1 0 0 0.0 1.0 0.0
cell 19.335826513783076 60.85692384723585 0.0 1.0 1.0 1 0 0 0.0 1.0 0.0
cell 0.778458759924556 10.809256717190506 0.0 1.0 1.0 1 0 0 0.0 1.0 0.0
cell 53.45271627109152 10.120077642385885 0.0 1.0 1.0 1 0 0 0.0 1.0 0.0
cell 16.421084048933874 58.77891665009748 0.0 1.0 1.0 1 0 0 0.0 1.0 0.0
cell 20.3755733499752 37.77892932658401 0.0 1.0 1.0 1 0 0 0.0 1.0 0.0
cell 20.58538508211109 46.66381238662396 0.0 1.0 1.0 1 0 0 0.0 1.0 0.0
cell 2.8268139025611347 10.982039514347747 0.0 1.0 1.0 1 0 0 0.0 1.0 0.0
cell 18.85625877280613 42.923347408041806 0.0 1.0 1.0 1 0 0 0.0 1.0 0.0
cell 42.719457340884595 3.8294026860558494 0.0 1.0 1.0 1 0 0 0.0 1.0 0.0
cell 20.821501803945324 55.59637615862252 0.0 1.0 1.0 1 0 0 0.0 1.0 0.0
cell 26.452483076431186 50.717724077512905 0.0 1.0 1.0 1 0 0 0.0 1.0 0.0
cell 33.58670749788388 24.41269898725939 0.0 1.0 1.0 1 0 0 0.0 1.0 0.0
cell 42.40412954174932 7.389865407936607 0.0 1.0 1.0 1 0 0 0.0 1.0 0.0
cell 3.0840336893722875 37.631386958002416 0.0 1.0954451150103324 0.9128709291752768 1 0 0 0.4371872100403588 -0.8993705261888045 5.378247751806206
cell 28.291941417752316 27.629657785074784 0.0 1.0 1.0 1 0 0 0.0 1.0 0.0
cell 16.614344009565585 6.82910583767241 0.0 1.0 1.0 1 0 0 0.0 1.0 0.0
cell 47.94272326206596 30.38426272010684 0.0 1.0 1.0 1 0 0 0.0 1.0 0.0
cell 19.352173348903676 22.869313037182465 0.0 1.0 1.0 1 0 0 0.0 1.0 0.0
cell 26.278578287098846 14.881454439508676 0.0 1.0 1.0 1 0 0 0.0 1.0 0.0
cell 30.119046921880983 6.28630473605702 0.0 1.0 1.0 1 0 0 0.0 1.0 0.0
cell 36.57494463544563 3.2904204900460927 0.0 1.0 1.0 1 0 0 0.0 1.0 0.0
cell 10.03808920218545 49.233095630668245 0.0 1.0 1.0 1 0 0 0.0 1.0 0.0
cell 43.65806043754512 54.09634269130476 0.0 1.0 1.0 1 0 0 0.0 1.0 0.0
cell 28.45549792686965 50.87520778002754 0.0 1.0 1.0 1 0 0 0.0 1.0 0.0
cell 29.580124435489825 0.8653762853710112 0.0 1.0 1.0 1 0 0 0.0 1.0 0.0
cell 14.019395321496864 1.2926764237659532 0.0 1.0 1.0 1 0 0 0.0 1.0 0.0
cell 35.142068682174944 56.847363541751996 0.0 1.0 1.0 1 0 0 0.0 1.0 0.0
cell 2.448983166354437 41.36602042377946 0.0 1.0 1.0 1 0 0 0.0 1.0 0.0
cell 2.278230315582408 5.61858714790527 0.0 1.0 1.0 1 0 0 0.0 1.0 0.0
cell 59.701224332974235 58.98908492901425 0.0 1.0 1.0 1 0 0 0.0 1.0 0.0
cell 49.60151274400329 19.144415506050347 0.0 1.0 1.0 1 0 0 0.0 1.0 0.0
cell 17.607799401367306 57.10800530235569 0.0 1.0 1.0 1 0 0 0.0 1.0 0.0
cell 29.49749223136188 13.381143145307142 0.0 1.0 1.0 1 0 0 0.0 1.0 0.0
cell 3.089797423572077 29.29696019259806 0.0 1.0 1.0 1 0 0 0.0 1.0 0.0
cell 20.43988387030714 10.737888199325672 0.0 1.0 1.0 1 0 0 0.0 1.0 0.0
cell 41.20246884184765 9.04980116335488 0.0 1.0 1.0 1 0 0 0.0 1.0 0.0
cell 24.863396137637313 33.95769018561954 0.0 1.0 1.0 1 0 0 0.0 1.0 0.0
cell 5.3062947120702155 55.996583423341235 0.0 1.0 1.0 1 0 0 0.0 1.0 0.0
cell 17.51857819437811 8.723081972850737 0.0 1.0 1.0 1 0 0 0.0 1.0 0.0
cell 6.682649595179716 2.401521564061423 0.0 1.0 1.0 1 0 0 0.0 1.0 0.0
cell 57.98040566852406 55.29666631581851 0.0 1.0 1.0 1 0 0 0.0 1.0 0.0
cell 37.09734367942956 20.203556225489166 0.0 1.0488088481701516 0.9534625892455922 1 0 0 0.8965217406462647 0.4429997387680851 2.223708868558764
cell 32.38940483083223 15.513257302038449 0.0 1.0 1.0 1 0 0 0.0 1.0 0.0
cell 57.3372116489857 1.508776494964452 0.0 1.0 1.0 1 0 0 0.0 1.0 0.0
cell 21.17440342754937 27.89403724253027 0.0 1.0 1.0 1 0 0 0.0 1.0 0.0
cell 13.913198382184465 13.72034914268912 0.0 1.0 1.0 1 0 0 0.0 1.0 0.0
cell 36.35565778058453 55.22061530812015 0.0 1.0 1.0 1 0 0 0.0 1.0 0.0
cell 44.32439456004593 24.261083990471672 0.0 1.0 1.0 1 0 0 0.0 1.0 0.0
cell 10.988141960215392 38.73091996384871 0.0 1.0 1.0 1 0 0 0.0 1.0 0.0
cell 1.2710485432478684 28.271309766006976 0.0 1.0 1.0 1 0 0 0.0 1.0 0.0
cell 25.388232186821266 12.99613348292974 0.0 1.0 1.0 1 0 0 0.0 1.0 0.0
cell 54.059840529934235 15.541634876668915 0.0 1.0 1.0 1 0 0 0.0 1.0 0.0
cell 38.998450966427185 48.292959639684646 0.0 1.0 1.0 1 0 0 0.0 1.0 0.0
cell 51.57013521615878 38.61215379536706 0.0 1.0 1.0 1 0 0 0.0 1.0 0.0
cell 31.870846180800164 27.55100951970309 0.0 1.0 1.0 1 0 0 0.0 1.0 0.0
cell 11.850620832505589 40.533861134419766 0.0 1.0 1.0 1 0 0 0.0 1.0 0.0
cell 56.81632175035981 23.128697448507012 0.0 1.0 1.0 1 0 0 0.0 1.0 0.0
cell 55.67653343756106 46.100799797344685 0.0 1.0 1.0 1 0 0 0.0 1.0 0.0
cell 16.812736477994985 42.76555616755955 0.0 1.0 1.0 1 0 0 0.0 1.0 0.0
cell 55.14245171000722 38.63204967921265 0.0 1.0 1.0 1 0 0 0.0 1.0 0.0
cell 8.439321509837564 34.33122545463549 0.0 1.0 1.0 1 0 0 0.0 1.0 0.0
cell 42.481782634988235 19.16353038289103 0.0 1.0 1.0 1 0 0 0.0 1.0 0.0
cell 53.265391168610236 21.07497187461858 0.0 1.0 1.0 1 0 0 0.0 1.0 0.0
cell 8.523833751692589 54.49632936038637 0.0 1.0 1.0 1 0 0 0.0 1.0 0.0
cell 7.891027567304016 0.7076882547345397 0.0 1.0 1.0 1 0 0 0.0 1.0 0.0
cell 28.693019159478013 59.830669936087745 0.0 1.0 1.0 1 0 0 0.0 1.0 0.0
cell 33.62139286526741 13.771910770885643 0.0 1.0 1.0 1 0 0 0.0 1.0 0.0
cell 19.87074717751481 5.353777382364785 0.0 1.0 1.0 1 0 0 0.0 1.0 0.0
cell 37.24775825090365 30.514317808764883 0.0 1.0 1.0 1 0 0 0.0 1.0 0.0
cell 3.7720264185954417 0.38451440729689174 0.0 1.0 1.0 1 0 0 0.0 1.0 0.0
cell 38.33865096836236 42.884178762862334 0.0 1.0 1.0 1 0 0 0.0 1.0 0.0
cell 32.17812435047145 6.514612322803378 0.0 1.0 1.0 1 0 0 0.0 1.0 0.0
cell 35.702321056422214 1.496650753855226 0.0 1.0 1.0 1 0 0 0.0 1.0 0.0
cell 56.768344740470546 56.97080266436653 0.0 1.0 1.0 1 0 0 0.0 1.0 0.0
cell 57.86183084884691 6.964858075558759 0.0 1.0 1.0 1 0 0 0.0 1.0 0.0
cell 37.14554236871422 24.358608007410652 0.0 1.0 1.0 1 0 0 0.0 1.0 0.0
cell 40.834622959140354 36.63564043076894 0.0 1.0 1.0 1 0 0 0.0 1.0 0.0
cell 47.42801007743104 57.97239273486185 0.0 1.0 1.0 1 0 0 0.0 1.0 0.0
cell 30.19468531239035 34.810407844971444 0.0 1.0 1.0 1 0 0 0.0 1.0 0.0
cell 15.604293960023595 44.44738804689151 0.0 1.0 1.0 1 0 0 0.0 1.0 0.0
cell 33.360972567045785 4.832788921942311 0.0 1.0 1.0 1 0 0 0.0 1.0 0.0
cell 36.89845213765211 60.58884820227964 0.0 1.0 1.0 1 0 0 0.0 1.0 0.0
cell 3.014147056034915 25.191956093216074 0.0 1.0 1.0 1 0 0 0.0 1.0 0.0
cell 40.64611866298706 3.678132956154666 0.0 1.0 1.0 1 0 0 0.0 1.0 0.0
cell 4.9036180111716865 36.42394736681484 0.0 1.0 1.0 1 0 0 0.0 1.0 0.0
cell 21.36425276212868 36.045090924007894 0.0 1.0 1.0 1 0 0 0.0 1.0 0.0
cell 37.74654912775235 1.6394055855600123 0.0 1.0 1.0 1 0 0 0.0 1.0 0.0
cell 42.599689359552684 29.42079780421982 0.0 1.0 1.0 1 0 0 0.0 1.0 0.0
cell 60.356176026584855 27.248303462605627 0.0 1.0 1.0 1 0 0 0.0 1.0 0.0
cell 28.181578951399384 21.487487072430195 0.0 1.0 1.0 1 0 0 0.0 1.0 0.0
cell 35.30671638352793 17.38755630377301 0.0 1.0 1.0 1 0 0 0.0 1.0 0.0
cell 20.197110445394117 1.7906937704291568 0.0 1.0 1.0 1 0 0 0.0 1.0 0.0
cell 17.240470548785307 60.64638634164485 0.0 1.0 1.0 1 0 0 0.0 1.0 0.0
cell 1.4679970952772565 38.999756106925226 0.0 1.30384048104053 0.7669649888473703 1 0 0 0.8192790936391199 -0.5733949482911951 4.362880052324743
cell 11.99300863433626 28.17684762301307 0.0 1.0 1.0 1 0 0 0.0 1.0 0.0
cell 1.3686424699189854 16.23075236772024 0.0 1.0 1.0 1 0 0 0.0 1.0 0.0
cell 51.49480810734452 22.114600441653447 0.0 1.0 1.0 1 0 0 0.0 1.0 0.0
cell 40.03878712283952 10.749424484427216 0.0 1.0 1.0 1 0 0 0.0 1.0 0.0
cell 53.611313627663534 58.501335592898535 0.0 1.0 1.0 1 0 0 0.0 1.0 0.0
cell 32.23801963516042 54.80649176926585 0.0 1.0 1.0 1 0 0 0.0 1.0 0.0
cell 33.44801388989257 53.1615230617879 0.0 1.0 1.0 1 0 0 0.0 1.0 0.0
cell 26.446546967718113 22.57345913272687 0.0 1.0 1.0 1 0 0 0.0 1.0 0.0
cell 43.949699765351646 50.53596145430435 0.0 1.0 1.0 1 0 0 0.0 1.0 0.0
cell 28.380313219432452 33.82561229688969 0.0 1.0 1.0 1 0 0 0.0 1.0 0.0
cell 3.3267714044861 43.292551839102714 0.0 1.0 1.0 1 0 0 0.0 1.0 0.0
cell 41.66162838701471 41.41546351354585 0.0 1.0 1.0 1 0 0 0.0 1.0 0.0
cell 46.0173627764042 19.106318755449912 0.0 1.0 1.0 1 0 0 0.0 1.0 0.0
cell 39.84271284885708 50.161548899020694 0.0 1.0 1.0 1 0 0 0.0 1.0 0.0
cell 56.372103909429484 12.156468562188127 0.0 1.0 1.0 1 0 0 0.0 1.0 0.0
cell 12.311548512371719 36.643475170818895 0.0 1.0 1.0 1 0 0 0.0 1.0 0.0
cell 25.045813494328925 43.38995200810358 0.0 1.0 1.0 1 0 0 0.0 1.0 0.0
cell 34.87599884508543 47.91909036614989 0.0 1.0 1.0 1 0 0 0.0 1.0 0.0
cell 45.997747442253434 50.72498926363904 0.0 1.0 1.0 1 0 0 0.0 1.0 0.0
cell 7.660704716844081 52.601576070666916 0.0 1.0 1.0 1 0 0 0.0 1.0 0.0
cell 13.252872032765826 47.77667115050467 0.0 1.0 1.0 1 0 0 0.0 1.0 0.0
cell 0.9549262088203561 46.64947084690871 0.0 1.0 1.0 1 0 0 0.0 1.0 0.0
cell 57.01862207378376 40.360721780210746 0.0 1.264911064067352 0.7905694150420947 1 0 0 0.7642792602471878 0.6448854257587244 1.7398459290777082
cell 60.51980565962454 39.48515070098912 0.0 1.0 1.0 1 0 0 0.0 1.0 0.0
cell 49.787107935414426 37.57950844272313 0.0 1.0 1.0 1 0 0 0.0 1.0 0.0
cell 33.726213968451184 34.71678595104721 0.0 1.0 1.0 1 0 0 0.0 1.0 0.0
cell 46.282154296778096 59.66420960702077 0.0 1.0 1.0 1 0 0 0.0 1.0 0.0
cell 15.797548441394477 26.93716467378414 0.0 1.0 1.0 1 0 0 0.0 1.0 0.0
cell 49.83973747780625 42.139224459348306 0.0 1.0 1.0 1 0 0 0.0 1.0 0.0
cell 22.15927053242353 14.470283334653848 0.0 1.0 1.0 1 0 0 0.0 1.0 0.0
cell 16.850381333309862 15.790909978213609 0.0 1.0 1.0 1 0 0 0.0 1.0 0.0
cell 45.79924750409615 14.839615378305052 0.0 1.0 1.0 1 0 0 0.0 1.0 0.0
cell 22.996300781262597 30.924315991991076 0.0 1.0 1.0 1 0 0 0.0 1.0 0.0
cell 11.263645773741255 20.573349788508846 0.0 1.0 1.0 1 0 0 0.0 1.0 0.0
cell 22.984411944084727 43.26448971734867 0.0 1.0 1.0 1 0 0 0.0 1.0 0.0
cell 49.76695027364312 33.45296450202067 0.0 1.0 1.0 1 0 0 0.0 1.0 0.0
cell 40.486134332444806 43.0939494265524 0.0 1.0 1.0 1 0 0 0.0 1.0 0.0
cell 22.636869791975375 46.83074957416155 0.0 1.0 1.0 1 0 0 0.0 1.0 0.0
cell 44.34895148056101 28.37306362472235 0.0 1.0 1.0 1 0 0 0.0 1.0 0.0
cell 19.541861907936596 8.881250642024112 0.0 1.0 1.0 1 0 0 0.0 1.0 0.0
cell 3.3749764121449637 16.438907258210154 0.0 1.0 1.0 1 0 0 0.0 1.0 0.0
cell 35.44675587131581 53.29904314655379 0.0 1.0 1.0 1 0 0 0.0 1.0 0.0
cell 15.788844425283642 5.012276583616378 0.0 1.0 1.0 1 0 0 0.0 1.0 0.0
cell 47.14226537021953 0.6220119135944586 0.0 1.0 1.0 1 0 0 0.0 1.0 0.0
cell 13.058123588754796 38.85767590717838 0.0 1.0 1.0 1 0 0 0.0 1.0 0.0
cell 49.17364128638408 0.7831378467798962 0.0 1.0 1.0 1 0 0 0.0 1.0 0.0
cell 29.97592504770284 22.499261653502273 0.0 1.0 1.0 1 0 0 0.0 1.0 0.0
cell 43.369373032512506 45.154360751724155 0.0 1.0 1.0 1 0 0 0.0 1.0 0.0
cell 43.69454316197876 41.62737604838524 0.0 1.0 1.0 1 0 0 0.0 1.0 0.0
cell 30.096665556140415 28.63895772099058 0.0 1.0 1.0 1 0 0 0.0 1.0 0.0
cell 29.970024861448326 20.482807438298558 0.0 1.0 1.0 1 0 0 0.0 1.0 0.0
cell 36.593540350218376 15.89646209595621 0.0 1.0488088481701516 0.9534625892455922 1 0 0 0.43406135688576947 0.9008833101231728 0.897992201445639
cell 0.0338551619418997 57.350678241935235 0.0 1.0 1.0 1 0 0 0.0 1.0 0.0
cell 21.792293831299027 18.023762893181 0.0 1.0 1.0 1 0 0 0.0 1.0 0.0
cell 33.75913563259994 36.762619886023295 0.0 1.0 1.0 1 0 0 0.0 1.0 0.0
cell 39.543055001972 53.681756557412065 0.0 1.0 1.0 1 0 0 0.0 1.0 0.0
cell 48.49650578957007 7.9176943536756035 0.0 1.0 1.0 1 0 0 0.0 1.0 0.0
cell 39.11373010170098 37.67652102112351 0.0 1.0 1.0 1 0 0 0.0 1.0 0.0
cell 55.52686242765409 10.320491502938978 0.0 1.0 1.0 1 0 0 0.0 1.0 0.0
cell 5.40879386475709 16.57256969331742 0.0 1.0 1.0 1 0 0 0.0 1.0 0.0
cell 58.645073892792325 36.582755484799165 0.0 1.0 1.0 1 0 0 0.0 1.0 0.0
cell 0.46956474710974866 14.384489665401793 0.0 1.0 1.0 1 0 0 0.0 1.0 0.0
cell 39.153733777393896 39.59295709676631 0.0 1.0 1.0 1 0 0 0.0 1.0 0.0
cell 10.21107860260597 29.22618149387223 0.0 1.0 1.0 1 0 0 0.0 1.0 0.0
cell 60.622847387756856 48.29952824892136 0.0 1.0 1.0 1 0 0 0.0 1.0 0.0
cell 36.00246677154464 58.77118847098579 0.0 1.0 1.0 1 0 0 0.0 1.0 0.0
cell 42.45536903204661 16.924778445661698 0.0 1.0954451150103324 0.9128709291752768 1 0 0 0.6518368752075335 -0.7583592078426149 4.863177120609149
cell 37.10422240685125 8.737583383829431 0.0 1.0 1.0 1 0 0 0.0 1.0 0.0
cell 14.966447768955188 51.533110991595045 0.0 1.0 1.0 1 0 0 0.0 1.0 0.0
cell 30.020817679971874 26.584283128717605 0.0 1.0 1.0 1 0 0 0.0 1.0 0.0
cell 38.97842041754064 27.414583102754086 0.0 1.0 1.0 1 0 0 0.0 1.0 0.0
cell 28.23667634764868 25.577384110389264 0.0 1.0 1.0 1 0 0 0.0 1.0 0.0
cell 43.28297195198854 9.249484295561649 0.0 1.0 1.0 1 0 0 0.0 1.0 0.0
cell 27.10389851257171 43.5807253041345 0.0 1.0 1.0 1 0 0 0.0 1.0 0.0
cell 29.996252730852543 45.63453013611341 0.0 1.0 1.0 1 0 0 0.0 1.0 0.0
cell 46.307230554510475 47.15978507236393 0.0 1.0 1.0 1 0 0 0.0 1.0 0.0
cell 7.388594174551794 43.700690060189444 0.0 1.0 1.0 1 0 0 0.0 1.0 0.0
cell 38.854534172192714 19.082465229491643 0.0 1.0488088481701516 0.9534625892455922 1 0 0 0.5841121823990355 0.8116729380563553 1.2475716294092838
cell 47.809345407775616 18.134653306010993 0.0 1.0 1.0 1 0 0 0.0 1.0 0.0
cell 19.99554204921443 53.7633379580697 0.0 1.0 1.0 1 0 0 0.0 1.0 0.0
cell 59.88944687693248 7.132868209627744 0.0 1.0 1.0 1 0 0 0.0 1.0 0.0
cell 22.97395572057283 28.893949960511623 0.0 1.0 1.0 1 0 0 0.0 1.0 0.0
cell 57.03308264021183 5.0859793659094 0.0 1.0 1.0 1 0 0 0.0 1.0 0.0
cell 4.810020057383565 22.09710450233221 0.0 1.0 1.0 1 0 0 0.0 1.0 0.0
cell 37.23382832902151 57.046732544157905 0.0 1.0 1.0 1 0 0 0.0 1.0 0.0
cell 15.834599952722817 31.057382259983417 0.0 1.0 1.0 1 0 0 0.0 1.0 0.0
cell 38.5923793031213 16.294594628932433 0.0 1.2247448713915894 0.8164965809277259 1 0 0 0.8666095738885078 -0.498986819910886 4.186451154757538
cell 57.989687354938475 42.62003477161141 0.0 1.0488088481701516 0.9534625892455922 1 0 0 0.6063200447243837 0.7952207261920563 1.302849583543418
cell 47.34373901536943 9.607399683751371 0.0 1.0 1.0 1 0 0 0.0 1.0 0.0
cell 5.47720814515091 4.044091641862967 0.0 1.0 1.0 1 0 0 0.0 1.0 0.0
cell 6.040431569068106 9.472105007134704 0.0 1.0 1.0 1 0 0 0.0 1.0 0.0
cell 48.051022290478784 50.8718395655351 0.0 1.0 1.0 1 0 0 0.0 1.0 0.0
cell 40.86609229603712 34.60136917335398 0.0 1.0 1.0 1 0 0 0.0 1.0 0.0
cell 60.512317383448895 21.202758350717787 0.0 1.0 1.0 1 0 0 0.0 1.0 0.0
cell 55.11703766586522 36.604970419589726 0.0 1.0 1.0 1 0 0 0.0 1.0 0.0
cell 51.7851601101636 6.402441575834303 0.0 1.0 1.0 1 0 0 0.0 1.0 0.0
cell 40.67538517226242 22.22401046369598 0.0 1.0 1.0 1 0 0 0.0 1.0 0.0
cell 7.240436204260505 7.809656838530406 0.0 1.0 1.0 1 0 0 0.0 1.0 0.0
cell 46.58591635313232 56.12525295355557 0.0 1.0 1.0 1 0 0 0.0 1.0 0.0
cell 31.866767045041886 29.601943671786234 0.0 1.0 1.0 1 0 0 0.0 1.0 0.0
cell 37.2060543117989 28.477768467461477 0.0 1.0 1.0 1 0 0 0.0 1.0 0.0
cell 11.328783536386663 8.143332279526684 0.0 1.0 1.0 1 0 0 0.0 1.0 0.0
cell 11.996522469153469 1.0840306232561991 0.0 1.0 1.0 1 0 0 0.0 1.0 0.0
cell 4.956604947348286 59.55735838791767 0.0 1.0 1.0 1 0 0 0.0 1.0 0.0
cell 23.511815069204673 48.71206560770682 0.0 1.0 1.0 1 0 0 0.0 1.0 0.0
cell 45.12948646169973 48.88357599217161 0.0 1.0 1.0 1 0 0 0.0 1.0 0.0
cell 44.37916099974314 30.4488880485799 0.0 1.0 1.0 1 0 0 0.0 1.0 0.0
cell 15.389025002010712 20.98302672184583 0.0 1.0 1.0 1 0 0 0.0 1.0 0.0
cell 25.742553600484893 9.43377855053615 0.0 1.0 1.0 1 0 0 0.0 1.0 0.0
cell 33.62884872263679 28.54411369981796 0.0 1.0 1.0 1 0 0 0.0 1.0 0.0
cell 40.980191186878 0.1240749963236609 0.0 1.0 1.0 1 0 0 0.0 1.0 0.0
cell 41.29166832261297 57.434270388749354 0.0 1.0 1.0 1 0 0 0.0 1.0 0.0
cell 31.765920875262445 23.42211774308356 0.0 1.0 1.0 1 0 0 0.0 1.0 0.0
cell 5.344269624507836 43.49483277052749 0.0 1.0 1.0 1 0 0 0.0 1.0 0.0
cell 46.12996330698767 27.34301534722268 0.0 1.0 1.0 1 0 0 0.0 1.0 0.0
cell 21.227643893644828 29.938136667854973 0.0 1.0 1.0 1 0 0 0.0 1.0 0.0
cell 60.41122200771202 31.354636508377308 0.0 1.0 1.0 1 0 0 0.0 1.0 0.0
cell 54.828062950959165 44.251606474603086 0.0 1.0 1.0 1 0 0 0.0 1.0 0.0
cell 26.677901118167856 36.95755287332053 0.0 1.0 1.0 1 0 0 0.0 1.0 0.0
cell 24.867933556892126 7.606923371005651 0.0 1.0 1.0 1 0 0 0.0 1.0 0.0
cell 56.15293872755197 3.2065655554701835 0.0 1.0 1.0 1 0 0 0.0 1.0 0.0
cell 9.849077250606806 13.347954594008302 0.0 1.0 1.0 1 0 0 0.0 1.0 0.0
cell 46.14169526846596 29.375042413161175 0.0 1.0 1.0 1 0 0 0.0 1.0 0.0
cell 25.773828925420194 57.81706269800862 0.0 1.0 1.0 1 0 0 0.0 1.0 0.0
cell 14.376997799582885 58.594455252118294 0.0 1.0 1.0 1 0 0 0.0 1.0 0.0
cell 4.308974357954321 5.7551077613053065 0.0 1.0 1.0 1 0 0 0.0 1.0 0.0
cell 24.58657159953416 59.470053525303236 0.0 1.0 1.0 1 0 0 0.0 1.0 0.0
cell 55.9889048683201 42.5061366347783 0.0 1.0 1.0 1 0 0 0.0 1.0 0.0
cell 24.623967863325824 21.698581404241644 0.0 1.0 1.0 1 0 0 0.0 1.0 0.0
cell 8.569149125457399 41.99958778406728 0.0 1.0 1.0 1 0 0 0.0 1.0 0.0
cell 33.90503617708664 40.81951768895534 0.0 1.0 1.0 1 0 0 0.0 1.0 0.0
cell 32.00668118455356 35.79264052411039 0.0 1.0 1.0 1 0 0 0.0 1.0 0.0
cell 35.426356047978594 29.534841893927158 0.0 1.0 1.0 1 0 0 0.0 1.0 0.0
cell 24.79850511839522 31.92370094951506 0.0 1.0 1.0 1 0 0 0.0 1.0 0.0
cell 3.5144115971982344 52.2439237444628 0.0 1.0 1.0 1 0 0 0.0 1.0 0.0
cell 26.89863032080127 7.7956154669362885 0.0 1.0 1.0 1 0 0 0.0 1.0 0.0
cell 45.450338839568666 45.34650334004047 0.0 1.0 1.0 1 0 0 0.0 1.0 0.0
cell 26.57259959603716 11.340794364089378 0.0 1.0 1.0 1 0 0 0.0 1.0 0.0
cell 46.64961728332883 43.655347563493805 0.0 1.0 1.0 1 0 0 0.0 1.0 0.0
cell 58.21141168631376 3.4165415455480126 0.0 1.0 1.0 1 0 0 0.0 1.0 0.0
cell 55.092382447666054 53.238227909390595 0.0 1.0 1.0 1 0 0 0.0 1.0 0.0
cell 27.110529437399553 16.769837400266468 0.0 1.0 1.0 1 0 0 0.0 1.0 0.0
cell 31.94457977735505 33.71079915649171 0.0 1.0 1.0 1 0 0 0.0 1.0 0.0
cell 44.45566948023123 36.52829171228748 0.0 1.0 1.0 1 0 0 0.0 1.0 0.0
cell 44.362486231362034 16.284145443402178 0.0 1.0 1.0 1 0 0 0.0 1.0 0.0
cell 40.792075408027024 28.369535657974247 0.0 1.0 1.0 1 0 0 0.0 1.0 0.0
cell 8.248078368869706 45.550952257678716 0.0 1.0 1.0 1 0 0 0.0 1.0 0.0
cell 59.401249193398016 1.7022303025742123 0.0 1.0 1.0 1 0 0 0.0 1.0 0.0
cell 46.9800264586789 40.15559117952715 0.0 1.0 1.0 1 0 0 0.0 1.0 0.0
cell 3.0773560806011786 35.530069056653865 0.0 1.0 1.0 1 0 0 0.0 1.0 0.0
cell 20.951033716655942 16.128026985921096 0.0 1.0 1.0 1 0 0 0.0 1.0 0.0
cell 54.942835219163065 17.434174407818432 0.0 1.0 1.0 1 0 0 0.0 1.0 0.0
cell 2.6131679688392078 2.0462751996374453 0.0 1.0 1.0 1 0 0 0.0 1.0 0.0
cell 35.64034649369947 14.018783049918165 0.0 1.0 1.0 1 0 0 0.0 1.0 0.0
cell 56.686746706281525 8.607770357931942 0.0 1.0 1.0 1 0 0 0.0 1.0 0.0
cell 15.268534498733901 47.988470434990404 0.0 1.0 1.0 1 0 0 0.0 1.0 0.0
cell 50.24303093330682 11.661770256910739 0.0 1.0 1.0 1 0 0 0.0 1.0 0.0
cell 36.06925702441018 46.23007806679935 0.0 1.0 1.0 1 0 0 0.0 1.0 0.0
cell 54.149464326057874 3.09388081124851 0.0 1.0 1.0 1 0 0 0.0 1.0 0.0
cell 21.910133711214915 5.524586722074823 0.0 1.0 1.0 1 0 0 0.0 1.0 0.0
cell 58.29099959520165 51.73289860455541 0.0 1.0 1.0 1 0 0 0.0 1.0 0.0
cell 17.143154760517575 12.23956396591367 0.0 1.0 1.0 1 0 0 0.0 1.0 0.0
cell 44.210210944946844 59.479361775111705 0.0 1.0 1.0 1 0 0 0.0 1.0 0.0
cell 21.270538991220217 12.573109684561821 0.0 1.0 1.0 1 0 0 0.0 1.0 0.0
cell 50.7192046424068 44.04022617867709 0.0 1.0 1.0 1 0 0 0.0 1.0 0.0
cell 23.093910167195634 3.876789608084371 0.0 1.0 1.0 1 0 0 0.0 1.0 0.0
cell 24.573571409437935 38.03209398756899 0.0 1.0 1.0 1 0 0 0.0 1.0 0.0
cell 38.88943723798009 21.184079760914774 0.0 1.0 1.0 1 0 0 0.0 1.0 0.0
cell 55.72747734345725 19.328534267853712 0.0 1.0 1.0 1 0 0 0.0 1.0 0.0
cell 42.617753648024184 35.58696921232145 0.0 1.0 1.0 1 0 0 0.0 1.0 0.0
cell 12.63674430600481 54.85355272158259 0.0 1.0 1.0 1 0 0 0.0 1.0 0.0
cell 19.137125920790176 21.1048528447779 0.0 1.0 1.0 1 0 0 0.0 1.0 0.0
cell 37.590705111691314 40.918136181971875 0.0 1.0488088481701516 0.9534625892455922 1 0 0 0.5968606646886333 0.8023449052293178 1.2791653747587008
cell 42.49729263312631 25.32011324971524 0.0 1.0 1.0 1 0 0 0.0 1.0 0.0
cell 17.63858285476472 44.64976199380983 0.0 1.0 1.0 1 0 0 0.0 1.0 0.0
cell 1.0885567824676348 7.268647323375207 0.0 1.0 1.0 1 0 0 0.0 1.0 0.0
cell 44.964638704664466 12.978695657347716 0.0 1.0 1.0 1 0 0 0.0 1.0 0.0
cell 13.830799529159965 23.069418840215942 0.0 1.0 1.0 1 0 0 0.0 1.0 0.0
cell 17.571803002999804 25.919431969711212 0.0 1.0 1.0 1 0 0 0.0 1.0 0.0
cell 2.4982269154533774 14.56843302725301 0.0 1.0 1.0 1 0 0 0.0 1.0 0.0
cell 10.145281020306221 9.829365651111583 0.0 1.0 1.0 1 0 0 0.0 1.0 0.0
cell 57.28533736206865 14.015878952589068 0.0 1.0 1.0 1 0 0 0.0 1.0 0.0
cell 8.832368735034503 38.45500232620265 0.0 1.0 1.0 1 0 0 0.0 1.0 0.0
cell 17.610884724809402 29.962300257440127 0.0 1.0 1.0 1 0 0 0.0 1.0 0.0
cell 55.05081808931 34.53538396974404 0.0 1.0 1.0 1 0 0 0.0 1.0 0.0
cell 58.42950478545322 12.33776972524382 0.0 1.0 1.0 1 0 0 0.0 1.0 0.0
cell 15.82614800367881 22.912971413361493 0.0 1.0 1.0 1 0 0 0.0 1.0 0.0
cell 39.037172628451906 31.503163231653343 0.0 1.0 1.0 1 0 0 0.0 1.0 0.0
cell 39.46104467201009 5.348885967053238 0.0 1.0 1.0 1 0 0 0.0 1.0 0.0
cell 35.08266786939814 8.534706864785194 0.0 1.0 1.0 1 0 0 0.0 1.0 0.0
cell 53.04388269354885 53.06349175561278 0.0 1.0 1.0 1 0 0 0.0 1.0 0.0
cell 8.856779593162699 50.96472579966288 0.0 1.0 1.0 1 0 0 0.0 1.0 0.0
cell 50.36521170063638 60.041411873346014 0.0 1.0 1.0 1 0 0 0.0 1.0 0.0
cell 29.127904661888124 16.906708039784426 0.0 1.0 1.0 1 0 0 0.0 1.0 0.0
cell 10.383839961936602 18.734358980456847 0.0 1.0 1.0 1 0 0 0.0 1.0 0.0
cell 2.9190083142092313 59.370768588197436 0.0 1.0 1.0 1 0 0 0.0 1.0 0.0
cell 6.663278696586529 35.42606565869254 0.0 1.0 1.0 1 0 0 0.0 1.0 0.0
cell 9.472321941970701 43.86012433577856 0.0 1.0 1.0 1 0 0 0.0 1.0 0.0
cell 30.120973782108816 30.680100013828373 0.0 1.0 1.0 1 0 0 0.0 1.0 0.0
cell 31.940308805827044 58.359569712622424 0.0 1.0 1.0 1 0 0 0.0 1.0 0.0
cell 31.305590472801867 4.628349200088655 0.0 1.0 1.0 1 0 0 0.0 1.0 0.0
cell 27.219730819574618 4.245219531912789 0.0 1.0 1.0 1 0 0 0.0 1.0 0.0
cell 51.45685552114274 28.3263671597647 0.0 1.0 1.0 1 0 0 0.0 1.0 0.0
cell 41.044535455894305 48.476770069849856 0.0 1.0 1.0 1 0 0 0.0 1.0 0.0
cell 37.27390657343406 32.60105758088442 0.0 1.0 1.0 1 0 0 0.0 1.0 0.0
cell 51.967011298654064 15.40863566749015 0.0 1.0488088481701516 0.9534625892455922 1 0 0 0.26112650513474195 -0.9653045883637535 5.754807280143059
cell 37.138904084109434 22.270805002061618 0.0 1.0 1.0 1 0 0 0.0 1.0 0.0
cell 37.79601274433568 49.97400711022722 0.0 1.0 1.0 1 0 0 0.0 1.0 0.0
cell 12.762111401851923 15.413480130053728 0.0 1.0 1.0 1 0 0 0.0 1.0 0.0
cell 40.78894786962936 30.464699984288313 0.0 1.0 1.0 1 0 0 0.0 1.0 0.0
cell 37.33466405664153 38.76462381949118 0.0 1.0 1.0 1 0 0 0.0 1.0 0.0
cell 52.71178277171312 56.60194034979414 0.0 1.0 1.0 1 0 0 0.0 1.0 0.0
cell 29.78794257462043 9.8599618911607 0.0 1.0 1.0 1 0 0 0.0 1.0 0.0
cell 13.799572733442918 29.184052979812865 0.0 1.0 1.0 1 0 0 0.0 1.0 0.0
cell 18.546745076315172 19.405359713724927 0.0 1.0 1.0 1 0 0 0.0 1.0 0.0
cell 42.554705388751856 27.382610285120023 0.0 1.0 1.0 1 0 0 0.0 1.0 0.0
cell 28.34017258675811 29.72612093257461 0.0 1.0 1.0 1 0 0 0.0 1.0 0.0
cell 55.21121711518572 13.83633736894699 0.0 1.0 1.0 1 0 0 0.0 1.0 0.0
cell 37.44931983428732 5.167131402889992 0.0 1.0 1.0 1 0 0 0.0 1.0 0.0
cell 17.69925084719108 17.60407300272191 0.0 1.0 1.0 1 0 0 0.0 1.0 0.0
cell 30.181913073250126 54.60548933001948 0.0 1.0 1.0 1 0 0 0.0 1.0 0.0
cell 41.91989935746287 50.337162663800875 0.0 1.0 1.0 1 0 0 0.0 1.0 0.0
cell 51.534169797937174 32.40802102213266 0.0 1.0 1.0 1 0 0 0.0 1.0 0.0
cell 49.51393978835749 17.06980613691353 0.0 1.0 1.0 1 0 0 0.0 1.0 0.0
cell 21.289760016680766 34.04115635458304 0.0 1.0 1.0 1 0 0 0.0 1.0 0.0
cell 12.725066901903007 42.415981884815366 0.0 1.0 1.0 1 0 0 0.0 1.0 0.0
cell 4.473720664484567 41.60900964206152 0.0 1.0 1.0 1 0 0 0.0 1.0 0.0
cell 14.39821119468935 46.10831600265841 0.0 1.0 1.0 1 0 0 0.0 1.0 0.0
cell 60.455095228164126 35.50384974531255 0.0 1.0 1.0 1 0 0 0.0 1.0 0.0
cell 37.93384350182618 10.585920047414541 0.0 1.0 1.0 1 0 0 0.0 1.0 0.0
cell 21.2352200622529 31.94247580353939 0.0 1.0 1.0 1 0 0 0.0 1.0 0.0
cell 22.79498901423033 7.412185838351656 0.0 1.0 1.0 1 0 0 0.0 1.0 0.0
cell 51.32335273606265 18.051240780056435 0.0 1.0 1.0 1 0 0 0.0 1.0 0.0
cell 5.208521429043735 7.624365065681644 0.0 1.0 1.0 1 0 0 0.0 1.0 0.0
cell 60.437900011528676 37.58402932316057 0.0 1.0 1.0 1 0 0 0.0 1.0 0.0
cell 50.456086066002285 47.51814021342697 0.0 1.0 1.0 1 0 0 0.0 1.0 0.0
cell 13.610454957961561 17.247650394457974 0.0 1.0 1.0 1 0 0 0.0 1.0 0.0
cell 25.911891919320873 18.429267359948586 0.0 1.0 1.0 1 0 0 0.0 1.0 0.0
cell 26.6228813660171 59.67893189551436 0.0 1.0 1.0 1 0 0 0.0 1.0 0.0
cell 24.50096231871989 19.895055869618794 0.0 1.0 1.0 1 0 0 0.0 1.0 0.0
cell 52.40286322083936 60.19507842652415 0.0 1.0 1.0 1 0 0 0.0 1.0 0.0
cell 6.141491714077164 57.83475105880122 0.0 1.0 1.0 1 0 0 0.0 1.0 0.0
cell 1.4714778382089042 21.99865045931656 0.0 1.0 1.0 1 0 0 0.0 1.0 0.0
cell 14.231630760363338 37.202396616352715 0.0 1.0 1.0 1 0 0 0.0 1.0 0.0
cell 17.72777174691112 35.93981837750781 0.0 1.0 1.0 1 0 0 0.0 1.0 0.0
cell 10.22777218415592 31.217073000063095 0.0 1.0 1.0 1 0 0 0.0 1.0 0.0
cell 18.31542018324577 37.6410344793472 0.0 1.0 1.0 1 0 0 0.0 1.0 0.0
cell 14.116205631221648 49.64923722674233 0.0 1.0 1.0 1 0 0 0.0 1.0 0.0
cell 13.788340778379952 27.17998802386667 0.0 1.0 1.0 1 0 0 0.0 1.0 0.0
cell 5.913748786999114 48.915305547461074 0.0 1.0 1.0 1 0 0 0.0 1.0 0.0
cell 44.1186852406749 11.107839922089633 0.0 1.0 1.0 1 0 0 0.0 1.0 0.0
cell 11.918123424350512 22.29385403594933 0.0 1.0 1.0 1 0 0 0.0 1.0 0.0
cell 19.44948487548483 31.008785901595314 0.0 1.0 1.0 1 0 0 0.0 1.0 0.0
cell 2.23270768850173 18.136368761368864 0.0 1.0488088481701516 0.9534625892455922 1 0 0 0.6898910103825705 -0.7239132501849348 4.760508335661001
cell 15.83725419341666 29.02148983436623 0.0 1.0 1.0 1 0 0 0.0 1.0 0.0
cell 38.947226934798685 25.33781241169469 0.0 1.0 1.0 1 0 0 0.0 1.0 0.0
cell 14.874368821540944 3.1492013826098066 0.0 1.0 1.0 1 0 0 0.0 1.0 0.0
cell 12.045936693577973 49.44811158650515 0.0 1.0 1.0 1 0 0 0.0 1.0 0.0
cell 28.05397491873619 6.08459414043783 0.0 1.0 1.0 1 0 0 0.0 1.0 0.0
cell 45.750212916704996 41.84124728962558 0.0 1.0 1.0 1 0 0 0.0 1.0 0.0
cell 35.37346854185669 5.026654232153544 0.0 1.0 1.0 1 0 0 0.0 1.0 0.0
cell 1.2811580245491987 30.32396331501786 0.0 1.0 1.0 1 0 0 0.0 1.0 0.0
cell 6.233179383287599 45.34897512892114 0.0 1.0 1.0 1 0 0 0.0 1.0 0.0
cell 51.29284975313744 49.377278629951185 0.0 1.0 1.0 1 0 0 0.0 1.0 0.0
cell 51.07136477235992 40.48459322522415 0.0 1.0 1.0 1 0 0 0.0 1.0 0.0
cell 2.6908858250873298 50.41847337846291 0.0 1.0 1.0 1 0 0 0.0 1.0 0.0
cell 56.828654829644265 27.270184884439278 0.0 1.0 1.0 1 0 0 0.0 1.0 0.0
cell 33.033297453492445 8.361817398163012 0.0 1.0 1.0 1 0 0 0.0 1.0 0.0
cell 16.331830905279066 10.37050070397983 0.0 1.0 1.0 1 0 0 0.0 1.0 0.0
cell 21.6707722462027 57.47860900326499 0.0 1.0 1.0 1 0 0 0.0 1.0 0.0
cell 53.30366569195742 27.290162023890574 0.0 1.0 1.0 1 0 0 0.0 1.0 0.0
cell 23.05631671507026 32.94886162311463 0.0 1.0 1.0 1 0 0 0.0 1.0 0.0
cell 44.73630769353607 4.028399836159803 0.0 1.0 1.0 1 0 0 0.0 1.0 0.0
cell 23.263351144432736 39.63674442120694 0.0 1.0 1.0 1 0 0 0.0 1.0 0.0
cell 55.96805823698638 55.10770550082889 0.0 1.0 1.0 1 0 0 0.0 1.0 0.0
cell 53.24859392685537 1.1810063980697967 0.0 1.0 1.0 1 0 0 0.0 1.0 0.0
cell 35.74148404410645 49.782721409126275 0.0 1.0 1.0 1 0 0 0.0 1.0 0.0
cell 35.37199778199869 27.475828961490127 0.0 1.0 1.0 1 0 0 0.0 1.0 0.0
cell 19.19738695596351 39.44414819616127 0.0 1.0 1.0 1 0 0 0.0 1.0 0.0
cell 48.31816163895006 59.83355059150511 0.0 1.0 1.0 1 0 0 0.0 1.0 0.0
cell 15.461564996593845 8.558958123708607 0.0 1.0 1.0 1 0 0 0.0 1.0 0.0
cell 56.70847625416045 21.103112732864144 0.0 1.0 1.0 1 0 0 0.0 1.0 0.0
cell 58.59045873207254 24.19407230041697 0.0 1.0 1.0 1 0 0 0.0 1.0 0.0
cell 5.62155014469779 52.45451249067063 0.0 1.0 1.0 1 0 0 0.0 1.0 0.0
cell 47.89222462208329 22.2190707419356 0.0 1.0 1.0 1 0 0 0.0 1.0 0.0
cell 52.172826498336924 51.218756576534794 0.0 1.0 1.0 1 0 0 0.0 1.0 0.0
cell 23.659371323599885 9.228807249760827 0.0 1.0 1.0 1 0 0 0.0 1.0 0.0
cell 26.481863090377193 20.366041274584592 0.0 1.0 1.0 1 0 0 0.0 1.0 0.0
cell 8.493228428157904 36.431035343011665 0.0 1.0 1.0 1 0 0 0.0 1.0 0.0
cell 54.99829818024348 22.130339811451346 0.0 1.0 1.0 1 0 0 0.0 1.0 0.0
cell 52.78464856200745 44.14568322665679 0.0 1.0 1.0 1 0 0 0.0 1.0 0.0
cell 11.99619216721803 26.1412486212606 0.0 1.0 1.0 1 0 0 0.0 1.0 0.0
cell 58.73738356720268 8.776198543250064 0.0 1.0 1.0 1 0 0 0.0 1.0 0.0
cell 12.23234300468176 10.017744038874422 0.0 1.0 1.0 1 0 0 0.0 1.0 0.0
cell 4.581904093430271 14.757729779319334 0.0 1.0 1.0 1 0 0 0.0 1.0 0.0
cell 18.149275668073315 1.6540265326229209 0.0 1.0 1.0 1 0 0 0.0 1.0 0.0
cell 13.487955447274238 56.74855689078148 0.0 1.0 1.0 1 0 0 0.0 1.0 0.0
cell 17.804703093390625 5.147635667308224 0.0 1.0 1.0 1 0 0 0.0 1.0 0.0
cell 15.938145159898019 40.932385946228194 0.0 1.0 1.0 1 0 0 0.0 1.0 0.0
cell 26.747317483064172 47.1492811652084 0.0 1.0 1.0 1 0 0 0.0 1.0 0.0
cell 51.457108395353266 9.942472360708615 0.0 1.0 1.0 1 0 0 0.0 1.0 0.0
cell 45.60075749264981 5.87746838923286 0.0 1.0 1.0 1 0 0 0.0 1.0 0.0
cell 19.46593114258018 33.03741418625856 0.0 1.0 1.0 1 0 0 0.0 1.0 0.0
cell 11.046916179135284 11.704441704617906 0.0 1.0 1.0 1 0 0 0.0 1.0 0.0
cell 34.4421070235789 15.654610181187856 0.0 1.0 1.0 1 0 0 0.0 1.0 0.0
cell 7.556987807134799 4.270340346601528 0.0 1.0 1.0 1 0 0 0.0 1.0 0.0
cell 1.3160441405026202 34.46676554404721 0.0 1.0 1.0 1 0 0 0.0 1.0 0.0
cell 26.02922545367855 5.889380473456128 0.0 1.0 1.0 1 0 0 0.0 1.0 0.0
cell 35.35051657141467 19.278196876853766 0.0 1.0 1.0 1 0 0 0.0 1.0 0.0
cell 44.44462368090264 34.49247859480129 0.0 1.0 1.0 1 0 0 0.0 1.0 0.0
cell 0.5675338640446879 1.9072837524045119 0.0 1.0 1.0 1 0 0 0.0 1.0 0.0
cell 10.075014314193847 23.01627260357101 0.0 1.0488088481701516 0.9534625892455922 1 0 0 0.6021250722396886 0.7984017769145744 1.2923202071391677
cell 51.908054290354954 42.31239032850965 0.0 1.0 1.0 1 0 0 0.0 1.0 0.0
cell 49.550353355681445 45.67584546170838 0.0 1.0 1.0 1 0 0 0.0 1.0 0.0
cell 20.65622436245665 19.669718795059186 0.0 1.0 1.0 1 0 0 0.0 1.0 0.0
cell 40.7539521953702 26.36866882860722 0.0 1.0 1.0 1 0 0 0.0 1.0 0.0
cell 9.373019783312154 56.346363830414475 0.0 1.0 1.0 1 0 0 0.0 1.0 0.0
cell 32.47854303394309 2.9282554056108734 0.0 1.0 1.0 1 0 0 0.0 1.0 0.0
cell 58.537579835360305 60.71988726902778 0.0 1.0 1.0 1 0 0 0.0 1.0 0.0
cell 49.05914012741308 13.3074277144908 0.0 1.0 1.0 1 0 0 0.0 1.0 0.0
cell 34.381302072262315 42.66143557647201 0.0 1.0 1.0 1 0 0 0.0 1.0 0.0
cell 22.327274257258583 50.357776219809196 0.0 1.0 1.0 1 0 0 0.0 1.0 0.0
cell 40.14768833785586 46.61262559430309 0.0 1.0 1.0 1 0 0 0.0 1.0 0.0
cell 26.65708981657214 34.93781635116813 0.0 1.0 1.0 1 0 0 0.0 1.0 0.0
cell 39.263088987752745 57.22416215873475 0.0 1.0 1.0 1 0 0 0.0 1.0 0.0
cell 54.54022801637807 47.8012019838777 0.0 1.0 1.0 1 0 0 0.0 1.0 0.0
cell 17.346522614352608 48.15975284315497 0.0 1.0 1.0 1 0 0 0.0 1.0 0.0
cell 29.655044482713446 49.20587976213561 0.0 1.0 1.0 1 0 0 0.0 1.0 0.0
cell 10.770957671881556 2.7866132614170773 0.0 1.0 1.0 1 0 0 0.0 1.0 0.0
cell 10.482326788321169 6.321683137557055 0.0 1.0 1.0 1 0 0 0.0 1.0 0.0
cell 23.403068501807613 0.3509004795481814 0.0 1.0 1.0 1 0 0 0.0 1.0 0.0
cell 53.31328369642923 31.4002788249805 0.0 1.0 1.0 1 0 0 0.0 1.0 0.0
cell 25.575244565351102 48.830346056483 0.0 1.0 1.0 1 0 0 0.0 1.0 0.0
cell 35.384627886117464 25.37260375219494 0.0 1.0 1.0 1 0 0 0.0 1.0 0.0
cell 23.177697039493808 52.20173567275553 0.0 1.0 1.0 1 0 0 0.0 1.0 0.0
cell 7.480480454421478 16.750575425927593 0.0 1.0 1.0 1 0 0 0.0 1.0 0.0
cell 23.116399580438333 35.0431513478755 0.0 1.0 1.0 1 0 0 0.0 1.0 0.0
cell 15.97938105721022 13.913953890595598 0.0 1.0 1.0 1 0 0 0.0 1.0 0.0
cell 56.49811760830647 60.55267817184783 0.0 1.0 1.0 1 0 0 0.0 1.0 0.0
cell 54.20220750429021 51.382334728134694 0.0 1.0 1.0 1 0 0 0.0 1.0 0.0
cell 1.2896415035048288 26.2092283575221 0.0 1.0 1.0 1 0 0 0.0 1.0 0.0
cell 50.996304852208226 52.90990277346748 0.0 1.0 1.0 1 0 0 0.0 1.0 0.0
cell 21.637039840395513 9.052081376879604 0.0 1.0 1.0 1 0 0 0.0 1.0 0.0
cell 18.466444440674824 58.94247160428115 0.0 1.0 1.0 1 0 0 0.0 1.0 0.0
cell 1.7988240644708806 48.48867817928117 0.0 1.0 1.0 1 0 0 0.0 1.0 0.0
cell 10.195470610858047 27.18767199089341 0.0 1.0 1.0 1 0 0 0.0 1.0 0.0
cell 24.699843841414122 46.974035999397806 0.0 1.0 1.0 1 0 0 0.0 1.0 0.0
cell 37.241829303988986 44.57931823135245 0.0 1.0 1.0 1 0 0 0.0 1.0 0.0
cell 52.92263258277445 17.220753531652328 0.0 1.0 1.0 1 0 0 0.0 1.0 0.0
cell 3.217965466094227 20.29872442941211 0.0 1.341640786499874 0.7453559924999297 1 0 0 0.6824333031283603 -0.7309478687165833 4.781012401203822
cell 47.45769981061099 45.52977086576576 0.0 1.0 1.0 1 0 0 0.0 1.0 0.0
cell 60.04255094895387 55.42994124157587 0.0 1.0 1.0 1 0 0 0.0 1.0 0.0
cell 10.840341214898448 51.1412038638759 0.0 1.0 1.0 1 0 0 0.0 1.0 0.0
cell 15.683152747677974 17.42570082372889 0.0 1.0 1.0 1 0 0 0.0 1.0 0.0
cell 53.22146544158532 23.170554167508303 0.0 1.0 1.0 1 0 0 0.0 1.0 0.0
cell 5.106031686132637 20.137434610824016 0.0 1.0 1.0 1 0 0 0.0 1.0 0.0
cell 25.169563568321063 4.083125211405211 0.0 1.0 1.0 1 0 0 0.0 1.0 0.0
cell 47.709629163919296 6.034660657403718 0.0 1.0 1.0 1 0 0 0.0 1.0 0.0
cell 31.827081082811773 25.480116023504763 0.0 1.0 1.0 1 0 0 0.0 1.0 0.0
cell 53.869455720032946 54.95010410349523 0.0 1.0 1.0 1 0 0 0.0 1.0 0.0
cell 40.8471730523503 32.50763151426972 0.0 1.0 1.0 1 0 0 0.0 1.0 0.0
cell 33.00377640449972 44.07796412476502 0.0 1.0954451150103324 0.9128709291752768 1 0 0 0.9667302938578812 -0.25579784779676035 3.6589384909373672
cell 48.680771636863284 43.82357871491265 0.0 1.0 1.0 1 0 0 0.0 1.0 0.0
cell 49.056781122319045 40.28601661855114 0.0 1.0 1.0 1 0 0 0.0 1.0 0.0
cell 26.348062800120065 2.36190930905501 0.0 1.0 1.0 1 0 0 0.0 1.0 0.0
cell 39.81220031457465 1.7748691080895016 0.0 1.0 1.0 1 0 0 0.0 1.0 0.0
cell 32.71949662714383 11.916595163333218 0.0 1.0 1.0 1 0 0 0.0 1.0 0.0
cell 16.498013583465088 46.273262465387404 0.0 1.0 1.0 1 0 0 0.0 1.0 0.0
cell 49.75638226579662 31.442021369840216 0.0 1.0 1.0 1 0 0 0.0 1.0 0.0
cell 10.28336669662531 58.23260346080871 0.0 1.0 1.0 1 0 0 0.0 1.0 0.0
cell 9.911229022573453 0.8938511675973457 0.0 1.0 1.0 1 0 0 0.0 1.0 0.0
cell 19.804922010263294 17.787107563843254 0.0 1.0 1.0 1 0 0 0.0 1.0 0.0
cell 18.923430173532374 15.932058648054403 0.0 1.0 1.0 1 0 0 0.0 1.0 0.0
cell 51.459291490141744 24.217058921644092 0.0 1.0 1.0 1 0 0 0.0 1.0 0.0
cell 3.0790847390739176 33.41362442071555 0.0 1.0 1.0 1 0 0 0.0 1.0 0.0
cell 40.87646554460993 12.606181168396374 0.0 1.0 1.0 1 0 0 0.0 1.0 0.0
cell 38.114795692382025 46.39659903607303 0.0 1.0 1.0 1 0 0 0.0 1.0 0.0
cell 28.284733573490552 41.92917681762047 0.0 1.0 1.0 1 0 0 0.0 1.0 0.0
cell 27.86538812979068 18.831760462099286 0.0 1.0488088481701516 0.9534625892455922 1 0 0 0.7502399366264788 -0.6611656656925684 4.586335499768295
cell 24.82501199345102 36.074624924219016 0.0 1.0 1.0 1 0 0 0.0 1.0 0.0
cell 16.987979543521725 3.3080206426469383 0.0 1.0 1.0 1 0 0 0.0 1.0 0.0
cell 36.24320491350059 6.880541858097301 0.0 1.0 1.0 1 0 0 0.0 1.0 0.0
cell 30.323869057839815 38.94561861140251 0.0 1.0 1.0 1 0 0 0.0 1.0 0.0
cell 1.659142928275069 12.709148643620233 0.0 1.0 1.0 1 0 0 0.0 1.0 0.0
cell 19.084937729476575 51.86474314268731 0.0 1.0 1.0 1 0 0 0.0 1.0 0.0
cell 59.605715598451674 10.650227518409936 0.0 1.0 1.0 1 0 0 0.0 1.0 0.0
cell 15.132050260485656 12.050155305785307 0.0 1.0 1.0 1 0 0 0.0 1.0 0.0
cell 0.05088506138792802 44.74713989809835 0.0 1.0 1.0 1 0 0 0.0 1.0 0.0
cell 42.195459734096445 59.30407680540355 0.0 1.0 1.0 1 0 0 0.0 1.0 0.0
cell 56.85101701614551 44.3578898372506 0.0 1.0 1.0 1 0 0 0.0 1.0 0.0
cell 12.495035564226505 6.495047598465304 0.0 1.0 1.0 1 0 0 0.0 1.0 0.0
cell 52.04712720529475 2.8666303491670764 0.0 1.0 1.0 1 0 0 0.0 1.0 0.0
cell 27.83488811243393 58.009086227381424 0.0 1.0 1.0 1 0 0 0.0 1.0 0.0
cell 57.830182114276134 19.376543272603165 0.0 1.0 1.0 1 0 0 0.0 1.0 0.0
cell 51.46859112150494 20.081726087848605 0.0 1.0 1.0 1 0 0 0.0 1.0 0.0
cell 4.000395753032659 9.311218869506668 0.0 1.0 1.0 1 0 0 0.0 1.0 0.0
cell 35.32956682488067 23.371336212529737 0.0 1.0 1.0 1 0 0 0.0 1.0 0.0
cell 51.23507649096887 1.0067490118183804 0.0 1.0 1.0 1 0 0 0.0 1.0 0.0
cell 58.626061028054515 34.5194434805435 0.0 1.0 1.0 1 0 0 0.0 1.0 0.0
cell 35.60220785962997 37.78960452272516 0.0 1.0 1.0 1 0 0 0.0 1.0 0.0
cell 28.453333369308595 35.90112326753205 0.0 1.0 1.0 1 0 0 0.0 1.0 0.0
cell 21.15835999447353 23.774800149327866 0.0 1.0 1.0 1 0 0 0.0 1.0 0.0
cell 12.466872645975219 18.90667837349108 0.0 1.0 1.0 1 0 0 0.0 1.0 0.0
cell 54.357875993719155 12.009726302566197 0.0 1.0 1.0 1 0 0 0.0 1.0 0.0
cell 1.2470827101837723 43.09464233368675 0.0 1.0 1.0 1 0 0 0.0 1.0 0.0
cell 6.65750832555672 31.344874722502865 0.0 1.0 1.0 1 0 0 0.0 1.0 0.0
cell 54.66284721915969 8.452356975767708 0.0 1.0 1.0 1 0 0 0.0 1.0 0.0
cell 17.907413180839082 53.53618983626912 0.0 1.0 1.0 1 0 0 0.0 1.0 0.0
cell 46.18562672064632 33.486989934149896 0.0 1.0 1.0 1 0 0 0.0 1.0 0.0
cell 46.14329803683429 11.294461351640342 0.0 1.0 1.0 1 0 0 0.0 1.0 0.0
cell 0.2898855819268164 53.75651075960669 0.0 1.0 1.0 1 0 0 0.0 1.0 0.0
cell 5.801224352623159 0.5082280798736161 0.0 1.0 1.0 1 0 0 0.0 1.0 0.0
cell 58.60735734479167 28.313662046852926 0.0 1.0 1.0 1 0 0 0.0 1.0 0.0
cell 55.05717035241164 28.335114528322233 0.0 1.0 1.0 1 0 0 0.0 1.0 0.0
cell 13.159515086330252 60.24455248788806 0.0 1.0 1.0 1 0 0 0.0 1.0 0.0
cell 30.456655669653227 2.714661156657175 0.0 1.0 1.0 1 0 0 0.0 1.0 0.0
cell 49.692815683653365 25.22982223931598 0.0 1.0 1.0 1 0 0 0.0 1.0 0.0
cell 55.59453047899861 58.675612335616165 0.0 1.0 1.0 1 0 0 0.0 1.0 0.0
cell 10.637207019850727 42.17594149539301 0.0 1.0 1.0 1 0 0 0.0 1.0 0.0
cell 59.992406584900635 42.82843217070326 0.0 1.0 1.0 1 0 0 0.0 1.0 0.0
cell 6.586071774819665 23.12084456298563 0.0 1.0 1.0 1 0 0 0.0 1.0 0.0
cell 38.06845366464383 58.947539235154174 0.0 1.0 1.0 1 0 0 0.0 1.0 0.0
cell 44.55896566989445 43.44217951927005 0.0 1.0 1.0 1 0 0 0.0 1.0 0.0
cell 22.02527828532133 53.947746554309376 0.0 1.0 1.0 1 0 0 0.0 1.0 0.0
cell 43.60130946849164 5.725256114346399 0.0 1.0 1.0 1 0 0 0.0 1.0 0.0
cell 26.563337123869715 30.820094912278094 0.0 1.0 1.0 1 0 0 0.0 1.0 0.0
cell 28.585399902050334 40.00330913853387 0.0 1.0 1.0 1 0 0 0.0 1.0 0.0
cell 19.618227616727065 57.29355882436014 0.0 1.0 1.0 1 0 0 0.0 1.0 0.0
cell 21.15313154329146 52.013796117945304 0.0 1.0 1.0 1 0 0 0.0 1.0 0.0
cell 29.17510320357873 43.75595023079246 0.0 1.0 1.0 1 0 0 0.0 1.0 0.0
cell 30.3557205232657 41.17643233685833 0.0 1.0488088481701516 0.9534625892455922 1 0 0 0.6084737353888535 -0.7935740125167503 4.974913527067026
cell 49.69124358060077 27.30477453647775 0.0 1.0 1.0 1 0 0 0.0 1.0 0.0
cell 47.95090470593923 34.47901487435001 0.0 1.0 1.0 1 0 0 0.0 1.0 0.0
cell 42.23058349911999 46.852974699443514 0.0 1.0 1.0 1 0 0 0.0 1.0 0.0
cell 35.514585466879744 33.649699208437724 0.0 1.0 1.0 1 0 0 0.0 1.0 0.0
cell 51.50511783602117 30.40189883571224 0.0 1.0 1.0 1 0 0 0.0 1.0 0.0
cell 56.86839508328832 31.414527699571618 0.0 1.0 1.0 1 0 0 0.0 1.0 0.0
cell 26.594601692457154 32.88254185771648 0.0 1.0 1.0 1 0 0 0.0 1.0 0.0
cell 42.5968038742477 33.52312688228162 0.0 1.0 1.0 1 0 0 0.0 1.0 0.0
cell 3.47755161937266 39.67227470261156 0.0 1.0488088481701516 0.9534625892455922 1 0 0 0.9546313086482309 -0.29779030297940545 3.7463468599209313
cell 11.608481419682244 17.048959794954307 0.0 1.0 1.0 1 0 0 0.0 1.0 0.0
cell 19.237139670434946 12.423766523179085 0.0 1.0 1.0 1 0 0 0.0 1.0 0.0
cell 10.347495392083218 37.09943799718266 0.0 1.0 1.0 1 0 0 0.0 1.0 0.0
cell 40.71980335563984 24.315691082743587 0.0 1.0 1.0 1 0 0 0.0 1.0 0.0
cell 47.91063091266974 24.226924668416906 0.0 1.0 1.0 1 0 0 0.0 1.0 0.0
cell 28.378851734279618 31.789828061881835 0.0 1.0 1.0 1 0 0 0.0 1.0 0.0
cell 58.58079719966736 48.1528501182948 0.0 1.0 1.0 1 0 0 0.0 1.0 0.0
cell 60.363822375344746 25.21772462845985 0.0 1.0 1.0 1 0 0 0.0 1.0 0.0
cell 39.269174324112626 44.73159042784182 0.0 1.0 1.0 1 0 0 0.0 1.0 0.0
cell 8.093522263358896 9.669188226439521 0.0 1.0 1.0 1 0 0 0.0 1.0 0.0
cell 55.0438843780391 32.45248621455607 0.0 1.0 1.0 1 0 0 0.0 1.0 0.0
cell 26.81572751868157 39.02062692940656 0.0 1.0 1.0 1 0 0 0.0 1.0 0.0
cell 28.626002106381584 11.532591491230626 0.0 1.0 1.0 1 0 0 0.0 1.0 0.0
cell 34.54384259409203 3.1034500214257106 0.0 1.0 1.0 1 0 0 0.0 1.0 0.0
cell 56.92490970457209 37.65907359081574 0.0 1.0488088481701516 0.9534625892455922 1 0 0 0.6230414641800095 0.7821888096312999 1.3452502227672105
cell 38.36164689254423 55.39599094693661 0.0 1.0 1.0 1 0 0 0.0 1.0 0.0
cell 29.362761828305498 52.783226349177525 0.0 1.0 1.0 1 0 0 0.0 1.0 0.0
cell 13.39102462144776 8.387519403179166 0.0 1.0 1.0 1 0 0 0.0 1.0 0.0
cell 30.53996428587375 51.09936924872112 0.0 1.0 1.0 1 0 0 0.0 1.0 0.0
cell 17.354936799329465 21.671202740731093 0.0 1.140175425099138 0.8770580193070291 1 0 0 0.5880664635502455 0.8088126077451486 1.2573323417165396
cell 14.58880841956317 6.6708636640099765 0.0 1.0 1.0 1 0 0 0.0 1.0 0.0
cell 4.869532757430733 28.27434463585246 0.0 1.0 1.0 1 0 0 0.0 1.0 0.0
cell 4.733779564525866 50.583948240515234 0.0 1.0 1.0 1 0 0 0.0 1.0 0.0
cell 53.34415269383034 35.566426206394965 0.0 1.0 1.0 1 0 0 0.0 1.0 0.0
cell 48.93955388736554 52.75461595749549 0.0 1.0 1.0 1 0 0 0.0 1.0 0.0
cell 14.254359351340952 10.1570987733037 0.0 1.0 1.0 1 0 0 0.0 1.0 0.0
cell 47.855580609086424 20.159740395550777 0.0 1.0 1.0 1 0 0 0.0 1.0 0.0
cell 34.04598977213359 46.02431214521038 0.0 1.0 1.0 1 0 0 0.0 1.0 0.0
cell 59.16084014350315 53.572728398431124 0.0 1.0 1.0 1 0 0 0.0 1.0 0.0
cell 51.14971934897073 13.52522125054984 0.0 1.0 1.0 1 0 0 0.0 1.0 0.0
cell 31.335683321197763 52.93747019468765 0.0 1.0 1.0 1 0 0 0.0 1.0 0.0
cell 17.640752408674615 32.02018737932975 0.0 1.0 1.0 1 0 0 0.0 1.0 0.0
cell 32.041348321240775 37.86870971867249 0.0 1.0 1.0 1 0 0 0.0 1.0 0.0
cell 32.07169696233422 39.97501158171573 0.0 1.0 1.0 1 0 0 0.0 1.0 0.0
cell 58.63241426555049 38.74974039735707 0.0 1.0488088481701516 0.9534625892455922 1 0 0 0.6807180722470842 0.7325454976424423 1.4974848625985933
cell 10.33578105270673 45.70736465714383 0.0 1.0 1.0 1 0 0 0.0 1.0 0.0
cell 8.236426067311582 22.06033347948761 0.0 1.0 1.0 1 0 0 0.0 1.0 0.0
cell 60.464882488522434 12.500519430190964 0.0 1.0 1.0 1 0 0 0.0 1.0 0.0
cell 51.539262239946034 36.568708155960636 0.0 1.0 1.0 1 0 0 0.0 1.0 0.0
cell 34.74424588330856 12.107075142728206 0.0 1.0 1.0 1 0 0 0.0 1.0 0.0
cell 9.5034020520455 16.884813022327286 0.0 1.0 1.0 1 0 0 0.0 1.0 0.0
cell 42.862912273415745 39.75654733725464 0.0 1.0 1.0 1 0 0 0.0 1.0 0.0
cell 43.06201816459684 48.700542835448225 0.0 1.0 1.0 1 0 0 0.0 1.0 0.0
cell 33.546999171969375 22.372631350348914 0.0 1.0 1.0 1 0 0 0.0 1.0 0.0
cell 49.657308555613696 23.218311889126074 0.0 1.0 1.0 1 0 0 0.0 1.0 0.0
cell 7.689278152385792 40.15779120807194 0.0 1.0 1.0 1 0 0 0.0 1.0 0.0
cell 50.677037003668666 56.45586253378653 0.0 1.0 1.0 1 0 0 0.0 1.0 0.0
cell 42.48773945041978 23.251723939046517 0.0 1.0 1.0 1 0 0 0.0 1.0 0.0
cell 56.963912336567375 17.57587708155263 0.0 1.0 1.0 1 0 0 0.0 1.0 0.0
cell 5.7233035567895065 13.031799348476552 0.0 1.0 1.0 1 0 0 0.0 1.0 0.0
cell 31.924239345178755 31.69866627917425 0.0 1.0 1.0 1 0 0 0.0 1.0 0.0
cell 0.38467016876901666 41.2598118918921 0.0 1.0 1.0 1 0 0 0.0 1.0 0.0
cell 30.363823603760732 15.294063661776493 0.0 1.0 1.0 1 0 0 0.0 1.0 0.0
cell 16.15764823538847 49.82272130727177 0.0 1.0 1.0 1 0 0 0.0 1.0 0.0
cell 38.94476510340738 60.79631077067806 0.0 1.0 1.0 1 0 0 0.0 1.0 0.0
cell 1.3936928881732222 3.7344451671073498 0.0 1.0 1.0 1 0 0 0.0 1.0 0.0
cell 28.31018232210991 15.05196356683559 0.0 1.0 1.0 1 0 0 0.0 1.0 0.0
cell 24.54357816821846 11.153708325532996 0.0 1.0 1.0 1 0 0 0.0 1.0 0.0
cell 23.0122586351042 16.294198858910672 0.0 1.0 1.0 1 0 0 0.0 1.0 0.0
cell 52.60452232959882 8.29070560280059 0.0 1.0 1.0 1 0 0 0.0 1.0 0.0
cell 60.187417293181 16.038623557519454 0.0 1.0 1.0 1 0 0 0.0 1.0 0.0
cell 31.068728193185148 43.44653058538569 0.0 1.2247448713915894 0.8164965809277259 1 0 0 0.7973848831283559 -0.6034710831169777 4.437286771770539
cell 38.83765846910847 12.479768590056027 0.0 1.0 1.0 1 0 0 0.0 1.0 0.0
cell 4.09239610259339 57.68677372424539 0.0 1.0 1.0 1 0 0 0.0 1.0 0.0
cell 42.79100012348841 52.231394110214914 0.0 1.0 1.0 1 0 0 0.0 1.0 0.0
cell 42.45908128817857 21.21898621278979 0.0 1.0 1.0 1 0 0 0.0 1.0 0.0
cell 46.51098472941192 7.7334033465411665 0.0 1.0 1.0 1 0 0 0.0 1.0 0.0
cell 49.66200310658263 21.130366632011363 0.0 1.0 1.0 1 0 0 0.0 1.0 0.0
cell 42.05751320181053 10.899636508711342 0.0 1.0 1.0 1 0 0 0.0 1.0 0.0
cell 60.24467445809962 3.525364109470874 0.0 1.0 1.0 1 0 0 0.0 1.0 0.0
cell 46.34824127960634 16.795644715151226 0.0 1.0 1.0 1 0 0 0.0 1.0 0.0
cell 35.54163469019962 35.69367383781362 0.0 1.0 1.0 1 0 0 0.0 1.0 0.0
cell 35.94203998060517 10.415147152137123 0.0 1.0 1.0 1 0 0 0.0 1.0 0.0
cell 26.493221612994077 26.70383871825681 0.0 1.0 1.0 1 0 0 0.0 1.0 0.0
cell 27.776927037824727 9.651528162231203 0.0 1.0 1.0 1 0 0 0.0 1.0 0.0
cell 36.80733656599653 12.29331696766347 0.0 1.0 1.0 1 0 0 0.0 1.0 0.0
cell 42.513593124214744 55.7515220560795 0.0 1.0 1.0 1 0 0 0.0 1.0 0.0
cell 47.736830463109015 54.42641038572646 0.0 1.0 1.0 1 0 0 0.0 1.0 0.0
cell 31.08666350035376 56.50931391185087 0.0 1.0 1.0 1 0 0 0.0 1.0 0.0
cell 20.751401491690025 7.228173354659821 0.0 1.0 1.0 1 0 0 0.0 1.0 0.0
cell 6.430280709666491 54.30449888038161 0.0 1.0 1.0 1 0 0 0.0 1.0 0.0
cell 58.58150860528966 30.371231244854577 0.0 1.0 1.0 1 0 0 0.0 1.0 0.0
cell 6.767892615311153 50.76759421952891 0.0 1.0 1.0 1 0 0 0.0 1.0 0.0
cell 31.86661528465583 10.03567227638215 0.0 1.0 1.0 1 0 0 0.0 1.0 0.0
cell 25.91466157824501 45.31022192913818 0.0 1.0 1.0 1 0 0 0.0 1.0 0.0
cell 3.716683855812034 12.827976056693226 0.0 1.0 1.0 1 0 0 0.0 1.0 0.0
cell 17.60279842899998 27.9715752897638 0.0 1.0 1.0 1 0 0 0.0 1.0 0.0
cell 4.888069832371716 30.28991361489027 0.0 1.0 1.0 1 0 0 0.0 1.0 0.0
cell 55.05348638093724 40.67676317562111 0.0 1.0 1.0 1 0 0 0.0 1.0 0.0
cell 24.12874148385166 41.61458479583642 0.0 1.0 1.0 1 0 0 0.0 1.0 0.0
cell 52.97404266967168 4.741490556341903 0.0 1.0 1.0 1 0 0 0.0 1.0 0.0
cell 43.05293027856288 0.28629633767493456 0.0 1.0 1.0 1 0 0 0.0 1.0 0.0
cell 38.59690558971206 3.4932744120086507 0.0 1.0 1.0 1 0 0 0.0 1.0 0.0
cell 27.409905533594323 13.171671885904079 0.0 1.0 1.0 1 0 0 0.0 1.0 0.0
cell 25.49786718153771 0.5188561835064412 0.0 1.0 1.0 1 0 0 0.0 1.0 0.0
cell 14.775431174510622 42.5688184013776 0.0 1.0 1.0 1 0 0 0.0 1.0 0.0
cell 56.882553069075236 33.505614379802715 0.0 1.0 1.0 1 0 0 0.0 1.0 0.0
cell 51.53707156384117 58.28940609026763 0.0 1.0 1.0 1 0 0 0.0 1.0 0.0
cell 37.28158530909547 36.691125168655404 0.0 1.0 1.0 1 0 0 0.0 1.0 0.0
cell 22.239369685143018 1.9693003653169279 0.0 1.0 1.0 1 0 0 0.0 1.0 0.0
cell 16.544037293044934 19.295002578950132 0.0 1.0 1.0 1 0 0 0.0 1.0 0.0
cell 11.214421827812291 47.60390656462813 0.0 1.0 1.0 1 0 0 0.0 1.0 0.0
cell 59.845295403954594 19.592564302480902 0.0 1.0 1.0 1 0 0 0.0 1.0 0.0
cell 34.29814796814649 55.00494412552025 0.0 1.0 1.0 1 0 0 0.0 1.0 0.0
cell 60.34084863141418 51.88246984351925 0.0 1.0 1.0 1 0 0 0.0 1.0 0.0
cell 39.02529733185616 33.58607649037815 0.0 1.0 1.0 1 0 0 0.0 1.0 0.0
cell 41.759770796872886 14.497396532936072 0.0 1.0 1.0 1 0 0 0.0 1.0 0.0
cell 60.544665371795475 0.011801151758606809 0.0 1.0 1.0 1 0 0 0.0 1.0 0.0
cell 49.50879879219828 58.107980728332116 0.0 1.0 1.0 1 0 0 0.0 1.0 0.0
cell 2.1090164985523794 44.977528624679515 0.0 1.0 1.0 1 0 0 0.0 1.0 0.0
cell 10.189756349100477 25.095548442202343 0.0 1.0 1.0 1 0 0 0.0 1.0 0.0
cell 10.235929818020525 33.29760777676057 0.0 1.0 1.0 1 0 0 0.0 1.0 0.0
cell 57.527698052883856 10.481722833786074 0.0 1.0 1.0 1 0 0 0.0 1.0 0.0
cell 58.1248704570113 15.903259527308236 0.0 1.0 1.0 1 0 0 0.0 1.0 0.0
cell 22.49624103141587 10.937736249298736 0.0 1.0 1.0 1 0 0 0.0 1.0 0.0
cell 44.41426070460339 32.44207459091331 0.0 1.0 1.0 1 0 0 0.0 1.0 0.0
cell 3.0791365060340765 31.381143342216255 0.0 1.0 1.0 1 0 0 0.0 1.0 0.0
cell 28.19300480228648 23.52364339244337 0.0 1.0 1.0 1 0 0 0.0 1.0 0.0
cell 56.79912087672396 25.22423182842461 0.0 1.0 1.0 1 0 0 0.0 1.0 0.0
cell 32.31106282122703 42.03091811471381 0.0 1.0954451150103324 0.9128709291752768 1 0 0 0.9369794583524216 -0.34938445103582194 3.8554207991566436
cell 4.853693766282343 32.348749829504825 0.0 1.0 1.0 1 0 0 0.0 1.0 0.0
cell 13.029810924295077 11.880198061865695 0.0 1.0 1.0 1 0 0 0.0 1.0 0.0
cell 55.311737359125935 1.357627726193072 0.0 1.0 1.0 1 0 0 0.0 1.0 0.0
cell 46.04623162384316 21.20437720962827 0.0 1.0 1.0 1 0 0 0.0 1.0 0.0
cell 55.01202262201036 26.240451619417723 0.0 1.0 1.0 1 0 0 0.0 1.0 0.0
cell 8.949908218917043 11.537162107409351 0.0 1.0 1.0 1 0 0 0.0 1.0 0.0
cell 18.992963195036683 3.505907630796907 0.0 1.0 1.0 1 0 0 0.0 1.0 0.0
cell 3.061016354534223 27.225308285233332 0.0 1.0 1.0 1 0 0 0.0 1.0 0.0
cell 53.66935850635262 45.96917027316624 0.0 1.0 1.0 1 0 0 0.0 1.0 0.0
cell 26.550589225990283 28.761572774742266 0.0 1.0 1.0 1 0 0 0.0 1.0 0.0
cell 33.598639870846654 26.497097698187066 0.0 1.0 1.0 1 0 0 0.0 1.0 0.0
cell 46.18540068729367 31.480268450140763 0.0 1.0 1.0 1 0 0 0.0 1.0 0.0
cell 19.56308492498032 35.10631020257102 0.0 1.0 1.0 1 0 0 0.0 1.0 0.0
cell 1.3745462395525914 36.66676157551308 0.0 1.0 1.0 1 0 0 0.0 1.0 0.0
cell 16.72237439212718 55.22938431561423 0.0 1.0 1.0 1 0 0 0.0 1.0 0.0
cell 39.06984990969052 35.60011575212554 0.0 1.0 1.0 1 0 0 0.0 1.0 0.0
cell 54.971221845654966 4.944843860269003 0.0 1.0 1.0 1 0 0 0.0 1.0 0.0
cell 49.794126434733414 54.591070749566796 0.0 1.0 1.0 1 0 0 0.0 1.0 0.0
cell 51.58434566262686 45.82005890226021 0.0 1.0 1.0 1 0 0 0.0 1.0 0.0
cell 16.08103389940014 1.4513642622989817 0.0 1.0 1.0 1 0 0 0.0 1.0 0.0
cell 9.137935251632932 47.43538455161597 0.0 1.0 1.0 1 0 0 0.0 1.0 0.0
cell 53.27995280677806 29.3232726070025 0.0 1.0 1.0 1 0 0 0.0 1.0 0.0
cell 38.7003144199655 51.85416742099908 0.0 1.0 1.0 1 0 0 0.0 1.0 0.0
cell 41.841157949995804 1.96946513878224 0.0 1.0 1.0 1 0 0 0.0 1.0 0.0
cell 24.90980712590123 55.947522342181905 0.0 1.0 1.0 1 0 0 0.0 1.0 0.0
cell 1.3128663714986453 24.115100616200557 0.0 1.0 1.0 1 0 0 0.0 1.0 0.0
cell 28.824339994016324 47.360162836963795 0.0 1.0 1.0 1 0 0 0.0 1.0 0.0
cell 3.2092132613846984 55.81827141226603 0.0 1.0 1.0 1 0 0 0.0 1.0 0.0
cell 15.806659532873349 35.22423605512549 0.0 1.0 1.0 1 0 0 0.0 1.0 0.0
cell 52.44647858918287 47.67367104949359 0.0 1.0 1.0 1 0 0 0.0 1.0 0.0
cell 32.86959846776252 47.68277513477595 0.0 1.0 1.0 1 0 0 0.0 1.0 0.0
cell 23.733469231024724 57.650035538680775 0.0 1.0 1.0 1 0 0 0.0 1.0 0.0
cell 50.88834489077801 4.544196594667881 0.0 1.0 1.0 1 0 0 0.0 1.0 0.0
cell 3.0482777019634097 23.131824153888235 0.0 1.0 1.0 1 0 0 0.0 1.0 0.0
cell 30.836913486388685 47.49159043531358 0.0 1.0 1.0 1 0 0 0.0 1.0 0.0
cell 14.665656919398856 55.07906481841534 0.0 1.0 1.0 1 0 0 0.0 1.0 0.0
cell 13.801821172456098 53.17368584735483 0.0 1.0 1.0 1 0 0 0.0 1.0 0.0
cell 8.412454400876214 32.29570063590859 0.0 1.0 1.0 1 0 0 0.0 1.0 0.0
cell 53.34992366491879 37.63268499947375 0.0 1.0 1.0 1 0 0 0.0 1.0 0.0
cell 8.413415587645 26.175505780788434 0.0 1.0 1.0 1 0 0 0.0 1.0 0.0
cell 48.018700233443994 38.5272598799811 0.0 1.0 1.0 1 0 0 0.0 1.0 0.0
cell 60.42605099891917 33.45143696417046 0.0 1.0 1.0 1 0 0 0.0 1.0 0.0
cell 29.00827581442327 56.33767385457107 0.0 1.0 1.0 1 0 0 0.0 1.0 0.0
cell 31.004115877307434 8.159824766903819 0.0 1.0 1.0 1 0 0 0.0 1.0 0.0
cell 46.092800975420545 23.217082812457907 0.0 1.0 1.0 1 0 0 0.0 1.0 0.0
cell 51.54263938824171 34.506992011378934 0.0 1.0 1.0 1 0 0 0.0 1.0 0.0
cell 28.951360448163197 7.98975696376328 0.0 1.0 1.0 1 0 0 0.0 1.0 0.0
cell 29.256119669206903 4.4390558519614975 0.0 1.0 1.0 1 0 0 0.0 1.0 0.0
cell 21.13928957650874 25.867696665203354 0.0 1.0 1.0 1 0 0 0.0 1.0 0.0
cell 26.252493535989608 41.69758027460017 0.0 1.0488088481701516 0.9534625892455922 1 0 0 0.9344040592895494 0.3562148985980404 2.4131647914686436
cell 29.856368588402745 18.679284935954303 0.0 1.0 1.0 1 0 0 0.0 1.0 0.0
cell 13.31936214650934 20.797527078621094 0.0 1.0 1.0 1 0 0 0.0 1.0 0.0
cell 53.8263441222012 6.590433594069749 0.0 1.0 1.0 1 0 0 0.0 1.0 0.0
cell 39.590136233859916 41.33865372089413 0.0 1.0 1.0 1 0 0 0.0 1.0 0.0
cell 25.25167472112876 52.41126525270492 0.0 1.0 1.0 1 0 0 0.0 1.0 0.0
cell 33.99659091790501 58.57827856416531 0.0 1.0 1.0 1 0 0 0.0 1.0 0.0
cell 4.837507905628756 24.129398316256705 0.0 1.0 1.0 1 0 0 0.0 1.0 0.0
cell 45.74219663963584 54.24527108285411 0.0 1.0 1.0 1 0 0 0.0 1.0 0.0
cell 19.749879197459016 44.79235103746655 0.0 1.0 1.0 1 0 0 0.0 1.0 0.0
cell 20.06877208974067 14.277840690014662 0.0 1.0 1.0 1 0 0 0.0 1.0 0.0
cell 40.55907660617527 16.15439825020146 0.0 1.0 1.0 1 0 0 0.0 1.0 0.0
cell 56.25966051508252 51.54886281337309 0.0 1.0 1.0 1 0 0 0.0 1.0 0.0
cell 7.082280243012669 20.375677766929538 0.0 1.0954451150103324 0.9128709291752768 1 0 0 0.5315317918606677 -0.8470383428401502 5.162369406169746
cell 22.931925936507874 24.795741756225862 0.0 1.0 1.0 1 0 0 0.0 1.0 0.0
cell 44.50918082115739 55.95141944940595 0.0 1.0 1.0 1 0 0 0.0 1.0 0.0
cell 47.82590881584537 15.363541352743674 0.0 1.2247448713915894 0.8164965809277259 1 0 0 0.7413233868562429 0.6711479986560261 1.670080085270245
cell 12.002643305253528 24.147489740901463 0.0 1.0 1.0 1 0 0 0.0 1.0 0.0
cell 53.32856793008023 33.501886455221324 0.0 1.0 1.0 1 0 0 0.0 1.0 0.0
cell 59.02246938267012 5.241516683532729 0.0 1.0 1.0 1 0 0 0.0 1.0 0.0
cell 27.947453769981347 45.438104683088525 0.0 1.0 1.0 1 0 0 0.0 1.0 0.0
cell 51.45870571242995 26.25154916967287 0.0 1.0 1.0 1 0 0 0.0 1.0 0.0
cell 46.86633249370982 52.58919027466495 0.0 1.0 1.0 1 0 0 0.0 1.0 0.0
cell 53.925003872457005 42.38038278566161 0.0 1.0 1.0 1 0 0 0.0 1.0 0.0
cell 36.15980901691326 42.12992072081804 0.0 1.264911064067352 0.7905694150420947 1 0 0 0.8425471397243539 -0.5386226112430763 4.279195577987085
cell 33.27150763037142 17.652342912035877 0.0 1.0488088481701516 0.9534625892455922 1 0 0 0.8985822889469844 -0.43880504781827445 4.0501294966144465
cell 27.608168295603182 49.02548984808206 0.0 1.0 1.0 1 0 0 0.0 1.0 0.0
cell 38.95333568186156 23.274969712440797 0.0 1.0 1.0 1 0 0 0.0 1.0 0.0
cell 35.23185449366739 44.37642743984256 0.0 1.0 1.0 1 0 0 0.0 1.0 0.0
cell 11.740151972181051 53.00375748181851 0.0 1.0 1.0 1 0 0 0.0 1.0 0.0
cell 40.32436246949819 7.2273677533948995 0.0 1.0 1.0 1 0 0 0.0 1.0 0.0
cell 1.7516805440111474 0.17868225776681393 0.0 1.0 1.0 1 0 0 0.0 1.0 0.0
cell 55.074466333934524 24.18583109727891 0.0 1.0 1.0 1 0 0 0.0 1.0 0.0
cell 13.780290215646659 33.26905924885872 0.0 1.0 1.0 1 0 0 0.0 1.0 0.0
cell 6.900450525636463 37.6584776935361 0.0 1.0 1.0 1 0 0 0.0 1.0 0.0
cell 8.730305764902521 2.5757850762338443 0.0 1.0 1.0 1 0 0 0.0 1.0 0.0
cell 25.22007629902617 39.935318763308466 0.0 1.0 1.0 1 0 0 0.0 1.0 0.0
cell 54.76130006494161 56.810976985716806 0.0 1.0 1.0 1 0 0 0.0 1.0 0.0
cell 17.15201747587803 39.24838346290612 0.0 1.0 1.0 1 0 0 0.0 1.0 0.0
cell 22.864144903574132 55.750686568199846 0.0 1.0 1.0 1 0 0 0.0 1.0 0.0
cell 58.603389072362326 26.246171613496102 0.0 1.0 1.0 1 0 0 0.0 1.0 0.0
cell 8.363339052799791 24.10350778775605 0.0 1.0 1.0 1 0 0 0.0 1.0 0.0
cell 47.99569885406021 32.41206444116515 0.0 1.0 1.0 1 0 0 0.0 1.0 0.0
cell 6.331695723158966 18.46093873824379 0.0 1.0 1.0 1 0 0 0.0 1.0 0.0
cell 9.788995311063054 40.32629502542316 0.0 1.0 1.0 1 0 0 0.0 1.0 0.0
cell 1.218833946882567 55.65206450351588 0.0 1.0 1.0 1 0 0 0.0 1.0 0.0
cell 4.852425646437642 26.21084730845084 0.0 1.0 1.0 1 0 0 0.0 1.0 0.0
cell 40.730073798424584 52.04221164236814 0.0 1.0 1.0 1 0 0 0.0 1.0 0.0
cell 41.36569033921992 44.942662346179425 0.0 1.0 1.0 1 0 0 0.0 1.0 0.0
cell 3.0165479837120732 46.81765080642672 0.0 1.0 1.0 1 0 0 0.0 1.0 0.0
cell 1.9411735123200222 9.166071583538173 0.0 1.0 1.0 1 0 0 0.0 1.0 0.0
cell 44.27517267268649 47.014340513151865 0.0 1.0 1.0 1 0 0 0.0 1.0 0.0
cell 24.749796072788204 23.720193288530876 0.0 1.0 1.0 1 0 0 0.0 1.0 0.0
cell 56.538841206840054 47.99224840159003 0.0 1.0 1.0 1 0 0 0.0 1.0 0.0
cell 18.04351498410412 14.081200513591313 0.0 1.0 1.0 1 0 0 0.0 1.0 0.0
cell 35.464957870736534 31.538422998940774 0.0 1.0 1.0 1 0 0 0.0 1.0 0.0
cell 49.6981326472589 6.19986278945834 0.0 1.0 1.0 1 0 0 0.0 1.0 0.0
cell 37.68080076296165 14.144391472775899 0.0 1.0 1.0 1 0 0 0.0 1.0 0.0
cell 47.90674862655912 26.280449830619947 0.0 1.0 1.0 1 0 0 0.0 1.0 0.0
cell 59.003276165378225 17.7140620416245 0.0 1.0 1.0 1 0 0 0.0 1.0 0.0
cell 2.3825189460780374 53.97065731745096 0.0 1.0 1.0 1 0 0 0.0 1.0 0.0
cell 24.796643265986894 29.86339869471754 0.0 1.0 1.0 1 0 0 0.0 1.0 0.0
cell 37.25556188249629 34.638235541708156 0.0 1.0 1.0 1 0 0 0.0 1.0 0.0
cell 14.46478507080903 19.132088835029013 0.0 1.0 1.0 1 0 0 0.0 1.0 0.0
cell 50.605277683889796 8.11648478730364 0.0 1.0 1.0 1 0 0 0.0 1.0 0.0
cell 7.3223711537632505 56.18656822762685 0.0 1.0 1.0 1 0 0 0.0 1.0 0.0
cell 40.449257723712606 55.61270380394245 0.0 1.0 1.0 1 0 0 0.0 1.0 0.0
cell 44.27009988079867 20.1794115650746 0.0 1.0 1.0 1 0 0 0.0 1.0 0.0
cell 8.181221733858488 58.04176614133622 0.0 1.0 1.0 1 0 0 0.0 1.0 0.0
cell 18.67935622112178 7.049457635198214 0.0 1.0 1.0 1 0 0 0.0 1.0 0.0
cell 49.37686237116005 9.805046164402578 0.0 1.0 1.0 1 0 0 0.0 1.0 0.0
cell 8.350434199642423 18.61126896172645 0.0 1.0 1.0 1 0 0 0.0 1.0 0.0
cell 33.67676916887892 32.617466204590855 0.0 1.0 1.0 1 0 0 0.0 1.0 0.0
cell 30.156631072078667 32.74408730043649 0.0 1.0 1.0 1 0 0 0.0 1.0 0.0
cell 29.895956432641405 58.17627996837927 0.0 1.0 1.0 1 0 0 0.0 1.0 0.0
cell 24.3466845116693 50.53856410335094 0.0 1.0 1.0 1 0 0 0.0 1.0 0.0
cell 11.124041943830292 60.084182885650534 0.0 1.0 1.0 1 0 0 0.0 1.0 0.0
cell 44.933807035343 40.02731673799605 0.0 1.0 1.0 1 0 0 0.0 1.0 0.0
cell 34.24364336324259 6.65460585752172 0.0 1.0 1.0 1 0 0 0.0 1.0 0.0
cell 37.1899859501698 26.384966394252388 0.0 1.0 1.0 1 0 0 0.0 1.0 0.0
cell 22.483766147200317 37.72347314950785 0.0 1.0488088481701516 0.9534625892455922 1 0 0 0.4098923889098493 -0.9121338879319071 5.438513143654692
cell 49.88926274101255 15.184844367062974 0.0 1.0 1.0 1 0 0 0.0 1.0 0.0
cell 53.37890379540343 49.54164141283073 0.0 1.0 1.0 1 0 0 0.0 1.0 0.0
cell 23.347434529021715 12.78633009819403 0.0 1.0 1.0 1 0 0 0.0 1.0 0.0
cell 18.357412676521196 10.528408501645426 0.0 1.0 1.0 1 0 0 0.0 1.0 0.0
cell 20.247636889858914 50.19883366359665 0.0 1.0 1.0 1 0 0 0.0 1.0 0.0
cell 57.72433133650788 46.27080226645802 0.0 1.0 1.0 1 0 0 0.0 1.0 0.0
cell 31.79876488864217 21.369211628003132 0.0 1.0 1.0 1 0 0 0.0 1.0 0.0
cell 3.1258423964235202 7.440616371951935 0.0 1.0 1.0 1 0 0 0.0 1.0 0.0
cell 56.88180701864172 35.548668994257675 0.0 1.0 1.0 1 0 0 0.0 1.0 0.0
cell 41.628761997686446 53.88200151201728 0.0 1.0 1.0 1 0 0 0.0 1.0 0.0
cell 57.667807281214216 58.838272717748175 0.0 1.0 1.0 1 0 0 0.0 1.0 0.0
cell 17.99522783109103 41.13743919221826 0.0 1.0 1.0 1 0 0 0.0 1.0 0.0
cell 52.28049600076072 11.835134350717974 0.0 1.0 1.0 1 0 0 0.0 1.0 0.0
cell 11.398908204102462 56.54841431901299 0.0 1.0 1.0 1 0 0 0.0 1.0 0.0
cell 33.12290598772461 56.670245035878274 0.0 1.0 1.0 1 0 0 0.0 1.0 0.0
cell 8.661021192764041 15.093208194743807 0.0 1.0 1.0 1 0 0 0.0 1.0 0.0
cell 42.59960796698231 31.495927384373083 0.0 1.0 1.0 1 0 0 0.0 1.0 0.0
cell 4.89496943124674 34.41332021091578 0.0 1.0 1.0 1 0 0 0.0 1.0 0.0
cell 24.71441693972651 25.749423991821867 0.0 1.0 1.0 1 0 0 0.0 1.0 0.0
cell 12.921882173875854 51.333005501614075 0.0 1.0 1.0 1 0 0 0.0 1.0 0.0
cell 4.419977721339081 54.092929446810544 0.0 1.0 1.0 1 0 0 0.0 1.0 0.0
cell 44.38309041832545 38.36833208480182 0.0 1.0 1.0 1 0 0 0.0 1.0 0.0
cell 33.74053985313473 49.57839341976566 0.0 1.0 1.0 1 0 0 0.0 1.0 0.0
cell 49.805103824264926 35.56812838507146 0.0 1.0 1.0 1 0 0 0.0 1.0 0.0
cell 6.69231159049413 33.349398815007376 0.0 1.0 1.0 1 0 0 0.0 1.0 0.0
cell 47.976861014969124 2.4881041647478397 0.0 1.0 1.0 1 0 0 0.0 1.0 0.0
cell 27.483558635053473 0.7065607987095189 0.0 1.0 1.0 1 0 0 0.0 1.0 0.0
cell 17.696055601718054 34.04185863609167 0.0 1.0 1.0 1 0 0 0.0 1.0 0.0
cell 54.40525135079501 60.34621482642723 0.0 1.0 1.0 1 0 0 0.0 1.0 0.0
cell 31.682398334420874 49.37236746069647 0.0 1.0 1.0 1 0 0 0.0 1.0 0.0
cell 6.6005639275647585 14.881247315997312 0.0 1.0 1.0 1 0 0 0.0 1.0 0.0
cell 15.087407875403509 39.061226326747324 0.0 1.0 1.0 1 0 0 0.0 1.0 0.0
cell 45.28269139959111 9.469126268485695 0.0 1.0 1.0 1 0 0 0.0 1.0 0.0
cell 17.600877140482854 23.906643265384556 0.0 1.0 1.0 1 0 0 0.0 1.0 0.0
cell 1.2463222465448882 19.98624523838966 0.0 1.0 1.0 1 0 0 0.0 1.0 0.0
cell 56.07313868989919 15.75121801846365 0.0 1.0 1.0 1 0 0 0.0 1.0 0.0
cell 3.4798668072479084 3.9130076778360197 0.0 1.0 1.0 1 0 0 0.0 1.0 0.0
cell 17.029885149052646 51.74198701011168 0.0 1.0 1.0 1 0 0 0.0 1.0 0.0
cell 13.802176905033608 35.26202281816608 0.0 1.0 1.0 1 0 0 0.0 1.0 0.0
cell 4.637847224671705 2.244430292350387 0.0 1.0 1.0 1 0 0 0.0 1.0 0.0
cell 50.05700438875173 2.6879765010391923 0.0 1.0 1.0 1 0 0 0.0 1.0 0.0
cell 15.226638275656649 60.45957586200329 0.0 1.0 1.0 1 0 0 0.0 1.0 0.0
cell 55.06467691408916 30.392649501504923 0.0 1.0 1.0 1 0 0 0.0 1.0 0.0
cell 19.394416529972986 48.35840812680004 0.0 1.0 1.0 1 0 0 0.0 1.0 0.0
cell 24.00061200855362 5.705818902636503 0.0 1.0 1.0 1 0 0 0.0 1.0 0.0
cell 7.7792637314752975 13.186429712497487 0.0 1.0 1.0 1 0 0 0.0 1.0 0.0
cell 22.891382486823087 22.718727942492254 0.0 1.0 1.0 1 0 0 0.0 1.0 0.0
cell 13.820067729315882 31.248463235233345 0.0 1.0 1.0 1 0 0 0.0 1.0 0.0
cell 46.07503061549232 25.291940737521386 0.0 1.0 1.0 1 0 0 0.0 1.0 0.0
cell 15.505101456492804 56.92735836704076 0.0 1.0 1.0 1 0 0 0.0 1.0 0.0
cell 60.32959462706467 23.123045966148418 0.0 1.0 1.0 1 0 0 0.0 1.0 0.0
cell 39.0006919377286 29.48670789820894 0.0 1.0 1.0 1 0 0 0.0 1.0 0.0
cell 18.245966860467533 50.007750750040465 0.0 1.0 1.0 1 0 0 0.0 1.0 0.0
