1000
 Lattice="61.046553357713975 0.0 0.0 0.0 61.046553357713975 0.0 0.0 0.0 1.0"Properties=species:S:1:pos:R:3:aspherical_shape:R:3:orientation:R:4:Color:R:1
cell 43.800073362876105 26.05450783627099 0.0 1.0 1.0 1 0 0 0.0 1.0 0.0
cell 18.243359800877585 18.923529029022102 0.0 1.0 1.0 1 0 0 0.0 1.0 0.0
cell 31.664379906339995 48.603005527143566 0.0 1.643167672515499 0.6085806194501844 1 0 0 0.8842831129222302 -0.46695114969402346 4.113272264243405
cell 43.55046647765467 18.827966284745667 0.0 1.0 1.0 1 0 0 0.0 1.0 0.0
cell 16.265720502421107 18.564145276478257 0.0 1.0 1.0 1 0 0 0.0 1.0 0.0
cell 56.92675514579011 46.99671057622779 0.0 1.0 1.0 1 0 0 0.0 1.0 0.0
cell 32.934107358274076 55.19516250372115 0.0 1.643167672515499 0.6085806194501844 1 0 0 0.5537658818317666 0.8326724134490622 1.173760234305394
cell 38.38074539836866 1.837919363814923 0.0 1.0 1.0 1 0 0 0.0 1.0 0.0
cell 38.28204134588389 15.778132639356379 0.0 1.6124515496597105 0.6201736729460421 1 0 0 0.6750016864175628 -0.7378161853290061 4.80125133140243
cell 20.92541320014307 58.514490274870205 0.0 1.643167672515499 0.6085806194501844 1 0 0 0.5215855140850642 0.8531990104873654 1.0974164284624803
cell 55.64928467814544 14.72745812310182 0.0 1.0 1.0 1 0 0 0.0 1.0 0.0
cell 6.149432645374631 10.525594654883411 0.0 1.0 1.0 1 0 0 0.0 1.0 0.0
cell 48.626516401414996 15.176556397341935 0.0 1.0 1.0 1 0 0 0.0 1.0 0.0
cell 13.429885614131955 34.50940393390076 0.0 1.0 1.0 1 0 0 0.0 1.0 0.0
cell 15.172331287378025 35.54852444937649 0.0 1.0 1.0 1 0 0 0.0 1.0 0.0
cell 59.1613127259537 33.9302535380745 0.0 1.0 1.0 1 0 0 0.0 1.0 0.0
cell 50.211406658799326 1.6549333522538863 0.0 1.0 1.0 1 0 0 0.0 1.0 0.0
cell 37.980511803862676 20.686928472496763 0.0 1.643167672515499 0.6085806194501844 1 0 0 0.5834303599995964 0.8121631702008787 1.2458920944958696
cell 34.94594075876334 34.503346396278026 0.0 1.4491376746189442 0.690065559342354 1 0 0 0.7250242536851275 -0.6887233345606375 4.661046089059289
cell 35.56016216220461 40.37118146523033 0.0 1.4832396974191329 0.6741998624632419 1 0 0 0.8701454365036686 -0.492795007413671 4.172190568256991
cell 32.11292735710513 51.21031529770725 0.0 1.643167672515499 0.6085806194501844 1 0 0 0.8384094517986533 -0.5450409077626024 4.294468465726053
cell 17.960320087081147 14.921789504729594 0.0 1.0 1.0 1 0 0 0.0 1.0 0.0
cell 32.591090112023494 4.509692337636047 0.0 1.0 1.0 1 0 0 0.0 1.0 0.0
cell 12.836000937804236 10.783089304010154 0.0 1.0 1.0 1 0 0 0.0 1.0 0.0
cell 51.71237518017055 43.90399378571738 0.0 1.0 1.0 1 0 0 0.0 1.0 0.0
cell 5.496620592155586 2.42037735257713 0.0 1.0 1.0 1 0 0 0.0 1.0 0.0
cell 7.205858182155744 18.566941775481105 0.0 1.0 1.0 1 0 0 0.0 1.0 0.0
cell 7.987979992343037 22.533896194424187 0.0 1.0 1.0 1 0 0 0.0 1.0 0.0
cell 47.37049114286256 25.504040229964033 0.0 1.643167672515499 0.6085806194501844 1 0 0 -0.10983513469783417 0.9939498192493968 6.063070947923141
cell 46.786592626361106 40.001311450564444 0.0 1.0 1.0 1 0 0 0.0 1.0 0.0
cell 56.63823606750279 9.460974187561295 0.0 1.0 1.0 1 0 0 0.0 1.0 0.0
cell 16.843551036486037 53.6658079664833 0.0 1.0 1.0 1 0 0 0.0 1.0 0.0
cell 60.394464580001355 48.91662125078687 0.0 1.0 1.0 1 0 0 0.0 1.0 0.0
cell 49.78584460775932 58.91205929101824 0.0 1.0 1.0 1 0 0 0.0 1.0 0.0
cell 19.953708726314616 7.712868569628406 0.0 1.4491376746189442 0.690065559342354 1 0 0 0.9339216946640395 0.35747764718349684 2.4104613049047856
cell 47.47157213463829 26.46980960198812 0.0 1.6124515496597105 0.6201736729460421 1 0 0 0.10191587914939651 -0.9947930204706935 6.078999027779514
cell 43.05943790948269 13.160281348568152 0.0 1.0 1.0 1 0 0 0.0 1.0 0.0
cell 36.24707827737332 5.2787501393723435 0.0 1.0 1.0 1 0 0 0.0 1.0 0.0
cell 18.942645456693658 25.046816175152863 0.0 1.0488088481701516 0.9534625892455922 1 0 0 0.3290025343069163 -0.9443290382168846 5.612691084549891
cell 60.68543016695964 56.823853954465 0.0 1.0 1.0 1 0 0 0.0 1.0 0.0
cell 47.047171585129604 31.511306432116548 0.0 1.0 1.0 1 0 0 0.0 1.0 0.0
cell 36.94580382512942 30.749842055820707 0.0 1.5491933384829673 0.6454972243679027 1 0 0 0.41605658236731435 0.9093387269157902 0.8582088368192294
cell 13.797504972670096 7.15063048105815 0.0 1.0 1.0 1 0 0 0.0 1.0 0.0
cell 55.01759018820541 52.08329302199169 0.0 1.0 1.0 1 0 0 0.0 1.0 0.0
cell 30.638508988548875 50.59760832240579 0.0 1.643167672515499 0.6085806194501844 1 0 0 0.8146654718264509 -0.5799311761009113 4.378881067496298
cell 53.92969335447816 14.019678762125583 0.0 1.0 1.0 1 0 0 0.0 1.0 0.0
cell 21.068439297001557 27.544749228106593 0.0 1.0 1.0 1 0 0 0.0 1.0 0.0
cell 26.571000729168805 51.55681979805381 0.0 1.0 1.0 1 0 0 0.0 1.0 0.0
cell 9.065405122553614 7.9564504453485885 0.0 1.0 1.0 1 0 0 0.0 1.0 0.0
cell 32.04267826807703 10.247967825092806 0.0 1.0954451150103324 0.9128709291752768 1 0 0 0.8149412672650702 0.5795435539356825 1.9052556892535926
cell 44.48561978192728 11.760588443423401 0.0 1.0 1.0 1 0 0 0.0 1.0 0.0
cell 58.75862010356424 27.820764839383717 0.0 1.0 1.0 1 0 0 0.0 1.0 0.0
cell 2.6444584026177544 24.35474973955702 0.0 1.0 1.0 1 0 0 0.0 1.0 0.0
cell 23.4413701779176 15.38303359851852 0.0 1.0 1.0 1 0 0 0.0 1.0 0.0
cell 49.4260218969638 21.07297308709312 0.0 1.0 1.0 1 0 0 0.0 1.0 0.0
cell 25.57616198238573 18.234763214799184 0.0 1.0 1.0 1 0 0 0.0 1.0 0.0
cell 51.032619599202945 20.05782485056596 0.0 1.0 1.0 1 0 0 0.0 1.0 0.0
cell 33.466717062116835 27.90435249587997 0.0 1.5165750888103104 0.6593804733957869 1 0 0 0.9478276610540101 -0.3187831942572954 3.7904835054407884
cell 41.51561829934417 46.42061831523021 0.0 1.0954451150103324 0.9128709291752768 1 0 0 0.37644034001176896 0.9264408617995127 0.7719019739123476
cell 25.12684694738484 14.159973995523169 0.0 1.0 1.0 1 0 0 0.0 1.0 0.0
cell 22.284417149659355 34.30027510488382 0.0 1.0488088481701516 0.9534625892455922 1 0 0 0.18410955365355963 -0.9829057290775586 5.912853601728533
cell 42.43941509954916 49.330362017127094 0.0 1.4491376746189442 0.690065559342354 1 0 0 0.9988678121707306 -0.04757198555093165 3.2367725479096183
cell 26.656354713505586 30.06533068382676 0.0 1.0 1.0 1 0 0 0.0 1.0 0.0
cell 37.95434588102002 51.5754729927085 0.0 1.0 1.0 1 0 0 0.0 1.0 0.0
cell 12.682179913621226 3.233554279341709 0.0 1.0 1.0 1 0 0 0.0 1.0 0.0
cell 21.896188733010003 18.49233449766908 0.0 1.0 1.0 1 0 0 0.0 1.0 0.0
cell 47.3148940411564 18.385600865174972 0.0 1.0 1.0 1 0 0 0.0 1.0 0.0
cell 34.97780496473913 21.421284243953373 0.0 1.0 1.0 1 0 0 0.0 1.0 0.0
cell 46.20551308287236 29.740351469579732 0.0 1.0 1.0 1 0 0 0.0 1.0 0.0
cell 32.03138424451958 2.407920441157936 0.0 1.0 1.0 1 0 0 0.0 1.0 0.0
cell 17.05432521619758 24.223770821469643 0.0 1.0 1.0 1 0 0 0.0 1.0 0.0
cell 13.172749237245903 22.35255993643567 0.0 1.0 1.0 1 0 0 0.0 1.0 0.0
cell 60.707547152130516 30.816064740755603 0.0 1.0 1.0 1 0 0 0.0 1.0 0.0
cell 46.89256628914084 1.9372064323083908 0.0 1.0 1.0 1 0 0 0.0 1.0 0.0
cell 60.13073158078925 9.120985689120399 0.0 1.0 1.0 1 0 0 0.0 1.0 0.0
cell 27.02086243080029 14.825128965252597 0.0 1.0 1.0 1 0 0 0.0 1.0 0.0
cell 48.14827726105063 36.42096218915818 0.0 1.0 1.0 1 0 0 0.0 1.0 0.0
cell 36.363823944648395 37.453422888601985 0.0 1.0 1.0 1 0 0 0.0 1.0 0.0
cell 59.3058943585157 35.99284053661991 0.0 1.0 1.0 1 0 0 0.0 1.0 0.0
cell 59.54352658973082 18.50003974443081 0.0 1.0 1.0 1 0 0 0.0 1.0 0.0
cell 34.20437984976143 15.661350242191364 0.0 1.0488088481701516 0.9534625892455922 1 0 0 0.6491937797186017 0.7606230580088115 1.4130480188823462
cell 26.95667548625368 33.6900057201483 0.0 1.58113883008419 0.6324555320336757 1 0 0 0.9984473101483768 0.05570429837517889 3.030126360004543
cell 2.1663715937133854 20.23189595877957 0.0 1.0 1.0 1 0 0 0.0 1.0 0.0
cell 4.034458594304629 21.070520751905708 0.0 1.0 1.0 1 0 0 0.0 1.0 0.0
cell 15.141044079157737 23.26232965749668 0.0 1.0 1.0 1 0 0 0.0 1.0 0.0
cell 51.87138148790056 31.392230039387925 0.0 1.0 1.0 1 0 0 0.0 1.0 0.0
cell 42.547606992639444 11.226650623412395 0.0 1.0 1.0 1 0 0 0.0 1.0 0.0
cell 4.8059937152324235 57.308772437553884 0.0 1.0 1.0 1 0 0 0.0 1.0 0.0
cell 18.64959437355744 5.515965420434938 0.0 1.0 1.0 1 0 0 0.0 1.0 0.0
cell 29.03165284751593 35.663539535356435 0.0 1.643167672515499 0.6085806194501844 1 0 0 0.886644214809809 0.4624521989830918 2.1800748174188547
cell 35.26756272461575 11.785411373326154 0.0 1.0 1.0 1 0 0 0.0 1.0 0.0
cell 8.0482347542572 51.708911713600486 0.0 1.0 1.0 1 0 0 0.0 1.0 0.0
cell 28.821277568136438 14.065509229519716 0.0 1.1832159566199234 0.8451542547285166 1 0 0 0.5599588615658625 0.8285204121528107 1.1886722925527529
cell 7.312253875377869 7.30767360724635 0.0 1.0 1.0 1 0 0 0.0 1.0 0.0
cell 39.03546755702673 55.55027668305175 0.0 1.0488088481701516 0.9534625892455922 1 0 0 0.8339301684991562 -0.5518699793130343 4.3108025488487005
cell 43.07316384885842 27.939670695509008 0.0 1.0 1.0 1 0 0 0.0 1.0 0.0
cell 27.480696799434895 17.931777999121394 0.0 1.1832159566199234 0.8451542547285166 1 0 0 0.6410269933395433 0.7675183345106911 1.3916711785729383
cell 7.269662253371331 5.283363127639881 0.0 1.0 1.0 1 0 0 0.0 1.0 0.0
cell 39.647675409598214 3.495199149671635 0.0 1.0 1.0 1 0 0 0.0 1.0 0.0
cell 24.739183465509953 6.454898848182133 0.0 1.0 1.0 1 0 0 0.0 1.0 0.0
cell 18.287867743530235 38.18032338130013 0.0 1.0 1.0 1 0 0 0.0 1.0 0.0
cell 8.913549658343726 0.17213839771162961 0.0 1.0 1.0 1 0 0 0.0 1.0 0.0
cell 45.98838027777775 10.385894900161995 0.0 1.0 1.0 1 0 0 0.0 1.0 0.0
cell 27.786167690776903 5.277452825277635 0.0 1.0 1.0 1 0 0 0.0 1.0 0.0
cell 54.15795704767219 30.57865734029954 0.0 1.0 1.0 1 0 0 0.0 1.0 0.0
cell 50.153244580661784 24.66794711901659 0.0 1.0 1.0 1 0 0 0.0 1.0 0.0
cell 47.82585688732886 29.754774228525644 0.0 1.0 1.0 1 0 0 0.0 1.0 0.0
cell 20.864705338814964 53.21913210021947 0.0 1.6124515496597105 0.6201736729460421 1 0 0 0.7836299758138054 0.6212278656065379 1.8009754005616954
cell 19.830277475707604 15.77541337290475 0.0 1.0 1.0 1 0 0 0.0 1.0 0.0
cell 2.489110172508934 8.85375112593547 0.0 1.0 1.0 1 0 0 0.0 1.0 0.0
cell 32.62756389284516 12.038638177520728 0.0 1.643167672515499 0.6085806194501844 1 0 0 0.013894122495353463 0.9999034720212168 0.02778913913960547
cell 9.40381307022257 21.322830335329115 0.0 1.0 1.0 1 0 0 0.0 1.0 0.0
cell 37.20861210359536 14.595796373722903 0.0 1.140175425099138 0.8770580193070291 1 0 0 0.8735583147393906 0.48671949904403444 2.1249317021937055
cell 36.72262564433974 7.275941896009635 0.0 1.0 1.0 1 0 0 0.0 1.0 0.0
cell 58.15181198514786 21.701255774308024 0.0 1.0 1.0 1 0 0 0.0 1.0 0.0
cell 58.47972802542037 10.321133448486586 0.0 1.0 1.0 1 0 0 0.0 1.0 0.0
cell 4.063678164235374 7.651932554577351 0.0 1.0 1.0 1 0 0 0.0 1.0 0.0
cell 38.29333987070667 33.2458469803421 0.0 1.0 1.0 1 0 0 0.0 1.0 0.0
cell 49.13859311525042 7.733337817204422 0.0 1.0488088481701516 0.9534625892455922 1 0 0 0.1731619179776183 0.9848933699453523 0.34807837128588537
cell 13.467107920797533 57.25548028740971 0.0 1.0 1.0 1 0 0 0.0 1.0 0.0
cell 55.93042324757304 38.08458760384537 0.0 1.0 1.0 1 0 0 0.0 1.0 0.0
cell 60.55416511065479 54.82232728451033 0.0 1.0 1.0 1 0 0 0.0 1.0 0.0
cell 38.51000980402287 11.639718722996257 0.0 1.0 1.0 1 0 0 0.0 1.0 0.0
cell 9.687152983173773 50.60486141494562 0.0 1.0 1.0 1 0 0 0.0 1.0 0.0
cell 36.2010382817308 24.821579266119542 0.0 1.58113883008419 0.6324555320336757 1 0 0 0.36924502865900777 -0.9293320767145663 5.526792289449826
cell 42.507545888181575 44.77531111036313 0.0 1.0 1.0 1 0 0 0.0 1.0 0.0
cell 49.489260533401286 5.096899206873962 0.0 1.0 1.0 1 0 0 0.0 1.0 0.0
cell 17.21041582049084 30.40103212457925 0.0 1.0488088481701516 0.9534625892455922 1 0 0 0.9640017833226712 0.26589577234455947 2.6033266013746807
cell 8.857101467075585 59.380346669282744 0.0 1.0 1.0 1 0 0 0.0 1.0 0.0
cell 8.636130559022481 15.345968060770284 0.0 1.0 1.0 1 0 0 0.0 1.0 0.0
cell 60.45865130785766 52.81626824617144 0.0 1.0 1.0 1 0 0 0.0 1.0 0.0
cell 16.0777811859246 9.727685502313157 0.0 1.0 1.0 1 0 0 0.0 1.0 0.0
cell 11.408127129119535 23.415623286670392 0.0 1.0 1.0 1 0 0 0.0 1.0 0.0
cell 20.90579916150941 49.65967436283142 0.0 1.3784048752090226 0.7254762501100115 1 0 0 0.7055554514758755 0.7086547148595524 1.566413302975926
cell 59.50341888234876 3.015473433825001 0.0 1.0 1.0 1 0 0 0.0 1.0 0.0
cell 60.853189996705346 58.855354403027036 0.0 1.0 1.0 1 0 0 0.0 1.0 0.0
cell 10.629848081789996 0.9215803726968648 0.0 1.0 1.0 1 0 0 0.0 1.0 0.0
cell 53.983100308700514 41.01819949491619 0.0 1.0 1.0 1 0 0 0.0 1.0 0.0
cell 26.087265842583868 46.27270330779991 0.0 1.643167672515499 0.6085806194501844 1 0 0 0.7124152253626149 0.7017581824756549 1.585867804024914
cell 50.44291074426276 42.78154188471103 0.0 1.6124515496597105 0.6201736729460421 1 0 0 -0.4590814811150005 0.8883941657267101 5.329263281563335
cell 58.964498705878555 14.405320743819145 0.0 1.0 1.0 1 0 0 0.0 1.0 0.0
cell 58.90910617240633 44.08656106319506 0.0 1.0 1.0 1 0 0 0.0 1.0 0.0
cell 12.763221571877432 8.760940339219276 0.0 1.0 1.0 1 0 0 0.0 1.0 0.0
cell 50.42230876194135 31.27665762561407 0.0 1.6124515496597105 0.6201736729460421 1 0 0 0.8394938221594226 -0.5433692322501925 4.290483313577513
cell 16.34728630913038 1.0698911327746488 0.0 1.0 1.0 1 0 0 0.0 1.0 0.0
cell 19.241110366939864 9.886204545306718 0.0 1.0 1.0 1 0 0 0.0 1.0 0.0
cell 43.57401946982425 16.99474821171102 0.0 1.0 1.0 1 0 0 0.0 1.0 0.0
cell 22.054193652457183 37.8841090281952 0.0 1.0 1.0 1 0 0 0.0 1.0 0.0
cell 39.86562192089125 35.042848095120966 0.0 1.0 1.0 1 0 0 0.0 1.0 0.0
cell 14.126107228182432 59.09722382499712 0.0 1.0 1.0 1 0 0 0.0 1.0 0.0
cell 60.58006736122925 13.231487975624692 0.0 1.0 1.0 1 0 0 0.0 1.0 0.0
cell 37.69104080747256 49.50509072432789 0.0 1.0 1.0 1 0 0 0.0 1.0 0.0
cell 1.2808591626365213 44.05031541101364 0.0 1.0 1.0 1 0 0 0.0 1.0 0.0
cell 1.1689025644112603 27.594981183064203 0.0 1.0 1.0 1 0 0 0.0 1.0 0.0
cell 31.193745646604498 60.387321933866986 0.0 1.643167672515499 0.6085806194501844 1 0 0 -0.07991380333099429 -0.9968017777056656 0.15999821300838324
cell 60.97142174682456 34.914455299980496 0.0 1.0 1.0 1 0 0 0.0 1.0 0.0
cell 5.316704946091514 0.3345767876433431 0.0 1.0 1.0 1 0 0 0.0 1.0 0.0
cell 16.658242797685517 36.92728843721409 0.0 1.0 1.0 1 0 0 0.0 1.0 0.0
cell 37.58492202851906 56.88666226175968 0.0 1.0 1.0 1 0 0 0.0 1.0 0.0
cell 8.422769598482601 13.345547282918172 0.0 1.0 1.0 1 0 0 0.0 1.0 0.0
cell 58.97323867005539 57.95537399355463 0.0 1.0 1.0 1 0 0 0.0 1.0 0.0
cell 17.82113888192362 55.4590727672692 0.0 1.0 1.0 1 0 0 0.0 1.0 0.0
cell 15.311388763645672 25.31480750135407 0.0 1.0 1.0 1 0 0 0.0 1.0 0.0
cell 17.288306461453487 6.266868651744898 0.0 1.0 1.0 1 0 0 0.0 1.0 0.0
cell 33.19799109395979 48.74092721737517 0.0 1.643167672515499 0.6085806194501844 1 0 0 0.8585590104005274 -0.5127147605248624 4.218280277996625
cell 60.72490098681027 43.10021823921216 0.0 1.0 1.0 1 0 0 0.0 1.0 0.0
cell 57.06600145259297 45.042078722495006 0.0 1.0 1.0 1 0 0 0.0 1.0 0.0
cell 22.28496961775634 51.128547341949826 0.0 1.0 1.0 1 0 0 0.0 1.0 0.0
cell 51.804323376217646 59.82781547225829 0.0 1.0 1.0 1 0 0 0.0 1.0 0.0
cell 40.70048454298095 30.551469564303453 0.0 1.0 1.0 1 0 0 0.0 1.0 0.0
cell 58.364762618369475 23.707409757096517 0.0 1.0 1.0 1 0 0 0.0 1.0 0.0
cell 54.2453523865196 17.942572624981224 0.0 1.0 1.0 1 0 0 0.0 1.0 0.0
cell 47.76905087117013 55.99211822087231 0.0 1.0 1.0 1 0 0 0.0 1.0 0.0
cell 37.0470838270161 22.87347621704641 0.0 1.643167672515499 0.6085806194501844 1 0 0 -0.0028692007951220894 0.9999958838349272 6.277446897715927
cell 22.207468023140002 41.45461290762399 0.0 1.643167672515499 0.6085806194501844 1 0 0 0.433067163703043 -0.9013616542333059 5.387399671659317
cell 11.57184234536027 51.375672005126674 0.0 1.0 1.0 1 0 0 0.0 1.0 0.0
cell 18.508515909366352 20.98936588103674 0.0 1.0 1.0 1 0 0 0.0 1.0 0.0
cell 15.45449916830464 27.328618048958464 0.0 1.0 1.0 1 0 0 0.0 1.0 0.0
cell 16.037698090259966 13.964011381121717 0.0 1.0 1.0 1 0 0 0.0 1.0 0.0
cell 28.956428136504837 37.54515072928059 0.0 1.643167672515499 0.6085806194501844 1 0 0 0.9391335044929556 0.3435524133793557 2.4401987675512697
cell 4.26029374226898 23.159646179561367 0.0 1.0 1.0 1 0 0 0.0 1.0 0.0
cell 40.63602713009736 54.30949480915127 0.0 1.0488088481701516 0.9534625892455922 1 0 0 0.611821162761569 -0.7909961218596977 4.966463481668423
cell 58.6093687035395 51.93096157824928 0.0 1.0 1.0 1 0 0 0.0 1.0 0.0
cell 43.76497563715108 51.7020055356682 0.0 1.140175425099138 0.8770580193070291 1 0 0 0.2385074807168657 0.9711406600704626 0.4816573757449926
cell 15.34280799459183 31.42392705838889 0.0 1.0 1.0 1 0 0 0.0 1.0 0.0
cell 33.86802275805505 38.70435671694351 0.0 1.643167672515499 0.6085806194501844 1 0 0 0.778280226321647 -0.6279171038574487 4.499340718222116
cell 1.7139057423683037 35.91621351968102 0.0 1.0 1.0 1 0 0 0.0 1.0 0.0
cell 32.1174781525286 32.51658980042462 0.0 1.341640786499874 0.7453559924999297 1 0 0 0.29413152064746473 -0.9557649546628135 5.686091873492905
cell 42.753474872358346 25.145128823707843 0.0 1.0 1.0 1 0 0 0.0 1.0 0.0
cell 11.195209977633063 4.637327297026821 0.0 1.0 1.0 1 0 0 0.0 1.0 0.0
cell 50.54373296436571 36.71337650230922 0.0 1.6124515496597105 0.6201736729460421 1 0 0 -0.6042066825832579 0.7968276380257742 4.985645514336737
cell 51.84856570510693 25.966592997576612 0.0 1.0 1.0 1 0 0 0.0 1.0 0.0
cell 19.6903975191225 41.731636366538716 0.0 1.643167672515499 0.6085806194501844 1 0 0 0.7684147029527411 0.6399522203149628 1.752720484668821
cell 20.32879668758069 35.080564488570914 0.0 1.0 1.0 1 0 0 0.0 1.0 0.0
cell 18.759966346032417 60.67339961896674 0.0 1.0 1.0 1 0 0 0.0 1.0 0.0
cell 51.31261023536529 10.52770632982609 0.0 1.0 1.0 1 0 0 0.0 1.0 0.0
cell 6.731043275951911 14.50259606148245 0.0 1.0 1.0 1 0 0 0.0 1.0 0.0
cell 40.422079648038306 11.962034879006959 0.0 1.3784048752090226 0.7254762501100115 1 0 0 0.31176632715241603 -0.9501588063339164 5.649082411422498
cell 10.060703941277334 30.33842458715807 0.0 1.0 1.0 1 0 0 0.0 1.0 0.0
cell 8.866877440121963 17.315819509398956 0.0 1.0 1.0 1 0 0 0.0 1.0 0.0
cell 51.55161745677384 57.8751158892474 0.0 1.0 1.0 1 0 0 0.0 1.0 0.0
cell 33.60603467270125 8.47979089082529 0.0 1.0 1.0 1 0 0 0.0 1.0 0.0
cell 1.720195836341472 37.98759222948281 0.0 1.0 1.0 1 0 0 0.0 1.0 0.0
cell 34.33875713110009 17.775310414020066 0.0 1.0 1.0 1 0 0 0.0 1.0 0.0
cell 22.037382842105377 39.82875023077116 0.0 1.643167672515499 0.6085806194501844 1 0 0 0.32505371763889807 -0.945695553890961 5.621048247602263
cell 8.01043646891522 11.333692173753189 0.0 1.0 1.0 1 0 0 0.0 1.0 0.0
cell 23.784812914542282 19.324026267491895 0.0 1.0 1.0 1 0 0 0.0 1.0 0.0
cell 11.67703336541368 25.390547352041214 0.0 1.0 1.0 1 0 0 0.0 1.0 0.0
cell 21.08990315284734 29.398090040004274 0.0 1.0 1.0 1 0 0 0.0 1.0 0.0
cell 31.272945242475494 36.4511190405024 0.0 1.643167672515499 0.6085806194501844 1 0 0 0.4436569512101404 -0.8961966913813748 5.363835118053253
cell 34.578015383012435 0.3857431212893352 0.0 1.0 1.0 1 0 0 0.0 1.0 0.0
cell 1.512263542617571 33.75588587547825 0.0 1.0 1.0 1 0 0 0.0 1.0 0.0
cell 25.167641955065225 47.73866021297546 0.0 1.4491376746189442 0.690065559342354 1 0 0 0.6035087585765911 0.7973563684585092 1.2957886174220967
cell 44.746026393977374 40.24025323616397 0.0 1.0 1.0 1 0 0 0.0 1.0 0.0
cell 48.23930871475801 23.93767362768892 0.0 1.0 1.0 1 0 0 0.0 1.0 0.0
cell 51.47601253111425 55.92533699004284 0.0 1.0 1.0 1 0 0 0.0 1.0 0.0
cell 58.62513193819952 25.73199425967739 0.0 1.0 1.0 1 0 0 0.0 1.0 0.0
cell 1.4556272970186572 57.677585964859944 0.0 1.0 1.0 1 0 0 0.0 1.0 0.0
cell 32.468982249187114 17.620182764450487 0.0 1.643167672515499 0.6085806194501844 1 0 0 0.5235284267466852 0.8520082079347244 1.1019740254509236
cell 8.455314073167095 36.4790316484691 0.0 1.0 1.0 1 0 0 0.0 1.0 0.0
cell 54.70298811921997 21.872974631311937 0.0 1.0 1.0 1 0 0 0.0 1.0 0.0
cell 56.773876899899435 24.82416129402451 0.0 1.0 1.0 1 0 0 0.0 1.0 0.0
cell 1.6311611948115536 16.151222742623577 0.0 1.0 1.0 1 0 0 0.0 1.0 0.0
cell 54.96532322676817 23.89845071435923 0.0 1.0 1.0 1 0 0 0.0 1.0 0.0
cell 57.69404417500774 2.130039804079156 0.0 1.0 1.0 1 0 0 0.0 1.0 0.0
cell 54.129784547145555 38.977197628634705 0.0 1.0 1.0 1 0 0 0.0 1.0 0.0
cell 42.416905364270804 31.506642993593502 0.0 1.643167672515499 0.6085806194501844 1 0 0 0.13809546660279418 -0.9904189225291269 6.006108910656347
cell 3.1262287252576635 56.512781590704044 0.0 1.0 1.0 1 0 0 0.0 1.0 0.0
cell 4.327801155088055 9.691003424402862 0.0 1.0 1.0 1 0 0 0.0 1.0 0.0
cell 42.04886086338044 9.219017823135761 0.0 1.0 1.0 1 0 0 0.0 1.0 0.0
cell 22.555920585560695 24.483300877101644 0.0 1.0 1.0 1 0 0 0.0 1.0 0.0
cell 5.816532861826229 8.53788409894695 0.0 1.0 1.0 1 0 0 0.0 1.0 0.0
cell 28.98839447132293 23.44424901650862 0.0 1.30384048104053 0.7669649888473703 1 0 0 0.23182321929744193 0.9727579323729877 0.46790308814792986
cell 21.23109761450325 5.3779030484194745 0.0 1.643167672515499 0.6085806194501844 1 0 0 0.8813613408064298 0.47244278694027303 2.1574719888464546
cell 41.47399827694227 34.62019315993923 0.0 1.0 1.0 1 0 0 0.0 1.0 0.0
cell 34.63118983573191 13.482157411677903 0.0 1.30384048104053 0.7669649888473703 1 0 0 0.27248315919681054 0.9621605520671306 0.5519458154400187
cell 28.646124686429673 16.212213225832848 0.0 1.0488088481701516 0.9534625892455922 1 0 0 0.41778294736746796 0.9085468666441767 0.862007457562577
cell 56.56874733113287 22.80446254528746 0.0 1.0 1.0 1 0 0 0.0 1.0 0.0
cell 19.413975508589722 55.555637106227586 0.0 1.6124515496597105 0.6201736729460421 1 0 0 -0.49386839334296107 -0.8695366640095415 1.0330659191210332
cell 40.382103948601355 10.378028029567238 0.0 1.0 1.0 1 0 0 0.0 1.0 0.0
cell 18.097971218544625 16.90240701138105 0.0 1.0 1.0 1 0 0 0.0 1.0 0.0
cell 46.03504214208276 57.15348438708761 0.0 1.0488088481701516 0.9534625892455922 1 0 0 0.6839602693186966 -0.729519259508271 4.776830271789386
cell 4.628610583509235 27.47792719598009 0.0 1.0 1.0 1 0 0 0.0 1.0 0.0
cell 15.854914637758721 55.3108355636931 0.0 1.0 1.0 1 0 0 0.0 1.0 0.0
cell 5.210420901882358 38.10222887790323 0.0 1.0 1.0 1 0 0 0.0 1.0 0.0
cell 55.64366420707854 42.047791178750614 0.0 1.0 1.0 1 0 0 0.0 1.0 0.0
cell 40.68806467654447 44.50913191613329 0.0 1.4142135623730954 0.7071067811865474 1 0 0 0.4423670713510456 -0.8968340839777996 5.366712658482141
cell 41.642943089217695 7.235514513342211 0.0 1.0 1.0 1 0 0 0.0 1.0 0.0
cell 35.02677513662286 54.67472912959784 0.0 1.341640786499874 0.7453559924999297 1 0 0 0.9011297321255334 -0.43354954258926914 4.038448760521712
cell 13.842015497304988 55.32214817248446 0.0 1.0 1.0 1 0 0 0.0 1.0 0.0
cell 51.313847479423735 40.14113516629162 0.0 1.643167672515499 0.6085806194501844 1 0 0 0.6613799896802156 -0.7500510044327638 4.837871041204234
cell 32.287037870060125 34.015989965896104 0.0 1.643167672515499 0.6085806194501844 1 0 0 0.39764319087146505 -0.917540131413095 5.465291717132715
cell 55.251639640465456 12.670208989288177 0.0 1.0 1.0 1 0 0 0.0 1.0 0.0
cell 60.98632068821193 39.07273078154776 0.0 1.0 1.0 1 0 0 0.0 1.0 0.0
cell 28.41197206483892 29.598521770340245 0.0 1.341640786499874 0.7453559924999297 1 0 0 0.6797052826873761 0.733485329564862 1.494721511706396
cell 38.72088597857351 24.993931464545675 0.0 1.5165750888103104 0.6593804733957869 1 0 0 0.026550405344344538 0.9996474758513878 0.05310705134138313
cell 55.23929511398844 56.16539655065934 0.0 1.0 1.0 1 0 0 0.0 1.0 0.0
cell 36.0165528681905 51.053430021016524 0.0 1.0 1.0 1 0 0 0.0 1.0 0.0
cell 54.62189009760377 6.602877308936514 0.0 1.0 1.0 1 0 0 0.0 1.0 0.0
cell 31.820537408500886 8.141920224614756 0.0 1.0 1.0 1 0 0 0.0 1.0 0.0
cell 12.318456227544953 44.3326958356436 0.0 1.0 1.0 1 0 0 0.0 1.0 0.0
cell 22.365838528291146 57.53625794024924 0.0 1.0 1.0 1 0 0 0.0 1.0 0.0
cell 24.853863342320853 12.125499826441748 0.0 1.0 1.0 1 0 0 0.0 1.0 0.0
cell 57.62640229720288 37.00363082025656 0.0 1.0 1.0 1 0 0 0.0 1.0 0.0
cell 14.40908446650251 1.7573329978606993 0.0 1.0 1.0 1 0 0 0.0 1.0 0.0
cell 33.876826519472914 2.9633928142117085 0.0 1.0 1.0 1 0 0 0.0 1.0 0.0
cell 51.19840637043478 4.665999441747339 0.0 1.0 1.0 1 0 0 0.0 1.0 0.0
cell 60.37764182796934 50.88515072213443 0.0 1.0 1.0 1 0 0 0.0 1.0 0.0
cell 30.093980571960856 0.5214643866711792 0.0 1.643167672515499 0.6085806194501844 1 0 0 0.03162275683700825 -0.9994998755627874 6.219929247853574
cell 38.12669897508282 5.7338645288675085 0.0 1.0 1.0 1 0 0 0.0 1.0 0.0
cell 49.998768443420026 26.02255437994423 0.0 1.6124515496597105 0.6201736729460421 1 0 0 -0.26345769546371267 -0.9646709504804991 0.5332095684697231
cell 31.471057573946428 27.27167414490356 0.0 1.6124515496597105 0.6201736729460421 1 0 0 0.8486814916523848 -0.5289042689624306 4.256210547730963
cell 53.523459063101924 57.27726561780301 0.0 1.0 1.0 1 0 0 0.0 1.0 0.0
cell 60.38329236758709 11.223054795188977 0.0 1.0 1.0 1 0 0 0.0 1.0 0.0
cell 13.329764430301372 42.90161771676179 0.0 1.6124515496597105 0.6201736729460421 1 0 0 0.39707706224838424 0.9177852726189241 0.816659741043569
cell 24.686489781973165 27.350585967944497 0.0 1.0 1.0 1 0 0 0.0 1.0 0.0
cell 46.08738631230376 24.793437946401763 0.0 1.643167672515499 0.6085806194501844 1 0 0 0.09705868362138334 -0.995278660443237 6.0887618638214995
cell 46.97842533099255 51.52711072220091 0.0 1.4142135623730954 0.7071067811865474 1 0 0 0.9607728051361017 -0.27733664905833544 3.7036344602129674
cell 3.2401962606939576 34.678641193592895 0.0 1.0 1.0 1 0 0 0.0 1.0 0.0
cell 42.01200393351654 20.1933973221849 0.0 1.0 1.0 1 0 0 0.0 1.0 0.0
cell 32.66133807617067 23.18056773286747 0.0 1.643167672515499 0.6085806194501844 1 0 0 0.3351475696645321 0.9421656470854568 0.6835237077834596
cell 27.92081170113091 1.515820797848075 0.0 1.643167672515499 0.6085806194501844 1 0 0 0.007806559446113552 -0.9999695283505464 6.267572029699598
cell 6.789287362129021 45.588017403036176 0.0 1.0 1.0 1 0 0 0.0 1.0 0.0
cell 5.957061443655515 21.75327724671722 0.0 1.0 1.0 1 0 0 0.0 1.0 0.0
cell 45.92379995069493 21.3319145584245 0.0 1.0 1.0 1 0 0 0.0 1.0 0.0
cell 45.93409765793863 54.972337749432164 0.0 1.0488088481701516 0.9534625892455922 1 0 0 0.633673439469804 0.7736006541559467 1.37258505189135
cell 7.2534968662886605 47.58168832364057 0.0 1.0 1.0 1 0 0 0.0 1.0 0.0
cell 14.064700360487057 17.339181013433755 0.0 1.0 1.0 1 0 0 0.0 1.0 0.0
cell 11.799726896780047 56.768889544352454 0.0 1.0 1.0 1 0 0 0.0 1.0 0.0
cell 11.190994649935872 42.684920689462835 0.0 1.0 1.0 1 0 0 0.0 1.0 0.0
cell 39.44747797480124 20.228494647565487 0.0 1.58113883008419 0.6324555320336757 1 0 0 0.787254436362218 0.616628293567532 1.8126874243336997
cell 45.33413856741291 47.14279545657155 0.0 1.30384048104053 0.7669649888473703 1 0 0 0.545322900765906 -0.8382260637204368 5.12963673582277
cell 47.3930124826658 3.9191878517194114 0.0 1.0 1.0 1 0 0 0.0 1.0 0.0
cell 52.80726615627675 3.691116430864212 0.0 1.0 1.0 1 0 0 0.0 1.0 0.0
cell 17.73240818684244 13.029075655718644 0.0 1.0 1.0 1 0 0 0.0 1.0 0.0
cell 41.30493689865253 26.95420842002199 0.0 1.0 1.0 1 0 0 0.0 1.0 0.0
cell 27.67812518489797 54.03406793239802 0.0 1.643167672515499 0.6085806194501844 1 0 0 0.46801821018059686 0.8837188211978687 0.9740937717162619
cell 42.736090433024174 22.113914051362602 0.0 1.0 1.0 1 0 0 0.0 1.0 0.0
cell 17.141202769188627 49.63212086840508 0.0 1.643167672515499 0.6085806194501844 1 0 0 0.5076011425023058 0.8615921773846104 1.0647965697244446
cell 31.54250758799669 29.7502311952101 0.0 1.0 1.0 1 0 0 0.0 1.0 0.0
cell 1.1364352418148647 12.058963923689959 0.0 1.0 1.0 1 0 0 0.0 1.0 0.0
cell 19.51534200665191 1.1316746684767902 0.0 1.0 1.0 1 0 0 0.0 1.0 0.0
cell 11.193327423418406 10.366576750445201 0.0 1.0 1.0 1 0 0 0.0 1.0 0.0
cell 49.186781907900205 19.168101036582414 0.0 1.0 1.0 1 0 0 0.0 1.0 0.0
cell 4.898492825660909 13.737949403825008 0.0 1.0 1.0 1 0 0 0.0 1.0 0.0
cell 10.718050730565212 17.402256773209285 0.0 1.0 1.0 1 0 0 0.0 1.0 0.0
cell 20.957468772452383 60.76730906644132 0.0 1.0 1.0 1 0 0 0.0 1.0 0.0
cell 1.3018972029263163 55.689265680911625 0.0 1.0 1.0 1 0 0 0.0 1.0 0.0
cell 8.036942166614137 43.986851115243596 0.0 1.0 1.0 1 0 0 0.0 1.0 0.0
cell 14.405473048658228 19.273111107520478 0.0 1.0 1.0 1 0 0 0.0 1.0 0.0
cell 18.522354640149512 50.3704733313512 0.0 1.5491933384829673 0.6454972243679027 1 0 0 0.6640849685443848 0.747657110280778 1.452538573292537
cell 37.7793166563282 40.800927435465496 0.0 1.140175425099138 0.8770580193070291 1 0 0 0.9587196181159146 0.28435311470014685 2.5649294099528195
cell 7.46307366858892 38.277646757144815 0.0 1.0 1.0 1 0 0 0.0 1.0 0.0
cell 16.62391140466187 20.27724671788593 0.0 1.0 1.0 1 0 0 0.0 1.0 0.0
cell 39.91689826631646 59.407771836160194 0.0 1.0488088481701516 0.9534625892455922 1 0 0 0.5642913389761306 0.8255757292680821 1.1991492349608033
cell 43.25390207241086 33.78349559203559 0.0 1.0 1.0 1 0 0 0.0 1.0 0.0
cell 6.252618654785504 51.975097843631225 0.0 1.0 1.0 1 0 0 0.0 1.0 0.0
cell 31.03990121325052 38.748200187333545 0.0 1.3784048752090226 0.7254762501100115 1 0 0 0.5155668082227269 -0.8568493836486258 5.199847266277578
cell 28.905622781577463 43.38284028430954 0.0 1.643167672515499 0.6085806194501844 1 0 0 0.5834633987850455 -0.812139435243852 5.037211851525189
cell 19.029687577734805 46.496389844214406 0.0 1.5491933384829673 0.6454972243679027 1 0 0 0.4442568312161413 0.8958994742256482 0.9206891350938727
cell 47.512471820260686 49.74957445519745 0.0 1.0488088481701516 0.9534625892455922 1 0 0 0.9423898774146688 -0.33451654510108386 3.8237770014410852
cell 15.683820823262126 11.972770123979695 0.0 1.0 1.0 1 0 0 0.0 1.0 0.0
cell 46.32498651696901 23.260893539491324 0.0 1.0 1.0 1 0 0 0.0 1.0 0.0
cell 11.629969211810169 55.24689110269634 0.0 1.643167672515499 0.6085806194501844 1 0 0 0.9543561684985825 0.29867089521529394 2.534993297022792
cell 21.538226312274922 14.591657576190926 0.0 1.0 1.0 1 0 0 0.0 1.0 0.0
cell 6.2898179091677955 26.45665061264345 0.0 1.0 1.0 1 0 0 0.0 1.0 0.0
cell 34.36338330471521 43.984997802716016 0.0 1.5165750888103104 0.6593804733957869 1 0 0 0.9331884216887973 -0.3593874923059667 3.876815554111305
cell 8.28146260466572 55.80218405586156 0.0 1.0 1.0 1 0 0 0.0 1.0 0.0
cell 37.95552242402264 58.98030867121577 0.0 1.4491376746189442 0.690065559342354 1 0 0 0.9184363152642424 0.3955688749179352 2.3282183264663074
cell 59.95612516060006 22.55194970216284 0.0 1.0 1.0 1 0 0 0.0 1.0 0.0
cell 2.8050332148789274 50.536946467398394 0.0 1.0 1.0 1 0 0 0.0 1.0 0.0
cell 14.858228343239523 53.54079146718124 0.0 1.0 1.0 1 0 0 0.0 1.0 0.0
cell 61.04106235664402 60.89031465213076 0.0 1.0 1.0 1 0 0 0.0 1.0 0.0
cell 1.9676320949871462 2.716512690669427 0.0 1.0 1.0 1 0 0 0.0 1.0 0.0
cell 17.21175509533725 26.28426118375326 0.0 1.0 1.0 1 0 0 0.0 1.0 0.0
cell 20.03025633892753 36.84692914796631 0.0 1.643167672515499 0.6085806194501844 1 0 0 0.997293845627389 0.07351860630978818 2.9944226620990912
cell 8.186511292253954 27.308455907117576 0.0 1.0 1.0 1 0 0 0.0 1.0 0.0
cell 32.5801940988149 15.156518000619897 0.0 1.6124515496597105 0.6201736729460421 1 0 0 0.6154906734760909 0.7881441688320405 1.3260167668950058
cell 36.00785890529443 53.06907251173158 0.0 1.0 1.0 1 0 0 0.0 1.0 0.0
cell 21.029368734699336 10.72909624434904 0.0 1.0 1.0 1 0 0 0.0 1.0 0.0
cell 23.431990543725966 42.667746808937494 0.0 1.0 1.0 1 0 0 0.0 1.0 0.0
cell 52.864268702988674 21.00135712454633 0.0 1.0 1.0 1 0 0 0.0 1.0 0.0
cell 47.53658798614696 8.99974181914207 0.0 1.0 1.0 1 0 0 0.0 1.0 0.0
cell 34.826313315192266 24.248813952831544 0.0 1.4832396974191329 0.6741998624632419 1 0 0 -0.2248756052748059 0.9743874804985385 5.829554567655969
cell 33.10755637431271 6.5063542003721215 0.0 1.0 1.0 1 0 0 0.0 1.0 0.0
cell 43.56072135228271 59.059382043764145 0.0 1.140175425099138 0.8770580193070291 1 0 0 0.7805473665349804 -0.6250966394049059 4.492103326768064
cell 57.869044834530136 4.147599014717747 0.0 1.0 1.0 1 0 0 0.0 1.0 0.0
cell 13.547740693463506 32.438491126251606 0.0 1.0 1.0 1 0 0 0.0 1.0 0.0
cell 1.0962883376114503 49.789417559393826 0.0 1.0 1.0 1 0 0 0.0 1.0 0.0
cell 3.465548157071211 41.0742990623704 0.0 1.0 1.0 1 0 0 0.0 1.0 0.0
cell 3.0164407935122157 54.52741608889808 0.0 1.0 1.0 1 0 0 0.0 1.0 0.0
cell 33.74110210770957 45.688048771308914 0.0 1.4491376746189442 0.690065559342354 1 0 0 0.9640194161951432 -0.26583183631532037 3.679726059899909
cell 1.126381514162646 51.74531099843799 0.0 1.0 1.0 1 0 0 0.0 1.0 0.0
cell 2.9304647774585133 44.760247595338065 0.0 1.0 1.0 1 0 0 0.0 1.0 0.0
cell 13.46443549497504 12.227606274628599 0.0 1.4491376746189442 0.690065559342354 1 0 0 0.9433382082563854 0.3318328266516628 2.4651009963399244
cell 7.176127477109907 1.3245913611660496 0.0 1.0 1.0 1 0 0 0.0 1.0 0.0
cell 25.228471984268054 56.212223318630514 0.0 1.0 1.0 1 0 0 0.0 1.0 0.0
cell 11.549879925822912 53.45236322225552 0.0 1.0 1.0 1 0 0 0.0 1.0 0.0
cell 9.238375507333117 42.310498285363096 0.0 1.0 1.0 1 0 0 0.0 1.0 0.0
cell 36.476330398123245 42.97621403106189 0.0 1.264911064067352 0.7905694150420947 1 0 0 0.7125652869106469 -0.7016058094756253 4.696889783622689
cell 55.75251922207028 40.050464930888865 0.0 1.0 1.0 1 0 0 0.0 1.0 0.0
cell 46.968973586612734 41.88585814279438 0.0 1.58113883008419 0.6324555320336757 1 0 0 0.32330842237854723 -0.9462936457670499 5.6247381096070095
cell 10.460610328391098 58.172160930732446 0.0 1.0 1.0 1 0 0 0.0 1.0 0.0
cell 51.3639655709291 53.952792556731374 0.0 1.0 1.0 1 0 0 0.0 1.0 0.0
cell 42.3723997234762 42.701555476439886 0.0 1.0 1.0 1 0 0 0.0 1.0 0.0
cell 47.685174143862184 53.882139853157476 0.0 1.0 1.0 1 0 0 0.0 1.0 0.0
cell 11.001102690578639 39.280893228866574 0.0 1.0488088481701516 0.9534625892455922 1 0 0 0.1569226598849711 0.9876108944390122 0.31514786460742006
cell 30.30385251093796 17.487468674197284 0.0 1.264911064067352 0.7905694150420947 1 0 0 0.09828180433263982 -0.9951586240078115 6.08630387015979
cell 28.309505812714267 7.32231867648838 0.0 1.0 1.0 1 0 0 0.0 1.0 0.0
cell 5.118824793021677 49.29770898771001 0.0 1.0 1.0 1 0 0 0.0 1.0 0.0
cell 36.863679173972685 21.31156958270523 0.0 1.6124515496597105 0.6201736729460421 1 0 0 0.3866667920099638 0.9222194922884267 0.7940290188597976
cell 55.01355839789315 10.62775182465725 0.0 1.0 1.0 1 0 0 0.0 1.0 0.0
cell 48.77278880377228 34.54692483738818 0.0 1.0 1.0 1 0 0 0.0 1.0 0.0
cell 45.17629961161608 15.719926826420089 0.0 1.0 1.0 1 0 0 0.0 1.0 0.0
cell 48.60286266558509 40.36046583520303 0.0 1.0 1.0 1 0 0 0.0 1.0 0.0
cell 44.794898174128974 6.486807317741686 0.0 1.0 1.0 1 0 0 0.0 1.0 0.0
cell 29.638623860541916 19.28928292311282 0.0 1.4832396974191329 0.6741998624632419 1 0 0 0.08163558105163884 0.9966622456511339 0.16345305798641907
cell 59.08703595312027 42.07577653245242 0.0 1.0 1.0 1 0 0 0.0 1.0 0.0
cell 28.603213992019846 53.110092825590534 0.0 1.643167672515499 0.6085806194501844 1 0 0 0.48772614322991975 0.8729966833900733 1.0189663905617539
cell 8.278620773840084 29.364878143144185 0.0 1.0 1.0 1 0 0 0.0 1.0 0.0
cell 55.64391946054315 60.23915617628634 0.0 1.0 1.0 1 0 0 0.0 1.0 0.0
cell 3.459691237941967 37.0109993314707 0.0 1.0 1.0 1 0 0 0.0 1.0 0.0
cell 47.55342713381561 47.80970351482885 0.0 1.3784048752090226 0.7254762501100115 1 0 0 0.2668815900649775 -0.9637293276041718 5.742873704879415
cell 15.008862622236794 40.17700705084643 0.0 1.0 1.0 1 0 0 0.0 1.0 0.0
cell 16.624620829837795 39.06277372926325 0.0 1.0 1.0 1 0 0 0.0 1.0 0.0
cell 32.78935726877653 41.41865163920629 0.0 1.6124515496597105 0.6201736729460421 1 0 0 -0.8911649064747085 0.45367952286600305 4.083372476699513
cell 57.251440911590066 30.943344804097503 0.0 1.0 1.0 1 0 0 0.0 1.0 0.0
cell 33.29348596516301 30.53154746768246 0.0 1.0 1.0 1 0 0 0.0 1.0 0.0
cell 60.96171112144101 41.0889854505522 0.0 1.0 1.0 1 0 0 0.0 1.0 0.0
cell 40.250527979598985 47.45295916416828 0.0 1.58113883008419 0.6324555320336757 1 0 0 0.8842278576609972 -0.46705577368901374 4.113508901723429
cell 9.948443886613234 54.6887025049238 0.0 1.0 1.0 1 0 0 0.0 1.0 0.0
cell 34.777182782589 41.911043672928585 0.0 1.264911064067352 0.7905694150420947 1 0 0 0.8242187016184307 -0.5662716061241535 4.3455431320508255
cell 10.581625371531278 15.291215981934966 0.0 1.0 1.0 1 0 0 0.0 1.0 0.0
cell 36.51492427722323 35.66471816378963 0.0 1.5491933384829673 0.6454972243679027 1 0 0 0.8938994461539375 -0.4482675319111165 4.071245240244856
cell 54.15724028898993 2.3528318719858454 0.0 1.0 1.0 1 0 0 0.0 1.0 0.0
cell 57.458079858290674 0.04956024915483743 0.0 1.0 1.0 1 0 0 0.0 1.0 0.0
cell 27.222251758639903 3.2788005007327614 0.0 1.0 1.0 1 0 0 0.0 1.0 0.0
cell 8.448017414010703 33.46975367581606 0.0 1.0 1.0 1 0 0 0.0 1.0 0.0
cell 53.82123099784561 43.03656981205468 0.0 1.0 1.0 1 0 0 0.0 1.0 0.0
cell 20.16853109783047 38.62566118243018 0.0 1.0 1.0 1 0 0 0.0 1.0 0.0
cell 41.80213838732996 60.17659343319591 0.0 1.0 1.0 1 0 0 0.0 1.0 0.0
cell 50.102848568106104 60.821620221197854 0.0 1.0 1.0 1 0 0 0.0 1.0 0.0
cell 10.802433848173772 2.7742544244433365 0.0 1.0 1.0 1 0 0 0.0 1.0 0.0
cell 36.836588403001784 39.20595397001263 0.0 1.30384048104053 0.7669649888473703 1 0 0 0.9977434834169737 -0.0671412041816582 3.275976156701547
cell 7.189499116376556 60.551946663208916 0.0 1.0 1.0 1 0 0 0.0 1.0 0.0
cell 1.8747808397888857 18.208057068141343 0.0 1.0 1.0 1 0 0 0.0 1.0 0.0
cell 44.2185457161317 53.710943149269625 0.0 1.0488088481701516 0.9534625892455922 1 0 0 0.4529858010085902 0.8915177306619347 0.9402232435863803
cell 5.106839993712492 15.784427755426808 0.0 1.0 1.0 1 0 0 0.0 1.0 0.0
cell 3.266097949044033 46.74654946134161 0.0 1.0 1.0 1 0 0 0.0 1.0 0.0
cell 9.246570331665795 57.19931621700965 0.0 1.4491376746189442 0.690065559342354 1 0 0 0.9005793387623092 0.4346916776227053 2.242200876723363
cell 15.256284072395406 33.49799253010007 0.0 1.0 1.0 1 0 0 0.0 1.0 0.0
cell 48.94488703328298 3.0743046026371568 0.0 1.0 1.0 1 0 0 0.0 1.0 0.0
cell 39.82092287878575 16.396989310189227 0.0 1.0 1.0 1 0 0 0.0 1.0 0.0
cell 55.426945991325205 27.893914207453513 0.0 1.0 1.0 1 0 0 0.0 1.0 0.0
cell 16.21817081952346 4.742724367693478 0.0 1.0 1.0 1 0 0 0.0 1.0 0.0
cell 2.899050538874708 52.52859395755525 0.0 1.0 1.0 1 0 0 0.0 1.0 0.0
cell 49.69343991374112 11.758988318067962 0.0 1.0 1.0 1 0 0 0.0 1.0 0.0
cell 48.76940441045966 30.98382380033211 0.0 1.0 1.0 1 0 0 0.0 1.0 0.0
cell 22.023780312730917 55.09364200881151 0.0 1.0 1.0 1 0 0 0.0 1.0 0.0
cell 30.083085768340226 7.748831623757064 0.0 1.0 1.0 1 0 0 0.0 1.0 0.0
cell 36.19589332140561 57.72470475409179 0.0 1.4491376746189442 0.690065559342354 1 0 0 0.8393940352052764 -0.5435233699316001 4.29085055116351
cell 57.72177977942895 17.635369528693765 0.0 1.0 1.0 1 0 0 0.0 1.0 0.0
cell 22.062409230615515 20.502424536008967 0.0 1.0 1.0 1 0 0 0.0 1.0 0.0
cell 41.33824645488922 13.10970834932294 0.0 1.0 1.0 1 0 0 0.0 1.0 0.0
cell 12.663240840443635 49.64568757246438 0.0 1.0 1.0 1 0 0 0.0 1.0 0.0
cell 22.574539407611844 49.31151011324976 0.0 1.0 1.0 1 0 0 0.0 1.0 0.0
cell 44.393997980842734 36.755500357825376 0.0 1.0 1.0 1 0 0 0.0 1.0 0.0
cell 45.43970120740398 3.1219706873973827 0.0 1.0 1.0 1 0 0 0.0 1.0 0.0
cell 8.744427819498709 48.79118888362228 0.0 1.0 1.0 1 0 0 0.0 1.0 0.0
cell 19.42214678960409 11.887468914686984 0.0 1.0 1.0 1 0 0 0.0 1.0 0.0
cell 35.01727828403598 30.226176333002943 0.0 1.643167672515499 0.6085806194501844 1 0 0 0.9206536748814559 -0.39038034136886357 3.9436820086652045
cell 33.49416911943856 25.98430418774934 0.0 1.4832396974191329 0.6741998624632419 1 0 0 0.1589214215874941 -0.9872912345202959 5.963989118372674
cell 9.815818088648458 34.95277495053106 0.0 1.0 1.0 1 0 0 0.0 1.0 0.0
cell 17.915396435937 3.9157716248627725 0.0 1.0 1.0 1 0 0 0.0 1.0 0.0
cell 51.552575278108804 47.97891080991123 0.0 1.0 1.0 1 0 0 0.0 1.0 0.0
cell 34.0085996166203 10.43367982925249 0.0 1.0 1.0 1 0 0 0.0 1.0 0.0
cell 12.343839415978001 14.25235791493865 0.0 1.0 1.0 1 0 0 0.0 1.0 0.0
cell 1.2973133027073191 29.623152755686856 0.0 1.0 1.0 1 0 0 0.0 1.0 0.0
cell 55.424824725950955 58.17574050575415 0.0 1.0 1.0 1 0 0 0.0 1.0 0.0
cell 27.042602034145958 8.907819187635033 0.0 1.0 1.0 1 0 0 0.0 1.0 0.0
cell 26.253298519020085 49.70159341725745 0.0 1.0 1.0 1 0 0 0.0 1.0 0.0
cell 13.047048977277022 40.61138993908812 0.0 1.0 1.0 1 0 0 0.0 1.0 0.0
cell 37.89897471053466 27.89312756714232 0.0 1.0 1.0 1 0 0 0.0 1.0 0.0
cell 10.325117777820484 37.31367652465998 0.0 1.0 1.0 1 0 0 0.0 1.0 0.0
cell 55.88848832702262 34.040801858904544 0.0 1.0 1.0 1 0 0 0.0 1.0 0.0
cell 14.460135622487106 3.6875339518104577 0.0 1.0 1.0 1 0 0 0.0 1.0 0.0
cell 24.65865683984504 0.487297777317805 0.0 1.0 1.0 1 0 0 0.0 1.0 0.0
cell 42.56527508670387 54.825944151299176 0.0 1.0 1.0 1 0 0 0.0 1.0 0.0
cell 12.385959564697767 47.63641706668771 0.0 1.0 1.0 1 0 0 0.0 1.0 0.0
cell 48.9166800488674 27.252848270177008 0.0 1.0 1.0 1 0 0 0.0 1.0 0.0
cell 59.03733532946367 31.942523250206698 0.0 1.0 1.0 1 0 0 0.0 1.0 0.0
cell 43.981065100040894 20.61722267011835 0.0 1.0 1.0 1 0 0 0.0 1.0 0.0
cell 4.89063908348477 35.583331583670365 0.0 1.0 1.0 1 0 0 0.0 1.0 0.0
cell 56.99267751223232 55.01996734851564 0.0 1.0 1.0 1 0 0 0.0 1.0 0.0
cell 58.66973713573525 53.930927939112884 0.0 1.0 1.0 1 0 0 0.0 1.0 0.0
cell 52.5725907979314 39.609273354055205 0.0 1.0 1.0 1 0 0 0.0 1.0 0.0
cell 53.14113419790415 22.95971738199588 0.0 1.0 1.0 1 0 0 0.0 1.0 0.0
cell 24.550399515991568 25.29618770668254 0.0 1.0 1.0 1 0 0 0.0 1.0 0.0
cell 16.94303488417061 57.051478351115925 0.0 1.0 1.0 1 0 0 0.0 1.0 0.0
cell 49.76267246996224 35.74413563740812 0.0 1.5491933384829673 0.6454972243679027 1 0 0 0.5978439177054878 -0.8016125311286956 5.001567865124333
cell 9.493046359879228 23.979908541599606 0.0 1.0488088481701516 0.9534625892455922 1 0 0 0.5648185790780349 0.8252151069438015 1.2004267804194069
cell 25.589718502482718 38.63510922988225 0.0 1.643167672515499 0.6085806194501844 1 0 0 0.8181477300208304 0.575008079823025 1.916364606059675
cell 0.045285382847223325 17.330099350713553 0.0 1.0 1.0 1 0 0 0.0 1.0 0.0
cell 7.457893616765299 41.48928732654302 0.0 1.0 1.0 1 0 0 0.0 1.0 0.0
cell 30.806029309936527 4.107660052771001 0.0 1.0 1.0 1 0 0 0.0 1.0 0.0
cell 54.074070394297344 16.02603501429847 0.0 1.0 1.0 1 0 0 0.0 1.0 0.0
cell 13.567366141236839 26.32940571957504 0.0 1.0 1.0 1 0 0 0.0 1.0 0.0
cell 3.030010025526652 12.912430651041568 0.0 1.0 1.0 1 0 0 0.0 1.0 0.0
cell 26.575926783663803 23.61595251685918 0.0 1.1832159566199234 0.8451542547285166 1 0 0 0.16563581595630517 -0.9861869885941961 5.950379911273643
cell 18.187704325244688 43.93246900834106 0.0 1.643167672515499 0.6085806194501844 1 0 0 0.8196059634373609 0.5729276260557832 1.9214458405737216
cell 23.991049048838185 54.381775741070065 0.0 1.0 1.0 1 0 0 0.0 1.0 0.0
cell 42.1102076941871 52.846422351367686 0.0 1.0488088481701516 0.9534625892455922 1 0 0 0.01613487355203088 -0.9998698244548937 6.250914159758636
cell 9.831861612897944 26.13296589486226 0.0 1.0 1.0 1 0 0 0.0 1.0 0.0
cell 57.9250294274582 19.627760110716626 0.0 1.0 1.0 1 0 0 0.0 1.0 0.0
cell 20.01829000659313 17.738307068295565 0.0 1.0 1.0 1 0 0 0.0 1.0 0.0
cell 52.40593882025169 41.97459623478842 0.0 1.0 1.0 1 0 0 0.0 1.0 0.0
cell 34.39853189181369 32.10240236768827 0.0 1.0954451150103324 0.9128709291752768 1 0 0 -0.3820617695918127 0.9241367886933041 5.499132722265823
cell 44.317642781096815 32.65539294278617 0.0 1.0 1.0 1 0 0 0.0 1.0 0.0
cell 13.181752416622812 52.631136210063644 0.0 1.0 1.0 1 0 0 0.0 1.0 0.0
cell 51.08409254117398 8.567877587852067 0.0 1.0 1.0 1 0 0 0.0 1.0 0.0
cell 16.183503882874255 2.8570143753077777 0.0 1.0 1.0 1 0 0 0.0 1.0 0.0
cell 43.1997306439024 47.84205769892052 0.0 1.140175425099138 0.8770580193070291 1 0 0 0.012331566520817789 0.9999239633427847 0.024663758161379404
cell 44.18203370629368 43.61218700829919 0.0 1.0 1.0 1 0 0 0.0 1.0 0.0
cell 20.908551516182147 56.244263455977546 0.0 1.643167672515499 0.6085806194501844 1 0 0 0.5599638223854537 0.8285170593412499 1.1886842677064269
cell 29.79811798171202 21.264090836633994 0.0 1.5491933384829673 0.6454972243679027 1 0 0 0.9105907682639746 0.41330914912741124 2.2894223609230604
cell 27.35588854855549 45.68930677794903 0.0 1.643167672515499 0.6085806194501844 1 0 0 0.8006827498122618 0.5990885862316815 1.856867998299514
cell 24.809736100542416 44.722208117111535 0.0 1.643167672515499 0.6085806194501844 1 0 0 0.6414348656020972 0.767177497838681 1.3927342485164502
cell 57.36975776431244 32.94486187406432 0.0 1.0 1.0 1 0 0 0.0 1.0 0.0
cell 55.53149520457035 32.0694887022291 0.0 1.0 1.0 1 0 0 0.0 1.0 0.0
cell 20.693667914770806 33.08148426619155 0.0 1.0 1.0 1 0 0 0.0 1.0 0.0
cell 17.646188599083718 9.478229164853172 0.0 1.58113883008419 0.6324555320336757 1 0 0 0.9135034853842527 0.40683090122411086 2.3036282511147532
cell 34.94906565844871 6.915584980422832 0.0 1.0 1.0 1 0 0 0.0 1.0 0.0
cell 59.77161358589508 20.58755961488605 0.0 1.0 1.0 1 0 0 0.0 1.0 0.0
cell 23.66501562913016 17.347647663758526 0.0 1.0 1.0 1 0 0 0.0 1.0 0.0
cell 42.34174702630312 37.071518340140344 0.0 1.0 1.0 1 0 0 0.0 1.0 0.0
cell 28.370922384672788 24.970091132107775 0.0 1.1832159566199234 0.8451542547285166 1 0 0 0.23466748766681939 0.9720757019039943 0.4737529794526644
cell 53.63612376624995 26.937550827786254 0.0 1.0 1.0 1 0 0 0.0 1.0 0.0
cell 36.83838112865026 10.458558350122834 0.0 1.0 1.0 1 0 0 0.0 1.0 0.0
cell 2.273395561015155 6.810159721001904 0.0 1.0 1.0 1 0 0 0.0 1.0 0.0
cell 37.45955123411685 34.56141131674264 0.0 1.0 1.0 1 0 0 0.0 1.0 0.0
cell 45.206434413497185 41.71703188671215 0.0 1.643167672515499 0.6085806194501844 1 0 0 0.204911753449325 -0.9787804520413774 5.870438213757122
cell 41.546199573997804 50.92358214543768 0.0 1.0488088481701516 0.9534625892455922 1 0 0 0.22325710299841636 0.9747595939311162 0.45030928281953597
cell 51.1036708811329 2.9846059969703647 0.0 1.6124515496597105 0.6201736729460421 1 0 0 0.9445929148436734 0.3282441549017025 2.4727043826792503
cell 15.485711704305773 29.335362680072667 0.0 1.0488088481701516 0.9534625892455922 1 0 0 0.1336600553287025 -0.9910272395900771 6.015062782733529
cell 2.4328762006399023 22.332059239731315 0.0 1.0 1.0 1 0 0 0.0 1.0 0.0
cell 50.57980528144792 27.610832211833806 0.0 1.0 1.0 1 0 0 0.0 1.0 0.0
cell 47.5483712758344 20.27500689163504 0.0 1.0 1.0 1 0 0 0.0 1.0 0.0
cell 43.265505688977036 15.083763810293933 0.0 1.0 1.0 1 0 0 0.0 1.0 0.0
cell 36.25054056302619 60.623748049926064 0.0 1.643167672515499 0.6085806194501844 1 0 0 0.9888373488752771 -0.14899898479289542 3.440704413698555
cell 17.134396937113202 32.470105894556376 0.0 1.0 1.0 1 0 0 0.0 1.0 0.0
cell 57.00318946428353 26.86704490568546 0.0 1.0 1.0 1 0 0 0.0 1.0 0.0
cell 42.827517739447075 40.63884896475812 0.0 1.0 1.0 1 0 0 0.0 1.0 0.0
cell 5.404905113928941 41.73000861969045 0.0 1.0 1.0 1 0 0 0.0 1.0 0.0
cell 30.77107430213629 58.58205149865703 0.0 1.643167672515499 0.6085806194501844 1 0 0 0.9291744790013529 -0.3696414310822914 3.8988388346641827
cell 3.6624626711645667 1.554523002718851 0.0 1.0 1.0 1 0 0 0.0 1.0 0.0
cell 59.31060052416651 0.9955720479244613 0.0 1.0 1.0 1 0 0 0.0 1.0 0.0
cell 47.7229088449937 59.94273780728215 0.0 1.264911064067352 0.7905694150420947 1 0 0 0.9970304722728804 -0.07700803438159502 3.295761355329725
cell 25.332885639567596 52.82056298784302 0.0 1.0 1.0 1 0 0 0.0 1.0 0.0
cell 58.93485237306258 29.85961957340181 0.0 1.0 1.0 1 0 0 0.0 1.0 0.0
cell 58.627274455517195 47.99892916266613 0.0 1.0 1.0 1 0 0 0.0 1.0 0.0
cell 19.999353232912576 5.457814185586499 0.0 1.643167672515499 0.6085806194501844 1 0 0 0.8248624904687718 0.5653334165053888 1.9399178411712732
cell 10.987459290478466 19.489471533113388 0.0 1.0 1.0 1 0 0 0.0 1.0 0.0
cell 16.93483698249675 34.52853746823296 0.0 1.0 1.0 1 0 0 0.0 1.0 0.0
cell 23.948280297600835 21.327952811541962 0.0 1.0 1.0 1 0 0 0.0 1.0 0.0
cell 59.28149850951743 16.46206109946323 0.0 1.0 1.0 1 0 0 0.0 1.0 0.0
cell 51.350644200893974 49.96572148612488 0.0 1.0 1.0 1 0 0 0.0 1.0 0.0
cell 54.12958859673503 33.53282135145349 0.0 1.0 1.0 1 0 0 0.0 1.0 0.0
cell 19.712031895871554 3.15985689509677 0.0 1.0 1.0 1 0 0 0.0 1.0 0.0
cell 13.641882320837745 30.395694017382304 0.0 1.0 1.0 1 0 0 0.0 1.0 0.0
cell 59.284522113663385 38.01178011829934 0.0 1.0 1.0 1 0 0 0.0 1.0 0.0
cell 30.996672636182417 40.87491347393451 0.0 1.643167672515499 0.6085806194501844 1 0 0 0.5231480428876149 -0.8522418232068045 5.1821040705702135
cell 52.53452597869564 29.861719932952802 0.0 1.0 1.0 1 0 0 0.0 1.0 0.0
cell 18.987223489212198 31.531414872231263 0.0 1.0 1.0 1 0 0 0.0 1.0 0.0
cell 56.228273285153335 5.370556538728763 0.0 1.0 1.0 1 0 0 0.0 1.0 0.0
cell 30.868547967664263 13.464175994430418 0.0 1.140175425099138 0.8770580193070291 1 0 0 0.37219483926291064 -0.9281546216154161 5.520440032657251
cell 41.92288472678213 32.8697546966971 0.0 1.6124515496597105 0.6201736729460421 1 0 0 0.9685380195066968 0.2488656359766158 2.638574921804384
cell 58.80821373334965 55.95331369831312 0.0 1.0 1.0 1 0 0 0.0 1.0 0.0
cell 60.413153973926015 26.675554884271943 0.0 1.0 1.0 1 0 0 0.0 1.0 0.0
cell 28.925026375030363 9.506977506616943 0.0 1.0488088481701516 0.9534625892455922 1 0 0 0.7656621721598068 0.6432429075578885 1.744140257043474
cell 6.446757185184449 23.329947495013386 0.0 1.643167672515499 0.6085806194501844 1 0 0 0.9711694425604639 -0.23839025533103864 3.6230086149787035
cell 31.049725296262004 55.21037177232401 0.0 1.643167672515499 0.6085806194501844 1 0 0 -0.2605020372818884 -0.9654732977001412 0.527084314620228
cell 42.83130480298862 5.861563174072068 0.0 1.0 1.0 1 0 0 0.0 1.0 0.0
cell 35.724482512989916 3.353212665798583 0.0 1.0 1.0 1 0 0 0.0 1.0 0.0
cell 39.90364930955447 6.331589930340017 0.0 1.0 1.0 1 0 0 0.0 1.0 0.0
cell 27.116176116797057 43.3302186539074 0.0 1.643167672515499 0.6085806194501844 1 0 0 0.8239537912315892 0.566656994940582 1.936706863294407
cell 11.562165321913996 12.399964025467415 0.0 1.0 1.0 1 0 0 0.0 1.0 0.0
cell 56.09324775115638 18.784814597208076 0.0 1.0 1.0 1 0 0 0.0 1.0 0.0
cell 6.421708005355565 36.56064684495161 0.0 1.0 1.0 1 0 0 0.0 1.0 0.0
cell 29.010641442889447 3.679838172262805 0.0 1.0 1.0 1 0 0 0.0 1.0 0.0
cell 53.26959067352601 49.00921397418455 0.0 1.0 1.0 1 0 0 0.0 1.0 0.0
cell 57.418559929100994 41.065528693595866 0.0 1.0 1.0 1 0 0 0.0 1.0 0.0
cell 15.289373407676576 43.522630602250125 0.0 1.30384048104053 0.7669649888473703 1 0 0 0.6130956721320754 0.7900086688213735 1.3199463801790168
cell 19.108172207238002 29.367440778479082 0.0 1.0954451150103324 0.9128709291752768 1 0 0 0.6724998774941737 0.7400972333216232 1.4751627901254871
cell 24.350185458549053 33.72178894363074 0.0 1.140175425099138 0.8770580193070291 1 0 0 0.8857653044661007 0.4641334133674022 2.1762806290852743
cell 42.187915442760136 56.60723091983831 0.0 1.5491933384829673 0.6454972243679027 1 0 0 0.9678701703191853 -0.25145045914913583 3.6499498001759836
cell 21.099004120805418 31.2409863032417 0.0 1.0 1.0 1 0 0 0.0 1.0 0.0
cell 34.43780889791195 4.96266842481901 0.0 1.0 1.0 1 0 0 0.0 1.0 0.0
cell 6.410655883914982 54.0345287211796 0.0 1.0 1.0 1 0 0 0.0 1.0 0.0
cell 41.76867767746556 16.747500189242807 0.0 1.0 1.0 1 0 0 0.0 1.0 0.0
cell 21.315634369243348 12.686218307529657 0.0 1.0 1.0 1 0 0 0.0 1.0 0.0
cell 29.589985604553704 5.710972546824436 0.0 1.0 1.0 1 0 0 0.0 1.0 0.0
cell 42.64618352823083 29.937926934653266 0.0 1.0 1.0 1 0 0 0.0 1.0 0.0
cell 20.39929301680244 21.733532704161455 0.0 1.0 1.0 1 0 0 0.0 1.0 0.0
cell 53.34892268464402 47.02009910008722 0.0 1.0 1.0 1 0 0 0.0 1.0 0.0
cell 45.46403238065547 59.424380183882704 0.0 1.1832159566199234 0.8451542547285166 1 0 0 0.9238507475455029 0.3827529180288707 2.3560440663680495
cell 28.203667002784844 57.4440871461659 0.0 1.0 1.0 1 0 0 0.0 1.0 0.0
cell 22.49372698591325 5.307772117294959 0.0 1.643167672515499 0.6085806194501844 1 0 0 0.5468224069551579 -0.8372486221259295 5.1260568409987854
cell 17.848614387954125 41.03062992953272 0.0 1.140175425099138 0.8770580193070291 1 0 0 0.8460594547659124 0.5330885470549963 2.0170988675627446
cell 52.601291522265356 19.02119680690415 0.0 1.0 1.0 1 0 0 0.0 1.0 0.0
cell 38.14989731147429 42.90491500658206 0.0 1.5491933384829673 0.6454972243679027 1 0 0 0.5555802626758966 -0.831462910612964 5.105063936856068
cell 44.94830217979547 26.79645605641254 0.0 1.4491376746189442 0.690065559342354 1 0 0 0.5239009731484903 -0.8517791793264642 5.180336650542511
cell 24.802673731935013 36.64036387978958 0.0 1.0 1.0 1 0 0 0.0 1.0 0.0
cell 5.229641661192899 47.25752193552069 0.0 1.0 1.0 1 0 0 0.0 1.0 0.0
cell 11.659454309111094 35.74698666259476 0.0 1.0 1.0 1 0 0 0.0 1.0 0.0
cell 32.30654309714508 42.96838454568744 0.0 1.643167672515499 0.6085806194501844 1 0 0 0.8436179755421116 -0.5369438623750431 4.2752131724725535
cell 28.47604391911834 11.75429944778876 0.0 1.1832159566199234 0.8451542547285166 1 0 0 0.4905082507643842 0.8714365472781503 1.0253457810176414
cell 50.10091285349965 13.863866269343916 0.0 1.0 1.0 1 0 0 0.0 1.0 0.0
cell 3.1103172687050757 30.60105706036846 0.0 1.0 1.0 1 0 0 0.0 1.0 0.0
cell 3.50182022923895 17.001969157825826 0.0 1.0 1.0 1 0 0 0.0 1.0 0.0
cell 1.354347404998697 46.07340557590791 0.0 1.0 1.0 1 0 0 0.0 1.0 0.0
cell 14.895495574256634 38.02743381448616 0.0 1.0 1.0 1 0 0 0.0 1.0 0.0
cell 20.922329569715895 8.722342434247144 0.0 1.0 1.0 1 0 0 0.0 1.0 0.0
cell 49.807080973555706 46.998286539749834 0.0 1.0 1.0 1 0 0 0.0 1.0 0.0
cell 45.590859360523 38.41785817178605 0.0 1.0 1.0 1 0 0 0.0 1.0 0.0
cell 35.81749587805967 15.844140513401216 0.0 1.4142135623730954 0.7071067811865474 1 0 0 0.6584490027667552 0.7526253455441596 1.437512231434674
cell 9.11245921354233 19.31305528787091 0.0 1.0 1.0 1 0 0 0.0 1.0 0.0
cell 14.124032975099473 50.95866524990211 0.0 1.0 1.0 1 0 0 0.0 1.0 0.0
cell 49.3582691298007 50.89471331374937 0.0 1.0954451150103324 0.9128709291752768 1 0 0 0.9997646750709693 0.02169318972025747 3.098202870530006
cell 34.607969680664446 56.5886698860747 0.0 1.0 1.0 1 0 0 0.0 1.0 0.0
cell 17.911735725878668 47.43095439763605 0.0 1.341640786499874 0.7453559924999297 1 0 0 0.5725905617466387 0.8198414777252178 1.2193244278735353
cell 10.464834990146842 46.95492137311781 0.0 1.0 1.0 1 0 0 0.0 1.0 0.0
cell 44.30550186304406 56.02400089928301 0.0 1.0954451150103324 0.9128709291752768 1 0 0 0.8019961776696791 -0.5973291647016948 4.421926109138142
cell 17.867797383098274 52.50824185951237 0.0 1.643167672515499 0.6085806194501844 1 0 0 -0.5568822789030918 -0.8305914323201866 1.1812548802869944
cell 23.210472013977697 7.72556074500226 0.0 1.0 1.0 1 0 0 0.0 1.0 0.0
cell 29.325343011285746 40.467968115737584 0.0 1.643167672515499 0.6085806194501844 1 0 0 0.5628820024566814 -0.8265372655303307 5.0874482750936
cell 4.394500998403769 25.455663077289614 0.0 1.0 1.0 1 0 0 0.0 1.0 0.0
cell 14.245552831691041 13.446940664760403 0.0 1.0 1.0 1 0 0 0.0 1.0 0.0
cell 15.573623274833052 49.85913251605374 0.0 1.0 1.0 1 0 0 0.0 1.0 0.0
cell 24.297675586771707 23.294901423604905 0.0 1.0 1.0 1 0 0 0.0 1.0 0.0
cell 12.433793446689787 1.4067208099427364 0.0 1.0 1.0 1 0 0 0.0 1.0 0.0
cell 47.6221760634553 45.9825768086618 0.0 1.30384048104053 0.7669649888473703 1 0 0 0.9843198804288812 0.17639266705981047 2.786951770736641
cell 9.251137152022887 4.104445084325425 0.0 1.0 1.0 1 0 0 0.0 1.0 0.0
cell 7.648859102483819 9.31126676499825 0.0 1.0 1.0 1 0 0 0.0 1.0 0.0
cell 30.08923278076378 44.856498245595816 0.0 1.0 1.0 1 0 0 0.0 1.0 0.0
cell 37.13131838000076 54.79158145468281 0.0 1.0488088481701516 0.9534625892455922 1 0 0 0.5685577038298866 0.8226433841074071 1.2095030897139967
cell 24.585664268688856 50.839194885055754 0.0 1.0 1.0 1 0 0 0.0 1.0 0.0
cell 29.413697655459146 46.345668187822916 0.0 1.643167672515499 0.6085806194501844 1 0 0 0.9697826239071662 -0.24397061783692717 3.634508841546109
cell 6.479319654453149 12.558106642968353 0.0 1.0 1.0 1 0 0 0.0 1.0 0.0
cell 39.324534742064294 26.454134618500092 0.0 1.0 1.0 1 0 0 0.0 1.0 0.0
cell 57.122234676955465 13.531008564580475 0.0 1.0 1.0 1 0 0 0.0 1.0 0.0
cell 22.238948904774134 53.3189373979418 0.0 1.0 1.0 1 0 0 0.0 1.0 0.0
cell 39.901644701505354 42.89311196605616 0.0 1.0 1.0 1 0 0 0.0 1.0 0.0
cell 29.47889696358423 47.8858906993862 0.0 1.58113883008419 0.6324555320336757 1 0 0 0.9441980573746687 -0.32937824525900594 3.8128826518226235
cell 16.312464484218644 15.736780384534411 0.0 1.0 1.0 1 0 0 0.0 1.0 0.0
cell 60.85993743309047 15.316433800496178 0.0 1.0 1.0 1 0 0 0.0 1.0 0.0
cell 18.73698348880112 23.017675452495407 0.0 1.0 1.0 1 0 0 0.0 1.0 0.0
cell 56.02482502110559 3.27821919875967 0.0 1.0 1.0 1 0 0 0.0 1.0 0.0
cell 17.576200705218174 11.210017951204676 0.0 1.0 1.0 1 0 0 0.0 1.0 0.0
cell 36.23204013419062 18.913049808140542 0.0 1.5491933384829673 0.6454972243679027 1 0 0 0.5414233163211267 0.8407501368086913 1.1442582015909346
cell 12.06094672010134 6.823936798765165 0.0 1.0 1.0 1 0 0 0.0 1.0 0.0
cell 21.171231190386518 1.7595557359291816 0.0 1.0 1.0 1 0 0 0.0 1.0 0.0
cell 46.09694267628158 33.03884142976899 0.0 1.0 1.0 1 0 0 0.0 1.0 0.0
cell 11.852744527657485 29.34657444651447 0.0 1.0 1.0 1 0 0 0.0 1.0 0.0
cell 37.30188930589329 17.708387419734343 0.0 1.4142135623730954 0.7071067811865474 1 0 0 0.5711917975920787 0.8208166240784417 1.21591417728173
cell 0.9808516052947971 25.52174788694927 0.0 1.0 1.0 1 0 0 0.0 1.0 0.0
cell 4.873037589102684 31.578807645753525 0.0 1.0 1.0 1 0 0 0.0 1.0 0.0
cell 20.163998124362262 19.73554203438867 0.0 1.0 1.0 1 0 0 0.0 1.0 0.0
cell 3.9284327129921226 5.623746362022291 0.0 1.0 1.0 1 0 0 0.0 1.0 0.0
cell 22.326856212292267 22.527044661064092 0.0 1.0 1.0 1 0 0 0.0 1.0 0.0
cell 51.329111345634864 37.53653184786391 0.0 1.5165750888103104 0.6593804733957869 1 0 0 -0.5880909565662139 0.8087947989478144 5.025792399429866
cell 25.870491266392527 60.06150217685235 0.0 1.0 1.0 1 0 0 0.0 1.0 0.0
cell 56.88348420290817 53.029044048368384 0.0 1.0 1.0 1 0 0 0.0 1.0 0.0
cell 6.662322143720454 32.52433674863144 0.0 1.0 1.0 1 0 0 0.0 1.0 0.0
cell 36.06138283364019 32.918838847525315 0.0 1.4142135623730954 0.7071067811865474 1 0 0 0.726174430254081 -0.6875105067161962 4.6577031214133235
cell 45.67190825879395 28.03458779968298 0.0 1.0 1.0 1 0 0 0.0 1.0 0.0
cell 26.917637594525587 12.858991181638453 0.0 1.0954451150103324 0.9128709291752768 1 0 0 0.1707170011631083 0.98532010307 0.34311461361597717
cell 57.45686573761291 15.59237798789947 0.0 1.0 1.0 1 0 0 0.0 1.0 0.0
cell 47.850239677921955 58.073054636936654 0.0 1.0488088481701516 0.9534625892455922 1 0 0 0.9256610591778747 0.37835380733077767 2.3655581497846825
cell 34.3556672228407 51.76482738901157 0.0 1.643167672515499 0.6085806194501844 1 0 0 0.6721125273167223 -0.740449019598195 4.809069023146968
cell 31.119042835412174 57.20679829080462 0.0 1.6124515496597105 0.6201736729460421 1 0 0 0.92980681772072 -0.36804793399782537 3.8954100821598074
cell 22.998715278423496 30.47682155722493 0.0 1.0 1.0 1 0 0 0.0 1.0 0.0
cell 14.841859038453537 21.264271654819982 0.0 1.0 1.0 1 0 0 0.0 1.0 0.0
cell 7.504733244140416 20.55393279723855 0.0 1.0 1.0 1 0 0 0.0 1.0 0.0
cell 28.088497925009783 39.57186906622953 0.0 1.0 1.0 1 0 0 0.0 1.0 0.0
cell 24.32507706147933 2.501152025995294 0.0 1.643167672515499 0.6085806194501844 1 0 0 0.38828834476727264 -0.9215379326527431 5.48563835842882
cell 22.53446971517197 59.37087213237203 0.0 1.0 1.0 1 0 0 0.0 1.0 0.0
cell 10.778993582191847 60.162167232584835 0.0 1.0 1.0 1 0 0 0.0 1.0 0.0
cell 57.296340208552344 59.09570660163042 0.0 1.0 1.0 1 0 0 0.0 1.0 0.0
cell 38.754499982567935 29.786211033590742 0.0 1.4491376746189442 0.690065559342354 1 0 0 -0.010665435477694824 0.9999431226255177 6.26185403180035
cell 46.213239847412495 36.45476440682778 0.0 1.0 1.0 1 0 0 0.0 1.0 0.0
cell 53.75613526540634 59.30705208991808 0.0 1.0 1.0 1 0 0 0.0 1.0 0.0
cell 15.91338725365372 58.85042266422395 0.0 1.0 1.0 1 0 0 0.0 1.0 0.0
cell 7.326735546246838 3.2863030758260887 0.0 1.0 1.0 1 0 0 0.0 1.0 0.0
cell 43.97412017134381 0.29500407184674227 0.0 1.5491933384829673 0.6454972243679027 1 0 0 0.9247535496843994 -0.38056651500901006 3.922410315964827
cell 45.90055240861712 44.35839203153291 0.0 1.6124515496597105 0.6201736729460421 1 0 0 0.7567010086854202 -0.6537611057981865 4.566681112310525
cell 53.39340462441409 24.971546788114832 0.0 1.0 1.0 1 0 0 0.0 1.0 0.0
cell 13.099797827731173 46.074597809392216 0.0 1.4491376746189442 0.690065559342354 1 0 0 0.06212056200587495 0.9980686528371053 0.12432117010133753
cell 29.78096352925449 30.00598653309276 0.0 1.643167672515499 0.6085806194501844 1 0 0 0.8105393246733321 0.5856842179520451 1.8901447495473294
cell 27.10391824639154 37.995333600768326 0.0 1.643167672515499 0.6085806194501844 1 0 0 0.8339292429252062 0.5518713779443472 1.97237940401624
cell 39.079095616957176 23.75315778986217 0.0 1.643167672515499 0.6085806194501844 1 0 0 -0.03552487473365255 0.9993687924260785 6.212120604890216
cell 14.448023890440053 10.08070385701204 0.0 1.0 1.0 1 0 0 0.0 1.0 0.0
cell 0.31073681845592077 19.385050799828157 0.0 1.0 1.0 1 0 0 0.0 1.0 0.0
cell 52.38159724042178 17.129830623766733 0.0 1.0 1.0 1 0 0 0.0 1.0 0.0
cell 44.06987249835216 4.410285439713306 0.0 1.0 1.0 1 0 0 0.0 1.0 0.0
cell 56.831858430818734 48.9945931599925 0.0 1.0 1.0 1 0 0 0.0 1.0 0.0
cell 2.9685128415402073 28.53995752431621 0.0 1.0 1.0 1 0 0 0.0 1.0 0.0
cell 40.071641992268276 57.27371652562894 0.0 1.1832159566199234 0.8451542547285166 1 0 0 0.9013320102876157 0.43312885753651353 2.2456701255188687
cell 27.663378075654304 20.08636362027904 0.0 1.341640786499874 0.7453559924999297 1 0 0 0.964543707990608 -0.2639231618780907 3.6757673119800227
cell 6.742412046679354 34.60615165932431 0.0 1.0 1.0 1 0 0 0.0 1.0 0.0
cell 47.87922283156651 11.055111421858511 0.0 1.0 1.0 1 0 0 0.0 1.0 0.0
cell 3.426952241983845 39.03329255613657 0.0 1.0 1.0 1 0 0 0.0 1.0 0.0
cell 22.794240493527862 26.429056445036498 0.0 1.0 1.0 1 0 0 0.0 1.0 0.0
cell 33.15722395555776 59.34445287211055 0.0 1.643167672515499 0.6085806194501844 1 0 0 0.961397018585014 -0.2751649916974289 3.699115283166042
cell 48.09311630071205 32.95773826392653 0.0 1.0 1.0 1 0 0 0.0 1.0 0.0
cell 40.94185159647216 41.18750634821446 0.0 1.0 1.0 1 0 0 0.0 1.0 0.0
cell 56.00079335285751 36.04850091611818 0.0 1.0 1.0 1 0 0 0.0 1.0 0.0
cell 43.22286274007821 1.9670607055648042 0.0 1.1832159566199234 0.8451542547285166 1 0 0 0.9167337384929369 -0.3994987518237868 3.9635326629850636
cell 44.00294051676638 9.787270240430642 0.0 1.0 1.0 1 0 0 0.0 1.0 0.0
cell 4.955967171894324 33.577215895714154 0.0 1.0 1.0 1 0 0 0.0 1.0 0.0
cell 7.112210219366647 58.96780025357425 0.0 1.58113883008419 0.6324555320336757 1 0 0 0.9089120637450679 0.4169878420034349 2.281335123467145
cell 38.68367564352508 53.50733294631191 0.0 1.0 1.0 1 0 0 0.0 1.0 0.0
cell 37.637906552927795 3.7740750864552637 0.0 1.0 1.0 1 0 0 0.0 1.0 0.0
cell 50.892662516068036 29.56210473324907 0.0 1.0 1.0 1 0 0 0.0 1.0 0.0
cell 15.097065586597843 56.99362588945262 0.0 1.0 1.0 1 0 0 0.0 1.0 0.0
cell 18.787712723479356 33.68797042208456 0.0 1.0 1.0 1 0 0 0.0 1.0 0.0
cell 59.138974815048954 59.968387250578154 0.0 1.0 1.0 1 0 0 0.0 1.0 0.0
cell 8.810082166982886 45.81696573039206 0.0 1.0 1.0 1 0 0 0.0 1.0 0.0
cell 15.430128436430607 8.284769288823762 0.0 1.5165750888103104 0.6593804733957869 1 0 0 -0.15747858158069453 0.9875224029576911 5.966911601229151
cell 7.042604104076513 49.95594773954944 0.0 1.0 1.0 1 0 0 0.0 1.0 0.0
cell 55.11508818940662 54.12354328284196 0.0 1.0 1.0 1 0 0 0.0 1.0 0.0
cell 32.92857434609413 57.289331109165985 0.0 1.643167672515499 0.6085806194501844 1 0 0 0.30957954745476157 0.9508735477431818 0.6295016511155921
cell 8.960135036733746 2.1276616320499273 0.0 1.0 1.0 1 0 0 0.0 1.0 0.0
cell 23.03049120340123 35.789922347721166 0.0 1.5165750888103104 0.6593804733957869 1 0 0 0.9712155975087129 0.2382021476725048 2.66056406680286
cell 4.774101281576147 45.31147677736229 0.0 1.0 1.0 1 0 0 0.0 1.0 0.0
cell 52.03636277401606 0.8032877556585575 0.0 1.0 1.0 1 0 0 0.0 1.0 0.0
cell 56.28634509557023 20.77911563500307 0.0 1.0 1.0 1 0 0 0.0 1.0 0.0
cell 1.296709911091214 47.95090286347176 0.0 1.0 1.0 1 0 0 0.0 1.0 0.0
cell 10.400174021989464 6.413344787367177 0.0 1.0 1.0 1 0 0 0.0 1.0 0.0
cell 30.737788219700356 15.524995777680925 0.0 1.140175425099138 0.8770580193070291 1 0 0 0.2440786261646822 -0.9697554455890214 5.790046368601683
cell 40.18521401592448 8.382065541941056 0.0 1.0 1.0 1 0 0 0.0 1.0 0.0
cell 39.732348296572226 49.6394027247782 0.0 1.1832159566199234 0.8451542547285166 1 0 0 0.380690095038389 -0.9247026827795313 5.502100366180651
cell 41.07621123915104 0.6695392951471159 0.0 1.3784048752090226 0.7254762501100115 1 0 0 0.9231015612473753 -0.3845562476708163 3.9310467646527547
cell 24.773726801925683 29.386578280001157 0.0 1.0 1.0 1 0 0 0.0 1.0 0.0
cell 18.007090029310863 1.9624168613999253 0.0 1.0 1.0 1 0 0 0.0 1.0 0.0
cell 23.73934381489424 46.08136803640574 0.0 1.30384048104053 0.7669649888473703 1 0 0 0.6668217644190239 0.7452172398013212 1.4598715221333673
cell 1.1870893983263613 53.69178397975894 0.0 1.0 1.0 1 0 0 0.0 1.0 0.0
cell 20.68646736340683 46.61814503022726 0.0 1.30384048104053 0.7669649888473703 1 0 0 0.702147481534021 0.7120315401549511 1.5568180432400591
cell 20.93643446703736 25.669694186046097 0.0 1.0 1.0 1 0 0 0.0 1.0 0.0
cell 49.41309593856202 9.746698473098858 0.0 1.0 1.0 1 0 0 0.0 1.0 0.0
cell 25.145774400753357 8.382012715755472 0.0 1.0 1.0 1 0 0 0.0 1.0 0.0
cell 50.983967698011526 34.12327718610076 0.0 1.643167672515499 0.6085806194501844 1 0 0 -0.7881991009038727 0.6154203257403241 4.467430911813317
cell 47.83197746794138 22.141877198954514 0.0 1.0 1.0 1 0 0 0.0 1.0 0.0
cell 51.62226091555818 23.91816078241815 0.0 1.0 1.0 1 0 0 0.0 1.0 0.0
cell 33.80495479107642 22.423790424038604 0.0 1.58113883008419 0.6324555320336757 1 0 0 0.3255053086396606 0.9455402128135002 0.6630921832062863
cell 29.938853530464307 26.832974924134167 0.0 1.643167672515499 0.6085806194501844 1 0 0 0.7051004051072414 0.7091074803706446 1.5651294590293476
cell 45.61804966624604 19.509984866204732 0.0 1.0 1.0 1 0 0 0.0 1.0 0.0
cell 0.5474792028137707 21.430932030610908 0.0 1.0 1.0 1 0 0 0.0 1.0 0.0
cell 39.69502854296093 39.844446372796504 0.0 1.0 1.0 1 0 0 0.0 1.0 0.0
cell 55.669423889548895 29.91370279048754 0.0 1.0 1.0 1 0 0 0.0 1.0 0.0
cell 23.5824953270438 52.399305671875986 0.0 1.0 1.0 1 0 0 0.0 1.0 0.0
cell 44.31169879918682 29.513702851598584 0.0 1.0 1.0 1 0 0 0.0 1.0 0.0
cell 50.520012778671074 15.95284342532416 0.0 1.0 1.0 1 0 0 0.0 1.0 0.0
cell 6.457495444228763 28.439414466922965 0.0 1.0 1.0 1 0 0 0.0 1.0 0.0
cell 55.870656029949885 16.726205630687254 0.0 1.0 1.0 1 0 0 0.0 1.0 0.0
cell 46.0909353329347 0.15132009816512498 0.0 1.140175425099138 0.8770580193070291 1 0 0 0.9996842039076376 0.025129513675218366 3.0913283350361596
cell 22.7537127073175 0.9486485653252862 0.0 1.0 1.0 1 0 0 0.0 1.0 0.0
cell 45.02447377666973 34.7885701808812 0.0 1.0 1.0 1 0 0 0.0 1.0 0.0
cell 6.603200856634643 30.456045882215133 0.0 1.0 1.0 1 0 0 0.0 1.0 0.0
cell 0.47152601129807326 5.899483695637158 0.0 1.0 1.0 1 0 0 0.0 1.0 0.0
cell 5.352165630624729 17.75572758727298 0.0 1.0 1.0 1 0 0 0.0 1.0 0.0
cell 0.7991380358202201 23.5066306290361 0.0 1.0 1.0 1 0 0 0.0 1.0 0.0
cell 10.124223697096431 32.37312843463489 0.0 1.0 1.0 1 0 0 0.0 1.0 0.0
cell 60.54280036182083 47.03116346121183 0.0 1.0 1.0 1 0 0 0.0 1.0 0.0
cell 19.63794758146751 13.808164880651631 0.0 1.0 1.0 1 0 0 0.0 1.0 0.0
cell 26.463251704833276 10.888317891541876 0.0 1.0 1.0 1 0 0 0.0 1.0 0.0
cell 22.936532075170597 11.435597967813392 0.0 1.0 1.0 1 0 0 0.0 1.0 0.0
cell 43.61080718882827 38.63375994099939 0.0 1.0 1.0 1 0 0 0.0 1.0 0.0
cell 48.93899053390534 17.176108222226237 0.0 1.0 1.0 1 0 0 0.0 1.0 0.0
cell 22.321586820095494 45.26262002840492 0.0 1.643167672515499 0.6085806194501844 1 0 0 0.8495535110349374 0.5275024472817263 2.030276590726614
cell 11.83842955303885 31.407524647861305 0.0 1.0 1.0 1 0 0 0.0 1.0 0.0
cell 4.621914221585519 53.2788335486068 0.0 1.0 1.0 1 0 0 0.0 1.0 0.0
cell 49.21200489995912 28.962802005811017 0.0 1.0 1.0 1 0 0 0.0 1.0 0.0
cell 3.5060529930974074 60.576668334437606 0.0 1.0 1.0 1 0 0 0.0 1.0 0.0
cell 23.211016526269553 13.378586519122564 0.0 1.0 1.0 1 0 0 0.0 1.0 0.0
cell 27.30345716767099 55.97290400385534 0.0 1.0 1.0 1 0 0 0.0 1.0 0.0
cell 3.170273291672083 32.616301112968706 0.0 1.0 1.0 1 0 0 0.0 1.0 0.0
cell 35.311474185914115 59.17095899376082 0.0 1.643167672515499 0.6085806194501844 1 0 0 0.19677104338995258 0.9804494665627747 0.3961269650053692
cell 51.4722519672241 12.394603206802849 0.0 1.0 1.0 1 0 0 0.0 1.0 0.0
cell 9.466389198554129 9.914220538806264 0.0 1.0 1.0 1 0 0 0.0 1.0 0.0
cell 41.26564559850768 4.67783477204242 0.0 1.0954451150103324 0.9128709291752768 1 0 0 0.36220784992679905 -0.9320973519173871 5.5419143136282
cell 23.43838168483991 56.189935502373885 0.0 1.0 1.0 1 0 0 0.0 1.0 0.0
cell 37.74800658029883 45.572909694598735 0.0 1.264911064067352 0.7905694150420947 1 0 0 0.5444236553687583 -0.8388103978104465 5.131781579614998
cell 18.392683654930345 35.78058745103056 0.0 1.0 1.0 1 0 0 0.0 1.0 0.0
cell 55.16919342405383 46.01253472478422 0.0 1.0 1.0 1 0 0 0.0 1.0 0.0
cell 53.22611714693481 51.11257949292336 0.0 1.0 1.0 1 0 0 0.0 1.0 0.0
cell 1.4125966162904764 14.12586714576747 0.0 1.0 1.0 1 0 0 0.0 1.0 0.0
cell 61.01888929622545 36.96987323331958 0.0 1.0 1.0 1 0 0 0.0 1.0 0.0
cell 53.4921024256527 31.975688261193564 0.0 1.0 1.0 1 0 0 0.0 1.0 0.0
cell 10.547633566839469 44.89012618963886 0.0 1.4491376746189442 0.690065559342354 1 0 0 0.41924817280339866 0.9078716702271371 0.8652340820180837
cell 33.477710961889805 34.42612595062526 0.0 1.643167672515499 0.6085806194501844 1 0 0 -0.4702119646781385 0.8825535158127947 5.30412343779565
cell 49.52183057547161 54.88059980187452 0.0 1.0488088481701516 0.9534625892455922 1 0 0 0.9790160402498739 -0.20378320081267082 3.5520339863959767
cell 36.263860626463746 28.723468164484167 0.0 1.643167672515499 0.6085806194501844 1 0 0 0.21913388818457694 0.9756947981049757 0.4418533892828963
cell 23.725500346353257 60.1699194902786 0.0 1.643167672515499 0.6085806194501844 1 0 0 0.9483201827005314 0.3173150344418472 2.4957989431919563
cell 60.5861688093158 45.133267799203274 0.0 1.0 1.0 1 0 0 0.0 1.0 0.0
cell 59.23031738206423 40.06088718991163 0.0 1.0 1.0 1 0 0 0.0 1.0 0.0
cell 54.36636498841396 37.03867419853578 0.0 1.0 1.0 1 0 0 0.0 1.0 0.0
cell 41.242042533626844 14.926109322490566 0.0 1.0 1.0 1 0 0 0.0 1.0 0.0
cell 52.58231022008253 35.370683318371796 0.0 1.0 1.0 1 0 0 0.0 1.0 0.0
cell 39.74638439780311 28.29790793870247 0.0 1.0 1.0 1 0 0 0.0 1.0 0.0
cell 58.78422977605189 46.06391226054071 0.0 1.0 1.0 1 0 0 0.0 1.0 0.0
cell 41.05484557399946 18.522849478324698 0.0 1.0 1.0 1 0 0 0.0 1.0 0.0
cell 49.50925013268958 52.86488567613936 0.0 1.0 1.0 1 0 0 0.0 1.0 0.0
cell 49.14621763064355 38.55457382391017 0.0 1.0 1.0 1 0 0 0.0 1.0 0.0
cell 54.46530544899892 4.552740482296789 0.0 1.0 1.0 1 0 0 0.0 1.0 0.0
cell 55.084791688688775 48.03091038453098 0.0 1.0 1.0 1 0 0 0.0 1.0 0.0
cell 55.215521046035605 25.889789620366322 0.0 1.0 1.0 1 0 0 0.0 1.0 0.0
cell 22.62315546344369 9.498773627441434 0.0 1.0 1.0 1 0 0 0.0 1.0 0.0
cell 44.204278226919065 23.818268573528513 0.0 1.4832396974191329 0.6741998624632419 1 0 0 -0.15993008267203418 -0.9871283445715234 0.32123964706162944
cell 45.10343373915241 31.210906423028327 0.0 1.0 1.0 1 0 0 0.0 1.0 0.0
cell 22.904056775092346 32.42736355513113 0.0 1.0488088481701516 0.9534625892455922 1 0 0 0.06416031500153539 0.9979396043743849 0.12840883312225904
cell 27.473384002848107 0.1513875821980922 0.0 1.5165750888103104 0.6593804733957869 1 0 0 0.18949800196083105 -0.9818811064751439 5.901883587678486
cell 26.643430177412498 40.72484600131605 0.0 1.2247448713915894 0.8164965809277259 1 0 0 0.4410975300625658 0.8974591739865964 0.913642473482791
cell 49.345696343616524 48.913851981409834 0.0 1.140175425099138 0.8770580193070291 1 0 0 0.9745967463314094 -0.22396692175459854 3.5933584555898395
cell 5.894101460240883 24.612344803739784 0.0 1.0 1.0 1 0 0 0.0 1.0 0.0
cell 8.94172534517173 39.339529005376264 0.0 1.30384048104053 0.7669649888473703 1 0 0 0.8571424798497798 0.5150793814908241 2.059392136684586
cell 49.7348395587354 22.904516112466666 0.0 1.0 1.0 1 0 0 0.0 1.0 0.0
cell 38.942386443003684 31.459343102338078 0.0 1.0 1.0 1 0 0 0.0 1.0 0.0
cell 19.604635074750664 49.333577659133205 0.0 1.643167672515499 0.6085806194501844 1 0 0 0.7441996608871305 0.6679572327144007 1.6786717016429786
cell 57.602061702227516 34.988093462509745 0.0 1.0 1.0 1 0 0 0.0 1.0 0.0
cell 33.23184421411197 36.41179814435852 0.0 1.643167672515499 0.6085806194501844 1 0 0 -0.4693345995893034 0.8830204038573221 5.306111154099889
cell 45.46782795810913 8.43186612820449 0.0 1.0 1.0 1 0 0 0.0 1.0 0.0
cell 57.127519046351274 57.06786791242133 0.0 1.0 1.0 1 0 0 0.0 1.0 0.0
cell 33.17887959693364 1.1799169968665617 0.0 1.643167672515499 0.6085806194501844 1 0 0 -0.26184452278306986 -0.9651100693125663 0.5298658267947003
cell 59.69468240203647 5.061257244286766 0.0 1.0 1.0 1 0 0 0.0 1.0 0.0
cell 0.33323750123193335 3.884617402135243 0.0 1.0 1.0 1 0 0 0.0 1.0 0.0
cell 60.22328159999202 24.647281006557648 0.0 1.0 1.0 1 0 0 0.0 1.0 0.0
cell 50.83482711252556 6.611679040384607 0.0 1.0 1.0 1 0 0 0.0 1.0 0.0
cell 23.760049782111153 5.049020684980657 0.0 1.58113883008419 0.6324555320336757 1 0 0 0.559442867186769 -0.828868915060667 5.095758333041644
cell 4.760725711115592 29.48887441370441 0.0 1.0 1.0 1 0 0 0.0 1.0 0.0
cell 15.799689365870316 47.293690351385635 0.0 1.5491933384829673 0.6454972243679027 1 0 0 0.25193573290660964 0.9677439674236205 0.5093599781688787
cell 47.954631572822954 5.894647629712197 0.0 1.0 1.0 1 0 0 0.0 1.0 0.0
cell 43.134393466949774 35.4999805715848 0.0 1.0 1.0 1 0 0 0.0 1.0 0.0
cell 54.32095785272374 35.270140116006196 0.0 1.0 1.0 1 0 0 0.0 1.0 0.0
cell 29.280593011506095 55.74285160210199 0.0 1.6124515496597105 0.6201736729460421 1 0 0 0.7965219621228786 -0.6046095962320805 4.440143934784469
cell 12.40897449691955 16.263972693347277 0.0 1.0 1.0 1 0 0 0.0 1.0 0.0
cell 28.27621366756105 26.90186038704608 0.0 1.0 1.0 1 0 0 0.0 1.0 0.0
cell 2.137467185323322 4.757696220186832 0.0 1.0 1.0 1 0 0 0.0 1.0 0.0
cell 11.81509887510463 27.360023403916927 0.0 1.0 1.0 1 0 0 0.0 1.0 0.0
cell 3.8395761179788033 3.5540024693019854 0.0 1.0 1.0 1 0 0 0.0 1.0 0.0
cell 53.39622932962766 11.725961804656322 0.0 1.0 1.0 1 0 0 0.0 1.0 0.0
cell 6.4780674638733045 55.99175099656352 0.0 1.0 1.0 1 0 0 0.0 1.0 0.0
cell 1.7147537180917871 42.12374039703872 0.0 1.0 1.0 1 0 0 0.0 1.0 0.0
cell 27.31813416064678 21.751233703056965 0.0 1.5491933384829673 0.6454972243679027 1 0 0 0.07203311119972514 -0.997402241270235 6.138994205245437
cell 25.574304454355723 2.8596950950149873 0.0 1.58113883008419 0.6324555320336757 1 0 0 0.46630049084471176 -0.8846263913302501 5.312977018418707
cell 2.769608287373322 10.89814325488993 0.0 1.0 1.0 1 0 0 0.0 1.0 0.0
cell 58.729192580888366 12.390183054595369 0.0 1.0 1.0 1 0 0 0.0 1.0 0.0
cell 60.81439820924497 32.86709867032384 0.0 1.0 1.0 1 0 0 0.0 1.0 0.0
cell 51.62307632630473 45.93440867713841 0.0 1.0 1.0 1 0 0 0.0 1.0 0.0
cell 40.54444714205886 37.297122912735226 0.0 1.643167672515499 0.6085806194501844 1 0 0 -0.8110537422700732 -0.5849716464493897 1.891902456758384
cell 60.55416541345106 28.750481232015222 0.0 1.0 1.0 1 0 0 0.0 1.0 0.0
cell 12.548670003399279 18.33746124422867 0.0 1.0 1.0 1 0 0 0.0 1.0 0.0
cell 30.53009352760903 53.276156650560516 0.0 1.264911064067352 0.7905694150420947 1 0 0 0.32849247956341443 0.9445065859327185 0.6694140762695081
cell 53.99919476879881 28.78145644587417 0.0 1.0 1.0 1 0 0 0.0 1.0 0.0
cell 46.73126941517168 7.115629172494861 0.0 1.0 1.0 1 0 0 0.0 1.0 0.0
cell 13.436075124989282 36.63873322747018 0.0 1.0 1.0 1 0 0 0.0 1.0 0.0
cell 23.98904150350028 38.486256841905856 0.0 1.0 1.0 1 0 0 0.0 1.0 0.0
cell 43.543700622625614 7.839700925563688 0.0 1.0 1.0 1 0 0 0.0 1.0 0.0
cell 25.681243248999426 20.369751744362723 0.0 1.0954451150103324 0.9128709291752768 1 0 0 0.5299292113641092 0.8480418804180683 1.117034180246217
cell 52.14175657737998 27.996572737565817 0.0 1.0 1.0 1 0 0 0.0 1.0 0.0
cell 44.54667511811424 22.429241230657638 0.0 1.0 1.0 1 0 0 0.0 1.0 0.0
cell 31.326494046624386 6.122702788960343 0.0 1.0 1.0 1 0 0 0.0 1.0 0.0
cell 38.57716287212154 9.658964102036999 0.0 1.0 1.0 1 0 0 0.0 1.0 0.0
cell 20.017751717412725 51.9489598241321 0.0 1.643167672515499 0.6085806194501844 1 0 0 0.7125619528765584 0.7016091955731092 1.5862860195704764
cell 26.972334236466523 32.029664700939165 0.0 1.1832159566199234 0.8451542547285166 1 0 0 0.1053820891077224 0.9944318052512661 0.2111562435899066
cell 55.02880372106901 50.05828944418553 0.0 1.0 1.0 1 0 0 0.0 1.0 0.0
cell 56.86542816798134 11.489631638364116 0.0 1.0 1.0 1 0 0 0.0 1.0 0.0
cell 30.86740271768712 23.182009034053884 0.0 1.58113883008419 0.6324555320336757 1 0 0 0.775009155590498 -0.6319500049457261 4.509726141758055
cell 19.035313380034676 27.20591925427081 0.0 1.0488088481701516 0.9534625892455922 1 0 0 0.8398216257851538 0.5428624474612156 1.9939091158832687
cell 11.563743712186728 33.70222042677248 0.0 1.0 1.0 1 0 0 0.0 1.0 0.0
cell 18.155779558586364 7.580497714183324 0.0 1.643167672515499 0.6085806194501844 1 0 0 0.30673257408113347 -0.951795738589726 5.659668871191727
cell 46.37508917431491 12.432703777502013 0.0 1.0 1.0 1 0 0 0.0 1.0 0.0
cell 6.953736964377813 16.564586709583196 0.0 1.0 1.0 1 0 0 0.0 1.0 0.0
cell 24.156966945186152 48.85205580624608 0.0 1.0 1.0 1 0 0 0.0 1.0 0.0
cell 58.063515556804774 6.206872225404967 0.0 1.0 1.0 1 0 0 0.0 1.0 0.0
cell 30.990825554679805 31.56233368074965 0.0 1.643167672515499 0.6085806194501844 1 0 0 -0.12538356290692068 0.9921083419429383 6.0317564358497275
cell 4.5189104470627255 51.2623263045078 0.0 1.0 1.0 1 0 0 0.0 1.0 0.0
cell 57.26386568519559 43.06061325411687 0.0 1.0 1.0 1 0 0 0.0 1.0 0.0
cell 58.2963679767596 8.298330107464365 0.0 1.0 1.0 1 0 0 0.0 1.0 0.0
cell 8.19680442037037 53.74105862766207 0.0 1.0 1.0 1 0 0 0.0 1.0 0.0
cell 25.903337857886648 4.8889692313722 0.0 1.0 1.0 1 0 0 0.0 1.0 0.0
cell 34.48803187319277 19.612387288930016 0.0 1.30384048104053 0.7669649888473703 1 0 0 0.037256866682485096 0.9993057219314836 0.07453098257232331
cell 49.82085061492126 44.99298366125969 0.0 1.0 1.0 1 0 0 0.0 1.0 0.0
cell 16.603678153605195 45.388714324323075 0.0 1.264911064067352 0.7905694150420947 1 0 0 0.7242927518956315 0.6894925739639646 1.6200161785695801
cell 9.980582020931118 28.25804371803337 0.0 1.0 1.0 1 0 0 0.0 1.0 0.0
cell 24.80970627983721 31.532089455909404 0.0 1.0488088481701516 0.9534625892455922 1 0 0 0.5900507372522548 0.8073661669082194 1.2622433645219562
cell 10.817170866659996 8.401961710963597 0.0 1.0 1.0 1 0 0 0.0 1.0 0.0
cell 12.909401366259456 38.57754164259835 0.0 1.0488088481701516 0.9534625892455922 1 0 0 0.29267663596700894 0.9562114759607495 0.5940497049537287
cell 19.34164044555753 53.491295495421795 0.0 1.6124515496597105 0.6201736729460421 1 0 0 0.5578547838156854 0.8299385761452198 1.183597517388274
cell 11.25767595672341 21.493065418824173 0.0 1.0 1.0 1 0 0 0.0 1.0 0.0
cell 26.529798923592896 6.8618511946489615 0.0 1.0 1.0 1 0 0 0.0 1.0 0.0
cell 5.630426770231941 19.765192359321645 0.0 1.0 1.0 1 0 0 0.0 1.0 0.0
cell 54.47215926826044 19.90773788677744 0.0 1.0 1.0 1 0 0 0.0 1.0 0.0
cell 16.835347693098537 60.46279082503978 0.0 1.0 1.0 1 0 0 0.0 1.0 0.0
cell 41.713709493010185 58.25458822745776 0.0 1.0 1.0 1 0 0 0.0 1.0 0.0
cell 45.84168864630317 52.75450084151076 0.0 1.1832159566199234 0.8451542547285166 1 0 0 0.4197988354926657 0.9076171757514298 0.866447336891227
cell 14.633953676165131 5.490266904384146 0.0 1.0 1.0 1 0 0 0.0 1.0 0.0
cell 4.749503112733677 55.27706827536066 0.0 1.0 1.0 1 0 0 0.0 1.0 0.0
cell 46.767825222594006 14.431144749698362 0.0 1.0 1.0 1 0 0 0.0 1.0 0.0
cell 45.386374998763586 17.702848062805074 0.0 1.0 1.0 1 0 0 0.0 1.0 0.0
cell 53.40751555030158 55.20446331541331 0.0 1.0 1.0 1 0 0 0.0 1.0 0.0
cell 38.4084861850961 7.732433350322319 0.0 1.0 1.0 1 0 0 0.0 1.0 0.0
cell 1.6078362467032412 59.69994560414533 0.0 1.0 1.0 1 0 0 0.0 1.0 0.0
cell 52.43810245820738 13.510224493629982 0.0 1.643167672515499 0.6085806194501844 1 0 0 -0.3113122355631174 0.9503076827999941 5.65003815904184
cell 14.281259153733329 48.35747444843825 0.0 1.0 1.0 1 0 0 0.0 1.0 0.0
cell 17.324796982989966 28.34256158032028 0.0 1.0488088481701516 0.9534625892455922 1 0 0 0.4216095472650769 0.9067774752688429 0.8704392163211416
cell 27.212276413809022 47.98802222808515 0.0 1.264911064067352 0.7905694150420947 1 0 0 0.9528295725962129 0.3035058575812307 2.524852801728835
cell 3.261359026909583 58.57728480751949 0.0 1.0 1.0 1 0 0 0.0 1.0 0.0
cell 12.220791539979741 58.7620743407433 0.0 1.0 1.0 1 0 0 0.0 1.0 0.0
cell 16.68272588254286 42.80794484496991 0.0 1.341640786499874 0.7453559924999297 1 0 0 0.5747865594645185 0.8183033734862283 1.2246865822662218
cell 6.461084526998903 57.742805447197156 0.0 1.0 1.0 1 0 0 0.0 1.0 0.0
cell 50.202523651816094 40.291899524170894 0.0 1.4491376746189442 0.690065559342354 1 0 0 -0.6573911858872148 0.7535494865752358 4.848482355738332
cell 14.821054543866268 60.81026912234383 0.0 1.0 1.0 1 0 0 0.0 1.0 0.0
cell 26.571958767117767 27.993833293844332 0.0 1.0 1.0 1 0 0 0.0 1.0 0.0
cell 9.854964756546666 52.62358994582285 0.0 1.0 1.0 1 0 0 0.0 1.0 0.0
cell 26.33229839635848 35.49467948760686 0.0 1.2247448713915894 0.8164965809277259 1 0 0 0.4914710926793043 0.8708938885194973 1.0275562499324349
cell 56.809752701457526 50.990498663934986 0.0 1.0 1.0 1 0 0 0.0 1.0 0.0
cell 53.112030287647286 9.730542231840467 0.0 1.0 1.0 1 0 0 0.0 1.0 0.0
cell 30.172320138836195 2.152539701393284 0.0 1.0 1.0 1 0 0 0.0 1.0 0.0
cell 36.40805109879354 1.3972355851748302 0.0 1.0 1.0 1 0 0 0.0 1.0 0.0
cell 38.55856782531161 47.65629116841532 0.0 1.0954451150103324 0.9128709291752768 1 0 0 0.8395635170148679 -0.5432615400501177 4.290226759623304
cell 53.961090352660655 0.33271927653938516 0.0 1.0 1.0 1 0 0 0.0 1.0 0.0
cell 15.939113348166593 51.82889990230837 0.0 1.0 1.0 1 0 0 0.0 1.0 0.0
cell 5.145180211019563 59.35918216734843 0.0 1.0 1.0 1 0 0 0.0 1.0 0.0
cell 35.339798875872866 49.04740223945389 0.0 1.643167672515499 0.6085806194501844 1 0 0 0.27255017335693005 0.9621415711853986 0.5520851161439625
cell 57.52117084794999 39.037279540870244 0.0 1.0 1.0 1 0 0 0.0 1.0 0.0
cell 13.002610125168653 5.182735954675024 0.0 1.0 1.0 1 0 0 0.0 1.0 0.0
cell 59.90566440212344 7.1022454253477525 0.0 1.0 1.0 1 0 0 0.0 1.0 0.0
cell 44.84878141382726 13.765338481326504 0.0 1.0 1.0 1 0 0 0.0 1.0 0.0
cell 14.72247350938557 45.302415489568986 0.0 1.643167672515499 0.6085806194501844 1 0 0 0.3646902121833435 0.9311289111275989 0.746600160141719
cell 52.32389524590435 15.271554285870481 0.0 1.0 1.0 1 0 0 0.0 1.0 0.0
cell 26.28395925974911 57.90829150988658 0.0 1.0488088481701516 0.9534625892455922 1 0 0 0.7263990917148959 0.6872731331543335 1.626135849229515
cell 36.85318077053202 12.732633653239454 0.0 1.0 1.0 1 0 0 0.0 1.0 0.0
cell 3.732327910754479 19.029209854983637 0.0 1.0 1.0 1 0 0 0.0 1.0 0.0
cell 32.984251650942724 39.898135708540295 0.0 1.643167672515499 0.6085806194501844 1 0 0 0.4795191811561614 0.8775313982435754 1.0002134164595498
cell 25.87591923477902 43.02188604345677 0.0 1.643167672515499 0.6085806194501844 1 0 0 0.7143086614556257 0.6998307910984428 1.591271485066585
cell 12.848767112059988 20.329393039459738 0.0 1.0 1.0 1 0 0 0.0 1.0 0.0
cell 26.48797155100451 25.712662876821863 0.0 1.0954451150103324 0.9128709291752768 1 0 0 0.6729595615116242 -0.739679274124997 4.806779940218068
cell 54.77073325806541 8.624066508098426 0.0 1.0 1.0 1 0 0 0.0 1.0 0.0
cell 8.801247356108295 5.925540704437418 0.0 1.0 1.0 1 0 0 0.0 1.0 0.0
cell 53.231456630403876 53.128219776963626 0.0 1.0488088481701516 0.9534625892455922 1 0 0 0.9857678154453888 -0.16811250409183096 3.479421870180045
cell 52.76972900663772 37.49556025811148 0.0 1.0 1.0 1 0 0 0.0 1.0 0.0
cell 35.514005704132686 8.91395606955426 0.0 1.0 1.0 1 0 0 0.0 1.0 0.0
cell 6.030462442548445 43.650382171868266 0.0 1.0 1.0 1 0 0 0.0 1.0 0.0
cell 1.7114618216645656 40.099915378494856 0.0 1.0 1.0 1 0 0 0.0 1.0 0.0
cell 52.9129358167728 7.738290999996285 0.0 1.0 1.0 1 0 0 0.0 1.0 0.0
cell 24.30586717343372 58.01591452748894 0.0 1.0 1.0 1 0 0 0.0 1.0 0.0
cell 6.2173226937888115 39.8738750835974 0.0 1.0 1.0 1 0 0 0.0 1.0 0.0
cell 16.857367622830168 22.216805576996826 0.0 1.0 1.0 1 0 0 0.0 1.0 0.0
cell 22.8911397028924 28.460914792265264 0.0 1.0 1.0 1 0 0 0.0 1.0 0.0
cell 45.473261371873036 49.54102031437328 0.0 1.140175425099138 0.8770580193070291 1 0 0 0.8445645170160201 -0.5354538043543035 4.271682611907299
cell 48.22356885058743 42.38325549205396 0.0 1.643167672515499 0.6085806194501844 1 0 0 0.3345261825031956 -0.9423864564072633 5.600980506180749
cell 15.660906574866546 16.903565839922962 0.0 1.643167672515499 0.6085806194501844 1 0 0 0.9762115246916389 -0.2168203382047581 3.578704936459174
cell 47.03300395935247 34.69381278200593 0.0 1.0 1.0 1 0 0 0.0 1.0 0.0
cell 38.619205319829305 36.244962768224795 0.0 1.0 1.0 1 0 0 0.0 1.0 0.0
cell 24.342999169363488 40.961441082499626 0.0 1.3784048752090226 0.7254762501100115 1 0 0 0.4537300419715727 0.8911391861053327 0.9418932024275741
cell 2.813446280390718 26.508155819921836 0.0 1.0 1.0 1 0 0 0.0 1.0 0.0
cell 52.19461214125457 33.38594089901303 0.0 1.0 1.0 1 0 0 0.0 1.0 0.0
cell 0.6876928106357624 7.992691213823019 0.0 1.0 1.0 1 0 0 0.0 1.0 0.0
cell 24.55079973754566 10.141069521428138 0.0 1.0 1.0 1 0 0 0.0 1.0 0.0
cell 13.65374290020406 28.365693665530195 0.0 1.0 1.0 1 0 0 0.0 1.0 0.0
cell 25.77094105161282 16.264028469458506 0.0 1.264911064067352 0.7905694150420947 1 0 0 0.2208610669911223 0.9753052799444608 0.4453945031450036
cell 30.182982549413676 11.186800842460498 0.0 1.30384048104053 0.7669649888473703 1 0 0 0.7636326198519249 0.6456510062704817 1.7378416761946491
cell 51.30515548268305 22.012278912708773 0.0 1.0 1.0 1 0 0 0.0 1.0 0.0
cell 41.58813370017661 38.99770240828753 0.0 1.0 1.0 1 0 0 0.0 1.0 0.0
cell 41.119741417097046 2.490115543039162 0.0 1.4832396974191329 0.6741998624632419 1 0 0 0.9320636614799108 -0.3622945361838378 3.8830496530845573
cell 10.749556577218371 40.92405317566474 0.0 1.6124515496597105 0.6201736729460421 1 0 0 0.14807822226894857 0.9889756519195343 0.297249577067075
cell 0.9098880675733093 10.035308145869902 0.0 1.0 1.0 1 0 0 0.0 1.0 0.0
cell 12.796224370938859 60.63364316698835 0.0 1.0 1.0 1 0 0 0.0 1.0 0.0
cell 27.513049056081776 59.52965986453454 0.0 1.0 1.0 1 0 0 0.0 1.0 0.0
cell 48.2318885281961 13.095938608345351 0.0 1.0 1.0 1 0 0 0.0 1.0 0.0
cell 55.81798079065474 1.2082982232520998 0.0 1.0 1.0 1 0 0 0.0 1.0 0.0
cell 20.671636706489366 23.747708859396916 0.0 1.0 1.0 1 0 0 0.0 1.0 0.0
cell 47.03794052222391 16.438860162070192 0.0 1.0 1.0 1 0 0 0.0 1.0 0.0
cell 32.040814847368594 19.383757627823478 0.0 1.341640786499874 0.7453559924999297 1 0 0 0.4272659959572061 0.9041259694858327 0.8829333784207878
cell 42.07020732404232 23.93521349485241 0.0 1.643167672515499 0.6085806194501844 1 0 0 0.07636381584554151 0.9970800206751252 0.15287645937739505
cell 7.9536241722435355 25.24964138762298 0.0 1.0 1.0 1 0 0 0.0 1.0 0.0
cell 14.182717654314912 15.279153117749361 0.0 1.0 1.0 1 0 0 0.0 1.0 0.0
cell 39.036911924598655 0.0163510899501451 0.0 1.4491376746189442 0.690065559342354 1 0 0 0.8787748452022957 -0.4772365990152906 4.136607475865147
cell 34.77260909364866 37.28748878600413 0.0 1.58113883008419 0.6324555320336757 1 0 0 0.7810656663385968 -0.624448896921953 4.490444164268344
cell 0.15835543691521492 1.8363275219854875 0.0 1.0 1.0 1 0 0 0.0 1.0 0.0
cell 41.23641809673624 25.319528987475678 0.0 1.5491933384829673 0.6454972243679027 1 0 0 0.3496950699186069 0.936863574953483 0.7144912083195333
cell 18.942379065143644 57.221323258588875 0.0 1.0 1.0 1 0 0 0.0 1.0 0.0
cell 36.96698786521437 26.275373284184038 0.0 1.0 1.0 1 0 0 0.0 1.0 0.0
cell 29.151191342959848 51.192702107999786 0.0 1.0 1.0 1 0 0 0.0 1.0 0.0
cell 52.771815030547295 5.734486525497275 0.0 1.0 1.0 1 0 0 0.0 1.0 0.0
cell 55.406436124222274 44.05248184825006 0.0 1.0 1.0 1 0 0 0.0 1.0 0.0
cell 41.02544304883437 21.770551290641837 0.0 1.30384048104053 0.7669649888473703 1 0 0 0.44158841152986794 0.8972177410208338 0.914736556659447
cell 41.38212799930073 28.740252892930005 0.0 1.0 1.0 1 0 0 0.0 1.0 0.0
cell 48.363250025540886 0.7996833329855983 0.0 1.0 1.0 1 0 0 0.0 1.0 0.0
cell 48.78618657183913 43.416152071416604 0.0 1.643167672515499 0.6085806194501844 1 0 0 0.4336730807667286 -0.9010702852820608 5.386055006093694
cell 3.209687885490187 48.66285073750451 0.0 1.0 1.0 1 0 0 0.0 1.0 0.0
cell 40.08403238708253 33.04008471712168 0.0 1.0 1.0 1 0 0 0.0 1.0 0.0
cell 27.936750566143044 49.95842922107223 0.0 1.6124515496597105 0.6201736729460421 1 0 0 0.7750244752400153 0.6319312168099777 1.773507649881156
cell 9.88667972073449 11.946050903519344 0.0 1.0 1.0 1 0 0 0.0 1.0 0.0
cell 39.463703641534856 13.979116428124723 0.0 1.0 1.0 1 0 0 0.0 1.0 0.0
cell 46.01478601466314 5.111433612378228 0.0 1.0 1.0 1 0 0 0.0 1.0 0.0
cell 56.442106647499024 7.417657494731955 0.0 1.0 1.0 1 0 0 0.0 1.0 0.0
cell 15.733530785795791 6.7327889340412845 0.0 1.0 1.0 1 0 0 0.0 1.0 0.0
cell 3.900848270492295 43.063719156179296 0.0 1.0 1.0 1 0 0 0.0 1.0 0.0
cell 17.891047378604284 58.82208166266254 0.0 1.0 1.0 1 0 0 0.0 1.0 0.0
cell 51.3768385164789 51.950061714639624 0.0 1.0 1.0 1 0 0 0.0 1.0 0.0
cell 5.593078960841199 4.447238242011933 0.0 1.0 1.0 1 0 0 0.0 1.0 0.0
cell 47.44807164898876 38.14168446471339 0.0 1.0 1.0 1 0 0 0.0 1.0 0.0
cell 1.4001894390091658 31.743395995081798 0.0 1.0 1.0 1 0 0 0.0 1.0 0.0
cell 44.27655324406197 45.66455707007818 0.0 1.1832159566199234 0.8451542547285166 1 0 0 0.27424900409511427 -0.961658714801066 5.727567952665603
cell 10.77638436287295 48.923663540891134 0.0 1.0 1.0 1 0 0 0.0 1.0 0.0
cell 1.7977558376693414 0.6761221555255875 0.0 1.0 1.0 1 0 0 0.0 1.0 0.0
cell 21.76581875704686 16.53653814763753 0.0 1.0 1.0 1 0 0 0.0 1.0 0.0
cell 19.721505257516476 59.14949696107699 0.0 1.0 1.0 1 0 0 0.0 1.0 0.0
cell 8.35546363824476 31.408625195868858 0.0 1.0 1.0 1 0 0 0.0 1.0 0.0
cell 50.770713965169136 17.9984420276878 0.0 1.0 1.0 1 0 0 0.0 1.0 0.0
cell 39.961078944147566 51.878010650539196 0.0 1.1832159566199234 0.8451542547285166 1 0 0 0.8732915277558031 -0.4871980167754539 4.159349332180765
cell 39.98861652664051 22.620631527451472 0.0 1.643167672515499 0.6085806194501844 1 0 0 -0.1370160396387973 -0.9905688289471356 0.27489682351707234
cell 13.403628001888901 24.35575891363119 0.0 1.0 1.0 1 0 0 0.0 1.0 0.0
cell 49.66088791069888 56.870759966887825 0.0 1.0 1.0 1 0 0 0.0 1.0 0.0
cell 53.42949496169346 44.99265593995627 0.0 1.0 1.0 1 0 0 0.0 1.0 0.0
cell 31.53323821673606 44.17489165153042 0.0 1.643167672515499 0.6085806194501844 1 0 0 0.8234628226341053 -0.5673702316296405 4.348210213829692
cell 3.236469098194505 14.922649681910901 0.0 1.0 1.0 1 0 0 0.0 1.0 0.0
cell 49.68582573818023 32.584505529244716 0.0 1.643167672515499 0.6085806194501844 1 0 0 -0.7745081715062783 0.6325639037045991 4.5113108900303525
cell 4.644880738347563 11.72973684394686 0.0 1.0 1.0 1 0 0 0.0 1.0 0.0
cell 22.034632050818594 3.076002630745689 0.0 1.643167672515499 0.6085806194501844 1 0 0 0.9492489357083876 0.3145257669198078 2.501678603618767
cell 36.4405527083275 47.735471279273106 0.0 1.0954451150103324 0.9128709291752768 1 0 0 -0.008371971756467193 -0.9999649544303585 0.016744139116022794
cell 26.025736041281586 54.53410065614192 0.0 1.0 1.0 1 0 0 0.0 1.0 0.0
cell 58.61076609103283 49.955557033103915 0.0 1.0 1.0 1 0 0 0.0 1.0 0.0
cell 38.73074633067682 38.11152342999976 0.0 1.0 1.0 1 0 0 0.0 1.0 0.0
cell 57.17096791750761 28.879272528400268 0.0 1.0 1.0 1 0 0 0.0 1.0 0.0
cell 5.647653929118296 6.477146189242602 0.0 1.0 1.0 1 0 0 0.0 1.0 0.0
cell 29.05958815962515 59.00281835656712 0.0 1.264911064067352 0.7905694150420947 1 0 0 0.9775116955227069 -0.21088121091344963 3.5665453655732686
cell 47.33781117912501 28.078292851684534 0.0 1.0 1.0 1 0 0 0.0 1.0 0.0
cell 22.384449668355128 47.489322974872664 0.0 1.0 1.0 1 0 0 0.0 1.0 0.0
