position_x,position_y,position_z,orientation,aspect_ratio
59.60644794568436, 2.6824611837246457, 0.0, 0.0, 1 
17.87401105463989, 44.7501581774891, 0.0, 0.0, 1 
33.863759657503344, 49.91566317950637, 0.0, 0.0, 1 
40.33053915923537, 34.7761335170327, 0.0, 0.0, 1 
8.868380331403538, 52.717855946317165, 0.0, 0.0, 1 
30.79657645793425, 7.125542103919879, 0.0, 0.0, 1 
31.54270985161383, 5.1597774575342354, 0.0, 0.0, 1 
24.958454443986373, 29.447382481164045, 0.0, 0.0, 1 
57.60635958717164, 27.399759485256844, 0.0, 0.0, 1 
54.16117760666075, 11.542300563687165, 0.0, 0.0, 1 
41.86222429244779, 52.34424825841596, 0.0, 0.0, 1 
21.328680982792633, 39.951394276413865, 0.0, 0.0, 1 
0.9375461626746178, 54.44316937410093, 0.0, 0.0, 1 
8.211183065051841, 44.54771278369611, 0.0, 0.0, 1 
7.636614608667741, 24.688563865715125, 0.0, 0.0, 1 
31.234352667697348, 17.870326711246246, 0.0, 0.0, 1 
13.595707022986357, 60.219749013925046, 0.0, 0.0, 1 
37.63365214584947, 57.361549869093004, 0.0, 0.0, 1 
32.87545793615664, 58.76430025940349, 0.0, 0.0, 1 
26.822835476259147, 14.26700834383242, 0.0, 0.0, 1 
16.42527179336259, 35.351641054999, 0.0, 0.0, 1 
30.520316523974316, 25.61646518372578, 0.0, 0.0, 1 
5.365414430689035, 17.764195531745607, 0.0, 0.0, 1 
46.146308059545554, 31.38642034098967, 0.0, 0.0, 1 
54.18438549614652, 8.79505149918261, 0.0, 0.0, 1 
43.54437112182684, 40.05843176750227, 0.0, 0.0, 1 
15.735663151695228, 1.4981117351274895, 0.0, 0.0, 1 
8.204682971205573, 32.1478316676803, 0.0, 0.0, 1 
7.204201482524357, 38.74962924881123, 0.0, 0.0, 1 
34.26368157929768, 49.146438742718885, 0.0, 0.0, 1 
33.95583412842367, 40.662505341848814, 0.0, 0.0, 1 
14.001964409438534, 58.39117182067838, 0.0, 0.0, 1 
2.9800911309312523, 47.97606389645475, 0.0, 0.0, 1 
56.141396970567506, 7.302752480836377, 0.0, 0.0, 1 
32.785683874364466, 38.67447681320519, 0.0, 0.0, 1 
7.861270498461125, 50.94059731512468, 0.0, 0.0, 1 
40.04005893804474, 36.84752272801464, 0.0, 0.0, 1 
9.557571096133335, 11.301030255128751, 0.0, 0.0, 1 
4.61448663136471, 43.2588924566425, 0.0, 0.0, 1 
24.23525607588779, 0.5846072828733355, 0.0, 0.0, 1 
24.79439689519937, 51.337724938365966, 0.0, 0.0, 1 
20.115996944313277, 54.84939899435455, 0.0, 0.0, 1 
53.48013604342775, 56.9410107162443, 0.0, 0.0, 1 
3.109840734625848, 21.637825033204717, 0.0, 0.0, 1 
29.675346704482692, 59.86504437525717, 0.0, 0.0, 1 
53.45886284297669, 34.04499376000304, 0.0, 0.0, 1 
54.48470374941269, 39.50075017759835, 0.0, 0.0, 1 
23.231761529870546, 32.448125854709765, 0.0, 0.0, 1 
51.20705405670499, 53.00815357321249, 0.0, 0.0, 1 
34.41610631851043, 45.6435241934732, 0.0, 0.0, 1 
17.218637632774918, 29.89486318435051, 0.0, 0.0, 1 
21.274814001046526, 42.734654639477895, 0.0, 0.0, 1 
49.07576378206939, 34.94812189033292, 0.0, 0.0, 1 
40.26889049678086, 25.909564515702066, 0.0, 0.0, 1 
38.004372828407234, 39.82070600831972, 0.0, 0.0, 1 
60.372336299174684, 16.4712056787065, 0.0, 0.0, 1 
30.491227012129468, 46.880120690070044, 0.0, 0.0, 1 
30.86591185462874, 37.313261295319705, 0.0, 0.0, 1 
11.976994748199887, 47.03611262453448, 0.0, 0.0, 1 
20.515878025658235, 5.593643318363428, 0.0, 0.0, 1 
0.013654517869318462, 29.89063058634608, 0.0, 0.0, 1 
41.46101312133849, 11.551949312355706, 0.0, 0.0, 1 
45.669274063978925, 41.623432004404826, 0.0, 0.0, 1 
8.092580857677367, 2.4105688022168543, 0.0, 0.0, 1 
20.117079485686386, 49.899858207244975, 0.0, 0.0, 1 
53.91494309592178, 43.35076412029113, 0.0, 0.0, 1 
11.928748710298251, 59.459360396944916, 0.0, 0.0, 1 
49.67613979334894, 40.435799057158896, 0.0, 0.0, 1 
56.93340967198422, 6.124723973385965, 0.0, 0.0, 1 
57.700580751881105, 33.39253016488701, 0.0, 0.0, 1 
46.218976685189915, 5.537140655970305, 0.0, 0.0, 1 
19.949890370808227, 53.07568985732652, 0.0, 0.0, 1 
28.47500759633529, 42.34260987878974, 0.0, 0.0, 1 
28.661871694269582, 46.56820027009783, 0.0, 0.0, 1 
14.171126644489584, 32.56382347499536, 0.0, 0.0, 1 
3.340226740218286, 42.9356237647681, 0.0, 0.0, 1 
7.453367897598416, 28.998925324092962, 0.0, 0.0, 1 
47.4447317279033, 31.54688788459454, 0.0, 0.0, 1 
55.953319513951165, 2.017987735532837, 0.0, 0.0, 1 
53.03270567400538, 40.094119268906574, 0.0, 0.0, 1 
9.24456755271483, 30.926606775798554, 0.0, 0.0, 1 
57.7256210766421, 29.972607505950762, 0.0, 0.0, 1 
1.5535286529703807, 2.1813865557174146, 0.0, 0.0, 1 
4.499250402447333, 2.5841204807350366, 0.0, 0.0, 1 
7.266929078857121, 55.98455448525761, 0.0, 0.0, 1 
41.62048305193056, 46.692744324978364, 0.0, 0.0, 1 
7.605899489302414, 17.455696711354527, 0.0, 0.0, 1 
24.66309912356749, 51.98999741148309, 0.0, 0.0, 1 
26.758854182603876, 41.09600260858071, 0.0, 0.0, 1 
9.838016622562954, 47.91109442053185, 0.0, 0.0, 1 
54.05806025154996, 11.902841671904143, 0.0, 0.0, 1 
51.729255097209936, 37.817103929792985, 0.0, 0.0, 1 
16.842381998555506, 47.87883181353732, 0.0, 0.0, 1 
20.915959781018486, 12.201701243502262, 0.0, 0.0, 1 
51.68594738755088, 33.28421861439582, 0.0, 0.0, 1 
39.98021562166915, 14.008908803558667, 0.0, 0.0, 1 
20.313620236630896, 16.58167635851545, 0.0, 0.0, 1 
24.9511048234281, 28.265688907862845, 0.0, 0.0, 1 
16.842039567912213, 32.403383418987765, 0.0, 0.0, 1 
57.83598248983515, 53.22532260619914, 0.0, 0.0, 1 
31.314098740286507, 44.66113247311877, 0.0, 0.0, 1 
5.003219092740395, 28.45731789694611, 0.0, 0.0, 1 
14.999566351328985, 33.289828619870136, 0.0, 0.0, 1 
34.24602337560011, 21.41660511444486, 0.0, 0.0, 1 
35.78089409868857, 23.983776009804885, 0.0, 0.0, 1 
33.70930667936793, 44.8675527230424, 0.0, 0.0, 1 
50.569624847292594, 18.875981711066096, 0.0, 0.0, 1 
44.6240682763191, 8.79064197495953, 0.0, 0.0, 1 
40.26317946944067, 39.05042679986487, 0.0, 0.0, 1 
4.300051799952442, 25.317000829676143, 0.0, 0.0, 1 
49.65055525817209, 41.077644741413714, 0.0, 0.0, 1 
1.5420557078398778, 35.963645895696736, 0.0, 0.0, 1 
13.057506800411057, 0.5660005572225947, 0.0, 0.0, 1 
52.66573157872543, 23.07233518320439, 0.0, 0.0, 1 
31.542281127343074, 15.463302022094375, 0.0, 0.0, 1 
31.253566834548558, 51.63448727248237, 0.0, 0.0, 1 
29.961464871485298, 46.77625918984201, 0.0, 0.0, 1 
19.57733207235436, 8.861604113736258, 0.0, 0.0, 1 
25.1558307927746, 21.56019104988663, 0.0, 0.0, 1 
59.42003645726841, 29.027237750140163, 0.0, 0.0, 1 
50.18169281711768, 18.524577402364898, 0.0, 0.0, 1 
36.1919698806561, 16.92430708631933, 0.0, 0.0, 1 
5.626996236581506, 51.52769737304963, 0.0, 0.0, 1 
30.2353677612473, 50.96674872635417, 0.0, 0.0, 1 
15.600447940172248, 30.407482730707567, 0.0, 0.0, 1 
14.011455950949303, 7.2925872210420435, 0.0, 0.0, 1 
49.32517374150227, 19.923900095114774, 0.0, 0.0, 1 
14.179301591977083, 7.812518587740093, 0.0, 0.0, 1 
29.406387264086803, 44.90498693233585, 0.0, 0.0, 1 
11.73191297293393, 51.26812502871864, 0.0, 0.0, 1 
45.555133290993254, 40.9292058006869, 0.0, 0.0, 1 
1.5969703006435914, 46.66680138725335, 0.0, 0.0, 1 
17.9544133206886, 48.78815808495901, 0.0, 0.0, 1 
51.46203790231188, 30.314996372209805, 0.0, 0.0, 1 
10.702380292616777, 24.489260684302415, 0.0, 0.0, 1 
9.763570413553849, 49.13533434626328, 0.0, 0.0, 1 
58.79584813829206, 29.954889971662517, 0.0, 0.0, 1 
25.08785417226485, 59.6624869082524, 0.0, 0.0, 1 
53.67990856745241, 58.05871102146212, 0.0, 0.0, 1 
46.95655739318944, 54.115950788043904, 0.0, 0.0, 1 
24.489941338069308, 43.32632069996549, 0.0, 0.0, 1 
48.18644781216724, 13.670139018852927, 0.0, 0.0, 1 
58.256325406236925, 31.763526757929945, 0.0, 0.0, 1 
40.73501005532031, 59.19110014400814, 0.0, 0.0, 1 
3.169883844273058, 36.36159725171954, 0.0, 0.0, 1 
53.0866743350279, 21.174068395607332, 0.0, 0.0, 1 
38.43406888092311, 29.681407259269943, 0.0, 0.0, 1 
6.898228464600974, 34.106277163327526, 0.0, 0.0, 1 
33.69199344147118, 16.447743739145288, 0.0, 0.0, 1 
32.54680367448357, 58.782567595228294, 0.0, 0.0, 1 
38.880444700688415, 55.451814031337115, 0.0, 0.0, 1 
32.07568342958418, 40.07726379415035, 0.0, 0.0, 1 
48.27606408150304, 12.137363788868422, 0.0, 0.0, 1 
26.992210422704385, 9.578908551815758, 0.0, 0.0, 1 
36.00990075207245, 3.9560057376541002, 0.0, 0.0, 1 
40.84194630658044, 53.478649016293566, 0.0, 0.0, 1 
29.807061132685057, 12.12216251715525, 0.0, 0.0, 1 
49.27023682783602, 13.684673116718495, 0.0, 0.0, 1 
44.36594124909974, 60.96864067640578, 0.0, 0.0, 1 
46.78684391274528, 46.20649995010144, 0.0, 0.0, 1 
9.276605440150634, 5.455245871966701, 0.0, 0.0, 1 
39.34808930841247, 21.41993939983202, 0.0, 0.0, 1 
59.58505699275395, 23.146865211831702, 0.0, 0.0, 1 
26.634919518585196, 53.944256193273226, 0.0, 0.0, 1 
43.806505110980275, 58.46699409454504, 0.0, 0.0, 1 
10.515641013359016, 21.218100907512625, 0.0, 0.0, 1 
39.59717288960846, 14.006164534443498, 0.0, 0.0, 1 
45.10137791496301, 48.366736948700954, 0.0, 0.0, 1 
40.010713804729946, 18.314144943745685, 0.0, 0.0, 1 
53.16766507987504, 46.7710969619836, 0.0, 0.0, 1 
57.2269143197829, 17.365779882856906, 0.0, 0.0, 1 
2.9206692609123936, 1.7439508551928664, 0.0, 0.0, 1 
42.94267364812523, 1.6739152835224418, 0.0, 0.0, 1 
56.67746416050494, 24.08552270041885, 0.0, 0.0, 1 
14.059903514978922, 35.89386473817083, 0.0, 0.0, 1 
51.855763382925595, 21.52611350350361, 0.0, 0.0, 1 
54.45806719065669, 37.65368608611181, 0.0, 0.0, 1 
14.573092799253827, 32.66322821463787, 0.0, 0.0, 1 
8.199076198577979, 27.659181155515164, 0.0, 0.0, 1 
0.8781005232787277, 47.09516507813674, 0.0, 0.0, 1 
14.525452171895722, 34.29525971268872, 0.0, 0.0, 1 
57.343495761671896, 11.990268242647907, 0.0, 0.0, 1 
35.74992629697738, 9.689656690018143, 0.0, 0.0, 1 
22.062161259717453, 45.16661994249924, 0.0, 0.0, 1 
19.422734825546843, 36.13901421660772, 0.0, 0.0, 1 
6.9723849610406425, 11.872444279644876, 0.0, 0.0, 1 
35.05409573986852, 59.09307458525694, 0.0, 0.0, 1 
17.336922680852783, 60.15663922113193, 0.0, 0.0, 1 
54.80826129374882, 39.950017689263646, 0.0, 0.0, 1 
27.187990872684868, 49.7707745742567, 0.0, 0.0, 1 
4.5252571464901115, 22.733919576897833, 0.0, 0.0, 1 
58.652466263928716, 26.565884059494888, 0.0, 0.0, 1 
41.01501057324198, 32.81449813866918, 0.0, 0.0, 1 
60.207297637593356, 47.314209387008695, 0.0, 0.0, 1 
52.56923023613708, 7.078861209864062, 0.0, 0.0, 1 
10.496267913673856, 34.4301420251547, 0.0, 0.0, 1 
18.413091840004157, 29.922949677276264, 0.0, 0.0, 1 
12.217088921918766, 9.761642373875103, 0.0, 0.0, 1 
38.15443991655363, 45.60155458007556, 0.0, 0.0, 1 
4.158195458820879, 23.86762454704289, 0.0, 0.0, 1 
14.34210932936024, 40.44685786484336, 0.0, 0.0, 1 
18.798018086099894, 50.54875316907493, 0.0, 0.0, 1 
3.7627586176531738, 40.69866235946279, 0.0, 0.0, 1 
58.624395251104175, 9.78518732555306, 0.0, 0.0, 1 
29.51665999180782, 19.283932486093672, 0.0, 0.0, 1 
40.79521633188511, 23.181285641873068, 0.0, 0.0, 1 
37.73924215088137, 42.29019963799577, 0.0, 0.0, 1 
44.037777246719585, 45.6245355170211, 0.0, 0.0, 1 
31.881534899448575, 32.569168826920965, 0.0, 0.0, 1 
33.03247459605388, 57.942607164036794, 0.0, 0.0, 1 
32.573926265611334, 55.10154867453619, 0.0, 0.0, 1 
53.679791422946536, 59.99138998494625, 0.0, 0.0, 1 
49.8754400547514, 45.690910378260796, 0.0, 0.0, 1 
50.848362050027774, 20.51110282296833, 0.0, 0.0, 1 
39.91813101492562, 1.3979427633508177, 0.0, 0.0, 1 
2.5187524114912736, 22.821929199497145, 0.0, 0.0, 1 
8.228792047259287, 13.870411269848578, 0.0, 0.0, 1 
5.184548377931068, 27.253463421633626, 0.0, 0.0, 1 
51.957187394585965, 19.761310171452543, 0.0, 0.0, 1 
50.89828766863005, 37.792037984445365, 0.0, 0.0, 1 
37.019528925667686, 14.103360475494728, 0.0, 0.0, 1 
31.01705938492639, 34.83354563152099, 0.0, 0.0, 1 
40.8238732173292, 56.697323605923856, 0.0, 0.0, 1 
55.86398135152593, 44.29861038133147, 0.0, 0.0, 1 
48.962853376582785, 36.35115173261942, 0.0, 0.0, 1 
53.25218313328392, 32.87082933425766, 0.0, 0.0, 1 
35.37053694065801, 53.63488548306924, 0.0, 0.0, 1 
46.37933062469388, 53.219411337973824, 0.0, 0.0, 1 
32.29120925211428, 38.78893876878471, 0.0, 0.0, 1 
43.79719770227024, 47.80574464793326, 0.0, 0.0, 1 
56.0065652687633, 14.478305742626494, 0.0, 0.0, 1 
51.26877217374729, 57.196951761554686, 0.0, 0.0, 1 
56.54776829478868, 54.97943160794401, 0.0, 0.0, 1 
40.73210116317556, 44.69587803476399, 0.0, 0.0, 1 
57.87261923141965, 11.067611643389679, 0.0, 0.0, 1 
22.902702216223172, 47.716839754307856, 0.0, 0.0, 1 
15.530808359982746, 57.242750357178394, 0.0, 0.0, 1 
46.29068289722066, 58.40719245026685, 0.0, 0.0, 1 
49.37016807128082, 39.435847993442124, 0.0, 0.0, 1 
3.8271447460800454, 17.068796845365966, 0.0, 0.0, 1 
51.46787383975247, 8.828504298323608, 0.0, 0.0, 1 
46.74110972357689, 39.037189773518136, 0.0, 0.0, 1 
29.941037533007172, 55.37935439850854, 0.0, 0.0, 1 
27.464644798500746, 30.734662106171676, 0.0, 0.0, 1 
56.24040789540408, 55.23164230928529, 0.0, 0.0, 1 
23.971883411561997, 17.299937296760366, 0.0, 0.0, 1 
60.294745659741984, 50.49596205309039, 0.0, 0.0, 1 
10.975877139129347, 2.269596543106252, 0.0, 0.0, 1 
46.08400445398651, 2.396666029838548, 0.0, 0.0, 1 
44.87248892554965, 36.581530185488525, 0.0, 0.0, 1 
6.860957705565085, 58.58001209074644, 0.0, 0.0, 1 
6.83415807776723, 53.350148472630266, 0.0, 0.0, 1 
16.42930689984011, 47.78048148695815, 0.0, 0.0, 1 
25.65539100889014, 35.7543080619391, 0.0, 0.0, 1 
55.14535255975074, 57.66231614192711, 0.0, 0.0, 1 
19.513315460134663, 28.211337608239894, 0.0, 0.0, 1 
30.528898893402456, 4.334244597796841, 0.0, 0.0, 1 
47.288428716721654, 35.445688741612535, 0.0, 0.0, 1 
57.87369223152878, 59.53727128932463, 0.0, 0.0, 1 
5.757577123406245, 36.804309251796845, 0.0, 0.0, 1 
39.59227986212196, 16.796544423456982, 0.0, 0.0, 1 
37.242572557783866, 5.516827265991446, 0.0, 0.0, 1 
28.188563602162752, 9.605654403443483, 0.0, 0.0, 1 
48.15381834914994, 18.095463026543346, 0.0, 0.0, 1 
49.072833691769226, 53.026101578202585, 0.0, 0.0, 1 
12.72173952990403, 0.6080610816163335, 0.0, 0.0, 1 
36.74655481724809, 43.43794344548037, 0.0, 0.0, 1 
32.42966047783094, 7.254794160165506, 0.0, 0.0, 1 
23.60667067067345, 26.324502155509194, 0.0, 0.0, 1 
51.57140826956124, 33.31063104245947, 0.0, 0.0, 1 
28.42054560223424, 16.073206086973734, 0.0, 0.0, 1 
9.358309869750617, 44.28948792230891, 0.0, 0.0, 1 
60.09338434519081, 25.88525519955548, 0.0, 0.0, 1 
36.44646004863194, 58.13927638845616, 0.0, 0.0, 1 
12.737059261330065, 20.29310680941201, 0.0, 0.0, 1 
57.97343522627493, 32.271400676533794, 0.0, 0.0, 1 
60.94867604880188, 18.25745548471549, 0.0, 0.0, 1 
45.10545214764493, 45.123387713177266, 0.0, 0.0, 1 
48.218877658636, 23.730930568359305, 0.0, 0.0, 1 
35.06590831157236, 41.46068175268587, 0.0, 0.0, 1 
10.030296208916015, 35.60918424168992, 0.0, 0.0, 1 
15.690865517996224, 40.12937482094637, 0.0, 0.0, 1 
24.477422832425674, 51.74984310199788, 0.0, 0.0, 1 
26.00555092075467, 14.819618895145988, 0.0, 0.0, 1 
40.05442830757956, 17.408921198406127, 0.0, 0.0, 1 
42.89543653410562, 60.0360494771976, 0.0, 0.0, 1 
31.2549743469597, 3.741206714954293, 0.0, 0.0, 1 
1.3691147365389893, 59.454107976505846, 0.0, 0.0, 1 
52.74564359940719, 2.4970330553941875, 0.0, 0.0, 1 
45.50839530377635, 21.175298155950305, 0.0, 0.0, 1 
52.50364590147245, 20.777183726539043, 0.0, 0.0, 1 
15.229026763571044, 12.218953901787208, 0.0, 0.0, 1 
5.3675417717733485, 45.66789564731276, 0.0, 0.0, 1 
57.09297343701473, 41.316194039679196, 0.0, 0.0, 1 
50.15151218077933, 33.38769121304835, 0.0, 0.0, 1 
15.204113613071758, 58.59132668942005, 0.0, 0.0, 1 
16.892457867076793, 16.994609409952034, 0.0, 0.0, 1 
33.2703533956825, 57.409157679288064, 0.0, 0.0, 1 
49.64249331219606, 9.083500237031501, 0.0, 0.0, 1 
10.505380160439328, 6.766281336711224, 0.0, 0.0, 1 
32.89528888580536, 55.95587292730625, 0.0, 0.0, 1 
17.794327666428796, 28.267666530755395, 0.0, 0.0, 1 
54.47125357077284, 28.960256250340706, 0.0, 0.0, 1 
7.139361068740317, 29.58703908083571, 0.0, 0.0, 1 
33.035137952216914, 11.205887394171231, 0.0, 0.0, 1 
30.269801589232504, 43.37607816904382, 0.0, 0.0, 1 
50.2661604469665, 19.36481621551162, 0.0, 0.0, 1 
24.0310322051791, 33.80607707222409, 0.0, 0.0, 1 
12.90824432880396, 51.55261379090341, 0.0, 0.0, 1 
8.912745933227532, 37.00233479035646, 0.0, 0.0, 1 
53.293444991119856, 16.924656960053124, 0.0, 0.0, 1 
8.174707323047247, 28.409025833686698, 0.0, 0.0, 1 
18.166336878003975, 39.056577329598404, 0.0, 0.0, 1 
18.370178267722974, 5.756976431250263, 0.0, 0.0, 1 
52.93892019827027, 22.53737405182994, 0.0, 0.0, 1 
17.839122923111542, 5.5280756543665746, 0.0, 0.0, 1 
2.434204068809798, 17.5207190012533, 0.0, 0.0, 1 
3.8708287926751974, 58.532311794683494, 0.0, 0.0, 1 
5.430017811980862, 39.08177144260462, 0.0, 0.0, 1 
48.60592706149862, 23.39728920270727, 0.0, 0.0, 1 
34.98221631499348, 13.445256578548221, 0.0, 0.0, 1 
30.264925384025926, 1.2208826361193528, 0.0, 0.0, 1 
25.735652170290887, 59.616281136924876, 0.0, 0.0, 1 
24.639516747050827, 50.20767720677833, 0.0, 0.0, 1 
16.572178761289944, 8.054080649064877, 0.0, 0.0, 1 
18.24347048440897, 33.898977908364145, 0.0, 0.0, 1 
27.678610517747433, 54.126108291942714, 0.0, 0.0, 1 
37.20471054401045, 22.88673002825414, 0.0, 0.0, 1 
10.128710577769239, 5.488063789154623, 0.0, 0.0, 1 
20.690867358060558, 53.65524926787327, 0.0, 0.0, 1 
53.37184342557606, 33.28773177419304, 0.0, 0.0, 1 
0.010103363306295186, 45.00344056675971, 0.0, 0.0, 1 
16.947897409399225, 38.155750858541744, 0.0, 0.0, 1 
20.768378627015643, 20.82163266503314, 0.0, 0.0, 1 
7.819276784221215, 4.481316529390692, 0.0, 0.0, 1 
42.30214721520771, 24.481870880703106, 0.0, 0.0, 1 
42.1132930658271, 37.83408221754639, 0.0, 0.0, 1 
23.647706634648515, 49.32460064627095, 0.0, 0.0, 1 
8.299880302530127, 56.10258922290063, 0.0, 0.0, 1 
10.539501513028693, 52.17095372746391, 0.0, 0.0, 1 
9.794062132287621, 29.987477178010963, 0.0, 0.0, 1 
13.149335997457026, 53.589846941521756, 0.0, 0.0, 1 
2.3510228864121734, 0.9943523598304445, 0.0, 0.0, 1 
1.2590111616020296, 24.940262830790097, 0.0, 0.0, 1 
5.762497408277198, 15.651096604414004, 0.0, 0.0, 1 
16.145238653060545, 9.510444479999036, 0.0, 0.0, 1 
7.869144560831092, 18.080997417146126, 0.0, 0.0, 1 
55.06403586152863, 41.76273884214298, 0.0, 0.0, 1 
0.6481554428036623, 28.442410434587185, 0.0, 0.0, 1 
5.200152345026762, 28.14779345933781, 0.0, 0.0, 1 
44.792852357097544, 29.81724213093141, 0.0, 0.0, 1 
42.955548526463375, 40.342855602704375, 0.0, 0.0, 1 
57.82405979774771, 32.120917217730494, 0.0, 0.0, 1 
34.56402073432203, 1.4397908382511717, 0.0, 0.0, 1 
21.969370492375536, 3.524119002744209, 0.0, 0.0, 1 
27.918161614839995, 53.342574085781315, 0.0, 0.0, 1 
19.409737912207103, 7.323027997141351, 0.0, 0.0, 1 
18.625105396698277, 3.6906725233858806, 0.0, 0.0, 1 
8.347103299056375, 57.136415801312104, 0.0, 0.0, 1 
4.244444589339998, 38.864753278266114, 0.0, 0.0, 1 
18.13480710954172, 20.843203248266562, 0.0, 0.0, 1 
57.913239903350714, 58.76345885494179, 0.0, 0.0, 1 
53.8890443036794, 24.70002012513843, 0.0, 0.0, 1 
10.49014904312924, 43.42822752030063, 0.0, 0.0, 1 
34.53508457515959, 32.2571202527815, 0.0, 0.0, 1 
42.507934104866344, 31.17047831635984, 0.0, 0.0, 1 
45.60171940092733, 57.50869722316942, 0.0, 0.0, 1 
28.372304383901724, 33.41698579898955, 0.0, 0.0, 1 
39.47516124029723, 14.598562904721339, 0.0, 0.0, 1 
50.724948354499176, 29.60950559049289, 0.0, 0.0, 1 
12.531567110235349, 12.922848425439101, 0.0, 0.0, 1 
11.050576249623363, 26.5528068315259, 0.0, 0.0, 1 
44.43408310998761, 36.18394930800492, 0.0, 0.0, 1 
44.190724125130764, 8.213706983387272, 0.0, 0.0, 1 
49.91306796984011, 26.28084858380397, 0.0, 0.0, 1 
36.11096750903182, 38.669168159438506, 0.0, 0.0, 1 
2.9671501220078476, 30.823447499725983, 0.0, 0.0, 1 
57.44102808595224, 32.140105201693224, 0.0, 0.0, 1 
38.72313408119616, 15.03609755449748, 0.0, 0.0, 1 
27.71971400689553, 24.450984967545992, 0.0, 0.0, 1 
18.36984177248905, 45.91667670341683, 0.0, 0.0, 1 
15.299741918788936, 6.249111244343753, 0.0, 0.0, 1 
48.15903840691263, 8.788322555158878, 0.0, 0.0, 1 
22.528614785089058, 27.652637626373362, 0.0, 0.0, 1 
30.39450218064824, 31.680399300535377, 0.0, 0.0, 1 
4.097093801020751, 4.779203947121843, 0.0, 0.0, 1 
13.332992871896176, 2.5463177345981673, 0.0, 0.0, 1 
36.658755858727694, 11.74648922312007, 0.0, 0.0, 1 
42.5482287379509, 28.927014130491962, 0.0, 0.0, 1 
34.672659804643615, 24.565940189439324, 0.0, 0.0, 1 
7.861610737829452, 56.024846832866466, 0.0, 0.0, 1 
50.636787641689594, 18.794071121653367, 0.0, 0.0, 1 
51.585211328730765, 53.92867579979288, 0.0, 0.0, 1 
39.30117958691236, 51.83100351684178, 0.0, 0.0, 1 
12.308628394920076, 20.414204174665414, 0.0, 0.0, 1 
58.136967848634384, 50.15035793453012, 0.0, 0.0, 1 
53.7614249448613, 47.18969502427657, 0.0, 0.0, 1 
55.558296130787134, 59.66574884513959, 0.0, 0.0, 1 
18.694790928288803, 16.99753240026915, 0.0, 0.0, 1 
38.183298796041285, 25.395647682423345, 0.0, 0.0, 1 
20.377417767191886, 55.97206982357123, 0.0, 0.0, 1 
17.460454869156326, 41.25962224013115, 0.0, 0.0, 1 
47.97680123048008, 50.093115305018664, 0.0, 0.0, 1 
52.63274727998786, 50.41713502008758, 0.0, 0.0, 1 
10.505891060586352, 12.68133171829912, 0.0, 0.0, 1 
19.220023302800296, 4.886651230079969, 0.0, 0.0, 1 
40.232490132065905, 11.919492481318859, 0.0, 0.0, 1 
46.60773157004149, 41.28502663030924, 0.0, 0.0, 1 
59.187075589785735, 58.49576162860665, 0.0, 0.0, 1 
14.538133016443952, 1.209081712081079, 0.0, 0.0, 1 
36.62022987332069, 14.909411298736224, 0.0, 0.0, 1 
28.35227128959477, 45.33651357442773, 0.0, 0.0, 1 
56.55300671507478, 15.032285547269513, 0.0, 0.0, 1 
20.85513312787469, 41.21723077293872, 0.0, 0.0, 1 
20.09203555744601, 2.3287362496717257, 0.0, 0.0, 1 
3.0177951229312514, 10.92020429483198, 0.0, 0.0, 1 
27.072796130444246, 2.619800285485917, 0.0, 0.0, 1 
0.27323035398416934, 23.673964013906918, 0.0, 0.0, 1 
7.099923474234938, 41.56192303083118, 0.0, 0.0, 1 
26.291253148431625, 21.75598157095299, 0.0, 0.0, 1 
30.09643441822666, 36.562720493348955, 0.0, 0.0, 1 
13.11017503160399, 60.59832533889597, 0.0, 0.0, 1 
17.404518039714194, 59.81756105041586, 0.0, 0.0, 1 
24.093335618374336, 16.389633453262757, 0.0, 0.0, 1 
4.298639510258697, 60.16273385014455, 0.0, 0.0, 1 
28.15403963999482, 24.798404608973385, 0.0, 0.0, 1 
19.016761038187273, 26.887995830073276, 0.0, 0.0, 1 
38.36849414729342, 16.628509313477277, 0.0, 0.0, 1 
38.00567620824152, 20.679383248125163, 0.0, 0.0, 1 
1.766524079426682, 51.52958500210585, 0.0, 0.0, 1 
50.658655910963425, 27.205643752636565, 0.0, 0.0, 1 
43.44803052127506, 0.37735686713675837, 0.0, 0.0, 1 
56.37938649261393, 40.05312510223523, 0.0, 0.0, 1 
2.1290448176625025, 39.690964317095506, 0.0, 0.0, 1 
10.581682886398163, 56.292200362034094, 0.0, 0.0, 1 
27.81051952022686, 47.11752023103112, 0.0, 0.0, 1 
36.406805963487045, 28.62429435686972, 0.0, 0.0, 1 
9.107272388709772, 19.44482278085038, 0.0, 0.0, 1 
30.569180481510394, 17.734626962371408, 0.0, 0.0, 1 
25.40260689391734, 18.34358375363452, 0.0, 0.0, 1 
6.995942917317158, 25.892386988108715, 0.0, 0.0, 1 
19.6514423269989, 55.61933958347263, 0.0, 0.0, 1 
55.563638767451835, 12.068903297693916, 0.0, 0.0, 1 
23.780776842027038, 14.003607422155914, 0.0, 0.0, 1 
3.3934996353092255, 0.7660692139872927, 0.0, 0.0, 1 
59.56445915175571, 9.115993513878747, 0.0, 0.0, 1 
14.86569218111593, 33.21752652862331, 0.0, 0.0, 1 
33.9703569226514, 21.846142878287083, 0.0, 0.0, 1 
54.61876379144085, 27.12887600581457, 0.0, 0.0, 1 
1.912666969418641, 22.89079553265039, 0.0, 0.0, 1 
23.670215595083008, 42.56777485599937, 0.0, 0.0, 1 
54.87932846008577, 59.74064774278394, 0.0, 0.0, 1 
25.879077907690302, 57.688628737957664, 0.0, 0.0, 1 
56.346860966908146, 8.956614773668507, 0.0, 0.0, 1 
40.19229637470907, 0.6625028008876871, 0.0, 0.0, 1 
8.307064003815176, 16.70355705825451, 0.0, 0.0, 1 
2.0789422666692796, 54.49443852725818, 0.0, 0.0, 1 
56.12231280258726, 4.785609547086976, 0.0, 0.0, 1 
31.746681893888866, 43.142788047677975, 0.0, 0.0, 1 
22.554988223643882, 40.76056860671358, 0.0, 0.0, 1 
44.740685381821415, 11.467787977893035, 0.0, 0.0, 1 
55.780203605673925, 51.36614068518609, 0.0, 0.0, 1 
8.269832579624984, 5.609363384878429, 0.0, 0.0, 1 
19.23891064654781, 1.5377884231962775, 0.0, 0.0, 1 
44.989914202718595, 55.94908231641611, 0.0, 0.0, 1 
30.73108727784504, 6.1965164029387525, 0.0, 0.0, 1 
45.71325130540815, 29.559352000819246, 0.0, 0.0, 1 
0.2382486076935255, 0.1426665740617858, 0.0, 0.0, 1 
1.3463358058847812, 39.344295438491365, 0.0, 0.0, 1 
60.91179968083905, 38.03986452130656, 0.0, 0.0, 1 
56.9974416532581, 5.726595562469602, 0.0, 0.0, 1 
21.62272617262579, 34.96054546367977, 0.0, 0.0, 1 
52.65731993700564, 0.12398015632889677, 0.0, 0.0, 1 
43.55126098487021, 24.37801510044917, 0.0, 0.0, 1 
24.515375189988408, 48.39599627424043, 0.0, 0.0, 1 
8.42644160986724, 5.025494792008559, 0.0, 0.0, 1 
59.29413345629087, 22.629144461107376, 0.0, 0.0, 1 
10.08289385694201, 36.249824825146234, 0.0, 0.0, 1 
55.038605268829905, 9.073044702195643, 0.0, 0.0, 1 
56.13941857332199, 25.645970310418402, 0.0, 0.0, 1 
10.66716051323782, 13.612219819202412, 0.0, 0.0, 1 
31.757034883317136, 54.06525267963586, 0.0, 0.0, 1 
46.237751491639905, 28.01343161135981, 0.0, 0.0, 1 
44.26779604388606, 0.3511928842375158, 0.0, 0.0, 1 
9.413337664706253, 3.728400040081654, 0.0, 0.0, 1 
33.44374668411664, 45.605853937913686, 0.0, 0.0, 1 
25.99087353588275, 19.700583757420098, 0.0, 0.0, 1 
31.65189654621706, 46.74938756745712, 0.0, 0.0, 1 
55.92375830709663, 32.69173210324933, 0.0, 0.0, 1 
57.7794459324462, 46.42016103637068, 0.0, 0.0, 1 
18.109654107313972, 12.47404705114358, 0.0, 0.0, 1 
13.554857194757643, 39.83937318137051, 0.0, 0.0, 1 
29.941399282534398, 17.784854126766376, 0.0, 0.0, 1 
13.410300312312804, 50.22705742589423, 0.0, 0.0, 1 
41.449697136025236, 8.641737600799079, 0.0, 0.0, 1 
10.228365819339803, 49.770360511855856, 0.0, 0.0, 1 
22.424903197413354, 42.78335435023356, 0.0, 0.0, 1 
0.08600881752879468, 46.76534029612489, 0.0, 0.0, 1 
50.90223266807989, 31.445277492344143, 0.0, 0.0, 1 
53.62955091673469, 10.019626233052211, 0.0, 0.0, 1 
44.259263600734386, 42.560244867309386, 0.0, 0.0, 1 
35.095773498731845, 60.79695192044373, 0.0, 0.0, 1 
4.695346816871364, 14.045859064604043, 0.0, 0.0, 1 
23.63435599225264, 28.748200837818807, 0.0, 0.0, 1 
23.33853496124469, 21.745565479242646, 0.0, 0.0, 1 
11.019508680603682, 53.876610128171485, 0.0, 0.0, 1 
8.499817561682715, 39.9250134674564, 0.0, 0.0, 1 
53.44310196320789, 46.396595510631165, 0.0, 0.0, 1 
57.72142724563776, 48.80868556377565, 0.0, 0.0, 1 
60.55282251545548, 14.433483552699132, 0.0, 0.0, 1 
55.86239954819011, 38.274885582689286, 0.0, 0.0, 1 
1.9374808552211757, 28.243234906261314, 0.0, 0.0, 1 
36.43742862702869, 49.92810386337765, 0.0, 0.0, 1 
38.42827604898904, 51.11628560034919, 0.0, 0.0, 1 
25.762559189930645, 31.02562994513387, 0.0, 0.0, 1 
30.785549732332974, 5.775907947601658, 0.0, 0.0, 1 
17.584868973456157, 3.1391055490806217, 0.0, 0.0, 1 
53.910649813411965, 7.685127512188792, 0.0, 0.0, 1 
55.8850996226914, 60.44208543405569, 0.0, 0.0, 1 
28.885703477196905, 46.46837158529692, 0.0, 0.0, 1 
1.092322098179448, 42.24376806011088, 0.0, 0.0, 1 
4.3084655242405905, 2.840471171250051, 0.0, 0.0, 1 
57.80603231162609, 56.96759731209582, 0.0, 0.0, 1 
56.95852626944941, 25.652602666456545, 0.0, 0.0, 1 
30.010754808844073, 15.663079390536764, 0.0, 0.0, 1 
5.384985460400838, 17.19721067376413, 0.0, 0.0, 1 
35.93390687905035, 22.06876469960726, 0.0, 0.0, 1 
52.99836805586944, 9.597915882976231, 0.0, 0.0, 1 
35.224936867096886, 33.779107394383786, 0.0, 0.0, 1 
11.026762750620826, 58.076339722095504, 0.0, 0.0, 1 
45.8531284702616, 35.561782194694736, 0.0, 0.0, 1 
32.8773623613095, 17.148757080219863, 0.0, 0.0, 1 
18.267335878691828, 25.686315458290604, 0.0, 0.0, 1 
47.467078770134684, 14.470062068669955, 0.0, 0.0, 1 
37.26239505038979, 9.670822602499104, 0.0, 0.0, 1 
47.20196396134344, 20.65275623609653, 0.0, 0.0, 1 
26.424933720937762, 30.07385266357547, 0.0, 0.0, 1 
50.383522457660845, 36.779443197205396, 0.0, 0.0, 1 
9.778523404337744, 10.834859837480717, 0.0, 0.0, 1 
59.262337784445386, 20.53572600589121, 0.0, 0.0, 1 
9.378326877025941, 36.399440955499614, 0.0, 0.0, 1 
18.450461820731135, 8.0002770810496, 0.0, 0.0, 1 
54.39731303475409, 21.390980913123094, 0.0, 0.0, 1 
57.600720043723726, 35.484799829799435, 0.0, 0.0, 1 
27.96184560276794, 18.940351150564304, 0.0, 0.0, 1 
51.586452869539634, 6.304066926870651, 0.0, 0.0, 1 
3.7634687741478827, 4.551714674706797, 0.0, 0.0, 1 
38.28757426036654, 42.603982748857355, 0.0, 0.0, 1 
32.58702692720972, 14.6075737001936, 0.0, 0.0, 1 
18.524377969760362, 30.07316525081812, 0.0, 0.0, 1 
57.10078440007952, 24.046191207005055, 0.0, 0.0, 1 
52.31822073969599, 50.69972607658736, 0.0, 0.0, 1 
25.803512000405945, 3.9057930526863256, 0.0, 0.0, 1 
6.429932342087868, 9.179428878648938, 0.0, 0.0, 1 
58.04112863225011, 28.01366226825432, 0.0, 0.0, 1 
9.016007992190627, 53.07168970365473, 0.0, 0.0, 1 
56.85768689458037, 57.72669572456767, 0.0, 0.0, 1 
23.57377424031411, 8.422669541139156, 0.0, 0.0, 1 
25.58798463117511, 31.77803049078602, 0.0, 0.0, 1 
27.741358528627675, 1.1038319039802686, 0.0, 0.0, 1 
55.94590340431433, 11.137713696844223, 0.0, 0.0, 1 
1.9660975662146074, 47.44116532185703, 0.0, 0.0, 1 
51.59950632908521, 56.22972094975, 0.0, 0.0, 1 
1.0410848774510213, 2.9561139648753305, 0.0, 0.0, 1 
60.284172109768726, 32.78403149693915, 0.0, 0.0, 1 
37.77955048927348, 27.99612594819632, 0.0, 0.0, 1 
57.65564693152763, 30.78437439958704, 0.0, 0.0, 1 
28.06732608564787, 25.978940603849512, 0.0, 0.0, 1 
0.9688789349805489, 1.6171022333413578, 0.0, 0.0, 1 
9.737538769320473, 4.641005625409089, 0.0, 0.0, 1 
54.72426117453074, 49.282955650588896, 0.0, 0.0, 1 
27.107520516082054, 30.355410898647932, 0.0, 0.0, 1 
23.658597085815884, 60.74728113639311, 0.0, 0.0, 1 
36.69340026627071, 58.320882328978314, 0.0, 0.0, 1 
54.66749345808801, 4.835474413517764, 0.0, 0.0, 1 
8.789052608711701, 23.602265708969078, 0.0, 0.0, 1 
51.38111114870308, 2.7452750595050572, 0.0, 0.0, 1 
51.712008145380594, 7.446076812320117, 0.0, 0.0, 1 
1.8221937876742045, 16.218404114513167, 0.0, 0.0, 1 
53.76232879955272, 2.696748221627819, 0.0, 0.0, 1 
38.4843036625784, 29.123622567149045, 0.0, 0.0, 1 
32.876473040352415, 0.7779108939407524, 0.0, 0.0, 1 
26.62324807604502, 37.42716476599669, 0.0, 0.0, 1 
13.188584457899363, 1.6507921021372725, 0.0, 0.0, 1 
54.16726651395646, 2.524448286438947, 0.0, 0.0, 1 
23.315488659521446, 41.56362525274006, 0.0, 0.0, 1 
34.0333666391238, 11.688902559727618, 0.0, 0.0, 1 
40.65605346031257, 6.05484654244534, 0.0, 0.0, 1 
56.097809122555034, 37.28142845927975, 0.0, 0.0, 1 
15.142202131401852, 26.70856510266333, 0.0, 0.0, 1 
4.918045690413539, 21.572677518182488, 0.0, 0.0, 1 
34.43119343735929, 42.3887313123174, 0.0, 0.0, 1 
51.85122594404533, 1.5533328907158408, 0.0, 0.0, 1 
3.3432583404835947, 14.032867989036907, 0.0, 0.0, 1 
58.00818279946704, 13.492347824770773, 0.0, 0.0, 1 
2.1870362032654738, 52.68639596688926, 0.0, 0.0, 1 
24.782201760096676, 45.82306728829316, 0.0, 0.0, 1 
55.343242497513145, 46.28937164882622, 0.0, 0.0, 1 
8.677452242711286, 52.917775178781426, 0.0, 0.0, 1 
60.068674401499905, 22.764334058205637, 0.0, 0.0, 1 
27.64256774476179, 3.9653597922935777, 0.0, 0.0, 1 
13.623595044989269, 8.345915440790526, 0.0, 0.0, 1 
50.7893551992115, 52.50028542794248, 0.0, 0.0, 1 
28.33867233019173, 27.062805262207117, 0.0, 0.0, 1 
29.263912401347728, 4.114628713700008, 0.0, 0.0, 1 
3.547778596788837, 17.48138578164193, 0.0, 0.0, 1 
17.262367085251054, 34.41809474214256, 0.0, 0.0, 1 
39.59893014398711, 3.030739756217554, 0.0, 0.0, 1 
36.03804665607648, 12.116299947699556, 0.0, 0.0, 1 
55.53044495839366, 20.463855802690738, 0.0, 0.0, 1 
47.13007777887443, 28.09916781811821, 0.0, 0.0, 1 
55.547721720205644, 14.026943331702943, 0.0, 0.0, 1 
18.506321141208474, 37.2670126032567, 0.0, 0.0, 1 
54.80696618076301, 58.843800419046445, 0.0, 0.0, 1 
56.99524171039929, 4.3625604765062045, 0.0, 0.0, 1 
8.605566199502563, 57.67966832006073, 0.0, 0.0, 1 
3.2817127971563487, 32.59625137204507, 0.0, 0.0, 1 
55.59412930507773, 18.35651419558777, 0.0, 0.0, 1 
7.3070396913491065, 35.572356386062495, 0.0, 0.0, 1 
13.05419972994026, 43.275995878987864, 0.0, 0.0, 1 
13.876305185417607, 20.0110754964232, 0.0, 0.0, 1 
24.473643096487432, 13.649514658185005, 0.0, 0.0, 1 
43.166097472179175, 24.587035181678523, 0.0, 0.0, 1 
28.676668885708462, 34.702925395737935, 0.0, 0.0, 1 
53.47398261110221, 6.484706409045191, 0.0, 0.0, 1 
54.1047890297331, 17.045680448182146, 0.0, 0.0, 1 
15.771509999935935, 30.619617618411098, 0.0, 0.0, 1 
60.20177576753789, 31.081967625139928, 0.0, 0.0, 1 
23.243288464796798, 5.203051806280813, 0.0, 0.0, 1 
2.3314985230005827, 2.3562506150621685, 0.0, 0.0, 1 
46.98261587132996, 15.699506334177116, 0.0, 0.0, 1 
33.741309426860134, 28.853818662140668, 0.0, 0.0, 1 
2.188669124799506, 57.69492032595679, 0.0, 0.0, 1 
3.783812918015958, 52.28200100994522, 0.0, 0.0, 1 
14.736848504040307, 45.37526698976565, 0.0, 0.0, 1 
51.37760193626733, 29.396121580070098, 0.0, 0.0, 1 
20.166607709138862, 25.887633559295683, 0.0, 0.0, 1 
16.887473855582392, 60.263824368142224, 0.0, 0.0, 1 
22.09240614453694, 52.262692626436746, 0.0, 0.0, 1 
33.69492051523872, 29.86199214015411, 0.0, 0.0, 1 
57.93564840366637, 7.497364818498964, 0.0, 0.0, 1 
33.332904670620955, 2.686605593059161, 0.0, 0.0, 1 
43.554727131639964, 32.469311019163996, 0.0, 0.0, 1 
40.19507112206573, 49.56722392144813, 0.0, 0.0, 1 
9.16762833216754, 32.67214172471174, 0.0, 0.0, 1 
49.587242574988565, 10.496425679975395, 0.0, 0.0, 1 
30.983914534093447, 24.791782870767648, 0.0, 0.0, 1 
14.982429203384795, 60.67077044305388, 0.0, 0.0, 1 
16.51040534453506, 2.699129206851855, 0.0, 0.0, 1 
58.92616339765855, 6.921148545560088, 0.0, 0.0, 1 
22.255425514374135, 59.70601350370411, 0.0, 0.0, 1 
14.618342962988343, 16.60807578729994, 0.0, 0.0, 1 
54.05894344556205, 51.28927477947328, 0.0, 0.0, 1 
0.7622864257952024, 12.289746544587521, 0.0, 0.0, 1 
22.75389615635397, 27.550359783866313, 0.0, 0.0, 1 
12.26983002139016, 34.585343475598165, 0.0, 0.0, 1 
56.595034572732544, 33.8701977787859, 0.0, 0.0, 1 
29.852872428865357, 17.181796666185665, 0.0, 0.0, 1 
14.527064250873446, 17.750496146252242, 0.0, 0.0, 1 
35.88700105616906, 25.457073226628292, 0.0, 0.0, 1 
35.57110692338993, 38.772620229481696, 0.0, 0.0, 1 
33.13635510589103, 18.803755888606656, 0.0, 0.0, 1 
4.6267822821902245, 38.4620651120174, 0.0, 0.0, 1 
31.237303541769638, 54.952447351815614, 0.0, 0.0, 1 
27.554499167778552, 24.012475026001624, 0.0, 0.0, 1 
40.06417546358256, 30.02238393515172, 0.0, 0.0, 1 
52.88876857800865, 12.283101374968773, 0.0, 0.0, 1 
47.36579826694473, 19.01678272699553, 0.0, 0.0, 1 
26.897604535981824, 0.3523961778991766, 0.0, 0.0, 1 
12.78953328151701, 2.9274992584416544, 0.0, 0.0, 1 
10.868929930132387, 20.385650966288313, 0.0, 0.0, 1 
14.587915980526242, 22.44777041611257, 0.0, 0.0, 1 
23.628115850447134, 57.804860780999356, 0.0, 0.0, 1 
26.17741611157615, 14.419655164827612, 0.0, 0.0, 1 
12.43495755274159, 49.0051236014632, 0.0, 0.0, 1 
34.16574692307212, 19.692053650947127, 0.0, 0.0, 1 
56.26233549771307, 25.14882916181778, 0.0, 0.0, 1 
21.27435074839644, 28.232574244025034, 0.0, 0.0, 1 
57.86646040177829, 9.322497991642184, 0.0, 0.0, 1 
41.09652949149236, 27.75060649844933, 0.0, 0.0, 1 
36.882050942511206, 43.046854989075705, 0.0, 0.0, 1 
59.62028995065643, 33.01165056186877, 0.0, 0.0, 1 
13.886276794881365, 52.474805557351715, 0.0, 0.0, 1 
39.14062150149375, 0.5666363913933348, 0.0, 0.0, 1 
21.764742297400296, 10.413226204369941, 0.0, 0.0, 1 
28.639660551898448, 53.14315201156172, 0.0, 0.0, 1 
25.956021119979216, 12.61229300557367, 0.0, 0.0, 1 
3.509235344007061, 10.5637191025293, 0.0, 0.0, 1 
43.02642181637568, 1.177381250615078, 0.0, 0.0, 1 
14.479180835171894, 3.859001142382765, 0.0, 0.0, 1 
28.499632439239598, 9.232523607568961, 0.0, 0.0, 1 
9.785974775667706, 10.109016053845634, 0.0, 0.0, 1 
14.482030571906417, 7.409714260515711, 0.0, 0.0, 1 
25.20085627332349, 46.75833970078256, 0.0, 0.0, 1 
40.72684943187311, 0.4844246590324852, 0.0, 0.0, 1 
26.255823720820853, 55.197721490385824, 0.0, 0.0, 1 
4.982795045542996, 12.103790629798235, 0.0, 0.0, 1 
6.124444157452804, 9.374509315444596, 0.0, 0.0, 1 
7.455980366486905, 26.161989274777387, 0.0, 0.0, 1 
3.199641893583626, 26.546229208932832, 0.0, 0.0, 1 
23.191583611662523, 53.80077687950731, 0.0, 0.0, 1 
39.01852618384043, 49.899752946032855, 0.0, 0.0, 1 
28.250502682427083, 7.100326093932192, 0.0, 0.0, 1 
38.61342399659769, 6.386211836668697, 0.0, 0.0, 1 
48.27551736615965, 34.71335118632302, 0.0, 0.0, 1 
53.49437035400744, 15.816821015870712, 0.0, 0.0, 1 
10.149160453433405, 35.13621637950465, 0.0, 0.0, 1 
7.440269837885459, 8.796742471656923, 0.0, 0.0, 1 
24.92101617294474, 36.496890426221796, 0.0, 0.0, 1 
44.43665935876015, 2.8505330518140246, 0.0, 0.0, 1 
19.64841993146597, 55.73757412928531, 0.0, 0.0, 1 
59.538221709341286, 8.330797816525854, 0.0, 0.0, 1 
32.670024688529956, 14.407277757535363, 0.0, 0.0, 1 
15.783765815890174, 40.614229182450636, 0.0, 0.0, 1 
0.40648677095260494, 45.27586877784741, 0.0, 0.0, 1 
24.286962388908517, 37.03143457290498, 0.0, 0.0, 1 
21.740666781145173, 8.513616509390934, 0.0, 0.0, 1 
36.73273019073592, 23.209766920052555, 0.0, 0.0, 1 
41.633290477596965, 6.084598653010683, 0.0, 0.0, 1 
39.11814988732062, 32.11950965690195, 0.0, 0.0, 1 
57.75906442344274, 11.265991877406417, 0.0, 0.0, 1 
3.072832667962601, 3.178802168616701, 0.0, 0.0, 1 
46.752115604898606, 9.2187289576389, 0.0, 0.0, 1 
37.73168371622055, 25.27214965347678, 0.0, 0.0, 1 
55.72929760017729, 50.045810585838815, 0.0, 0.0, 1 
22.15162120643065, 9.717428743006025, 0.0, 0.0, 1 
21.475472491809292, 51.26047444125328, 0.0, 0.0, 1 
13.722353989855547, 50.4588742882495, 0.0, 0.0, 1 
20.242146274749093, 7.792592764660029, 0.0, 0.0, 1 
4.195952704153942, 18.062903683073323, 0.0, 0.0, 1 
58.89658498054456, 47.6033951451049, 0.0, 0.0, 1 
22.58847760278466, 18.391350774917896, 0.0, 0.0, 1 
7.49807630184497, 26.641958009762718, 0.0, 0.0, 1 
14.723691709350552, 4.891321461982159, 0.0, 0.0, 1 
17.560980386277986, 53.544810379996115, 0.0, 0.0, 1 
35.02401470306752, 36.242066983448495, 0.0, 0.0, 1 
15.606441072828563, 48.63169554540265, 0.0, 0.0, 1 
24.262692029810573, 58.11826964717904, 0.0, 0.0, 1 
28.021766464258825, 55.30414605025929, 0.0, 0.0, 1 
5.105155124907782, 4.024425773675958, 0.0, 0.0, 1 
44.35162693644715, 60.532046848625086, 0.0, 0.0, 1 
19.32738783933563, 7.245131080105951, 0.0, 0.0, 1 
51.65168199681489, 26.4138676531877, 0.0, 0.0, 1 
15.434734629147995, 57.75944721247478, 0.0, 0.0, 1 
12.367864909502785, 24.664675618363013, 0.0, 0.0, 1 
10.747750245358564, 48.42287183333059, 0.0, 0.0, 1 
23.87334607720732, 7.494010187007895, 0.0, 0.0, 1 
56.50710832606254, 13.664396388564835, 0.0, 0.0, 1 
22.018642989341213, 53.179688272758824, 0.0, 0.0, 1 
2.7367593507131254, 10.26008941094757, 0.0, 0.0, 1 
43.508771947436784, 29.932717153721434, 0.0, 0.0, 1 
59.048180944850145, 14.725938780777017, 0.0, 0.0, 1 
23.977675911390797, 9.96633662310856, 0.0, 0.0, 1 
8.0390818557, 57.19010396058213, 0.0, 0.0, 1 
16.249492331078258, 7.246410033806713, 0.0, 0.0, 1 
29.500079144133963, 28.705368735758373, 0.0, 0.0, 1 
6.661882667145559, 48.270552138761595, 0.0, 0.0, 1 
37.5356979649056, 0.9626488517790954, 0.0, 0.0, 1 
42.257601464523724, 8.229895361646113, 0.0, 0.0, 1 
55.731090512025176, 41.02678649852313, 0.0, 0.0, 1 
37.35431049193606, 36.76725533139747, 0.0, 0.0, 1 
11.230024461102325, 28.609675704190803, 0.0, 0.0, 1 
40.12403218114951, 11.001519481619129, 0.0, 0.0, 1 
9.594715457379872, 2.0337234383237415, 0.0, 0.0, 1 
53.207880785337466, 48.719691076747885, 0.0, 0.0, 1 
18.693795641000495, 50.601806847959814, 0.0, 0.0, 1 
12.297068853941802, 37.88356075930983, 0.0, 0.0, 1 
39.44801307058422, 22.395303988232254, 0.0, 0.0, 1 
8.983008550371423, 45.589442798054925, 0.0, 0.0, 1 
45.1588994929606, 26.929661673930084, 0.0, 0.0, 1 
50.82495922994228, 10.62044161896361, 0.0, 0.0, 1 
11.058743044056705, 24.946285216473804, 0.0, 0.0, 1 
21.646671033253714, 15.288012548502506, 0.0, 0.0, 1 
8.179840588167453, 11.17485013927426, 0.0, 0.0, 1 
36.36274226108544, 29.974890859320283, 0.0, 0.0, 1 
11.648880687376556, 21.324558585771552, 0.0, 0.0, 1 
35.03619343134555, 28.33265503442266, 0.0, 0.0, 1 
15.443654565740108, 37.742616778025486, 0.0, 0.0, 1 
33.25342155224309, 24.54902932835665, 0.0, 0.0, 1 
34.43726274997605, 48.88772130713621, 0.0, 0.0, 1 
48.22848574709604, 13.000032495252663, 0.0, 0.0, 1 
31.359667431325217, 14.556036231239114, 0.0, 0.0, 1 
24.154271610730643, 28.4935508830302, 0.0, 0.0, 1 
57.98535866204685, 47.802639547520464, 0.0, 0.0, 1 
34.333907505070634, 6.1626604333312605, 0.0, 0.0, 1 
15.941311487072046, 10.455051818601648, 0.0, 0.0, 1 
29.763362884760994, 39.925416391077015, 0.0, 0.0, 1 
7.599930743612882, 27.423690988398757, 0.0, 0.0, 1 
57.40605481184094, 44.93720186762687, 0.0, 0.0, 1 
0.009763880023188239, 30.734013840153768, 0.0, 0.0, 1 
40.81704286681077, 58.74371652196814, 0.0, 0.0, 1 
5.312361223661559, 49.6930955692001, 0.0, 0.0, 1 
35.48067499228677, 58.97481495858437, 0.0, 0.0, 1 
49.32602528879184, 16.032844878732767, 0.0, 0.0, 1 
44.66319184149841, 7.000927261944075, 0.0, 0.0, 1 
51.6189997699339, 19.698562680822285, 0.0, 0.0, 1 
27.702487808265676, 49.41204893591955, 0.0, 0.0, 1 
24.263381219695763, 46.22933115723011, 0.0, 0.0, 1 
8.850765843804643, 19.51165876359577, 0.0, 0.0, 1 
17.11305752104721, 59.21948870929103, 0.0, 0.0, 1 
21.699833675129355, 1.545389467016746, 0.0, 0.0, 1 
19.655489721537467, 42.24087155791931, 0.0, 0.0, 1 
21.261727762199747, 12.64444889126935, 0.0, 0.0, 1 
53.504074605405364, 21.639875231078392, 0.0, 0.0, 1 
51.232360339350336, 49.61609258617815, 0.0, 0.0, 1 
29.097101683697062, 20.490447172882952, 0.0, 0.0, 1 
54.99593752093935, 58.348445763087256, 0.0, 0.0, 1 
42.79900185953266, 36.43984854292159, 0.0, 0.0, 1 
5.523752026756437, 40.8850263888158, 0.0, 0.0, 1 
21.97427078275727, 1.4999899349696517, 0.0, 0.0, 1 
56.4658344636844, 12.999131598827033, 0.0, 0.0, 1 
2.501356747723966, 1.1054025001967898, 0.0, 0.0, 1 
9.16292519193894, 19.488308977794304, 0.0, 0.0, 1 
40.2839705894227, 12.01957241121131, 0.0, 0.0, 1 
40.37531764531136, 1.0607161509222642, 0.0, 0.0, 1 
32.3751709129032, 15.527529243250344, 0.0, 0.0, 1 
44.72538731659799, 24.691996758580384, 0.0, 0.0, 1 
17.78280490505644, 43.934758437501756, 0.0, 0.0, 1 
45.8043464835287, 24.245247651654456, 0.0, 0.0, 1 
9.797435196159087, 8.511756796971799, 0.0, 0.0, 1 
45.15587721370032, 42.86997048670777, 0.0, 0.0, 1 
10.461245002249724, 9.47869951297777, 0.0, 0.0, 1 
17.60552885226972, 55.237253875984415, 0.0, 0.0, 1 
45.72861325809075, 8.11086855739837, 0.0, 0.0, 1 
40.59499610957158, 12.49427441422215, 0.0, 0.0, 1 
15.158087662036083, 38.259167799042146, 0.0, 0.0, 1 
6.408561752814801, 7.820319974808568, 0.0, 0.0, 1 
60.76742123549524, 38.36633249777552, 0.0, 0.0, 1 
26.07057844132289, 7.780443864419527, 0.0, 0.0, 1 
40.15506471779042, 6.6161369687302924, 0.0, 0.0, 1 
8.230116803867181, 13.01151935458724, 0.0, 0.0, 1 
26.803024007167878, 30.025274992403684, 0.0, 0.0, 1 
27.833777738889435, 16.33368581356456, 0.0, 0.0, 1 
27.90444947818951, 19.021712330312084, 0.0, 0.0, 1 
52.84594631172177, 38.267253980606256, 0.0, 0.0, 1 
27.50418774502158, 28.318317008637056, 0.0, 0.0, 1 
59.175379541047896, 38.75717632450357, 0.0, 0.0, 1 
6.333057453677815, 21.033843270087278, 0.0, 0.0, 1 
4.638888531938728, 46.34821767364772, 0.0, 0.0, 1 
34.09961509781567, 25.458296192836237, 0.0, 0.0, 1 
52.03893702733041, 47.92261542099178, 0.0, 0.0, 1 
6.59562650701407, 19.529832423166525, 0.0, 0.0, 1 
56.10752879231513, 33.91586234217835, 0.0, 0.0, 1 
42.94088341795773, 29.30817078875404, 0.0, 0.0, 1 
25.486362670234058, 21.269485920466572, 0.0, 0.0, 1 
56.22955789952721, 53.342719778227575, 0.0, 0.0, 1 
39.26725852792631, 12.942472598938314, 0.0, 0.0, 1 
40.4656162233966, 24.63991274748005, 0.0, 0.0, 1 
49.43384308357059, 56.41714126390052, 0.0, 0.0, 1 
14.701614710464257, 33.666223075660184, 0.0, 0.0, 1 
0.4397228519400367, 60.21414728209492, 0.0, 0.0, 1 
24.477535643469984, 47.02796703868097, 0.0, 0.0, 1 
56.0112124945698, 4.256445487595958, 0.0, 0.0, 1 
9.700599731572101, 8.47456124348294, 0.0, 0.0, 1 
26.892977464039287, 18.614376535842617, 0.0, 0.0, 1 
20.39511448191793, 4.9578084940385425, 0.0, 0.0, 1 
36.79740133789001, 12.916343668298621, 0.0, 0.0, 1 
5.887894851004393, 9.277305127379712, 0.0, 0.0, 1 
56.72132358154667, 6.363021274364603, 0.0, 0.0, 1 
7.339611755356013, 22.401808691915154, 0.0, 0.0, 1 
51.39375960912228, 50.2812299349608, 0.0, 0.0, 1 
39.720093679606805, 41.96296098778077, 0.0, 0.0, 1 
16.264095941217644, 44.66046346517568, 0.0, 0.0, 1 
48.27496266503412, 22.280949734172186, 0.0, 0.0, 1 
26.295098106740397, 22.98984144420223, 0.0, 0.0, 1 
23.945609395453822, 25.509692648445338, 0.0, 0.0, 1 
57.28465803958855, 18.388985796368647, 0.0, 0.0, 1 
42.400188139894524, 49.44720885830356, 0.0, 0.0, 1 
28.522250083870297, 60.90532562523955, 0.0, 0.0, 1 
59.49279484413873, 8.172348628048212, 0.0, 0.0, 1 
31.061015206389126, 39.44816560841863, 0.0, 0.0, 1 
17.48622972613902, 39.75003358059217, 0.0, 0.0, 1 
37.84103256075484, 1.6647442500442022, 0.0, 0.0, 1 
49.743756743205466, 32.694093382054994, 0.0, 0.0, 1 
53.566267143422266, 60.907019786956425, 0.0, 0.0, 1 
34.54783850027247, 31.087198545559925, 0.0, 0.0, 1 
41.20072016268599, 11.817353832234211, 0.0, 0.0, 1 
16.02664912363991, 47.922512558876726, 0.0, 0.0, 1 
49.85037797470844, 51.1411528215577, 0.0, 0.0, 1 
6.820757731423582, 7.6838232332355, 0.0, 0.0, 1 
23.568300446735282, 49.30240987482429, 0.0, 0.0, 1 
12.208928261110273, 41.850648300486135, 0.0, 0.0, 1 
48.743985092114784, 28.085663329053634, 0.0, 0.0, 1 
34.70614296179549, 24.281105506951725, 0.0, 0.0, 1 
41.67904714561933, 46.59387101659186, 0.0, 0.0, 1 
5.150820499179982, 27.25807028652026, 0.0, 0.0, 1 
4.1016544007369165, 30.202553876651066, 0.0, 0.0, 1 
21.182072101880987, 20.76928626877874, 0.0, 0.0, 1 
13.957851451137694, 22.704399806589002, 0.0, 0.0, 1 
46.898394678726675, 28.704020730820243, 0.0, 0.0, 1 
6.288096958441026, 19.41749957714919, 0.0, 0.0, 1 
56.81943198016933, 26.401128442636036, 0.0, 0.0, 1 
3.198180703906322, 15.981924116226848, 0.0, 0.0, 1 
28.408982242404218, 40.21201347440962, 0.0, 0.0, 1 
15.850825717448519, 53.87380020028122, 0.0, 0.0, 1 
19.424709877706256, 15.651957178374419, 0.0, 0.0, 1 
46.928750218121635, 24.275400092454404, 0.0, 0.0, 1 
50.919694981791636, 52.03482068976766, 0.0, 0.0, 1 
6.620858156302925, 12.083548036423661, 0.0, 0.0, 1 
51.79418758794323, 34.356622833496345, 0.0, 0.0, 1 
34.21962662397762, 60.64221905292537, 0.0, 0.0, 1 
21.01981035559923, 3.137561301114706, 0.0, 0.0, 1 
51.60339317235817, 53.83551200983554, 0.0, 0.0, 1 
46.92209916873551, 50.45954299579786, 0.0, 0.0, 1 
27.986067533542112, 25.058965754586797, 0.0, 0.0, 1 
57.071056099839616, 5.632269639042815, 0.0, 0.0, 1 
25.674920582592186, 55.73887797283804, 0.0, 0.0, 1 
39.671298165645844, 60.24869795386041, 0.0, 0.0, 1 
42.36235580345458, 34.45027412194845, 0.0, 0.0, 1 
33.131432519424685, 11.921516121054697, 0.0, 0.0, 1 
53.258223222480886, 51.347269886956674, 0.0, 0.0, 1 
51.44163865175349, 36.27628746813362, 0.0, 0.0, 1 
59.917583859501015, 31.294688551688004, 0.0, 0.0, 1 
16.70284100797347, 2.592841787714225, 0.0, 0.0, 1 
57.67085030326191, 25.530798141286652, 0.0, 0.0, 1 
5.470321722972192, 15.70657178313439, 0.0, 0.0, 1 
39.31973284623342, 17.03985575973074, 0.0, 0.0, 1 
42.068603210041054, 32.58238993160315, 0.0, 0.0, 1 
37.57932022382754, 25.11538897433353, 0.0, 0.0, 1 
5.785995916556379, 60.67745567919289, 0.0, 0.0, 1 
48.487327350228526, 34.5725819371676, 0.0, 0.0, 1 
27.83956271663969, 58.23835535750835, 0.0, 0.0, 1 
27.783917989272037, 49.95136813703173, 0.0, 0.0, 1 
53.83386687473169, 33.230910404493756, 0.0, 0.0, 1 
27.99983380931825, 60.17910765986021, 0.0, 0.0, 1 
27.946856437914505, 11.596376216338989, 0.0, 0.0, 1 
57.567442417106506, 31.086449971906386, 0.0, 0.0, 1 
41.73977726568351, 21.673261031131513, 0.0, 0.0, 1 
57.52833079111253, 23.77008463052039, 0.0, 0.0, 1 
49.92496277427008, 56.54693520911225, 0.0, 0.0, 1 
43.87608462498736, 30.23427891927075, 0.0, 0.0, 1 
43.43279140136931, 59.0072627128559, 0.0, 0.0, 1 
36.421871452725114, 18.401791935021933, 0.0, 0.0, 1 
33.576489657717026, 56.94870008202635, 0.0, 0.0, 1 
46.93278335686102, 47.4521856901533, 0.0, 0.0, 1 
13.126365791805025, 36.45230808264808, 0.0, 0.0, 1 
16.016217001725344, 52.57784815558721, 0.0, 0.0, 1 
49.79546085316163, 1.8878711753108337, 0.0, 0.0, 1 
30.813345689502135, 10.535882682169184, 0.0, 0.0, 1 
26.2529557592837, 58.84776439608804, 0.0, 0.0, 1 
6.774278788089601, 14.294868038911627, 0.0, 0.0, 1 
35.121077925040794, 32.51829717246295, 0.0, 0.0, 1 
24.325048764457204, 59.8562024715769, 0.0, 0.0, 1 
59.43344193249174, 20.861757515797933, 0.0, 0.0, 1 
18.0245559660589, 11.247074187441976, 0.0, 0.0, 1 
51.762702979470006, 15.050193922330893, 0.0, 0.0, 1 
42.259771040120576, 46.522757929944625, 0.0, 0.0, 1 
18.417813804564428, 47.167379998521106, 0.0, 0.0, 1 
31.60942904547338, 60.841592546937896, 0.0, 0.0, 1 
44.8632473394915, 43.758323255159716, 0.0, 0.0, 1 
18.586543891228708, 59.821146460909134, 0.0, 0.0, 1 
5.306169711148503, 43.87235024618334, 0.0, 0.0, 1 
2.6327306510189903, 13.55946562710868, 0.0, 0.0, 1 
60.94572355253376, 9.712103098012543, 0.0, 0.0, 1 
32.17684491828688, 54.93038380152667, 0.0, 0.0, 1 
0.8416836071167775, 51.8944097950393, 0.0, 0.0, 1 
46.15940818731998, 12.504770390000068, 0.0, 0.0, 1 
51.176441288707345, 4.431167189862317, 0.0, 0.0, 1 
26.843464411143145, 38.57635276277923, 0.0, 0.0, 1 
28.94379349929769, 38.55452001266113, 0.0, 0.0, 1 
50.72292813517713, 26.66097538540312, 0.0, 0.0, 1 
55.51791179469293, 4.707144553324103, 0.0, 0.0, 1 
52.47611805204767, 20.339524193525985, 0.0, 0.0, 1 
10.782848803537568, 16.646422978775938, 0.0, 0.0, 1 
50.2087640851779, 27.96166656654412, 0.0, 0.0, 1 
15.980564885662849, 56.58007589136986, 0.0, 0.0, 1 
3.3654931549575626, 24.601412018541243, 0.0, 0.0, 1 
2.725299049771993, 50.16486415796827, 0.0, 0.0, 1 
0.9618848491609908, 57.697322595435274, 0.0, 0.0, 1 
25.01356332985511, 27.892521552249278, 0.0, 0.0, 1 
51.52512475097516, 4.226339930060381, 0.0, 0.0, 1 
41.26342279231323, 25.960704142606133, 0.0, 0.0, 1 
58.28350422006523, 60.56028931483581, 0.0, 0.0, 1 
5.347803469278294, 44.63894468213894, 0.0, 0.0, 1 
26.672235528959607, 37.44550468004581, 0.0, 0.0, 1 
34.49230642934611, 60.922949652912436, 0.0, 0.0, 1 
41.967341466980905, 34.445133018094694, 0.0, 0.0, 1 
46.840041390302716, 3.236001170443478, 0.0, 0.0, 1 
52.03626613207599, 26.114698840920674, 0.0, 0.0, 1 
29.499107773639853, 54.14232703681355, 0.0, 0.0, 1 
47.6423556757646, 20.07811182937551, 0.0, 0.0, 1 
59.764149609213696, 29.053090993676616, 0.0, 0.0, 1 
33.29848167745067, 1.4286469021639203, 0.0, 0.0, 1 
8.691099863788681, 42.05537401727933, 0.0, 0.0, 1 
55.225267351540886, 47.95651212237545, 0.0, 0.0, 1 
37.72479291964822, 28.092502341456346, 0.0, 0.0, 1 
22.05530834248949, 1.176696753844552, 0.0, 0.0, 1 
1.2309505919781198, 26.69792804337674, 0.0, 0.0, 1 
45.02170387266893, 59.943267647643616, 0.0, 0.0, 1 
33.38554903142495, 46.189705216455174, 0.0, 0.0, 1 
18.73300375970512, 43.68122235674732, 0.0, 0.0, 1 
21.402487494088337, 52.26758529620201, 0.0, 0.0, 1 
19.81100711708629, 40.40893873943767, 0.0, 0.0, 1 
22.032806567449885, 32.43759583488128, 0.0, 0.0, 1 
35.84625647449739, 25.552308657141854, 0.0, 0.0, 1 
23.716607595699006, 56.673035145524025, 0.0, 0.0, 1 
36.487298310551935, 35.26535216229739, 0.0, 0.0, 1 
50.122433919054856, 49.86043076643331, 0.0, 0.0, 1 
26.371669390175718, 5.427076765717379, 0.0, 0.0, 1 
36.749203031519734, 28.627553255568497, 0.0, 0.0, 1 
