1000
 Lattice="60.79466553213746 0.0 0.0 0.0 60.79466553213746 0.0 0.0 0.0 1.0"Properties=species:S:1:pos:R:3:aspherical_shape:R:3:orientation:R:4:Color:R:1
cell 36.52478946629658 14.969552295805432 0.0 1.0 1.0 1 0 0 0.0 1.0 0.0
cell 23.465195558378614 56.05963044340712 0.0 1.0 1.0 1 0 0 0.0 1.0 0.0
cell 12.702022883375761 14.064335904787402 0.0 1.0 1.0 1 0 0 0.0 1.0 0.0
cell 42.1134220762605 47.90601840170766 0.0 1.0 1.0 1 0 0 0.0 1.0 0.0
cell 52.06216919933429 55.446781507971444 0.0 1.0 1.0 1 0 0 0.0 1.0 0.0
cell 18.01992537580251 44.80354629073485 0.0 1.0 1.0 1 0 0 0.0 1.0 0.0
cell 10.285961650273093 31.828339766027497 0.0 1.0 1.0 1 0 0 0.0 1.0 0.0
cell 60.558169693729035 27.2247093374714 0.0 1.0 1.0 1 0 0 0.0 1.0 0.0
cell 2.0931043596393377 2.1174628126349186 0.0 1.0 1.0 1 0 0 0.0 1.0 0.0
cell 34.0283994353464 1.794815770214154 0.0 1.0 1.0 1 0 0 0.0 1.0 0.0
cell 9.67421036365033 9.576299862562738 0.0 1.0 1.0 1 0 0 0.0 1.0 0.0
cell 33.735881255802745 54.50496021962173 0.0 1.0 1.0 1 0 0 0.0 1.0 0.0
cell 53.967800098669315 59.032832424427234 0.0 1.0 1.0 1 0 0 0.0 1.0 0.0
cell 6.7645336415152055 12.481767155349061 0.0 1.0 1.0 1 0 0 0.0 1.0 0.0
cell 45.22073845893001 11.570418950065955 0.0 1.0 1.0 1 0 0 0.0 1.0 0.0
cell 43.0223838929551 4.499955198628272 0.0 1.0 1.0 1 0 0 0.0 1.0 0.0
cell 29.10016481045758 13.015413743891402 0.0 1.0 1.0 1 0 0 0.0 1.0 0.0
cell 11.11420290061876 8.148209891386951 0.0 1.0 1.0 1 0 0 0.0 1.0 0.0
cell 30.422604644453784 1.906475118535071 0.0 1.0 1.0 1 0 0 0.0 1.0 0.0
cell 39.974513667383874 28.27478744796651 0.0 1.0 1.0 1 0 0 0.0 1.0 0.0
cell 55.6256063112745 43.18339034248636 0.0 1.0 1.0 1 0 0 0.0 1.0 0.0
cell 7.981015530554146 36.775288932221244 0.0 1.0 1.0 1 0 0 0.0 1.0 0.0
cell 21.48816899211174 5.262603583747064 0.0 1.0488088481701516 0.9534625892455922 1 0 0 0.3790791144093259 -0.9253642661236932 5.505583440612847
cell 48.420274321246616 9.197073301681607 0.0 1.0 1.0 1 0 0 0.0 1.0 0.0
cell 54.181356241906315 10.839783820146062 0.0 1.0 1.0 1 0 0 0.0 1.0 0.0
cell 54.505236736780425 44.930352568599815 0.0 1.0 1.0 1 0 0 0.0 1.0 0.0
cell 34.350736606128145 9.957077956733654 0.0 1.0 1.0 1 0 0 0.0 1.0 0.0
cell 9.284520574737716 15.020928853591517 0.0 1.0 1.0 1 0 0 0.0 1.0 0.0
cell 11.752987368130876 30.32264236126345 0.0 1.0 1.0 1 0 0 0.0 1.0 0.0
cell 47.90257992703165 7.098924018209863 0.0 1.0 1.0 1 0 0 0.0 1.0 0.0
cell 18.320482240090755 0.8787715819277494 0.0 1.0 1.0 1 0 0 0.0 1.0 0.0
cell 55.17814858690826 14.792848997635327 0.0 1.0 1.0 1 0 0 0.0 1.0 0.0
cell 6.884043380488986 32.79036196828966 0.0 1.0 1.0 1 0 0 0.0 1.0 0.0
cell 47.90255680373361 32.082098709072625 0.0 1.0 1.0 1 0 0 0.0 1.0 0.0
cell 25.634022106069153 33.9242011829476 0.0 1.0 1.0 1 0 0 0.0 1.0 0.0
cell 17.489874920325736 24.506854919000073 0.0 1.0 1.0 1 0 0 0.0 1.0 0.0
cell 56.883381816382325 0.399672897352611 0.0 1.0488088481701516 0.9534625892455922 1 0 0 0.5735565067605609 0.8191659987771848 1.2216818177352327
cell 24.888222505712072 37.54658339502126 0.0 1.0488088481701516 0.9534625892455922 1 0 0 0.28635188026032155 0.9581245225289761 0.5808341927368463
cell 30.912415360867893 42.04686728377365 0.0 1.0 1.0 1 0 0 0.0 1.0 0.0
cell 49.147116462849766 5.5490640669775955 0.0 1.0 1.0 1 0 0 0.0 1.0 0.0
cell 47.590494583405075 22.816715446329837 0.0 1.264911064067352 0.7905694150420947 1 0 0 0.4277333814637837 -0.9039049476474599 5.399217907732416
cell 39.70363623868426 8.69657162592702 0.0 1.0 1.0 1 0 0 0.0 1.0 0.0
cell 4.5437828549275 38.148316025766924 0.0 1.0 1.0 1 0 0 0.0 1.0 0.0
cell 57.62531406726478 43.2632111582467 0.0 1.0 1.0 1 0 0 0.0 1.0 0.0
cell 17.78175625203388 59.76442393676449 0.0 1.0 1.0 1 0 0 0.0 1.0 0.0
cell 3.5529388098111503 56.07686316341965 0.0 1.0 1.0 1 0 0 0.0 1.0 0.0
cell 44.94238010568976 53.35543150205543 0.0 1.0 1.0 1 0 0 0.0 1.0 0.0
cell 41.64346178979203 11.643013946507326 0.0 1.0 1.0 1 0 0 0.0 1.0 0.0
cell 7.000352492279598 60.4443097043878 0.0 1.0 1.0 1 0 0 0.0 1.0 0.0
cell 41.00745623579232 49.635491680417275 0.0 1.0 1.0 1 0 0 0.0 1.0 0.0
cell 14.140417838636301 12.57279828305654 0.0 1.0 1.0 1 0 0 0.0 1.0 0.0
cell 20.149144709055577 14.10987810148301 0.0 1.0 1.0 1 0 0 0.0 1.0 0.0
cell 28.865346028061744 32.85981591043123 0.0 1.0 1.0 1 0 0 0.0 1.0 0.0
cell 43.24866310159633 8.502527293330242 0.0 1.0 1.0 1 0 0 0.0 1.0 0.0
cell 49.11008315506026 19.186407886635106 0.0 1.0 1.0 1 0 0 0.0 1.0 0.0
cell 1.1373512198832871 5.51136951343038 0.0 1.0 1.0 1 0 0 0.0 1.0 0.0
cell 16.67598011305385 15.074016673374905 0.0 1.0 1.0 1 0 0 0.0 1.0 0.0
cell 21.199188985316294 18.078330262783805 0.0 1.0 1.0 1 0 0 0.0 1.0 0.0
cell 8.180646493773095 11.042774057189375 0.0 1.0 1.0 1 0 0 0.0 1.0 0.0
cell 17.62301713384756 11.664310626289495 0.0 1.0 1.0 1 0 0 0.0 1.0 0.0
cell 28.202042302810202 48.47197593533629 0.0 1.0 1.0 1 0 0 0.0 1.0 0.0
cell 33.0571180629525 17.172343932690016 0.0 1.0 1.0 1 0 0 0.0 1.0 0.0
cell 18.29628805515271 33.8603424494137 0.0 1.0 1.0 1 0 0 0.0 1.0 0.0
cell 56.198479036581475 32.460097261571875 0.0 1.0 1.0 1 0 0 0.0 1.0 0.0
cell 15.108442748221984 9.14831130637232 0.0 1.0 1.0 1 0 0 0.0 1.0 0.0
cell 59.110443999436555 57.667855414001956 0.0 1.0488088481701516 0.9534625892455922 1 0 0 0.7676225437902346 -0.6409022002341771 4.532938668246233
cell 23.43123307634082 44.56397818874628 0.0 1.0 1.0 1 0 0 0.0 1.0 0.0
cell 29.107049909082377 20.12121887456309 0.0 1.0 1.0 1 0 0 0.0 1.0 0.0
cell 52.68933807042563 12.314556057922157 0.0 1.0 1.0 1 0 0 0.0 1.0 0.0
cell 39.701188476806024 54.92351347861328 0.0 1.0 1.0 1 0 0 0.0 1.0 0.0
cell 15.127640859690231 29.371156108982156 0.0 1.0 1.0 1 0 0 0.0 1.0 0.0
cell 40.35767442091731 40.69599276222491 0.0 1.0 1.0 1 0 0 0.0 1.0 0.0
cell 43.04342809656193 49.73119439389478 0.0 1.0 1.0 1 0 0 0.0 1.0 0.0
cell 34.7056222906814 52.82668684680987 0.0 1.0 1.0 1 0 0 0.0 1.0 0.0
cell 55.21258462775639 53.825081837203044 0.0 1.0 1.0 1 0 0 0.0 1.0 0.0
cell 20.857448417239866 36.314888834490546 0.0 1.0 1.0 1 0 0 0.0 1.0 0.0
cell 8.389184487589796 58.934015664421366 0.0 1.0 1.0 1 0 0 0.0 1.0 0.0
cell 58.139889664880016 11.881705999408785 0.0 1.0 1.0 1 0 0 0.0 1.0 0.0
cell 2.6511153221555266 54.18838234918707 0.0 1.0 1.0 1 0 0 0.0 1.0 0.0
cell 53.88655105128901 35.9629655198116 0.0 1.0 1.0 1 0 0 0.0 1.0 0.0
cell 55.609605762319056 9.372388492243934 0.0 1.0 1.0 1 0 0 0.0 1.0 0.0
cell 59.13319523381461 34.410683153869805 0.0 1.0 1.0 1 0 0 0.0 1.0 0.0
cell 41.279872921554485 42.535055330970536 0.0 1.0 1.0 1 0 0 0.0 1.0 0.0
cell 31.42464884078712 34.96405960634181 0.0 1.0 1.0 1 0 0 0.0 1.0 0.0
cell 0.021427113405522332 1.450642437592342 0.0 1.0488088481701516 0.9534625892455922 1 0 0 0.8153028767660401 -0.5790347305101994 4.376681158519902
cell 59.47824305267479 2.9750186349636185 0.0 1.0 1.0 1 0 0 0.0 1.0 0.0
cell 17.359173307168454 48.86387658452752 0.0 1.0 1.0 1 0 0 0.0 1.0 0.0
cell 13.168165940718088 28.83829221845489 0.0 1.0 1.0 1 0 0 0.0 1.0 0.0
cell 23.985545668218215 51.98045749867538 0.0 1.0 1.0 1 0 0 0.0 1.0 0.0
cell 13.909361362542404 48.26122875504513 0.0 1.0 1.0 1 0 0 0.0 1.0 0.0
cell 49.87451830997201 58.9224564406623 0.0 1.0 1.0 1 0 0 0.0 1.0 0.0
cell 59.46665815036639 23.195471177654433 0.0 1.0 1.0 1 0 0 0.0 1.0 0.0
cell 5.865391618034185 15.92652425126146 0.0 1.0 1.0 1 0 0 0.0 1.0 0.0
cell 48.91326805495929 57.06224243036624 0.0 1.0 1.0 1 0 0 0.0 1.0 0.0
cell 5.26611184087287 40.0213552228988 0.0 1.0488088481701516 0.9534625892455922 1 0 0 0.5293091087055262 -0.8484290585790668 5.167613227147907
cell 16.153866173572204 13.12847329251383 0.0 1.0 1.0 1 0 0 0.0 1.0 0.0
cell 7.5290876945878535 1.633144454706825 0.0 1.0 1.0 1 0 0 0.0 1.0 0.0
cell 20.851324285501246 23.522287736852505 0.0 1.0 1.0 1 0 0 0.0 1.0 0.0
cell 56.43731653119408 48.556988767443556 0.0 1.0 1.0 1 0 0 0.0 1.0 0.0
cell 28.82782943084561 25.547274563592882 0.0 1.0 1.0 1 0 0 0.0 1.0 0.0
cell 26.7352256122092 8.270312423040814 0.0 1.0954451150103324 0.9128709291752768 1 0 0 -0.010115176371364429 0.9999488402948303 6.262954609436837
cell 38.98681395427373 26.47674777005889 0.0 1.0 1.0 1 0 0 0.0 1.0 0.0
cell 16.890836851619802 22.466844281932644 0.0 1.0 1.0 1 0 0 0.0 1.0 0.0
cell 52.61620152458576 4.7907489138954125 0.0 1.0 1.0 1 0 0 0.0 1.0 0.0
cell 56.5889486482226 44.98932970488046 0.0 1.0 1.0 1 0 0 0.0 1.0 0.0
cell 59.42546497586044 50.48204894676962 0.0 1.0 1.0 1 0 0 0.0 1.0 0.0
cell 18.98466433147904 50.15763994079242 0.0 1.0 1.0 1 0 0 0.0 1.0 0.0
cell 37.511343615241046 60.43012957744883 0.0 1.0 1.0 1 0 0 0.0 1.0 0.0
cell 55.11386192916255 30.77699654090907 0.0 1.0 1.0 1 0 0 0.0 1.0 0.0
cell 7.289712328030944 14.476161387239516 0.0 1.0 1.0 1 0 0 0.0 1.0 0.0
cell 12.266551178620787 32.28565939098214 0.0 1.0 1.0 1 0 0 0.0 1.0 0.0
cell 28.682843982468473 11.007420298038392 0.0 1.0 1.0 1 0 0 0.0 1.0 0.0
cell 4.928363227037043 32.15958458219457 0.0 1.0 1.0 1 0 0 0.0 1.0 0.0
cell 4.757959647641633 50.70932254324077 0.0 1.0 1.0 1 0 0 0.0 1.0 0.0
cell 2.709518669506084 50.62082797549215 0.0 1.0 1.0 1 0 0 0.0 1.0 0.0
cell 21.95838631773917 7.278053365695168 0.0 1.0 1.0 1 0 0 0.0 1.0 0.0
cell 6.562127791440983 50.93133243557672 0.0 1.0 1.0 1 0 0 0.0 1.0 0.0
cell 53.70875358655972 16.285705399397354 0.0 1.0488088481701516 0.9534625892455922 1 0 0 0.10089019828683736 -0.9948975665311695 6.081061018278752
cell 35.92860111929162 6.837638102413433 0.0 1.0 1.0 1 0 0 0.0 1.0 0.0
cell 6.971223409714896 43.7885591627627 0.0 1.0 1.0 1 0 0 0.0 1.0 0.0
cell 4.381749692061531 17.36998232457665 0.0 1.0 1.0 1 0 0 0.0 1.0 0.0
cell 39.7478161923448 31.800403666046105 0.0 1.0 1.0 1 0 0 0.0 1.0 0.0
cell 36.01476715452742 24.580653585522548 0.0 1.0 1.0 1 0 0 0.0 1.0 0.0
cell 50.11305854052678 28.58097292292913 0.0 1.0 1.0 1 0 0 0.0 1.0 0.0
cell 28.844098803681234 41.78414684920998 0.0 1.0 1.0 1 0 0 0.0 1.0 0.0
cell 19.285070051606436 48.0719412807761 0.0 1.0 1.0 1 0 0 0.0 1.0 0.0
cell 39.59764684571866 58.50167545716637 0.0 1.0 1.0 1 0 0 0.0 1.0 0.0
cell 39.609586951213885 35.31294468376576 0.0 1.0 1.0 1 0 0 0.0 1.0 0.0
cell 16.4637189595392 43.52848070346346 0.0 1.0 1.0 1 0 0 0.0 1.0 0.0
cell 24.576133339456398 29.995365695091863 0.0 1.0 1.0 1 0 0 0.0 1.0 0.0
cell 45.7879144985516 58.72271487788636 0.0 1.0 1.0 1 0 0 0.0 1.0 0.0
cell 1.7094452879542592 7.519278809583633 0.0 1.0 1.0 1 0 0 0.0 1.0 0.0
cell 42.72460255029536 56.79340009747971 0.0 1.0 1.0 1 0 0 0.0 1.0 0.0
cell 27.071374983236836 32.437697432898126 0.0 1.0 1.0 1 0 0 0.0 1.0 0.0
cell 7.473379433734342 21.86449405211305 0.0 1.0 1.0 1 0 0 0.0 1.0 0.0
cell 38.61647634595782 56.63686282523553 0.0 1.0 1.0 1 0 0 0.0 1.0 0.0
cell 34.12358413368153 5.909916711722631 0.0 1.0 1.0 1 0 0 0.0 1.0 0.0
cell 27.701890359729145 40.02805138188617 0.0 1.0488088481701516 0.9534625892455922 1 0 0 0.795924076322716 0.6053964525249808 1.8410649004522923
cell 58.33727755322188 19.23588689443125 0.0 1.0 1.0 1 0 0 0.0 1.0 0.0
cell 10.748701486749999 13.551010794245785 0.0 1.0 1.0 1 0 0 0.0 1.0 0.0
cell 3.3022235859545472 13.404506752233342 0.0 1.0 1.0 1 0 0 0.0 1.0 0.0
cell 12.624461703819478 39.68252589860566 0.0 1.0 1.0 1 0 0 0.0 1.0 0.0
cell 49.318842339317904 46.43950276669521 0.0 1.0 1.0 1 0 0 0.0 1.0 0.0
cell 10.593332936616552 39.18275991886417 0.0 1.0 1.0 1 0 0 0.0 1.0 0.0
cell 31.30612059586141 18.36035269812774 0.0 1.0 1.0 1 0 0 0.0 1.0 0.0
cell 15.736536092620309 31.345400560815072 0.0 1.0 1.0 1 0 0 0.0 1.0 0.0
cell 41.03643377325661 26.559069740178995 0.0 1.0 1.0 1 0 0 0.0 1.0 0.0
cell 58.90236087745457 37.982039062821336 0.0 1.0 1.0 1 0 0 0.0 1.0 0.0
cell 53.0057290242655 57.22471119624986 0.0 1.0 1.0 1 0 0 0.0 1.0 0.0
cell 52.48983323991841 44.805258947614824 0.0 1.0 1.0 1 0 0 0.0 1.0 0.0
cell 19.571730424409388 12.196675367316818 0.0 1.0 1.0 1 0 0 0.0 1.0 0.0
cell 35.75863629740318 59.44555526639577 0.0 1.0 1.0 1 0 0 0.0 1.0 0.0
cell 4.699612842887044 54.43963664777681 0.0 1.0 1.0 1 0 0 0.0 1.0 0.0
cell 5.654237963600797 56.24038584680334 0.0 1.0488088481701516 0.9534625892455922 1 0 0 0.9426564121895881 0.333764720361295 2.461003650540527
cell 25.783879254144278 39.43880296656355 0.0 1.0 1.0 1 0 0 0.0 1.0 0.0
cell 20.297010094876452 21.552100290532913 0.0 1.0 1.0 1 0 0 0.0 1.0 0.0
cell 3.852287066539999 48.93063998284441 0.0 1.0 1.0 1 0 0 0.0 1.0 0.0
cell 49.63781751747298 39.32350238917622 0.0 1.0 1.0 1 0 0 0.0 1.0 0.0
cell 56.33594743293729 52.10866977812574 0.0 1.0 1.0 1 0 0 0.0 1.0 0.0
cell 9.479138914025341 2.1333824145504687 0.0 1.0 1.0 1 0 0 0.0 1.0 0.0
cell 9.915570895531399 57.525280311985654 0.0 1.0 1.0 1 0 0 0.0 1.0 0.0
cell 13.065192187896733 8.62140420031291 0.0 1.0 1.0 1 0 0 0.0 1.0 0.0
cell 47.23207009894947 12.545633002149458 0.0 1.0488088481701516 0.9534625892455922 1 0 0 0.35150223775330214 0.9361870415971485 0.7183505109095849
cell 19.714201005443314 57.95329153040419 0.0 1.140175425099138 0.8770580193070291 1 0 0 0.7498846990734862 0.6615685437620709 1.6957755551785667
cell 4.957690537986032 19.38651322947744 0.0 1.0 1.0 1 0 0 0.0 1.0 0.0
cell 10.598974231222513 26.362810976356425 0.0 1.0 1.0 1 0 0 0.0 1.0 0.0
cell 15.472149907540857 23.963951884371802 0.0 1.0 1.0 1 0 0 0.0 1.0 0.0
cell 36.40513647060699 12.943552816609612 0.0 1.0 1.0 1 0 0 0.0 1.0 0.0
cell 57.851768694822184 39.722049087058586 0.0 1.0 1.0 1 0 0 0.0 1.0 0.0
cell 14.246127208833988 46.266059242283845 0.0 1.0 1.0 1 0 0 0.0 1.0 0.0
cell 49.81342965276875 1.7463851379662256 0.0 1.0 1.0 1 0 0 0.0 1.0 0.0
cell 47.76438627125746 1.6561661074452905 0.0 1.0 1.0 1 0 0 0.0 1.0 0.0
cell 47.73513590211253 35.69619798367857 0.0 1.0 1.0 1 0 0 0.0 1.0 0.0
cell 33.47776394951155 35.064761095658994 0.0 1.0 1.0 1 0 0 0.0 1.0 0.0
cell 41.47944740695618 38.9978822117574 0.0 1.0 1.0 1 0 0 0.0 1.0 0.0
cell 28.606608104397854 59.60190130325804 0.0 1.0 1.0 1 0 0 0.0 1.0 0.0
cell 31.55371709833645 22.412578974191533 0.0 1.0 1.0 1 0 0 0.0 1.0 0.0
cell 29.75223555528316 47.25500870256303 0.0 1.0 1.0 1 0 0 0.0 1.0 0.0
cell 51.708646215247995 8.315701965978752 0.0 1.0 1.0 1 0 0 0.0 1.0 0.0
cell 32.85175260394014 13.045150911692074 0.0 1.0 1.0 1 0 0 0.0 1.0 0.0
cell 47.95536230256294 55.30824665040224 0.0 1.0 1.0 1 0 0 0.0 1.0 0.0
cell 18.593411994798316 40.93074647154316 0.0 1.0 1.0 1 0 0 0.0 1.0 0.0
cell 42.91592028216144 30.118479065985017 0.0 1.0 1.0 1 0 0 0.0 1.0 0.0
cell 41.14497083589479 3.549732735846519 0.0 1.0 1.0 1 0 0 0.0 1.0 0.0
cell 36.637468156812965 17.03557814703462 0.0 1.0 1.0 1 0 0 0.0 1.0 0.0
cell 2.065722326061239 41.67789280525599 0.0 1.0 1.0 1 0 0 0.0 1.0 0.0
cell 25.40339456549844 43.64913338996294 0.0 1.0954451150103324 0.9128709291752768 1 0 0 0.5654166581527621 -0.824805433228566 5.081308656206514
cell 2.221364241969505 9.495479280522424 0.0 1.0 1.0 1 0 0 0.0 1.0 0.0
cell 40.69507096494795 33.63943316462371 0.0 1.0 1.0 1 0 0 0.0 1.0 0.0
cell 60.03327007194141 25.153885339486763 0.0 1.0 1.0 1 0 0 0.0 1.0 0.0
cell 0.5836410702883794 54.109138093415204 0.0 1.0 1.0 1 0 0 0.0 1.0 0.0
cell 30.83615476478662 26.034371654114402 0.0 1.0 1.0 1 0 0 0.0 1.0 0.0
cell 3.0359791291125884 59.54386336874837 0.0 1.0 1.0 1 0 0 0.0 1.0 0.0
cell 3.216979159626991 39.95472433028665 0.0 1.0 1.0 1 0 0 0.0 1.0 0.0
cell 15.167992849961834 51.644525558792644 0.0 1.0 1.0 1 0 0 0.0 1.0 0.0
cell 50.133572660114694 51.80345985162795 0.0 1.0 1.0 1 0 0 0.0 1.0 0.0
cell 33.02551255229447 15.108877726392057 0.0 1.0 1.0 1 0 0 0.0 1.0 0.0
cell 41.837526865045945 31.87695067658965 0.0 1.0 1.0 1 0 0 0.0 1.0 0.0
cell 56.6078949661964 26.049570883216408 0.0 1.0 1.0 1 0 0 0.0 1.0 0.0
cell 3.6820624857006607 7.977771597958163 0.0 1.0 1.0 1 0 0 0.0 1.0 0.0
cell 31.29756674013223 16.099484781996413 0.0 1.0 1.0 1 0 0 0.0 1.0 0.0
cell 14.90338948068464 1.7472713841143495 0.0 1.0 1.0 1 0 0 0.0 1.0 0.0
cell 43.495909326464364 12.60004299854996 0.0 1.0 1.0 1 0 0 0.0 1.0 0.0
cell 39.23990826545159 42.42973874651993 0.0 1.0 1.0 1 0 0 0.0 1.0 0.0
cell 4.966704678416358 59.96196404882221 0.0 1.0 1.0 1 0 0 0.0 1.0 0.0
cell 2.627064295445618 4.0523453054141525 0.0 1.0 1.0 1 0 0 0.0 1.0 0.0
cell 29.6368738661887 50.85800489206443 0.0 1.0 1.0 1 0 0 0.0 1.0 0.0
cell 1.8606832241268574 14.910608280148107 0.0 1.0 1.0 1 0 0 0.0 1.0 0.0
cell 19.039985146424943 10.193281850288992 0.0 1.0 1.0 1 0 0 0.0 1.0 0.0
cell 45.906392535513895 55.184842586844866 0.0 1.0 1.0 1 0 0 0.0 1.0 0.0
cell 3.836021402843855 15.425155676066455 0.0 1.0 1.0 1 0 0 0.0 1.0 0.0
cell 3.003431162013057 43.50244805889344 0.0 1.0 1.0 1 0 0 0.0 1.0 0.0
cell 52.82489563058998 37.687922979765666 0.0 1.0 1.0 1 0 0 0.0 1.0 0.0
cell 1.5371034299802846 33.081485596271904 0.0 1.0 1.0 1 0 0 0.0 1.0 0.0
cell 14.41912867875343 44.0240599385934 0.0 1.140175425099138 0.8770580193070291 1 0 0 0.8992993249018402 -0.4373336532112462 4.046855878891927
cell 30.705811726304876 54.60674505047281 0.0 1.0 1.0 1 0 0 0.0 1.0 0.0
cell 0.7382470100015581 50.56776507686988 0.0 1.0 1.0 1 0 0 0.0 1.0 0.0
cell 13.236013729558943 52.33431292305903 0.0 1.0 1.0 1 0 0 0.0 1.0 0.0
cell 14.514410382433818 55.70585566456022 0.0 1.0 1.0 1 0 0 0.0 1.0 0.0
cell 37.717626956027736 31.706261471555262 0.0 1.0 1.0 1 0 0 0.0 1.0 0.0
cell 23.993703101660657 27.965890308257062 0.0 1.0 1.0 1 0 0 0.0 1.0 0.0
cell 23.128256824631677 46.61286822910591 0.0 1.0 1.0 1 0 0 0.0 1.0 0.0
cell 37.54703650246884 35.25758940369133 0.0 1.0 1.0 1 0 0 0.0 1.0 0.0
cell 44.04771031410438 20.745707598497958 0.0 1.0 1.0 1 0 0 0.0 1.0 0.0
cell 15.429201877647763 36.744940728041364 0.0 1.0 1.0 1 0 0 0.0 1.0 0.0
cell 8.551266947010589 5.574676077783993 0.0 1.0 1.0 1 0 0 0.0 1.0 0.0
cell 1.5153944377112047 55.8632651372995 0.0 1.0 1.0 1 0 0 0.0 1.0 0.0
cell 38.218640255217785 13.870659371608898 0.0 1.0 1.0 1 0 0 0.0 1.0 0.0
cell 58.02392120123697 4.433466925323765 0.0 1.0 1.0 1 0 0 0.0 1.0 0.0
cell 51.665162842851345 39.43536294369862 0.0 1.0 1.0 1 0 0 0.0 1.0 0.0
cell 54.06411044928777 3.4563642731648403 0.0 1.0 1.0 1 0 0 0.0 1.0 0.0
cell 52.916704583152296 19.725998382163443 0.0 1.0 1.0 1 0 0 0.0 1.0 0.0
cell 3.586694967995379 0.6690584772423874 0.0 1.0 1.0 1 0 0 0.0 1.0 0.0
cell 33.27908859447927 38.59054357450653 0.0 1.0 1.0 1 0 0 0.0 1.0 0.0
cell 37.80672635674265 7.758111871992667 0.0 1.0 1.0 1 0 0 0.0 1.0 0.0
cell 0.25799461105443766 8.952228589715128 0.0 1.0 1.0 1 0 0 0.0 1.0 0.0
cell 53.52307153280543 1.6539252011924888 0.0 1.0 1.0 1 0 0 0.0 1.0 0.0
cell 22.138345923510318 52.75140640760114 0.0 1.0 1.0 1 0 0 0.0 1.0 0.0
cell 21.208906472626143 47.38628198248855 0.0 1.0 1.0 1 0 0 0.0 1.0 0.0
cell 9.520352989138765 22.401278921089204 0.0 1.0 1.0 1 0 0 0.0 1.0 0.0
cell 37.783728078235264 51.27947259029256 0.0 1.0 1.0 1 0 0 0.0 1.0 0.0
cell 8.603379417882188 25.828918556483803 0.0 1.0 1.0 1 0 0 0.0 1.0 0.0
cell 25.116022582911967 11.682829089213516 0.0 1.0 1.0 1 0 0 0.0 1.0 0.0
cell 12.055539528379596 24.918397747922825 0.0 1.0 1.0 1 0 0 0.0 1.0 0.0
cell 56.55685740076985 5.927766168140777 0.0 1.0 1.0 1 0 0 0.0 1.0 0.0
cell 4.10196146426893 2.6213830654043173 0.0 1.0 1.0 1 0 0 0.0 1.0 0.0
cell 16.744159667238463 52.91980682814913 0.0 1.0 1.0 1 0 0 0.0 1.0 0.0
cell 0.982976366812551 18.321108192787133 0.0 1.0 1.0 1 0 0 0.0 1.0 0.0
cell 35.16606781620889 22.211038472724887 0.0 1.0 1.0 1 0 0 0.0 1.0 0.0
cell 48.86649545728103 33.91481984321154 0.0 1.0 1.0 1 0 0 0.0 1.0 0.0
cell 39.412147310948626 4.6475377113386775 0.0 1.0 1.0 1 0 0 0.0 1.0 0.0
cell 7.2682318608503484 40.26277873409963 0.0 1.0 1.0 1 0 0 0.0 1.0 0.0
cell 57.16952245755337 15.279956353880028 0.0 1.0 1.0 1 0 0 0.0 1.0 0.0
cell 44.18872083528859 22.766737514710925 0.0 1.0 1.0 1 0 0 0.0 1.0 0.0
cell 13.993335444138538 38.171407448794966 0.0 1.0 1.0 1 0 0 0.0 1.0 0.0
cell 51.53996925676918 42.972301146288 0.0 1.0 1.0 1 0 0 0.0 1.0 0.0
cell 35.75936013361238 0.702112675620289 0.0 1.0 1.0 1 0 0 0.0 1.0 0.0
cell 52.46832166989626 25.13911474422963 0.0 1.0488088481701516 0.9534625892455922 1 0 0 0.9321851370026898 0.36198186467180427 2.400806533452669
cell 46.87311710542496 56.99826317022003 0.0 1.0 1.0 1 0 0 0.0 1.0 0.0
cell 14.502113530064598 7.151638383150993 0.0 1.0 1.0 1 0 0 0.0 1.0 0.0
cell 18.365051925007396 42.77882477178817 0.0 1.0 1.0 1 0 0 0.0 1.0 0.0
cell 57.10298630206883 34.33659231312874 0.0 1.0 1.0 1 0 0 0.0 1.0 0.0
cell 58.04490397198427 59.520280509047026 0.0 1.0488088481701516 0.9534625892455922 1 0 0 0.6760913500530216 0.7368178108484367 1.4848897287028424
cell 44.82088881640491 56.93043038652572 0.0 1.0 1.0 1 0 0 0.0 1.0 0.0
cell 36.87124127427467 49.42859303513159 0.0 1.0 1.0 1 0 0 0.0 1.0 0.0
cell 8.079735381197246 3.639547685035205 0.0 1.0 1.0 1 0 0 0.0 1.0 0.0
cell 13.646742478311424 10.625332181936425 0.0 1.0 1.0 1 0 0 0.0 1.0 0.0
cell 49.192743614145556 13.251241422528285 0.0 1.0 1.0 1 0 0 0.0 1.0 0.0
cell 12.190030197437926 12.070894509026353 0.0 1.0 1.0 1 0 0 0.0 1.0 0.0
cell 26.045188636643616 15.659999972673889 0.0 1.0 1.0 1 0 0 0.0 1.0 0.0
cell 47.545135734511874 14.553209501409247 0.0 1.0488088481701516 0.9534625892455922 1 0 0 -0.0009364730179455739 -0.9999995615090472 0.0018729463096480714
cell 23.074058829312587 11.191192871387951 0.0 1.0 1.0 1 0 0 0.0 1.0 0.0
cell 50.64922432395877 4.2142923016072436 0.0 1.0 1.0 1 0 0 0.0 1.0 0.0
cell 57.74435144260825 17.28843874558203 0.0 1.0 1.0 1 0 0 0.0 1.0 0.0
cell 3.940503471729936 36.201581085843436 0.0 1.0488088481701516 0.9534625892455922 1 0 0 0.9289523648489214 0.3701992758523394 2.3831455970097633
cell 23.271643495926327 60.15217569918662 0.0 1.0 1.0 1 0 0 0.0 1.0 0.0
cell 11.266855189053292 15.512164700187462 0.0 1.0 1.0 1 0 0 0.0 1.0 0.0
cell 54.04372591791112 32.43122295820294 0.0 1.0 1.0 1 0 0 0.0 1.0 0.0
cell 7.156301856350145 27.323276888559715 0.0 1.0 1.0 1 0 0 0.0 1.0 0.0
cell 4.999503434343164 43.63035637277889 0.0 1.0 1.0 1 0 0 0.0 1.0 0.0
cell 41.93247640445094 15.691375537487591 0.0 1.0 1.0 1 0 0 0.0 1.0 0.0
cell 36.09078370990095 8.8732831961579 0.0 1.0 1.0 1 0 0 0.0 1.0 0.0
cell 49.984934488042875 55.34102928045677 0.0 1.0 1.0 1 0 0 0.0 1.0 0.0
cell 54.883386333702695 0.0622693118203526 0.0 1.0 1.0 1 0 0 0.0 1.0 0.0
cell 28.463345682674 18.227427197781967 0.0 1.0 1.0 1 0 0 0.0 1.0 0.0
cell 35.80725133685832 28.126634776732665 0.0 1.0 1.0 1 0 0 0.0 1.0 0.0
cell 24.278659625197218 40.732458195623806 0.0 1.0 1.0 1 0 0 0.0 1.0 0.0
cell 11.16252107476213 28.361305037194185 0.0 1.0 1.0 1 0 0 0.0 1.0 0.0
cell 47.527422926702 20.562471268747956 0.0 1.0488088481701516 0.9534625892455922 1 0 0 0.8667765042356471 0.4986967933574781 2.097403424096401
cell 55.08458933705383 7.386329851452681 0.0 1.0 1.0 1 0 0 0.0 1.0 0.0
cell 23.146075519153516 31.441585223765507 0.0 1.0 1.0 1 0 0 0.0 1.0 0.0
cell 45.027803972540305 9.495859849029388 0.0 1.0 1.0 1 0 0 0.0 1.0 0.0
cell 56.711361018659794 41.46204564572433 0.0 1.0 1.0 1 0 0 0.0 1.0 0.0
cell 4.2476140913996705 10.014966580872006 0.0 1.0 1.0 1 0 0 0.0 1.0 0.0
cell 60.247182262058665 55.80740016890585 0.0 1.0 1.0 1 0 0 0.0 1.0 0.0
cell 8.839989182883613 44.391456234636024 0.0 1.0 1.0 1 0 0 0.0 1.0 0.0
cell 21.867537514444802 43.31368589625226 0.0 1.0 1.0 1 0 0 0.0 1.0 0.0
cell 56.168624046373864 55.633148648464726 0.0 1.0 1.0 1 0 0 0.0 1.0 0.0
cell 15.496290898393577 49.60743995810569 0.0 1.0 1.0 1 0 0 0.0 1.0 0.0
cell 38.83609470621971 22.06538694923118 0.0 1.0 1.0 1 0 0 0.0 1.0 0.0
cell 27.50494201415563 14.284513066068376 0.0 1.0 1.0 1 0 0 0.0 1.0 0.0
cell 34.97598613508299 20.15523545779591 0.0 1.0 1.0 1 0 0 0.0 1.0 0.0
cell 30.56030275369901 8.055584113908694 0.0 1.0 1.0 1 0 0 0.0 1.0 0.0
cell 22.184247167874425 41.12370041766316 0.0 1.0954451150103324 0.9128709291752768 1 0 0 0.7684450066229982 0.6399158318061683 1.7528151934013383
cell 41.25474829820155 5.589946518380523 0.0 1.0 1.0 1 0 0 0.0 1.0 0.0
cell 10.976364945246548 55.36055939789394 0.0 1.1832159566199234 0.8451542547285166 1 0 0 0.7944921493095572 0.6072744228810235 1.836341685351844
cell 37.51147162624713 1.6823895779286735 0.0 1.0 1.0 1 0 0 0.0 1.0 0.0
cell 59.58234257773804 10.421889523440395 0.0 1.0 1.0 1 0 0 0.0 1.0 0.0
cell 33.062758938286485 42.11171109022291 0.0 1.0 1.0 1 0 0 0.0 1.0 0.0
cell 25.024718159585934 45.85292632369151 0.0 1.0 1.0 1 0 0 0.0 1.0 0.0
cell 57.97547259577434 36.165445673362974 0.0 1.0 1.0 1 0 0 0.0 1.0 0.0
cell 29.790489306539396 17.040036575605875 0.0 1.0 1.0 1 0 0 0.0 1.0 0.0
cell 33.147777960338516 19.170285468893354 0.0 1.0 1.0 1 0 0 0.0 1.0 0.0
cell 11.41688251086238 35.771142445195075 0.0 1.0 1.0 1 0 0 0.0 1.0 0.0
cell 28.009769553937677 28.988802846279754 0.0 1.0 1.0 1 0 0 0.0 1.0 0.0
cell 24.9667653547586 4.5923687849489445 0.0 1.0 1.0 1 0 0 0.0 1.0 0.0
cell 35.92708058016636 47.609422563855276 0.0 1.0 1.0 1 0 0 0.0 1.0 0.0
cell 29.49821978812026 34.771079766730914 0.0 1.0 1.0 1 0 0 0.0 1.0 0.0
cell 15.799916785108337 47.56291241178362 0.0 1.0 1.0 1 0 0 0.0 1.0 0.0
cell 6.645242859594845 25.32198288310161 0.0 1.0 1.0 1 0 0 0.0 1.0 0.0
cell 10.678990297841171 45.212058700009266 0.0 1.0954451150103324 0.9128709291752768 1 0 0 0.738896191062513 0.6738192775761986 1.6628614913261588
cell 24.87974184746285 0.6199900849152409 0.0 1.0 1.0 1 0 0 0.0 1.0 0.0
cell 45.08067438837674 49.805110432378854 0.0 1.0 1.0 1 0 0 0.0 1.0 0.0
cell 18.924412062705144 22.99661125274278 0.0 1.0 1.0 1 0 0 0.0 1.0 0.0
cell 3.183919749358456 26.2833203075248 0.0 1.0 1.0 1 0 0 0.0 1.0 0.0
cell 52.97582941310654 34.158363631737856 0.0 1.0 1.0 1 0 0 0.0 1.0 0.0
cell 55.76025926512779 39.653237052193525 0.0 1.0 1.0 1 0 0 0.0 1.0 0.0
cell 6.616210561569042 5.107891501344238 0.0 1.0 1.0 1 0 0 0.0 1.0 0.0
cell 8.056711625689603 23.869710107045023 0.0 1.0 1.0 1 0 0 0.0 1.0 0.0
cell 6.222842870390531 10.512213679480798 0.0 1.0 1.0 1 0 0 0.0 1.0 0.0
cell 27.012993505737185 56.41420077326492 0.0 1.0 1.0 1 0 0 0.0 1.0 0.0
cell 25.07338389993891 31.90896430761037 0.0 1.0 1.0 1 0 0 0.0 1.0 0.0
cell 25.092440854835942 59.35112868828757 0.0 1.0 1.0 1 0 0 0.0 1.0 0.0
cell 26.864536643568613 58.48781812393295 0.0 1.0 1.0 1 0 0 0.0 1.0 0.0
cell 0.3566024932211293 34.64366769073065 0.0 1.0 1.0 1 0 0 0.0 1.0 0.0
cell 51.72160584739151 2.4679798401250714 0.0 1.0 1.0 1 0 0 0.0 1.0 0.0
cell 23.90111166748149 7.872785998516623 0.0 1.0 1.0 1 0 0 0.0 1.0 0.0
cell 21.716078530722562 20.05711379526858 0.0 1.0 1.0 1 0 0 0.0 1.0 0.0
cell 23.703579998410586 20.607514779879107 0.0 1.0 1.0 1 0 0 0.0 1.0 0.0
cell 6.3749231281757055 17.93936593033852 0.0 1.0 1.0 1 0 0 0.0 1.0 0.0
cell 31.616989372386076 27.91700131245841 0.0 1.0 1.0 1 0 0 0.0 1.0 0.0
cell 48.74035751092856 11.214861230626628 0.0 1.0 1.0 1 0 0 0.0 1.0 0.0
cell 44.78620022730977 33.749120001340565 0.0 1.0 1.0 1 0 0 0.0 1.0 0.0
cell 60.49090337934387 6.959525670557462 0.0 1.0 1.0 1 0 0 0.0 1.0 0.0
cell 51.087695797304605 53.62899541553634 0.0 1.0 1.0 1 0 0 0.0 1.0 0.0
cell 18.126658511107852 13.588776960566017 0.0 1.0 1.0 1 0 0 0.0 1.0 0.0
cell 43.91387787631293 18.69931646737369 0.0 1.0 1.0 1 0 0 0.0 1.0 0.0
cell 48.74921520634487 37.516217992551006 0.0 1.0 1.0 1 0 0 0.0 1.0 0.0
cell 43.66332956404129 35.52357816737626 0.0 1.0 1.0 1 0 0 0.0 1.0 0.0
cell 38.47407619515226 37.07394795663507 0.0 1.0 1.0 1 0 0 0.0 1.0 0.0
cell 56.90552454998408 37.863097563924235 0.0 1.0 1.0 1 0 0 0.0 1.0 0.0
cell 3.5985217130096108 33.57383875360554 0.0 1.0 1.0 1 0 0 0.0 1.0 0.0
cell 20.577958119875685 28.935380732333563 0.0 1.0 1.0 1 0 0 0.0 1.0 0.0
cell 18.579054876311073 28.45975175317037 0.0 1.0 1.0 1 0 0 0.0 1.0 0.0
cell 42.21171535289043 19.82792221244587 0.0 1.0 1.0 1 0 0 0.0 1.0 0.0
cell 54.904433150847986 20.20224195167631 0.0 1.0 1.0 1 0 0 0.0 1.0 0.0
cell 51.15220759193282 6.224463121456949 0.0 1.0 1.0 1 0 0 0.0 1.0 0.0
cell 22.570880605766536 29.461169469396182 0.0 1.0 1.0 1 0 0 0.0 1.0 0.0
cell 26.85412585817274 25.05783854456849 0.0 1.0 1.0 1 0 0 0.0 1.0 0.0
cell 12.570627086542691 26.874184251698864 0.0 1.0 1.0 1 0 0 0.0 1.0 0.0
cell 4.609320461613565 4.592236558137089 0.0 1.0 1.0 1 0 0 0.0 1.0 0.0
cell 54.65523149486862 12.822438415070264 0.0 1.0 1.0 1 0 0 0.0 1.0 0.0
cell 44.08685890352565 24.779241910940208 0.0 1.0 1.0 1 0 0 0.0 1.0 0.0
cell 22.928093243383646 3.681409876105541 0.0 1.0488088481701516 0.9534625892455922 1 0 0 0.7478382589273217 -0.6638809671052124 4.5935855844360685
cell 35.130575522364424 42.21512582241465 0.0 1.0 1.0 1 0 0 0.0 1.0 0.0
cell 37.99752434105357 47.68668889616411 0.0 1.0 1.0 1 0 0 0.0 1.0 0.0
cell 55.001676087467295 34.22532556507093 0.0 1.0 1.0 1 0 0 0.0 1.0 0.0
cell 0.27962898174548784 29.19405918452342 0.0 1.0 1.0 1 0 0 0.0 1.0 0.0
cell 23.28969738817719 58.1022223031654 0.0 1.0 1.0 1 0 0 0.0 1.0 0.0
cell 3.75218677586046 28.19833268585979 0.0 1.0 1.0 1 0 0 0.0 1.0 0.0
cell 5.97802182577271 49.0120581828151 0.0 1.0488088481701516 0.9534625892455922 1 0 0 0.9978772850407077 -0.06512237710484899 3.2719296436164265
cell 60.713050377193824 45.18469955150375 0.0 1.0 1.0 1 0 0 0.0 1.0 0.0
cell 19.405222000574515 37.78712166931071 0.0 1.0 1.0 1 0 0 0.0 1.0 0.0
cell 57.39542085167931 50.38527512598266 0.0 1.0 1.0 1 0 0 0.0 1.0 0.0
cell 18.88871587972702 2.81843896925437 0.0 1.0 1.0 1 0 0 0.0 1.0 0.0
cell 23.42528674534544 5.861443237448463 0.0 1.0 1.0 1 0 0 0.0 1.0 0.0
cell 28.881184658904154 55.55007600013152 0.0 1.0 1.0 1 0 0 0.0 1.0 0.0
cell 31.393650769276288 31.266234363296643 0.0 1.0 1.0 1 0 0 0.0 1.0 0.0
cell 28.741683612991437 6.991458554104451 0.0 1.0 1.0 1 0 0 0.0 1.0 0.0
cell 0.664284035565095 23.726524664468382 0.0 1.0 1.0 1 0 0 0.0 1.0 0.0
cell 34.17034697580642 56.458012936476656 0.0 1.0 1.0 1 0 0 0.0 1.0 0.0
cell 49.01879304710467 53.516065083070636 0.0 1.0 1.0 1 0 0 0.0 1.0 0.0
cell 46.04969195520854 28.43107127063173 0.0 1.0 1.0 1 0 0 0.0 1.0 0.0
cell 21.42083135918574 25.505523268265954 0.0 1.0 1.0 1 0 0 0.0 1.0 0.0
cell 41.75853486324113 13.745162830029463 0.0 1.0 1.0 1 0 0 0.0 1.0 0.0
cell 7.563367046690872 56.95450215011835 0.0 1.0 1.0 1 0 0 0.0 1.0 0.0
cell 53.1366712109435 53.71863785296646 0.0 1.0 1.0 1 0 0 0.0 1.0 0.0
cell 47.827077837225254 58.83770100488464 0.0 1.0 1.0 1 0 0 0.0 1.0 0.0
cell 20.92512754190279 3.2925112403982806 0.0 1.0 1.0 1 0 0 0.0 1.0 0.0
cell 2.4757600496977235 38.03739914570231 0.0 1.0 1.0 1 0 0 0.0 1.0 0.0
cell 12.688952694602712 44.98843210171273 0.0 1.0 1.0 1 0 0 0.0 1.0 0.0
cell 34.1886572737868 7.917197509514251 0.0 1.0 1.0 1 0 0 0.0 1.0 0.0
cell 9.997986841690844 37.219936626888426 0.0 1.0 1.0 1 0 0 0.0 1.0 0.0
cell 45.54977558124647 15.538979073264926 0.0 1.0 1.0 1 0 0 0.0 1.0 0.0
cell 51.162708778318745 13.804338295576152 0.0 1.0 1.0 1 0 0 0.0 1.0 0.0
cell 59.73149122980087 17.783243379223958 0.0 1.0 1.0 1 0 0 0.0 1.0 0.0
cell 22.122772207491895 14.625545430420328 0.0 1.0 1.0 1 0 0 0.0 1.0 0.0
cell 1.23983098101689 36.48154752919386 0.0 1.0 1.0 1 0 0 0.0 1.0 0.0
cell 13.716787036609885 30.805443166403467 0.0 1.0 1.0 1 0 0 0.0 1.0 0.0
cell 31.170689208346687 14.089750300580485 0.0 1.0 1.0 1 0 0 0.0 1.0 0.0
cell 8.937409068116537 0.18141418020998903 0.0 1.0 1.0 1 0 0 0.0 1.0 0.0
cell 60.32216658689452 19.758418140879037 0.0 1.0 1.0 1 0 0 0.0 1.0 0.0
cell 19.12714218881738 30.390374195914934 0.0 1.0 1.0 1 0 0 0.0 1.0 0.0
cell 22.295065852959844 22.08896054282944 0.0 1.0 1.0 1 0 0 0.0 1.0 0.0
cell 30.6423121363857 33.13290457857456 0.0 1.0 1.0 1 0 0 0.0 1.0 0.0
cell 43.86502947425203 31.940132039803554 0.0 1.0 1.0 1 0 0 0.0 1.0 0.0
cell 56.00438317141958 36.05410564497643 0.0 1.0 1.0 1 0 0 0.0 1.0 0.0
cell 2.866594208418035 47.08579692192585 0.0 1.0 1.0 1 0 0 0.0 1.0 0.0
cell 20.30476776024699 42.05423790544007 0.0 1.0 1.0 1 0 0 0.0 1.0 0.0
cell 42.74877254182002 33.694008424419394 0.0 1.0 1.0 1 0 0 0.0 1.0 0.0
cell 5.557697026320193 1.1548991736388547 0.0 1.0 1.0 1 0 0 0.0 1.0 0.0
cell 24.075783537437403 15.114341050180744 0.0 1.0 1.0 1 0 0 0.0 1.0 0.0
cell 48.070786895330144 28.500702487735154 0.0 1.0 1.0 1 0 0 0.0 1.0 0.0
cell 2.3777180772462665 57.70740237183109 0.0 1.0 1.0 1 0 0 0.0 1.0 0.0
cell 52.6170981926305 41.24263442649625 0.0 1.0 1.0 1 0 0 0.0 1.0 0.0
cell 58.51518779973754 48.63284708893055 0.0 1.0 1.0 1 0 0 0.0 1.0 0.0
cell 19.707767744014422 32.407594361793315 0.0 1.0 1.0 1 0 0 0.0 1.0 0.0
cell 36.5770518139316 33.45674592981406 0.0 1.0 1.0 1 0 0 0.0 1.0 0.0
cell 36.44878987296043 36.97201519035513 0.0 1.0 1.0 1 0 0 0.0 1.0 0.0
cell 24.66312123187852 9.705973556882565 0.0 1.0488088481701516 0.9534625892455922 1 0 0 0.1546896715426971 -0.9879631093912427 5.972558634665217
cell 34.01800420200356 60.547697343680255 0.0 1.0 1.0 1 0 0 0.0 1.0 0.0
cell 59.962693685491885 60.102891176619494 0.0 1.0 1.0 1 0 0 0.0 1.0 0.0
cell 25.672595335416183 21.104600497740368 0.0 1.0 1.0 1 0 0 0.0 1.0 0.0
cell 38.10665522913779 44.14434813566099 0.0 1.0 1.0 1 0 0 0.0 1.0 0.0
cell 22.633798065980034 16.629503087899675 0.0 1.0 1.0 1 0 0 0.0 1.0 0.0
cell 41.12226553929906 46.10260782606591 0.0 1.0 1.0 1 0 0 0.0 1.0 0.0
cell 30.570585420378897 10.055604001985463 0.0 1.0488088481701516 0.9534625892455922 1 0 0 0.9980065580899069 0.06311030034421737 3.0152881148221606
cell 59.55369184053567 46.91719356367314 0.0 1.0 1.0 1 0 0 0.0 1.0 0.0
cell 28.647671552142427 2.899428097845581 0.0 1.0 1.0 1 0 0 0.0 1.0 0.0
cell 14.39237024936138 60.468073888596486 0.0 1.0488088481701516 0.9534625892455922 1 0 0 0.6907752142269765 -0.7230695702418092 4.758064066878071
cell 44.6971241030649 60.423025553494895 0.0 1.0 1.0 1 0 0 0.0 1.0 0.0
cell 17.42649404920655 4.272115558034917 0.0 1.0 1.0 1 0 0 0.0 1.0 0.0
cell 0.2798618249277208 57.547424045997396 0.0 1.0 1.0 1 0 0 0.0 1.0 0.0
cell 59.054134897892425 8.424129084017627 0.0 1.0 1.0 1 0 0 0.0 1.0 0.0
cell 30.36371029058057 60.676366808426486 0.0 1.0 1.0 1 0 0 0.0 1.0 0.0
cell 53.25034852201549 50.17147686828842 0.0 1.0 1.0 1 0 0 0.0 1.0 0.0
cell 11.990071263015334 37.67231962226589 0.0 1.0 1.0 1 0 0 0.0 1.0 0.0
cell 26.77693371007956 60.55934884618004 0.0 1.0 1.0 1 0 0 0.0 1.0 0.0
cell 17.78918953611984 19.056226842319578 0.0 1.0 1.0 1 0 0 0.0 1.0 0.0
cell 25.32583369896199 6.570044183740708 0.0 1.0 1.0 1 0 0 0.0 1.0 0.0
cell 0.7914466235073603 10.934279881309296 0.0 1.0 1.0 1 0 0 0.0 1.0 0.0
cell 8.957078939351907 20.45148130551875 0.0 1.0 1.0 1 0 0 0.0 1.0 0.0
cell 3.50298377055662 20.809950163079467 0.0 1.0 1.0 1 0 0 0.0 1.0 0.0
cell 3.744518330434973 52.47788867556753 0.0 1.0488088481701516 0.9534625892455922 1 0 0 0.9153802958256958 -0.40259025573660073 3.9702822449887036
cell 57.252093909857635 53.949232287617384 0.0 1.0 1.0 1 0 0 0.0 1.0 0.0
cell 39.06942922300443 46.00267101964521 0.0 1.0 1.0 1 0 0 0.0 1.0 0.0
cell 54.23508452865983 52.01796526553371 0.0 1.0 1.0 1 0 0 0.0 1.0 0.0
cell 36.71760301796563 19.028578853730753 0.0 1.0 1.0 1 0 0 0.0 1.0 0.0
cell 29.481688936939452 15.015769621390678 0.0 1.0 1.0 1 0 0 0.0 1.0 0.0
cell 34.92936645520231 26.36009631388678 0.0 1.0 1.0 1 0 0 0.0 1.0 0.0
cell 30.513896351154724 5.964845940764283 0.0 1.0 1.0 1 0 0 0.0 1.0 0.0
cell 49.83672212726808 7.741733845496667 0.0 1.0 1.0 1 0 0 0.0 1.0 0.0
cell 11.708175115910013 51.07407035976634 0.0 1.0 1.0 1 0 0 0.0 1.0 0.0
cell 32.615594204676874 11.052335153910404 0.0 1.0 1.0 1 0 0 0.0 1.0 0.0
cell 43.33454452979061 10.569256413109814 0.0 1.0 1.0 1 0 0 0.0 1.0 0.0
cell 5.319163000382496 13.96390723446125 0.0 1.0 1.0 1 0 0 0.0 1.0 0.0
cell 18.684531514792493 52.17553917779745 0.0 1.0 1.0 1 0 0 0.0 1.0 0.0
cell 51.44841307610551 21.330293318238727 0.0 1.0 1.0 1 0 0 0.0 1.0 0.0
cell 43.10335683837239 6.497947083221433 0.0 1.0 1.0 1 0 0 0.0 1.0 0.0
cell 21.69937899559702 32.8962883263483 0.0 1.0 1.0 1 0 0 0.0 1.0 0.0
cell 38.080918528041266 11.853893819759003 0.0 1.0 1.0 1 0 0 0.0 1.0 0.0
cell 9.168756175976736 27.829925546598137 0.0 1.0 1.0 1 0 0 0.0 1.0 0.0
cell 42.61016251551069 37.24492272869057 0.0 1.0 1.0 1 0 0 0.0 1.0 0.0
cell 2.6430645030598487 24.25674209431868 0.0 1.0 1.0 1 0 0 0.0 1.0 0.0
cell 25.110361547404587 19.11612016573428 0.0 1.0 1.0 1 0 0 0.0 1.0 0.0
cell 12.917414140581977 21.425600411833027 0.0 1.0 1.0 1 0 0 0.0 1.0 0.0
cell 24.29955336207297 35.40108045713686 0.0 1.0 1.0 1 0 0 0.0 1.0 0.0
cell 30.649381444006625 49.08894276460591 0.0 1.0 1.0 1 0 0 0.0 1.0 0.0
cell 42.63885137774572 60.345029902132055 0.0 1.0 1.0 1 0 0 0.0 1.0 0.0
cell 52.32979456451746 48.36167292798219 0.0 1.0 1.0 1 0 0 0.0 1.0 0.0
cell 19.61262332385011 46.09632391180804 0.0 1.0 1.0 1 0 0 0.0 1.0 0.0
cell 35.79694319165127 51.1178445479891 0.0 1.0 1.0 1 0 0 0.0 1.0 0.0
cell 39.51283119152729 6.650808636181072 0.0 1.0 1.0 1 0 0 0.0 1.0 0.0
cell 60.631276539362304 14.370283529487125 0.0 1.0 1.0 1 0 0 0.0 1.0 0.0
cell 40.66956575782894 56.731903720180625 0.0 1.0 1.0 1 0 0 0.0 1.0 0.0
cell 34.042754429141695 58.48406346006378 0.0 1.0 1.0 1 0 0 0.0 1.0 0.0
cell 54.58210882573327 25.555174261722197 0.0 1.0 1.0 1 0 0 0.0 1.0 0.0
cell 17.238826849582082 17.072386613819294 0.0 1.0 1.0 1 0 0 0.0 1.0 0.0
cell 47.57366962395079 16.4476226286641 0.0 1.1832159566199234 0.8451542547285166 1 0 0 0.9996912195627254 -0.02484885367961194 3.191295476807497
cell 41.07621158751538 1.4157401527133562 0.0 1.0 1.0 1 0 0 0.0 1.0 0.0
cell 11.475634988391075 22.875007269926957 0.0 1.0 1.0 1 0 0 0.0 1.0 0.0
cell 56.665214357066795 13.362528028597625 0.0 1.0 1.0 1 0 0 0.0 1.0 0.0
cell 36.267263077919345 10.888695115513654 0.0 1.0 1.0 1 0 0 0.0 1.0 0.0
cell 10.029071047533648 24.386356439168598 0.0 1.0 1.0 1 0 0 0.0 1.0 0.0
cell 36.92712343932204 26.41860828251685 0.0 1.0 1.0 1 0 0 0.0 1.0 0.0
cell 37.87664826551927 28.19627325072227 0.0 1.0 1.0 1 0 0 0.0 1.0 0.0
cell 57.611945245869464 9.928958740873103 0.0 1.0 1.0 1 0 0 0.0 1.0 0.0
cell 4.365637003118513 57.9807729504197 0.0 1.0 1.0 1 0 0 0.0 1.0 0.0
cell 5.719394436221048 28.740958121626104 0.0 1.0 1.0 1 0 0 0.0 1.0 0.0
cell 55.43443758123387 46.72609567722974 0.0 1.0 1.0 1 0 0 0.0 1.0 0.0
cell 25.415878773908375 26.564987064987704 0.0 1.0 1.0 1 0 0 0.0 1.0 0.0
cell 46.308829352879776 44.49591052274537 0.0 1.0 1.0 1 0 0 0.0 1.0 0.0
cell 14.338759598730883 19.96295227504647 0.0 1.0 1.0 1 0 0 0.0 1.0 0.0
cell 7.868510595458072 52.538291128951265 0.0 1.0 1.0 1 0 0 0.0 1.0 0.0
cell 30.207494580655247 24.05251357986261 0.0 1.0 1.0 1 0 0 0.0 1.0 0.0
cell 60.312611432206914 32.75889028473451 0.0 1.0 1.0 1 0 0 0.0 1.0 0.0
cell 59.75412786267193 43.34127079045535 0.0 1.0 1.0 1 0 0 0.0 1.0 0.0
cell 33.59925134705805 31.50049545160128 0.0 1.0 1.0 1 0 0 0.0 1.0 0.0
cell 43.794683499454706 55.090658206332805 0.0 1.0 1.0 1 0 0 0.0 1.0 0.0
cell 22.46511478058734 50.69410447393686 0.0 1.0 1.0 1 0 0 0.0 1.0 0.0
cell 57.56428382110623 46.810282263485846 0.0 1.0 1.0 1 0 0 0.0 1.0 0.0
cell 33.86369851200371 47.48804423275203 0.0 1.0 1.0 1 0 0 0.0 1.0 0.0
cell 37.53389829780784 58.40363306450321 0.0 1.0 1.0 1 0 0 0.0 1.0 0.0
cell 37.027618407046354 45.858208636561365 0.0 1.0 1.0 1 0 0 0.0 1.0 0.0
cell 1.1996934157837416 25.75111715869477 0.0 1.0 1.0 1 0 0 0.0 1.0 0.0
cell 2.2828581498996896 29.7400047637803 0.0 1.0 1.0 1 0 0 0.0 1.0 0.0
cell 17.063050913710786 9.668151578680494 0.0 1.0 1.0 1 0 0 0.0 1.0 0.0
cell 26.871812981745286 3.8652195931246642 0.0 1.0 1.0 1 0 0 0.0 1.0 0.0
cell 45.72063241207388 35.59933197846735 0.0 1.0 1.0 1 0 0 0.0 1.0 0.0
cell 14.574884981694575 27.407886188148392 0.0 1.0 1.0 1 0 0 0.0 1.0 0.0
cell 58.54183030511801 6.460706087121998 0.0 1.0 1.0 1 0 0 0.0 1.0 0.0
cell 42.402623654788506 40.75583083321239 0.0 1.0 1.0 1 0 0 0.0 1.0 0.0
cell 44.94289330930921 30.148298809585377 0.0 1.0 1.0 1 0 0 0.0 1.0 0.0
cell 26.66179466118582 47.13926554722349 0.0 1.0 1.0 1 0 0 0.0 1.0 0.0
cell 36.72791205412119 53.01299780702046 0.0 1.0 1.0 1 0 0 0.0 1.0 0.0
cell 52.13374457833615 28.758289688773008 0.0 1.0 1.0 1 0 0 0.0 1.0 0.0
cell 43.75243980418701 58.611370773589954 0.0 1.0 1.0 1 0 0 0.0 1.0 0.0
cell 10.168785684793944 11.538515388333101 0.0 1.0 1.0 1 0 0 0.0 1.0 0.0
cell 39.34907842066196 2.61706284576102 0.0 1.0 1.0 1 0 0 0.0 1.0 0.0
cell 58.19606671817537 55.76351021147852 0.0 1.0 1.0 1 0 0 0.0 1.0 0.0
cell 43.734428041509965 1.2448111542750995 0.0 1.0 1.0 1 0 0 0.0 1.0 0.0
cell 4.327558250161634 30.190304614107394 0.0 1.0 1.0 1 0 0 0.0 1.0 0.0
cell 14.875856872070406 34.73676634598843 0.0 1.0 1.0 1 0 0 0.0 1.0 0.0
cell 37.97196651385194 9.791765952801736 0.0 1.0 1.0 1 0 0 0.0 1.0 0.0
cell 51.39515712685629 46.56709389266297 0.0 1.0 1.0 1 0 0 0.0 1.0 0.0
cell 0.3979301825165308 16.29955756741204 0.0 1.0 1.0 1 0 0 0.0 1.0 0.0
cell 16.542761550768464 7.697682695653249 0.0 1.0 1.0 1 0 0 0.0 1.0 0.0
cell 51.035115535026954 19.299848763859394 0.0 1.0 1.0 1 0 0 0.0 1.0 0.0
cell 58.66825236053455 13.820816121860808 0.0 1.0 1.0 1 0 0 0.0 1.0 0.0
cell 17.42621482881103 37.21107410670966 0.0 1.0 1.0 1 0 0 0.0 1.0 0.0
cell 33.99694651449604 43.973671728489705 0.0 1.0 1.0 1 0 0 0.0 1.0 0.0
cell 58.25583451558233 32.585815549606664 0.0 1.0 1.0 1 0 0 0.0 1.0 0.0
cell 42.85568684679588 53.271144383066364 0.0 1.0 1.0 1 0 0 0.0 1.0 0.0
cell 6.061590963996737 3.1251654618470357 0.0 1.0 1.0 1 0 0 0.0 1.0 0.0
cell 35.85064699155351 4.821646192079226 0.0 1.0 1.0 1 0 0 0.0 1.0 0.0
cell 29.079658455514064 38.31593225094741 0.0 1.0 1.0 1 0 0 0.0 1.0 0.0
cell 28.52775677852921 0.8634113625924366 0.0 1.0 1.0 1 0 0 0.0 1.0 0.0
cell 46.68727767100034 3.39168576292458 0.0 1.0 1.0 1 0 0 0.0 1.0 0.0
cell 41.52273216060627 9.654676101193871 0.0 1.0 1.0 1 0 0 0.0 1.0 0.0
cell 17.18435208072778 29.889231444280576 0.0 1.0 1.0 1 0 0 0.0 1.0 0.0
cell 58.910886251579065 21.23530388291202 0.0 1.0 1.0 1 0 0 0.0 1.0 0.0
cell 39.81835794511387 10.732032895695738 0.0 1.0 1.0 1 0 0 0.0 1.0 0.0
cell 49.46015998184742 23.264751224973512 0.0 1.0 1.0 1 0 0 0.0 1.0 0.0
cell 30.678917105887766 52.5832378693327 0.0 1.0 1.0 1 0 0 0.0 1.0 0.0
cell 55.30193810445042 27.4619202403873 0.0 1.0 1.0 1 0 0 0.0 1.0 0.0
cell 53.27709300504787 27.08393403963024 0.0 1.0 1.0 1 0 0 0.0 1.0 0.0
cell 48.08610428628617 51.74722751082094 0.0 1.0 1.0 1 0 0 0.0 1.0 0.0
cell 9.038639332848929 55.66344939680809 0.0 1.0 1.0 1 0 0 0.0 1.0 0.0
cell 2.1133508307771365 22.28246807643542 0.0 1.0 1.0 1 0 0 0.0 1.0 0.0
cell 10.938862032659088 0.7298524288702248 0.0 1.0 1.0 1 0 0 0.0 1.0 0.0
cell 46.75946663323541 60.55227288336053 0.0 1.0 1.0 1 0 0 0.0 1.0 0.0
cell 34.194256233246556 40.45945126436086 0.0 1.0 1.0 1 0 0 0.0 1.0 0.0
cell 9.773175202483618 51.78928199512472 0.0 1.0 1.0 1 0 0 0.0 1.0 0.0
cell 13.789637610137051 18.017872681812285 0.0 1.0 1.0 1 0 0 0.0 1.0 0.0
cell 21.858747059268012 54.79545091388694 0.0 1.0 1.0 1 0 0 0.0 1.0 0.0
cell 21.594416208907507 12.675796509531438 0.0 1.0 1.0 1 0 0 0.0 1.0 0.0
cell 50.16172464651022 17.348906010306223 0.0 1.0488088481701516 0.9534625892455922 1 0 0 0.51823767388369 0.8552366417358543 1.0895780626176037
cell 0.8531718620433997 46.96779384263963 0.0 1.0 1.0 1 0 0 0.0 1.0 0.0
cell 9.904941835337707 42.6658716279932 0.0 1.0 1.0 1 0 0 0.0 1.0 0.0
cell 38.768321146495985 53.12646444356876 0.0 1.0 1.0 1 0 0 0.0 1.0 0.0
cell 50.7177345680912 37.58408160483583 0.0 1.0 1.0 1 0 0 0.0 1.0 0.0
cell 48.17686110228398 24.815436397789394 0.0 1.0954451150103324 0.9128709291752768 1 0 0 0.9278577783557812 -0.37293423434256334 3.905931441260099
cell 40.86664730575569 30.074372409764575 0.0 1.0 1.0 1 0 0 0.0 1.0 0.0
cell 32.098901537468315 40.355507327913365 0.0 1.0 1.0 1 0 0 0.0 1.0 0.0
cell 46.85933464265856 10.493162230288767 0.0 1.0 1.0 1 0 0 0.0 1.0 0.0
cell 44.29297528885023 44.418864919314196 0.0 1.0 1.0 1 0 0 0.0 1.0 0.0
cell 12.393803675343419 19.466423741510056 0.0 1.0 1.0 1 0 0 0.0 1.0 0.0
cell 46.99474805634099 30.25906077843412 0.0 1.0 1.0 1 0 0 0.0 1.0 0.0
cell 28.747928176525352 4.968130611658428 0.0 1.0 1.0 1 0 0 0.0 1.0 0.0
cell 57.077987631333315 7.901786158474583 0.0 1.0 1.0 1 0 0 0.0 1.0 0.0
cell 32.895606433202964 45.64176512676908 0.0 1.0 1.0 1 0 0 0.0 1.0 0.0
cell 19.467735332395726 4.751679221919981 0.0 1.0 1.0 1 0 0 0.0 1.0 0.0
cell 28.667748805815656 30.891999379465048 0.0 1.0 1.0 1 0 0 0.0 1.0 0.0
cell 49.81799997243768 35.79398851928784 0.0 1.0 1.0 1 0 0 0.0 1.0 0.0
cell 23.713912382635833 33.397864935870295 0.0 1.0 1.0 1 0 0 0.0 1.0 0.0
cell 38.89900826353844 49.538549398559695 0.0 1.0 1.0 1 0 0 0.0 1.0 0.0
cell 32.166551111047944 0.8392548136888711 0.0 1.0 1.0 1 0 0 0.0 1.0 0.0
cell 19.737229883114445 19.54873155117206 0.0 1.0 1.0 1 0 0 0.0 1.0 0.0
cell 15.120323405847678 42.14676695397606 0.0 1.0 1.0 1 0 0 0.0 1.0 0.0
cell 33.77467319978484 28.04878357204434 0.0 1.0 1.0 1 0 0 0.0 1.0 0.0
cell 27.046042379980097 12.24718521983365 0.0 1.0 1.0 1 0 0 0.0 1.0 0.0
cell 58.604136354714974 26.565146245665975 0.0 1.0 1.0 1 0 0 0.0 1.0 0.0
cell 17.971648284139544 39.184083643236406 0.0 1.0 1.0 1 0 0 0.0 1.0 0.0
cell 47.16382791916482 26.632146802595095 0.0 1.0 1.0 1 0 0 0.0 1.0 0.0
cell 0.009387918186094458 41.63043563428833 0.0 1.0 1.0 1 0 0 0.0 1.0 0.0
cell 54.15590232799499 28.941054778373463 0.0 1.0 1.0 1 0 0 0.0 1.0 0.0
cell 18.66132284975328 15.586191901740337 0.0 1.0 1.0 1 0 0 0.0 1.0 0.0
cell 43.04629154767371 26.554518170183503 0.0 1.0 1.0 1 0 0 0.0 1.0 0.0
cell 50.27618909600824 9.790192302430963 0.0 1.0 1.0 1 0 0 0.0 1.0 0.0
cell 56.1378198366414 29.310720985635534 0.0 1.0 1.0 1 0 0 0.0 1.0 0.0
cell 32.65867931956977 52.71504443968816 0.0 1.0 1.0 1 0 0 0.0 1.0 0.0
cell 45.597432433388235 17.571982808785293 0.0 1.0 1.0 1 0 0 0.0 1.0 0.0
cell 42.70250371677656 2.600526849784084 0.0 1.0 1.0 1 0 0 0.0 1.0 0.0
cell 31.191727472334534 20.40568839989023 0.0 1.0 1.0 1 0 0 0.0 1.0 0.0
cell 22.015601021829735 27.45868027471581 0.0 1.0 1.0 1 0 0 0.0 1.0 0.0
cell 16.839380069823672 35.24392743466308 0.0 1.0 1.0 1 0 0 0.0 1.0 0.0
cell 60.37827833266386 52.265182273169614 0.0 1.0 1.0 1 0 0 0.0 1.0 0.0
cell 25.58313547912293 53.2030866466182 0.0 1.0 1.0 1 0 0 0.0 1.0 0.0
cell 28.25031445867707 36.41268402319224 0.0 1.0 1.0 1 0 0 0.0 1.0 0.0
cell 17.76522284470109 58.04975972393442 0.0 1.0 1.0 1 0 0 0.0 1.0 0.0
cell 23.71776814347612 54.00892628312696 0.0 1.0 1.0 1 0 0 0.0 1.0 0.0
cell 49.170610237079174 49.99868915965298 0.0 1.0 1.0 1 0 0 0.0 1.0 0.0
cell 6.935358883539982 19.880575711971883 0.0 1.0 1.0 1 0 0 0.0 1.0 0.0
cell 4.75363915831988 11.95933783095569 0.0 1.0 1.0 1 0 0 0.0 1.0 0.0
cell 9.435973698392534 53.77577778280343 0.0 1.0 1.0 1 0 0 0.0 1.0 0.0
cell 20.29055401336811 34.3570026720921 0.0 1.0 1.0 1 0 0 0.0 1.0 0.0
cell 45.92286219944499 21.808366009538386 0.0 1.0954451150103324 0.9128709291752768 1 0 0 0.5319118894834256 0.8467997058491293 1.121713501855853
cell 25.35746383735207 55.25444564595025 0.0 1.0 1.0 1 0 0 0.0 1.0 0.0
cell 2.7805207313785125 11.47238570077773 0.0 1.0 1.0 1 0 0 0.0 1.0 0.0
cell 53.59695704036692 43.08701404785821 0.0 1.0 1.0 1 0 0 0.0 1.0 0.0
cell 44.444791959471324 40.89179296319047 0.0 1.0 1.0 1 0 0 0.0 1.0 0.0
cell 55.554967815225886 1.9532482467557832 0.0 1.0 1.0 1 0 0 0.0 1.0 0.0
cell 26.518917648929694 17.684112097189033 0.0 1.0 1.0 1 0 0 0.0 1.0 0.0
cell 32.22814111134477 2.883326109870691 0.0 1.0 1.0 1 0 0 0.0 1.0 0.0
cell 59.32689637245809 54.05890622699289 0.0 1.0 1.0 1 0 0 0.0 1.0 0.0
cell 21.50057473418939 56.86146526409284 0.0 1.0488088481701516 0.9534625892455922 1 0 0 0.9873482281441475 0.15856694605311816 2.8231145209896376
cell 24.354447515574194 49.91400854884673 0.0 1.0 1.0 1 0 0 0.0 1.0 0.0
cell 13.488983996963274 23.4404765553108 0.0 1.0 1.0 1 0 0 0.0 1.0 0.0
cell 17.091111061298793 50.89190075402854 0.0 1.0 1.0 1 0 0 0.0 1.0 0.0
cell 8.389063657360593 18.41613468025859 0.0 1.0 1.0 1 0 0 0.0 1.0 0.0
cell 40.07804340342836 14.816628176544103 0.0 1.0 1.0 1 0 0 0.0 1.0 0.0
cell 50.93411652082585 57.1389387020907 0.0 1.0 1.0 1 0 0 0.0 1.0 0.0
cell 13.942793165497251 58.31896912176785 0.0 1.140175425099138 0.8770580193070291 1 0 0 0.5804797199749263 -0.8142747046899045 5.044549897573207
cell 7.310804834516306 54.55104359371234 0.0 1.0488088481701516 0.9534625892455922 1 0 0 0.034363312419373536 -0.9994094069797265 6.214445149322137
cell 46.48572667974313 40.96901087756418 0.0 1.0 1.0 1 0 0 0.0 1.0 0.0
cell 34.58053980578793 33.353172813732805 0.0 1.0 1.0 1 0 0 0.0 1.0 0.0
cell 46.671163274043614 37.432321777792765 0.0 1.0 1.0 1 0 0 0.0 1.0 0.0
cell 8.534301686627417 48.444048589235976 0.0 1.0 1.0 1 0 0 0.0 1.0 0.0
cell 34.908129135537095 18.116291004033947 0.0 1.0 1.0 1 0 0 0.0 1.0 0.0
cell 16.2648645256948 33.3102815365161 0.0 1.0 1.0 1 0 0 0.0 1.0 0.0
cell 54.40422977731122 48.45541957854328 0.0 1.0 1.0 1 0 0 0.0 1.0 0.0
cell 32.28236612699291 4.926420982106515 0.0 1.0 1.0 1 0 0 0.0 1.0 0.0
cell 56.04939630925679 3.929351066953753 0.0 1.0 1.0 1 0 0 0.0 1.0 0.0
cell 5.436247146513828 34.296812956212875 0.0 1.0 1.0 1 0 0 0.0 1.0 0.0
cell 43.50236285998913 39.059305044635316 0.0 1.0 1.0 1 0 0 0.0 1.0 0.0
cell 36.759526081268554 29.93030700224397 0.0 1.0 1.0 1 0 0 0.0 1.0 0.0
cell 18.30326113284093 21.01991488868551 0.0 1.0 1.0 1 0 0 0.0 1.0 0.0
cell 36.87071607787167 21.01746775269227 0.0 1.0 1.0 1 0 0 0.0 1.0 0.0
cell 59.64852697016851 30.78439081184012 0.0 1.0 1.0 1 0 0 0.0 1.0 0.0
cell 49.51351029042005 15.271019136326476 0.0 1.0488088481701516 0.9534625892455922 1 0 0 0.895274585773466 0.44551477648687354 2.218094310631633
cell 57.46154280118652 22.597917178818143 0.0 1.0 1.0 1 0 0 0.0 1.0 0.0
cell 9.808669790026704 16.996138275326288 0.0 1.0 1.0 1 0 0 0.0 1.0 0.0
cell 30.32301372284252 36.686660474626215 0.0 1.0 1.0 1 0 0 0.0 1.0 0.0
cell 19.968139997931697 44.05059959739591 0.0 1.0 1.0 1 0 0 0.0 1.0 0.0
cell 45.903860025624574 32.03047560083132 0.0 1.0 1.0 1 0 0 0.0 1.0 0.0
cell 55.98675098224811 59.20316705711896 0.0 1.0 1.0 1 0 0 0.0 1.0 0.0
cell 11.243942299395483 41.1361063997197 0.0 1.0 1.0 1 0 0 0.0 1.0 0.0
cell 37.39011333046075 38.78268412377154 0.0 1.0 1.0 1 0 0 0.0 1.0 0.0
cell 26.01017641458922 28.475536336479575 0.0 1.0 1.0 1 0 0 0.0 1.0 0.0
cell 49.479620809777025 42.912099547704166 0.0 1.0 1.0 1 0 0 0.0 1.0 0.0
cell 47.59781224100282 39.25492615993259 0.0 1.0 1.0 1 0 0 0.0 1.0 0.0
cell 19.97187305083636 55.55218206064577 0.0 1.0 1.0 1 0 0 0.0 1.0 0.0
cell 55.362494407913395 50.26738332406242 0.0 1.0 1.0 1 0 0 0.0 1.0 0.0
cell 0.18707295609422386 38.112758871725106 0.0 1.0 1.0 1 0 0 0.0 1.0 0.0
cell 40.194421333244314 16.903837389910475 0.0 1.0 1.0 1 0 0 0.0 1.0 0.0
cell 58.78038571502542 41.50222937739128 0.0 1.0 1.0 1 0 0 0.0 1.0 0.0
cell 10.372242420240585 18.94971587127242 0.0 1.0 1.0 1 0 0 0.0 1.0 0.0
cell 16.901861414946392 2.3083633707252043 0.0 1.0 1.0 1 0 0 0.0 1.0 0.0
cell 49.016017931027754 30.373353916573112 0.0 1.0 1.0 1 0 0 0.0 1.0 0.0
cell 60.038746814238095 36.30965727451921 0.0 1.0 1.0 1 0 0 0.0 1.0 0.0
cell 28.741666807267492 9.028684578037847 0.0 1.0 1.0 1 0 0 0.0 1.0 0.0
cell 28.19966519008395 23.626753711769616 0.0 1.0 1.0 1 0 0 0.0 1.0 0.0
cell 6.09106362045923 41.90981061614629 0.0 1.0 1.0 1 0 0 0.0 1.0 0.0
cell 56.134134432171976 11.360064566765688 0.0 1.0 1.0 1 0 0 0.0 1.0 0.0
cell 5.80511329461432 52.813997207824514 0.0 1.0 1.0 1 0 0 0.0 1.0 0.0
cell 18.02130270192365 56.20141975226446 0.0 1.0 1.0 1 0 0 0.0 1.0 0.0
cell 34.79184613057331 16.08269509975241 0.0 1.0 1.0 1 0 0 0.0 1.0 0.0
cell 51.231392186856134 50.08731905536619 0.0 1.0 1.0 1 0 0 0.0 1.0 0.0
cell 20.38454225034672 39.98149358294336 0.0 1.0 1.0 1 0 0 0.0 1.0 0.0
cell 14.698629243904286 14.575264733102005 0.0 1.0 1.0 1 0 0 0.0 1.0 0.0
cell 51.54850665854996 15.786453347287944 0.0 1.0488088481701516 0.9534625892455922 1 0 0 0.9998573313973925 -0.016891324722613205 3.1753769097011713
cell 40.10229393124864 24.750338685732164 0.0 1.0 1.0 1 0 0 0.0 1.0 0.0
cell 16.126966598156102 45.476055992511235 0.0 1.0 1.0 1 0 0 0.0 1.0 0.0
cell 35.6961694467778 55.07045330413302 0.0 1.0 1.0 1 0 0 0.0 1.0 0.0
cell 35.281001543849065 38.69846540503219 0.0 1.0 1.0 1 0 0 0.0 1.0 0.0
cell 18.3526204865771 54.207481744291925 0.0 1.0 1.0 1 0 0 0.0 1.0 0.0
cell 0.9369946774739522 31.1827718586053 0.0 1.0 1.0 1 0 0 0.0 1.0 0.0
cell 27.802859397419038 50.452288863937085 0.0 1.0 1.0 1 0 0 0.0 1.0 0.0
cell 32.06684373829614 24.431762455365526 0.0 1.0 1.0 1 0 0 0.0 1.0 0.0
cell 10.002742531751473 4.170629284054316 0.0 1.0 1.0 1 0 0 0.0 1.0 0.0
cell 15.826057321925854 59.05988704824601 0.0 1.0 1.0 1 0 0 0.0 1.0 0.0
cell 42.36733384340103 21.86516804707065 0.0 1.0 1.0 1 0 0 0.0 1.0 0.0
cell 37.18477106850798 42.28177484917354 0.0 1.0 1.0 1 0 0 0.0 1.0 0.0
cell 6.05622597330749 23.337614550814184 0.0 1.0 1.0 1 0 0 0.0 1.0 0.0
cell 31.772440677161168 47.38849447448696 0.0 1.0 1.0 1 0 0 0.0 1.0 0.0
cell 12.017758594774332 4.677906961764478 0.0 1.0 1.0 1 0 0 0.0 1.0 0.0
cell 32.55142047457035 33.222656991930045 0.0 1.0 1.0 1 0 0 0.0 1.0 0.0
cell 53.66609521216493 8.848756664290237 0.0 1.0 1.0 1 0 0 0.0 1.0 0.0
cell 50.37263070663452 25.068247937769407 0.0 1.0 1.0 1 0 0 0.0 1.0 0.0
cell 1.5140267601693695 20.273071601499208 0.0 1.0 1.0 1 0 0 0.0 1.0 0.0
cell 57.1225840513466 57.49590513496406 0.0 1.0 1.0 1 0 0 0.0 1.0 0.0
cell 22.49060272424871 9.26365693236938 0.0 1.0 1.0 1 0 0 0.0 1.0 0.0
cell 44.94646908032253 7.336472364774628 0.0 1.0 1.0 1 0 0 0.0 1.0 0.0
cell 33.730061975635394 51.02003518839281 0.0 1.0 1.0 1 0 0 0.0 1.0 0.0
cell 53.72936601764326 39.5242801035627 0.0 1.0 1.0 1 0 0 0.0 1.0 0.0
cell 27.416749583063773 27.045592160813705 0.0 1.0 1.0 1 0 0 0.0 1.0 0.0
cell 1.733157556570262 27.729210674109897 0.0 1.0 1.0 1 0 0 0.0 1.0 0.0
cell 60.010320977567964 4.980678379664494 0.0 1.0 1.0 1 0 0 0.0 1.0 0.0
cell 47.07618452087484 5.294613738545235 0.0 1.0954451150103324 0.9128709291752768 1 0 0 0.2259589708888573 -0.9741368196895386 5.827330596413088
cell 25.55119853151775 13.672460117690024 0.0 1.0 1.0 1 0 0 0.0 1.0 0.0
cell 30.45252242104942 58.662703379169265 0.0 1.0 1.0 1 0 0 0.0 1.0 0.0
cell 4.616943679822305 24.78262951389832 0.0 1.0 1.0 1 0 0 0.0 1.0 0.0
cell 12.940835761455206 1.2158098228695453 0.0 1.0 1.0 1 0 0 0.0 1.0 0.0
cell 11.866514860741157 43.146611369989756 0.0 1.0 1.0 1 0 0 0.0 1.0 0.0
cell 16.046938706403143 25.93386689075813 0.0 1.0 1.0 1 0 0 0.0 1.0 0.0
cell 38.28674546400179 40.588411440112395 0.0 1.0 1.0 1 0 0 0.0 1.0 0.0
cell 34.8365214723522 49.288204241083335 0.0 1.0 1.0 1 0 0 0.0 1.0 0.0
cell 20.48885461559715 8.753231951967035 0.0 1.0 1.0 1 0 0 0.0 1.0 0.0
cell 32.36804017743356 6.977064092379746 0.0 1.0 1.0 1 0 0 0.0 1.0 0.0
cell 54.86196672183993 37.79695715264509 0.0 1.0 1.0 1 0 0 0.0 1.0 0.0
cell 26.739547992911408 10.262891362061051 0.0 1.0488088481701516 0.9534625892455922 1 0 0 0.02794952011828053 -0.9996093358533412 6.227278986555054
cell 55.750215036551204 16.754705653801878 0.0 1.0 1.0 1 0 0 0.0 1.0 0.0
cell 27.05683983633865 37.935665665335634 0.0 1.0 1.0 1 0 0 0.0 1.0 0.0
cell 8.867824617633103 33.27692859554668 0.0 1.0 1.0 1 0 0 0.0 1.0 0.0
cell 23.738183507983326 42.57168480783112 0.0 1.0 1.0 1 0 0 0.0 1.0 0.0
cell 14.000802631106223 5.180472955650879 0.0 1.0 1.0 1 0 0 0.0 1.0 0.0
cell 35.75931359071718 2.752071894600965 0.0 1.0 1.0 1 0 0 0.0 1.0 0.0
cell 0.9987580078119398 59.228361786926286 0.0 1.0 1.0 1 0 0 0.0 1.0 0.0
cell 15.617762158102952 11.114540691496646 0.0 1.0 1.0 1 0 0 0.0 1.0 0.0
cell 46.58764029963716 8.458904760144748 0.0 1.0 1.0 1 0 0 0.0 1.0 0.0
cell 10.407989760998985 59.52012663924123 0.0 1.0 1.0 1 0 0 0.0 1.0 0.0
cell 53.45388115589165 21.680896016562148 0.0 1.0 1.0 1 0 0 0.0 1.0 0.0
cell 4.92839283513489 47.18804310704532 0.0 1.0 1.0 1 0 0 0.0 1.0 0.0
cell 60.0983510327712 12.39394281340104 0.0 1.0 1.0 1 0 0 0.0 1.0 0.0
cell 35.50351896697871 35.14595164658907 0.0 1.0 1.0 1 0 0 0.0 1.0 0.0
cell 38.82890295178329 30.0294324327921 0.0 1.0 1.0 1 0 0 0.0 1.0 0.0
cell 27.496359091357647 52.40885904571692 0.0 1.0 1.0 1 0 0 0.0 1.0 0.0
cell 24.682940961119236 2.5972421302618907 0.0 1.0 1.0 1 0 0 0.0 1.0 0.0
cell 33.114490729933884 21.076694871507538 0.0 1.0 1.0 1 0 0 0.0 1.0 0.0
cell 51.97505189574334 32.340784278059054 0.0 1.0 1.0 1 0 0 0.0 1.0 0.0
cell 53.184552835766674 14.322674086937715 0.0 1.0 1.0 1 0 0 0.0 1.0 0.0
cell 57.47604146783421 2.4826026239633228 0.0 1.0 1.0 1 0 0 0.0 1.0 0.0
cell 2.4271487958820823 16.82402959907036 0.0 1.0 1.0 1 0 0 0.0 1.0 0.0
cell 20.64370355823726 16.110205677808896 0.0 1.0 1.0 1 0 0 0.0 1.0 0.0
cell 16.36129378683236 20.512134510730313 0.0 1.0 1.0 1 0 0 0.0 1.0 0.0
cell 24.681167088871437 47.87242656052224 0.0 1.0 1.0 1 0 0 0.0 1.0 0.0
cell 37.61575428641794 3.738077328602102 0.0 1.0 1.0 1 0 0 0.0 1.0 0.0
cell 25.902349650348242 51.170077999841894 0.0 1.0 1.0 1 0 0 0.0 1.0 0.0
cell 12.896441633843793 54.352942932119035 0.0 1.0 1.0 1 0 0 0.0 1.0 0.0
cell 49.95223687269863 32.214122005430035 0.0 1.0 1.0 1 0 0 0.0 1.0 0.0
cell 5.525398853185614 21.309149402965343 0.0 1.0 1.0 1 0 0 0.0 1.0 0.0
cell 30.898258260053257 12.025513729776327 0.0 1.0 1.0 1 0 0 0.0 1.0 0.0
cell 13.273581664244313 16.032034747757976 0.0 1.0 1.0 1 0 0 0.0 1.0 0.0
cell 36.046179349380566 57.11651570390264 0.0 1.0488088481701516 0.9534625892455922 1 0 0 0.5100491530165536 -0.8601452560510324 5.212701438527705
cell 49.187372962097044 26.7550924126842 0.0 1.0 1.0 1 0 0 0.0 1.0 0.0
cell 52.216963769987885 51.955716690523346 0.0 1.0 1.0 1 0 0 0.0 1.0 0.0
cell 35.65677928600225 31.658275858641158 0.0 1.0 1.0 1 0 0 0.0 1.0 0.0
cell 12.391366961146476 60.04741626804616 0.0 1.0 1.0 1 0 0 0.0 1.0 0.0
cell 27.916699524416188 16.280230827756235 0.0 1.0 1.0 1 0 0 0.0 1.0 0.0
cell 22.842288035086476 24.027497783334503 0.0 1.0 1.0 1 0 0 0.0 1.0 0.0
cell 59.851291805901745 39.805180387840885 0.0 1.0 1.0 1 0 0 0.0 1.0 0.0
cell 48.52061340446904 41.02748711033165 0.0 1.0 1.0 1 0 0 0.0 1.0 0.0
cell 8.031193630033636 42.165684467449566 0.0 1.0 1.0 1 0 0 0.0 1.0 0.0
cell 54.691365458555126 41.35336137936016 0.0 1.0 1.0 1 0 0 0.0 1.0 0.0
cell 43.66240001360231 14.620679430206666 0.0 1.0 1.0 1 0 0 0.0 1.0 0.0
cell 18.02148360512789 26.43756791017881 0.0 1.0 1.0 1 0 0 0.0 1.0 0.0
cell 22.876180192804416 36.90568359754424 0.0 1.0 1.0 1 0 0 0.0 1.0 0.0
cell 42.209906982548006 44.312610794159 0.0 1.0 1.0 1 0 0 0.0 1.0 0.0
cell 19.202916549823584 17.560340566586913 0.0 1.0 1.0 1 0 0 0.0 1.0 0.0
cell 12.585143295090141 56.40471926114069 0.0 1.0 1.0 1 0 0 0.0 1.0 0.0
cell 18.528557551809687 8.201116569999972 0.0 1.0 1.0 1 0 0 0.0 1.0 0.0
cell 16.03753826740103 57.02570681825322 0.0 1.0 1.0 1 0 0 0.0 1.0 0.0
cell 15.787925484506664 18.57371591057779 0.0 1.0 1.0 1 0 0 0.0 1.0 0.0
cell 45.44502320941294 13.563599393190046 0.0 1.0488088481701516 0.9534625892455922 1 0 0 0.12997308604241978 0.9915175222378119 0.2606836708942624
cell 2.9445743228694456 18.839680095210596 0.0 1.0 1.0 1 0 0 0.0 1.0 0.0
cell 36.05672963376379 44.06076430477668 0.0 1.0 1.0 1 0 0 0.0 1.0 0.0
cell 40.33469677427155 18.881495261566606 0.0 1.0 1.0 1 0 0 0.0 1.0 0.0
cell 6.572469633738417 38.309697174132886 0.0 1.0 1.0 1 0 0 0.0 1.0 0.0
cell 50.294715668819165 48.27696404022621 0.0 1.0 1.0 1 0 0 0.0 1.0 0.0
cell 10.942300531483383 20.965957318500006 0.0 1.0 1.0 1 0 0 0.0 1.0 0.0
cell 37.68511006425212 54.86209784393157 0.0 1.0 1.0 1 0 0 0.0 1.0 0.0
cell 8.73987445315262 13.004827733459473 0.0 1.0 1.0 1 0 0 0.0 1.0 0.0
cell 37.69886554749763 5.743006207538518 0.0 1.0 1.0 1 0 0 0.0 1.0 0.0
cell 6.95382485197004 47.23894028056814 0.0 1.0 1.0 1 0 0 0.0 1.0 0.0
cell 16.327144473083045 0.2988933204855196 0.0 1.0 1.0 1 0 0 0.0 1.0 0.0
cell 56.028196506073684 24.109705330928175 0.0 1.0 1.0 1 0 0 0.0 1.0 0.0
cell 27.16414815500065 54.43619262892562 0.0 1.0 1.0 1 0 0 0.0 1.0 0.0
cell 30.848240931615187 45.53124464474408 0.0 1.0 1.0 1 0 0 0.0 1.0 0.0
cell 31.18780579085414 38.493156150794576 0.0 1.0 1.0 1 0 0 0.0 1.0 0.0
cell 30.514763167986924 3.930586565401769 0.0 1.0 1.0 1 0 0 0.0 1.0 0.0
cell 34.55522716007681 11.977865296869014 0.0 1.0 1.0 1 0 0 0.0 1.0 0.0
cell 22.79704123112155 48.653249470433614 0.0 1.0 1.0 1 0 0 0.0 1.0 0.0
cell 50.7149129911925 11.792503911112927 0.0 1.0 1.0 1 0 0 0.0 1.0 0.0
cell 28.724819524108295 57.57588563236522 0.0 1.0 1.0 1 0 0 0.0 1.0 0.0
cell 44.5926856340756 37.295980007479784 0.0 1.0 1.0 1 0 0 0.0 1.0 0.0
cell 40.613568313362336 60.23110804858383 0.0 1.0 1.0 1 0 0 0.0 1.0 0.0
cell 18.86247190858213 35.79119556127705 0.0 1.0 1.0 1 0 0 0.0 1.0 0.0
cell 5.119646420990621 6.542088201826408 0.0 1.0 1.0 1 0 0 0.0 1.0 0.0
cell 36.23679458319855 40.54247463935309 0.0 1.0 1.0 1 0 0 0.0 1.0 0.0
cell 31.94905654519383 43.831891206980956 0.0 1.0 1.0 1 0 0 0.0 1.0 0.0
cell 46.95354822992463 53.443812411548485 0.0 1.0 1.0 1 0 0 0.0 1.0 0.0
cell 2.355820973026247 35.00458164099603 0.0 1.0 1.0 1 0 0 0.0 1.0 0.0
cell 14.300369365929038 32.81102291003142 0.0 1.0 1.0 1 0 0 0.0 1.0 0.0
cell 21.14583315999599 30.919782615832197 0.0 1.0 1.0 1 0 0 0.0 1.0 0.0
cell 14.864109892186633 53.64488050389336 0.0 1.0 1.0 1 0 0 0.0 1.0 0.0
cell 7.854401767254497 16.471485253118008 0.0 1.0 1.0 1 0 0 0.0 1.0 0.0
cell 44.60403308060925 3.280883863106083 0.0 1.0 1.0 1 0 0 0.0 1.0 0.0
cell 26.260764525391643 23.098521308101898 0.0 1.0 1.0 1 0 0 0.0 1.0 0.0
cell 50.80618648280823 60.74689178568515 0.0 1.0 1.0 1 0 0 0.0 1.0 0.0
cell 8.642102456776684 38.739110662730305 0.0 1.0 1.0 1 0 0 0.0 1.0 0.0
cell 48.41173218491861 44.601510214288 0.0 1.0 1.0 1 0 0 0.0 1.0 0.0
cell 26.585500317131316 30.44912050944594 0.0 1.0 1.0 1 0 0 0.0 1.0 0.0
cell 1.8971021133843056 45.2894680688682 0.0 1.0 1.0 1 0 0 0.0 1.0 0.0
cell 10.106382558065334 49.719354006516866 0.0 1.0 1.0 1 0 0 0.0 1.0 0.0
cell 48.2088000542977 48.13767007698767 0.0 1.0 1.0 1 0 0 0.0 1.0 0.0
cell 24.8626596590311 24.54999355571189 0.0 1.0 1.0 1 0 0 0.0 1.0 0.0
cell 23.583994504397648 13.174587494551886 0.0 1.0 1.0 1 0 0 0.0 1.0 0.0
cell 31.697462071476966 50.892618511374415 0.0 1.0 1.0 1 0 0 0.0 1.0 0.0
cell 19.4575467450711 25.004438923347028 0.0 1.0 1.0 1 0 0 0.0 1.0 0.0
cell 43.78995798399409 16.652843203462414 0.0 1.0 1.0 1 0 0 0.0 1.0 0.0
cell 38.491680004725254 17.946850663585717 0.0 1.0 1.0 1 0 0 0.0 1.0 0.0
cell 51.84080305244218 58.993982873182084 0.0 1.0 1.0 1 0 0 0.0 1.0 0.0
cell 0.6105358439570913 3.5234258780421692 0.0 1.0 1.0 1 0 0 0.0 1.0 0.0
cell 49.41364393467882 21.229255477768675 0.0 1.0 1.0 1 0 0 0.0 1.0 0.0
cell 59.228303147512776 15.81891539882814 0.0 1.0 1.0 1 0 0 0.0 1.0 0.0
cell 16.56815857217207 27.91775133280076 0.0 1.0 1.0 1 0 0 0.0 1.0 0.0
cell 9.395772428632268 35.238805799948096 0.0 1.0 1.0 1 0 0 0.0 1.0 0.0
cell 14.93284822131067 21.97645936821252 0.0 1.0 1.0 1 0 0 0.0 1.0 0.0
cell 39.24442700733155 0.596050016456863 0.0 1.0 1.0 1 0 0 0.0 1.0 0.0
cell 34.05337462416299 24.672949547268377 0.0 1.0 1.0 1 0 0 0.0 1.0 0.0
cell 34.37603932068776 36.91335171645064 0.0 1.0 1.0 1 0 0 0.0 1.0 0.0
cell 21.55355851985653 45.33929148213195 0.0 1.0 1.0 1 0 0 0.0 1.0 0.0
cell 33.4474579016987 22.940111476730262 0.0 1.0 1.0 1 0 0 0.0 1.0 0.0
cell 27.552614211862483 34.454454380403156 0.0 1.0 1.0 1 0 0 0.0 1.0 0.0
cell 56.3282305645357 18.702853537815635 0.0 1.0 1.0 1 0 0 0.0 1.0 0.0
cell 17.739096644781313 46.82703757451787 0.0 1.0 1.0 1 0 0 0.0 1.0 0.0
cell 20.029181597725486 26.969291211268345 0.0 1.0 1.0 1 0 0 0.0 1.0 0.0
cell 4.06745234153829 22.816812516400617 0.0 1.0 1.0 1 0 0 0.0 1.0 0.0
cell 29.645246500618576 22.055813193411588 0.0 1.0 1.0 1 0 0 0.0 1.0 0.0
cell 55.043304414342515 57.3744473912246 0.0 1.0 1.0 1 0 0 0.0 1.0 0.0
cell 53.977629664877036 23.64769650088299 0.0 1.0 1.0 1 0 0 0.0 1.0 0.0
cell 3.1684677853777172 6.050213184032314 0.0 1.0 1.0 1 0 0 0.0 1.0 0.0
cell 16.582752169947184 40.67359237039951 0.0 1.0 1.0 1 0 0 0.0 1.0 0.0
cell 23.440478809063286 26.04681128423513 0.0 1.0 1.0 1 0 0 0.0 1.0 0.0
cell 39.938519155835486 12.77676258232186 0.0 1.0 1.0 1 0 0 0.0 1.0 0.0
cell 42.10938349427597 24.684267885738684 0.0 1.0954451150103324 0.9128709291752768 1 0 0 0.7530495617634474 0.6579637965176198 1.7053694287792847
cell 57.65477544746414 30.631530078321454 0.0 1.0 1.0 1 0 0 0.0 1.0 0.0
cell 21.405530884898916 38.317909715978374 0.0 1.0 1.0 1 0 0 0.0 1.0 0.0
cell 29.4723236045553 27.567822046855156 0.0 1.0 1.0 1 0 0 0.0 1.0 0.0
cell 5.182360083542753 26.813935485845363 0.0 1.0 1.0 1 0 0 0.0 1.0 0.0
cell 14.017480453706924 25.376973479982468 0.0 1.0 1.0 1 0 0 0.0 1.0 0.0
cell 20.230290823928936 53.51653114135003 0.0 1.0 1.0 1 0 0 0.0 1.0 0.0
cell 47.43129591541908 42.80025963004215 0.0 1.0 1.0 1 0 0 0.0 1.0 0.0
cell 24.56071398443635 17.146030838667567 0.0 1.0 1.0 1 0 0 0.0 1.0 0.0
cell 57.317380514529326 27.961727180324615 0.0 1.0 1.0 1 0 0 0.0 1.0 0.0
cell 42.01692273306148 17.794810702981106 0.0 1.0 1.0 1 0 0 0.0 1.0 0.0
cell 12.324971975557878 46.93479114377358 0.0 1.0 1.0 1 0 0 0.0 1.0 0.0
cell 23.12696263178665 18.57065077055044 0.0 1.0 1.0 1 0 0 0.0 1.0 0.0
cell 32.652286765449745 29.685765346734037 0.0 1.0 1.0 1 0 0 0.0 1.0 0.0
cell 54.30774570433253 18.19951893771173 0.0 1.0 1.0 1 0 0 0.0 1.0 0.0
cell 24.2198978398698 22.566198088173778 0.0 1.0 1.0 1 0 0 0.0 1.0 0.0
cell 45.77392416935849 19.615152818186186 0.0 1.0 1.0 1 0 0 0.0 1.0 0.0
cell 41.6627158385885 58.52347682887635 0.0 1.0 1.0 1 0 0 0.0 1.0 0.0
cell 28.814300340240575 45.39295936727969 0.0 1.0 1.0 1 0 0 0.0 1.0 0.0
cell 59.123827438763975 28.807033536563495 0.0 1.0488088481701516 0.9534625892455922 1 0 0 0.4718664367944576 -0.8816700436256764 5.300372276844514
cell 15.992533759265354 38.69757079251654 0.0 1.0 1.0 1 0 0 0.0 1.0 0.0
cell 52.265497287768845 17.72046459392796 0.0 1.0488088481701516 0.9534625892455922 1 0 0 0.41882583279421465 0.9080665844442425 0.8643037860667039
cell 29.745475604107767 43.66147744346773 0.0 1.0954451150103324 0.9128709291752768 1 0 0 0.1541840716861532 0.988042140821068 0.30960319376509865
cell 32.34175741433475 36.83464763143121 0.0 1.0 1.0 1 0 0 0.0 1.0 0.0
cell 1.149949025654825 39.87031095852114 0.0 1.0 1.0 1 0 0 0.0 1.0 0.0
cell 12.005759107651839 49.02470667532013 0.0 1.0 1.0 1 0 0 0.0 1.0 0.0
cell 21.610307736294295 0.11735852783145108 0.0 1.0 1.0 1 0 0 0.0 1.0 0.0
cell 10.836438803410115 33.74684638086903 0.0 1.0 1.0 1 0 0 0.0 1.0 0.0
cell 43.342905352382765 42.63144758138795 0.0 1.0 1.0 1 0 0 0.0 1.0 0.0
cell 46.14214984928821 24.714097676179446 0.0 1.0488088481701516 0.9534625892455922 1 0 0 0.718156551754755 -0.6958815755369012 4.680886104247135
cell 32.76731173325225 49.16856359365991 0.0 1.0 1.0 1 0 0 0.0 1.0 0.0
cell 5.973589113980872 45.44330150331384 0.0 1.0 1.0 1 0 0 0.0 1.0 0.0
cell 20.574281001379827 51.46516710543502 0.0 1.0 1.0 1 0 0 0.0 1.0 0.0
cell 11.377654108674616 53.09933316127245 0.0 1.0 1.0 1 0 0 0.0 1.0 0.0
cell 19.988954505222228 6.740412369663498 0.0 1.0 1.0 1 0 0 0.0 1.0 0.0
cell 39.40833203501095 38.84502105660139 0.0 1.0 1.0 1 0 0 0.0 1.0 0.0
cell 53.107168183991554 6.8359001669746 0.0 1.0 1.0 1 0 0 0.0 1.0 0.0
cell 40.68487465412585 22.946535009721703 0.0 1.0 1.0 1 0 0 0.0 1.0 0.0
cell 34.07057793767898 3.833847704539614 0.0 1.0 1.0 1 0 0 0.0 1.0 0.0
cell 13.223484043672983 41.61823393130854 0.0 1.0 1.0 1 0 0 0.0 1.0 0.0
cell 10.389322794928008 47.688524394774326 0.0 1.0 1.0 1 0 0 0.0 1.0 0.0
cell 38.6644212817762 33.52085241225624 0.0 1.0 1.0 1 0 0 0.0 1.0 0.0
cell 40.51180509652954 20.93022254015024 0.0 1.0 1.0 1 0 0 0.0 1.0 0.0
cell 30.004456325527112 40.15816394169743 0.0 1.0 1.0 1 0 0 0.0 1.0 0.0
cell 27.65062392720891 21.616103603892437 0.0 1.0 1.0 1 0 0 0.0 1.0 0.0
cell 15.451259128349832 3.7269414291294125 0.0 1.0 1.0 1 0 0 0.0 1.0 0.0
cell 58.36631755936992 52.17428849307219 0.0 1.0 1.0 1 0 0 0.0 1.0 0.0
cell 5.9731404760004905 36.32606937725364 0.0 1.0 1.0 1 0 0 0.0 1.0 0.0
cell 39.992862906738736 47.79092097410964 0.0 1.0 1.0 1 0 0 0.0 1.0 0.0
cell 58.84305301989084 0.9636497482875269 0.0 1.0 1.0 1 0 0 0.0 1.0 0.0
cell 9.26661041732231 40.68642626154096 0.0 1.0 1.0 1 0 0 0.0 1.0 0.0
cell 17.98394453059246 6.264809885005089 0.0 1.0 1.0 1 0 0 0.0 1.0 0.0
cell 1.5802289631756317 0.2086378049836082 0.0 1.0 1.0 1 0 0 0.0 1.0 0.0
cell 43.18060724987235 46.20104743958011 0.0 1.0 1.0 1 0 0 0.0 1.0 0.0
cell 41.981427566461 28.31606988301279 0.0 1.0 1.0 1 0 0 0.0 1.0 0.0
cell 47.11454978302012 49.88326842857709 0.0 1.0 1.0 1 0 0 0.0 1.0 0.0
cell 40.522912017889574 37.17996332995191 0.0 1.0 1.0 1 0 0 0.0 1.0 0.0
cell 38.586938176541445 20.029782496199324 0.0 1.0 1.0 1 0 0 0.0 1.0 0.0
cell 13.572634039737238 50.319290384779144 0.0 1.0 1.0 1 0 0 0.0 1.0 0.0
cell 53.4407243546696 46.60888584697509 0.0 1.0 1.0 1 0 0 0.0 1.0 0.0
cell 45.37319968288651 42.724204394260575 0.0 1.0 1.0 1 0 0 0.0 1.0 0.0
cell 46.84488565580446 33.84167661038323 0.0 1.0 1.0 1 0 0 0.0 1.0 0.0
cell 6.360120446928415 58.49850985960926 0.0 1.0 1.0 1 0 0 0.0 1.0 0.0
cell 7.6655632754125325 9.052280553385668 0.0 1.0 1.0 1 0 0 0.0 1.0 0.0
cell 14.558092755653982 40.1202813203674 0.0 1.0 1.0 1 0 0 0.0 1.0 0.0
cell 7.154540703254482 7.057988375218548 0.0 1.0 1.0 1 0 0 0.0 1.0 0.0
cell 44.91800360539008 5.3129692216261555 0.0 1.0 1.0 1 0 0 0.0 1.0 0.0
cell 44.10591587418553 47.94974209370394 0.0 1.0 1.0 1 0 0 0.0 1.0 0.0
cell 4.099947381752953 41.77736565255286 0.0 1.0 1.0 1 0 0 0.0 1.0 0.0
cell 11.62523181697149 10.093306180257773 0.0 1.0 1.0 1 0 0 0.0 1.0 0.0
cell 40.21521985066745 44.22284905056792 0.0 1.0 1.0 1 0 0 0.0 1.0 0.0
cell 1.3204417395582249 12.916004661886706 0.0 1.0 1.0 1 0 0 0.0 1.0 0.0
cell 1.7111812831717823 52.37188269499386 0.0 1.0 1.0 1 0 0 0.0 1.0 0.0
cell 45.11323914771914 26.58688134187937 0.0 1.0 1.0 1 0 0 0.0 1.0 0.0
cell 0.08483752438438077 21.747147746410572 0.0 1.0 1.0 1 0 0 0.0 1.0 0.0
cell 10.58006251021756 6.108228896957457 0.0 1.0 1.0 1 0 0 0.0 1.0 0.0
cell 9.715051710701166 29.816528761594 0.0 1.0 1.0 1 0 0 0.0 1.0 0.0
cell 13.440741857256233 3.2182627621420363 0.0 1.0 1.0 1 0 0 0.0 1.0 0.0
cell 32.403760865230915 9.026039824317275 0.0 1.0 1.0 1 0 0 0.0 1.0 0.0
cell 51.25021490675568 26.925079750007157 0.0 1.0 1.0 1 0 0 0.0 1.0 0.0
cell 48.681073548890595 3.5130034176691973 0.0 1.0 1.0 1 0 0 0.0 1.0 0.0
cell 22.257067690828723 34.90436702189757 0.0 1.0 1.0 1 0 0 0.0 1.0 0.0
cell 51.853503076711455 23.249152698798177 0.0 1.140175425099138 0.8770580193070291 1 0 0 0.09903241338963609 -0.9950842080438339 6.08479529239366
cell 20.294676312500933 1.3698908434153207 0.0 1.0 1.0 1 0 0 0.0 1.0 0.0
cell 21.065574935896567 10.679235236068717 0.0 1.0 1.0 1 0 0 0.0 1.0 0.0
cell 58.038862483331926 24.62900471389446 0.0 1.0 1.0 1 0 0 0.0 1.0 0.0
cell 15.225365763716695 16.527470213037002 0.0 1.0 1.0 1 0 0 0.0 1.0 0.0
cell 38.084277291035555 24.68852566313118 0.0 1.0 1.0 1 0 0 0.0 1.0 0.0
cell 41.631253389596836 35.42374089422911 0.0 1.0 1.0 1 0 0 0.0 1.0 0.0
cell 45.21635583729468 46.26948599638113 0.0 1.0 1.0 1 0 0 0.0 1.0 0.0
cell 54.08499523146992 55.57036159422525 0.0 1.0 1.0 1 0 0 0.0 1.0 0.0
cell 13.421567763018295 36.23645894088798 0.0 1.0 1.0 1 0 0 0.0 1.0 0.0
cell 6.315738890190809 30.739663076457017 0.0 1.0 1.0 1 0 0 0.0 1.0 0.0
cell 51.05104899191453 30.46669425621862 0.0 1.0 1.0 1 0 0 0.0 1.0 0.0
cell 32.82341789806643 26.301660320336715 0.0 1.0 1.0 1 0 0 0.0 1.0 0.0
cell 21.405370719296616 58.88523320287905 0.0 1.0 1.0 1 0 0 0.0 1.0 0.0
cell 26.868983414782342 45.06408671169705 0.0 1.0 1.0 1 0 0 0.0 1.0 0.0
cell 12.836446385979611 34.25410740901538 0.0 1.0 1.0 1 0 0 0.0 1.0 0.0
cell 11.495342652354664 2.668592260832241 0.0 1.0 1.0 1 0 0 0.0 1.0 0.0
cell 8.813542482633421 46.409378069259844 0.0 1.0 1.0 1 0 0 0.0 1.0 0.0
cell 26.07405771250293 41.54623852947158 0.0 1.0954451150103324 0.9128709291752768 1 0 0 0.9065120094318898 0.4221800288452277 2.2698949916290734
cell 27.123464841795947 19.64795594414899 0.0 1.0 1.0 1 0 0 0.0 1.0 0.0
cell 52.186193232577814 10.294630503293217 0.0 1.0 1.0 1 0 0 0.0 1.0 0.0
cell 19.750786652814472 60.14618965922995 0.0 1.0 1.0 1 0 0 0.0 1.0 0.0
cell 46.22927805662024 48.0684433291965 0.0 1.0 1.0 1 0 0 0.0 1.0 0.0
cell 47.39793209493792 18.360554001220862 0.0 1.0 1.0 1 0 0 0.0 1.0 0.0
cell 53.03773118256578 30.579350399186897 0.0 1.0 1.0 1 0 0 0.0 1.0 0.0
cell 60.540450680801776 48.72308883630499 0.0 1.0 1.0 1 0 0 0.0 1.0 0.0
cell 48.76624393800834 60.657420141729226 0.0 1.0 1.0 1 0 0 0.0 1.0 0.0
cell 34.72344461025073 29.833771660027693 0.0 1.0 1.0 1 0 0 0.0 1.0 0.0
cell 28.99636629448933 53.52908590063346 0.0 1.0 1.0 1 0 0 0.0 1.0 0.0
cell 11.819480390908646 17.517394440659473 0.0 1.0 1.0 1 0 0 0.0 1.0 0.0
cell 55.46215532364781 22.140556333040067 0.0 1.0 1.0 1 0 0 0.0 1.0 0.0
cell 45.57130293215 39.17903783768914 0.0 1.0 1.0 1 0 0 0.0 1.0 0.0
cell 32.3199246164142 55.670790775492804 0.0 1.0 1.0 1 0 0 0.0 1.0 0.0
cell 25.141997447406425 57.3221682782669 0.0 1.0 1.0 1 0 0 0.0 1.0 0.0
cell 7.740523321534381 29.27337232794107 0.0 1.0 1.0 1 0 0 0.0 1.0 0.0
cell 20.892144766554672 49.36625046833725 0.0 1.0 1.0 1 0 0 0.0 1.0 0.0
cell 1.8015303773337366 48.84684200699667 0.0 1.0 1.0 1 0 0 0.0 1.0 0.0
cell 15.975380596458395 5.705627907505471 0.0 1.0 1.0 1 0 0 0.0 1.0 0.0
cell 43.99980933949233 51.519976482826344 0.0 1.0 1.0 1 0 0 0.0 1.0 0.0
cell 50.59133976387317 41.14865663866413 0.0 1.0 1.0 1 0 0 0.0 1.0 0.0
cell 56.88967139687144 20.719945241266316 0.0 1.0 1.0 1 0 0 0.0 1.0 0.0
cell 41.91695441697836 51.43155835355148 0.0 1.0 1.0 1 0 0 0.0 1.0 0.0
cell 34.67160994643169 14.034015297946638 0.0 1.0 1.0 1 0 0 0.0 1.0 0.0
cell 30.514928310282116 56.608087821290304 0.0 1.0 1.0 1 0 0 0.0 1.0 0.0
cell 37.059799026779956 22.97902488247872 0.0 1.0 1.0 1 0 0 0.0 1.0 0.0
cell 16.40656242676823 54.962425448533565 0.0 1.0 1.0 1 0 0 0.0 1.0 0.0
cell 27.37282611137224 43.170754420484705 0.0 1.0 1.0 1 0 0 0.0 1.0 0.0
cell 45.747123808418124 1.5253964819570378 0.0 1.0 1.0 1 0 0 0.0 1.0 0.0
cell 40.81022471782203 53.13914859068239 0.0 1.0 1.0 1 0 0 0.0 1.0 0.0
cell 30.29550602389602 29.51533459802387 0.0 1.0 1.0 1 0 0 0.0 1.0 0.0
cell 41.40461256802994 7.595858670698558 0.0 1.0 1.0 1 0 0 0.0 1.0 0.0
cell 8.244927560999203 50.47010050631681 0.0 1.0 1.0 1 0 0 0.0 1.0 0.0
cell 26.671213582785896 1.8375082191645735 0.0 1.0488088481701516 0.9534625892455922 1 0 0 0.06199725930555074 0.9980763196462484 0.12407408844771597
cell 46.027362782126204 51.65345341980331 0.0 1.0 1.0 1 0 0 0.0 1.0 0.0
cell 39.88250006158498 51.374438723196114 0.0 1.0 1.0 1 0 0 0.0 1.0 0.0
cell 47.30246273494634 46.37205878385699 0.0 1.0 1.0 1 0 0 0.0 1.0 0.0
cell 26.245516995116628 49.15109238558668 0.0 1.0 1.0 1 0 0 0.0 1.0 0.0
cell 23.298952721339287 38.98569636716835 0.0 1.0 1.0 1 0 0 0.0 1.0 0.0
cell 11.886262030420554 58.114652983247964 0.0 1.0 1.0 1 0 0 0.0 1.0 0.0
cell 38.34475349274013 15.96529381525866 0.0 1.0 1.0 1 0 0 0.0 1.0 0.0
cell 32.24808316618164 57.64899231711523 0.0 1.0 1.0 1 0 0 0.0 1.0 0.0
cell 7.421191497743838 34.800981486755774 0.0 1.0 1.0 1 0 0 0.0 1.0 0.0
cell 8.279916316977593 31.30902853899755 0.0 1.0 1.0 1 0 0 0.0 1.0 0.0
cell 17.71173442668817 31.85425337450972 0.0 1.0 1.0 1 0 0 0.0 1.0 0.0
cell 27.017726484813732 5.945989907458692 0.0 1.0 1.0 1 0 0 0.0 1.0 0.0
cell 51.88554776014232 35.86050757981429 0.0 1.0 1.0 1 0 0 0.0 1.0 0.0
cell 41.79792359179763 55.01117424095547 0.0 1.0 1.0 1 0 0 0.0 1.0 0.0
cell 2.9290766166090054 31.614060335396523 0.0 1.0 1.0 1 0 0 0.0 1.0 0.0
cell 12.567607015763102 6.644848366316465 0.0 1.0 1.0 1 0 0 0.0 1.0 0.0
cell 44.02286662313928 28.366641458181938 0.0 1.0 1.0 1 0 0 0.0 1.0 0.0
cell 26.243175932771013 36.036516635645064 0.0 1.0 1.0 1 0 0 0.0 1.0 0.0
cell 9.099326666415731 7.606249515512686 0.0 1.0 1.0 1 0 0 0.0 1.0 0.0
cell 3.959493193655225 45.39562420527404 0.0 1.0 1.0 1 0 0 0.0 1.0 0.0
cell 58.611624820646796 45.08427922204309 0.0 1.0 1.0 1 0 0 0.0 1.0 0.0
cell 34.95516782251632 45.75579530576466 0.0 1.0 1.0 1 0 0 0.0 1.0 0.0
cell 50.43887401375676 44.70249034825748 0.0 1.0 1.0 1 0 0 0.0 1.0 0.0
cell 22.962217230505754 1.5419267725461596 0.0 1.0 1.0 1 0 0 0.0 1.0 0.0
cell 54.57119524852245 5.367217046126388 0.0 1.0 1.0 1 0 0 0.0 1.0 0.0
cell 5.70421054032347 8.573805359373564 0.0 1.0 1.0 1 0 0 0.0 1.0 0.0
cell 50.896502764989876 34.02062731760562 0.0 1.0 1.0 1 0 0 0.0 1.0 0.0
cell 52.81927803587301 60.73463682762736 0.0 1.0 1.0 1 0 0 0.0 1.0 0.0
cell 0.9364546473207904 43.42672410752114 0.0 1.0 1.0 1 0 0 0.0 1.0 0.0
cell 32.17600822429345 59.64388521334921 0.0 1.0 1.0 1 0 0 0.0 1.0 0.0
