position_x,position_y,position_z,orientation,aspect_ratio
41.579500932005466, 62.29383851093827, 0.0, 0.0, 1.0 
20.530204295745868, 45.820659615978684, 0.0, 6.019485633605471, 2.7000000000000015 
31.942496234778645, 50.50404598803996, 0.0, -1.1264592404309766, 2.7000000000000015 
8.697737072469264, 18.915989645298072, 0.0, 5.790364632553115, 1.3000000000000003 
10.130777201280893, 42.90710227915252, 0.0, 0.0, 1.0 
23.61277467802351, 13.317069258816899, 0.0, 4.016393289423037, 2.7000000000000015 
45.44869318293176, 45.99110374099073, 0.0, 0.0, 1.0 
43.5606467574027, 46.84559872751892, 0.0, 0.0, 1.0 
56.664364004031945, 28.06771795014108, 0.0, 0.0, 1.0 
55.78741927499057, 14.384876553860932, 0.0, 0.0, 1.0 
9.68359761393, 21.444640120686927, 0.0, 0.0, 1.0 
5.5437266180258105, 8.259944908418577, 0.0, 5.018750552216222, 2.7000000000000015 
49.78302427376375, 23.47188776110337, 0.0, 0.0, 1.0 
53.71548909387732, 61.8559112579849, 0.0, 5.272605892488767, 2.7000000000000015 
11.5462005270032, 47.51832239725065, 0.0, 0.0, 1.0 
13.4497510318301, 52.06370678087046, 0.0, 6.072937071880678, 2.7000000000000015 
43.72431985164903, 7.1063243389394115, 0.0, 3.3615177442321946, 2.6000000000000014 
27.282092670687057, 39.65032517946065, 0.0, 0.0, 1.0 
19.4477469226219, 5.622302830970544, 0.0, 3.2571135622237737, 2.200000000000001 
63.6489369613849, 46.29203169349251, 0.0, 0.0, 1.0 
19.040614498394728, 6.953563252417973, 0.0, 3.0548766507352516, 2.7000000000000015 
7.987859772465167, 62.22257846640381, 0.0, 4.421112513363345, 2.7000000000000015 
47.581408651532676, 14.839859031851136, 0.0, 1.0765919835978428, 1.3000000000000003 
49.311612799571776, 14.069209889981435, 0.0, 0.0, 1.0 
0.9160209456713649, 45.01890629802716, 0.0, 0.0, 1.0 
26.924567363406574, 43.07326189934734, 0.0, 5.2828866123451395, 2.7000000000000015 
60.776884170003555, 52.947032473195215, 0.0, 0.0, 1.0 
24.299588774623388, 29.58200328098572, 0.0, -0.9269367178856698, 2.7000000000000015 
52.71489952324341, 9.812687657584544, 0.0, 3.16642683479786, 2.7000000000000015 
57.455513180985264, 54.99473151660382, 0.0, 0.0, 1.0 
40.18800658349054, 45.02573558401703, 0.0, 5.625451900210652, 2.100000000000001 
48.91057348617007, 21.827323334416747, 0.0, 0.0, 1.0 
58.2230633310582, 45.20306000114307, 0.0, 0.0, 1.0 
46.15347460829184, 16.10145941736044, 0.0, 3.727079906114546, 1.3000000000000003 
28.20710446915936, 58.41920255249335, 0.0, 4.095469472918202, 2.7000000000000015 
61.29025963673615, 12.063035905527832, 0.0, 1.298766528424158, 1.6000000000000005 
49.52289234522709, 6.042237122170256, 0.0, 4.745115072559761, 2.6000000000000014 
54.487797078741735, 3.333724406336807, 0.0, 0.0, 1.0 
15.632082311411237, 22.48220825501811, 0.0, 4.543346339713726, 2.7000000000000015 
49.667631940738424, 36.93185307930502, 0.0, 6.180008853535842, 2.7000000000000015 
1.096156289430574, 2.232506956829451, 0.0, 0.0, 1.0 
46.47966638609397, 56.814507734203474, 0.0, 6.1154190854112445, 2.7000000000000015 
12.022799522445704, 62.721107195441704, 0.0, 3.8729118115595687, 2.7000000000000015 
62.9155493184557, 27.77070220878063, 0.0, 6.044799850894043, 2.7000000000000015 
30.377635535359534, 20.70107213153121, 0.0, 4.850644515916998, 2.5000000000000013 
53.39539847687189, 32.65632459897514, 0.0, 6.177099153342047, 2.7000000000000015 
54.34551110357737, 46.59130184237371, 0.0, 0.0, 1.0 
42.06269636469252, 24.412917161403584, 0.0, 0.0, 1.0 
8.631082195947481, 55.98894846360181, 0.0, -0.7541682917445724, 2.4000000000000012 
1.8722689807307331, 0.30815578489998385, 0.0, 0.0, 1.0 
8.574249784418956, 23.84136681911405, 0.0, -0.095461511229194, 2.7000000000000015 
39.30665337452054, 29.52576994332841, 0.0, 0.0, 1.0 
61.99016835915852, 26.02376597131124, 0.0, 6.007377706004454, 2.5000000000000013 
41.08127895187545, 38.83848170192172, 0.0, -0.14866379978116337, 2.7000000000000015 
6.439421432348326, 24.904042653952256, 0.0, 6.0463948434391845, 2.7000000000000015 
19.867000756412406, 47.24883646463276, 0.0, 5.955912127381042, 2.7000000000000015 
27.444803054140277, 60.19363849198573, 0.0, 1.0624910746953462, 1.8000000000000007 
26.702565952880448, 37.660807439501326, 0.0, 0.0, 1.0 
40.4224736915857, 60.84270087925078, 0.0, 6.521414138770728, 2.7000000000000015 
12.466783962129478, 59.20040683089861, 0.0, 4.714588495607135, 2.7000000000000015 
51.15488462744184, 5.4904236798102835, 0.0, 4.257602204256066, 1.2000000000000002 
31.443816518726006, 21.416063062296136, 0.0, 1.950267962311365, 2.7000000000000015 
16.09604258017366, 20.526396180062545, 0.0, 4.320692027494429, 2.7000000000000015 
54.42065066238901, 8.631741428626674, 0.0, 3.5558164082719017, 2.6000000000000014 
40.50922209913061, 57.05950593358748, 0.0, 0.0, 1.0 
41.80021118123071, 45.76181057761084, 0.0, 0.0, 1.0 
57.41145601370998, 11.410006299895796, 0.0, 3.993413596353824, 2.7000000000000015 
37.85296940787766, 5.516848950066381, 0.0, 3.144828173077277, 2.7000000000000015 
28.80557192331863, 18.164890609196018, 0.0, 3.8533557746715466, 2.7000000000000015 
0.739099429894713, 55.238911057572324, 0.0, 0.0, 1.0 
28.817825631994182, 50.92471729361531, 0.0, 5.986990317386981, 2.7000000000000015 
63.97564989484749, 10.223414396114586, 0.0, 0.8532746958585508, 1.1 
47.778916918473605, 42.07646010503605, 0.0, 5.9000257211237965, 2.7000000000000015 
39.67155242696914, 42.79633344300246, 0.0, 5.786831367870857, 2.7000000000000015 
60.710038479497044, 62.95921576766046, 0.0, 0.0, 1.0 
32.01607280069431, 11.12665671113857, 0.0, 3.5780841995232437, 2.7000000000000015 
56.729741854525116, 6.141822236418595, 0.0, 0.0, 1.0 
49.503341037023205, 37.96792797625009, 0.0, 6.092334688652561, 2.7000000000000015 
58.71239097186708, 25.511458914390886, 0.0, 0.0, 1.0 
16.526240382074274, 6.884688136252111, 0.0, 4.027217445794328, 2.7000000000000015 
1.571462216589401, 51.28775380129312, 0.0, 0.0, 1.0 
33.878951212302205, 32.70278270604821, 0.0, 0.0, 1.0 
7.402216286984986, 42.271767831773055, 0.0, 7.606373271769746, 2.6000000000000014 
43.71524745812616, 61.073567018427006, 0.0, 0.0, 1.0 
15.389467842062432, 16.089155889411927, 0.0, 3.576599185214418, 2.7000000000000015 
39.6466275416516, 62.51392420190338, 0.0, 0.0, 1.0 
7.131696589418706, 7.096777846968021, 0.0, 5.081877437038944, 2.7000000000000015 
29.477031993138212, 26.437339317807748, 0.0, 0.27619327171452807, 2.7000000000000015 
5.012887990282714, 58.22178731574886, 0.0, 0.0, 1.0 
43.532892240923864, 52.78937961656138, 0.0, 0.0, 1.0 
39.68040794206091, 32.848945343004424, 0.0, 0.0, 1.0 
20.142742398688178, 52.797908605123766, 0.0, 5.674264995784135, 2.7000000000000015 
12.949745900162007, 43.73080985113697, 0.0, 0.0, 1.0 
55.5297512112584, 40.61438387080173, 0.0, 0.0, 1.0 
0.2993224321720085, 37.26990475162281, 0.0, 1.0828384877400352, 2.7000000000000015 
51.87512270462111, 19.610477111532308, 0.0, 0.0, 1.0 
60.36826857881227, 58.01698594854921, 0.0, 0.0, 1.0 
33.2467433905839, 29.687766885466512, 0.0, 0.0, 1.0 
51.70098166271504, 38.87873528490472, 0.0, -0.7235776704655197, 2.7000000000000015 
14.655925712799803, 23.98734352775846, 0.0, -1.3837446490242682, 2.7000000000000015 
35.72293985554056, 35.606209002332136, 0.0, 0.0, 1.0 
11.86695651772837, 24.367228697914854, 0.0, 5.878516954301401, 2.7000000000000015 
9.584326871132864, 29.383495429201286, 0.0, 5.608968968520461, 2.6000000000000014 
0.47409907541446533, 61.58051236830207, 0.0, 0.0, 1.0 
59.19872361556852, 31.892525517268286, 0.0, 5.820324701984793, 2.7000000000000015 
8.861855554544837, 58.530632033190585, 0.0, 4.49687830304691, 2.7000000000000015 
37.414012425315214, 15.102464540468421, 0.0, 3.8191367158569833, 2.7000000000000015 
46.25567092543853, 7.042172042748811, 0.0, 3.737315508362176, 2.7000000000000015 
41.48663259293681, 16.116897519754993, 0.0, 2.2651053779010266, 1.2000000000000002 
15.744715140753549, 40.888633886700184, 0.0, 0.0, 1.0 
8.432129992302675, 28.196035724706785, 0.0, 5.677427927407852, 2.7000000000000015 
19.170476146966077, 26.00183372808863, 0.0, 1.9567652548812042, 2.7000000000000015 
0.3295211405202068, 21.76089535272083, 0.0, 0.0, 1.0 
62.742540596551706, 62.03899619478545, 0.0, 0.0, 1.0 
2.203477274076795, 43.395778721692416, 0.0, 0.0, 1.0 
56.63870127517418, 16.14590959681227, 0.0, 0.0, 1.0 
10.718066434651456, 38.88101730604403, 0.0, 0.0, 1.0 
56.93440935487997, 35.25399433477702, 0.0, 5.491919247079527, 2.7000000000000015 
34.774135154065995, 59.15291465775471, 0.0, 0.8013447279021376, 1.9000000000000008 
49.5327281023594, 31.144403598200675, 0.0, 0.0, 1.0 
38.89703309635357, 44.47774289922025, 0.0, -0.691061576756583, 2.5000000000000013 
45.17509008372461, 9.182611244009276, 0.0, 0.0, 1.0 
55.86359821904166, 30.58986803936864, 0.0, 6.294271253537925, 2.7000000000000015 
19.856887152379816, 56.57803361137843, 0.0, 5.560691481414108, 2.7000000000000015 
47.84438207803594, 30.160909557849, 0.0, 0.0, 1.0 
13.405923387346766, 21.030092683980033, 0.0, 5.033639294021992, 2.7000000000000015 
15.537783048928734, 49.616361111262385, 0.0, 6.195513376833047, 2.7000000000000015 
39.01435307889692, 35.9313088282681, 0.0, -0.12522437980965312, 2.7000000000000015 
25.09592524558375, 20.53940663124647, 0.0, 5.07533122740106, 2.7000000000000015 
35.30031259072979, 4.125035260275903, 0.0, 3.6056261458259593, 2.7000000000000015 
4.340291915531202, 43.25982009801902, 0.0, 0.9682458838505544, 2.300000000000001 
15.938558634488992, 10.12913394397157, 0.0, -2.1441381069412264, 2.7000000000000015 
30.94799411186311, 63.46454539427074, 0.0, 1.8992594544694392, 2.7000000000000015 
35.394132000133915, 18.858758498082086, 0.0, 2.9265075918171997, 2.7000000000000015 
62.04196262082859, 45.08071021337797, 0.0, 0.0, 1.0 
43.77864851584728, 19.30333797552838, 0.0, 0.0, 1.0 
50.26870329983895, 55.004842768937465, 0.0, 0.0, 1.0 
29.8242811167919, 42.124162916180566, 0.0, 4.726587758324189, 2.7000000000000015 
19.366849063746287, 38.13424492556353, 0.0, 0.0, 1.0 
38.330190444496154, 4.006123098232166, 0.0, 2.8959803908279, 2.7000000000000015 
15.728808362607007, 27.946244969077483, 0.0, 5.66710704042911, 1.1 
37.82803086550837, 40.249547576912065, 0.0, 5.813874843423505, 2.7000000000000015 
59.26426369462946, 48.432728001987655, 0.0, 0.0, 1.0 
58.3799018045405, 58.36900499648314, 0.0, 0.0, 1.0 
48.74297857523471, 9.695530592458676, 0.0, 5.102018341555831, 2.200000000000001 
48.21709176464268, 34.905173807510046, 0.0, 6.253436835200231, 2.7000000000000015 
15.012942775013869, 37.357683798068706, 0.0, 2.7703686081002856, 2.7000000000000015 
12.470815258721313, 1.0768384553873565, 0.0, 5.053367247469327, 2.000000000000001 
4.818970040265577, 47.489341297699006, 0.0, 0.0, 1.0 
45.20472516619345, 47.96314504041685, 0.0, 0.0, 1.0 
1.7873461356094567, 22.651946720013505, 0.0, 0.0, 1.0 
9.16150259205154, 44.74805563534511, 0.0, 0.0, 1.0 
62.81933079130273, 8.449234610451333, 0.0, 1.6656883769785562, 2.7000000000000015 
42.615337825651956, 35.37935310232778, 0.0, 6.417924936695897, 2.7000000000000015 
61.66531496022621, 46.970375110063806, 0.0, 0.0, 1.0 
40.44650603938488, 21.609962521281485, 0.0, 3.004539138701379, 2.7000000000000015 
50.905843628004604, 60.2225686358179, 0.0, 0.0, 1.0 
23.093441560860317, 43.15739354728295, 0.0, 0.0, 1.0 
37.675162368622665, 32.90825289260761, 0.0, 0.0, 1.0 
3.7836411104991696, 25.803819654753344, 0.0, 5.644921142507303, 2.7000000000000015 
62.48058939585273, 64.02181137744294, 0.0, 0.0, 1.0 
9.617174169573667, 22.824420207098534, 0.0, 6.191808148703173, 2.7000000000000015 
35.1462700445909, 54.55212842045363, 0.0, 0.0, 1.0 
55.525213134059534, 55.58155291804904, 0.0, 0.0, 1.0 
56.09417652081123, 2.036473190922442, 0.0, 0.0, 1.0 
3.438015997014843, 27.379688711848356, 0.0, 5.5472754882581645, 2.7000000000000015 
45.807649568329545, 41.727014385796096, 0.0, 5.911327105333309, 2.6000000000000014 
48.7733070543017, 18.285488782282815, 0.0, 2.936278175704894, 2.7000000000000015 
54.21930316493211, 63.48668381940547, 0.0, 0.0, 1.0 
17.50136297241418, 29.893629747278382, 0.0, 0.4578921372527017, 2.300000000000001 
64.02515252055409, 60.245895598226255, 0.0, 6.031318538410964, 2.7000000000000015 
26.709838451911274, 1.158559142490209, 0.0, 1.9369479925025008, 2.7000000000000015 
7.587005842540222, 36.34113231647051, 0.0, 0.0, 1.0 
19.19715812395291, 54.69081833197282, 0.0, 5.619879696137051, 2.7000000000000015 
24.55409574082687, 42.08958439948039, 0.0, 0.0, 1.0 
58.67459796300868, 6.8406278901259, 0.0, 0.0, 1.0 
5.821465409836794, 37.369598743953944, 0.0, 0.0, 1.0 
30.952711452898644, 43.75821223535206, 0.0, 5.568823307910789, 2.7000000000000015 
9.946758880017786, 58.092417065044586, 0.0, 4.395867538720786, 2.7000000000000015 
43.67289088182114, 23.18613085909903, 0.0, 0.0, 1.0 
34.9241128977705, 22.51971837683776, 0.0, 2.330776197256073, 2.7000000000000015 
40.36476480783527, 59.11978878303479, 0.0, 0.0, 1.0 
20.85566583704549, 39.161925929754375, 0.0, 0.0, 1.0 
45.96841134345703, 35.7436907015056, 0.0, 6.326577403691356, 2.7000000000000015 
38.290405848167595, 47.932125418006855, 0.0, 0.0, 1.0 
57.43248667273014, 39.843295598119695, 0.0, 0.0, 1.0 
8.855457097292504, 33.14773481907411, 0.0, 0.0, 1.0 
28.518933182273138, 45.897359511684165, 0.0, 5.477627122333428, 1.6000000000000005 
33.17214197206399, 57.26809120555103, 0.0, 1.6264466356850698, 2.300000000000001 
37.55859962640824, 46.54279235885945, 0.0, 5.60843474279775, 2.7000000000000015 
4.2614630091874135, 34.00172771651671, 0.0, 0.0, 1.0 
53.65320188667306, 55.93134846977369, 0.0, 0.0, 1.0 
55.564002844628995, 19.686388729331274, 0.0, 0.0, 1.0 
31.906033073015355, 25.034952935622485, 0.0, 2.360278642908273, 2.7000000000000015 
6.162611128164878, 56.69630802390162, 0.0, 0.0, 1.0 
57.75799173486546, 47.195842912667054, 0.0, 0.0, 1.0 
58.2700423679024, 17.94436711611068, 0.0, 0.0, 1.0 
24.29523304338087, 40.36483257351809, 0.0, 0.0, 1.0 
61.79987953396955, 59.46520566520567, 0.0, 0.0, 1.0 
46.713818636005875, 49.02493725192544, 0.0, 0.0, 1.0 
41.52641628845284, 42.8646539693889, 0.0, 5.612037084265946, 2.7000000000000015 
58.56903918771913, 27.277675023160935, 0.0, 0.0, 1.0 
59.98628623500098, 10.19262800572282, 0.0, 0.0, 1.0 
9.210941145928315, 0.9150399359195561, 0.0, 4.089697666684339, 2.300000000000001 
25.64824024132262, 53.89780602370062, 0.0, 6.045085399426128, 2.7000000000000015 
34.838881100328166, 41.53381988134866, 0.0, 6.11657163359648, 2.7000000000000015 
21.108375960104922, 43.06468627815605, 0.0, 0.0, 1.0 
56.57253737690813, 38.37532016865033, 0.0, 5.516580395843214, 2.7000000000000015 
6.357390417970697, 43.79088809496992, 0.0, 0.0, 1.0 
17.07228054764032, 48.48492732403967, 0.0, 6.1279570155453555, 2.7000000000000015 
42.721268004726255, 17.586710186715653, 0.0, 0.0, 1.0 
13.170587836964023, 48.807579137308345, 0.0, 0.0, 1.0 
59.00020961739635, 23.716028976634757, 0.0, 0.0, 1.0 
62.42997206937629, 24.334955422240025, 0.0, 0.0, 1.0 
22.334646293404248, 47.34758482254058, 0.0, 5.948339630701495, 2.7000000000000015 
15.395058073381664, 59.086803794839824, 0.0, 6.351399738153111, 2.7000000000000015 
57.01665394143584, 56.93727327518509, 0.0, 0.0, 1.0 
3.6815640147638082, 46.05513347629943, 0.0, 1.9460575263085467, 2.7000000000000015 
9.895997488336393, 46.25917253309291, 0.0, -0.3343627038987078, 1.6000000000000005 
5.7316028794513665, 17.579691172293515, 0.0, 3.3987074939425117, 2.7000000000000015 
45.740597441052685, 5.130866861997782, 0.0, 2.995490120535926, 1.4000000000000004 
6.493064274549486, 27.330414984194803, 0.0, 5.436383017611857, 2.7000000000000015 
11.829023555180845, 42.28738120541142, 0.0, 0.0, 1.0 
5.611458390213016, 42.12481850425222, 0.0, 0.0, 1.0 
44.26106674000142, 31.486356436947887, 0.0, 0.0, 1.0 
59.76452267591031, 46.412829571538616, 0.0, 0.0, 1.0 
47.8781237953932, 57.79089507813658, 0.0, 0.0, 1.0 
50.595646447807106, 8.857295019897778, 0.0, 0.0, 1.0 
17.88571280572154, 18.95074498821416, 0.0, 4.418952688153206, 2.7000000000000015 
21.454216449279937, 48.705147420110784, 0.0, 5.846210480416441, 2.7000000000000015 
6.192301405430692, 16.33033642060476, 0.0, 3.594724246311951, 2.7000000000000015 
53.40796743532002, 23.440003489415613, 0.0, 0.0, 1.0 
46.26915384610223, 31.258449983506388, 0.0, 0.0, 1.0 
46.38244012020774, 20.154348411074853, 0.0, 2.012190267920563, 2.6000000000000014 
43.67998150892348, 37.73565132638057, 0.0, 6.145103198177916, 2.5000000000000013 
61.22443501984814, 27.258740534661356, 0.0, -0.21422174338647998, 2.7000000000000015 
19.536405350800617, 0.7410173407332793, 0.0, 3.3104132093577943, 2.7000000000000015 
60.182904961809506, 34.008233899571856, 0.0, 5.3423265555214146, 2.7000000000000015 
42.17042351930133, 58.17430095024685, 0.0, 0.0, 1.0 
54.20187715678429, 53.965254518732124, 0.0, 0.0, 1.0 
21.36489976815971, 49.87032512081798, 0.0, 5.793262290833409, 2.7000000000000015 
14.81365214082321, 4.346235445881533, 0.0, 4.616880539142286, 2.7000000000000015 
13.607730099852503, 4.693398244740405, 0.0, -1.5444513397108528, 2.7000000000000015 
11.402006159958594, 29.25359712996326, 0.0, 5.5727891216337655, 2.7000000000000015 
7.843509802800228, 20.781054751356372, 0.0, 0.0, 1.0 
39.436576884960985, 25.7218717528402, 0.0, 4.877569420938975, 1.5000000000000004 
21.330830719898835, 10.008254706149794, 0.0, 3.4268501213006135, 2.7000000000000015 
6.365519706029914, 22.950944594501856, 0.0, 6.427030217864463, 2.6000000000000014 
6.763130279438599, 5.1712429381568015, 0.0, 5.116284513112868, 2.7000000000000015 
26.276838281145803, 41.2413597850851, 0.0, 0.0, 1.0 
19.602180376851383, 44.430386294010006, 0.0, 0.0, 1.0 
19.40990977175679, 28.828922235930744, 0.0, 2.570884565799994, 2.100000000000001 
18.952097175488802, 34.547582412633446, 0.0, 0.0, 1.0 
10.83051328871202, 26.021132328219544, 0.0, 5.675157420039265, 2.7000000000000015 
41.80896166140786, 49.8472908088829, 0.0, 0.0, 1.0 
56.401568348472345, 21.3001934155822, 0.0, 0.0, 1.0 
21.84779879525282, 27.695886091460135, 0.0, 3.311460863635393, 2.300000000000001 
57.72408879287391, 0.779043252158507, 0.0, 0.0, 1.0 
50.1266607799264, 38.89503358170771, 0.0, 5.769780093896903, 2.7000000000000015 
28.335339042686474, 44.48079765762864, 0.0, 5.429160649306346, 2.7000000000000015 
24.83014824550216, 10.31422404286689, 0.0, 2.9990377157879444, 2.7000000000000015 
29.540032472324928, 46.55278443567526, 0.0, -0.9589739204278172, 2.7000000000000015 
3.9470580968206677, 0.34172158407228953, 0.0, 0.0, 1.0 
47.24063671167548, 40.20194838685916, 0.0, 5.903862314283766, 2.7000000000000015 
10.541484671898536, 27.473970932954096, 0.0, 5.573398284642298, 2.6000000000000014 
32.08990332990427, 3.2864671837281736, 0.0, 1.2795395854266185, 2.7000000000000015 
46.233206605103454, 55.42046208217318, 0.0, 0.0, 1.0 
54.68041998427821, 34.39273990049185, 0.0, 5.863453757799873, 2.7000000000000015 
44.37768195427597, 64.21296006226541, 0.0, 0.0, 1.0 
33.39837073336988, 22.459690715039564, 0.0, 2.2182487592019853, 2.6000000000000014 
33.92232672783369, 42.76232630124808, 0.0, 6.175724949177924, 2.7000000000000015 
54.859141735391695, 5.431709372054624, 0.0, 0.0, 1.0 
49.37704876315951, 51.69667376023718, 0.0, 0.0, 1.0 
29.857878088487283, 17.30038386815779, 0.0, 3.932587973742086, 2.7000000000000015 
8.821127287457495, 52.02720585001576, 0.0, 0.0, 1.0 
39.68609803103899, 34.59603710799015, 0.0, 0.0, 1.0 
47.17916538816538, 9.237466739348482, 0.0, 5.199600142222487, 1.2000000000000002 
45.144124048838954, 14.338162756040806, 0.0, 2.8979144533321666, 1.9000000000000008 
1.8042643752210026, 40.05486152832889, 0.0, 0.4454484463647926, 2.4000000000000012 
30.926756075445322, 60.280097358599015, 0.0, 1.2786355868581543, 2.5000000000000013 
51.22996483890472, 13.392829085498915, 0.0, 0.0, 1.0 
13.863685847846936, 36.292279606955496, 0.0, 0.0, 1.0 
2.622493912102305, 30.186280638295553, 0.0, 4.981560836827787, 2.7000000000000015 
64.22587286601899, 23.526074740005715, 0.0, 0.0, 1.0 
48.584953805887174, 4.359919009368268, 0.0, 4.924529577917585, 2.6000000000000014 
57.03749212165661, 29.471309334557034, 0.0, 6.1081900652698495, 2.5000000000000013 
32.05590593334787, 31.059710314208896, 0.0, 0.6573542827900775, 1.8000000000000007 
44.66199343534159, 24.988267592923037, 0.0, 0.0, 1.0 
18.14604157671324, 24.248669293896512, 0.0, 4.612393740063198, 2.7000000000000015 
14.23586732653607, 7.836796068938738, 0.0, 4.535678395312356, 2.7000000000000015 
9.257606494743026, 35.14271374131803, 0.0, 0.0, 1.0 
2.7002789192781256, 39.059475506617126, 0.0, 0.6925110369310143, 2.7000000000000015 
54.37790649341624, 18.01784161459588, 0.0, 0.0, 1.0 
59.08511214064223, 29.82161397264147, 0.0, 5.973705466506629, 2.7000000000000015 
58.23189065811017, 31.177215326000553, 0.0, 5.892561471237289, 2.7000000000000015 
49.18890424041508, 0.8499655991582523, 0.0, 5.018280937477325, 2.7000000000000015 
52.407622540475344, 47.257412330786316, 0.0, 0.0, 1.0 
40.01167383886671, 48.902705062388485, 0.0, 0.0, 1.0 
4.804869202377422, 50.259508676303085, 0.0, 3.5340994017332528, 1.1 
36.614475993112485, 51.155353848658585, 0.0, 0.0, 1.0 
28.09498805258953, 9.61838488209785, 0.0, 3.25496015049282, 2.7000000000000015 
54.79393249224809, 44.62772014488364, 0.0, 0.0, 1.0 
47.38456639131807, 38.93384556418744, 0.0, 6.1947723886992305, 2.7000000000000015 
44.95917366538733, 21.00791786801173, 0.0, 1.6882650081402195, 2.6000000000000014 
53.31475285557234, 50.5331287842701, 0.0, 0.0, 1.0 
63.1702217522077, 29.690505503870003, 0.0, 5.553835790587423, 2.7000000000000015 
21.374718381763742, 54.33159710683889, 0.0, 5.631828717879719, 2.7000000000000015 
41.53682753036454, 11.549856867878564, 0.0, 0.0, 1.0 
30.39124765321755, 4.900996809533584, 0.0, 3.06773044787064, 2.7000000000000015 
21.543553769859695, 7.915218422025391, 0.0, 3.2435739046607956, 2.7000000000000015 
7.599245730923071, 29.823761179871394, 0.0, 5.682917892937211, 2.7000000000000015 
7.2130584651660925, 45.42432396258317, 0.0, 8.388795496362995, 2.7000000000000015 
38.229135529644275, 19.904861077374566, 0.0, 3.646809083790309, 2.6000000000000014 
40.88348530053195, 5.6640678273324685, 0.0, 3.6327532812452383, 2.7000000000000015 
10.519777079076182, 52.73173429378382, 0.0, 5.3705604718352955, 2.7000000000000015 
62.32430542314547, 28.85991354960037, 0.0, 6.001303753639293, 2.7000000000000015 
26.91835577198008, 17.644299318954044, 0.0, 4.369781422805559, 2.5000000000000013 
38.387426296299054, 52.05164590537925, 0.0, 0.0, 1.0 
0.06062990694470718, 63.58845397355861, 0.0, 0.0, 1.0 
23.055782152444365, 36.67797599388383, 0.0, 0.0, 1.0 
59.69911711377473, 28.542314739637877, 0.0, -0.08926394559981295, 2.7000000000000015 
12.838031087057484, 55.58030335169471, 0.0, 5.0518343198239295, 2.7000000000000015 
45.91795648729878, 44.03767690399216, 0.0, 0.0, 1.0 
27.37933621321545, 7.009910479645539, 0.0, 3.1629966880612446, 2.7000000000000015 
14.42450635331428, 45.39034697333157, 0.0, 0.0, 1.0 
43.279895980995995, 21.27462057788303, 0.0, 0.0, 1.0 
4.412473587340062, 29.383953224692913, 0.0, 5.4322854379307435, 2.7000000000000015 
5.623547412001511, 4.586400243247553, 0.0, -0.7693895802170349, 2.7000000000000015 
27.548368816673218, 48.3002931832982, 0.0, 5.2083122029549855, 2.7000000000000015 
61.64111151593736, 37.96124311447903, 0.0, 0.0, 1.0 
32.622764257740755, 26.83489699818113, 0.0, 0.1828618971388928, 2.7000000000000015 
47.69723418932069, 26.89572854778258, 0.0, 0.0, 1.0 
10.53459813506015, 60.67124381754726, 0.0, 3.4816184751375805, 1.7000000000000006 
55.97025267116109, 64.03284028032746, 0.0, 0.0, 1.0 
55.57280524881283, 61.98338730209714, 0.0, 0.2978601153677416, 1.1 
59.78572372767583, 3.749454821267245, 0.0, 0.0, 1.0 
47.723068817518154, 3.384539335158382, 0.0, 5.066764835634608, 2.5000000000000013 
46.0874221617151, 3.0560308374994967, 0.0, 0.0, 1.0 
44.27061120103511, 55.730186793236435, 0.0, 0.0, 1.0 
52.794080507378844, 52.509067603231195, 0.0, 0.0, 1.0 
3.345294073324095, 21.634802180282794, 0.0, 0.0, 1.0 
26.2631767448117, 58.14388216320115, 0.0, 1.9523568134986133, 1.7000000000000006 
33.3289427424722, 53.95238012430816, 0.0, 0.0, 1.0 
38.67805219093353, 56.15955198983454, 0.0, 0.0, 1.0 
57.35595615733222, 33.51032687640662, 0.0, 5.782631351618878, 2.7000000000000015 
17.284923356803212, 33.57776865220314, 0.0, 0.0, 1.0 
63.90062794476762, 1.2006534666841926, 0.0, 0.0, 1.0 
34.72779752913036, 39.21218581789445, 0.0, 6.1659342270696245, 2.7000000000000015 
0.2737008738504101, 43.10465160311143, 0.0, 5.4255335359518435, 1.7000000000000006 
1.259796273179058, 15.20721039088281, 0.0, 3.9852296629269284, 2.7000000000000015 
26.159520567071258, 28.07553045984618, 0.0, -1.2847834393567144, 2.7000000000000015 
42.42303044099954, 10.236588056469165, 0.0, 0.8615904591997626, 2.7000000000000015 
10.537499796809133, 33.625906472198054, 0.0, 0.0, 1.0 
53.25332056110969, 57.74875617460008, 0.0, 0.0, 1.0 
57.54089347663519, 52.87757400206361, 0.0, 0.0, 1.0 
32.56194153522938, 13.93835809199937, 0.0, 3.1918761074524786, 2.6000000000000014 
37.44414672883849, 60.54983037531641, 0.0, 5.793114192795955, 2.7000000000000015 
59.05361676486973, 53.95772193106174, 0.0, 0.0, 1.0 
25.14955206557295, 23.100894400705346, 0.0, 3.1948916381621695, 2.7000000000000015 
43.53852423253116, 48.86866426339083, 0.0, 0.0, 1.0 
43.650434668549906, 9.736142223402691, 0.0, 1.189081183573149, 2.7000000000000015 
29.65932354784535, 27.963221180393354, 0.0, 0.0, 1.0 
21.234252907610085, 37.21494596530811, 0.0, 0.0, 1.0 
53.81633725054964, 48.57554518424645, 0.0, 0.0, 1.0 
28.541183932046273, 3.3351270223497287, 0.0, 1.0159063392914753, 2.7000000000000015 
16.957171579665843, 23.59464883187032, 0.0, 4.843974645335231, 2.7000000000000015 
44.331839265666346, 38.748692416019864, 0.0, 6.185303064649282, 2.7000000000000015 
19.874733963367323, 31.02504152616259, 0.0, 0.02027516817855815, 1.1 
2.454549634662631, 17.560299710982175, 0.0, 2.8376199721199167, 2.7000000000000015 
26.59642339165517, 30.07147391241054, 0.0, 5.277796070831516, 2.7000000000000015 
47.048070216590226, 47.11258543825668, 0.0, 0.0, 1.0 
4.960806412013529, 20.61790163030429, 0.0, 0.0, 1.0 
29.56280840387297, 25.134894386448167, 0.0, 0.3549133600229486, 1.9000000000000008 
33.781527954361614, 1.9693376912103573, 0.0, 1.263928424609382, 2.6000000000000014 
26.85387762797244, 61.98303476622768, 0.0, 1.0499987947961595, 2.7000000000000015 
56.38946224256283, 18.04245889522063, 0.0, 0.0, 1.0 
2.7387962411543323, 49.73497215507452, 0.0, 0.0, 1.0 
10.892359260014425, 9.459888754980405, 0.0, 4.694635251869422, 2.7000000000000015 
41.800730658487424, 14.250332432275718, 0.0, 3.4222823533433875, 2.7000000000000015 
13.956273847843443, 30.917742637329226, 0.0, 0.0, 1.0 
36.741691394364615, 53.23199788781742, 0.0, 0.0, 1.0 
53.09514287395928, 31.40645788702814, 0.0, 6.086271936840831, 2.7000000000000015 
45.25112914855931, 49.98852974707492, 0.0, 0.0, 1.0 
36.32123382048528, 2.976013364504822, 0.0, 3.2446532503012273, 2.7000000000000015 
61.92712719297885, 10.515246011790476, 0.0, 1.031149956802524, 2.7000000000000015 
45.327981316920194, 1.3436254952277005, 0.0, 0.0, 1.0 
49.87046506602135, 3.137359402551869, 0.0, 4.577456282425583, 2.5000000000000013 
42.3313034447795, 27.97853018672458, 0.0, 0.0, 1.0 
49.73483761747809, 27.0790835095252, 0.0, 0.0, 1.0 
14.62222540817401, 19.82592789265214, 0.0, 4.608071767429382, 2.7000000000000015 
32.16060594395376, 35.111110992387275, 0.0, 0.0, 1.0 
37.75648963690712, 24.329194359080123, 0.0, 3.0896943281757063, 2.300000000000001 
25.763732609384082, 50.39574527660198, 0.0, 5.205971947912952, 2.7000000000000015 
54.612842242927954, 21.802783471535594, 0.0, 0.0, 1.0 
17.134147948605097, 35.569149992503775, 0.0, 0.0, 1.0 
55.764939427844645, 47.88520290988608, 0.0, 0.0, 1.0 
28.29955602643369, 49.35593256231919, 0.0, -0.9259326477726955, 2.7000000000000015 
40.23213356312086, 52.99425238747861, 0.0, 0.0, 1.0 
41.783330890699794, 47.80221845500568, 0.0, 0.0, 1.0 
64.24430627355068, 15.80530217100522, 0.0, 0.0, 1.0 
56.06041280912318, 12.433015794904245, 0.0, 0.0, 1.0 
23.08064627121838, 58.125825436326494, 0.0, 4.127886285922872, 2.7000000000000015 
51.71668389625127, 26.693364983534842, 0.0, 0.0, 1.0 
47.870267345571804, 43.51494833619607, 0.0, 0.0, 1.0 
61.04267338679429, 56.13436489791146, 0.0, 0.0, 1.0 
3.4382595776135827, 23.393105602626388, 0.0, 5.85106873044953, 2.7000000000000015 
56.72385283473222, 43.87679858776506, 0.0, 0.0, 1.0 
55.960445868626145, 53.58657049047995, 0.0, 0.0, 1.0 
47.876058645653956, 12.669397385496358, 0.0, 2.2782646139595855, 1.1 
23.93018379429292, 47.78063319338843, 0.0, 5.480114271855179, 2.7000000000000015 
53.66916632272156, 41.500417159733445, 0.0, 0.0, 1.0 
60.42156479544557, 7.183705011245532, 0.0, 1.4235163800017054, 2.7000000000000015 
28.679285139040182, 40.57672304825106, 0.0, 5.591477757550737, 2.7000000000000015 
61.06601138479649, 0.6992363674613411, 0.0, 6.984503540144838, 2.7000000000000015 
33.66937540112908, 25.472173240592877, 0.0, 0.0, 1.0 
26.48236295222993, 35.167087328938656, 0.0, 4.2954362047527095, 2.100000000000001 
55.1953911773098, 35.34256366156025, 0.0, 5.763699669653929, 2.7000000000000015 
24.56469201439625, 31.151031401605, 0.0, 5.344175123703631, 2.7000000000000015 
31.742976356141973, 15.159875246678627, 0.0, 3.3255499116446097, 2.7000000000000015 
36.8001237331562, 22.736601495891207, 0.0, 0.0, 1.0 
39.93280201262616, 17.311573772230602, 0.0, 4.286142012435244, 2.200000000000001 
9.041459110268955, 25.823508270684616, 0.0, 5.940184491900211, 2.7000000000000015 
36.792030248492374, 59.087198291397534, 0.0, 0.0, 1.0 
54.37819374581889, 1.2095510529161826, 0.0, 0.0, 1.0 
45.27522562069305, 29.724205366480955, 0.0, 0.0, 1.0 
21.027444064693398, 11.164465670769872, 0.0, 3.7212258073147124, 2.7000000000000015 
59.29671553637991, 60.015961781629095, 0.0, 0.0, 1.0 
41.46618476221856, 7.958678350246796, 0.0, 0.7375435568672007, 2.5000000000000013 
54.13903298374026, 14.036424937333217, 0.0, 0.0, 1.0 
22.351752004882496, 52.19063131942263, 0.0, 5.529522540731189, 2.7000000000000015 
46.37486290311286, 18.154366522959936, 0.0, 2.412429890008315, 2.7000000000000015 
33.84486562444289, 28.149603611905974, 0.0, 3.0586942734804548, 1.6000000000000005 
1.4656372087959593, 26.544612146497037, 0.0, 5.7970928986257935, 2.7000000000000015 
10.457723638086811, 62.79025971602223, 0.0, 4.217043031261371, 2.7000000000000015 
0.25159478036652677, 24.907001790301347, 0.0, -0.3590313857263845, 1.9000000000000008 
44.25113007504213, 41.28762998170834, 0.0, 5.784323635340036, 2.7000000000000015 
14.624709078225093, 55.92028107470872, 0.0, 5.438890367270238, 2.7000000000000015 
61.10354804537852, 31.637690565659753, 0.0, 5.519945437110882, 2.7000000000000015 
4.023775073485602, 36.411871300845924, 0.0, 5.150390735695759, 2.7000000000000015 
32.98681893627103, 21.09919648713725, 0.0, 2.084203798532319, 2.7000000000000015 
47.87394367322932, 32.186722975351486, 0.0, 0.0, 1.0 
12.277240114360936, 30.24214296281211, 0.0, 0.0, 1.0 
51.56793872022086, 7.523631548449331, 0.0, 3.8001849461476542, 2.7000000000000015 
13.029830656042853, 14.464305176174989, 0.0, 3.403413723839701, 2.7000000000000015 
42.076015881239954, 53.90033009674738, 0.0, 0.0, 1.0 
36.848701733237824, 57.14078587152346, 0.0, 0.0, 1.0 
20.01128538417022, 58.29084984920028, 0.0, 5.192583182077663, 2.7000000000000015 
6.407600233096632, 58.813502613368804, 0.0, -1.2538884086619004, 2.000000000000001 
33.85936530206762, 36.414279945185626, 0.0, 0.0, 1.0 
24.843800031054972, 8.760555814492397, 0.0, 3.5057725943339317, 2.7000000000000015 
54.58672539652516, 16.01708560451961, 0.0, 0.0, 1.0 
47.3809104014603, 1.1935167468150967, 0.0, 0.0, 1.0 
34.286711780656645, 8.226516201154258, 0.0, 2.378939549087418, 2.7000000000000015 
39.92749217633841, 41.400393391497346, 0.0, 5.9048390265901265, 2.7000000000000015 
20.994546175272706, 60.176713875912974, 0.0, 4.590918738752691, 2.7000000000000015 
41.26547504647819, 26.202404631570296, 0.0, 0.0, 1.0 
56.62583616390503, 59.06867997326973, 0.0, 0.0, 1.0 
43.681800721018284, 44.9614013088691, 0.0, 0.0, 1.0 
12.099705160343007, 27.330565411614327, 0.0, 5.487745431000469, 2.6000000000000014 
9.559324067820269, 50.18965739248663, 0.0, 0.0, 1.0 
45.658899255969196, 26.76458889150098, 0.0, 0.0, 1.0 
62.7155231654698, 50.247972125538176, 0.0, 0.0, 1.0 
55.202197475520244, 42.64857143272567, 0.0, 0.0, 1.0 
7.450789808002255, 15.511763630472675, 0.0, 3.635401506689774, 2.7000000000000015 
10.243654774557317, 36.93210168186166, 0.0, 0.0, 1.0 
45.70710854982939, 23.291009469213204, 0.0, 0.0, 1.0 
16.303333480096565, 55.75705997170069, 0.0, 5.179246102741159, 2.6000000000000014 
62.53394970050184, 31.67455654795516, 0.0, 5.539037950021766, 2.7000000000000015 
3.7391131024609874, 3.8293384170696942, 0.0, 0.0, 1.0 
15.585673908582315, 2.010851593399118, 0.0, 4.552663477603849, 2.7000000000000015 
25.361972417630348, 43.231183081164666, 0.0, 5.67258995999804, 2.7000000000000015 
21.832913266290603, 13.171214514672249, 0.0, 3.867684643635122, 2.7000000000000015 
5.991970292122963, 64.07896939524879, 0.0, 4.707443220658611, 2.7000000000000015 
37.54039505285163, 34.70149497698148, 0.0, 0.0, 1.0 
12.10315621192297, 45.89460938577396, 0.0, 2.518777459531499, 2.6000000000000014 
1.213299713082979, 27.810402804322752, 0.0, -0.44685457206117196, 2.7000000000000015 
50.78994457376962, 25.264254956967566, 0.0, 0.0, 1.0 
15.531829704880055, 35.03811502293751, 0.0, 0.0, 1.0 
12.927968367383997, 25.335295355558795, 0.0, 5.468127200354635, 2.300000000000001 
60.65582857736879, 13.742631676737446, 0.0, 0.0, 1.0 
64.05896653424533, 40.59919333980957, 0.0, 0.5810969401791285, 1.6000000000000005 
9.542037401214419, 5.305023172866524, 0.0, 4.498746152388329, 2.7000000000000015 
15.489594635672423, 32.95115662359531, 0.0, 0.0, 1.0 
28.769471502983123, 33.04384808367766, 0.0, 0.0, 1.0 
0.9851211835191407, 31.953182793955552, 0.0, 5.1704231895789645, 1.2000000000000002 
49.251015464461524, 35.93905294361347, 0.0, -0.08204564580873117, 2.7000000000000015 
43.61375979415834, 50.85715521795381, 0.0, 0.0, 1.0 
43.71526327613251, 57.367951452495475, 0.0, 0.0, 1.0 
42.45220205611524, 41.05312883992637, 0.0, 5.810161054461292, 2.7000000000000015 
62.35487427980881, 57.50682742673742, 0.0, 0.0, 1.0 
28.138234133406105, 22.69930107531857, 0.0, 3.7824414779274678, 2.7000000000000015 
53.10004560070242, 29.781664633156367, 0.0, 0.0, 1.0 
12.204713890833128, 34.010625281305536, 0.0, 0.0, 1.0 
60.78645806120147, 50.85757768436758, 0.0, 0.0, 1.0 
11.844791482656436, 11.959863224876523, 0.0, -1.606386554381785, 2.7000000000000015 
37.30806873614991, 29.455758439629523, 0.0, 0.0, 1.0 
10.877742652028287, 3.0365639967861116, 0.0, 4.999695110553159, 2.7000000000000015 
37.43041633263094, 26.051328510567423, 0.0, 0.0, 1.0 
38.61167990119072, 58.2284613295746, 0.0, 0.0, 1.0 
47.90429287659351, 50.33772730616507, 0.0, 0.0, 1.0 
31.428769258803737, 57.75402537507506, 0.0, 1.4959762470881788, 2.100000000000001 
1.0579039178519132, 6.5474018708202335, 0.0, 3.9501082236676, 1.2000000000000002 
22.853897701356367, 50.209932704518046, 0.0, 5.428328502911018, 2.7000000000000015 
37.136897564414426, 44.90452133668711, 0.0, 5.342648505320907, 2.7000000000000015 
24.97743395506731, 0.8554740232209997, 0.0, 1.8865033176390273, 2.7000000000000015 
52.71782224752232, 2.341854334225767, 0.0, 0.0, 1.0 
26.628166772063732, 47.36376827260126, 0.0, 5.115907055755089, 2.7000000000000015 
30.259720574371162, 52.11530882898194, 0.0, 5.074830601858509, 2.7000000000000015 
6.543080843343163, 19.34750170504901, 0.0, 0.0, 1.0 
48.81146007868647, 53.58229336191775, 0.0, 0.0, 1.0 
56.96406992744207, 22.692089375214263, 0.0, 3.056720933324832, 2.4000000000000012 
57.0897815692942, 24.252231274591196, 0.0, 0.0, 1.0 
0.0843264626220665, 57.06109622195391, 0.0, 0.0, 1.0 
62.54038477087241, 43.17732554524438, 0.0, 0.0, 1.0 
53.761212628501966, 19.94026678159451, 0.0, 0.0, 1.0 
3.7893964316172686, 63.05269773301398, 0.0, 0.0, 1.0 
5.3991028554005815, 61.69501757991282, 0.0, 4.891358276790136, 2.7000000000000015 
49.36882606893418, 44.63415266117966, 0.0, 0.0, 1.0 
36.14740013768598, 27.69741002550478, 0.0, 2.953216587943747, 1.1 
50.814988938169165, 15.616302639142933, 0.0, 4.591024059682451, 1.6000000000000005 
37.62465189860154, 37.06515542930822, 0.0, 6.4299685009676875, 2.7000000000000015 
40.02635030695824, 46.876997818224396, 0.0, 0.0, 1.0 
26.70185337560738, 12.659415332205654, 0.0, 3.324823126657756, 2.7000000000000015 
2.796472487147725, 52.148155769609176, 0.0, 2.6365214529400154, 2.7000000000000015 
62.82544442921699, 35.054295981725836, 0.0, 4.78313187371661, 2.4000000000000012 
59.16376452025472, 8.581457291999417, 0.0, 0.192270972652205, 2.300000000000001 
34.85282755946381, 56.917522547602516, 0.0, 1.8655967012880532, 1.2000000000000002 
29.43284066569665, 12.713997631076053, 0.0, 3.7084743907375866, 2.7000000000000015 
10.319709886065558, 40.89685129497538, 0.0, 0.0, 1.0 
27.91300600457774, 52.39607799891753, 0.0, 5.943443873813818, 2.7000000000000015 
14.809204355949653, 54.07533958012771, 0.0, 5.41728618387435, 2.6000000000000014 
48.27065093020586, 55.50850176194368, 0.0, 0.0, 1.0 
17.949628139779428, 43.67654862005438, 0.0, 0.0, 1.0 
64.04806815745464, 3.7434027944270842, 0.0, 0.0, 1.0 
13.856869739872026, 50.901138703782024, 0.0, 6.033249154597367, 2.7000000000000015 
2.638782242077118, 34.51880828889203, 0.0, 4.765960886845253, 2.7000000000000015 
10.75825063721118, 55.842956701552254, 0.0, 5.812820512507111, 2.7000000000000015 
34.59881680510685, 37.90331539458537, 0.0, 5.900406060434805, 2.7000000000000015 
18.31714644837522, 9.290201837086002, 0.0, 3.6256511632973893, 2.7000000000000015 
54.84792939508463, 28.953041565477303, 0.0, 0.0, 1.0 
36.97172831534905, 20.68888606677941, 0.0, 3.843818194062846, 2.7000000000000015 
35.226006993553106, 24.20751416101688, 0.0, 0.0, 1.0 
35.7798509807676, 33.54017789635791, 0.0, 0.0, 1.0 
6.672006742348434, 50.30086852652043, 0.0, 1.1261682394455859, 2.7000000000000015 
12.436003537567931, 3.5053320087699866, 0.0, 5.160003390690451, 2.7000000000000015 
52.21656839263422, 54.47784318338701, 0.0, 0.0, 1.0 
16.710395797068784, 42.39131385716036, 0.0, 0.0, 1.0 
30.186245641486394, 8.195182243396957, 0.0, 3.522495328069491, 2.7000000000000015 
30.186525295756528, 48.87360896132955, 0.0, 5.498296067218729, 2.7000000000000015 
17.619486727148896, 27.70706095118085, 0.0, 4.659984300741867, 1.7000000000000006 
64.20335132260003, 34.172070184776246, 0.0, 0.0, 1.0 
15.728131779964796, 7.8917863733430345, 0.0, 4.114067520584979, 2.7000000000000015 
40.347046343194386, 54.99350931800458, 0.0, 0.0, 1.0 
61.51950113036344, 18.672056100013013, 0.0, 0.0, 1.0 
19.923268516355698, 36.076057848700664, 0.0, 0.0, 1.0 
28.440137802377805, 13.91492146999259, 0.0, 3.280909148392022, 2.7000000000000015 
17.83208292705297, 31.741577780228113, 0.0, 0.0, 1.0 
63.755785634129126, 18.286606484989324, 0.0, 3.3427669476703494, 2.7000000000000015 
13.342537241554115, 12.248406466142523, 0.0, 4.266731428894022, 2.7000000000000015 
51.407927667145636, 28.56286929079983, 0.0, 0.0, 1.0 
48.538160624145895, 48.417524767857756, 0.0, 0.0, 1.0 
32.89545955731486, 46.662627620349845, 0.0, 5.531785593490598, 2.6000000000000014 
57.20548807581263, 49.14303556089687, 0.0, 0.0, 1.0 
9.04687141243976, 39.39144748809823, 0.0, 7.97033187539221, 2.7000000000000015 
3.0048824590641314, 5.716956507912545, 0.0, 0.0, 1.0 
57.10313578897228, 41.869802984872656, 0.0, 0.0, 1.0 
62.65425547900761, 22.240570949262366, 0.0, 0.0, 1.0 
43.220473718844524, 29.857058443208757, 0.0, 0.0, 1.0 
11.884495200330287, 21.31723861063377, 0.0, -0.832258782895947, 2.6000000000000014 
55.5639823068434, 31.72903288267206, 0.0, 6.1410059502019205, 2.7000000000000015 
61.659754522154564, 7.504232843163076, 0.0, 1.5784216040194405, 2.7000000000000015 
59.65743502296426, 19.4580114774032, 0.0, 0.0, 1.0 
41.56962330572226, 19.781165784183184, 0.0, 2.2955935644015453, 1.5000000000000004 
22.763504074421665, 9.246235973941705, 0.0, 3.380167112425774, 2.7000000000000015 
62.78862947208477, 53.85631835083008, 0.0, 2.5174958013017625, 2.7000000000000015 
4.933719502216896, 40.75636900399383, 0.0, -0.037900823462671235, 2.7000000000000015 
4.826511249717968, 1.8328737116002627, 0.0, 0.0, 1.0 
62.41998842389599, 41.42625748360854, 0.0, 3.3984808423540662, 2.7000000000000015 
22.2260898373125, 6.365070169701677, 0.0, 9.024971851520322, 2.7000000000000015 
59.024219597239544, 56.490917180957354, 0.0, 0.0, 1.0 
23.492627567807954, 11.631815930639776, 0.0, 3.553253308058305, 2.7000000000000015 
51.38673107529783, 63.489832095446936, 0.0, 5.547790707629881, 2.7000000000000015 
33.507155705414924, 47.7530410887736, 0.0, 5.486261868278531, 2.200000000000001 
37.95726944401302, 39.058125613000115, 0.0, -0.2777535068473903, 2.7000000000000015 
2.1230535728195323, 56.730118169681326, 0.0, 0.0, 1.0 
30.513593102511674, 38.03649442663257, 0.0, 0.0, 1.0 
47.38267545316418, 45.28313072964221, 0.0, 0.0, 1.0 
44.05299129506982, 3.550791961541256, 0.0, 2.1974960176798284, 1.9000000000000008 
11.100756834232431, 49.03846899118999, 0.0, 0.0, 1.0 
8.348327580940298, 7.306687962588155, 0.0, 5.018155730488723, 2.7000000000000015 
60.112596617349325, 54.85581417747805, 0.0, 2.6485640242303807, 2.7000000000000015 
4.09951977968927, 56.58052733599453, 0.0, 0.0, 1.0 
48.59536869792091, 63.095199604791055, 0.0, 0.0, 1.0 
12.313883186482869, 40.52333333802897, 0.0, 0.0, 1.0 
43.32123528504612, 26.298727320509467, 0.0, 0.0, 1.0 
5.7746980824449965, 2.8137919955298387, 0.0, 5.263054648651569, 2.7000000000000015 
47.76772898974806, 23.477725579794566, 0.0, 0.0, 1.0 
30.39740497463577, 36.15162231788466, 0.0, 0.0, 1.0 
22.60235610266383, 41.522322488449916, 0.0, 0.0, 1.0 
23.76572508729724, 52.58355351547962, 0.0, 5.261213504951148, 2.7000000000000015 
21.46444219667721, 15.533057482111866, 0.0, 4.9434077370541765, 2.7000000000000015 
32.44978474248364, 60.00112966994461, 0.0, 1.7741043334908042, 1.8000000000000007 
8.584484995377473, 42.31773743268844, 0.0, 1.4795325763133103, 2.5000000000000013 
45.05328713293948, 39.85658369264195, 0.0, 6.073768992574603, 2.7000000000000015 
62.65071266578256, 2.4361948712686528, 0.0, 4.7300151874832, 2.5000000000000013 
58.66580867017867, 50.36393209841017, 0.0, 0.0, 1.0 
51.34855662402503, 51.14136183974995, 0.0, 0.0, 1.0 
57.9073089477364, 35.8897174325211, 0.0, 5.427078833842084, 2.7000000000000015 
40.32010822956364, 27.847048528708598, 0.0, 0.0, 1.0 
38.24213891120483, 7.854154996224824, 0.0, 4.02626116082617, 2.7000000000000015 
7.354865121778085, 63.83039311355433, 0.0, 4.336171683999654, 2.6000000000000014 
50.83288833372022, 53.06499171730461, 0.0, 0.0, 1.0 
37.41087936011526, 43.00466131968727, 0.0, 5.710424159422903, 2.7000000000000015 
31.503024235385222, 53.187767518098774, 0.0, 0.0, 1.0 
22.218404474271562, 44.43401455757354, 0.0, 6.06735865492681, 2.5000000000000013 
15.950209657902525, 30.966296626139627, 0.0, 0.0, 1.0 
17.34067978293548, 40.38015913197091, 0.0, 4.234606310599987, 2.7000000000000015 
46.74704739556007, 37.807232062698496, 0.0, 6.168472199674109, 2.7000000000000015 
12.22926474518424, 37.48887113639703, 0.0, 0.0, 1.0 
62.375587023758946, 13.355432776820201, 0.0, 1.7881659797659888, 2.7000000000000015 
14.006766499287192, 22.63746185576666, 0.0, 5.205084427230869, 2.7000000000000015 
50.431442235694604, 32.55804125962416, 0.0, 6.085729457366133, 2.7000000000000015 
0.19574254872332286, 8.302108858136458, 0.0, 4.164626113791173, 1.1 
27.67187080091608, 31.383920360141456, 0.0, 0.0, 1.0 
13.941392182019676, 29.01780495021995, 0.0, 0.0, 1.0 
1.3214884269189102, 58.657361243508554, 0.0, 0.0, 1.0 
25.28232060735521, 6.10331931702389, 0.0, 3.0489038404867057, 2.7000000000000015 
53.30967056147813, 38.82253802514098, 0.0, 5.623074148987307, 2.7000000000000015 
24.54244482984186, 55.57641096826139, 0.0, -0.4866212192131852, 2.7000000000000015 
24.995296980876592, 33.388735368245996, 0.0, 4.729761610516255, 1.9000000000000008 
25.781467168072222, 52.322786012687544, 0.0, 5.643409053783273, 2.7000000000000015 
63.286961530783394, 14.539975255665508, 0.0, 0.0, 1.0 
52.46182313014083, 37.04723071206546, 0.0, 5.867529344836843, 2.7000000000000015 
1.5624923668848019, 29.514739839145804, 0.0, 5.254082276064004, 2.7000000000000015 
37.128147910031934, 41.829211851737526, 0.0, 5.830050518886881, 2.7000000000000015 
1.643415749798829, 14.051765948018204, 0.0, 3.8534401252216144, 2.7000000000000015 
36.23801770484988, 1.7372561131579927, 0.0, 3.113433749039147, 2.7000000000000015 
27.680260330584982, 27.35759377025039, 0.0, 4.445853803070214, 2.200000000000001 
28.813274782063104, 5.995246826973585, 0.0, 3.2436328368346, 2.7000000000000015 
46.97321770700421, 21.741909985406302, 0.0, 0.0, 1.0 
7.685163487875304, 58.835224299785686, 0.0, 4.650803116569539, 2.7000000000000015 
28.956583140722483, 20.69132655252462, 0.0, 4.6903736891202215, 2.200000000000001 
5.462243337741674, 45.57181085071301, 0.0, 0.0, 1.0 
11.177784624655954, 44.56081130367582, 0.0, 0.0, 1.0 
63.71319302812568, 12.320296256475789, 0.0, 4.354039058772101, 2.7000000000000015 
22.686167633130317, 46.188876061739954, 0.0, 6.02098135948335, 2.7000000000000015 
45.22411783877543, 62.351665465229026, 0.0, 0.0, 1.0 
54.9262707266557, 23.7491229657268, 0.0, 2.325361193916233, 1.8000000000000007 
48.946478589064064, 46.49861229800371, 0.0, 0.0, 1.0 
4.7900476713101705, 6.897074492019753, 0.0, 5.40232467613547, 2.7000000000000015 
3.175561645557057, 58.49958951728355, 0.0, 0.0, 1.0 
28.937301759277435, 29.651254801845354, 0.0, 3.2204789935679115, 1.8000000000000007 
20.48327326302969, 63.868822761066724, 0.0, 3.212809807407674, 2.7000000000000015 
8.878447201377268, 61.365925961713224, 0.0, 4.427893244657968, 2.7000000000000015 
52.54330176506647, 0.34457743298334226, 0.0, 0.0, 1.0 
58.663555826232454, 36.99561584284637, 0.0, 5.098671461793552, 2.7000000000000015 
49.701483930426825, 56.986714572800636, 0.0, 0.0, 1.0 
21.979254798260932, 55.67202969680674, 0.0, 5.214485541982287, 2.7000000000000015 
52.26587744354426, 61.37265510297783, 0.0, 0.0, 1.0 
1.6037417253107504, 33.62679875147598, 0.0, 4.974010106691816, 2.7000000000000015 
55.585391295030206, 37.6713548456047, 0.0, 5.473289805841095, 2.6000000000000014 
33.09808757146898, 51.91388743538492, 0.0, 0.0, 1.0 
19.687471290105307, 20.765896001426526, 0.0, 1.0921978760341993, 2.7000000000000015 
41.32988571181177, 29.660573023908924, 0.0, 0.0, 1.0 
54.81006432438372, 51.902483522788614, 0.0, 0.0, 1.0 
55.318848004033065, 25.228126446926588, 0.0, 0.0, 1.0 
61.12996242197386, 39.89640262496174, 0.0, 0.0, 1.0 
13.502303866573353, 46.960030064490425, 0.0, 0.0, 1.0 
27.055729627439284, 8.321541899987308, 0.0, 3.265793722508512, 2.7000000000000015 
25.539156932029346, 13.592271901749676, 0.0, 3.7497499526821025, 2.7000000000000015 
17.761512253055756, 45.644595357933284, 0.0, 0.0, 1.0 
14.672714201452271, 43.509797766547905, 0.0, 2.2176954248716494, 2.000000000000001 
60.937973808533684, 61.108713808391855, 0.0, 0.0, 1.0 
60.05255645299345, 36.26960945861812, 0.0, -1.2161564110850094, 2.7000000000000015 
63.65201941019162, 38.460744018665636, 0.0, 0.9975905634074025, 1.7000000000000006 
63.18989181140673, 48.298694822220924, 0.0, 0.0, 1.0 
45.62083533656631, 60.357862893237986, 0.0, 0.0, 1.0 
40.5780075835399, 37.73119776482671, 0.0, 6.079565407585057, 2.7000000000000015 
42.17305293257503, 60.04036369804822, 0.0, 0.0, 1.0 
61.132379257418, 2.6709029176642103, 0.0, 0.0, 1.0 
53.23598248866062, 43.30596155200741, 0.0, 0.0, 1.0 
24.498378491051273, 50.03010368302504, 0.0, 5.416578661778684, 2.100000000000001 
8.175465813120942, 4.27983122941637, 0.0, 4.662476140274447, 2.6000000000000014 
35.187353136311806, 40.29561455089715, 0.0, 6.083582475526283, 2.7000000000000015 
47.51779620124184, 59.751508326112294, 0.0, 0.0, 1.0 
61.25287963052229, 48.87634626112263, 0.0, 0.0, 1.0 
56.223085344417015, 32.778052531833985, 0.0, 5.969230039591634, 2.7000000000000015 
11.938983452132838, 32.08188396545696, 0.0, 0.0, 1.0 
38.246219215486754, 50.02864216532371, 0.0, 0.0, 1.0 
8.514254455707372, 31.35228148916465, 0.0, 5.51334031880253, 2.7000000000000015 
43.50707425373962, 33.297950143869635, 0.0, 0.0, 1.0 
11.728395681487118, 23.1651216554766, 0.0, 5.805079397815215, 2.7000000000000015 
47.40488860883717, 52.09938380318549, 0.0, 0.0, 1.0 
26.79842365138146, 4.889433323920118, 0.0, 3.072761456648083, 2.7000000000000015 
4.56509925235697, 59.93114574749533, 0.0, 0.0, 1.0 
3.515633398878941, 31.633729127581645, 0.0, 5.503156392944044, 2.200000000000001 
25.376292292969133, 15.85144086581841, 0.0, 4.638158580692722, 1.8000000000000007 
44.749974694315426, 17.488211073292476, 0.0, 0.0, 1.0 
54.97152717787412, 26.95026089670164, 0.0, 0.0, 1.0 
57.37138638060863, 62.61799781171574, 0.0, 1.4328023291174397, 2.300000000000001 
17.258094623937545, 47.29228911137569, 0.0, 5.951857750950167, 2.7000000000000015 
0.41726447321926474, 49.6682359793837, 0.0, 0.0, 1.0 
34.97064644793197, 52.48325287176976, 0.0, 0.0, 1.0 
3.1988719356346245, 12.276713429004413, 0.0, 3.743507451876127, 2.7000000000000015 
61.082402095332505, 16.573874456794144, 0.0, 3.759132115454239, 2.7000000000000015 
22.879025069876842, 15.815719415462075, 0.0, 5.0844058221160315, 2.7000000000000015 
4.532810386776836, 11.516273385628386, 0.0, 3.3664045998775416, 2.7000000000000015 
47.852958375229065, 33.75413783825303, 0.0, 6.111262809945376, 2.7000000000000015 
48.89603849397052, 40.57162731014714, 0.0, 5.869758100263297, 2.6000000000000014 
33.509287370655095, 63.62538139325077, 0.0, 3.4098425052467003, 2.7000000000000015 
32.70845818312807, 44.10201955034403, 0.0, 5.968061777068036, 2.7000000000000015 
38.4427580980449, 31.2172188663162, 0.0, 0.0, 1.0 
16.258061202124328, 62.17869167854178, 0.0, 3.9895051321607196, 2.7000000000000015 
4.456579005947072, 38.76371518164824, 0.0, 0.0, 1.0 
6.7059697104759195, 61.05049140878249, 0.0, 4.833668547928944, 2.6000000000000014 
13.701435860882816, 26.90993492717579, 0.0, 5.22186792711207, 2.7000000000000015 
62.313659685529274, 52.17960739156111, 0.0, 0.0, 1.0 
17.9091325125803, 21.464157366310044, 0.0, 4.001027005771205, 2.100000000000001 
59.06457596866664, 14.035690372015482, 0.0, 4.184141593121153, 2.7000000000000015 
53.36066970600029, 25.56308734617517, 0.0, 1.2036830592013774, 1.1 
51.2015325052037, 30.464337523502543, 0.0, 0.0, 1.0 
33.65558811219991, 49.45297998680773, 0.0, 5.258350027296132, 2.5000000000000013 
59.021220244493094, 33.58669613570941, 0.0, 5.4615010237767505, 2.4000000000000012 
53.75273935917978, 39.898752937889256, 0.0, 5.793168187121943, 2.7000000000000015 
20.311972502217014, 19.11690549212551, 0.0, 1.2549155113969421, 2.7000000000000015 
35.25892379777751, 29.569627965600603, 0.0, 0.0, 1.0 
53.28310956005578, 6.733891277155349, 0.0, 0.0, 1.0 
59.32475212003301, 38.95259396202731, 0.0, 5.621010961179991, 1.1 
58.294638047351135, 4.837014187451994, 0.0, 0.0, 1.0 
35.464493663280614, 17.308632249772106, 0.0, 2.488619886612243, 2.7000000000000015 
27.75754196415956, 56.03813529396542, 0.0, 0.0, 1.0 
54.91138853792847, 59.89220045804927, 0.0, 0.0, 1.0 
38.56059804644796, 54.13645199827407, 0.0, 0.0, 1.0 
35.348419919545016, 45.29764602505581, 0.0, 5.4805730026571915, 2.7000000000000015 
11.361315716368626, 57.803800348470475, 0.0, 4.872655506842995, 2.7000000000000015 
8.847413661806904, 2.3963320646093282, 0.0, 4.057555967844699, 2.300000000000001 
42.26877916179316, 31.682881283041432, 0.0, 0.0, 1.0 
2.778949377453868, 45.07057987635711, 0.0, -1.0220795666453333, 2.7000000000000015 
31.623497031314493, 12.373764977573856, 0.0, 0.4404432481973711, 2.7000000000000015 
60.5867030718255, 42.39683357882707, 0.0, 0.0, 1.0 
41.48071282245958, 64.03943448734817, 0.0, 6.392578990964444, 2.7000000000000015 
1.8807610818170442, 62.780511520134034, 0.0, 0.0, 1.0 
49.98353406033098, 19.721785663951515, 0.0, 0.0, 1.0 
51.721059915695626, 41.98420954976759, 0.0, 0.0, 1.0 
16.734930079744778, 53.195119095210046, 0.0, 5.324374166799019, 2.7000000000000015 
19.494253732575256, 11.641478771558864, 0.0, 4.12134823536069, 2.7000000000000015 
20.871503420739156, 26.069665733241955, 0.0, 5.55109000966373, 2.7000000000000015 
36.46536381514915, 48.961402633388694, 0.0, 0.0, 1.0 
58.66033123710964, 43.12435823410338, 0.0, 0.0, 1.0 
58.622173762924554, 16.043754964104476, 0.0, 0.0, 1.0 
42.23578116070445, 55.90676787120909, 0.0, 0.0, 1.0 
16.91352022070566, 61.00973282884139, 0.0, 3.892083809618443, 2.7000000000000015 
7.0568630055465, 21.969604212483965, 0.0, 6.473188001341019, 2.7000000000000015 
43.05635484892617, 1.258623531359826, 0.0, 0.46924602080252575, 1.7000000000000006 
43.18309393453849, 5.482625624605508, 0.0, 3.4812151191088745, 2.300000000000001 
36.45579115566949, 31.239558586433358, 0.0, 0.0, 1.0 
20.09857111957967, 51.48690559756852, 0.0, 5.8863320366178655, 2.7000000000000015 
21.832867106316474, 34.48181966957197, 0.0, 3.7848813788866638, 2.7000000000000015 
43.657241663199805, 12.993122481686717, 0.0, 0.7738705210423161, 1.2000000000000002 
53.33366518620377, 33.7956321366987, 0.0, 6.041288047315935, 2.7000000000000015 
16.193246420949077, 44.354179456963905, 0.0, 0.0, 1.0 
55.2531824333185, 49.89932090620735, 0.0, 0.0, 1.0 
19.504554705952327, 3.8919239992850914, 0.0, 0.054423187450428956, 1.5000000000000004 
41.223818195315, 4.161938996742031, 0.0, 3.051062638600646, 2.5000000000000013 
0.8426465327749227, 47.696490070410135, 0.0, 0.0, 1.0 
29.576475891675088, 54.926937774589085, 0.0, 4.333334578970535, 1.3000000000000003 
1.1981692564895492, 53.74990739503548, 0.0, 3.013524541790678, 2.7000000000000015 
24.109425754486388, 7.3535308405086335, 0.0, 3.2266585076615764, 2.7000000000000015 
56.28326788051858, 45.91345729644002, 0.0, 0.0, 1.0 
33.53957359079236, 4.351180459554382, 0.0, 4.383224245337452, 2.6000000000000014 
45.92888370096889, 58.44593972607542, 0.0, 0.0, 1.0 
61.05999345081703, 20.752797726543214, 0.0, 3.1332825807329874, 1.7000000000000006 
7.667043492650574, 38.27940536842926, 0.0, 0.0, 1.0 
15.848379561030024, 46.385745949349506, 0.0, 0.0, 1.0 
57.60067984758636, 19.69443735962326, 0.0, 0.0, 1.0 
28.385791446200187, 42.61682468701394, 0.0, 5.2496656195384235, 2.7000000000000015 
34.8557751443948, 50.42344405231053, 0.0, 0.0, 1.0 
45.40183085153947, 52.01279202173833, 0.0, 0.0, 1.0 
38.234714498245346, 13.878790379344721, 0.0, 1.0850573255551657, 2.7000000000000015 
51.8760067582767, 49.16970277534678, 0.0, 0.0, 1.0 
5.842698929457572, 29.558845997602045, 0.0, 5.4660408994251215, 2.5000000000000013 
25.027866016828565, 45.51068430980102, 0.0, 5.443688523703657, 2.7000000000000015 
2.8285911817751774, 47.81933944151858, 0.0, 3.8503447442030136, 2.7000000000000015 
16.22577092399405, 51.883706099166695, 0.0, 5.83435225546967, 2.7000000000000015 
52.84955414975658, 45.25601884244737, 0.0, 0.0, 1.0 
40.601066696277904, 12.879187201605763, 0.0, 0.20456476430755516, 2.7000000000000015 
47.14584386687737, 61.72456526187567, 0.0, 0.0, 1.0 
52.59436886521572, 21.590280099663907, 0.0, 0.0, 1.0 
50.81603859988666, 40.739820392055904, 0.0, 5.8167469394167535, 2.4000000000000012 
12.860763997572487, 38.93730016603147, 0.0, 2.7900607562106248, 2.7000000000000015 
40.03790924602182, 1.6611345311852748, 0.0, 2.3888066865722846, 2.300000000000001 
56.2225401698657, 7.815813704761838, 0.0, 0.46110033937698325, 2.300000000000001 
8.071195070932554, 27.260635100325253, 0.0, 5.703469104952756, 2.7000000000000015 
49.40290695974062, 58.98920117734199, 0.0, 0.0, 1.0 
6.361020603993408, 39.52459760014271, 0.0, 0.0, 1.0 
43.73233896637105, 15.856451045329003, 0.0, 3.125542368490815, 1.5000000000000004 
48.124908152652864, 20.014555515654866, 0.0, 0.0, 1.0 
3.7031723463611432, 61.09159161760161, 0.0, 7.221486658058944, 2.7000000000000015 
37.973485386577075, 61.86480240077201, 0.0, -0.7742763391405699, 1.8000000000000007 
43.46632169847729, 36.601870647428875, 0.0, -0.18324370307325982, 2.7000000000000015 
29.962439688569344, 31.405883192363174, 0.0, 4.132491298167067, 1.2000000000000002 
32.254878154010605, 45.425684366618476, 0.0, 6.022521695075318, 2.7000000000000015 
44.82004651621372, 53.99378049806589, 0.0, 0.0, 1.0 
50.855921519671696, 1.3918044802853264, 0.0, 0.0, 1.0 
61.891598325860386, 33.51333965904337, 0.0, 5.430472225185621, 2.7000000000000015 
35.91822632423894, 8.761007073860638, 0.0, 2.660292823059322, 2.100000000000001 
31.33910143408227, 49.1988723564441, 0.0, 5.3211124172472575, 2.200000000000001 
14.16888142914806, 40.02957891359524, 0.0, 0.0, 1.0 
37.16901736636995, 38.126554132364966, 0.0, 6.198159387481815, 2.7000000000000015 
34.94077051406335, 44.068682873509495, 0.0, 5.481990556785189, 2.7000000000000015 
34.71073863139303, 31.528571933555057, 0.0, 0.5023360676365277, 2.7000000000000015 
63.05203259650108, 55.569175256068434, 0.0, 0.0, 1.0 
33.91285141577829, 10.200659152780988, 0.0, 3.203788729600984, 2.7000000000000015 
40.05358695103151, 50.89711386845895, 0.0, 0.0, 1.0 
52.355916945473716, 35.90225193556918, 0.0, -0.23840208995293335, 2.7000000000000015 
10.301458607067092, 13.385408525117315, 0.0, 5.150062643456433, 2.7000000000000015 
54.458301776777674, 36.985118913077876, 0.0, -0.5617778469526268, 2.7000000000000015 
31.946191358144628, 33.02962710033933, 0.0, 0.0, 1.0 
8.871138393579141, 9.223835186241777, 0.0, 2.520873599905269, 2.7000000000000015 
48.77922262887786, 25.284620352702852, 0.0, 0.0, 1.0 
20.89092976848464, 41.093697158252006, 0.0, 0.0, 1.0 
39.3470814453087, 22.866286571155726, 0.0, 3.4067508332151375, 2.6000000000000014 
9.0924687745793, 24.80009250277951, 0.0, -0.3360854962517266, 2.7000000000000015 
6.475945837836234, 32.165420985181825, 0.0, 5.303381842457812, 2.000000000000001 
3.151547792476183, 13.78466064486325, 0.0, 3.8170210400019, 2.7000000000000015 
50.465803927816644, 47.828427316575926, 0.0, 0.0, 1.0 
3.0708551860839943, 9.073826025899928, 0.0, 5.969423223577758, 2.7000000000000015 
51.700269225825764, 56.399286183332805, 0.0, 0.0, 1.0 
19.26953150454684, 48.73910111205913, 0.0, 5.805100332069194, 2.7000000000000015 
25.148499727181814, 47.899246568828666, 0.0, 5.366082022168859, 2.7000000000000015 
43.25596022639898, 62.83378334307446, 0.0, 0.0, 1.0 
56.74679212689806, 51.17326360886398, 0.0, 0.0, 1.0 
7.540215285851078, 53.405679897450085, 0.0, 0.0, 1.0 
60.02482308672757, 17.489142900624948, 0.0, 0.0, 1.0 
50.41279956636437, 62.216431028469884, 0.0, 0.0, 1.0 
57.53758465133511, 14.31755816090612, 0.0, 0.0, 1.0 
13.26231682894699, 53.23608302910067, 0.0, 6.132257213179983, 2.7000000000000015 
10.063340731383944, 0.0032594249317027535, 0.0, 4.003279977863154, 2.7000000000000015 
46.837231934465116, 53.80029412958677, 0.0, 0.0, 1.0 
11.882151451436911, 35.743757673365394, 0.0, 0.0, 1.0 
6.9307218156866, 47.57871121088282, 0.0, 8.722400055552868, 2.7000000000000015 
29.220483440110904, 62.53930602964466, 0.0, 1.0786495031688885, 2.6000000000000014 
49.133666271050565, 16.476397665015494, 0.0, 1.1273739004396122, 1.1 
19.82027084566276, 32.80485196998816, 0.0, 6.19416243650244, 1.9000000000000008 
28.560576666681573, 36.93820272644981, 0.0, 0.0, 1.0 
29.475335769631492, 57.38245954440979, 0.0, 1.459242389705345, 1.4000000000000004 
17.94062662633981, 53.63689467011995, 0.0, 4.981785390576305, 2.7000000000000015 
49.494465791975315, 29.105070828162393, 0.0, 0.0, 1.0 
1.9982458265677772, 10.548341991896715, 0.0, 3.021395334762539, 2.7000000000000015 
51.275619018754604, 43.95599101917972, 0.0, 0.0, 1.0 
26.324140592104186, 11.345502983781877, 0.0, 3.1278488769692925, 2.7000000000000015 
13.855461020534511, 41.917569733887966, 0.0, 0.0, 1.0 
30.274829870155852, 34.224848041441454, 0.0, 0.0, 1.0 
11.186878005262177, 54.379366253499114, 0.0, -0.09994458604394812, 2.7000000000000015 
46.62028169198557, 63.734118257214696, 0.0, 0.0, 1.0 
36.882336838339555, 55.23821393527858, 0.0, 0.0, 1.0 
51.48915945897385, 34.91618206709684, 0.0, 6.221007740175936, 2.7000000000000015 
16.725134840768682, 5.212892856171042, 0.0, 4.018245967996075, 2.7000000000000015 
51.69553800618821, 23.429854640542338, 0.0, 0.0, 1.0 
3.0503647471597737, 54.84419357972519, 0.0, 2.846218571428572, 1.1 
13.672046222547754, 32.6550812751545, 0.0, 0.0, 1.0 
5.125634983751596, 31.733438242845732, 0.0, 5.487890749555148, 2.7000000000000015 
64.15715519933767, 51.73865397423708, 0.0, 0.0, 1.0 
24.343789450303838, 35.52566388831836, 0.0, 4.212262056667924, 2.7000000000000015 
60.940625937294676, 23.30209474635007, 0.0, 0.0, 1.0 
32.157797683230314, 41.60521697664547, 0.0, 5.6757730537019375, 2.7000000000000015 
39.87229457382002, 40.18214808078258, 0.0, 5.847551294040471, 2.7000000000000015 
28.75379970633806, 15.325159521696753, 0.0, 3.5526459344764314, 2.7000000000000015 
13.0820463351088, 17.574920306667615, 0.0, 0.0, 1.0 
56.380086706729486, 4.077558688901117, 0.0, 0.0, 1.0 
63.029984960448424, 19.583118052232315, 0.0, 2.977374774369303, 2.7000000000000015 
1.6884058183777293, 4.157141126240458, 0.0, 0.0, 1.0 
51.31782249913336, 58.289454947320166, 0.0, 0.0, 1.0 
46.51539120232349, 36.823707689013744, 0.0, 6.205549174094255, 2.7000000000000015 
2.8706426902007713, 2.092784892866443, 0.0, 0.0, 1.0 
59.91457543002339, 22.08186648812064, 0.0, 2.9848579506343587, 2.7000000000000015 
63.13494526858064, 5.416765732747606, 0.0, 3.076743293398888, 2.5000000000000013 
49.65972608510745, 11.796016585172799, 0.0, 3.966118916195336, 1.3000000000000003 
18.087963713058823, 36.882260252386814, 0.0, 0.0, 1.0 
50.74332063667304, 21.600763367406984, 0.0, 0.0, 1.0 
2.6246174303474437, 18.92121749850604, 0.0, 3.132144657570132, 2.7000000000000015 
51.374597845342684, 3.454323826192813, 0.0, 0.0, 1.0 
37.986334226533145, 17.11511183655683, 0.0, 3.836484747415938, 1.6000000000000005 
60.85691840849516, 30.275082811322257, 0.0, 5.840596256894492, 2.7000000000000015 
58.829624506437185, 63.408135693622505, 0.0, 1.2773957779932867, 2.5000000000000013 
4.573221773399279, 27.788058893366124, 0.0, 5.562106784142105, 2.7000000000000015 
15.453927174515036, 25.679762403874307, 0.0, 5.082618710583928, 2.4000000000000012 
44.30562518968792, 28.113024902296814, 0.0, 0.0, 1.0 
2.5744864000002883, 7.74255380051392, 0.0, -0.7214865453692305, 2.7000000000000015 
49.85396653875141, 49.779686429423435, 0.0, 0.0, 1.0 
52.90167075451152, 59.620712385288336, 0.0, 0.0, 1.0 
46.72104069768879, 28.519124729247043, 0.0, 0.0, 1.0 
17.722569473229015, 10.658831112574042, 0.0, 4.163300979951014, 2.7000000000000015 
1.0004049273785807, 12.098132351362088, 0.0, 0.0, 1.0 
42.746435293139065, 43.426215116845576, 0.0, 5.54893639261155, 2.7000000000000015 
59.554393234042124, 1.6126335745470781, 0.0, 0.0, 1.0 
4.306749904350893, 53.14925767360999, 0.0, 0.0, 1.0 
52.95528180770191, 4.685901291043189, 0.0, 0.0, 1.0 
63.68956000549981, 17.029903265040854, 0.0, 3.4528799793846114, 2.7000000000000015 
46.73082094344773, 25.115886388446082, 0.0, 0.0, 1.0 
56.86937307036938, 26.250687737917275, 0.0, 0.0, 1.0 
41.832057819909274, 51.87546342302655, 0.0, 0.0, 1.0 
52.84260643219161, 13.05461811757285, 0.0, 1.807076724142168, 2.200000000000001 
10.438398246587262, 19.955662213017888, 0.0, 0.0, 1.0 
6.005065467509269, 52.06732883885929, 0.0, 0.0, 1.0 
40.42255724113369, 31.258685793599692, 0.0, 0.0, 1.0 
23.829259165249145, 44.9070471267431, 0.0, 5.919591981389128, 2.7000000000000015 
57.29653164594049, 9.700802207882946, 0.0, 3.768658509878369, 2.4000000000000012 
52.160583744248996, 17.60453647265886, 0.0, 3.633455617374607, 1.4000000000000004 
53.26486743036516, 27.740378033312417, 0.0, 0.0, 1.0 
11.953674803222475, 15.510577638666021, 0.0, 3.7136698851364485, 2.7000000000000015 
60.559559932787465, 25.10608740325274, 0.0, 0.0, 1.0 
8.41115846026054, 12.038739988204872, 0.0, 4.850525796756759, 2.7000000000000015 
44.01184165329477, 59.1476465434293, 0.0, 0.0, 1.0 
44.98424261049098, 34.62504165752074, 0.0, 6.289142894424063, 2.7000000000000015 
7.874950728744946, 49.66650441442838, 0.0, 1.5038380260711424, 2.7000000000000015 
24.164914813052015, 38.25327556150205, 0.0, 0.0, 1.0 
11.872034646670519, 50.44926587820443, 0.0, -0.3303994076417961, 1.7000000000000006 
34.00160658082833, 34.522542481483015, 0.0, 0.0, 1.0 
51.08402864199344, 10.849703485069453, 0.0, 3.6410935718220645, 1.9000000000000008 
59.54258062370479, 12.054557656543816, 0.0, 0.0, 1.0 
45.422835164780324, 12.520526100398417, 0.0, 0.692094256547062, 2.7000000000000015 
33.12538702236885, 61.71983435333971, 0.0, 2.38372318819666, 2.7000000000000015 
10.184579961035858, 31.560161636202405, 0.0, 0.0, 1.0 
26.45095918313578, 32.82329440912882, 0.0, 4.200011574764582, 2.100000000000001 
18.864531617662397, 50.62056021219983, 0.0, 5.429758901688171, 2.7000000000000015 
30.669895416102634, 40.216722941983456, 0.0, 4.622411759370523, 2.5000000000000013 
7.379128114863645, 34.28764155331548, 0.0, 0.0, 1.0 
35.35982177130133, 26.165885502427972, 0.0, 2.373004499135545, 2.5000000000000013 
55.15615664820031, 57.63425512012315, 0.0, 0.0, 1.0 
59.14454241454142, 52.03694263599042, 0.0, 0.0, 1.0 
14.199675296111113, 1.335996803587116, 0.0, 4.980210418749281, 2.7000000000000015 
12.829752265045459, 19.293870318819113, 0.0, 5.681960757950156, 2.5000000000000013 
19.373669036859063, 8.378930051809778, 0.0, 3.4373427501089306, 2.7000000000000015 
30.782074767097665, 47.12250143385162, 0.0, 5.663701728458282, 2.7000000000000015 
63.918628330184006, 20.505610293581444, 0.0, 2.8367625981198903, 2.6000000000000014 
15.592263940854563, 38.86291073620274, 0.0, 0.0, 1.0 
28.0344754915266, 53.95705384521864, 0.0, 5.6010296155691055, 2.7000000000000015 
31.518066279370906, 28.591818943404892, 0.0, 0.0, 1.0 
35.879531253840376, 0.4571049546653086, 0.0, 2.9956767502060484, 2.7000000000000015 
32.19443690540377, 37.134364564026754, 0.0, 0.0, 1.0 
31.141899704882043, 23.785090028915242, 0.0, 2.4201104602640187, 2.7000000000000015 
22.565699139782293, 39.49113872621937, 0.0, 0.0, 1.0 
38.31196170940296, 27.698850248242444, 0.0, 0.0, 1.0 
44.72118376854967, 43.18318688902567, 0.0, 5.795904111025399, 2.7000000000000015 
54.956807650748935, 10.77651990555617, 0.0, 5.158624901879527, 1.6000000000000005 
61.45264539239951, 35.696563515283664, 0.0, 5.148591380200174, 2.7000000000000015 
35.36400304826078, 47.3908204877596, 0.0, 5.03594592637949, 1.9000000000000008 
5.814690752050979, 35.315369500218026, 0.0, 0.0, 1.0 
27.373722107272485, 20.354785935225227, 0.0, 5.393166228111266, 2.200000000000001 
60.15688056283251, 44.39613331166548, 0.0, 0.0, 1.0 
2.5424953593941, 24.950197367663915, 0.0, 5.980203817680765, 2.100000000000001 
2.118856449836536, 41.64470750487661, 0.0, 0.23185125234431328, 1.6000000000000005 
31.781820429588777, 55.22116012669757, 0.0, 0.32756594707068426, 1.2000000000000002 
2.359464200800754, 61.13210011708025, 0.0, 0.8907306558523095, 2.7000000000000015 
50.70927201007116, 33.80622447634552, 0.0, 6.034559452641951, 2.7000000000000015 
28.805263940315587, 38.79257158188801, 0.0, 0.0, 1.0 
17.365732319993917, 38.34495852738633, 0.0, 3.949428368098467, 1.9000000000000008 
17.23125010983465, 3.694241333593251, 0.0, 4.217880477846665, 2.7000000000000015 
61.431836128910426, 15.419283659767421, 0.0, 3.595564263418819, 2.100000000000001 
21.94185518642452, 58.69900053010266, 0.0, 4.24622061373379, 2.5000000000000013 
63.9019846411179, 31.984006020776597, 0.0, 5.213572671884492, 2.6000000000000014 
5.255297254271567, 23.992535276908356, 0.0, 6.16179054011096, 2.7000000000000015 
11.308962700533572, 18.28578640130927, 0.0, 0.0, 1.0 
26.45622979460223, 45.371076014919325, 0.0, -0.9175274651682925, 2.7000000000000015 
58.53168149026089, 21.20943227838909, 0.0, 2.7811172937232422, 1.3000000000000003 
13.8828340326938, 34.479923317729536, 0.0, 0.0, 1.0 
59.084046152292494, 41.024350777649545, 0.0, 5.740035536810318, 1.1 
7.197177469366662, 55.13778525779524, 0.0, 0.0, 1.0 
27.24713938230088, 15.849807478338676, 0.0, 3.877459346484177, 2.7000000000000015 
52.63807699449952, 15.637935267263432, 0.0, 0.0, 1.0 
63.68186222863138, 58.81735405386662, 0.0, 0.0, 1.0 
50.895609997331924, 45.90873164950792, 0.0, 0.0, 1.0 
32.07419089396133, 39.351909694307416, 0.0, 4.9800218894142985, 2.7000000000000015 
22.679879704220557, 29.17282039262818, 0.0, -0.47615133542451304, 2.7000000000000015 
57.97784094868914, 2.853784406475207, 0.0, 0.0, 1.0 
46.29414296651888, 11.131858578902083, 0.0, 4.010389170013686, 1.3000000000000003 
16.888269891924597, 50.48284457385012, 0.0, 5.903324870386454, 2.7000000000000015 
19.230066322566856, 42.23468075294757, 0.0, 0.0, 1.0 
9.24012460333687, 48.163660395567845, 0.0, 0.0, 1.0 
28.271292219415063, 34.98095689949502, 0.0, 0.0, 1.0 
16.486168009286324, 18.660558872166924, 0.0, 4.343389253419074, 2.7000000000000015 
5.180947753377468, 54.88995237503689, 0.0, 0.0, 1.0 
64.16214776499126, 26.289168439555706, 0.0, 5.902216532157518, 2.7000000000000015 
25.64092316303298, 39.3033145189341, 0.0, 0.0, 1.0 
41.196856232646375, 2.7226077609063033, 0.0, 2.8174781603710266, 2.200000000000001 
49.01093116426751, 61.05864595136127, 0.0, 0.0, 1.0 
49.77419866043447, 42.676993612509385, 0.0, 0.0, 1.0 
42.30811120414229, 39.81732803100961, 0.0, 5.953421353158327, 2.6000000000000014 
38.626382984041506, 10.049528875333321, 0.0, 3.928282089093593, 2.7000000000000015 
19.088763092023182, 40.194342438919755, 0.0, 0.0, 1.0 
41.568694315010845, 33.72421874055448, 0.0, 0.0, 1.0 
0.3190839946582204, 29.568801572222824, 0.0, 5.464103920270772, 2.7000000000000015 
14.788447292414489, 17.520657101761753, 0.0, 4.207091704051104, 2.7000000000000015 
7.133920984300524, 1.9533251596080807, 0.0, 4.623253534528341, 2.7000000000000015 
25.65914076913312, 56.35566243834138, 0.0, 5.434314626768088, 2.7000000000000015 
40.768413010981895, 36.53823703472942, 0.0, 6.041068415892522, 2.7000000000000015 
40.00116754699892, 14.983717786885283, 0.0, 0.0, 1.0 
6.084805285261362, 25.99644646176769, 0.0, 6.025942160766834, 2.7000000000000015 
45.56464525216364, 33.06446699272183, 0.0, 0.0, 1.0 
