position_x,position_y,position_z,orientation,aspect_ratio
2.7803181371487833, 20.200998803768552, 0.0, 0.0, 1.0 
12.07763768745181, 52.234657966776965, 0.0, 3.62338474503487, 1.1 
16.691619239708587, 44.05573342370771, 0.0, 0.0, 1.0 
33.36770335810134, 17.79613722512077, 0.0, 0.5072077038220678, 2.7000000000000015 
30.247574178645223, 37.6208765236505, 0.0, 0.0, 1.0 
34.669823324912755, 54.470145998255695, 0.0, 3.792774223937862, 2.7000000000000015 
22.381450908505176, 35.86495874238494, 0.0, 0.0, 1.0 
52.90089688309766, 8.486272747459962, 0.0, 5.554228831620656, 2.7000000000000015 
2.8803937139408706, 30.036925012867023, 0.0, 0.0, 1.0 
37.62740138064366, 31.086576448952528, 0.0, 0.0, 1.0 
8.279146695531225, 7.565034954531283, 0.0, 0.0, 1.0 
59.258850365332336, 13.746872918953818, 0.0, -0.2578183212506312, 2.7000000000000015 
37.01585340479253, 48.99721528768122, 0.0, 3.1735671462665422, 2.7000000000000015 
17.86343757590509, 59.10598432627879, 0.0, 0.0, 1.0 
22.3716957076331, 44.27715153634335, 0.0, 0.0, 1.0 
31.88867432503629, 37.448460902349154, 0.0, 0.0, 1.0 
7.510075923156009, 14.42642645205102, 0.0, 6.75579539084971, 2.7000000000000015 
26.73468867867325, 32.112691503146095, 0.0, 0.0, 1.0 
63.03563934452837, 44.62371414197456, 0.0, 0.0, 1.0 
38.08857334170767, 43.76541594908836, 0.0, 6.196399101445225, 1.5000000000000004 
37.8721017820008, 50.71141942357883, 0.0, 3.777464209693926, 2.000000000000001 
25.563159762704327, 37.717023952826025, 0.0, 0.0, 1.0 
61.94892433726117, 18.958738941658012, 0.0, 0.0, 1.0 
0.6915765355480503, 17.522426882221147, 0.0, 0.0, 1.0 
11.042496172744114, 37.157320349124674, 0.0, 7.394176456795331, 2.7000000000000015 
6.838581621102732, 59.38530865485649, 0.0, 0.0, 1.0 
50.13898666206661, 43.832410519626706, 0.0, 4.219383865114935, 2.7000000000000015 
39.593546041531255, 50.2073174093197, 0.0, 3.5356995057672833, 2.7000000000000015 
34.408180173987624, 48.351730254710716, 0.0, 3.032320357762041, 1.6000000000000005 
32.22151878066411, 47.024090922267284, 0.0, 4.04297627954795, 2.4000000000000012 
25.819600230611226, 53.83457490709262, 0.0, 0.0, 1.0 
1.7309625941912623, 39.54120849437748, 0.0, 0.0, 1.0 
11.975256974067742, 43.47086482355266, 0.0, 0.0, 1.0 
8.97463112048707, 49.537440353938315, 0.0, 0.0, 1.0 
31.75511390331266, 19.781800246002852, 0.0, 0.9183148815089283, 2.7000000000000015 
58.69576717425039, 54.17529526846095, 0.0, 0.0, 1.0 
63.982467690542315, 53.602984966814255, 0.0, 0.0, 1.0 
62.1796551626547, 54.522089937699896, 0.0, 0.0, 1.0 
17.720232558771873, 62.903923739130825, 0.0, 1.6422913996186863, 2.200000000000001 
64.10377332375482, 40.22535492980693, 0.0, 0.0, 1.0 
31.234780782648578, 29.66368256882382, 0.0, 2.99862011785137, 1.4000000000000004 
15.645822717712731, 29.863118956882012, 0.0, 0.0, 1.0 
0.07283673626547234, 47.712149219465246, 0.0, 0.0, 1.0 
26.514317568328657, 50.93245763033645, 0.0, 0.0, 1.0 
36.998677731200374, 47.549038768318276, 0.0, 2.825587358769938, 1.8000000000000007 
50.075368155115164, 38.031245721853686, 0.0, 0.21907850804970314, 1.1 
20.91524443741818, 17.672078917430305, 0.0, 0.0, 1.0 
44.97500365125536, 59.80508355329139, 0.0, 3.4106095132908294, 2.7000000000000015 
56.747150172332994, 20.910234335965608, 0.0, 0.0, 1.0 
33.88628013815444, 40.947036267728826, 0.0, 0.0, 1.0 
3.7005162754190786, 48.09245605159675, 0.0, 0.0, 1.0 
1.0107634772922027, 37.678233134200184, 0.0, 0.0, 1.0 
16.405746758288867, 48.89492100724421, 0.0, 0.0, 1.0 
24.71631273099635, 23.347864032061665, 0.0, 5.629776601999822, 2.7000000000000015 
15.976376833458078, 7.518903121824048, 0.0, 0.6450205058049807, 1.1 
4.749724052436997, 9.14327365872724, 0.0, 0.0, 1.0 
24.490122709952175, 60.74558690848242, 0.0, 3.8859860572247698, 2.7000000000000015 
14.60917945221287, 42.80210524942649, 0.0, -0.10166192436341381, 2.6000000000000014 
54.01385206911445, 51.724029514243604, 0.0, 0.0, 1.0 
53.32899883473185, 36.997257879951704, 0.0, 4.567881481439325, 2.5000000000000013 
56.34858083139535, 56.81600054101777, 0.0, 0.0, 1.0 
18.695086647838018, 43.748876989575415, 0.0, 0.0, 1.0 
5.5745039590054954, 19.46914714266862, 0.0, 0.0, 1.0 
4.861081361755227, 56.865963649315105, 0.0, 0.0, 1.0 
21.026585239192844, 55.60720001251945, 0.0, 0.0, 1.0 
60.92792236053123, 32.453005390579484, 0.0, 5.546264339665464, 2.7000000000000015 
1.3879615322085463, 13.969269279536615, 0.0, 5.954407828706337, 2.7000000000000015 
63.90482368905061, 16.945673550265855, 0.0, 5.418670493874537, 2.6000000000000014 
7.1413849972590135, 50.38895417998871, 0.0, 0.0, 1.0 
5.917984610458509, 23.551193550023456, 0.0, 0.0, 1.0 
34.495225579625874, 27.879131068518735, 0.0, 5.704008632253851, 2.7000000000000015 
20.907375020988038, 27.48899158610905, 0.0, 0.2339195179878742, 1.1 
31.768111417303423, 13.723085316695999, 0.0, 1.2502721503334868, 2.7000000000000015 
47.29499110255963, 56.255762868438396, 0.0, 2.908299616736599, 2.100000000000001 
8.10069035082753, 11.536979538738535, 0.0, 0.0, 1.0 
5.51697864069114, 47.25926272069421, 0.0, 0.0, 1.0 
3.967734822644173, 26.392499740188786, 0.0, 0.0, 1.0 
12.948352753306988, 56.226250511291695, 0.0, 5.589008803297918, 2.7000000000000015 
12.564514570196843, 8.990563121256937, 0.0, 0.0, 1.0 
7.03471702284002, 52.34477084070485, 0.0, 0.0, 1.0 
13.03394373501797, 14.118647334896513, 0.0, 0.0, 1.0 
32.25181832291064, 51.11922357100874, 0.0, 0.0, 1.0 
24.112541851005027, 54.30853683326461, 0.0, 0.0, 1.0 
59.890324235524574, 12.4341232589489, 0.0, 0.0, 1.0 
56.71376934029172, 47.59215448977759, 0.0, 0.0, 1.0 
7.530120187845356, 16.84106595954409, 0.0, 0.1573675546143277, 2.7000000000000015 
53.5607032230233, 4.57218516350901, 0.0, 1.653863350674962, 2.6000000000000014 
55.34308449174908, 3.4252151183912773, 0.0, 1.7836718916970822, 2.200000000000001 
7.121171245109037, 18.330015267665075, 0.0, 0.0, 1.0 
43.718529737217786, 19.924034630431283, 0.0, 0.49358244576705657, 2.7000000000000015 
3.01008655484992, 35.10694924218343, 0.0, 0.0, 1.0 
0.6567530024078073, 44.12226147296248, 0.0, 0.0, 1.0 
48.175723122011924, 11.802580680347637, 0.0, 5.986724963335947, 2.7000000000000015 
41.740873450704896, 17.43713181852488, 0.0, 3.8232492910031377, 2.7000000000000015 
48.892608331735175, 28.25944238336088, 0.0, 0.0705293469856901, 2.7000000000000015 
22.02276460741568, 25.453061006804383, 0.0, -0.5731393080845167, 2.300000000000001 
22.79004270969288, 39.86906048759314, 0.0, 0.0, 1.0 
39.574043099365845, 52.36653456347877, 0.0, 2.7694626535367695, 2.7000000000000015 
18.884513407006793, 17.57152495382368, 0.0, 0.0, 1.0 
1.646532000767534, 12.866573911725023, 0.0, 6.296571723248995, 2.7000000000000015 
34.56934771887691, 20.58080860970012, 0.0, 0.3097060413043915, 2.7000000000000015 
1.4391857579823992, 28.571257412549155, 0.0, 0.0, 1.0 
57.37663613555112, 61.9831151620995, 0.0, 0.0, 1.0 
32.43093167844304, 57.094209185736624, 0.0, 3.0198233716599967, 2.7000000000000015 
9.042709819792178, 36.05968996514087, 0.0, 7.100803943977082, 2.7000000000000015 
10.219765240290709, 8.652387049222725, 0.0, 0.0, 1.0 
4.336899781360944, 24.586515607480504, 0.0, 0.0, 1.0 
62.692093217011646, 46.489294991617975, 0.0, 0.0, 1.0 
1.9543739971591718, 1.1514277216537752, 0.0, 0.0, 1.0 
25.447289425536813, 42.314772620027526, 0.0, 0.0, 1.0 
39.005669250895394, 6.839929944411861, 0.0, 2.593805064728553, 2.7000000000000015 
32.18849123269725, 34.1820404312979, 0.0, 0.0, 1.0 
11.222962755964373, 23.278015469977408, 0.0, 3.0280158293164554, 1.9000000000000008 
1.7260467967090143, 18.91400936115678, 0.0, 0.0, 1.0 
60.56873876634309, 53.37986338712625, 0.0, 0.0, 1.0 
6.36089162792674, 12.603400594605684, 0.0, 6.871577107567472, 2.7000000000000015 
50.6056541356953, 41.937861885917364, 0.0, 3.7649853818411962, 1.2000000000000002 
36.2653764499404, 54.12588409564041, 0.0, 3.7492492851368264, 2.7000000000000015 
19.25589940990664, 38.40215353945783, 0.0, 0.0, 1.0 
28.764006589186565, 61.18715285812087, 0.0, 0.2953059330167308, 2.7000000000000015 
43.037091337532104, 32.58659730836013, 0.0, 0.0, 1.0 
28.266346526690008, 50.98465489298658, 0.0, 0.0, 1.0 
26.940182181291302, 21.96542583339108, 0.0, 5.010805761565257, 2.7000000000000015 
46.308684622225535, 63.57322245720523, 0.0, 3.4052357868043908, 2.7000000000000015 
44.85679116310555, 39.0172245141951, 0.0, 3.137884487298449, 2.5000000000000013 
58.115940030616905, 6.555642036568748, 0.0, 0.5022991854699383, 2.7000000000000015 
40.554831823250026, 45.25822956243591, 0.0, 0.8139373112707919, 2.7000000000000015 
22.827194027933515, 26.939439603977608, 0.0, 5.054758800850331, 2.5000000000000013 
29.95865742667216, 13.866091880195597, 0.0, 0.5370269632617, 2.7000000000000015 
58.460906569336736, 18.79902540401626, 0.0, 5.625924601832604, 2.7000000000000015 
58.58682085319434, 23.467357807939976, 0.0, 0.0, 1.0 
10.475920853224, 46.50305203376013, 0.0, 0.0, 1.0 
25.362337488580497, 44.749845903337366, 0.0, 0.0, 1.0 
37.586224346820195, 25.37008190729355, 0.0, -0.19078590439151047, 2.7000000000000015 
14.80361352484423, 60.011505888475924, 0.0, 0.0, 1.0 
24.478634871234263, 52.56832593772734, 0.0, 6.547155616867196, 1.8000000000000007 
55.14841598687423, 0.4001145933369294, 0.0, 3.426787284383165, 1.6000000000000005 
44.1445410113232, 30.864692257872726, 0.0, 0.0, 1.0 
12.784028166009573, 54.252141050413734, 0.0, 0.0, 1.0 
18.84898523616362, 25.313855784354836, 0.0, 0.0, 1.0 
43.030608017959445, 9.25120649165717, 0.0, 5.703589396416113, 2.7000000000000015 
32.83646992313025, 12.950019746934444, 0.0, 1.2974104809232145, 2.7000000000000015 
30.981276866346057, 60.984098675068324, 0.0, 0.6081825749266905, 2.7000000000000015 
49.24663553252873, 10.193598544342342, 0.0, 0.5301635736246736, 2.7000000000000015 
61.798945489370944, 58.370990862429665, 0.0, 0.0, 1.0 
9.85704650993491, 13.643206898901372, 0.0, 0.6849524619154349, 2.7000000000000015 
37.09462197324141, 23.106292186470835, 0.0, -0.02928425763539267, 2.7000000000000015 
32.05520576348881, 4.926949585826971, 0.0, 1.686165502925915, 2.7000000000000015 
16.766533493969575, 40.339325221640735, 0.0, 0.07382499949278364, 1.9000000000000008 
16.059813795571184, 62.96505644273449, 0.0, 0.0, 1.0 
61.97753853185488, 39.87127494538186, 0.0, 0.0, 1.0 
29.667683738368293, 17.121148446768963, 0.0, 0.814002122119273, 2.7000000000000015 
40.882269003178614, 42.1139724948325, 0.0, 1.7556683391053565, 2.7000000000000015 
23.10650302393899, 49.605041715745855, 0.0, 0.0, 1.0 
0.21309976034302783, 35.84344800575944, 0.0, 0.5492095721651387, 2.7000000000000015 
42.576115287323525, 51.25656321374806, 0.0, -0.9189121914905252, 2.7000000000000015 
13.728469212178144, 44.24916130672655, 0.0, 0.0, 1.0 
11.541901937434174, 3.928401535644237, 0.0, 6.158374503854233, 2.7000000000000015 
18.79459521420675, 60.68139322811246, 0.0, 4.900374403471369, 1.4000000000000004 
21.094330804351447, 64.1655663065547, 0.0, -2.450689780200961, 2.300000000000001 
44.95006819289423, 55.71943208962865, 0.0, 4.407601269594836, 2.7000000000000015 
46.212772661625124, 30.97073378580962, 0.0, 0.0, 1.0 
14.308702468141135, 20.442601154634936, 0.0, 2.762789071846447, 2.300000000000001 
8.531052514253957, 43.258283149724335, 0.0, 0.0, 1.0 
32.90999901448062, 36.0935243427938, 0.0, 0.0, 1.0 
35.14428340384054, 11.16548967772563, 0.0, 0.0, 1.0 
26.96268705197141, 36.24435855544012, 0.0, 0.0, 1.0 
22.418828578597388, 8.284006388007551, 0.0, 6.300586313095309, 2.7000000000000015 
53.710573181030476, 61.56400965803502, 0.0, 4.6529164757162755, 1.2000000000000002 
4.312475534995723, 31.52352882406054, 0.0, 0.0, 1.0 
14.059292043307355, 62.689165064095036, 0.0, 0.0, 1.0 
19.80549782514393, 22.711925622286294, 0.0, 5.975342584085816, 1.6000000000000005 
25.398684016126314, 51.55244507638612, 0.0, 7.1600043518746945, 2.7000000000000015 
18.3095137044466, 39.292444223679084, 0.0, 6.413006067295741, 2.4000000000000012 
15.437806386767683, 3.773513659971306, 0.0, 5.875701971940809, 2.7000000000000015 
39.03086336792169, 32.552951784848624, 0.0, 0.0, 1.0 
40.19640162466114, 22.992331808214953, 0.0, 0.16507629664177556, 2.7000000000000015 
63.885464450930165, 42.789691299400644, 0.0, 0.0, 1.0 
17.892078798246647, 1.5871495714476376, 0.0, 6.648875398993612, 2.5000000000000013 
29.647699803009655, 52.29310996700645, 0.0, 0.0, 1.0 
32.7408752887555, 64.20141672422197, 0.0, 6.3076673100517615, 2.7000000000000015 
41.348368885584534, 28.61870436010028, 0.0, 6.306725123807886, 2.300000000000001 
24.856625343807405, 48.85946908685942, 0.0, 0.0, 1.0 
12.87350823131912, 30.89098941424472, 0.0, 0.0, 1.0 
8.552759731502562, 21.26224842701917, 0.0, 0.0, 1.0 
62.77745388257014, 41.477722212426684, 0.0, 0.0, 1.0 
43.1847397315292, 27.606973477362413, 0.0, 0.025500802923293243, 2.7000000000000015 
50.50840505781443, 62.65465477848869, 0.0, 3.8417269921829655, 2.000000000000001 
34.12703700941119, 7.647876814630386, 0.0, 2.1162302749772492, 2.7000000000000015 
14.306768625676732, 41.74849342388791, 0.0, 0.22735573739717557, 2.7000000000000015 
30.532125827157156, 16.289949535710488, 0.0, 0.7437975151432927, 2.7000000000000015 
2.7592553382674505, 23.758899339454132, 0.0, 0.0, 1.0 
30.28537274854065, 19.631556836192278, 0.0, 1.1092481348041705, 2.7000000000000015 
35.27204341190449, 19.565993479542808, 0.0, 0.31783355220386095, 2.7000000000000015 
57.262221120679264, 52.83892047055745, 0.0, 0.0, 1.0 
16.78883301856922, 33.93740106206069, 0.0, 0.0, 1.0 
18.212424944047285, 34.799740871267616, 0.0, 0.0, 1.0 
4.5489477427823015, 3.3435941385316417, 0.0, 6.000003674188974, 2.7000000000000015 
48.03801193130157, 24.11029402598802, 0.0, 0.8333032799120927, 2.7000000000000015 
34.550405928333845, 61.736985779544234, 0.0, 3.85955495035964, 2.7000000000000015 
6.476126635161963, 27.95362049389002, 0.0, 2.7153439826481716, 2.200000000000001 
29.08471025328347, 54.03190425393132, 0.0, 0.0, 1.0 
53.78599441981521, 42.02724105735709, 0.0, 4.718795452917623, 1.9000000000000008 
57.7492308154373, 26.694556689784648, 0.0, 6.323775188080752, 2.200000000000001 
48.80482950386301, 51.561580149078665, 0.0, 0.05009423121776337, 1.3000000000000003 
15.82678134430253, 14.956479854160929, 0.0, 0.0, 1.0 
62.2544701927267, 22.29981163235938, 0.0, 0.0, 1.0 
27.5380137264171, 6.08090274599988, 0.0, 1.4918802636827317, 2.7000000000000015 
16.40325870342684, 54.70639168282327, 0.0, 1.6056238319201717, 2.7000000000000015 
27.91922069314518, 48.14938332614207, 0.0, 0.0, 1.0 
7.251109134042978, 20.2890917757692, 0.0, 0.0, 1.0 
32.7975794013024, 42.6447839598232, 0.0, 0.0, 1.0 
9.92978444292565, 38.1774399007422, 0.0, 6.906092839404587, 2.7000000000000015 
38.9765012058963, 29.351650908611063, 0.0, 0.0, 1.0 
35.12674556746695, 33.32174170560536, 0.0, 0.0, 1.0 
27.296779040239045, 19.09553900149578, 0.0, 5.20917494168151, 2.7000000000000015 
1.2245749823104173, 26.62317149875407, 0.0, 0.0, 1.0 
33.38698470405525, 30.44549929311825, 0.0, 4.024455223125556, 1.3000000000000003 
21.28652973288765, 31.924751792065003, 0.0, 0.0, 1.0 
21.590739060927874, 48.1918743041579, 0.0, 0.0, 1.0 
22.339864540162154, 37.861181234299195, 0.0, 0.0, 1.0 
39.2596189544972, 18.52563499371331, 0.0, 0.6582316834321785, 2.7000000000000015 
47.26146803740129, 6.641718031722051, 0.0, 0.04352079106106515, 2.7000000000000015 
37.210451734644835, 21.88294873669772, 0.0, 0.17975691885968872, 2.7000000000000015 
13.32822605849571, 12.266128375284355, 0.0, 0.0, 1.0 
24.862920740300257, 31.3940055884757, 0.0, 0.0, 1.0 
61.740388968858895, 38.19877889292215, 0.0, 0.0, 1.0 
60.31410181718299, 24.62249865761338, 0.0, 0.0, 1.0 
8.784622329660497, 19.309072199412686, 0.0, 0.0, 1.0 
35.94007256529416, 61.33275810329572, 0.0, 7.015106301740512, 2.7000000000000015 
11.761481219394335, 41.771453948213605, 0.0, 0.48903019055725583, 2.6000000000000014 
1.670550731623598, 50.76977149861439, 0.0, 0.0, 1.0 
1.1137408985411872, 41.44572682677264, 0.0, 0.0, 1.0 
60.90539831384895, 18.186446571167057, 0.0, -0.6057982154949287, 2.7000000000000015 
33.33485208425678, 45.75925213842722, 0.0, 9.354272141088249, 2.300000000000001 
59.825739352831604, 27.72722063635073, 0.0, 0.0, 1.0 
63.8807527089812, 25.544413443483993, 0.0, 0.0, 1.0 
55.00575680317347, 29.545598216677266, 0.0, 0.34159373097376594, 2.7000000000000015 
25.69184011447695, 7.5526852095558565, 0.0, -0.326220281201289, 2.7000000000000015 
11.453501993182114, 21.434635996401557, 0.0, 8.921709644627862, 2.300000000000001 
63.69720803522199, 38.68577911984497, 0.0, 0.0, 1.0 
18.11424199502584, 5.7196513264203075, 0.0, 5.608725178552519, 2.7000000000000015 
60.431566575959124, 48.824873231309176, 0.0, 0.0, 1.0 
30.742766334548676, 42.37158520157358, 0.0, 0.0, 1.0 
55.670265095472885, 28.476731430965387, 0.0, 0.8544337160568787, 2.7000000000000015 
62.88704628956101, 9.66262438367393, 0.0, 5.935710669046868, 2.7000000000000015 
13.666869902480412, 23.743816527207564, 0.0, 0.0, 1.0 
27.835645973360904, 58.41034120984272, 0.0, 2.136619797846007, 2.7000000000000015 
0.21134053888452153, 6.483087506610976, 0.0, -0.14917362001712134, 2.7000000000000015 
14.646840917664104, 0.16010063683189427, 0.0, 6.733150225655321, 2.7000000000000015 
16.316487772655286, 5.561467763418911, 0.0, 5.754061673318671, 2.7000000000000015 
50.495817086133826, 26.37055108035776, 0.0, 0.756055912849048, 2.7000000000000015 
4.367179044523787, 22.580084109507975, 0.0, 0.0, 1.0 
57.23283120807391, 63.995887059349435, 0.0, 0.0, 1.0 
22.51059967888183, 21.647143329382804, 0.0, 0.3908351101721391, 1.8000000000000007 
41.54248969800934, 59.56133578518071, 0.0, 3.4906057692736607, 2.7000000000000015 
64.07888196121141, 51.59982189631496, 0.0, 0.0, 1.0 
23.69204044032446, 61.9872353739132, 0.0, 4.283225676569566, 2.7000000000000015 
20.43069417852408, 37.24378338981435, 0.0, 0.0, 1.0 
48.418564173550024, 40.607392915423354, 0.0, 3.2768791761114726, 2.7000000000000015 
52.31827368347637, 29.919966767770866, 0.0, 6.1693339569895205, 2.7000000000000015 
19.92256127266688, 46.83825584708241, 0.0, 0.0, 1.0 
14.394170414279865, 5.3289392785479235, 0.0, 5.853334156642565, 2.7000000000000015 
52.16082108007122, 52.40761627297789, 0.0, 0.0, 1.0 
18.12719099106683, 21.56764627839451, 0.0, 0.0, 1.0 
11.59711140906684, 35.14418332857692, 0.0, 0.0, 1.0 
10.016127686235997, 6.891192188563139, 0.0, 0.0, 1.0 
56.291267636701676, 13.454267098795222, 0.0, 0.46628376689458134, 2.7000000000000015 
4.643444287576838, 13.535911532123615, 0.0, 6.294299365963604, 2.7000000000000015 
43.57433154284419, 63.30758048299781, 0.0, 3.66383428317124, 2.7000000000000015 
24.24465912190584, 28.9562448468534, 0.0, 4.123604783433623, 2.300000000000001 
49.06998612202391, 30.45801048091647, 0.0, 6.295395474345106, 2.7000000000000015 
28.815576257353033, 43.63469643092377, 0.0, 2.9663801878013123, 1.9000000000000008 
23.41640836097994, 42.50709495035272, 0.0, 0.0, 1.0 
15.254505846042008, 33.32728468140163, 0.0, 0.0, 1.0 
3.9196522579793616, 43.8968316668848, 0.0, 0.0, 1.0 
2.940208092857714, 59.71102743666392, 0.0, 0.0, 1.0 
46.277150321860105, 41.10180679751401, 0.0, 4.201405026655532, 2.7000000000000015 
8.208274301274752, 9.55896930561325, 0.0, 0.0, 1.0 
12.17691602452069, 62.59076269417507, 0.0, 0.0, 1.0 
8.863723226905368, 5.238136100983168, 0.0, -0.8118296087932009, 2.7000000000000015 
54.88481780390417, 21.335748008205847, 0.0, 0.0, 1.0 
36.039981922943745, 24.589457190486513, 0.0, -0.20594573777826744, 2.7000000000000015 
14.313675255293125, 38.9047339552646, 0.0, 7.235869246353535, 2.7000000000000015 
23.87039968653753, 4.83746292188043, 0.0, 0.448966584973866, 2.7000000000000015 
17.793307552512893, 19.5017904124858, 0.0, 2.090261712082277, 1.1 
26.891191728973393, 24.73083513860779, 0.0, 4.986943428119471, 1.4000000000000004 
57.48953310221494, 60.00309513264998, 0.0, 0.0, 1.0 
3.057659235050279, 57.83134534814473, 0.0, 0.0, 1.0 
14.886322450729669, 54.342416138093675, 0.0, 0.0, 1.0 
63.64913350905539, 30.981134241023234, 0.0, 0.0, 1.0 
2.862237099417683, 27.813193222633597, 0.0, 0.0, 1.0 
51.91889953306878, 25.852852518265532, 0.0, 0.0, 1.0 
2.3160403575572786, 17.288849316161173, 0.0, 0.0, 1.0 
53.81475366948263, 13.053046826475663, 0.0, 5.201562407306834, 2.7000000000000015 
7.330750624034324, 22.594003668667966, 0.0, 0.0, 1.0 
12.728620911333614, 50.33945042579384, 0.0, 0.0, 1.0 
60.906885203663464, 31.065341129213348, 0.0, 5.455979045613856, 2.6000000000000014 
34.94793022341089, 39.37331864208282, 0.0, 0.0, 1.0 
55.19787286408092, 62.91945049455018, 0.0, 2.909588921994809, 1.6000000000000005 
61.86276237459572, 35.48180258251984, 0.0, 0.15006625986406663, 2.7000000000000015 
63.096151672071365, 4.557613802713598, 0.0, -0.12231665663587303, 2.7000000000000015 
8.445227108349929, 60.568654880893874, 0.0, 0.0, 1.0 
53.712113213907436, 26.403827323162755, 0.0, 0.0, 1.0 
15.335891812990186, 45.29401674239928, 0.0, 0.0, 1.0 
20.226958472621423, 42.7408578676111, 0.0, 0.0, 1.0 
62.61541332552731, 2.9488359970111424, 0.0, 0.0, 1.0 
23.945182480232866, 36.85799315548746, 0.0, 0.0, 1.0 
7.1948325089877345, 46.36219625986085, 0.0, 0.0, 1.0 
27.56762693522429, 52.76403271982816, 0.0, 0.0, 1.0 
30.7616939584723, 4.337381221620027, 0.0, 1.4935517939673397, 2.7000000000000015 
1.0786146016109466, 22.6760175268017, 0.0, 0.0, 1.0 
6.173240884060538, 30.909534107999793, 0.0, 0.0, 1.0 
17.954874619934227, 32.31922759039291, 0.0, 0.0, 1.0 
23.25466654802108, 47.54741328149208, 0.0, 0.0, 1.0 
35.35691520846092, 64.19873099729652, 0.0, 5.4040307675281305, 2.7000000000000015 
48.309422920908546, 42.31609814800678, 0.0, 0.0, 1.0 
56.23677126583098, 10.22260870247177, 0.0, 0.04523871702841447, 2.7000000000000015 
5.925898125931088, 36.61317249256929, 0.0, 0.0, 1.0 
19.830829534336047, 40.12666126230958, 0.0, 6.214394331080776, 2.7000000000000015 
29.359853682006985, 47.78017277515515, 0.0, 0.0, 1.0 
58.65462742966184, 46.91085846279435, 0.0, 0.0, 1.0 
21.685933401923823, 42.6524220363189, 0.0, 0.0, 1.0 
4.5340064053608105, 6.170069912873501, 0.0, -0.6633942709471968, 2.7000000000000015 
64.06297574640271, 34.44225684137818, 0.0, 0.366477592274478, 2.4000000000000012 
49.829792471415544, 45.56993173313424, 0.0, 6.9543229526921575, 2.7000000000000015 
38.201687248373396, 45.43961036512917, 0.0, 3.371509264671759, 2.7000000000000015 
19.18445629173559, 8.454800235502821, 0.0, 5.652266394831443, 2.7000000000000015 
37.16164277147431, 33.046043267136916, 0.0, 0.0, 1.0 
36.08132790431847, 28.131391279813, 0.0, 5.801695214292178, 2.6000000000000014 
59.081499818537296, 4.378597427723713, 0.0, 0.0, 1.0 
36.30732083175969, 16.516301350979564, 0.0, 1.2737291591045612, 1.3000000000000003 
24.601524224398, 40.78311403199021, 0.0, 0.0, 1.0 
55.834588247422644, 58.771547055910965, 0.0, 0.0, 1.0 
2.823687689850755, 4.970180479321876, 0.0, -0.5425362006032168, 2.7000000000000015 
46.02304674136223, 50.422735762767594, 0.0, 3.986515865238275, 2.7000000000000015 
56.7701297232356, 43.752093895718254, 0.0, 0.0, 1.0 
56.98608032371287, 45.67881691209732, 0.0, 0.0, 1.0 
9.41379186930908, 54.99450945088949, 0.0, 0.0, 1.0 
50.93233774562641, 13.644629478940338, 0.0, 0.1276149516682676, 2.7000000000000015 
14.97925001483479, 35.165995364149126, 0.0, 0.0, 1.0 
57.06501503308852, 1.7684738727572065, 0.0, 2.23597063634785, 1.1 
62.773970144131944, 63.244888956923425, 0.0, 0.0, 1.0 
46.10122189253015, 26.08833400851459, 0.0, 6.450109465186925, 2.7000000000000015 
5.420063037225654, 49.23390480767937, 0.0, 0.0, 1.0 
12.983575891059163, 17.85487162918505, 0.0, 6.285228152901978, 2.6000000000000014 
52.2888825501158, 24.1187034403907, 0.0, 0.8741517156338058, 2.7000000000000015 
33.51843291398507, 16.03148292800992, 0.0, 1.0880767086411205, 2.7000000000000015 
58.90909377902465, 2.6136324735744227, 0.0, 0.0, 1.0 
50.85175128741326, 50.873929763309775, 0.0, 1.299440518843762, 2.7000000000000015 
23.669448785365255, 58.88005493442419, 0.0, 3.4640083337287666, 2.300000000000001 
57.2584678418047, 18.001848640617073, 0.0, 6.034888318485092, 2.7000000000000015 
32.258812723741926, 48.73180807145162, 0.0, 4.063286405680995, 2.6000000000000014 
41.08398140973384, 32.596574027979194, 0.0, 0.0, 1.0 
54.475707942950145, 31.942426003589475, 0.0, 6.517767229507779, 2.7000000000000015 
36.93895437752356, 39.90119425430552, 0.0, 3.9389256818010607, 2.7000000000000015 
60.91137159215627, 64.12114566672142, 0.0, 0.0, 1.0 
45.968550768484434, 9.51568060607786, 0.0, 5.723005053231693, 2.7000000000000015 
10.541739314374022, 33.66495946063311, 0.0, 0.0, 1.0 
17.37556465036836, 57.06259886643719, 0.0, 0.0, 1.0 
48.996526618026856, 23.435428400429924, 0.0, 1.1685152249725919, 2.7000000000000015 
5.720998675014736, 40.12666570874578, 0.0, 0.0, 1.0 
57.829281013120415, 12.506392061922291, 0.0, 0.0, 1.0 
38.95635975013243, 0.7826523370933155, 0.0, 0.43063286405400175, 2.7000000000000015 
13.84134497952506, 7.238017286554319, 0.0, 0.0, 1.0 
51.12078082200983, 48.598670200768524, 0.0, 1.2315484702318384, 2.7000000000000015 
11.063063602816511, 1.8650894328856407, 0.0, 6.029904211812968, 2.7000000000000015 
60.313858976742004, 55.386301017596686, 0.0, 0.0, 1.0 
62.5786485781507, 15.284427775733766, 0.0, -0.4381169780250272, 2.7000000000000015 
48.05724708571868, 39.33972753791633, 0.0, 3.0732983830218648, 2.7000000000000015 
19.25002741594653, 1.0558249337133183, 0.0, 6.9293633403828085, 2.5000000000000013 
12.040900757542756, 45.415521029185605, 0.0, 0.0, 1.0 
36.43003230512625, 38.01343546545796, 0.0, 3.2158145855483924, 2.200000000000001 
7.926133063208442, 56.1977163275472, 0.0, 0.0, 1.0 
43.19478696638805, 23.032197026658242, 0.0, 0.24049197923549426, 2.7000000000000015 
33.7523690205674, 21.551533405930982, 0.0, 0.05460797980299954, 2.7000000000000015 
21.887746418054803, 59.21647868606349, 0.0, 3.9173265385467997, 2.7000000000000015 
16.63523669410616, 35.9678512975576, 0.0, 0.0, 1.0 
12.44313134954874, 28.302227579945935, 0.0, 0.0, 1.0 
62.56859816392829, 32.66720665142275, 0.0, 0.0, 1.0 
48.06053779469629, 37.4569186823886, 0.0, 1.9214156385762462, 2.200000000000001 
12.40109781495035, 58.415964577126836, 0.0, 2.133605563734739, 2.7000000000000015 
20.600876464468044, 24.31658092086856, 0.0, 0.0, 1.0 
0.7934803513162917, 10.207715503227906, 0.0, 0.0, 1.0 
10.555628547576015, 5.2977610725913316, 0.0, -0.48516165688247265, 2.7000000000000015 
59.26855747245896, 10.04094999734932, 0.0, 6.004934333475319, 2.7000000000000015 
27.013529611527016, 41.486346262806904, 0.0, 0.0, 1.0 
31.654287631284376, 62.668655620233956, 0.0, 0.41424467546840626, 2.7000000000000015 
19.31786361125033, 57.857283635523174, 0.0, 3.28300213069847, 2.7000000000000015 
50.30439604897563, 29.295620088748564, 0.0, -0.06314781917671636, 2.7000000000000015 
54.767841731415956, 44.02778140377218, 0.0, 2.2291293079891257, 1.4000000000000004 
62.22824382118471, 25.870112109215402, 0.0, 0.0, 1.0 
51.423231762025644, 2.9999588412764258, 0.0, 5.7755245639497, 2.7000000000000015 
41.996777540497, 24.147526368329615, 0.0, -0.08177317498367623, 2.7000000000000015 
5.508072938972012, 45.26020976367916, 0.0, 0.0, 1.0 
28.333861744331646, 21.065824801467084, 0.0, 4.583801893821295, 2.7000000000000015 
43.919320931411725, 29.387061462632456, 0.0, 6.274491152652352, 2.7000000000000015 
25.3326009486935, 35.45603339130573, 0.0, 0.0, 1.0 
57.27530166412033, 31.70813923167922, 0.0, 6.341829620109286, 2.5000000000000013 
13.897350065006652, 58.564094847950614, 0.0, 2.422921394361544, 2.7000000000000015 
38.223278079246896, 34.815143898990804, 0.0, 0.0, 1.0 
35.32820022343118, 29.99019178336702, 0.0, 0.0, 1.0 
36.46126588045855, 51.36325732106521, 0.0, 3.6536709135534546, 2.7000000000000015 
30.939115986438477, 7.677459712611746, 0.0, 1.773812779548419, 2.7000000000000015 
37.14261385588897, 11.23748266303, 0.0, 0.0, 1.0 
29.553276327757118, 45.847592286738774, 0.0, 4.328375795132881, 2.6000000000000014 
63.29177327936576, 13.959327504355985, 0.0, -0.36378434006255944, 2.7000000000000015 
33.7816395559368, 37.93051700217872, 0.0, 0.0, 1.0 
48.26894189494729, 4.580912162749099, 0.0, 0.6365726565380087, 2.7000000000000015 
30.94589304836215, 48.80649518315423, 0.0, 4.125161312663647, 2.4000000000000012 
58.197648157274365, 42.70802379661651, 0.0, 0.0, 1.0 
10.101041259958706, 62.33548727280747, 0.0, 0.0, 1.0 
29.643214651570638, 31.10888829539616, 0.0, 0.0, 1.0 
27.413945283972065, 17.106273009329286, 0.0, 5.503826015709365, 2.7000000000000015 
52.92008728251822, 21.85495428582982, 0.0, 0.0, 1.0 
8.513391422679168, 13.769715291479999, 0.0, 0.8373120392236847, 2.7000000000000015 
34.97306662086118, 49.69056140107724, 0.0, 3.382937749347136, 2.7000000000000015 
19.57732928510112, 29.151045119112446, 0.0, 0.0, 1.0 
57.020594942725225, 24.98948366586255, 0.0, 0.0, 1.0 
13.818561300434496, 10.61413538906807, 0.0, 0.0, 1.0 
6.411922332059891, 10.723372994358963, 0.0, 0.0, 1.0 
61.888872615969056, 43.15713557506504, 0.0, 0.0, 1.0 
33.802718143542485, 2.8976334806980493, 0.0, 5.093935246329058, 2.7000000000000015 
2.639631930267743, 61.66471726759453, 0.0, 0.0, 1.0 
46.85674734263972, 47.7568971620537, 0.0, 0.6380962015673143, 2.7000000000000015 
2.4252033198380576, 32.04962851725857, 0.0, 0.0, 1.0 
20.645359557938374, 14.430202910248672, 0.0, 1.438605726961115, 2.7000000000000015 
2.220312071954361, 36.47143272946328, 0.0, 0.8999524449035281, 2.7000000000000015 
25.70475335788151, 19.571843150758554, 0.0, 5.33963038215262, 2.7000000000000015 
0.3833170222603085, 11.925188665245734, 0.0, -0.07173634438901463, 2.7000000000000015 
18.22348077908265, 15.322188098044036, 0.0, 1.6458547894543751, 2.7000000000000015 
37.202619229433516, 36.55785400557982, 0.0, 0.0, 1.0 
20.659161259347233, 52.195998034346324, 0.0, 0.0, 1.0 
17.76615914666152, 30.270917633393143, 0.0, 0.0, 1.0 
7.197262633035604, 44.35911115345147, 0.0, 0.0, 1.0 
13.692157187811674, 48.72354119044966, 0.0, 0.0, 1.0 
50.32950436419122, 59.04873460609225, 0.0, -0.22475148238222611, 2.7000000000000015 
59.77054443107143, 59.152829972851805, 0.0, 0.0, 1.0 
59.89521873589478, 10.913396452885516, 0.0, 5.8626801507095845, 2.100000000000001 
15.87186751883314, 23.179913334033664, 0.0, 2.4403656514754, 1.8000000000000007 
24.89554020077125, 46.722028912223536, 0.0, 0.0, 1.0 
23.658597875041156, 20.186257584499938, 0.0, 0.0, 1.0 
47.784557184623644, 32.098215248052824, 0.0, 5.23062503204264, 1.3000000000000003 
19.719443007349135, 15.747256002509028, 0.0, 1.2185658487455764, 2.5000000000000013 
29.225123742409025, 29.13991488351038, 0.0, 5.470293084689044, 1.4000000000000004 
17.029840715571314, 16.535814168640883, 0.0, 1.6333099332800738, 1.6000000000000005 
60.45287508522183, 22.733144007241695, 0.0, 0.0, 1.0 
11.320808329044342, 55.410821217434695, 0.0, 0.0, 1.0 
39.45725032208504, 20.14426631709647, 0.0, 0.60974982042304, 2.7000000000000015 
13.46222401685543, 16.742480099571203, 0.0, 6.444395660512842, 2.7000000000000015 
10.811885448697502, 17.1321510834064, 0.0, 0.13959428795605142, 2.7000000000000015 
30.796068869346183, 43.989700153465975, 0.0, 2.9235939263254807, 2.4000000000000012 
45.123264929163746, 51.280308313969776, 0.0, 4.146188777093621, 2.7000000000000015 
37.11387093331108, 18.581824279617695, 0.0, 0.0, 1.0 
55.68998891855189, 19.498359442265077, 0.0, 6.011970539679794, 2.7000000000000015 
16.045716169281075, 58.63998386951062, 0.0, 0.0, 1.0 
21.592570193301416, 1.6922308889151103, 0.0, 0.6855978784715049, 2.7000000000000015 
1.0865861923695257, 24.608571283924803, 0.0, 0.0, 1.0 
9.080205836573917, 34.46407618298598, 0.0, 7.058464122505336, 2.7000000000000015 
4.359514604785376, 62.74654574171593, 0.0, 0.0, 1.0 
20.599317706016976, 44.45192246008415, 0.0, 0.0, 1.0 
5.282258269056567, 51.113094629573624, 0.0, 0.0, 1.0 
49.80829352750038, 36.02054738878351, 0.0, 0.0, 1.0 
10.373306291289222, 25.828831586503, 0.0, 0.0, 1.0 
57.18933464738252, 16.610502440155237, 0.0, 5.755844061693041, 2.7000000000000015 
17.497722943583696, 54.207039590867915, 0.0, -1.5542935062810088, 2.7000000000000015 
3.745269324498172, 33.41563983520493, 0.0, 0.0, 1.0 
10.308291565477498, 57.14989479807895, 0.0, 6.264065904433478, 1.5000000000000004 
13.087383005136036, 19.680648169361667, 0.0, 2.603653283683787, 2.6000000000000014 
50.10426216479397, 52.88592440230062, 0.0, 0.0, 1.0 
62.66192609480142, 0.9689884349198155, 0.0, 0.0, 1.0 
4.981488571353501, 34.98821161257906, 0.0, 0.0, 1.0 
15.144057097257228, 25.272531736188455, 0.0, 3.7536116589851356, 1.1 
23.09724647662317, 56.391552266530304, 0.0, 0.0, 1.0 
30.679128384700586, 46.34581511737988, 0.0, 4.341251158201392, 2.5000000000000013 
46.0630452387597, 23.572565656815627, 0.0, 0.6943990324389206, 2.7000000000000015 
20.450331156238082, 40.98299383458535, 0.0, 6.064850258305027, 2.7000000000000015 
46.15729925348712, 27.290377643683062, 0.0, 0.13338788288762302, 2.7000000000000015 
60.06768484392404, 57.26518352623675, 0.0, 0.0, 1.0 
8.08087626893526, 62.47968534005273, 0.0, 0.0, 1.0 
30.594380478868437, 10.957434260190258, 0.0, 7.755110783934452, 2.7000000000000015 
18.14921432747902, 49.543495701008425, 0.0, 0.0, 1.0 
27.27175765726645, 38.22157157396338, 0.0, 0.0, 1.0 
5.755611449920975, 43.30180483903653, 0.0, 0.0, 1.0 
1.1830005633445324, 58.6657280731437, 0.0, 0.0, 1.0 
36.704307738348255, 56.729672685636025, 0.0, 3.7161019070400387, 2.7000000000000015 
61.088720647239036, 20.80359369700126, 0.0, 0.0, 1.0 
18.166707662753286, 47.62639309484912, 0.0, 0.0, 1.0 
54.94231142657949, 23.392635311697738, 0.0, 0.0, 1.0 
20.573935070272455, 6.192500344706884, 0.0, 2.3578075454131704, 2.7000000000000015 
60.85449370246181, 34.160078716913645, 0.0, -0.18874648886792184, 2.7000000000000015 
17.625806131880665, 41.37059460625755, 0.0, 6.0200230871845255, 2.7000000000000015 
5.041708280057162, 54.95993787286389, 0.0, 0.0, 1.0 
6.147784949101392, 1.9636008092374428, 0.0, 5.965536289967891, 2.7000000000000015 
31.272971290741218, 22.030854880246295, 0.0, 6.754139847749603, 2.7000000000000015 
17.413975204689642, 45.77140180217359, 0.0, 0.0, 1.0 
12.389995627704165, 25.229869847393854, 0.0, 0.0, 1.0 
47.196945795853665, 29.371669475634974, 0.0, 6.142092299634871, 2.6000000000000014 
58.41014061979498, 48.93104225825701, 0.0, 0.0, 1.0 
19.627065212468658, 33.34895411139048, 0.0, 0.0, 1.0 
0.1466842416277153, 2.1384428575335335, 0.0, 0.0, 1.0 
1.5225275731764145, 52.72827451781523, 0.0, 0.0, 1.0 
2.7880042861121788, 9.681866139534666, 0.0, 0.0, 1.0 
19.918913399876203, 20.89524336215552, 0.0, 0.0, 1.0 
59.48801615739485, 16.591737784559893, 0.0, -0.35323436605985337, 2.7000000000000015 
6.51813656119982, 61.37659986929637, 0.0, 0.0, 1.0 
24.133121732760095, 38.866719184078214, 0.0, 0.0, 1.0 
44.062981471535515, 34.35597995772343, 0.0, 0.0, 1.0 
54.66510728843978, 30.76853998532004, 0.0, 0.0886384868127181, 2.7000000000000015 
33.431900664549346, 32.546148987948925, 0.0, 0.0, 1.0 
52.892367057286044, 63.357147670557744, 0.0, 3.7746383213375294, 1.7000000000000006 
10.768333775530682, 0.5978257346965212, 0.0, 0.13444041423898132, 2.7000000000000015 
42.80438184239441, 38.31545433882627, 0.0, 2.78182813543679, 2.300000000000001 
26.87007857345383, 43.336943065361154, 0.0, 0.0, 1.0 
8.975976677476588, 22.956751438204037, 0.0, 8.992401354860453, 2.7000000000000015 
63.515515423916256, 59.47533373516173, 0.0, 0.0, 1.0 
34.412801880752, 25.79265776050457, 0.0, 0.18221735648029286, 2.7000000000000015 
0.19966044287492574, 0.08215241946880195, 0.0, 0.0, 1.0 
59.278728004682556, 8.20931651147391, 0.0, 6.234107577223834, 2.7000000000000015 
46.004190912473284, 54.43921644697181, 0.0, 3.845593505227511, 1.6000000000000005 
45.67827137591111, 28.405138989081152, 0.0, -0.003872426268767355, 2.6000000000000014 
44.28026533936196, 7.468383813126519, 0.0, -0.21404382506362266, 2.7000000000000015 
62.4037373266958, 28.515799917358326, 0.0, -0.8368850711648442, 2.7000000000000015 
35.89613393307543, 44.487491391512656, 0.0, 0.0, 1.0 
51.43740898926787, 0.30415509722955764, 0.0, 0.02826432844304145, 2.7000000000000015 
40.299287069011996, 38.729685744839095, 0.0, 0.0, 1.0 
29.823848092967825, 6.149195984874634, 0.0, 1.4637955552344548, 2.7000000000000015 
42.09249656955966, 30.73649270949071, 0.0, 0.0, 1.0 
16.327952206218015, 21.03788425809859, 0.0, 0.0, 1.0 
55.609481244281305, 60.95140069216087, 0.0, 1.4677028701538055, 1.2000000000000002 
28.791658062166793, 27.54015254446933, 0.0, 5.682255560727549, 2.7000000000000015 
31.637761617163658, 27.976587988635487, 0.0, -0.05891695717399118, 2.6000000000000014 
45.23255288094522, 24.560921773638196, 0.0, 0.4187623166339689, 2.7000000000000015 
16.77623221309083, 37.791895107574206, 0.0, 0.0, 1.0 
19.013828864814627, 55.229568943422244, 0.0, 0.0, 1.0 
44.532408167181316, 45.11268805197705, 0.0, 2.0947666410954118, 2.7000000000000015 
39.09449336710605, 37.08613527559843, 0.0, 0.0, 1.0 
28.873794260517574, 59.40184659929088, 0.0, 2.6229359677703585, 2.7000000000000015 
31.653235310644483, 31.528866987074817, 0.0, 0.0, 1.0 
38.84817122388779, 11.258399394243838, 0.0, 4.553821988841373, 2.7000000000000015 
19.134875439938178, 3.983895976264686, 0.0, 5.872155739110692, 2.4000000000000012 
22.52134407897197, 52.85677892017156, 0.0, 0.0, 1.0 
31.291186469028407, 58.96933078234218, 0.0, 1.8065006802521753, 1.4000000000000004 
62.00509508814534, 24.120104240669722, 0.0, 0.0, 1.0 
55.936508291697805, 37.6094000168943, 0.0, 5.946717686213264, 1.7000000000000006 
20.87316964210256, 35.186926272874075, 0.0, 4.3609465152849065, 2.5000000000000013 
6.132327214292591, 33.88689928750868, 0.0, 0.6121323432490489, 2.4000000000000012 
35.986008335932134, 12.850061208811765, 0.0, 3.2211407105284287, 1.3000000000000003 
1.9493335929477495, 8.169650739257168, 0.0, 5.754548519006249, 2.7000000000000015 
15.994837067906392, 10.01659266345094, 0.0, 8.634890628107573, 2.7000000000000015 
2.0402439737639138, 43.10276113405215, 0.0, 0.0, 1.0 
55.904416939883895, 8.031815205363815, 0.0, 6.493638768090597, 2.7000000000000015 
12.773099414755302, 38.33403907758858, 0.0, 1.0664169347615977, 2.7000000000000015 
16.940724542613268, 26.363495428122977, 0.0, 0.0, 1.0 
3.667943019538522, 40.25790551551519, 0.0, 0.0, 1.0 
56.40785365918246, 49.43445040486803, 0.0, 0.0, 1.0 
21.159445116922033, 50.18681823729343, 0.0, 0.0, 1.0 
26.34228351108846, 47.89405654096641, 0.0, 0.0, 1.0 
20.45574198525675, 60.86903241346025, 0.0, 3.98234973536522, 2.7000000000000015 
51.651118874319934, 6.082079858587177, 0.0, 1.5885134986852345, 2.7000000000000015 
18.767795450243426, 27.324507687658873, 0.0, 0.0, 1.0 
52.77979981629183, 55.9310945914092, 0.0, 0.0, 1.0 
29.54260838659829, 12.215670465845935, 0.0, 0.6639362365775894, 2.7000000000000015 
18.842215642171283, 45.17615970445948, 0.0, 3.4808580317362945, 2.7000000000000015 
6.668553789115508, 29.354508941880855, 0.0, 0.0, 1.0 
8.081298422157749, 15.852298889280297, 0.0, 6.689378279857248, 2.7000000000000015 
60.29477295719018, 15.337565154908171, 0.0, 5.986384357852042, 2.7000000000000015 
12.466943209645146, 0.062142088338495785, 0.0, 0.49351097397846033, 2.7000000000000015 
29.51540780384991, 40.827377406958085, 0.0, 0.0, 1.0 
16.197430702630633, 31.60538740194169, 0.0, 0.0, 1.0 
44.14046699766201, 62.10633930375128, 0.0, 0.3363208231412853, 2.7000000000000015 
10.215032030661988, 44.48744411410898, 0.0, 0.0, 1.0 
13.712466892873017, 1.728998830126423, 0.0, 6.59140644481354, 2.7000000000000015 
4.435913296707799, 7.562766881914122, 0.0, 5.613897980523555, 2.7000000000000015 
56.81585020762576, 28.30055169431881, 0.0, 0.9511484904433151, 2.7000000000000015 
4.50959163564742, 10.790091747678815, 0.0, 0.0, 1.0 
0.6189045319781921, 29.688331100314446, 0.0, 0.583041246677464, 2.7000000000000015 
43.276235719597246, 26.404611799263492, 0.0, 0.08982392303700659, 2.6000000000000014 
41.234508421779, 62.901035792398844, 0.0, 6.946864532002519, 2.7000000000000015 
11.45268240950888, 12.882107353027646, 0.0, 0.0, 1.0 
35.674606426644466, 31.680772917346587, 0.0, 0.0, 1.0 
20.874912586621388, 2.8665044750310544, 0.0, 6.564413177005909, 2.7000000000000015 
28.527585663478767, 24.74677893886101, 0.0, 5.223850314215232, 2.7000000000000015 
62.031736736521054, 56.5081216572491, 0.0, 0.0, 1.0 
1.0872903154407643, 31.25822640658889, 0.0, 0.0, 1.0 
59.97641079820132, 30.509165133539216, 0.0, 5.678250298488327, 2.7000000000000015 
39.55905907939606, 4.628955231608396, 0.0, 0.6569141723769473, 2.7000000000000015 
7.013088494784425, 54.35840756503884, 0.0, 0.0, 1.0 
52.18282264582571, 33.53193121769353, 0.0, 3.3908497075349224, 2.7000000000000015 
10.992040625895385, 31.651539976041448, 0.0, 0.0, 1.0 
57.738626363975534, 30.41701496556722, 0.0, 6.258949256117081, 2.7000000000000015 
34.21954584695402, 47.009855697351675, 0.0, 3.328209414272836, 2.7000000000000015 
62.53626212765795, 12.921090693624302, 0.0, 6.188346857135625, 2.7000000000000015 
59.68857181197377, 20.721471725213007, 0.0, 5.025486176929039, 2.200000000000001 
28.683542965296223, 36.77020163381281, 0.0, 0.0, 1.0 
30.86218427389157, 35.68820651756934, 0.0, 0.0, 1.0 
63.853802187774114, 55.63058117940654, 0.0, 0.0, 1.0 
51.750443267704476, 57.55983729441222, 0.0, 3.5300711164211505, 1.4000000000000004 
6.526187233768558, 7.058990210719415, 0.0, -0.6820710588183215, 2.7000000000000015 
14.183236957767257, 31.962052398344927, 0.0, 0.0, 1.0 
2.255282089560456, 45.103635623214174, 0.0, 0.0, 1.0 
11.58202978388813, 26.915687485540627, 0.0, 0.0, 1.0 
18.976861204136195, 42.13537546812782, 0.0, 5.88085277469099, 2.7000000000000015 
53.40954667511942, 53.97584862476067, 0.0, 0.0, 1.0 
28.96225550528476, 38.84488585917008, 0.0, 0.0, 1.0 
46.11579788388701, 8.120317312835212, 0.0, -0.3371380915394864, 2.7000000000000015 
7.224186573359215, 48.39833995710808, 0.0, 0.0, 1.0 
59.002338193233676, 40.92709198153943, 0.0, 0.0, 1.0 
2.796655453850941, 11.335852753718346, 0.0, 6.410145108841428, 2.7000000000000015 
44.33938526010511, 40.695309443102175, 0.0, 0.0, 1.0 
58.13642711899129, 37.906670972059494, 0.0, 0.0, 1.0 
50.174360287119285, 55.96332514860859, 0.0, 3.3192207113337706, 1.9000000000000008 
0.944522690888767, 60.584068500851664, 0.0, 0.0, 1.0 
7.839265493751296, 2.708943213457924, 0.0, -0.18569173483229473, 2.7000000000000015 
22.691792807383038, 41.33793395195541, 0.0, 6.330382151720107, 2.7000000000000015 
34.21378614646095, 50.88823329134714, 0.0, 3.822066240690046, 1.4000000000000004 
22.250651964677143, 19.036181033821496, 0.0, 0.0, 1.0 
28.413695973154944, 55.98230679302752, 0.0, 0.0, 1.0 
0.7009585123173185, 5.166035091431894, 0.0, -0.36435001866698685, 2.7000000000000015 
1.2979710889408516, 3.7427448284772624, 0.0, 0.15698803446430365, 2.7000000000000015 
48.53203919702587, 54.45420218929589, 0.0, 3.0347086021528757, 1.9000000000000008 
9.971566985750703, 12.017610518991109, 0.0, 0.0, 1.0 
2.7818655204160523, 2.6751502366548503, 0.0, -0.07280468968257703, 2.7000000000000015 
52.68910607050196, 40.383356269115126, 0.0, -1.4023807610527101, 2.7000000000000015 
10.220009416982693, 15.974103430218834, 0.0, 0.4419621097694924, 2.7000000000000015 
14.659267264861985, 9.02874167022461, 0.0, 0.0, 1.0 
3.132190033336635, 55.811081538082824, 0.0, 0.0, 1.0 
27.902024240861145, 9.44109857624314, 0.0, 7.472764531894317, 2.7000000000000015 
15.584824234946934, 52.35964150623144, 0.0, 5.812432079748366, 1.1 
14.870238256814043, 16.016865329686805, 0.0, 6.839157665364615, 2.7000000000000015 
58.804570416650236, 25.49287346436221, 0.0, 0.0, 1.0 
28.86415913308778, 18.77215105263113, 0.0, 4.500866960805703, 2.7000000000000015 
15.487197595693805, 56.60298979977396, 0.0, 7.069169552596808, 2.7000000000000015 
1.6935306570164728, 33.87886319816836, 0.0, 0.0, 1.0 
10.685832196096241, 50.63728930813664, 0.0, 0.0, 1.0 
22.219108701522316, 61.461099175891704, 0.0, 4.2860558321263476, 2.7000000000000015 
52.32255606054056, 32.42013074009385, 0.0, 6.424325880713398, 2.7000000000000015 
8.778191465336825, 45.4397505874801, 0.0, 0.0, 1.0 
3.309450317626593, 38.620150944993064, 0.0, 0.5911350027769503, 2.000000000000001 
50.85037610344051, 34.51636441149504, 0.0, 0.0, 1.0 
46.083835001925, 34.39901380635522, 0.0, 0.0, 1.0 
4.595481046502576, 60.87838425582746, 0.0, 0.0, 1.0 
62.74446139977411, 20.3602808515065, 0.0, 0.0, 1.0 
56.753213282488545, 22.93224425427075, 0.0, 0.0, 1.0 
59.730383305005056, 29.29444657000815, 0.0, 6.0895277725682035, 2.7000000000000015 
56.26455200797785, 33.09052104221245, 0.0, 6.011252668426728, 2.7000000000000015 
24.27223532037632, 43.69534919543406, 0.0, 0.0, 1.0 
46.59118272816863, 36.36920561298602, 0.0, 3.1199302410477907, 1.1 
3.129593317810366, 41.90835874951453, 0.0, 0.9072839065698494, 1.2000000000000002 
61.386201734351374, 8.963401037135009, 0.0, 6.145577910143006, 2.7000000000000015 
54.12046518923492, 57.38393392498098, 0.0, 2.854879822405549, 1.2000000000000002 
17.541626503858108, 2.6184961934966067, 0.0, 0.01634197626100917, 2.7000000000000015 
35.65922761442667, 14.319978822601946, 0.0, 3.6634174736943437, 2.7000000000000015 
35.1620268416368, 36.54608654180687, 0.0, 0.0, 1.0 
25.1414257991303, 24.6681413998747, 0.0, 5.408312067662692, 2.7000000000000015 
55.42658216574896, 15.973547286864948, 0.0, -0.14420600457560864, 2.7000000000000015 
12.372175428036513, 22.09585679140542, 0.0, 2.7971596842314184, 2.7000000000000015 
63.47367581737019, 16.027745335044496, 0.0, -0.753705227735385, 2.7000000000000015 
59.1412997715238, 63.04578988941525, 0.0, 0.0, 1.0 
59.053988239723274, 0.6963487642327474, 0.0, 0.0, 1.0 
33.89791375645763, 44.23579290582534, 0.0, 0.0, 1.0 
13.43480694822048, 34.22623393809609, 0.0, 0.0, 1.0 
9.452764346687916, 30.327129670726723, 0.0, 0.0, 1.0 
60.758316840637555, 41.443840758706095, 0.0, 0.0, 1.0 
7.040214974247648, 4.079915194848833, 0.0, 5.715061374073837, 2.7000000000000015 
54.38700456612618, 35.214358249759044, 0.0, 0.3670827644242929, 2.5000000000000013 
53.891721614231706, 59.39459697529989, 0.0, 0.0, 1.0 
9.30954652977155, 63.780502017256914, 0.0, 6.248086511846238, 2.7000000000000015 
2.0266371799090144, 14.799017737790635, 0.0, -0.40839270803066574, 2.7000000000000015 
12.26381888870949, 2.7318501453488473, 0.0, -0.18711054488136014, 2.7000000000000015 
42.38586738315752, 40.16710302909969, 0.0, 0.0, 1.0 
47.49533884478573, 49.72072098123071, 0.0, 0.5145443380239423, 2.7000000000000015 
17.065644987838297, 13.344974797624916, 0.0, 6.260408833712369, 1.2000000000000002 
38.46416321879246, 39.51357711864772, 0.0, 3.6706818324126105, 2.7000000000000015 
32.69287361868298, 9.656761119097279, 0.0, 1.4658258433999771, 2.7000000000000015 
62.276968361095065, 52.46120908818027, 0.0, 0.0, 1.0 
62.469232050759295, 48.49064994010548, 0.0, 0.0, 1.0 
5.443950596645989, 15.793992004260323, 0.0, 6.335115387883874, 2.7000000000000015 
40.33575146617558, 26.457683322022152, 0.0, 0.304272043454129, 2.7000000000000015 
57.69580930811753, 39.717483726946476, 0.0, -0.24837329262824884, 2.100000000000001 
31.894668009134836, 40.84699524045576, 0.0, 0.0, 1.0 
19.094467530970018, 63.55305516119395, 0.0, 0.0, 1.0 
1.7782688859359057, 48.86418843444244, 0.0, 0.0, 1.0 
52.082757295950266, 46.01712814957157, 0.0, 4.462227336802981, 2.7000000000000015 
51.238728246817075, 12.29785939598135, 0.0, 0.554531670266899, 2.7000000000000015 
3.9934987129374915, 36.798085509883705, 0.0, 0.0, 1.0 
54.00775261454989, 47.798376934229466, 0.0, 3.1656765309348063, 1.8000000000000007 
41.79387675443681, 15.405738319102564, 0.0, 5.9513406079656646, 2.7000000000000015 
13.821580273683905, 52.48560171753429, 0.0, 1.5694483355938769, 2.7000000000000015 
15.26168215351912, 27.564932666810765, 0.0, 0.0, 1.0 
24.301226026004098, 15.867988101803938, 0.0, 0.9453336638228248, 2.7000000000000015 
12.364466548073063, 32.87080539897347, 0.0, 0.0, 1.0 
48.18326973899279, 25.708990409590626, 0.0, 0.49501230402924074, 2.7000000000000015 
59.900463915230986, 38.60024911428363, 0.0, 4.703512516787959, 1.4000000000000004 
9.684565309121323, 17.906638054337257, 0.0, 6.410064460972029, 2.7000000000000015 
12.629947562748203, 39.97591047128632, 0.0, 7.077444417734115, 2.7000000000000015 
17.071365167761666, 51.11026559286013, 0.0, 0.9268252867539493, 1.7000000000000006 
54.17982583098789, 46.03312181682046, 0.0, 2.862469384746485, 1.6000000000000005 
63.90566768772482, 21.49568763608224, 0.0, 0.0, 1.0 
47.545408057204895, 62.31362866896355, 0.0, 3.005321959365424, 2.7000000000000015 
8.321020289607516, 28.7315347574788, 0.0, 0.0, 1.0 
24.49578671332066, 6.6850808564254, 0.0, 5.838580931076408, 2.7000000000000015 
2.0189086236950535, 46.98210506202714, 0.0, 0.0, 1.0 
61.99232981774331, 5.739655862745968, 0.0, 0.09443276178167227, 2.7000000000000015 
25.10285085064457, 56.083784510605916, 0.0, 0.0, 1.0 
26.889638188330977, 55.087260186785024, 0.0, 0.0, 1.0 
62.02616344673479, 27.491251514314204, 0.0, -0.638879409346639, 2.7000000000000015 
32.35291293865781, 39.11463540323707, 0.0, 3.5555144514199983, 1.8000000000000007 
3.3870521944030325, 51.93575635195784, 0.0, 0.0, 1.0 
31.73350821682829, 15.820193847799578, 0.0, 0.6289593295805409, 2.7000000000000015 
43.54978495236755, 43.69433299633416, 0.0, 6.056773455921836, 2.7000000000000015 
7.873623040824789, 31.344867466616464, 0.0, 7.761363210212744, 2.5000000000000013 
38.86151734703055, 60.641114940166915, 0.0, 0.6043595346141752, 2.7000000000000015 
8.960332195814368, 1.442338652378672, 0.0, 6.148512422910398, 2.6000000000000014 
23.616213779929602, 34.55477844822101, 0.0, 0.0, 1.0 
40.29240868979393, 49.02825173057938, 0.0, 3.17634786826552, 2.4000000000000012 
25.185049975887928, 33.41403876521324, 0.0, 0.0, 1.0 
33.191563075359845, 62.179826603048845, 0.0, 4.044911332893934, 2.7000000000000015 
56.25043144186415, 41.46130340384022, 0.0, 4.504822076042967, 1.3000000000000003 
49.02932099066777, 27.123559184433798, 0.0, 0.23907320823603193, 2.7000000000000015 
12.230494758065358, 47.44715970255113, 0.0, 0.0, 1.0 
0.3427146734160868, 45.85988571764686, 0.0, 0.0, 1.0 
56.58055758535, 11.48635279455348, 0.0, -0.27440731461638107, 2.7000000000000015 
20.797059782178373, 53.87627879293772, 0.0, -0.07966909478770633, 2.5000000000000013 
16.46332466737851, 46.953613906175946, 0.0, 0.0, 1.0 
52.51788604375667, 50.365041696907305, 0.0, 0.0, 1.0 
43.51198301053347, 55.090179899323346, 0.0, 4.804946717448718, 2.7000000000000015 
43.54062814085652, 21.442028623270083, 0.0, 0.8353919071954419, 2.7000000000000015 
61.6173599589208, 11.52498900732499, 0.0, 0.0, 1.0 
15.972375445447424, 18.81664279238559, 0.0, 2.664869585805768, 2.7000000000000015 
62.55964207231678, 7.739595024063163, 0.0, -0.22534569756775033, 2.7000000000000015 
8.921074275546925, 47.51698499376608, 0.0, 0.0, 1.0 
24.981660919428855, 27.076401168253152, 0.0, 4.717978216601528, 1.4000000000000004 
52.428418112469956, 43.58645602159427, 0.0, 4.34940836465789, 2.6000000000000014 
2.4378738820066372, 15.749857965452904, 0.0, 5.913352345078413, 2.6000000000000014 
58.35237198376985, 56.11479143400284, 0.0, 0.0, 1.0 
27.236029252375072, 49.469036826188415, 0.0, -0.0809763899194371, 2.100000000000001 
46.05486507142795, 58.37710158680126, 0.0, 2.816698006011033, 2.7000000000000015 
57.855183399701474, 50.86338444390898, 0.0, 0.0, 1.0 
52.011115906578304, 28.481591192274394, 0.0, 0.3967804405403921, 2.7000000000000015 
28.529791063523287, 32.7743727211762, 0.0, 0.0, 1.0 
5.116546960012276, 53.039714427303664, 0.0, 0.0, 1.0 
19.424775233047786, 56.68593652984649, 0.0, 3.3039680416528014, 2.7000000000000015 
32.31491035012103, 53.30538530529418, 0.0, 0.0, 1.0 
0.2583661401973474, 7.954807280220044, 0.0, -0.48607600742775736, 2.7000000000000015 
10.718209888090884, 48.57609599605854, 0.0, 0.0, 1.0 
23.067926919628817, 30.511481384819415, 0.0, 5.319926853628195, 1.1 
11.409591713447716, 29.86061642532737, 0.0, 0.0, 1.0 
21.103454448012908, 39.135520070035724, 0.0, 0.0, 1.0 
19.98248575152162, 59.168861370615886, 0.0, 3.617342068265573, 2.7000000000000015 
27.04701969035076, 34.23320597333652, 0.0, 0.0, 1.0 
36.10945555708135, 52.54800040702258, 0.0, 3.52464008290856, 2.5000000000000013 
48.8900079817209, 60.88144334358941, 0.0, 2.9395389164168875, 2.7000000000000015 
23.548173653940133, 45.55526902140862, 0.0, 0.0, 1.0 
20.33617857577354, 62.37906882126671, 0.0, -2.670149902048932, 2.7000000000000015 
16.82293174910362, 60.57775147921499, 0.0, 0.0, 1.0 
9.396310590229277, 3.4055509430983837, 0.0, -0.5165823783189691, 2.7000000000000015 
51.511812210672126, 31.166921478035515, 0.0, 6.181496333450445, 2.6000000000000014 
26.47895219149469, 29.496424813111823, 0.0, 4.073647101418945, 2.7000000000000015 
60.69845548816329, 46.91464038890587, 0.0, 0.0, 1.0 
63.34085978909614, 36.96684470812886, 0.0, 0.0, 1.0 
35.359219381880074, 17.969727797961664, 0.0, 1.0133810580097316, 2.7000000000000015 
28.77035696422977, 7.3930616064058325, 0.0, 7.864341755369012, 2.7000000000000015 
4.668337647185792, 29.572865249413923, 0.0, 0.0, 1.0 
44.63600354352543, 42.33548189518113, 0.0, 6.34431115994796, 2.7000000000000015 
12.271046272195532, 15.101484518075353, 0.0, 0.6764201071124561, 2.7000000000000015 
62.33881728673732, 50.48350237305543, 0.0, 0.0, 1.0 
42.69943063710556, 53.454987976746665, 0.0, 5.056649929124434, 2.7000000000000015 
58.785697478082156, 35.91721755015313, 0.0, 5.7404266653601805, 2.4000000000000012 
32.95449496293404, 59.88732977866874, 0.0, 0.0, 1.0 
21.39940993149267, 29.56309450087162, 0.0, 4.969817246832803, 1.4000000000000004 
7.649808037531494, 39.950369171380835, 0.0, 0.0, 1.0 
15.801755088454474, 38.9209562529729, 0.0, 0.6474568461959407, 2.300000000000001 
62.75764472481593, 29.881657799371943, 0.0, -1.0321389693712058, 2.300000000000001 
51.82920896931325, 36.714540388700804, 0.0, 1.6832454975457896, 1.7000000000000006 
36.10424182834211, 46.19606651186171, 0.0, 3.1937809616598694, 2.7000000000000015 
26.0904064019429, 14.348707206275886, 0.0, 5.389225161236353, 2.4000000000000012 
45.13180345120681, 32.648336413835345, 0.0, 0.0, 1.0 
16.681968206635887, 42.72214358114298, 0.0, 5.807244776018779, 2.300000000000001 
29.480574955648915, 9.437320645657802, 0.0, 1.8017582425474385, 2.7000000000000015 
55.328061601974746, 53.355372914526576, 0.0, 0.0, 1.0 
23.034417543323862, 51.24534852128641, 0.0, -0.039201831743372724, 2.5000000000000013 
19.579303088893074, 35.55061809978952, 0.0, 0.0, 1.0 
59.16667694424736, 52.20325730421998, 0.0, 0.0, 1.0 
58.59556659710983, 20.52982676892253, 0.0, 5.144870805272439, 2.7000000000000015 
53.334249614400555, 27.83486907004796, 0.0, 0.4941115340051378, 2.7000000000000015 
5.211135577245901, 4.2960529855642875, 0.0, 5.632715571111231, 2.5000000000000013 
28.6963214692621, 42.27890280365835, 0.0, 0.0, 1.0 
30.469636579306634, 33.217940234938546, 0.0, 0.0, 1.0 
15.461801776634282, 12.078070326892922, 0.0, 0.0, 1.0 
58.845971043116485, 44.869214731175994, 0.0, 3.75671417122791, 1.2000000000000002 
56.84851903008477, 7.115515785329065, 0.0, 0.36958034914760923, 2.7000000000000015 
13.980466067149456, 29.171190606449958, 0.0, 0.0, 1.0 
25.936738517696114, 59.02605907129359, 0.0, 7.205607776810157, 2.7000000000000015 
2.6355527833354184, 25.68213439621517, 0.0, 0.0, 1.0 
49.27544359608092, 49.50522924662567, 0.0, 1.0861368299508634, 2.7000000000000015 
51.165059106989915, 1.6681414473727736, 0.0, 6.008848956681311, 2.7000000000000015 
39.21152189638114, 27.679146338270375, 0.0, -0.05717349446595088, 2.7000000000000015 
3.5581992300204806, 49.99725923416835, 0.0, 0.0, 1.0 
13.629525210413227, 26.602277835135848, 0.0, 0.0, 1.0 
25.97967108892359, 39.74273886888685, 0.0, 0.0, 1.0 
3.7575545140393207, 18.731691008469234, 0.0, 0.0, 1.0 
50.53905512300429, 24.33971961053777, 0.0, 0.0, 1.0 
25.105909341893003, 17.94375263668403, 0.0, -0.6280756996441101, 2.6000000000000014 
39.406977556466295, 47.75441400525335, 0.0, 2.828979696248114, 2.4000000000000012 
10.869493334613368, 24.443839299147758, 0.0, 2.836608116029451, 2.6000000000000014 
34.49329532330432, 15.218108018408843, 0.0, 1.0773820090144495, 2.7000000000000015 
20.21871821069725, 4.958560291675347, 0.0, -0.8146827124792181, 2.7000000000000015 
29.53546648497969, 49.68551659498477, 0.0, 0.0, 1.0 
19.020046320732217, 50.99389839901093, 0.0, 0.0, 1.0 
57.49238566877714, 9.206202314216124, 0.0, 0.004344351483736704, 2.7000000000000015 
34.14884448430704, 34.79225813182071, 0.0, 0.0, 1.0 
40.324552433551375, 21.83090234059156, 0.0, 0.18981721598620632, 2.7000000000000015 
31.657252201557718, 24.862752750152897, 0.0, 6.222085760900362, 2.7000000000000015 
51.97246818507337, 20.450043328850636, 0.0, 5.855125959721162, 2.7000000000000015 
2.369451677350207, 63.59688412183326, 0.0, 0.0, 1.0 
11.26535160140776, 60.691971633028636, 0.0, 1.4614086632187249, 2.7000000000000015 
5.162548491019686, 14.667346451885505, 0.0, 6.352081378899586, 2.7000000000000015 
16.497367550659312, 0.13665033213041453, 0.0, 0.42481009673046366, 2.6000000000000014 
33.284909424314776, 26.838400413773975, 0.0, 6.2645844531347885, 2.7000000000000015 
6.960581748757421, 5.4308903990527275, 0.0, -0.6064948779114393, 2.7000000000000015 
48.99879415702307, 57.58066520095882, 0.0, 3.1560894405353306, 1.7000000000000006 
60.33860594644856, 50.773878397167756, 0.0, 0.0, 1.0 
22.593103813032712, 54.83594261827454, 0.0, 0.0, 1.0 
46.60085586659531, 10.798971466748846, 0.0, 5.432500246162164, 2.7000000000000015 
4.954579537024189, 41.81149264992943, 0.0, 0.0, 1.0 
51.340234917385295, 14.987227078631456, 0.0, 6.057059437491617, 2.7000000000000015 
15.4396158590845, 1.5053647332284252, 0.0, 0.34114583706724466, 2.6000000000000014 
37.3743260637376, 26.634065982099536, 0.0, 0.019130691963828134, 2.7000000000000015 
9.209305245230684, 32.401181390101534, 0.0, 0.0, 1.0 
53.732559739722824, 24.258045301408544, 0.0, 0.8909388365711762, 2.7000000000000015 
32.391982102247866, 18.622883901187965, 0.0, 0.6580537408779485, 2.7000000000000015 
4.847137794385697, 58.89216637128014, 0.0, 0.0, 1.0 
0.12602958267239608, 32.814620815311315, 0.0, 0.0, 1.0 
6.257906894024117, 63.40663911207826, 0.0, 0.0, 1.0 
0.6491963943131345, 62.47495268891247, 0.0, 0.0, 1.0 
17.04756122169237, 28.38492489866557, 0.0, 0.0, 1.0 
5.993768658823788, 21.4728303598838, 0.0, 0.0, 1.0 
35.07090558796743, 59.05340704217167, 0.0, 3.9250332996805417, 2.7000000000000015 
2.6831644057968322, 21.885986601424072, 0.0, 0.0, 1.0 
44.647933275184585, 61.015699738339244, 0.0, -2.712866172448403, 2.7000000000000015 
38.86837097027528, 24.079871749796617, 0.0, 6.272269463882931, 2.7000000000000015 
59.02046618521887, 5.7946177646070085, 0.0, 0.36813368035120836, 2.7000000000000015 
26.725922201034606, 15.866288230711971, 0.0, 5.8871445601641375, 2.000000000000001 
7.028836404168404, 41.88510385237881, 0.0, 0.0, 1.0 
49.538830548499696, 32.89481617657824, 0.0, 5.59124946651489, 1.5000000000000004 
60.98683285503972, 45.00420054270423, 0.0, 0.0, 1.0 
22.217776293822524, 15.453934108480912, 0.0, 5.08386670123161, 1.1 
11.84895551743193, 7.162157073039231, 0.0, 0.0, 1.0 
64.08716044861974, 27.616910241489165, 0.0, 0.0, 1.0 
60.65215597144168, 26.363545598837774, 0.0, 0.0, 1.0 
51.70384335406756, 19.020098792009385, 0.0, 0.06660234911218345, 2.7000000000000015 
31.704191944840733, 23.571032499193215, 0.0, 6.2197404116025705, 2.4000000000000012 
1.0358983016768804, 20.637484498650288, 0.0, 0.0, 1.0 
23.936051134259948, 10.145376938349512, 0.0, 4.795893606637195, 2.7000000000000015 
60.87646912782204, 36.6827978277949, 0.0, -0.00080752855198493, 1.9000000000000008 
17.09558285408833, 24.36224665029937, 0.0, 0.0, 1.0 
35.90624996169527, 57.981207392536874, 0.0, 1.0161499151836084, 2.7000000000000015 
63.76354142389481, 23.528544406566542, 0.0, 0.0, 1.0 
31.644477647139173, 44.91315320097265, 0.0, 3.037208284526087, 2.100000000000001 
43.4178014159204, 25.180805638654196, 0.0, 0.11573565629919196, 2.7000000000000015 
38.5535368306345, 41.93890677815594, 0.0, 6.057191851502703, 2.7000000000000015 
7.456894129697, 26.313416176718206, 0.0, 2.610736710921779, 2.7000000000000015 
36.20107199786467, 34.869217530405464, 0.0, 0.0, 1.0 
9.853639960858418, 10.387597918665769, 0.0, 0.0, 1.0 
32.19242106549163, 55.42126307822014, 0.0, 2.782784648025202, 1.6000000000000005 
42.45528898307427, 36.78645653869989, 0.0, 0.0, 1.0 
10.468113020136633, 19.25472399489773, 0.0, 0.0, 1.0 
8.967748781720392, 24.331399664152894, 0.0, 0.0, 1.0 
40.79818572104017, 36.06526184419998, 0.0, 0.0, 1.0 
59.960569711912825, 43.25690842227692, 0.0, 0.0, 1.0 
25.229609932610177, 21.59125097134715, 0.0, -0.571212882495077, 2.7000000000000015 
40.645745474922556, 25.347230566070746, 0.0, 0.21878544687280324, 2.7000000000000015 
9.285485262967587, 39.35639035644647, 0.0, 0.9388533650398093, 2.7000000000000015 
53.6952515663627, 9.496138753202294, 0.0, 5.663914630197011, 2.7000000000000015 
51.40837170444212, 54.417309152306004, 0.0, 0.0, 1.0 
40.01194388352282, 34.302828692500306, 0.0, 0.0, 1.0 
54.33126896872159, 39.80228529733652, 0.0, 4.073290923369645, 1.8000000000000007 
42.546962299063914, 45.96305244315866, 0.0, 4.110069730026024, 2.7000000000000015 
23.21844264071379, 32.555935735618576, 0.0, 0.0, 1.0 
12.697343151020995, 5.07421418686571, 0.0, -0.6653784353911616, 2.7000000000000015 
10.34494952883758, 28.478724516679204, 0.0, 0.0, 1.0 
14.924829723492262, 40.816478480127735, 0.0, 0.6414473578965727, 2.6000000000000014 
44.15570243629867, 52.443290248467164, 0.0, 4.447241090596805, 2.5000000000000013 
7.005332231320362, 25.114134618193244, 0.0, 2.122350587360338, 2.200000000000001 
14.958474404595005, 47.45515927971765, 0.0, 0.0, 1.0 
54.82487887451225, 55.43292694195851, 0.0, 4.897166246337684, 1.1 
20.68018036553567, 19.583654847935104, 0.0, 0.6816180743973826, 2.7000000000000015 
22.513947566966163, 6.446342969681167, 0.0, -0.4151542307943547, 2.7000000000000015 
7.54414656533148, 36.26399298577172, 0.0, 0.9811405754479368, 2.100000000000001 
10.278492065970354, 42.543323451217766, 0.0, 0.0, 1.0 
27.80187758473891, 40.12124581210135, 0.0, 0.0, 1.0 
45.59218383411415, 37.7835988912786, 0.0, 3.5306888781027865, 2.7000000000000015 
56.770863911899944, 54.7886725580479, 0.0, 0.0, 1.0 
61.01283505716312, 62.15043259457423, 0.0, 0.0, 1.0 
28.18207375606711, 46.28958639554441, 0.0, 0.0, 1.0 
61.5064888816462, 60.27387479674732, 0.0, 0.0, 1.0 
61.20321171405224, 6.977135997949741, 0.0, -0.16539085958734098, 2.7000000000000015 
60.57799616677585, 14.255100648993832, 0.0, -0.30894017559241926, 2.7000000000000015 
1.305621821837242, 56.7263042473795, 0.0, 0.0, 1.0 
34.862776372585344, 42.68284582811191, 0.0, 0.0, 1.0 
36.182986824550355, 9.020777571389164, 0.0, 1.6045097656597527, 2.7000000000000015 
47.617337803236005, 46.453129101700426, 0.0, 0.5239704469111168, 2.7000000000000015 
64.21417967939382, 49.63508305764204, 0.0, 0.0, 1.0 
8.943995224721132, 41.27497746440013, 0.0, 0.0, 1.0 
23.17172235059847, 17.30548743241981, 0.0, 0.0, 1.0 
7.127947576824609, 38.17361677452157, 0.0, 0.0, 1.0 
40.05495075757244, 30.813192754632198, 0.0, 0.0, 1.0 
9.090535889573422, 27.010983470486757, 0.0, 0.0, 1.0 
45.84858364057379, 21.873930317308957, 0.0, 0.4661299473974843, 2.4000000000000012 
13.653244417165707, 46.26336073672512, 0.0, 0.0, 1.0 
6.590200599659734, 8.73494787547931, 0.0, 0.0, 1.0 
34.45484691078461, 22.596565948406763, 0.0, -0.1441009195458091, 2.7000000000000015 
5.411842124559957, 17.481118860242624, 0.0, 0.0, 1.0 
59.26008420996132, 61.02194597119808, 0.0, 0.0, 1.0 
3.84838194071092, 46.09190739825811, 0.0, 0.0, 1.0 
4.174675380331847, 0.17900111561893856, 0.0, 0.0, 1.0 
3.817721324617667, 16.85173985130961, 0.0, 0.0, 1.0 
18.7862516217967, 52.92309174558063, 0.0, 0.0, 1.0 
14.987913311217545, 50.360439484259125, 0.0, 1.705837504593721, 1.3000000000000003 
44.508141909170426, 36.11726222616121, 0.0, 0.0, 1.0 
54.41022407224365, 49.62746498183263, 0.0, 0.0, 1.0 
1.3962579861413034, 54.71995985454695, 0.0, 0.0, 1.0 
34.45631757365957, 9.505474942972862, 0.0, 2.33800534229037, 1.2000000000000002 
22.388502022194228, 23.425817140509086, 0.0, 0.967864242684685, 1.1 
63.95950133123846, 19.12030858618083, 0.0, 0.0, 1.0 
30.327224500367755, 55.19991420689881, 0.0, 2.165889200920239, 2.7000000000000015 
60.934077838776176, 16.962361023537273, 0.0, 5.828531928247813, 2.7000000000000015 
4.498403185768823, 1.4941274216502753, 0.0, -0.22297477216250744, 2.7000000000000015 
58.73608044597719, 32.91302713654527, 0.0, -0.8748746379576724, 2.7000000000000015 
63.20249310141642, 61.364535744465144, 0.0, 0.0, 1.0 
55.48260099891666, 25.869469557468637, 0.0, 0.0, 1.0 
36.11504422321825, 1.5893803358194856, 0.0, 3.1600936006516998, 2.7000000000000015 
51.49334154246848, 39.78830130964337, 0.0, 1.5896580216611425, 2.7000000000000015 
14.913479084305544, 37.04423846697995, 0.0, 0.0, 1.0 
58.233914906651655, 28.217399440665364, 0.0, 0.0, 1.0 
22.176057519931756, 57.61623798164214, 0.0, 3.2799432405940054, 2.7000000000000015 
6.7282118650478155, 32.55498873860245, 0.0, 0.0, 1.0 
4.356736429678077, 20.694470488348912, 0.0, 0.0, 1.0 
37.69289494566661, 20.73979166380637, 0.0, 0.1479428796343814, 2.7000000000000015 
21.72665742282938, 46.196086038187026, 0.0, 0.0, 1.0 
57.36426474262615, 14.952330726804973, 0.0, 0.10467877982274065, 2.7000000000000015 
7.416050526051917, 0.5445412650593613, 0.0, -0.06876113004395701, 2.7000000000000015 
9.966097550938665, 59.85834445137673, 0.0, 1.3151724506147104, 2.6000000000000014 
33.74570678596318, 52.35077267026972, 0.0, 3.9740263742354895, 2.7000000000000015 
5.520341134144492, 25.774458449310153, 0.0, 2.1182075454057974, 2.6000000000000014 
15.207593603776315, 17.832125367788795, 0.0, -0.4286410918271555, 1.4000000000000004 
10.212154489224261, 53.17636954335174, 0.0, 6.2009584751702596, 1.2000000000000002 
63.29823858535194, 10.947052054311081, 0.0, 0.0, 1.0 
18.39338747077596, 36.88135862360571, 0.0, 0.0, 1.0 
29.06642514600445, 34.782314781693735, 0.0, 0.0, 1.0 
15.57971037650726, 61.59019750480121, 0.0, 0.19722782896884286, 2.6000000000000014 
48.076667484153084, 34.8420455886881, 0.0, 1.309515994183763, 1.2000000000000002 
3.859895419015034, 12.415440559898487, 0.0, 0.1413872893181897, 2.7000000000000015 
8.89593141465829, 51.60475207811052, 0.0, 0.0, 1.0 
11.391044243042309, 40.271901433854644, 0.0, 0.6946055648044118, 2.7000000000000015 
53.760369278664186, 1.6732648506651757, 0.0, 1.1578543329843503, 1.2000000000000002 
19.5902494859999, 31.15064865705559, 0.0, 0.0, 1.0 
60.789126178293984, 1.800839817265072, 0.0, 0.0, 1.0 
21.73642382324003, 33.91032857179376, 0.0, 0.0, 1.0 
60.78505020839051, 3.752536693225527, 0.0, 0.0, 1.0 
27.677687428655894, 12.584070666209046, 0.0, 7.772674757418508, 2.7000000000000015 
37.169777785334034, 29.141378975464963, 0.0, 0.0, 1.0 
14.628117036867126, 22.12168349383849, 0.0, 0.0, 1.0 
6.704776975075728, 57.58202876534565, 0.0, 0.0, 1.0 
30.6097019930153, 39.60154103295561, 0.0, 0.0, 1.0 
63.71754546526649, 57.58290220874526, 0.0, 0.0, 1.0 
11.764449902263603, 10.866686007347875, 0.0, 0.0, 1.0 
14.364520305358973, 3.0461130342793115, 0.0, -0.3758574501229678, 2.7000000000000015 
12.05970863778066, 18.953475056737396, 0.0, 0.0, 1.0 
41.426022120277786, 13.525215731798529, 0.0, 0.5681715987023731, 2.7000000000000015 
41.65388563830443, 20.79336465037033, 0.0, 0.918769633115145, 2.7000000000000015 
34.47538631818979, 23.893930773494663, 0.0, 6.062684692893439, 2.7000000000000015 
33.765907730015215, 11.863536724599813, 0.0, 4.4377875721749, 2.5000000000000013 
11.087221030769525, 15.45140847694319, 0.0, 6.85544617750497, 2.7000000000000015 
35.94729355734055, 41.203904160711126, 0.0, 0.0, 1.0 
27.47203379515096, 44.78601387197283, 0.0, 3.1408083193718537, 2.7000000000000015 
55.85337005066649, 51.33513068077317, 0.0, 0.0, 1.0 
10.232903752574487, 20.99784385815246, 0.0, 8.756389195052181, 2.7000000000000015 
19.88274573320812, 48.777774961932984, 0.0, 0.0, 1.0 
33.30504891225498, 6.50366272825279, 0.0, 1.9535529989121982, 2.7000000000000015 
5.119530198582669, 38.3784636028114, 0.0, 0.0, 1.0 
29.95663821222961, 57.30508193763374, 0.0, 2.335742225127445, 2.5000000000000013 
31.63972687742676, 9.785088528704772, 0.0, 4.67748807694621, 2.7000000000000015 
30.70586095701447, 50.903101353946646, 0.0, 0.0, 1.0 
2.7878933919060658, 6.381933279594514, 0.0, 5.599063850559355, 2.6000000000000014 
42.049943173978846, 34.379469090538684, 0.0, 0.0, 1.0 
52.15128798122947, 60.129526925411284, 0.0, 4.727884353402715, 1.4000000000000004 
57.083123835864434, 3.8234299974158805, 0.0, 2.744658877728112, 1.2000000000000002 
17.471263111165218, 3.7976208925220885, 0.0, -0.46734674091856765, 2.7000000000000015 
58.0135759221169, 58.06852455169617, 0.0, 0.0, 1.0 
12.917402935468031, 60.72912180270118, 0.0, 1.1952866773247763, 1.1 
26.56077706778262, 46.14960475325763, 0.0, 0.0, 1.0 
26.75552204017186, 57.13057526178594, 0.0, 0.0, 1.0 
14.63352966355884, 13.769782774133851, 0.0, 0.0, 1.0 
53.63479555135501, 11.187745383871544, 0.0, -0.8783728515788036, 2.7000000000000015 
3.2541909713534993, 53.88073380085686, 0.0, 0.0, 1.0 
48.2041908274397, 2.925085906241848, 0.0, 0.694216132467911, 2.7000000000000015 
13.213299795242287, 36.227496713297036, 0.0, 0.0, 1.0 
4.634156654211046, 27.94234651961917, 0.0, 2.4565616349038786, 2.7000000000000015 
