position_x,position_y,position_z,orientation,aspect_ratio
19.057696420602888, 60.544601844476155, 0.0, 0.0, 1.0 
30.655310595907384, 2.253197195113548, 0.0, 6.2462350118757195, 2.200000000000001 
36.72808149826408, 49.204841484379436, 0.0, 0.0, 1.0 
14.724019782113881, 55.331851718004295, 0.0, 0.0, 1.0 
6.944865364022166, 42.061384270051725, 0.0, 0.0, 1.0 
56.04539310369583, 22.698885130761813, 0.0, 5.5943779818966775, 2.7000000000000015 
24.49786974303508, 60.015261781521325, 0.0, 0.0, 1.0 
6.1949163026448915, 9.214926717544982, 0.0, 4.659256295283266, 2.7000000000000015 
22.595792481092317, 22.651846842164243, 0.0, 0.0, 1.0 
2.94999920928238, 50.02823200406827, 0.0, 4.325841863431668, 2.7000000000000015 
60.972873744252745, 1.4442885059587072, 0.0, 2.971561521479783, 2.7000000000000015 
44.11200647627483, 3.4197141729689076, 0.0, 3.2407468422105645, 2.7000000000000015 
25.107008158849652, 25.51927732575574, 0.0, 0.0, 1.0 
36.288099926188465, 43.91140408984065, 0.0, 3.04109215134092, 2.7000000000000015 
32.0052118461933, 43.1834661979019, 0.0, 2.7939148392722415, 2.7000000000000015 
30.982925623916522, 50.453368098907305, 0.0, 3.4969789859859177, 2.7000000000000015 
41.31516492207142, 35.84350961102539, 0.0, 2.558588415539102, 2.7000000000000015 
5.8267037223938125, 49.570165296009066, 0.0, 4.237430575185552, 2.7000000000000015 
23.001281710367742, 46.83409073323081, 0.0, 0.0, 1.0 
38.297049476309326, 12.826505095101009, 0.0, 0.37163924451227465, 2.7000000000000015 
22.691283009248504, 60.528814983674664, 0.0, 0.0, 1.0 
9.974119242247514, 4.230415668845984, 0.0, 4.201632283509489, 2.7000000000000015 
26.742301565659275, 50.89547566047278, 0.0, 2.5219971832753285, 2.000000000000001 
6.837691947432515, 48.991865163068134, 0.0, 3.817404536420816, 2.7000000000000015 
32.03849543000867, 6.8086307272595885, 0.0, 0.0, 1.0 
53.06561045228594, 36.745958226195555, 0.0, 2.946687861075411, 2.7000000000000015 
51.40478555293565, 41.67400610069456, 0.0, 2.9962437088349527, 2.7000000000000015 
24.647700662447342, 27.513554724671863, 0.0, 3.863107340995589, 2.7000000000000015 
50.742127951324576, 56.58775878317422, 0.0, 3.8186133410447924, 2.7000000000000015 
57.12483696541622, 57.70831340892751, 0.0, 3.376703167502901, 2.7000000000000015 
36.72109782690532, 38.0224769249009, 0.0, 2.4171145405140706, 2.5000000000000013 
57.114508380479236, 18.937485019254186, 0.0, 7.358562438548517, 2.7000000000000015 
52.64073226426905, 56.10843516618955, 0.0, 3.3733367009358473, 2.7000000000000015 
21.5374970975179, 10.248539281895429, 0.0, 0.0, 1.0 
37.265968886161616, 58.25883087655927, 0.0, 2.6810922388237244, 2.7000000000000015 
17.12028311742686, 9.812128816563822, 0.0, 4.32341844511635, 2.7000000000000015 
10.784252476794414, 19.350712165407273, 0.0, 4.480531392352371, 2.7000000000000015 
38.7430270737313, 29.027051993508397, 0.0, 0.0, 1.0 
16.911991638774758, 63.70510714215168, 0.0, 4.265709640256247, 2.7000000000000015 
29.140400946235, 42.64283858720178, 0.0, 9.092608082089281, 2.6000000000000014 
14.770458229257038, 63.90256779564283, 0.0, 4.67548512118442, 2.7000000000000015 
19.478233101784244, 26.954410536373288, 0.0, 0.0, 1.0 
12.890429002229398, 54.398637920160944, 0.0, 4.123175435478816, 2.7000000000000015 
8.458065943460255, 60.13027035142822, 0.0, 4.732601567039772, 2.7000000000000015 
30.696094652753246, 53.900765033668705, 0.0, 3.5951574991733253, 2.100000000000001 
10.432163192267558, 7.2507586303507106, 0.0, 4.576607408245741, 2.7000000000000015 
20.526891157190317, 53.26894234703016, 0.0, 2.4450954636901616, 2.4000000000000012 
57.953295297967394, 60.73874759964923, 0.0, 3.748830714003364, 2.7000000000000015 
31.942247509270217, 34.76862846690992, 0.0, 0.0, 1.0 
55.4513636777466, 3.3348948051679748, 0.0, 0.0, 1.0 
18.9213994609312, 53.14284558391651, 0.0, 0.0, 1.0 
13.8937022215911, 16.612882394551324, 0.0, 0.0, 1.0 
7.1926630142851495, 4.612455221985527, 0.0, 4.773753862824344, 2.7000000000000015 
12.541551746880906, 33.477825932272964, 0.0, 4.360973690051424, 2.7000000000000015 
40.463684582947344, 58.47701936359666, 0.0, 5.1018842289206585, 2.000000000000001 
0.8115669818464007, 57.19772604826665, 0.0, 0.0, 1.0 
37.45736536276912, 61.793285251896556, 0.0, 2.0987864699358902, 2.7000000000000015 
32.76921603358723, 27.889460909657416, 0.0, 2.732174319891277, 2.7000000000000015 
16.358820595259186, 11.22478490253924, 0.0, 4.405702377400893, 2.7000000000000015 
37.0879657198847, 7.222148992991657, 0.0, 0.0, 1.0 
29.742586239711223, 28.956386173973357, 0.0, 2.703274804587702, 2.7000000000000015 
4.802898696901563, 6.039366036054024, 0.0, 5.012038836382616, 2.7000000000000015 
8.653550387980554, 44.92064130440051, 0.0, 0.0, 1.0 
14.007731913185367, 25.09100862981004, 0.0, 4.279341505144166, 2.7000000000000015 
45.14914866280743, 44.91774688925985, 0.0, 2.9428071380211036, 2.7000000000000015 
41.97502919027638, 55.562408607337666, 0.0, 6.8428508744335135, 2.7000000000000015 
54.39714406258332, 7.7885401417909375, 0.0, 4.962989517705166, 2.7000000000000015 
6.525454366004694, 25.445413844970478, 0.0, 5.391259804404174, 2.5000000000000013 
48.418541306744785, 52.23646229541098, 0.0, 3.775620835865279, 2.7000000000000015 
2.817120349206403, 42.883086640681874, 0.0, 3.6205216216941767, 2.6000000000000014 
44.00134925545923, 25.536439207113016, 0.0, 5.80015231944068, 2.4000000000000012 
4.5316203359350355, 26.10406858080839, 0.0, 0.0, 1.0 
13.152280807395211, 44.00682400621449, 0.0, 0.0, 1.0 
17.081448848829893, 25.46844355906194, 0.0, 0.0, 1.0 
53.808991285484694, 57.449167229520945, 0.0, 3.2579917518733046, 2.7000000000000015 
24.02906403892686, 35.618107032197315, 0.0, 0.6356136476723585, 2.7000000000000015 
19.589804065955565, 29.010335775089132, 0.0, 0.0, 1.0 
25.63903317867204, 20.652770080898048, 0.0, 3.378130659910003, 2.5000000000000013 
12.809629194201943, 0.9767338818313241, 0.0, 4.848867768952214, 2.7000000000000015 
44.92267084705479, 26.892280648212882, 0.0, 3.231592372747891, 2.6000000000000014 
39.95105096099104, 62.15736235505873, 0.0, 2.4941644488702703, 2.7000000000000015 
21.195608960720207, 28.02843316787566, 0.0, 0.0, 1.0 
22.216764240699653, 32.536626678378234, 0.0, 1.671889406550616, 2.7000000000000015 
41.67069415076807, 44.590798955031616, 0.0, 3.2528763750638783, 2.7000000000000015 
52.70799365135843, 34.49449099569029, 0.0, 2.6529899365209486, 2.7000000000000015 
14.474079128932033, 28.260820519102015, 0.0, 5.100826681043319, 2.7000000000000015 
53.22123556723438, 17.82011023363813, 0.0, 6.055435734131814, 2.7000000000000015 
29.355763026458558, 17.983316836266013, 0.0, 5.001842519928092, 1.3000000000000003 
35.59765972250708, 14.100648130308555, 0.0, 0.7234416164896066, 2.7000000000000015 
23.067748830511324, 63.41398935548069, 0.0, 0.0, 1.0 
58.63844772748386, 18.017831830618064, 0.0, 3.455078234964855, 2.7000000000000015 
32.887787786711215, 37.949092121965954, 0.0, 2.6944635653266964, 2.7000000000000015 
39.982593624118145, 46.68245853598826, 0.0, 3.182309481994769, 2.7000000000000015 
3.614543660595382, 41.760921525603415, 0.0, 0.0, 1.0 
61.99843360234768, 33.66120104666057, 0.0, 1.0769716786353625, 2.4000000000000012 
38.797824225065035, 47.638486737899804, 0.0, 3.4782008078512208, 2.7000000000000015 
14.154529609914576, 60.656855604888925, 0.0, 4.547150462802576, 2.7000000000000015 
54.65547500966781, 42.14152129436735, 0.0, 2.1520805659027276, 2.6000000000000014 
25.614077747592134, 61.58425739312493, 0.0, 0.0, 1.0 
10.029861020367482, 22.561716564687515, 0.0, 4.378022118669998, 2.7000000000000015 
37.56823168057432, 55.83668757209612, 0.0, 0.0, 1.0 
44.37967202666742, 43.90725784007504, 0.0, 3.0501822424465357, 2.7000000000000015 
10.540476334253874, 32.644539582437496, 0.0, 4.854117950605742, 2.7000000000000015 
28.293689633005574, 1.2710886333560842, 0.0, 0.5354886608928713, 1.4000000000000004 
18.7334556285652, 40.31538522970099, 0.0, 3.0806774887705273, 2.7000000000000015 
61.451291264684706, 30.84202179651434, 0.0, 1.849587563649204, 2.7000000000000015 
19.419683879467595, 57.22402355314469, 0.0, 2.944846492231129, 2.7000000000000015 
27.539308861841246, 32.30941910920394, 0.0, 3.5203776916147227, 2.7000000000000015 
29.691947298627515, 44.72446240587703, 0.0, 2.8371023050730675, 2.7000000000000015 
18.466994970157685, 63.64286689569533, 0.0, 0.0, 1.0 
4.382409998976524, 45.52332178020792, 0.0, 3.6279219217142438, 2.6000000000000014 
18.541291167817644, 55.15267179749676, 0.0, 0.0, 1.0 
48.84615703503481, 24.947774771804376, 0.0, 5.840170146974186, 2.7000000000000015 
11.084378277871224, 22.421825314502392, 0.0, 4.3980029444473265, 2.7000000000000015 
32.96454985925328, 44.16178644080838, 0.0, 3.148928239988583, 2.7000000000000015 
19.93870777300674, 19.638525890567834, 0.0, 3.691702234056856, 2.6000000000000014 
38.936750871418326, 22.68108185803546, 0.0, 2.357112764393984, 2.7000000000000015 
52.62632806048493, 9.914994004222736, 0.0, 5.227569142725507, 2.7000000000000015 
64.26997860393729, 30.628608385909185, 0.0, 2.036828235809902, 2.7000000000000015 
51.02611411199276, 26.53460569598401, 0.0, 3.186463158759376, 2.7000000000000015 
11.615986928191878, 2.8587661995399483, 0.0, 4.783930904570642, 2.7000000000000015 
44.070526154446235, 29.832937983150163, 0.0, 3.277606031141502, 1.2000000000000002 
23.405759144627986, 7.332939061125471, 0.0, 0.0, 1.0 
43.73069264657896, 49.04454924772452, 0.0, 3.39574983651883, 2.7000000000000015 
27.708510932075896, 14.524904812594754, 0.0, 0.0, 1.0 
6.963956226914804, 35.509436042462085, 0.0, 4.210669122506228, 2.7000000000000015 
48.569689483545645, 14.340518129158454, 0.0, 5.154631289471593, 2.7000000000000015 
36.73940351348078, 5.208153024168153, 0.0, 0.0, 1.0 
33.14937509746216, 59.406385965717774, 0.0, 4.294578052842059, 2.7000000000000015 
7.9213731154485245, 23.93461323395884, 0.0, 4.731139643616225, 2.7000000000000015 
62.69232861290796, 53.432626656796614, 0.0, 0.7223118847172803, 1.5000000000000004 
27.178497026391046, 44.34724635946919, 0.0, 2.689999800635792, 2.7000000000000015 
31.41540776989165, 17.21426858611719, 0.0, 5.080483583066156, 2.000000000000001 
16.848973471935146, 56.04747099907533, 0.0, 2.4602700362118197, 2.5000000000000013 
29.688658726024354, 23.182650381777698, 0.0, 3.0278259752410497, 2.7000000000000015 
15.678395656382232, 21.829987265927368, 0.0, 0.0, 1.0 
44.90801471809262, 48.28773410161494, 0.0, 3.453861971075324, 2.7000000000000015 
46.22776219790698, 17.816342254698256, 0.0, 4.959112992374834, 2.7000000000000015 
27.32217691805631, 18.01804637315564, 0.0, 5.9896768609740585, 1.2000000000000002 
27.31948413443027, 61.93775695949399, 0.0, 0.0, 1.0 
26.256338617079358, 4.050275371299976, 0.0, 5.9364993119236935, 1.2000000000000002 
39.07840348436599, 51.88229690435923, 0.0, 3.4089494100534026, 2.7000000000000015 
17.681769518089325, 42.230164532047, 0.0, 3.691129504322861, 2.7000000000000015 
42.63312717963925, 14.695722343925787, 0.0, 1.0789887670730822, 2.7000000000000015 
4.059956625514169, 2.8638983316802977, 0.0, 5.610785003916613, 2.7000000000000015 
3.540514368220394, 24.4788222104372, 0.0, 0.0, 1.0 
34.67551021548744, 18.62634299116422, 0.0, 0.5107078636996963, 1.4000000000000004 
32.1760984871001, 51.90373479730749, 0.0, 3.3525330074080903, 2.7000000000000015 
47.21098786827148, 18.993846404383326, 0.0, 4.931755656674275, 2.7000000000000015 
20.943266618706215, 49.309050896727015, 0.0, 0.0, 1.0 
9.122686160256698, 16.67439852597219, 0.0, 4.164533538027472, 2.7000000000000015 
59.14876128666301, 36.62257260722207, 0.0, 2.090473154479885, 2.7000000000000015 
38.701234418627415, 30.824668114735957, 0.0, 2.721548450916775, 2.7000000000000015 
26.344463611422004, 59.650008595229444, 0.0, 0.0, 1.0 
13.127193396794912, 59.87748866710558, 0.0, 4.533514295452898, 2.6000000000000014 
19.05139248509364, 4.240033661935738, 0.0, 0.0, 1.0 
33.21399031457813, 48.286943080453085, 0.0, 0.0, 1.0 
17.940768709381313, 59.37310887678037, 0.0, 0.0, 1.0 
55.638756927871846, 12.842731808476568, 0.0, 6.406545785362104, 2.7000000000000015 
20.836579522392057, 3.1554707698031685, 0.0, 0.0, 1.0 
44.589940299842986, 38.26973980301699, 0.0, 2.7497753989757503, 2.7000000000000015 
28.130774925925007, 40.058961373247726, 0.0, 2.4577650773191766, 2.100000000000001 
24.394884874637768, 23.596741721601763, 0.0, 0.0, 1.0 
11.77149300201906, 40.88216542393455, 0.0, 0.0, 1.0 
59.94509375128003, 5.53439906404469, 0.0, 3.3427741213570425, 1.7000000000000006 
8.515102077374872, 63.27518602561351, 0.0, 4.968496657616709, 2.7000000000000015 
49.68422267830403, 32.386129020676265, 0.0, 2.543832994143115, 2.7000000000000015 
41.684258371865084, 33.57153926614106, 0.0, 0.0, 1.0 
0.03910529891267686, 44.76900557347494, 0.0, 4.099574014258844, 2.7000000000000015 
55.82620090594523, 62.2872377437235, 0.0, 4.157400033548478, 2.7000000000000015 
7.882450744381457, 50.78135388591382, 0.0, 4.045494238586728, 2.7000000000000015 
28.060809153718186, 60.13870369363237, 0.0, 0.0, 1.0 
18.177896675626524, 51.25106797507216, 0.0, 0.0, 1.0 
28.337897507681944, 20.034458382892954, 0.0, 3.811692314009773, 2.100000000000001 
24.258966513324587, 46.53462441686161, 0.0, 3.684571879415854, 2.7000000000000015 
19.845523840958442, 55.060409808634176, 0.0, 2.261968742022377, 1.9000000000000008 
31.310793981063437, 47.754160438107434, 0.0, 0.0, 1.0 
4.463176293727521, 44.411473718732836, 0.0, 3.4592397637770738, 2.5000000000000013 
13.230518114633462, 14.68233413530089, 0.0, 0.0, 1.0 
17.634025555604545, 35.8920739523842, 0.0, 0.0, 1.0 
40.243033578489374, 41.15203953069785, 0.0, 3.3194109511998344, 2.7000000000000015 
49.43608955454411, 10.630158212393052, 0.0, 0.5067396958280581, 2.7000000000000015 
17.310976109763757, 60.89348112457123, 0.0, 0.0, 1.0 
31.701055381824464, 46.65757258775137, 0.0, 3.2623681602950327, 2.7000000000000015 
3.427741893489179, 59.76530301844405, 0.0, 0.0, 1.0 
4.2952003749453995, 14.384751795912866, 0.0, 4.346479252842403, 2.7000000000000015 
23.20899689857687, 11.427073843553382, 0.0, 2.1978189741935057, 1.3000000000000003 
8.969704209811727, 1.3879816661980715, 0.0, 4.604067890888083, 2.7000000000000015 
27.2709838053271, 63.82453292628885, 0.0, 6.007093263469053, 1.5000000000000004 
60.82053342019107, 52.131876740481935, 0.0, 1.3071425557016543, 2.7000000000000015 
35.08806497340477, 11.860719482573469, 0.0, 0.9383430830526386, 2.7000000000000015 
28.44493803447078, 46.55790707800985, 0.0, 3.28755783017756, 2.7000000000000015 
56.23969144311411, 37.0760457343134, 0.0, 2.5909858965285295, 2.7000000000000015 
20.848646080451473, 32.526726474171134, 0.0, 1.5317234341982184, 2.000000000000001 
37.313666433899634, 39.31217668194347, 0.0, 2.7907244628564083, 2.7000000000000015 
55.95502730351923, 60.70541038051313, 0.0, 3.6004661397979865, 2.7000000000000015 
12.694314789344771, 49.12413864311287, 0.0, 0.0, 1.0 
36.645681760486546, 46.60215428120318, 0.0, 3.096470762722497, 2.7000000000000015 
27.642966641008808, 22.75150338615469, 0.0, 2.1837292872671084, 2.7000000000000015 
51.20857479472646, 54.00982217866654, 0.0, 3.514007620264868, 2.7000000000000015 
64.23340554308409, 59.89987863057334, 0.0, 2.8981518395539316, 2.7000000000000015 
15.001274985681803, 2.5327472542173517, 0.0, 4.882505580853212, 2.7000000000000015 
49.64047001698384, 46.20510189431561, 0.0, 4.53292479223808, 2.7000000000000015 
27.246735981712284, 36.923485384181255, 0.0, 0.47776073619932696, 2.7000000000000015 
51.08870687606807, 24.703727234386736, 0.0, 2.3865928784734347, 2.7000000000000015 
56.095639673074096, 5.717469986849303, 0.0, 4.640908209383326, 2.7000000000000015 
11.520864178663324, 36.732841642980915, 0.0, 4.183361392350609, 2.7000000000000015 
47.934815495389024, 43.64528522314639, 0.0, 2.8508665752630757, 2.7000000000000015 
50.07190428547399, 9.316253165007701, 0.0, 0.9102949435431685, 2.7000000000000015 
14.988250716617683, 44.90640028183963, 0.0, 0.0, 1.0 
36.39356028171899, 10.982086677276726, 0.0, 0.5258870625909546, 2.7000000000000015 
10.31812321409174, 16.03314509722806, 0.0, 4.4822659968660705, 2.7000000000000015 
37.355160498270706, 13.782400354645544, 0.0, 3.6409070538242996, 2.7000000000000015 
16.14652194008716, 40.62356778314994, 0.0, 3.49660209412301, 2.7000000000000015 
22.724957878662874, 42.20726088518678, 0.0, 2.742232987429312, 2.7000000000000015 
34.38181024036378, 43.27703886446191, 0.0, 3.0836181974375148, 2.7000000000000015 
58.060518685047455, 62.51299007429939, 0.0, 3.5828071776166053, 2.7000000000000015 
8.364965284433007, 3.8273926716846827, 0.0, 4.709476160933338, 2.7000000000000015 
15.210655597140748, 61.885504990972606, 0.0, 4.424521943488453, 2.7000000000000015 
14.794351334356614, 43.12612942947597, 0.0, 0.0, 1.0 
13.069719451326941, 55.91990583156426, 0.0, 4.132780485031466, 2.7000000000000015 
39.53396613317365, 43.49159118054661, 0.0, 3.1225040353847566, 2.7000000000000015 
38.191600332117936, 2.6997220485502296, 0.0, 3.322701766014877, 2.7000000000000015 
12.487403934074873, 35.9128289555704, 0.0, 4.344928659923258, 2.7000000000000015 
13.844131083525802, 21.221406611690714, 0.0, 4.103140523324983, 2.7000000000000015 
29.395268245646886, 43.77349420866087, 0.0, 2.5940305600134805, 2.7000000000000015 
10.582624719335037, 62.043447965823596, 0.0, 4.4427579489582, 2.6000000000000014 
46.52771292518386, 47.60483118960081, 0.0, 3.3774443328812183, 2.7000000000000015 
21.92039320475453, 40.08229839158869, 0.0, 2.8206378455869436, 2.7000000000000015 
57.98853128586818, 64.03993363521344, 0.0, 4.001827654830932, 2.7000000000000015 
4.9112623382970355, 33.98805471080741, 0.0, 4.1065728000248525, 2.7000000000000015 
4.847518928288331, 17.645931979357183, 0.0, 4.785874418477783, 2.5000000000000013 
60.93482279198235, 27.051485848262917, 0.0, 1.1590670540488472, 2.7000000000000015 
6.975914963172485, 40.02554664319204, 0.0, 0.0, 1.0 
14.961032961002227, 56.618181544549856, 0.0, 0.0, 1.0 
21.550039190710407, 53.863552972564065, 0.0, 2.1841187767878827, 2.7000000000000015 
34.87324667225906, 24.131599514120936, 0.0, 2.4249647871671804, 2.7000000000000015 
6.75576169091655, 32.34028354951948, 0.0, 5.292264150882074, 2.7000000000000015 
41.694156757081295, 39.2427027041072, 0.0, 9.290394164633062, 2.7000000000000015 
31.318395704085162, 61.40495865307905, 0.0, 0.0, 1.0 
32.21460092597441, 14.368688859106472, 0.0, 4.593049772346613, 2.7000000000000015 
47.083267827663654, 24.34712631895035, 0.0, -0.28198565697073913, 2.7000000000000015 
5.799954567085206, 15.838169345884756, 0.0, 4.6591307024659105, 2.7000000000000015 
25.008480644355064, 12.126038112140996, 0.0, 0.0, 1.0 
10.30390129907285, 46.04825457293005, 0.0, 0.0, 1.0 
19.60806136836037, 50.21345184625836, 0.0, 0.0, 1.0 
45.03430731453007, 31.288956943776526, 0.0, 2.9242775005625328, 2.7000000000000015 
1.5003814727514313, 24.541070278714955, 0.0, 4.016562062795581, 1.2000000000000002 
8.898547142209388, 53.305272816704175, 0.0, 4.2833172831909785, 2.7000000000000015 
35.56245751750698, 63.488185403514656, 0.0, 1.8733726826261212, 2.200000000000001 
5.606613239046018, 28.97288543295118, 0.0, 5.358102386264778, 2.7000000000000015 
6.921543796543022, 14.580555058201018, 0.0, 4.023447409770049, 2.6000000000000014 
29.348446117022668, 25.806002574032703, 0.0, 3.535028241546703, 2.7000000000000015 
42.89660306049875, 62.48422506554211, 0.0, 2.3257564887247733, 2.7000000000000015 
1.993502613448069, 20.894684081486613, 0.0, 0.0, 1.0 
13.155651594127713, 47.111983352513306, 0.0, 0.0, 1.0 
25.12318717666852, 17.667918255018314, 0.0, 0.0, 1.0 
38.327722795476745, 44.615827150637934, 0.0, 9.353755304377602, 2.7000000000000015 
11.624179997135286, 25.38535462832418, 0.0, 4.28229113276552, 2.7000000000000015 
62.474752534639386, 38.16322013612375, 0.0, 0.0, 1.0 
23.217080374210735, 5.4801285519909335, 0.0, 0.0, 1.0 
29.778325202833756, 59.55621132349871, 0.0, 0.0, 1.0 
30.13154826293501, 8.429742845669393, 0.0, 0.0838752463533537, 2.6000000000000014 
14.172108381372373, 48.31452866494634, 0.0, 0.0, 1.0 
61.361947784244435, 20.921419069263756, 0.0, 6.460157260484362, 2.7000000000000015 
17.798212620295867, 49.381193875515024, 0.0, 0.0, 1.0 
52.14942298199303, 33.276865583281044, 0.0, 2.493941430272802, 2.7000000000000015 
26.80752490336655, 10.876562062441993, 0.0, 3.1043616257819866, 2.5000000000000013 
29.909858058421783, 7.0291916792535565, 0.0, 0.27296090089462366, 1.6000000000000005 
43.9739112607737, 34.97450375499562, 0.0, 0.0, 1.0 
15.709649134660962, 53.570142384671435, 0.0, 0.0, 1.0 
7.190067353449766, 60.691819525275754, 0.0, 0.0, 1.0 
3.4888349526373577, 9.108737336646808, 0.0, 5.188161779044798, 2.7000000000000015 
51.56356393093516, 21.2489881755172, 0.0, 5.452369820929129, 2.7000000000000015 
8.613476508637042, 39.0724940653647, 0.0, 0.0, 1.0 
61.33702777278865, 56.63145280809898, 0.0, 0.0, 1.0 
6.243804239045521, 59.57265528611817, 0.0, 0.0, 1.0 
16.469525068797665, 44.08208249479381, 0.0, 0.0, 1.0 
20.262126734734572, 44.26288916706732, 0.0, 3.8031342183440877, 2.7000000000000015 
19.613291530280005, 9.538741766891706, 0.0, 0.0, 1.0 
42.02420237478357, 51.23085985002363, 0.0, 0.0, 1.0 
0.49370114337997334, 14.324394411717183, 0.0, 3.9619986561053744, 2.7000000000000015 
14.026104233574772, 23.047547986482485, 0.0, 4.026035641552385, 2.7000000000000015 
15.600553749875173, 12.703428915699192, 0.0, 4.294865677210948, 2.7000000000000015 
60.817444137051446, 43.152809799604164, 0.0, 4.093903116652405, 2.6000000000000014 
5.41838710921836, 38.870124696766716, 0.0, 0.0, 1.0 
21.675342361259997, 59.22342406864047, 0.0, 0.0, 1.0 
6.318888627331429, 3.3642212972746273, 0.0, 5.129872431749125, 2.7000000000000015 
62.21743212260438, 64.14260812498796, 0.0, 2.6586920109360737, 2.7000000000000015 
23.73468513342656, 28.91813559685464, 0.0, 0.0, 1.0 
59.0774847216158, 14.984047597452093, 0.0, 2.568559734624817, 2.7000000000000015 
24.619026908169776, 53.138069319628, 0.0, 2.1524794819469255, 2.7000000000000015 
22.43421706183689, 15.408510266489921, 0.0, 0.0, 1.0 
17.398998227646388, 57.333525831779646, 0.0, 2.439889330827747, 2.7000000000000015 
41.25432617183911, 3.298308638874617, 0.0, 3.6783772700367097, 2.7000000000000015 
19.975113929928764, 51.849454583770616, 0.0, 0.0, 1.0 
5.144316727456749, 54.871763599961675, 0.0, 0.0, 1.0 
16.382725319018327, 29.07899928964011, 0.0, 4.706376217394895, 2.4000000000000012 
3.457419944221313, 29.88104068998015, 0.0, 0.0, 1.0 
18.562911016093015, 17.997442455827382, 0.0, 8.893144340736935, 2.7000000000000015 
46.08195729625028, 41.63711751933376, 0.0, 3.0367475025308903, 2.7000000000000015 
22.22570282786069, 48.15244249709362, 0.0, 0.0, 1.0 
21.08746006773793, 4.848973899456955, 0.0, 0.0, 1.0 
33.33861211779915, 26.396332906565863, 0.0, 2.5992070173423754, 2.7000000000000015 
1.5053657273277752, 32.875974353464464, 0.0, 0.0, 1.0 
53.8789230431262, 14.499782228359694, 0.0, 4.0744591889047355, 2.7000000000000015 
36.17126933712158, 50.65383707264232, 0.0, 3.430792304801801, 2.7000000000000015 
36.651214802123846, 9.11750704881348, 0.0, 2.711366423419788, 2.7000000000000015 
17.364426661618616, 21.341355666682276, 0.0, 0.0, 1.0 
9.702679272977232, 19.62113134260066, 0.0, 4.4372986836761115, 2.7000000000000015 
0.26260355031339605, 54.972057206324344, 0.0, 1.1815466661250749, 1.4000000000000004 
28.115687089101556, 36.022042098531124, 0.0, 0.9482535994615083, 2.7000000000000015 
6.7900975367618255, 17.24415947786696, 0.0, 4.782581314673307, 2.7000000000000015 
32.336709968519806, 29.388628260513382, 0.0, 3.187409869399669, 2.7000000000000015 
11.762439011853221, 42.919530790302105, 0.0, 0.0, 1.0 
11.052133609895092, 52.99267229358314, 0.0, 4.051640543762558, 2.7000000000000015 
5.978428251104781, 6.2107768556744745, 0.0, 4.902037717808679, 2.7000000000000015 
33.85062248002065, 23.40124765663044, 0.0, 2.436555253972883, 2.7000000000000015 
5.527989470122916, 36.66453003666472, 0.0, 4.905733175354045, 1.2000000000000002 
40.5116348913577, 48.96199872604135, 0.0, 3.1526980279777645, 2.6000000000000014 
51.61677446959528, 52.71430024091781, 0.0, 3.09748941785775, 2.7000000000000015 
11.390185935785157, 52.19000921245123, 0.0, 3.84548195498471, 2.7000000000000015 
19.40664368456923, 41.23640869352589, 0.0, 3.0875076293809864, 2.7000000000000015 
45.46612123675996, 52.882229135681044, 0.0, 3.987801613452978, 2.7000000000000015 
25.073435924168443, 58.10776343380978, 0.0, 0.0, 1.0 
21.479011970768187, 36.33466684821783, 0.0, 0.0, 1.0 
41.89589796518169, 4.953450040385676, 0.0, 3.220419750969231, 2.7000000000000015 
29.928590693488474, 57.480378863405676, 0.0, 0.0, 1.0 
34.97486367693641, 51.76344533743041, 0.0, 0.0, 1.0 
13.860125648993955, 50.976990439170855, 0.0, 0.0, 1.0 
50.39494308761397, 64.1074953975633, 0.0, 5.250809216863993, 2.7000000000000015 
1.9732029269966724, 38.88692841129331, 0.0, 0.0, 1.0 
13.879684133184478, 1.9423170111914416, 0.0, 4.793793917212111, 2.5000000000000013 
18.356435611426825, 15.833688334704712, 0.0, 2.5846878878640864, 2.7000000000000015 
56.72320447143683, 58.79366658194946, 0.0, 3.6005996054936444, 2.7000000000000015 
6.589406806676259, 55.08674001620233, 0.0, 4.581121793393085, 2.6000000000000014 
2.0984689349623133, 46.538408391028575, 0.0, 3.9665771555858087, 2.7000000000000015 
18.330738780925333, 23.11615496257387, 0.0, 0.0, 1.0 
8.866560712948571, 22.52214885219607, 0.0, 4.321988279276983, 2.7000000000000015 
32.80545684535613, 5.563163522874174, 0.0, 0.6795752302372439, 2.6000000000000014 
0.5276982519718719, 63.78820102334527, 0.0, 4.0919090431656455, 2.7000000000000015 
3.6995530462170008, 35.85526291825333, 0.0, 0.0, 1.0 
52.79320748025418, 45.726800180539215, 0.0, 3.659155720771417, 2.7000000000000015 
14.482476153293609, 52.40029734563573, 0.0, 0.0, 1.0 
29.703976071818573, 13.770046165145972, 0.0, 5.268995215005233, 1.6000000000000005 
20.29063983133056, 56.09437758715579, 0.0, 2.7658689225370456, 2.7000000000000015 
26.17114587421947, 39.731272027847616, 0.0, 2.7576104093349443, 2.7000000000000015 
16.51202091178431, 50.27256560193923, 0.0, 0.0, 1.0 
60.186019439323786, 64.28767854501189, 0.0, 2.196000842604867, 2.7000000000000015 
46.428971578459006, 11.538328886756117, 0.0, 3.0142732134574537, 2.7000000000000015 
33.742194688323714, 39.625696821892085, 0.0, 2.6648061965218663, 2.7000000000000015 
29.326097345630732, 61.73128021900607, 0.0, 0.0, 1.0 
5.199732657061701, 0.9381571409821912, 0.0, 5.745600052871926, 2.7000000000000015 
55.05906532529534, 59.067604220318216, 0.0, 3.6674922096788296, 2.7000000000000015 
22.93148349383203, 38.65448191986668, 0.0, 2.8989804201404046, 2.100000000000001 
59.35958470160979, 39.94573973915257, 0.0, 3.3089568262698337, 2.7000000000000015 
8.741910131022435, 9.755900674672066, 0.0, 4.2564699105204, 2.7000000000000015 
59.020615630765185, 24.607632874160682, 0.0, 0.2953259403880599, 2.7000000000000015 
40.83469613471998, 13.688991843474323, 0.0, 1.0891619128120094, 2.7000000000000015 
33.47984979515273, 50.36668227999453, 0.0, 0.0, 1.0 
49.57943356516399, 27.603713443736055, 0.0, 3.4836465690108995, 1.9000000000000008 
32.99426848207305, 7.952374756144464, 0.0, 5.547988609442577, 2.7000000000000015 
6.960147034943282, 19.71005973554782, 0.0, 5.112633529013054, 2.7000000000000015 
41.62419073715847, 47.835539981670046, 0.0, 3.247430088635388, 2.7000000000000015 
23.12459023231563, 51.519745950966566, 0.0, 0.0, 1.0 
27.493048209781218, 8.128867579148691, 0.0, 1.2673629711943086, 2.7000000000000015 
20.93350131784067, 18.44119450695697, 0.0, 3.1388475491377967, 2.7000000000000015 
11.931930488852329, 6.578035251062142, 0.0, 0.0, 1.0 
46.90237032914249, 28.570626096908068, 0.0, 2.4400891520354255, 2.7000000000000015 
4.11307950005639, 47.64360572137441, 0.0, 4.064388139882853, 2.7000000000000015 
14.197492473935053, 18.62193105990888, 0.0, 0.0, 1.0 
32.7325200818455, 9.905896596972216, 0.0, 5.262088455094354, 2.100000000000001 
63.780985598702344, 2.035436661200671, 0.0, 3.191531372684475, 2.4000000000000012 
5.682839439966773, 58.28797632197544, 0.0, 0.0, 1.0 
16.465391891829157, 39.50723183616255, 0.0, 3.2018303813144984, 2.7000000000000015 
54.06291893769937, 35.17703468563099, 0.0, 2.7695584443017416, 2.7000000000000015 
59.37285237294003, 46.21825623584196, 0.0, 3.9050503607910003, 2.100000000000001 
2.127369831934569, 55.634005367704994, 0.0, 0.0, 1.0 
2.4689852588387895, 26.469880403231887, 0.0, 0.09433286610330324, 1.1 
52.500058154492415, 5.655828907542583, 0.0, 5.867250357183304, 1.6000000000000005 
19.206899685025803, 11.454737564332113, 0.0, 0.0, 1.0 
51.76183371178437, 3.3181506350785517, 0.0, 3.960885951210876, 2.7000000000000015 
22.543068493927414, 2.0823917260418994, 0.0, 0.0, 1.0 
53.26282266279995, 7.170029473551792, 0.0, 5.2025674919777884, 2.7000000000000015 
17.286469673710442, 2.0541330319909163, 0.0, 4.464937813306596, 2.7000000000000015 
61.264404567006416, 22.191904403657134, 0.0, 6.438831110200454, 2.7000000000000015 
37.4882049339875, 41.49857898670219, 0.0, 3.0921426804818393, 2.7000000000000015 
9.24965937824911, 5.981340764708176, 0.0, 4.609685979915032, 2.7000000000000015 
22.490794445034876, 54.697713118733994, 0.0, 2.5869438819507824, 2.300000000000001 
33.43828267816326, 57.480094780034236, 0.0, 4.340520962511979, 2.7000000000000015 
29.077996368464422, 31.31182909535716, 0.0, 3.1824036421226864, 2.7000000000000015 
27.758137119853682, 47.83966869412287, 0.0, 0.0, 1.0 
3.591329826038982, 16.459158172357334, 0.0, 0.0, 1.0 
0.6385144832868873, 26.526202576972437, 0.0, 1.2918534140487352, 2.7000000000000015 
26.557742745971417, 16.175738569241922, 0.0, 0.2965788514020607, 1.1 
26.309858505351194, 43.65700981184049, 0.0, 2.6842459956977676, 2.7000000000000015 
39.39496544348431, 45.60865849477797, 0.0, 9.190666301617581, 2.7000000000000015 
34.933085833497984, 33.25267675137658, 0.0, 3.9194421932831407, 2.7000000000000015 
62.95262373396558, 25.750528460002542, 0.0, 1.4073514744336681, 2.7000000000000015 
24.358439519027822, 44.968175693834425, 0.0, 3.0752128549531776, 2.7000000000000015 
47.34671668316251, 40.435654805574835, 0.0, 3.1440013490175245, 2.7000000000000015 
59.12689720241744, 7.028779948006973, 0.0, 0.0, 1.0 
61.545263249539616, 9.071933993782554, 0.0, 2.80809119773242, 2.7000000000000015 
57.386137722456716, 6.366034078794752, 0.0, 4.55163724099825, 2.7000000000000015 
37.416971756621344, 48.080613504753195, 0.0, 3.6045929758503017, 2.7000000000000015 
11.530823819087306, 54.66063529330803, 0.0, 4.1389873273994695, 2.7000000000000015 
37.04934129097072, 52.463001092210426, 0.0, 0.0, 1.0 
34.981166525368714, 44.940120054646506, 0.0, 3.0372804489799305, 2.7000000000000015 
29.562406914275208, 11.584974823922384, 0.0, 5.099676616240205, 1.5000000000000004 
43.2853505983387, 37.632671000381634, 0.0, 2.66141693535293, 2.7000000000000015 
11.950369849359344, 8.693780323896366, 0.0, 0.0, 1.0 
7.114921962873987, 7.688103722655943, 0.0, 4.516696760150727, 2.7000000000000015 
53.214058421765166, 15.873622900141351, 0.0, 4.191134215631249, 2.000000000000001 
15.943867630289308, 48.57638555654767, 0.0, 0.0, 1.0 
62.06024983045777, 41.138943310269994, 0.0, 3.6457204463242765, 2.7000000000000015 
31.978460392193462, 45.02546745811032, 0.0, 3.1721447793300612, 2.7000000000000015 
45.34584732939998, 55.02875185077314, 0.0, 4.45561635335307, 2.7000000000000015 
44.817448050531006, 18.125172903415923, 0.0, 4.972742666507431, 2.7000000000000015 
17.199309622121216, 47.62621974950895, 0.0, 0.0, 1.0 
14.408214683681823, 58.886402677214505, 0.0, 4.1681528541003505, 2.7000000000000015 
62.52965301550152, 12.060452265569358, 0.0, 4.263181060889165, 2.7000000000000015 
35.41003301134564, 3.0961925022439334, 0.0, 1.38929983302592, 2.7000000000000015 
25.30135826869383, 41.11826324524354, 0.0, 2.880257815930209, 2.7000000000000015 
24.013595276322732, 42.70755500546263, 0.0, 2.6945051148219172, 2.7000000000000015 
11.80795763378079, 64.01467059486089, 0.0, 4.6909511739494665, 2.4000000000000012 
7.0805633230032115, 57.44315401002851, 0.0, 4.838916370811189, 1.1 
2.7748667643747265, 13.90797331852826, 0.0, 4.4708044106166955, 2.300000000000001 
25.211084265039418, 56.14313339351867, 0.0, 2.9907813944681503, 2.7000000000000015 
4.964142121864138, 22.521451890986548, 0.0, 0.0, 1.0 
31.72558552053452, 49.30464757521148, 0.0, 0.0, 1.0 
24.503036848100887, 50.003501069302985, 0.0, 0.0, 1.0 
19.520101098603764, 5.9965614143513175, 0.0, 0.0, 1.0 
35.28590004990132, 17.15929466872294, 0.0, 0.5693220881122913, 2.7000000000000015 
47.40844548563764, 29.80112430312169, 0.0, 2.761164184040049, 2.6000000000000014 
52.77647692231136, 60.13481114485866, 0.0, 4.252932711387055, 2.7000000000000015 
37.25623697264204, 33.41691762567089, 0.0, 0.37844928145079315, 2.7000000000000015 
25.101314191679723, 63.48768606234598, 0.0, 0.0, 1.0 
63.3066782519237, 10.462377427055408, 0.0, 3.61981866391416, 2.200000000000001 
11.370775844899276, 33.70315756929131, 0.0, 4.803425251668003, 2.7000000000000015 
20.561025928058836, 16.071949004116018, 0.0, 4.495108208114772, 1.4000000000000004 
8.21324436444572, 14.241195016193288, 0.0, 3.9363797904338167, 2.7000000000000015 
7.59668239572195, 62.9810974589087, 0.0, 5.2163665655766005, 2.7000000000000015 
21.95533049029496, 44.550071631040765, 0.0, 3.6764477599143404, 2.7000000000000015 
9.758196524621301, 47.88980499094286, 0.0, 0.0, 1.0 
43.821119812307735, 52.557716468660615, 0.0, 4.29339710795851, 2.7000000000000015 
56.49695888280161, 41.25767591159484, 0.0, 4.331773415592074, 2.7000000000000015 
59.94684262129199, 33.574573408141084, 0.0, 1.9349342193058434, 2.7000000000000015 
61.119183498505365, 34.81923226400392, 0.0, 0.0, 1.0 
63.33226208222707, 56.45790058167408, 0.0, 0.0, 1.0 
50.84137264611159, 13.796548107410368, 0.0, 5.341901770229835, 2.7000000000000015 
35.01364915337944, 49.00295412224401, 0.0, 0.0, 1.0 
3.696313458657076, 54.30794321628692, 0.0, 0.0, 1.0 
28.098166697499217, 56.27823368827166, 0.0, 0.0, 1.0 
25.641005855184062, 50.57598175115707, 0.0, 2.2962428821278404, 2.7000000000000015 
34.35554976977718, 53.55767674986686, 0.0, 0.0, 1.0 
3.6709203178004484, 56.30500439533286, 0.0, 0.0, 1.0 
3.1003635510106404, 0.5601178019695512, 0.0, 0.0, 1.0 
60.28265694798499, 58.49064175109251, 0.0, 2.7916606833526787, 2.7000000000000015 
30.657617919373415, 55.75616803908244, 0.0, -1.980724318987091, 2.5000000000000013 
50.05030710226383, 33.72448374356133, 0.0, 2.470718859273222, 2.6000000000000014 
27.031220173721916, 45.50956868375781, 0.0, 3.0626932699164944, 2.7000000000000015 
61.41904610089603, 36.44008731939152, 0.0, 0.0, 1.0 
20.388098422349195, 63.81335593438276, 0.0, 0.0, 1.0 
14.088980999839668, 11.667523221290873, 0.0, 4.685736768375489, 2.7000000000000015 
12.605279908513799, 52.21922212580911, 0.0, 3.831808335965545, 2.200000000000001 
62.925674598232256, 48.63925997830695, 0.0, 3.3183711909528544, 1.5000000000000004 
22.05091569425552, 0.37639621935159345, 0.0, 0.0, 1.0 
33.17161671785482, 55.01357709811958, 0.0, 4.117673009226171, 2.7000000000000015 
26.04752521920489, 42.36976006814927, 0.0, 2.377601893814084, 2.7000000000000015 
24.471882066997253, 15.729751503488307, 0.0, 0.0, 1.0 
23.136677285996598, 24.808522176175167, 0.0, 4.214937655990796, 2.7000000000000015 
7.298483587038908, 21.697385447735314, 0.0, 4.996673393056742, 2.7000000000000015 
40.63202530271133, 31.82106294219282, 0.0, 0.0, 1.0 
62.57468998790199, 28.382425306023027, 0.0, 1.4018458578259718, 2.300000000000001 
11.795542984129469, 10.801594711923203, 0.0, 1.3607384928734503, 1.1 
23.046678140096347, 37.310352349995604, 0.0, 2.831722305896745, 2.4000000000000012 
37.44605132753641, 42.71292735202129, 0.0, 3.0852804310484077, 2.5000000000000013 
19.414162029684945, 7.75302297943491, 0.0, 0.0, 1.0 
11.91436686860362, 56.70407656310318, 0.0, 4.38556464343748, 2.7000000000000015 
46.95369589513622, 62.79523034556143, 0.0, 3.0948339397185545, 2.7000000000000015 
31.77911704252561, 41.22680020541293, 0.0, 2.699111065631809, 2.7000000000000015 
60.01202463486888, 49.13411065403096, 0.0, 2.6440085211244586, 2.7000000000000015 
19.67013466263741, 13.571484988720584, 0.0, 1.819387093850639, 1.4000000000000004 
13.615821807832518, 45.66511292102891, 0.0, 0.0, 1.0 
21.71604007285057, 62.22491651118963, 0.0, 0.0, 1.0 
7.786523706166236, 10.636072362319082, 0.0, 4.170399238043663, 2.7000000000000015 
12.063468126287946, 59.00699362076219, 0.0, 4.49212312722874, 2.6000000000000014 
1.8149950751055073, 51.414531158805794, 0.0, 0.0, 1.0 
50.55215429454788, 39.580473079237855, 0.0, 2.710189535220657, 2.7000000000000015 
30.830611541161765, 24.669413975110132, 0.0, 2.974411066872727, 2.7000000000000015 
24.081994738583212, 0.8571230311178929, 0.0, 0.0, 1.0 
7.528027474028156, 12.115089783428614, 0.0, 4.027864869749386, 2.7000000000000015 
28.388136529872575, 49.29557807956243, 0.0, 3.219243228338411, 2.6000000000000014 
15.473132379561786, 8.10157576653566, 0.0, 4.326898987428541, 2.300000000000001 
21.433047390596457, 8.407152650536004, 0.0, 0.0, 1.0 
3.5208534920641923, 48.832818540967054, 0.0, 4.214593934508884, 2.7000000000000015 
30.56320346170322, 21.0960083860091, 0.0, 2.047710746016115, 2.000000000000001 
28.24829846137435, 53.41297001941514, 0.0, 2.8165590162459457, 2.7000000000000015 
19.56562088895745, 39.257063349789156, 0.0, 3.243729133988895, 2.7000000000000015 
13.304638759816063, 27.7870884084794, 0.0, 5.238124377977065, 2.7000000000000015 
49.22510621054305, 41.251790084895354, 0.0, 2.736451621730303, 2.7000000000000015 
8.16389301130024, 6.839290270638777, 0.0, 4.4882009699302525, 2.7000000000000015 
1.6824542938914022, 16.94392999370208, 0.0, 0.0, 1.0 
39.121940247326684, 7.744071232506055, 0.0, 0.0, 1.0 
12.054134813863147, 16.83720587421073, 0.0, 4.0023895431802226, 2.7000000000000015 
30.86778594527469, 3.6835502436907794, 0.0, 6.176109821225685, 2.100000000000001 
62.206101017748736, 19.27748515045007, 0.0, 4.201480124009699, 2.100000000000001 
8.408368133202615, 54.51895561889213, 0.0, 4.3279314942343365, 2.7000000000000015 
63.26951078616794, 58.28096528463383, 0.0, 3.3787208090942054, 1.8000000000000007 
30.171002774285725, 39.542637679234254, 0.0, 2.411486325849413, 2.300000000000001 
28.141366030053312, 58.29978217186662, 0.0, 0.0, 1.0 
1.3980605673957751, 47.373253139974665, 0.0, 4.015725920302792, 2.6000000000000014 
61.64091537800292, 39.58646291786322, 0.0, 3.5149215728586714, 2.7000000000000015 
44.03545697713144, 55.630077859561354, 0.0, 0.0, 1.0 
10.287387097246963, 39.89761060047004, 0.0, 0.0, 1.0 
50.65320942035079, 59.30838684692052, 0.0, -0.30536408198195236, 2.4000000000000012 
34.25513854614537, 4.817225889830404, 0.0, 1.4481700309687424, 2.7000000000000015 
15.749844586332072, 51.52905656809527, 0.0, 0.0, 1.0 
12.147734517896899, 20.230731799344163, 0.0, 4.2147022843129545, 2.7000000000000015 
58.262769928161525, 43.82494010834432, 0.0, 4.254865626128725, 1.7000000000000006 
43.25095410675589, 33.427044024259786, 0.0, 1.961025954525137, 2.4000000000000012 
30.172109206189987, 37.66879942742716, 0.0, 0.0, 1.0 
31.94824369938954, 36.8188459049173, 0.0, 0.0, 1.0 
48.8099804396683, 4.860063515739731, 0.0, 2.504740020373275, 2.7000000000000015 
1.3964834456621618, 49.00738305027034, 0.0, 4.161574519402063, 2.6000000000000014 
17.565285294439146, 19.694461736063595, 0.0, 3.346906478020481, 2.200000000000001 
23.95855305797649, 30.900698639915028, 0.0, 2.3034816052230833, 2.7000000000000015 
64.19637403227796, 19.891932975467473, 0.0, 7.1003419315273675, 2.7000000000000015 
39.89351897342235, 34.01826185670994, 0.0, 0.0, 1.0 
23.04376653718292, 57.20214698860419, 0.0, 3.045079908966026, 2.4000000000000012 
15.44756584394753, 32.54729721360022, 0.0, 3.53906594625613, 2.7000000000000015 
11.03009012799855, 58.478673588742204, 0.0, 4.475539671189013, 2.300000000000001 
30.17463516169415, 45.77238312562927, 0.0, 3.135727513980018, 2.7000000000000015 
14.886019479655536, 58.0474006085268, 0.0, 3.8270214238845996, 2.6000000000000014 
59.632510784236004, 27.492442918806475, 0.0, 0.8244021400231589, 2.7000000000000015 
26.549679821891736, 57.3661080158507, 0.0, 0.0, 1.0 
43.030164232188284, 41.73472741597287, 0.0, 2.8803338072360356, 2.7000000000000015 
8.222162152419138, 29.532568760814996, 0.0, 4.774974004841293, 2.7000000000000015 
42.287546495399276, 45.76494951094959, 0.0, 3.1045944360358377, 2.7000000000000015 
63.18725149905172, 4.526999912021327, 0.0, 4.366141332866302, 2.7000000000000015 
36.59339174589472, 0.19336632382439417, 0.0, 2.315254138546768, 2.7000000000000015 
38.06801957516336, 21.729800216100305, 0.0, 2.391652275599353, 2.7000000000000015 
59.18230097473323, 32.157023830762135, 0.0, 1.879074989132072, 2.7000000000000015 
5.9589834378570865, 24.04654187195232, 0.0, 0.0, 1.0 
42.78724102400253, 43.09933351994866, 0.0, 2.824553597952355, 2.7000000000000015 
27.973340287436265, 41.718277046372094, 0.0, 2.418859035048068, 2.4000000000000012 
53.22168667205651, 58.9546519984219, 0.0, 3.9932931038803186, 2.7000000000000015 
48.76110860276208, 31.049223783904928, 0.0, 0.0, 1.0 
24.311216918385476, 39.76707113202821, 0.0, 2.139425350034987, 2.5000000000000013 
56.75681789935953, 44.08103263781289, 0.0, 1.1070479643635698, 2.100000000000001 
53.24220791863572, 11.796780870848274, 0.0, 6.030821677672769, 2.7000000000000015 
4.994213397264656, 12.741819196341673, 0.0, 4.463034970204167, 2.6000000000000014 
22.666070680287575, 26.905720513935243, 0.0, 0.0, 1.0 
44.66179431348384, 62.42671311022273, 0.0, 8.776916228290437, 2.7000000000000015 
26.408353836458527, 27.09436727883987, 0.0, 0.0, 1.0 
9.218838557784661, 25.333030223853086, 0.0, 4.444045073183312, 2.6000000000000014 
8.058691801388058, 48.6181362244549, 0.0, 3.616896532599868, 2.7000000000000015 
40.3721964554684, 38.44737276426487, 0.0, 2.6897592418511924, 2.7000000000000015 
33.543966119747104, 46.018700521323865, 0.0, 3.271980728377992, 2.7000000000000015 
64.02410298933776, 46.83424874870875, 0.0, 4.482026485982132, 2.7000000000000015 
14.96018324249021, 14.569540501625886, 0.0, 4.541264220576256, 2.7000000000000015 
2.3572432513385717, 45.40671169608418, 0.0, 3.672901599999876, 2.7000000000000015 
8.591817658027637, 43.1005275998267, 0.0, 0.0, 1.0 
59.90253689270862, 41.20246551638045, 0.0, 3.5331291563831315, 2.6000000000000014 
35.52532902278497, 6.001735970931626, 0.0, 1.2315018134561084, 2.7000000000000015 
26.75340221407775, 54.81980922428862, 0.0, 0.0, 1.0 
25.991202948521245, 23.349005906013858, 0.0, 4.621934527834239, 2.5000000000000013 
15.626322279111724, 17.307242412055317, 0.0, 1.9046148271025696, 1.3000000000000003 
19.22298026577499, 21.262292030686726, 0.0, 0.0, 1.0 
26.11383605369113, 1.4111626009905447, 0.0, 0.8776548612958847, 1.2000000000000002 
61.9138612401284, 62.254869086399204, 0.0, 6.72360910390761, 2.7000000000000015 
20.586161830764702, 1.457187247007805, 0.0, 0.0, 1.0 
1.980371646456834, 62.99911306616017, 0.0, 3.548627266986153, 1.6000000000000005 
11.268725248305442, 14.5334634677819, 0.0, 4.032210292167119, 2.7000000000000015 
32.575565020098786, 22.769096411454566, 0.0, 2.4994649061553442, 2.7000000000000015 
21.608475249635553, 46.19995381420765, 0.0, 0.0, 1.0 
18.87448703748273, 2.5350190089179963, 0.0, 0.0, 1.0 
16.68373954605872, 45.98809643596961, 0.0, 0.0, 1.0 
22.22880415673138, 56.28759315380482, 0.0, 2.9541066991656884, 2.5000000000000013 
30.803450138383557, 30.394189655041846, 0.0, 3.3683167292744094, 2.7000000000000015 
52.42779962747976, 31.65711379742603, 0.0, 8.924603435164371, 2.7000000000000015 
13.324463165023095, 32.32076389287403, 0.0, 3.9730865390543464, 2.7000000000000015 
1.9274199061438906, 40.84030794054725, 0.0, 0.0, 1.0 
2.2106594077247905, 2.9940243297492035, 0.0, 5.034956542701782, 2.4000000000000012 
14.211457989846823, 36.267111947353506, 0.0, 3.948920312367364, 2.7000000000000015 
44.85594165462278, 51.01841447242353, 0.0, 3.248363807353371, 2.7000000000000015 
61.01954339681896, 2.736215459028795, 0.0, 3.046578437174179, 2.100000000000001 
4.932546188806225, 8.88207472774107, 0.0, 4.755842063359825, 2.7000000000000015 
23.702432029129465, 13.701962703223623, 0.0, 1.3601774814476975, 1.2000000000000002 
20.742075060873976, 38.08197151357887, 0.0, 0.0, 1.0 
62.0525730675005, 5.660180567321768, 0.0, 4.693409625508009, 2.7000000000000015 
1.3020605594213834, 18.95401050137218, 0.0, 0.0, 1.0 
10.178806544895986, 41.97896755775027, 0.0, 0.0, 1.0 
3.728482713020975, 11.303757248307866, 0.0, 4.9842466350016865, 2.7000000000000015 
64.25268693683482, 41.31677870408972, 0.0, 3.5748933182540106, 2.7000000000000015 
54.45436098620209, 44.27741501068248, 0.0, 9.706499649166467, 2.7000000000000015 
23.985836071655537, 55.24023540151493, 0.0, 2.8884458639325663, 2.6000000000000014 
7.646997180936998, 55.21915934805981, 0.0, 4.342287867734738, 2.7000000000000015 
59.368627302000654, 42.99956594493372, 0.0, 4.324238620601443, 2.5000000000000013 
39.981524340755726, 5.865496580698991, 0.0, 0.0, 1.0 
34.61843507457351, 15.092719204050274, 0.0, 0.9287268667538637, 2.7000000000000015 
32.87445273602931, 62.68832284491551, 0.0, 2.0108456735981917, 1.1 
19.601595731823764, 35.55460222098919, 0.0, 0.0, 1.0 
9.8738922803251, 55.88905571455204, 0.0, 4.389100169461624, 2.4000000000000012 
42.11556700681464, 10.770382248434743, 0.0, 4.48756711915704, 2.7000000000000015 
51.681286397482964, 44.0288035937058, 0.0, 3.599022032914785, 2.7000000000000015 
61.516234056862544, 25.356434943240195, 0.0, 7.505273976738018, 2.7000000000000015 
50.26105014770146, 37.596114219031584, 0.0, 3.2260359087884996, 2.7000000000000015 
27.607239673389998, 12.462199475480745, 0.0, 5.632758532940069, 1.1 
22.792067866575856, 3.7308475220493045, 0.0, 0.0, 1.0 
58.54053272432934, 3.931493587747177, 0.0, 2.0230003620228674, 2.7000000000000015 
38.793682392266035, 9.7971441643089, 0.0, 3.2831986937637723, 2.7000000000000015 
7.108072681787826, 47.27442695166832, 0.0, 3.596569872791356, 2.6000000000000014 
19.447006512670832, 31.286680681987065, 0.0, 1.8840701023800446, 1.3000000000000003 
43.552247305253864, 8.728700203192933, 0.0, 3.6502889619240104, 2.7000000000000015 
44.104257322410824, 40.36121875092499, 0.0, 3.442936882768437, 2.7000000000000015 
24.24427561396103, 48.25915954043328, 0.0, 0.0, 1.0 
21.473255040491853, 6.589493111551302, 0.0, 0.0, 1.0 
10.822812104050833, 56.02552779707459, 0.0, 4.350177326154298, 2.7000000000000015 
26.52566591005341, 29.399431095145296, 0.0, 3.2908594561961757, 2.7000000000000015 
10.688350634743792, 0.23089179163903634, 0.0, 10.789637581873798, 2.7000000000000015 
15.94386995794618, 0.4027406946751325, 0.0, 4.606902220093242, 2.7000000000000015 
58.38422876491796, 38.87946058809022, 0.0, 3.080079646727756, 2.7000000000000015 
32.549691532976496, 19.01762611646509, 0.0, 4.129741535826782, 1.2000000000000002 
8.037094530545575, 58.02452648976614, 0.0, 4.980507493933934, 2.5000000000000013 
6.760566350980973, 52.49296770913123, 0.0, 4.255284358840798, 2.7000000000000015 
0.3760643346474978, 50.00016865094579, 0.0, 0.0, 1.0 
12.776978861887658, 62.17263450151596, 0.0, 4.715017257595152, 2.6000000000000014 
14.35025676937994, 37.935938683612676, 0.0, 3.9611894173297313, 2.7000000000000015 
10.68273356376303, 49.13405630497183, 0.0, 0.0, 1.0 
9.527321123767955, 61.273718801852, 0.0, 4.570516044035965, 2.5000000000000013 
16.415645115296584, 36.88191851220089, 0.0, 3.7149415087889253, 2.7000000000000015 
1.4582669814245108, 8.140712302799999, 0.0, 4.372182090296591, 1.5000000000000004 
28.295353009799392, 5.313012427531879, 0.0, 0.7640930584758249, 1.4000000000000004 
34.562180005569495, 40.32041775028149, 0.0, 2.5317238847170835, 2.7000000000000015 
25.540289481969918, 19.33180275261752, 0.0, 3.2720364831512168, 2.200000000000001 
0.24060590433121976, 38.14764272565824, 0.0, 0.0, 1.0 
4.005063077464083, 20.796652710039574, 0.0, 2.243926336068384, 1.1 
57.10712238414579, 3.1899956787022012, 0.0, 4.602912208874353, 2.300000000000001 
3.179308835076494, 52.600446428234534, 0.0, 0.0, 1.0 
54.62313124613381, 0.9279264967219685, 0.0, 4.75976130589853, 2.7000000000000015 
7.779384168097759, 32.791649844036755, 0.0, -1.193918811072338, 2.7000000000000015 
47.31831306835566, 60.9413208683777, 0.0, 0.8847543587175429, 2.7000000000000015 
52.555965107171716, 47.20857295831188, 0.0, 4.017084760010264, 2.7000000000000015 
10.335443266880073, 2.490953818425609, 0.0, 4.419325092364194, 2.7000000000000015 
20.47102675504589, 47.53264755556178, 0.0, 0.0, 1.0 
47.09633421685807, 52.71376408942331, 0.0, 3.7836322325318226, 2.7000000000000015 
5.203030836565575, 42.97332304973027, 0.0, 0.0, 1.0 
16.353280034280985, 57.355842599706016, 0.0, 2.4616907696455255, 2.5000000000000013 
11.51941787727209, 27.77260728919959, 0.0, 4.451494292842326, 2.7000000000000015 
40.52987530796194, 28.32659535831568, 0.0, 1.7847292525149427, 2.7000000000000015 
56.238952154767624, 38.4977723204034, 0.0, 2.6007204549588114, 2.7000000000000015 
8.615782224536886, 46.683199782801026, 0.0, 0.0, 1.0 
47.248314864519976, 38.28837372547861, 0.0, 2.9306118207958027, 2.7000000000000015 
43.59460320010117, 0.023772293306080883, 0.0, 3.3486896361917107, 2.7000000000000015 
40.33995530682032, 0.2725459646367227, 0.0, 2.7676101409506133, 2.7000000000000015 
9.413060323415722, 51.70954424219479, 0.0, 4.070123230123806, 2.5000000000000013 
5.631033137307083, 52.706534461503345, 0.0, 4.335348620276679, 2.7000000000000015 
18.581440393131206, 46.739092529648275, 0.0, 0.0, 1.0 
12.19625973395955, 18.579655781206, 0.0, 3.911892533671976, 2.7000000000000015 
30.368289766573998, 63.38585457408011, 0.0, 0.06589239394683087, 2.7000000000000015 
64.16425104978461, 36.51376505528436, 0.0, 0.0, 1.0 
28.03446169788611, 24.407185081522726, 0.0, 2.9514681181526483, 2.7000000000000015 
63.088842281177925, 61.277377232202525, 0.0, 3.3203146799175487, 2.7000000000000015 
18.06457850824058, 45.063746307194215, 0.0, 0.0, 1.0 
0.3631258005921759, 12.391573526359254, 0.0, 3.63847401496255, 2.5000000000000013 
12.256591130039988, 22.30020533974368, 0.0, 4.201680094872352, 2.7000000000000015 
5.373440608203544, 31.118404509999593, 0.0, 5.197446614121347, 2.7000000000000015 
41.611482857740775, 40.4476913303208, 0.0, 3.396729960484829, 2.7000000000000015 
52.208487446919804, 62.786676543270374, 0.0, 5.057594054514595, 2.7000000000000015 
46.184528461714336, 5.403459225058547, 0.0, 2.6887936877587824, 2.7000000000000015 
23.732025865162807, 61.91558043554472, 0.0, 0.0, 1.0 
26.728574285936535, 52.0763436231265, 0.0, 2.615831052100054, 2.7000000000000015 
37.08905154746795, 20.00063754420671, 0.0, 0.27500732317824755, 2.5000000000000013 
10.585284703481477, 60.08706975847781, 0.0, 4.411429680924547, 2.5000000000000013 
45.38560958899282, 39.432565348585875, 0.0, 3.174485167610833, 2.7000000000000015 
28.037067944175995, 28.013572393299363, 0.0, 0.0, 1.0 
3.328221834919165, 31.96805614256625, 0.0, 0.0, 1.0 
55.96572382568091, 56.345714785991575, 0.0, 3.268022779812875, 2.7000000000000015 
43.2888988824848, 46.90273350832161, 0.0, 3.2063010322474184, 2.7000000000000015 
30.78543243794078, 14.972723785361861, 0.0, 5.00918708878851, 2.6000000000000014 
0.5353183374621484, 52.62651068567469, 0.0, 1.4152449859721967, 1.7000000000000006 
37.22850417890511, 1.358951398243049, 0.0, 2.731009907596327, 2.7000000000000015 
17.052403460811504, 52.31785122990406, 0.0, 0.0, 1.0 
30.423490509267605, 35.47279351126377, 0.0, 1.3942704212996777, 1.4000000000000004 
49.70774571800173, 35.35952426252832, 0.0, 2.6984325755470824, 2.7000000000000015 
59.50691455379724, 56.79633426155128, 0.0, 1.909944201663906, 2.7000000000000015 
11.872989220830679, 45.4665552802595, 0.0, 0.0, 1.0 
29.721889815356636, 48.088038115000536, 0.0, 0.0, 1.0 
62.57194882993895, 42.69362330732398, 0.0, 3.544898027193258, 2.6000000000000014 
45.58363362007211, 46.27762372289882, 0.0, 3.3166739879306393, 2.7000000000000015 
28.97228309176077, 52.07722458157121, 0.0, 3.029115142241597, 2.7000000000000015 
45.45379666741221, 35.25822347399278, 0.0, 2.200322527905822, 2.7000000000000015 
3.669269926772394, 37.78441020417013, 0.0, 0.0, 1.0 
17.982112271995067, 62.23280174743306, 0.0, 0.0, 1.0 
15.031464008119537, 20.17309590565156, 0.0, 3.2597457226854907, 2.6000000000000014 
16.712969467061217, 4.799086975827352, 0.0, 5.08923866540772, 2.7000000000000015 
63.96472557273327, 21.686400660433623, 0.0, 0.0, 1.0 
31.38372826440934, 0.8945305591679461, 0.0, 0.315991273623384, 2.5000000000000013 
16.612374390215308, 18.17980941652231, 0.0, 8.60750191881287, 2.7000000000000015 
21.191604339948118, 11.98765719454938, 0.0, 0.0, 1.0 
17.555609608437212, 53.87930717633726, 0.0, 0.0, 1.0 
16.28779283272628, 23.662167474609817, 0.0, 2.731629260742371, 1.1 
57.408030497665514, 0.901842301482771, 0.0, 4.135541037599985, 2.7000000000000015 
55.40879995556605, 14.388051402642985, 0.0, 3.8644283682385323, 2.7000000000000015 
10.476194231126863, 37.641486969874784, 0.0, 4.28061221191571, 2.7000000000000015 
42.93541609408222, 59.08972188211977, 0.0, 5.966552176128438, 1.8000000000000007 
46.092354990770964, 42.82225184623248, 0.0, 3.128890219701228, 2.7000000000000015 
50.487580327592305, 29.647462947826085, 0.0, 2.3046079859712085, 1.4000000000000004 
5.721472182406313, 19.499163256774597, 0.0, 4.8692201249614, 2.7000000000000015 
63.90401290380404, 28.326906117210278, 0.0, 7.9630124738195445, 2.7000000000000015 
14.316825218984015, 34.660766532237076, 0.0, 3.9923418219476194, 2.7000000000000015 
39.23117630356194, 61.162096593310864, 0.0, 5.393828336220672, 2.7000000000000015 
32.02364169631693, 56.08088659313556, 0.0, -1.6875887464461954, 2.7000000000000015 
5.971828321064948, 11.927861167367505, 0.0, 4.182542375609009, 2.7000000000000015 
35.80602901144625, 35.73787174957679, 0.0, 3.7985779018053605, 2.7000000000000015 
4.265285703627944, 63.07916531226519, 0.0, 0.0, 1.0 
25.459338607063174, 32.62779652904283, 0.0, 0.0, 1.0 
63.41199449243561, 35.29080978957728, 0.0, 2.228188437605604, 2.7000000000000015 
40.157259667519455, 42.35878422525222, 0.0, 3.3170950102564523, 2.7000000000000015 
21.964599677305284, 41.399551154691274, 0.0, 2.5896037315550986, 2.7000000000000015 
63.94666972587111, 33.01431060418634, 0.0, 2.148674325866133, 2.6000000000000014 
5.095200633966743, 50.271181266672464, 0.0, 4.217131532936996, 2.7000000000000015 
59.26125735892946, 52.535060907639554, 0.0, 3.915916692065243, 2.7000000000000015 
63.686954740685124, 23.40621661681299, 0.0, 3.06275448272972, 2.6000000000000014 
60.55599935096825, 59.77073270190699, 0.0, 3.046893693539604, 2.7000000000000015 
47.669462254149224, 45.108454267706115, 0.0, 2.763286682202638, 2.7000000000000015 
38.82412504026141, 64.00934383872027, 0.0, 2.632492072666892, 2.6000000000000014 
9.37630994879266, 35.42854564833259, 0.0, 3.2661313756818235, 2.7000000000000015 
19.73597858284873, 58.79670780611474, 0.0, 0.0, 1.0 
18.903014815768934, 25.05905781762317, 0.0, 0.0, 1.0 
11.11845350823297, 50.382442031325944, 0.0, 0.0, 1.0 
5.181371647912807, 47.11459218762918, 0.0, 3.763983226142957, 2.6000000000000014 
6.593202195357917, 26.769188083144492, 0.0, 5.5921124849082, 2.7000000000000015 
0.11863145936243039, 39.850091094461426, 0.0, 0.0, 1.0 
3.0593470833902328, 34.049439084524266, 0.0, 0.0, 1.0 
51.40914374997678, 7.672516772683024, 0.0, 4.656947462496594, 1.3000000000000003 
19.788187541439736, 62.14099532935432, 0.0, 0.0, 1.0 
13.723138346289025, 6.411987137151766, 0.0, 4.278887958784601, 2.7000000000000015 
56.16303038300051, 27.249203297884993, 0.0, 6.115797740231054, 2.7000000000000015 
48.62443958730442, 22.693030432363624, 0.0, 3.8588605046033857, 2.7000000000000015 
7.471372032419065, 27.676749296174844, 0.0, 5.0887553687509515, 2.7000000000000015 
19.540929849030128, 33.468913459268414, 0.0, 0.0, 1.0 
63.159841017083984, 50.640277106375954, 0.0, 0.705679076040546, 2.7000000000000015 
6.76666561296964, 44.098322835370766, 0.0, 0.0, 1.0 
23.595874529674482, 43.91355264809449, 0.0, 3.103729051929671, 2.7000000000000015 
35.40924420264972, 40.978946473084065, 0.0, 2.741587506241557, 2.7000000000000015 
56.7698825059467, 8.836923637549356, 0.0, 4.644977961735565, 2.7000000000000015 
21.44244300842961, 51.09799576796779, 0.0, 0.0, 1.0 
15.601718503990389, 25.984325495805912, 0.0, 4.3350283728954615, 2.7000000000000015 
17.987317090092503, 30.007690683714355, 0.0, 0.0, 1.0 
3.246725162846875, 6.966309875096769, 0.0, 5.097172948964667, 2.7000000000000015 
15.188423971821235, 46.87451097620235, 0.0, 0.0, 1.0 
54.002154119219675, 40.406699653073844, 0.0, 2.868032854519779, 2.7000000000000015 
29.084916685779962, 35.26887901150704, 0.0, 1.2902613364283029, 2.7000000000000015 
47.905188351317975, 34.72288681554472, 0.0, 1.8227643007611438, 2.100000000000001 
14.029423885035142, 53.92414384553487, 0.0, 0.0, 1.0 
15.093559349809977, 29.887766849165647, 0.0, -1.3329792803560865, 2.7000000000000015 
33.55505549658586, 34.06292446625837, 0.0, 0.0, 1.0 
58.67392496753299, 9.162632646433186, 0.0, 2.4615295771856576, 2.7000000000000015 
8.610446027135977, 41.0988866386941, 0.0, 0.0, 1.0 
2.3172932597621205, 58.03843616738107, 0.0, 0.0, 1.0 
29.002410377546138, 54.83805163264391, 0.0, 0.0, 1.0 
30.094422850213157, 41.13994756017362, 0.0, 2.6338520949971924, 2.7000000000000015 
8.15841550730674, 17.350954060570302, 0.0, 4.307082254434407, 2.7000000000000015 
50.80901727910321, 36.15967730106861, 0.0, 2.8580602775049746, 2.7000000000000015 
62.65192046740685, 17.19276493155592, 0.0, 1.3684000447665883, 2.7000000000000015 
11.362853079793352, 30.425728597122056, 0.0, 10.734579010598372, 2.7000000000000015 
62.70052721906449, 31.788173952695956, 0.0, 1.5236806465259072, 2.7000000000000015 
13.022956410776354, 57.66874215427253, 0.0, 4.35901694787407, 2.7000000000000015 
35.46463333593177, 31.615045258513618, 0.0, 3.0814709164593093, 2.7000000000000015 
64.20594826954363, 16.237931258600995, 0.0, 4.562301084036672, 2.5000000000000013 
1.1622440883286111, 34.96356007079543, 0.0, 0.0, 1.0 
46.688684625484285, 55.85721887667379, 0.0, 4.613115254041914, 2.7000000000000015 
20.93800598308654, 21.808776941993017, 0.0, 0.0, 1.0 
52.168473075754136, 19.318740173735712, 0.0, 5.996735358344549, 2.7000000000000015 
57.50804606264479, 40.64714841423029, 0.0, 4.176418606422504, 2.7000000000000015 
13.076275160206162, 30.491245523164167, 0.0, 3.8625041061711722, 2.7000000000000015 
17.744994360578197, 58.274766504034936, 0.0, 2.9131260391727967, 2.300000000000001 
38.486876565356496, 24.544776035925544, 0.0, 2.5340901016942405, 2.7000000000000015 
52.12038354163811, 30.324532705262598, 0.0, 2.6216772151016006, 2.7000000000000015 
13.767424941326372, 63.0461720097978, 0.0, 4.719259259965426, 2.7000000000000015 
57.692426347682556, 14.287123074093241, 0.0, 2.0475472544702527, 2.7000000000000015 
42.31840414282955, 6.47965279842458, 0.0, 2.975014408465439, 2.7000000000000015 
38.55189457836767, 11.343130442673756, 0.0, 0.6970050044234453, 2.7000000000000015 
18.811693616682103, 0.8632996158485973, 0.0, 0.0, 1.0 
21.552089120411374, 25.18827209362729, 0.0, 0.0, 1.0 
25.933791440715535, 5.807310165955759, 0.0, 0.08662943131294498, 2.100000000000001 
60.953401185972375, 45.51258527610923, 0.0, 4.372136877302936, 2.7000000000000015 
55.10936165506056, 10.726210197002773, 0.0, 3.970511699461512, 2.7000000000000015 
51.3338621865044, 47.82153381031861, 0.0, 4.313534910026759, 2.7000000000000015 
31.564208122528317, 59.3849852818408, 0.0, 0.0, 1.0 
49.778956852859224, 54.63921997217089, 0.0, 3.6313441871299825, 2.7000000000000015 
62.460072411510424, 46.023087943672316, 0.0, 4.275698584659309, 2.7000000000000015 
53.56172735655783, 63.22977411498682, 0.0, 4.586456936558172, 2.6000000000000014 
38.425958779524905, 19.16392807659117, 0.0, 0.5514893796338732, 2.7000000000000015 
51.44627161239532, 61.07640847568893, 0.0, -1.316509868591045, 2.6000000000000014 
23.357152918584525, 9.309541076978176, 0.0, 0.0, 1.0 
16.01169491630805, 61.35362134430409, 0.0, 4.116016447242117, 2.6000000000000014 
10.41298687324831, 44.05090213575863, 0.0, 0.0, 1.0 
9.415387197655457, 12.957775677810753, 0.0, 4.608017442174404, 2.7000000000000015 
42.06770418130492, 1.0297282308211941, 0.0, 3.080093768411402, 2.7000000000000015 
36.260081954538904, 24.73110026071909, 0.0, 2.5770710722996655, 2.7000000000000015 
0.20309847638245693, 9.628641374136485, 0.0, 3.804792746046062, 2.5000000000000013 
33.27840655591787, 0.46786389975492393, 0.0, 0.5331554852817004, 2.7000000000000015 
1.679164843487108, 30.860650178849816, 0.0, 0.0, 1.0 
4.583151724451824, 4.023282714841053, 0.0, 5.390626152653058, 2.7000000000000015 
30.311837369535372, 27.377722968079116, 0.0, 3.2062621112247487, 2.7000000000000015 
16.264495136917155, 54.98959302005006, 0.0, 0.0, 1.0 
19.122865144599015, 48.435651719864296, 0.0, 0.0, 1.0 
3.0850080888047033, 61.52674224802154, 0.0, 0.0, 1.0 
47.952454703353894, 6.598806159768965, 0.0, 2.9972461297555237, 2.7000000000000015 
32.20914835282644, 42.13066381613319, 0.0, 2.8224716890761514, 2.7000000000000015 
7.103381492804388, 37.89153149199354, 0.0, 0.0, 1.0 
1.919162897319729, 28.66938727540601, 0.0, 2.203667677306986, 1.2000000000000002 
58.38921832411233, 55.762281709263604, 0.0, 1.506610634178598, 2.7000000000000015 
36.480650422392294, 54.17830947619845, 0.0, 0.0, 1.0 
31.594044317187006, 52.94217018620631, 0.0, 3.409528888531924, 2.7000000000000015 
25.522956058283956, 46.307960785384594, 0.0, 3.5728577035234865, 2.7000000000000015 
0.1500799907132057, 4.014074655518949, 0.0, 4.092941740155535, 2.000000000000001 
13.536746954200458, 38.74699514578203, 0.0, 3.961211234973495, 2.7000000000000015 
40.98152924565352, 8.395581577103634, 0.0, 0.0, 1.0 
14.776703899503513, 9.575404530527665, 0.0, 4.404881279593605, 2.7000000000000015 
22.77387591099556, 20.907502382284616, 0.0, 3.213882486202126, 2.4000000000000012 
12.346379369389552, 39.30013287826356, 0.0, 4.139760935015577, 2.7000000000000015 
21.804028890228977, 30.063077704312036, 0.0, 1.9482743221233532, 2.7000000000000015 
40.79985067822075, 17.934098447085947, 0.0, 1.031743347482516, 2.7000000000000015 
20.73188259898137, 60.55748320996152, 0.0, 0.0, 1.0 
9.97918705911536, 53.6719627807427, 0.0, 4.185505403084821, 2.7000000000000015 
16.24495525204523, 59.63115231719862, 0.0, 0.0, 1.0 
34.50261949952268, 62.07023830665976, 0.0, 4.696681612232524, 2.7000000000000015 
35.20219926868274, 7.623798859105753, 0.0, 0.7319081467507581, 1.9000000000000008 
51.867473533454785, 42.85308181363751, 0.0, 3.267979273216712, 2.7000000000000015 
23.087921016127446, 17.326884047477186, 0.0, 0.0, 1.0 
44.720496676139334, 57.59890279963254, 0.0, 6.139843825322503, 1.2000000000000002 
42.43924938882372, 2.288150319067071, 0.0, 3.169221660418958, 2.7000000000000015 
9.77543102990947, 9.124725857496813, 0.0, 4.203683066689442, 2.7000000000000015 
5.434085538254763, 56.57930365222525, 0.0, 0.0, 1.0 
39.43477095434623, 18.327753607269422, 0.0, 0.8330708989450504, 2.6000000000000014 
24.608726100158762, 2.824807224737945, 0.0, 0.0, 1.0 
10.013281669351326, 28.695346205035225, 0.0, 0.0, 1.0 
46.180200621677876, 36.21603492751843, 0.0, 2.293634551670388, 2.100000000000001 
25.724797422013683, 14.085127289660678, 0.0, 0.0, 1.0 
36.973497447019035, 30.049540933537504, 0.0, 0.0, 1.0 
23.523244069645855, 33.223873224669056, 0.0, 2.1007207582962595, 1.8000000000000007 
46.888991625787384, 32.247817794386826, 0.0, 3.2224467360858133, 2.6000000000000014 
1.8016035786439282, 53.76567423868092, 0.0, 0.0, 1.0 
1.4613704329769024, 44.02745207431829, 0.0, 3.4821161718388876, 2.7000000000000015 
2.0579824994367266, 5.915309315751751, 0.0, 5.693837430372575, 1.8000000000000007 
13.328028192058401, 9.289242512771356, 0.0, 4.868783028707684, 2.5000000000000013 
25.351838000018887, 9.544251975944928, 0.0, 0.0, 1.0 
26.346976090880254, 30.82751074923198, 0.0, 2.88717551670235, 2.7000000000000015 
40.10984115589561, 25.21331336882457, 0.0, 2.0202095211290563, 2.7000000000000015 
41.45977410466011, 52.935484810142945, 0.0, 5.9550097514726685, 2.5000000000000013 
20.329635515309725, 23.63584799477599, 0.0, 0.0, 1.0 
60.46837929215825, 4.127911487202024, 0.0, 2.8766663898513047, 2.7000000000000015 
49.68972523233127, 57.215437952208546, 0.0, 3.9342453249441376, 2.7000000000000015 
36.66062385986252, 60.06194379098939, 0.0, 0.0, 1.0 
35.80984468152663, 26.243897294936225, 0.0, 2.84702435229409, 2.7000000000000015 
5.608328261086666, 63.82039200745339, 0.0, 5.699051364275337, 2.7000000000000015 
35.06347330062946, 55.44433646732086, 0.0, 0.0, 1.0 
42.30115312499847, 36.749328202372695, 0.0, 2.76843732678004, 2.7000000000000015 
28.110846265073793, 3.014405749021468, 0.0, 0.28767059758984065, 2.200000000000001 
18.441968366295274, 43.784867882789314, 0.0, 3.7767073545244387, 2.7000000000000015 
39.12108307311434, 37.72962991872518, 0.0, 2.7780810781085745, 2.7000000000000015 
36.05425143337018, 57.12363123081927, 0.0, 0.0, 1.0 
38.67874623788369, 32.39321222310796, 0.0, 0.0, 1.0 
5.113489892547013, 61.18125306403585, 0.0, 0.0, 1.0 
31.126390884463895, 11.567807622121666, 0.0, 4.795341403469226, 2.7000000000000015 
23.386840826755037, 52.98575294378509, 0.0, 8.62192787851546, 2.7000000000000015 
23.2635660281922, 58.5707647806041, 0.0, 0.0, 1.0 
16.744440701737023, 7.462973959970564, 0.0, 3.852792452478935, 2.7000000000000015 
34.55344250018149, 47.364828217178484, 0.0, 3.4428792730852105, 2.7000000000000015 
48.086439776053865, 57.10592197676713, 0.0, 4.384810151194922, 2.7000000000000015 
29.06388546679016, 50.721107299145, 0.0, 3.510627910751113, 2.7000000000000015 
32.20955627832141, 25.602411735337732, 0.0, 2.516501419349103, 2.7000000000000015 
8.67249838632034, 26.81464019052185, 0.0, 4.528577746766461, 2.7000000000000015 
49.68020598957037, 61.31875334485581, 0.0, 2.40031997268731, 2.7000000000000015 
38.47555071303916, 40.10090852495318, 0.0, 2.852488473409612, 2.7000000000000015 
34.84428657525076, 58.099625962971025, 0.0, 4.363806577843759, 2.7000000000000015 
39.37182607274095, 1.7515449576308304, 0.0, 3.1052109088174005, 2.7000000000000015 
62.10979918332617, 54.845522637660835, 0.0, 0.0, 1.0 
30.51078970546631, 5.38854814871813, 0.0, 0.4619378833295717, 1.1 
41.671586882083645, 29.781325563553473, 0.0, 2.580554755512325, 2.7000000000000015 
9.658080774496836, 30.708550417512587, 0.0, 0.0, 1.0 
6.559285427235597, 1.2871605175026712, 0.0, 5.386281746294024, 2.7000000000000015 
38.00124884073844, 15.806983969946533, 0.0, 0.8995215099498082, 1.7000000000000006 
10.304075558411853, 25.532115135342277, 0.0, 4.542599820138855, 2.6000000000000014 
54.293875074166806, 4.694397172016093, 0.0, 4.154565357857902, 2.7000000000000015 
5.331017754128764, 40.89798917093286, 0.0, 0.0, 1.0 
21.667911745636015, 13.688135156158697, 0.0, 0.0, 1.0 
22.597196685191527, 19.564539504651528, 0.0, 3.275700116273107, 2.7000000000000015 
37.129900397204175, 3.7095095295008904, 0.0, 0.860669238012918, 2.000000000000001 
14.667127807343896, 49.81086134155823, 0.0, 0.0, 1.0 
46.035632342814566, 63.996857382489424, 0.0, 3.4324944321817163, 2.7000000000000015 
58.5392069834501, 10.744267154321372, 0.0, 3.0027161763490553, 2.7000000000000015 
15.920002160037905, 3.6225808615360533, 0.0, 5.035582461375007, 2.7000000000000015 
53.62349401203159, 20.978368516858204, 0.0, 1.1811646966862313, 1.2000000000000002 
20.823498593900517, 43.16495918411484, 0.0, 3.223984790836965, 2.7000000000000015 
36.488237149354106, 45.63229666618352, 0.0, 9.306680158870739, 2.7000000000000015 
34.38394964844908, 9.025528065340067, 0.0, 0.0, 1.0 
21.416541985546036, 34.64148226763431, 0.0, 0.0, 1.0 
26.100590136933782, 53.4979340901289, 0.0, 2.611961162040058, 2.7000000000000015 
10.537545816259561, 11.971695275628221, 0.0, 4.234628413994926, 2.7000000000000015 
9.258209663236878, 50.256383882537634, 0.0, 3.799192183597381, 2.100000000000001 
62.6548825306387, 44.26269677702876, 0.0, 4.061613796918595, 2.7000000000000015 
9.279924159307887, 58.77649034085245, 0.0, 4.401401048984342, 2.7000000000000015 
3.7013968758624243, 39.83115035494138, 0.0, 0.0, 1.0 
35.016191003694914, 42.214269517808155, 0.0, 3.0682937068030482, 2.100000000000001 
21.227642408210002, 57.85442298986161, 0.0, 0.0, 1.0 
39.2872283647844, 35.94306997963566, 0.0, 0.0, 1.0 
8.531918877520763, 19.851697569742008, 0.0, 4.315113399465394, 2.7000000000000015 
35.18438604925774, 29.245996894568886, 0.0, 0.0, 1.0 
48.93046767792329, 63.991320761802776, 0.0, 2.294594806593294, 2.7000000000000015 
52.59577296779432, 0.8675778852366243, 0.0, 4.807824669600565, 2.7000000000000015 
17.830348741882304, 5.82800833930698, 0.0, 4.6624108123046195, 2.7000000000000015 
45.131224477972296, 33.267027785568935, 0.0, 0.0, 1.0 
32.07126693559189, 39.5075233839114, 0.0, 2.624229151232703, 2.6000000000000014 
57.11455453195751, 16.562258639338534, 0.0, 3.249454025669781, 2.7000000000000015 
50.37276201254095, 44.77793902518562, 0.0, 4.244226204378379, 2.7000000000000015 
32.970858210125385, 3.405948888890747, 0.0, 1.3219845706783069, 2.7000000000000015 
7.768849267785754, 1.6576467063752252, 0.0, 4.8226400091713035, 2.7000000000000015 
9.227189155858968, 32.52087652455272, 0.0, 0.0, 1.0 
35.77696992087894, 27.54353710695148, 0.0, 2.8924981254925144, 2.7000000000000015 
1.8843348020872455, 36.8347693126048, 0.0, 0.0, 1.0 
41.34001518491626, 62.49333911778363, 0.0, 2.2924731975617476, 2.7000000000000015 
39.590095928593996, 4.026232996058336, 0.0, 3.2602897227200445, 1.9000000000000008 
17.482733289112993, 31.90676177274398, 0.0, 3.3682295281630394, 1.1 
54.498319184524846, 61.91701196326214, 0.0, 4.415126229949393, 2.7000000000000015 
29.934565192040257, 9.67515558341636, 0.0, -0.032718577685951884, 2.7000000000000015 
25.52962346400608, 7.557529695003705, 0.0, 0.017469057407931282, 1.1 
59.967463679931726, 19.567467235927367, 0.0, 0.19047916644845558, 2.7000000000000015 
48.710082083753356, 39.03702639485152, 0.0, 2.8190994486480627, 2.7000000000000015 
17.757465878247693, 27.853018157832384, 0.0, 1.0045074814439536, 1.3000000000000003 
26.009835695960376, 48.389533102254376, 0.0, 0.0, 1.0 
60.39666492844269, 37.803755072684496, 0.0, 0.0, 1.0 
33.225615814934635, 31.261081833641875, 0.0, 5.20961384792485, 2.7000000000000015 
14.344709792105025, 5.108028559958446, 0.0, 4.231773132138522, 2.7000000000000015 
33.8446191906545, 36.06162660039212, 0.0, 0.0, 1.0 
38.52730376090275, 27.0027633842919, 0.0, 0.0, 1.0 
16.153400030827555, 42.190065685152355, 0.0, 3.9860051574464532, 2.7000000000000015 
32.101956326280295, 21.496959050840058, 0.0, 2.3734275198855532, 2.300000000000001 
42.5569925683936, 31.21504193880466, 0.0, 0.0, 1.0 
38.44368085825901, 50.106670286577476, 0.0, 0.0, 1.0 
19.6263971188484, 42.17829475995879, 0.0, 3.239515292750245, 2.6000000000000014 
40.34752676828019, 50.61102961107675, 0.0, 0.0, 1.0 
3.284502729197067, 18.866812186526044, 0.0, 0.0, 1.0 
4.447241534211189, 51.98581884381156, 0.0, -1.7774810267009686, 2.7000000000000015 
2.933224192301449, 22.630394571325265, 0.0, 0.0, 1.0 
13.276007409631225, 41.95435713691736, 0.0, 0.0, 1.0 
4.051976558422243, 28.01967989747035, 0.0, 0.39022531947757894, 1.2000000000000002 
27.498219548769146, 25.97312856310643, 0.0, 3.6990956763037803, 2.7000000000000015 
7.310229621767209, 51.594502581618165, 0.0, 4.220663491748509, 2.7000000000000015 
8.952459118702235, 34.15440685725195, 0.0, 0.0, 1.0 
8.921609664050196, 37.00607076229276, 0.0, 4.132312029069227, 2.7000000000000015 
4.11438049562273, 58.14275530745036, 0.0, 0.0, 1.0 
47.98587359221589, 54.8513170392121, 0.0, 3.839877664856696, 2.7000000000000015 
6.5241957578221195, 62.13957220838061, 0.0, 0.0, 1.0 
37.58614058482238, 35.145424319261146, 0.0, 0.0, 1.0 
47.6497315764395, 36.97319767105895, 0.0, 2.8403182700178897, 2.6000000000000014 
0.6238494349788538, 42.731327465069214, 0.0, 3.5501715151001445, 2.7000000000000015 
9.448357602482904, 57.19073897024712, 0.0, 4.217700169485086, 2.7000000000000015 
12.501632357220762, 50.7540565365381, 0.0, 0.0, 1.0 
43.09320761030748, 49.96831733145969, 0.0, 3.291279320601237, 2.7000000000000015 
51.86410333469989, 14.528285911356482, 0.0, 5.104149058572979, 2.7000000000000015 
22.838088858086156, 49.7250844789292, 0.0, 0.0, 1.0 
42.32636910289889, 57.401209787311885, 0.0, 0.0, 1.0 
17.852852565233086, 33.92808843036973, 0.0, 0.0, 1.0 
42.75914463411894, 54.09007164185131, 0.0, 0.0, 1.0 
45.02115638515032, 1.3432231530528076, 0.0, 3.039800238570156, 2.7000000000000015 
19.908442701864804, 45.805996186155625, 0.0, 0.0, 1.0 
24.75796734573313, 21.88339617433072, 0.0, 3.0933639054863193, 2.7000000000000015 
36.80331542187536, 16.64876842189045, 0.0, 1.004531207617547, 2.7000000000000015 
16.64495289375038, 38.27703923413143, 0.0, 3.4674797144151905, 2.6000000000000014 
38.325382750549885, 5.9263994580264185, 0.0, 1.674894463144949, 2.7000000000000015 
58.01467427489462, 31.45932461707859, 0.0, 1.6478769274175804, 2.7000000000000015 
9.619503980633855, 63.84155804341552, 0.0, 4.621863495130187, 2.5000000000000013 
14.327002278189285, 40.966273563280055, 0.0, 4.053874475324005, 2.7000000000000015 
55.52774155395356, 8.389098537509767, 0.0, 4.656832974698043, 2.7000000000000015 
12.551293188339882, 12.79086906560249, 0.0, 0.0, 1.0 
11.786892184394226, 61.27552420428685, 0.0, 4.701690675740361, 2.200000000000001 
44.10017832598494, 28.06570272183736, 0.0, 3.5683203912330383, 2.7000000000000015 
16.08525879366407, 34.45518377186479, 0.0, 0.0, 1.0 
12.720981227468942, 24.99954585273117, 0.0, 4.328336017504384, 2.7000000000000015 
28.09818622275562, 38.37886380306873, 0.0, 6.469353983106978, 2.7000000000000015 
63.375275322779146, 52.47582086389548, 0.0, 0.898671855070608, 2.7000000000000015 
12.693072637561025, 4.0600197051166935, 0.0, 4.878806299010606, 2.200000000000001 
34.992940716029096, 37.869948804941195, 0.0, 2.5728099907156046, 2.7000000000000015 
11.621862988880673, 47.51323398901275, 0.0, 0.0, 1.0 
55.08349102115214, 18.361188842081482, 0.0, 5.361993438299287, 2.7000000000000015 
54.098597450241165, 55.21204240203884, 0.0, 3.168065830649564, 2.7000000000000015 
53.75932656404171, 53.829772071999976, 0.0, 3.321084303010179, 2.7000000000000015 
55.87929194250714, 0.5409592797471392, 0.0, 4.456906050980797, 2.7000000000000015 
18.908277494661082, 37.47089746898541, 0.0, 0.0, 1.0 
6.87469411994413, 30.27105595553547, 0.0, 5.1359675966580625, 2.7000000000000015 
17.96120155500635, 13.01350886525359, 0.0, 10.85770553297793, 2.7000000000000015 
57.74486231820296, 46.68015970266822, 0.0, 4.699222006784735, 2.7000000000000015 
28.790876118035815, 16.089486050001597, 0.0, 5.762033023378872, 1.4000000000000004 
6.838919428454995, 45.746094680591, 0.0, 0.0, 1.0 
43.42387773843602, 10.784484412417372, 0.0, 4.317262520515052, 2.7000000000000015 
