position_x,position_y,position_z,orientation,aspect_ratio
7.011864995821913, 12.384947483439454, 0.0, 0.0, 1.0 
38.00063167019468, 30.905175429913765, 0.0, 6.032427033964734, 1.5000000000000004 
5.025796764959595, 53.07905679352075, 0.0, 0.0, 1.0 
58.69284668515087, 16.36324291676518, 0.0, 0.0, 1.0 
14.996433363613844, 43.64078852326726, 0.0, 0.0, 1.0 
30.106364906609265, 50.46491907873207, 0.0, 0.0, 1.0 
14.612411466433768, 23.521096896443723, 0.0, 0.0, 1.0 
30.37978053051181, 3.157978113741162, 0.0, 0.0, 1.0 
3.042465781196721, 0.9094451636218378, 0.0, 0.0, 1.0 
29.006495977057675, 4.653391939434273, 0.0, 0.0, 1.0 
49.71597897209088, 36.399272191688596, 0.0, 6.093098844011348, 2.7000000000000015 
36.59427561048984, 45.65526042591774, 0.0, 0.0, 1.0 
45.337051165644525, 49.005730291648334, 0.0, 3.586685902920004, 1.4000000000000004 
15.000613242127665, 46.21596053731717, 0.0, 0.0, 1.0 
24.443515763006797, 39.996550952858655, 0.0, 0.0, 1.0 
9.471581575585766, 0.7381779450899957, 0.0, 0.0, 1.0 
39.20867823852509, 17.211624063642375, 0.0, 0.0, 1.0 
19.639576897046183, 41.88179815868044, 0.0, 0.0, 1.0 
37.81224907423874, 55.59696188419265, 0.0, 0.0, 1.0 
55.42521522112128, 12.95468009392026, 0.0, 0.31686685411096266, 2.7000000000000015 
32.18658074250925, 23.941537450218224, 0.0, 0.0, 1.0 
40.66220252653907, 26.98649936749666, 0.0, 3.8283284323886906, 2.7000000000000015 
49.166479657549296, 31.628224962420358, 0.0, 4.2698477800740555, 2.7000000000000015 
45.62819114890785, 60.68257362629381, 0.0, 0.0, 1.0 
44.596154096984655, 52.54888915987397, 0.0, 0.0, 1.0 
47.70815691097866, 14.400499076680317, 0.0, 0.0, 1.0 
59.66596960589536, 58.36372808940784, 0.0, 0.0, 1.0 
52.010440312311545, 55.48012296948489, 0.0, 0.0, 1.0 
51.217891856536674, 50.90003718349117, 0.0, 2.0371020580208485, 1.3000000000000003 
27.585989109499423, 56.802613536890895, 0.0, 0.0, 1.0 
20.78144691356102, 52.40374435181091, 0.0, 0.0, 1.0 
49.95830530993849, 43.10581127346798, 0.0, 2.6245939335824704, 2.5000000000000013 
49.828737593398635, 17.206227182984406, 0.0, 0.0, 1.0 
40.31799143671106, 43.17173542722372, 0.0, 1.003620946886825, 2.200000000000001 
36.52525637620683, 58.84171357519894, 0.0, 0.0, 1.0 
41.40760623668533, 40.732932237361275, 0.0, 1.1255895006470649, 2.7000000000000015 
38.74175864897397, 2.889217478839443, 0.0, 0.0, 1.0 
33.78106610782657, 52.0004757938074, 0.0, 0.0, 1.0 
36.979954560762096, 27.22186922211159, 0.0, 6.009297392117228, 1.6000000000000005 
21.91688181295048, 33.49877621007143, 0.0, 0.0, 1.0 
49.44839864920187, 19.112059120788672, 0.0, 0.0, 1.0 
22.964799492620763, 12.768836680371836, 0.0, 0.0, 1.0 
48.815842274122936, 58.08454596436856, 0.0, 0.0, 1.0 
26.952454455155184, 31.573809372564078, 0.0, 0.0, 1.0 
50.53194812108068, 11.00848200055037, 0.0, -0.11505150711079323, 2.7000000000000015 
7.091886135776335, 46.39846058311913, 0.0, 0.0, 1.0 
41.53064991569346, 49.1892108446272, 0.0, 0.0, 1.0 
21.122605601194685, 29.671036683461402, 0.0, 0.0, 1.0 
20.876995656310072, 38.523203052461646, 0.0, 0.0, 1.0 
35.4924735800682, 37.325970245281155, 0.0, 5.333632396005969, 1.2000000000000002 
9.494555884001743, 25.116339404001696, 0.0, 0.0, 1.0 
25.575099183140885, 0.7503511611343019, 0.0, 0.0, 1.0 
30.446440305466172, 20.25670271868499, 0.0, 0.0, 1.0 
57.63789324901795, 8.162389333927464, 0.0, 0.0, 1.0 
1.7202940178453467, 5.942035353341846, 0.0, 0.0, 1.0 
25.713113931876666, 38.64089859145582, 0.0, 0.0, 1.0 
38.08209641726455, 57.585370302643014, 0.0, 0.0, 1.0 
58.6028543208153, 45.46078938529518, 0.0, 0.0, 1.0 
39.586845551703334, 36.93619536232141, 0.0, 5.469607824302573, 2.7000000000000015 
26.699661750354192, 7.549648125600808, 0.0, 0.0, 1.0 
13.208324108342024, 13.088252123240164, 0.0, -0.7642355048427911, 2.7000000000000015 
7.760688959873479, 22.288755201303488, 0.0, 0.0, 1.0 
38.74851527465329, 15.140501730166351, 0.0, 0.0, 1.0 
50.72374127428744, 21.930818878086193, 0.0, 3.8317900412271477, 1.1 
49.426994367632076, 49.68976747603411, 0.0, 3.342240722449138, 1.3000000000000003 
23.838432741129232, 5.499988915232078, 0.0, 0.0, 1.0 
29.96295388552647, 16.202714730531536, 0.0, 0.0, 1.0 
54.94033245599331, 19.80996427934711, 0.0, 0.0, 1.0 
40.24696374874633, 60.407992872343044, 0.0, 0.0, 1.0 
4.3974506210153015, 58.82846833842767, 0.0, 0.0, 1.0 
47.640697678893005, 45.779470855718685, 0.0, 4.415867138332678, 1.4000000000000004 
24.45145625262466, 21.908515372641936, 0.0, 0.0, 1.0 
38.60475530201089, 0.7847255821504853, 0.0, 0.0, 1.0 
18.476405821405635, 45.21070840907246, 0.0, 0.0, 1.0 
24.07359766136212, 37.99188759914408, 0.0, 0.0, 1.0 
37.36840697591822, 29.047156308467155, 0.0, 5.4864219244364, 1.6000000000000005 
17.852944085328843, 54.41914462862203, 0.0, 0.0, 1.0 
8.274193377233134, 52.55612755806469, 0.0, 0.0, 1.0 
26.323164599588043, 22.467207664301377, 0.0, 0.0, 1.0 
56.45024562629945, 0.0118006641434647, 0.0, 0.0, 1.0 
8.540830841644528, 45.04528986808906, 0.0, 0.0, 1.0 
43.74348013460841, 59.89433034545442, 0.0, 0.0, 1.0 
7.146018673144643, 5.519083879832922, 0.0, 0.0, 1.0 
56.35537243447958, 10.184145844721229, 0.0, 0.0, 1.0 
16.573349333593377, 44.627761202910754, 0.0, 0.0, 1.0 
34.30087683053481, 31.80310395518321, 0.0, 0.0, 1.0 
31.368672706503755, 47.468671380496986, 0.0, 3.409883818949317, 2.7000000000000015 
60.405194079719585, 38.64031980727241, 0.0, 0.0, 1.0 
29.492580013643465, 36.93340556193844, 0.0, 0.0, 1.0 
4.587870702971743, 26.937630616827274, 0.0, 0.0, 1.0 
11.703840271682513, 16.705569805339316, 0.0, 5.767085850783688, 2.7000000000000015 
53.592860580413046, 54.16386159327951, 0.0, 0.0, 1.0 
6.430144625118906, 27.630533440467115, 0.0, 0.0, 1.0 
27.60077105235611, 21.059297531231696, 0.0, 0.0, 1.0 
32.89299948560697, 25.87031003235366, 0.0, 0.0, 1.0 
43.50471758774039, 57.86052511486129, 0.0, 0.0, 1.0 
9.140125542483554, 32.397386007135836, 0.0, 0.0, 1.0 
15.352555021116943, 48.20301052293668, 0.0, 0.0, 1.0 
39.16681346756417, 23.894892372834, 0.0, 0.0, 1.0 
41.17085427675754, 23.945749676469447, 0.0, 3.958364118540871, 1.7000000000000006 
16.358190188566844, 50.02451649915963, 0.0, 0.0, 1.0 
54.74900783525913, 51.24985489853685, 0.0, 0.0, 1.0 
30.946517427067757, 5.070907792395671, 0.0, 0.0, 1.0 
19.941240206042224, 54.27524177212485, 0.0, 0.0, 1.0 
19.626472890693844, 15.934578168352045, 0.0, 0.0, 1.0 
10.95208546456757, 19.993476000133754, 0.0, 0.0, 1.0 
7.614975314662954, 33.77215228169527, 0.0, 0.0, 1.0 
16.66676820242664, 8.13652041076817, 0.0, 0.0, 1.0 
19.97426981880547, 32.783143442566136, 0.0, 0.0, 1.0 
13.847113251552756, 54.877926547645494, 0.0, 1.1515122333653953, 1.3000000000000003 
28.48643390279226, 51.69786731064767, 0.0, 0.0, 1.0 
53.943525169837905, 56.17818760679469, 0.0, 0.0, 1.0 
14.847580189170861, 34.48072432482474, 0.0, 0.0, 1.0 
32.74878895557379, 57.3036792203922, 0.0, 0.0, 1.0 
23.06020709073674, 23.240508265167254, 0.0, 0.0, 1.0 
18.84340607283495, 10.602199670576269, 0.0, -0.6079871794002253, 2.7000000000000015 
27.316115870354626, 5.703188918808641, 0.0, 0.0, 1.0 
1.0652235835890593, 0.2589704631845145, 0.0, 0.0, 1.0 
5.165287438769154, 45.71665454017896, 0.0, 0.0, 1.0 
3.690272867722514, 47.08326838161431, 0.0, 0.0, 1.0 
60.14988845243414, 1.4871815105967134, 0.0, 0.0, 1.0 
47.49119093008436, 39.15325351162628, 0.0, 4.470113092718285, 1.7000000000000006 
34.52972575279882, 35.475013922397444, 0.0, 0.9149434253913232, 1.1 
17.28060352461162, 2.9303851684665188, 0.0, 0.0, 1.0 
60.733838066532236, 27.686050565142846, 0.0, 5.889321985579084, 2.7000000000000015 
40.68533660854514, 51.050313237504, 0.0, 0.0, 1.0 
27.135093552042754, 38.44204692976831, 0.0, 4.371396169503254, 2.6000000000000014 
34.70357863543245, 10.981972592889672, 0.0, 0.0, 1.0 
50.23428723714721, 12.535317717255316, 0.0, 5.750519181691435, 2.300000000000001 
16.056483404174543, 40.42067952957744, 0.0, 0.0, 1.0 
24.03000275926324, 27.106081117173837, 0.0, 0.0, 1.0 
10.598159172364737, 14.379534237603703, 0.0, 0.07788653857373043, 2.7000000000000015 
24.329221377135717, 58.49784038010786, 0.0, -0.15729509513501527, 2.5000000000000013 
39.74053198010375, 56.34779905843273, 0.0, 0.0, 1.0 
60.29348064837135, 40.53336742215323, 0.0, 3.3086185079345096, 1.5000000000000004 
58.08991878788261, 59.622214258195605, 0.0, 0.0, 1.0 
32.99408438638462, 44.59221931207747, 0.0, 0.0, 1.0 
9.734790888283838, 16.459565158651795, 0.0, 6.237896110453998, 2.7000000000000015 
22.845548092885544, 52.16163814159785, 0.0, 0.0, 1.0 
22.187234244248636, 5.175251407809538, 0.0, -0.5087613794280641, 2.7000000000000015 
11.66308759102836, 49.5074904482997, 0.0, 2.6284656056723015, 1.1 
25.967487752833904, 10.885679137751914, 0.0, 0.0, 1.0 
17.813513599246463, 21.279830186740092, 0.0, 0.0, 1.0 
11.831629431175658, 44.30518852148669, 0.0, 0.0, 1.0 
11.879768519472943, 10.220413603735352, 0.0, 0.0, 1.0 
14.449583513459409, 13.330725477142499, 0.0, -0.7107856120027041, 2.6000000000000014 
49.315092167518024, 45.19168151486769, 0.0, 4.125837297477315, 1.5000000000000004 
30.858979727572493, 38.990118704355126, 0.0, 0.0, 1.0 
50.65508389464074, 37.63993564159555, 0.0, 2.467378816638054, 2.200000000000001 
11.017362039188878, 21.90779599361955, 0.0, 0.0, 1.0 
34.49424886717457, 19.345491929824547, 0.0, 4.4092087134690185, 2.6000000000000014 
44.94047028861334, 19.084413299760907, 0.0, 0.0, 1.0 
7.382131824833574, 41.0687821434038, 0.0, 0.0, 1.0 
6.0533821767135425, 1.6312747304750543, 0.0, 0.0, 1.0 
31.610787612805098, 16.32757743608222, 0.0, 0.0, 1.0 
7.900019996802391, 26.375917853582823, 0.0, 0.0, 1.0 
2.148570235218618, 7.783677268541471, 0.0, 0.0, 1.0 
13.817587328152461, 10.91210463680916, 0.0, 0.0, 1.0 
19.731190160743704, 13.890608349874517, 0.0, 0.0, 1.0 
56.385721211710404, 29.694859878667252, 0.0, 3.65261950155673, 2.7000000000000015 
33.03900808991025, 13.409721918169867, 0.0, 4.359474253985639, 2.7000000000000015 
7.990986011414166, 35.75843314273437, 0.0, 0.0, 1.0 
7.384700088382174, 56.021155394624316, 0.0, 0.0, 1.0 
28.2091636438048, 35.27666693698023, 0.0, 0.0, 1.0 
9.542796144571048, 7.81437397593689, 0.0, 0.0, 1.0 
5.644582751179001, 47.73753944361531, 0.0, 0.0, 1.0 
56.30131123052746, 37.79342663997533, 0.0, 4.0126282635093835, 1.6000000000000005 
4.649856645711957, 43.72643605332216, 0.0, 0.0, 1.0 
30.339522462777552, 52.45731778820269, 0.0, 0.0, 1.0 
3.5742529970530907, 54.49200788125736, 0.0, 0.0, 1.0 
48.30292796486008, 51.302317547922314, 0.0, 0.0, 1.0 
2.012329728721158, 55.82731764808028, 0.0, 0.0, 1.0 
51.20175649126597, 13.890714275725605, 0.0, 5.261212541775841, 1.1 
28.896912255084406, 8.384949062241486, 0.0, 0.0, 1.0 
24.012352318581684, 17.90928411180642, 0.0, 0.0, 1.0 
3.692566809540826, 30.530978740831117, 0.0, 0.0, 1.0 
22.906765479511126, 3.2982022347140636, 0.0, 0.0, 1.0 
13.339271422471565, 8.909821505591312, 0.0, 0.0, 1.0 
2.369827581147753, 23.273130616487702, 0.0, 0.0, 1.0 
14.90097694654825, 26.92390575048914, 0.0, 0.0, 1.0 
33.488890279491535, 37.207564289541, 0.0, 0.0, 1.0 
15.759459052600484, 16.83920001738611, 0.0, 0.0, 1.0 
15.998181882675533, 30.124288250363367, 0.0, 0.0, 1.0 
25.373856496897567, 9.138446902332566, 0.0, 0.0, 1.0 
51.62668600866771, 7.808924855083126, 0.0, 0.0, 1.0 
32.485489901533924, 55.260087770927264, 0.0, 0.0, 1.0 
39.500313730452966, 28.495680466116486, 0.0, 0.6581456337323782, 1.5000000000000004 
39.48998667429336, 54.33975901481399, 0.0, 0.0, 1.0 
15.216806662056221, 31.521930651300146, 0.0, 0.0, 1.0 
57.69259586879188, 21.923655490407967, 0.0, 0.0, 1.0 
4.134834258677165, 8.253937568377058, 0.0, 0.0, 1.0 
35.29872801082632, 28.779112915362763, 0.0, 6.182858324235499, 1.1 
32.46826495764002, 35.39033549965082, 0.0, 0.0, 1.0 
60.325239064976486, 3.505688734037531, 0.0, 0.0, 1.0 
12.938263217946874, 6.987538328236431, 0.0, 0.0, 1.0 
1.2360609090870822, 44.36402041613548, 0.0, 0.0, 1.0 
55.66837860623127, 8.28651095682335, 0.0, 0.0, 1.0 
13.950111759488307, 30.091818675132817, 0.0, 0.0, 1.0 
38.37179197343587, 32.67344857696222, 0.0, 2.8745751842168374, 2.7000000000000015 
25.557668312770183, 18.48025580394176, 0.0, 0.0, 1.0 
25.073717399312457, 50.225785310605346, 0.0, 0.0, 1.0 
34.92702965531134, 14.523402728750778, 0.0, 0.0, 1.0 
44.38234298093054, 24.159274867824383, 0.0, 4.154361760073962, 2.6000000000000014 
28.50584412026343, 2.6905317140870335, 0.0, 0.0, 1.0 
36.76691555057189, 8.113175091442391, 0.0, 0.0, 1.0 
27.693367245341758, 36.92652105482112, 0.0, 0.0, 1.0 
48.097844624234796, 8.703276023707087, 0.0, 0.0, 1.0 
34.71339049170635, 12.815185208775363, 0.0, 0.0, 1.0 
14.41678173419298, 5.621095534207575, 0.0, 0.0, 1.0 
51.4686970058825, 40.71317977032591, 0.0, 3.650078876233975, 2.7000000000000015 
1.060607068580852, 37.21905930494341, 0.0, 0.0, 1.0 
18.93631161117725, 47.20690503175555, 0.0, 0.0, 1.0 
20.945294423749612, 6.714645806702307, 0.0, -0.3413680777288069, 2.7000000000000015 
7.597422432494499, 7.388697958954675, 0.0, 0.0, 1.0 
43.795900036710876, 1.1098578825584962, 0.0, 0.0, 1.0 
46.06552022871028, 15.649321325278374, 0.0, 0.0, 1.0 
5.697535089092047, 33.166896656137496, 0.0, 0.0, 1.0 
27.82094959581116, 11.476779807350232, 0.0, 0.0, 1.0 
36.89976511147549, 14.301966069780581, 0.0, 4.818182303426575, 1.1 
8.848691938811537, 54.52961783590804, 0.0, 0.0, 1.0 
42.373562155451225, 6.526123604730055, 0.0, 0.0, 1.0 
43.18700167955216, 24.708146545325615, 0.0, 4.0984408053862476, 2.7000000000000015 
3.6695192318059764, 6.438649050776633, 0.0, 0.0, 1.0 
60.68592029051903, 16.57327878453705, 0.0, 0.0, 1.0 
36.23360518570728, 56.81697983795388, 0.0, 0.0, 1.0 
15.508996501580393, 15.03841112954521, 0.0, -0.9412987735661255, 2.7000000000000015 
27.9213678776772, 58.72320962968232, 0.0, 0.0, 1.0 
58.51200293441817, 2.789992885915827, 0.0, 0.0, 1.0 
2.320860248011828, 57.84931427816662, 0.0, 0.0, 1.0 
10.015105247521042, 2.6584476681183076, 0.0, 0.0, 1.0 
20.01867936615045, 59.443423148717514, 0.0, 0.0, 1.0 
35.056111442029476, 47.024656417867405, 0.0, 0.0, 1.0 
23.519094470818587, 9.057804981805209, 0.0, 0.0, 1.0 
58.637441492017736, 52.37807017281856, 0.0, 0.0, 1.0 
53.64662894840771, 17.434326749006892, 0.0, 4.1255153745652615, 1.2000000000000002 
1.0848713752929728, 24.834084983401784, 0.0, 0.0, 1.0 
12.719672370778126, 20.835071892151518, 0.0, 0.0, 1.0 
40.40263162168581, 1.6218774037070176, 0.0, 0.0, 1.0 
41.08370910433833, 53.096730228867074, 0.0, 0.0, 1.0 
26.312446380072622, 14.731792629538567, 0.0, 0.0, 1.0 
47.74082496076661, 18.696924272809376, 0.0, 5.328604230619245, 2.7000000000000015 
6.488174563987882, 37.11491949959856, 0.0, 0.0, 1.0 
44.255562655722386, 7.276702911156219, 0.0, 2.494987000270881, 1.1 
43.256360595298965, 20.491029736143656, 0.0, 5.225064631267204, 2.200000000000001 
55.50532828418294, 54.94499972326733, 0.0, 0.0, 1.0 
58.91174494955505, 42.06525563445635, 0.0, 0.0, 1.0 
35.96338456376726, 54.806474460996526, 0.0, 0.0, 1.0 
27.926124139011687, 40.8325258598305, 0.0, 5.538878250901931, 2.7000000000000015 
2.6512977161506126, 50.405661068984045, 0.0, 0.0, 1.0 
18.076736765576005, 43.26853563732265, 0.0, 0.0, 1.0 
26.336125738340648, 40.41350764110258, 0.0, 0.0, 1.0 
18.20993537847124, 6.866982459454321, 0.0, 0.0, 1.0 
46.154969942891974, 11.566127967470203, 0.0, 0.349467343247814, 1.1 
57.75970290874421, 34.546593852165394, 0.0, 0.2999756170874831, 1.7000000000000006 
40.414161205009485, 5.860390443887401, 0.0, 0.0, 1.0 
3.118112294427266, 25.172089513772747, 0.0, 0.0, 1.0 
26.907438309289436, 17.015114010252166, 0.0, 0.0, 1.0 
12.275609973401012, 38.992876258369215, 0.0, 0.0, 1.0 
43.90975460022509, 3.1706593499317375, 0.0, 0.0, 1.0 
20.58064457649879, 8.394153250391144, 0.0, -0.7574957674358203, 2.7000000000000015 
48.97172330923519, 27.808568053379727, 0.0, 1.8692891357632555, 1.4000000000000004 
16.738028227363237, 52.454454384875206, 0.0, 4.626451018712075, 1.5000000000000004 
17.230700884499626, 28.49636449375603, 0.0, 0.0, 1.0 
19.3545790540354, 39.87365175040231, 0.0, 0.0, 1.0 
48.565673763248796, 25.479531974025754, 0.0, 1.241276868195782, 1.3000000000000003 
55.15437804470198, 31.335772282800914, 0.0, 0.7300676347579194, 2.7000000000000015 
42.287834452209644, 4.47367346505268, 0.0, 0.0, 1.0 
30.474319784932558, 42.60224574591144, 0.0, 0.0, 1.0 
0.7323778172178146, 28.854772439887448, 0.0, 0.0, 1.0 
11.071359507452758, 23.85551730925805, 0.0, 0.0, 1.0 
11.047319193260707, 33.01908662964, 0.0, 0.0, 1.0 
2.595566859142726, 17.92415259952108, 0.0, 0.0, 1.0 
24.13707689998845, 46.83681860859191, 0.0, 0.0, 1.0 
49.80361355788558, 35.06534298529827, 0.0, 3.126019510577736, 2.7000000000000015 
51.054140064891634, 32.59675383021221, 0.0, 0.9120910513836981, 2.7000000000000015 
41.493051216089526, 45.06348865751435, 0.0, 2.4187189882508013, 2.6000000000000014 
60.64433999023583, 5.438430298640024, 0.0, 0.0, 1.0 
7.13199045801762, 16.977089676110616, 0.0, -0.044521287725018774, 2.5000000000000013 
3.508337401315846, 19.452766431584475, 0.0, 0.0, 1.0 
52.981634120824566, 14.837348111298596, 0.0, 0.0, 1.0 
20.41061595811323, 45.784985149630664, 0.0, 0.0, 1.0 
19.325075648063116, 19.93502053748761, 0.0, 0.0, 1.0 
27.05206046874061, 60.27529278999832, 0.0, 0.0, 1.0 
28.517977545908778, 17.545202351375313, 0.0, 0.0, 1.0 
41.62458911925818, 57.12931205058263, 0.0, 0.0, 1.0 
19.88003450983851, 49.051008094775895, 0.0, 0.0, 1.0 
17.00610191105891, 56.30159410005278, 0.0, 0.0, 1.0 
6.462299769086692, 21.20619235321054, 0.0, 0.0, 1.0 
31.646578540544045, 40.8657964400332, 0.0, 0.0, 1.0 
38.50006033448116, 22.41392433020992, 0.0, 3.2358603966668, 2.7000000000000015 
15.03143055815603, 9.300455242315119, 0.0, 0.0, 1.0 
33.711706025852145, 2.4717219780183357, 0.0, 0.0, 1.0 
42.02500680574186, 0.3409833112939045, 0.0, 0.0, 1.0 
2.1112550978320908, 29.888594816732102, 0.0, 0.0, 1.0 
11.823594484781601, 37.012509425373935, 0.0, 0.0, 1.0 
24.067850529133782, 44.27223530219188, 0.0, 0.0, 1.0 
11.428205932931164, 8.365984883895734, 0.0, 0.0, 1.0 
53.71153134058496, 47.46907523923113, 0.0, 3.791416831220035, 1.9000000000000008 
33.186871708020945, 18.92064601632269, 0.0, 4.449507228017845, 2.7000000000000015 
15.43599534201496, 57.3728715576847, 0.0, 0.0, 1.0 
12.761398169696934, 22.741045994009642, 0.0, 0.0, 1.0 
50.73695111312614, 58.78746966610388, 0.0, 0.0, 1.0 
11.030724102796816, 13.16316366623844, 0.0, 0.0, 1.0 
15.225072201946432, 36.433754288284895, 0.0, 0.0, 1.0 
53.326542611434704, 33.510217141887864, 0.0, 3.2414549764509415, 1.2000000000000002 
27.187543379300493, 19.072969769305946, 0.0, 0.0, 1.0 
37.85127923246687, 43.94527828877637, 0.0, 0.0, 1.0 
55.73211420224003, 27.921303661540346, 0.0, 3.7191522132793695, 2.7000000000000015 
22.397734836725437, 10.809359870095903, 0.0, 0.0, 1.0 
29.243116926963108, 44.27792964271545, 0.0, 0.0, 1.0 
10.52484895281798, 45.66146551165095, 0.0, 0.0, 1.0 
59.39727633253459, 14.590778010092672, 0.0, 6.108813908733578, 2.7000000000000015 
60.70559909475279, 20.004681828648035, 0.0, 0.0, 1.0 
0.32341269279225004, 30.868044138713127, 0.0, 0.0, 1.0 
56.72133260075727, 16.064401833713628, 0.0, 0.0, 1.0 
58.16039207736306, 50.35847286884343, 0.0, 0.0, 1.0 
24.968591707823304, 23.860888521054473, 0.0, 0.0, 1.0 
52.861306931242034, 51.90598505246877, 0.0, 0.0, 1.0 
14.201375303842662, 14.979971303653654, 0.0, -0.7288568188871081, 2.7000000000000015 
16.739071917969163, 26.561249796891975, 0.0, 0.0, 1.0 
32.21942656050441, 53.23253514550398, 0.0, 0.0, 1.0 
3.2092441216650265, 45.075131409336805, 0.0, 0.0, 1.0 
59.10100419635295, 27.165147876706303, 0.0, 5.879354966769997, 2.7000000000000015 
47.90445003819702, 16.424427444831284, 0.0, 0.0, 1.0 
28.819213978091863, 19.59915957888156, 0.0, 0.0, 1.0 
42.894881248396864, 49.94314900256016, 0.0, 2.3776407910162, 2.7000000000000015 
60.13416782402152, 10.797668178964994, 0.0, 0.0, 1.0 
23.15428189955768, 55.71490602924818, 0.0, 0.0, 1.0 
49.12360179388082, 60.117467613668275, 0.0, 0.0, 1.0 
38.270637347591254, 39.85824858067431, 0.0, 5.534673785604905, 2.7000000000000015 
58.69614703184147, 13.492809322993525, 0.0, 3.0124996335114318e-05, 2.7000000000000015 
33.68058248138039, 49.33800967121797, 0.0, 0.0, 1.0 
0.44232288153173577, 57.102684423352734, 0.0, 0.0, 1.0 
42.34686135508276, 11.805784376899851, 0.0, 0.0, 1.0 
21.145778010919987, 40.566114563394684, 0.0, 0.0, 1.0 
55.67368325701703, 21.75041484843792, 0.0, 0.0, 1.0 
10.335085526130523, 38.329611552880245, 0.0, 0.0, 1.0 
15.784262848848845, 54.69643239984702, 0.0, 5.1728366788909845, 1.4000000000000004 
39.08913744935143, 33.781317051339066, 0.0, 2.8637602356563225, 2.7000000000000015 
23.894165546062045, 15.996307198315241, 0.0, 0.0, 1.0 
57.68898689152583, 36.330670021621835, 0.0, 3.009003215364421, 1.1 
58.44677194776065, 38.251054262496595, 0.0, 0.0, 1.0 
35.550433077269176, 33.50470660734749, 0.0, 6.0836603753451755, 1.1 
42.69141204525074, 39.90386092572354, 0.0, 1.7026855784234156, 2.7000000000000015 
21.946755170053766, 1.4733053206847408, 0.0, 0.0, 1.0 
41.56068638921511, 47.433960362606165, 0.0, 2.6146916636141433, 2.6000000000000014 
22.360543642706247, 17.21352118418385, 0.0, 0.0, 1.0 
60.09314864134881, 51.04955770777542, 0.0, 0.0, 1.0 
24.056027097167807, 35.9621132930183, 0.0, 0.0, 1.0 
12.503947157870039, 5.039506781279082, 0.0, 0.0, 1.0 
31.158767501885347, 44.57589434236064, 0.0, 0.0, 1.0 
3.0017900148475545, 37.83805015035902, 0.0, 0.0, 1.0 
46.49725274522991, 53.18796113889965, 0.0, 0.0, 1.0 
37.40144743031143, 16.62901916023383, 0.0, 0.0, 1.0 
12.85225275625128, 24.58893784267569, 0.0, 0.0, 1.0 
46.804156758284904, 32.76104240551882, 0.0, 4.598302406537206, 2.6000000000000014 
16.763158587361065, 35.163543540415326, 0.0, 0.0, 1.0 
22.138886787488037, 26.489482388793423, 0.0, 0.0, 1.0 
48.52983935542042, 56.01023088041872, 0.0, 0.0, 1.0 
36.18682170754771, 21.910031189671304, 0.0, 0.0, 1.0 
47.44758918705907, 29.444786633957513, 0.0, 3.1893891657767193, 2.7000000000000015 
0.13232704775996007, 32.92639401643078, 0.0, 0.8109284438467497, 1.2000000000000002 
46.27558360012129, 51.12290848424325, 0.0, 0.0, 1.0 
55.27666747747722, 3.1679229395979953, 0.0, 0.0, 1.0 
6.890342865694327, 54.001265805354876, 0.0, 0.0, 1.0 
53.66678806013785, 21.3912677989424, 0.0, 0.0, 1.0 
45.043669852820315, 46.0562635362772, 0.0, 2.976504182233277, 1.7000000000000006 
4.155422844869683, 49.04306249930644, 0.0, 0.0, 1.0 
24.835137354773945, 12.554926686629315, 0.0, 0.0, 1.0 
41.28722888501123, 30.773712508520763, 0.0, 2.960710805469577, 2.7000000000000015 
2.5626285935663797, 27.169189055518647, 0.0, -0.5379269544412592, 1.6000000000000005 
36.7777997326911, 60.84300874064761, 0.0, 0.0, 1.0 
34.86840476235645, 60.06887286520648, 0.0, 0.0, 1.0 
14.095729512282384, 52.77054979373519, 0.0, 0.8923394197957109, 1.5000000000000004 
44.35375735343522, 42.99617252274103, 0.0, 0.0, 1.0 
27.157238185104127, 54.94240916505646, 0.0, 0.0, 1.0 
14.485121253314212, 21.67828460713768, 0.0, 0.0, 1.0 
22.167198408010137, 35.30405917534991, 0.0, 0.0, 1.0 
16.395511951062684, 24.578370009426738, 0.0, 0.0, 1.0 
1.3258985535076757, 26.206706858711023, 0.0, -0.08795339103596045, 2.7000000000000015 
1.750005908940591, 19.851171473561763, 0.0, 0.0, 1.0 
52.609167045918994, 59.48628475155301, 0.0, 0.0, 1.0 
56.47630696338484, 26.6340516940018, 0.0, 0.1415282469672943, 2.5000000000000013 
28.62696087055513, 6.661236849625208, 0.0, 0.0, 1.0 
40.29803962034287, 9.875811201164051, 0.0, 0.0, 1.0 
16.110719191619985, 18.64284872168789, 0.0, 0.0, 1.0 
56.142745127822586, 58.88054291667612, 0.0, 0.0, 1.0 
18.638351711711504, 35.878608878919394, 0.0, 0.0, 1.0 
45.3012213993198, 41.283452179056226, 0.0, 4.322862884718259, 2.6000000000000014 
6.238389197104037, 23.56300681006859, 0.0, 0.0, 1.0 
0.9675471408646932, 21.72853692071202, 0.0, 0.0, 1.0 
30.873512013493084, 25.43618969470494, 0.0, 0.0, 1.0 
47.2448385987159, 22.069873186767044, 0.0, 1.3200524480450502, 1.2000000000000002 
3.84939169896242, 32.578956667867, 0.0, 0.0, 1.0 
8.048186351209791, 9.200926474703143, 0.0, 0.0, 1.0 
0.728447366446799, 18.167967477716875, 0.0, 0.0, 1.0 
29.42544398612075, 21.65638392122822, 0.0, 0.0, 1.0 
46.70630958746805, 40.92049734896396, 0.0, 3.874730024401013, 2.7000000000000015 
49.854612190740745, 52.624934857710876, 0.0, 0.0, 1.0 
1.2968942874859735, 4.095776487599342, 0.0, 0.0, 1.0 
41.86914031038521, 59.15455296761417, 0.0, 0.0, 1.0 
4.858917665781757, 60.809340080082414, 0.0, 0.0, 1.0 
54.5606522428912, 60.15631100997618, 0.0, 0.0, 1.0 
22.631195973716714, 48.29543806287482, 0.0, 0.0, 1.0 
28.12526884953349, 47.41918377514619, 0.0, 0.0, 1.0 
19.752483416561788, 23.963563179344938, 0.0, 0.0, 1.0 
45.903215714921366, 13.608911363880189, 0.0, 0.0, 1.0 
32.76429903743122, 10.94579794059926, 0.0, 4.094256947798898, 2.7000000000000015 
18.313649664078902, 33.94543013470819, 0.0, 0.0, 1.0 
6.580232893488433, 10.534154447483361, 0.0, 0.0, 1.0 
56.27061957716431, 14.329886765003828, 0.0, 0.029832082033044525, 2.7000000000000015 
35.103397225513326, 50.79148695283083, 0.0, 0.0, 1.0 
51.58482104228451, 25.988934976004614, 0.0, 4.414081897942386, 2.6000000000000014 
28.868081401287736, 38.74230557467947, 0.0, 0.0, 1.0 
30.406325414113606, 35.35762384240091, 0.0, 0.0, 1.0 
5.178656460490471, 11.885771285052224, 0.0, 0.0, 1.0 
49.556835684375734, 15.160012614052778, 0.0, 0.0, 1.0 
56.600372857720565, 23.926041014876493, 0.0, 5.380603795270958, 1.5000000000000004 
58.36991827574658, 0.7331511750622595, 0.0, 0.0, 1.0 
19.1633996025859, 29.074506154544466, 0.0, 0.0, 1.0 
18.12476035554396, 58.15010772419254, 0.0, 0.3070503820746494, 1.2000000000000002 
43.27795040121106, 32.89783943185577, 0.0, 5.661381165685474, 2.7000000000000015 
35.92426807002334, 31.278278132130445, 0.0, 4.2078251852631094, 2.7000000000000015 
7.605168530379144, 48.40861730477969, 0.0, 0.0, 1.0 
59.05435969238712, 54.372797208407896, 0.0, 0.0, 1.0 
18.031236885719956, 32.16327275877807, 0.0, 0.0, 1.0 
16.39440882546733, 42.452844231826056, 0.0, 0.0, 1.0 
15.395137288076919, 2.1842500022991223, 0.0, 0.0, 1.0 
8.839735967697672, 39.72439118926338, 0.0, 0.0, 1.0 
38.48583677873238, 45.845974223499496, 0.0, 0.0, 1.0 
40.30874404241132, 46.529319247646725, 0.0, 0.0, 1.0 
42.684007792950254, 51.83727488985267, 0.0, 0.0, 1.0 
59.33133301838223, 56.37513488896065, 0.0, 0.0, 1.0 
4.976360963530786, 38.47284971771309, 0.0, 0.0, 1.0 
19.671989415647158, 30.965339427390887, 0.0, 0.0, 1.0 
18.690912231401857, 1.6603272033383574, 0.0, 0.0, 1.0 
21.95171403807295, 44.447442741655244, 0.0, 0.0, 1.0 
21.975317288013528, 54.06727136168975, 0.0, 0.0, 1.0 
0.8746013687864937, 13.817710017241927, 0.0, 6.69379542559363, 2.6000000000000014 
42.25917911945981, 34.93628450213002, 0.0, 5.667602273654591, 2.7000000000000015 
6.589369720544154, 44.43132986328779, 0.0, 0.0, 1.0 
28.781002577839832, 53.697124413225566, 0.0, 0.0, 1.0 
26.486067904345088, 29.646816535071924, 0.0, 0.0, 1.0 
2.6720416435748415, 9.673730657628402, 0.0, 0.0, 1.0 
52.59816289298628, 22.87607908078325, 0.0, 0.0, 1.0 
59.57914267246378, 18.291294037055458, 0.0, 0.0, 1.0 
34.82816849971246, 45.01885682676954, 0.0, 0.0, 1.0 
16.19175880304493, 20.550820059245456, 0.0, 0.0, 1.0 
49.44435907898281, 1.2857973287634261, 0.0, 0.0, 1.0 
5.477997237895592, 40.4640504400838, 0.0, 0.0, 1.0 
1.024993959466684, 2.185131242567685, 0.0, 0.0, 1.0 
44.556764017416164, 9.175186301532102, 0.0, 6.6360059498380215, 2.7000000000000015 
17.72939844440174, 30.43480252372906, 0.0, 0.0, 1.0 
19.013875827566125, 37.86888521806675, 0.0, 0.0, 1.0 
38.476988492754714, 47.340941295177686, 0.0, 3.532266275607829, 2.7000000000000015 
51.39571949423044, 1.9401016182284527, 0.0, 0.0, 1.0 
46.18847161453515, 8.073857583073055, 0.0, 4.543420644925707, 1.1 
35.15656716405752, 1.228333294437134, 0.0, 0.0, 1.0 
38.28590608130282, 4.648944693862955, 0.0, 0.5951922833574935, 2.000000000000001 
36.92739307053385, 47.85075415029375, 0.0, 0.0, 1.0 
20.86596480608445, 18.607305778793247, 0.0, 0.0, 1.0 
54.21202454386567, 4.562996468622607, 0.0, 0.0, 1.0 
35.60067496270364, 3.2631174664330267, 0.0, 0.0, 1.0 
37.55247035833639, 53.62229764037206, 0.0, 0.0, 1.0 
5.35050656280507, 31.132741801594346, 0.0, 0.0, 1.0 
22.397420836826296, 37.225537810100946, 0.0, 0.0, 1.0 
49.085690384369514, 42.0679179545004, 0.0, 8.686737297671614, 2.7000000000000015 
5.011753694116015, 29.018074325508664, 0.0, 0.0, 1.0 
32.988759112934716, 59.30491123101474, 0.0, 0.0, 1.0 
51.0693514816074, 60.78134632030485, 0.0, 0.0, 1.0 
23.299202768622074, 42.92406661664465, 0.0, 0.0, 1.0 
38.40803639866527, 11.10339125625943, 0.0, 0.0, 1.0 
31.423575578046083, 22.001705497214118, 0.0, 0.0, 1.0 
42.96451460857014, 53.83617250529462, 0.0, 0.0, 1.0 
4.145157728158357, 34.49711214025414, 0.0, 0.0, 1.0 
27.993749684640658, 28.282480220607546, 0.0, 0.0, 1.0 
9.564139821293933, 49.02013119105084, 0.0, 0.0, 1.0 
24.960389742292914, 52.124039487728155, 0.0, 0.0, 1.0 
4.639461325290703, 20.75346803265442, 0.0, 0.0, 1.0 
53.28888718638416, 2.616843283939224, 0.0, 0.0, 1.0 
15.804023387737528, 4.213367171610778, 0.0, 0.0, 1.0 
57.14539917500751, 6.1532444734613865, 0.0, 0.0, 1.0 
0.8949174292355733, 12.45122469017087, 0.0, 0.17394246731821494, 2.6000000000000014 
12.30687706964699, 15.099406128220329, 0.0, -0.45819626438298494, 2.5000000000000013 
19.060518510456248, 56.102246618640265, 0.0, 0.0, 1.0 
1.2820965557297368, 11.033143802623457, 0.0, 0.0, 1.0 
14.336547781438702, 32.759621100551584, 0.0, 0.0, 1.0 
59.87127246632125, 34.63021651923943, 0.0, 0.0, 1.0 
8.709050934940862, 30.439617488461437, 0.0, 0.0, 1.0 
53.23253414391757, 49.89031648182887, 0.0, 0.0, 1.0 
54.29339465583872, 44.10251617813208, 0.0, 0.0, 1.0 
54.3805191008802, 42.24327643540933, 0.0, 3.6421610711066887, 2.4000000000000012 
7.773325575841993, 24.372338277316835, 0.0, 0.0, 1.0 
29.940882377362467, 1.1204294410179587, 0.0, 0.0, 1.0 
2.691423976706583, 43.09590083798775, 0.0, 0.0, 1.0 
24.47609365643375, 2.270790481517044, 0.0, 0.0, 1.0 
52.94681212729091, 0.5892143506593956, 0.0, 0.0, 1.0 
35.14099750984039, 5.056566719829715, 0.0, 0.0, 1.0 
40.83484062912821, 37.37892628144478, 0.0, 5.339444188712547, 2.7000000000000015 
6.589932056171596, 3.570716023576475, 0.0, 0.0, 1.0 
30.89475293993953, 56.504264407741495, 0.0, 0.0, 1.0 
60.59096202317021, 53.086241602491114, 0.0, 0.0, 1.0 
48.6345396734836, 23.28306355280977, 0.0, 2.4192287233744434, 2.000000000000001 
12.481948700760418, 46.31402228093668, 0.0, 0.0, 1.0 
26.91256948482396, 24.426573873714403, 0.0, 0.0, 1.0 
52.501089499776896, 42.998727227550226, 0.0, 3.516798191567225, 1.1 
13.387196988175448, 28.281094214793015, 0.0, 0.0, 1.0 
35.8878598812056, 41.52327956914393, 0.0, 0.14050615905357255, 1.4000000000000004 
9.362587921304874, 23.038617868912514, 0.0, 0.0, 1.0 
22.596986888954163, 28.410704990338342, 0.0, 0.0, 1.0 
14.325194319301113, 17.942466540054912, 0.0, 0.0, 1.0 
20.547041966297076, 36.55214503886371, 0.0, 0.0, 1.0 
12.073468293009068, 51.51373471379241, 0.0, 0.0, 1.0 
13.751492517739104, 37.690284724678364, 0.0, 0.0, 1.0 
11.022965987965819, 47.651074154315396, 0.0, 0.0, 1.0 
17.92725934513437, 23.298162723063275, 0.0, 0.0, 1.0 
32.32831038702573, 3.6723010643447265, 0.0, 0.0, 1.0 
11.043235725297428, 6.45120711304249, 0.0, 0.0, 1.0 
13.450865394358196, 1.6731491264838962, 0.0, 0.0, 1.0 
39.550659515368, 49.087945160625615, 0.0, 0.0, 1.0 
29.386605526765443, 57.73409225859315, 0.0, 0.0, 1.0 
25.84319712274107, 34.863842200968385, 0.0, 0.0, 1.0 
22.34473581845195, 46.28271068799837, 0.0, 0.0, 1.0 
21.5878609659427, 31.56195395510218, 0.0, 0.0, 1.0 
8.895356678049922, 59.76414429859749, 0.0, 0.0, 1.0 
44.071845211010455, 5.229275510284163, 0.0, 0.0, 1.0 
31.59886427483535, 19.40888853162091, 0.0, 4.48064977390094, 2.6000000000000014 
2.073711687096333, 41.1700075384692, 0.0, 0.0, 1.0 
20.540663702960355, 2.4967315421344685, 0.0, 0.0, 1.0 
9.561014667759071, 34.37389404163456, 0.0, 0.0, 1.0 
9.92521060231633, 9.695958339875093, 0.0, 0.0, 1.0 
45.389875568920104, 33.69797928305761, 0.0, 4.9846956717232835, 2.7000000000000015 
34.40578247950624, 21.71135196423332, 0.0, 4.242071076350471, 2.7000000000000015 
50.25645761616019, 28.673228227425376, 0.0, 2.0005972389246307, 2.7000000000000015 
56.72062628052079, 51.644420016873845, 0.0, 0.0, 1.0 
32.00339482181365, 17.74279203194407, 0.0, 0.0, 1.0 
20.959997209186575, 16.511745359485918, 0.0, 0.0, 1.0 
40.17851403000309, 21.166044249351437, 0.0, 0.0, 1.0 
54.37990105283491, 35.198699053022814, 0.0, 5.113370740915205, 2.7000000000000015 
4.097232591456449, 41.791919853452725, 0.0, 0.0, 1.0 
20.234226728379248, 34.6165736219309, 0.0, 0.0, 1.0 
0.7593911473028058, 59.11079849712263, 0.0, 0.0, 1.0 
35.65937765646279, 52.80572586221731, 0.0, 0.0, 1.0 
9.339784035999697, 21.042948295242667, 0.0, 0.0, 1.0 
14.405685430074326, 19.75911380331734, 0.0, 0.0, 1.0 
22.628562255948104, 39.22632145101801, 0.0, 0.0, 1.0 
4.370651039243718, 16.642758454988456, 0.0, -0.1950609627848245, 2.5000000000000013 
16.98334150811175, 46.62864072509871, 0.0, 0.0, 1.0 
37.080413419454736, 49.826501111984015, 0.0, 2.2883198224708816, 2.7000000000000015 
29.221544292555972, 10.24098903037294, 0.0, 0.0, 1.0 
29.414611385398555, 60.03847405251591, 0.0, 0.0, 1.0 
55.18210471360442, 53.0283422433467, 0.0, 0.0, 1.0 
59.58597217999515, 8.76377344677655, 0.0, 0.0, 1.0 
14.78461830817373, 7.523069680747339, 0.0, 0.0, 1.0 
23.522598323690605, 32.25723680938315, 0.0, 0.0, 1.0 
32.6514958265824, 9.037068471463407, 0.0, 3.9719380582246444, 2.7000000000000015 
2.01511262137292, 31.897012159202408, 0.0, 0.0, 1.0 
37.78230486505095, 18.67026644975386, 0.0, 0.0, 1.0 
33.230160090780856, 16.25416013752886, 0.0, 4.442498612842636, 2.7000000000000015 
59.839851560523606, 36.64596252508897, 0.0, 3.145081859615252, 1.1 
47.46626984921999, 4.680695165043147, 0.0, 0.0, 1.0 
6.520736389636963, 51.710581876737734, 0.0, 0.0, 1.0 
58.807681790468465, 12.011208865040185, 0.0, 0.4269079831927199, 2.200000000000001 
53.27607265079759, 11.608218076309498, 0.0, 6.24694751686744, 2.7000000000000015 
14.591862203819918, 41.65063604896965, 0.0, 0.0, 1.0 
3.0011374186224473, 21.455400929654342, 0.0, 0.0, 1.0 
33.124118099931565, 46.504467336863335, 0.0, 0.0, 1.0 
17.55492164631072, 17.202392666714495, 0.0, 0.0, 1.0 
24.57623776426638, 29.03209185796609, 0.0, 0.0, 1.0 
40.5158682642596, 25.381760592350542, 0.0, 3.421008681269161, 2.4000000000000012 
39.671110213858164, 44.56927805284939, 0.0, 0.0, 1.0 
55.7053763709473, 33.11583483085156, 0.0, 6.626729388982607, 2.7000000000000015 
25.005256661490836, 41.94630452798073, 0.0, 0.0, 1.0 
13.701206627723833, 44.900930652543956, 0.0, 0.0, 1.0 
57.4687255729348, 55.63494729995874, 0.0, 0.0, 1.0 
17.873698233147035, 41.197075855277795, 0.0, 0.0, 1.0 
3.1743006407155545, 11.604114992291521, 0.0, 0.0, 1.0 
26.798975052299095, 52.99172478527111, 0.0, 0.0, 1.0 
40.42506177560362, 13.921259930582195, 0.0, 0.0, 1.0 
20.662453364363238, 27.77336940957214, 0.0, 0.0, 1.0 
27.355039666313136, 33.497970511786036, 0.0, 0.0, 1.0 
43.837924697358794, 35.64044412101783, 0.0, 4.798156018106481, 2.7000000000000015 
17.518273644019004, 39.153418533528814, 0.0, 0.0, 1.0 
46.5969868354027, 26.351333836529417, 0.0, 2.8559939262466205, 1.3000000000000003 
48.07670751686866, 48.19079272705714, 0.0, 5.047589047995133, 1.8000000000000007 
11.423078123142737, 35.026107924303325, 0.0, 0.0, 1.0 
13.142702882546395, 42.92218740665831, 0.0, 0.0, 1.0 
24.29534033704173, 14.28569764721531, 0.0, 0.0, 1.0 
20.16564880645071, 0.49710017616458074, 0.0, 0.0, 1.0 
36.64453061767656, 38.98963055326195, 0.0, 1.8297414511749506, 2.7000000000000015 
13.56786045886085, 50.21082414375539, 0.0, 0.0, 1.0 
45.90377022223133, 5.965335585233553, 0.0, 0.0, 1.0 
36.17283049317102, 43.40594479731093, 0.0, 0.0, 1.0 
21.136802762830733, 55.920207044217555, 0.0, 0.0, 1.0 
41.63855200441285, 19.813262870196436, 0.0, 0.0, 1.0 
9.119218191311207, 5.974091713335199, 0.0, 0.0, 1.0 
25.697420150346705, 5.725635730325516, 0.0, 0.0, 1.0 
44.35898979178845, 50.62995897151937, 0.0, 0.0, 1.0 
56.57687071898456, 41.305332622833724, 0.0, 4.198015370134915, 1.9000000000000008 
20.620242726134492, 10.578316495900934, 0.0, 0.0, 1.0 
58.82332526430386, 23.585957797748776, 0.0, 0.0, 1.0 
46.91389128414471, 43.69596585197555, 0.0, 3.3868851077427853, 2.7000000000000015 
24.883136634069132, 45.31774936086836, 0.0, 9.156987961762331, 2.7000000000000015 
1.443402061442518, 39.24209012042203, 0.0, 2.0505280093988936, 1.1 
28.264589560915848, 49.638578244219424, 0.0, 0.0, 1.0 
1.7512397812375429, 46.35097713003112, 0.0, 0.0, 1.0 
54.95139287499869, 46.2152750808111, 0.0, 3.873722135113181, 1.7000000000000006 
46.369177993033325, 17.730894506768617, 0.0, 0.0, 1.0 
9.007196077951157, 12.956826921595122, 0.0, 0.0, 1.0 
38.379810273989115, 59.6131937776455, 0.0, 0.0, 1.0 
45.617522831547284, 38.96791796572727, 0.0, 0.0, 1.0 
25.054340542594364, 3.884042528284589, 0.0, 0.0, 1.0 
26.626309586614724, 48.91928485396253, 0.0, 0.0, 1.0 
35.60132610113307, 48.987762232604354, 0.0, 0.0, 1.0 
16.829291635213526, 15.28293271316393, 0.0, 0.0, 1.0 
57.877682062110296, 25.322687168262515, 0.0, 0.0, 1.0 
24.147400042825147, 10.862967206574165, 0.0, 0.0, 1.0 
57.10836838171108, 53.64638637672349, 0.0, 0.0, 1.0 
9.392861554274294, 56.5141310200504, 0.0, 0.0, 1.0 
16.23906717059611, 22.552642500745385, 0.0, 0.0, 1.0 
21.862028625627374, 60.31146069132392, 0.0, 0.0, 1.0 
42.35718802921598, 9.74975845753264, 0.0, 0.0, 1.0 
14.172496123952593, 39.661955471000674, 0.0, 0.0, 1.0 
11.258998185106908, 42.3126436289439, 0.0, 0.0, 1.0 
33.30380043715272, 0.47832144207516036, 0.0, 0.0, 1.0 
13.432508669696013, 56.90708259950146, 0.0, 0.0, 1.0 
53.88405002670372, 40.56314557549539, 0.0, 3.5699876989645856, 2.000000000000001 
55.21767797049891, 49.38141423586174, 0.0, 0.0, 1.0 
11.525491756921014, 27.789038651467262, 0.0, 0.0, 1.0 
35.78909832113212, 16.06798665710137, 0.0, 0.0, 1.0 
55.651430720039514, 17.83651364028589, 0.0, 0.0, 1.0 
57.64550748494595, 43.56568660161868, 0.0, 3.6090589675950118, 1.4000000000000004 
43.058645757687685, 45.462847963543524, 0.0, 0.0, 1.0 
57.23429667883649, 32.11468820407786, 0.0, 1.2175510022840217, 2.000000000000001 
19.443185755524347, 12.157206958284, 0.0, 0.0, 1.0 
5.044410475911784, 22.401492657679235, 0.0, -0.1357737306904962, 2.5000000000000013 
52.835221855089074, 45.42341052004754, 0.0, 0.0, 1.0 
10.379464459975472, 11.502217457266614, 0.0, 0.0, 1.0 
59.77500434607458, 21.830539899076076, 0.0, 0.0, 1.0 
3.2772358610138252, 28.53847988392809, 0.0, 0.0, 1.0 
2.2001258196815625, 48.364995507375276, 0.0, 0.0, 1.0 
51.987993068445036, 48.425973361944756, 0.0, 0.0, 1.0 
9.553763798976709, 15.397974794377015, 0.0, 0.0875557679388484, 2.7000000000000015 
31.105795880730057, 58.545577702528576, 0.0, 0.0, 1.0 
58.89118941091646, 32.99028201073278, 0.0, 0.0, 1.0 
45.522699606297216, 1.8938331590293223, 0.0, 0.0, 1.0 
12.92932880032776, 33.72739119524645, 0.0, 0.0, 1.0 
26.271368037800197, 57.73446222999951, 0.0, 1.3366840251370133, 2.4000000000000012 
55.7915468290003, 56.90729883055749, 0.0, 0.0, 1.0 
57.77347991650916, 57.60823049212771, 0.0, 0.0, 1.0 
10.200020636880641, 58.34254109785143, 0.0, 0.0, 1.0 
13.30854459333413, 48.18921198896528, 0.0, 0.0, 1.0 
16.304521820074648, 6.205976954922082, 0.0, 0.0, 1.0 
33.77591166892665, 7.331896334466926, 0.0, 0.0, 1.0 
53.067559271875496, 19.42194574087128, 0.0, 0.0, 1.0 
13.916092811491687, 3.6059025871306507, 0.0, 0.0, 1.0 
23.5140683045778, 0.7765436066404687, 0.0, 0.0, 1.0 
0.7315864948684101, 49.70433081952135, 0.0, 0.0, 1.0 
6.001740773603462, 42.41612356503721, 0.0, 0.0, 1.0 
59.9675038182084, 43.813537217203454, 0.0, 5.952770559141586, 1.1 
33.66594023389146, 41.09190789902317, 0.0, 0.0, 1.0 
19.454144625389866, 50.77564216356919, 0.0, 5.722774910509127, 2.5000000000000013 
34.051217477259925, 27.347750175735197, 0.0, 5.470206613645444, 1.5000000000000004 
21.469838271315005, 50.44323021677986, 0.0, 0.0, 1.0 
32.36882444912332, 42.72752735375136, 0.0, 0.0, 1.0 
55.112486471933394, 6.317433692641394, 0.0, 0.0, 1.0 
44.22881982774947, 14.819185685922065, 0.0, 0.0, 1.0 
10.55242220433492, 4.567864375199833, 0.0, 0.0, 1.0 
8.109531519602717, 50.477067453833975, 0.0, 0.0, 1.0 
42.420314252495096, 13.88640750744136, 0.0, 0.0, 1.0 
23.559933719879783, 25.205388928729864, 0.0, 0.0, 1.0 
32.11603858578072, 6.892880526053593, 0.0, 4.206408550954439, 2.6000000000000014 
36.62958215314659, 23.546622868569575, 0.0, 3.012637184877541, 2.6000000000000014 
24.49181012191819, 57.0121023232835, 0.0, 0.0, 1.0 
47.580157581239284, 0.5439322061892606, 0.0, 0.0, 1.0 
27.342759697733747, 9.465439115585486, 0.0, 0.0, 1.0 
12.225404421663338, 53.397095278223254, 0.0, 0.0, 1.0 
40.61830725903763, 34.53757705313153, 0.0, 5.507216115414481, 2.7000000000000015 
41.350483041945964, 55.06752624952683, 0.0, 0.0, 1.0 
50.120783903281435, 54.715944509301266, 0.0, 0.0, 1.0 
10.899757309216339, 60.16114057902078, 0.0, 0.0, 1.0 
44.45706866676504, 16.86224286382552, 0.0, 0.0, 1.0 
30.8117577485468, 9.03087619872864, 0.0, 0.0, 1.0 
53.65011353186112, 8.1166070561722, 0.0, 0.0, 1.0 
11.789502312029468, 55.1544732434195, 0.0, 0.0, 1.0 
31.66404937225576, 14.645503580565888, 0.0, 0.0, 1.0 
54.771522207491266, 15.795915006463492, 0.0, 0.0, 1.0 
36.7092087130904, 12.219775438211771, 0.0, 0.0, 1.0 
28.460999770185133, 42.43089667808799, 0.0, 0.0, 1.0 
17.73182934236492, 19.249460429431572, 0.0, 0.0, 1.0 
56.4244517805701, 44.65645209803521, 0.0, 3.997286217576447, 2.200000000000001 
26.00639302321432, 27.709612083898, 0.0, 0.0, 1.0 
23.072768002132626, 41.19301038359172, 0.0, 0.0, 1.0 
30.515939224763503, 30.744287280664004, 0.0, 5.9395031798474465, 1.1 
23.084320929781352, 30.31133949445586, 0.0, 0.0, 1.0 
33.15623173565148, 5.412357373210788, 0.0, 0.0, 1.0 
7.754786816797711, 14.001456527194671, 0.0, 0.3431846832244821, 2.7000000000000015 
13.3239467055201, 16.94227660175659, 0.0, -0.6149024768600692, 2.6000000000000014 
35.949851313343565, 18.084517033307772, 0.0, 0.0, 1.0 
26.475031929854488, 12.78810343883142, 0.0, 0.0, 1.0 
19.146888158384208, 3.6892873176192897, 0.0, 0.0, 1.0 
19.64483028137522, 5.594842429566839, 0.0, 0.0, 1.0 
31.060536185426734, 11.049751228677607, 0.0, 0.0, 1.0 
15.633506566926371, 38.40852248310776, 0.0, 0.0, 1.0 
12.693039257172433, 40.94941967035242, 0.0, 0.0, 1.0 
34.33103477156153, 43.013220511238046, 0.0, 0.0, 1.0 
59.23897725743353, 31.013660592846342, 0.0, 0.0, 1.0 
30.190457010395445, 23.526138348175596, 0.0, 0.0, 1.0 
21.231052003516165, 12.477896938775075, 0.0, 0.0, 1.0 
24.610643217770697, 48.56111189605883, 0.0, 0.0, 1.0 
44.14412918671675, 12.770609095162747, 0.0, 0.0, 1.0 
34.882620673577385, 39.43396426915073, 0.0, 4.673405435690429, 1.1 
2.8490393565885213, 16.06522323020557, 0.0, 6.076473214211479, 2.7000000000000015 
51.68048937814037, 53.42868940781895, 0.0, 0.0, 1.0 
21.13632579644392, 14.52854045070345, 0.0, 0.0, 1.0 
21.824293832517437, 9.012741881850133, 0.0, 0.0, 1.0 
41.90817088621918, 31.97429353027949, 0.0, 2.975731942796765, 2.7000000000000015 
3.5015725877128494, 39.81396374184795, 0.0, 0.0, 1.0 
58.934411145618355, 29.253015513493107, 0.0, 3.298185096711934, 2.300000000000001 
52.887334413489, 38.00156273850454, 0.0, 3.0143591269830874, 2.5000000000000013 
16.392642996019603, 33.16115796466584, 0.0, 0.0, 1.0 
58.66276820975488, 20.113031497425524, 0.0, 0.0, 1.0 
54.34955630753653, 10.033859282204194, 0.0, 0.0, 1.0 
12.636835798148889, 31.653762250505462, 0.0, 0.0, 1.0 
41.20081298315166, 42.42630123156361, 0.0, 1.022231409171999, 2.7000000000000015 
8.499150568483879, 11.062641988513267, 0.0, 0.0, 1.0 
46.43568259903949, 47.44309297388964, 0.0, 0.0, 1.0 
14.688140269641574, 25.3001559728578, 0.0, 0.0, 1.0 
14.329083231192715, 59.11949095689305, 0.0, 0.0, 1.0 
6.860398242812922, 18.288601338401534, 0.0, 0.0, 1.0 
4.541593729469491, 36.49356388407368, 0.0, 0.0, 1.0 
39.21113009571578, 7.371374621477082, 0.0, 1.2113037330600247, 2.7000000000000015 
7.862475176822431, 58.00316248214747, 0.0, 0.0, 1.0 
1.0158837539479368, 15.23567002836748, 0.0, -0.018962352939506988, 2.7000000000000015 
32.27092985619681, 31.856337867730428, 0.0, 0.0, 1.0 
29.801703686951406, 46.14529379760339, 0.0, 0.0, 1.0 
47.7176435724699, 6.7141439263986795, 0.0, 0.0, 1.0 
47.83816169183459, 31.77120540159486, 0.0, 4.29201340651577, 2.7000000000000015 
19.48745559942493, 21.958534220947907, 0.0, 0.0, 1.0 
2.2208195317322086, 33.848996672185756, 0.0, 0.0, 1.0 
27.12007870524285, 45.86579492796916, 0.0, 3.0436221261421745, 2.7000000000000015 
52.335877596974505, 9.71997326514883, 0.0, 0.0, 1.0 
5.655586685519416, 6.899085414894488, 0.0, 0.0, 1.0 
5.933844526514537, 57.45034998681132, 0.0, 0.0, 1.0 
3.2618038748787272, 4.578305195069348, 0.0, 0.0, 1.0 
48.83199470996786, 40.340621815446845, 0.0, 1.9824238418045892, 2.7000000000000015 
32.79646587668611, 21.056479349848956, 0.0, 4.558485018669379, 2.6000000000000014 
28.504715624747195, 30.210448483849785, 0.0, 0.0, 1.0 
2.83077474318849, 2.7364253254072137, 0.0, 0.0, 1.0 
25.41514980500342, 16.438972038531627, 0.0, 0.0, 1.0 
10.091712784486093, 51.00958328625645, 0.0, 0.0, 1.0 
33.269750262262335, 30.275776439637184, 0.0, 2.9548853889916735, 2.7000000000000015 
59.08742238670932, 6.782471531526685, 0.0, 0.0, 1.0 
5.152656380610534, 4.990724601437397, 0.0, 0.0, 1.0 
28.848128310049166, 24.958849035032326, 0.0, 0.0, 1.0 
17.55641997988424, 12.690017409133597, 0.0, -0.9101789550768689, 2.6000000000000014 
29.835825231117397, 48.43394194217832, 0.0, 0.0, 1.0 
32.01220303643698, 51.21920156048285, 0.0, 0.0, 1.0 
53.06548085246044, 6.261061773328586, 0.0, 0.0, 1.0 
31.4365074576766, 37.13980036315214, 0.0, 0.0, 1.0 
50.66497665140765, 3.8924676305679653, 0.0, 0.0, 1.0 
49.676425620922075, 7.340019756606914, 0.0, 0.0, 1.0 
56.76990177424187, 19.956615060491263, 0.0, 0.0, 1.0 
8.002538644900966, 19.936733028192222, 0.0, 0.0, 1.0 
4.654848191565808, 3.0472682125456494, 0.0, 0.0, 1.0 
56.76884219007083, 2.002345563203478, 0.0, 0.0, 1.0 
51.40501758582422, 15.962776764016851, 0.0, 0.0, 1.0 
18.205350783084327, 13.770497371917127, 0.0, 0.0, 1.0 
38.23480644635171, 20.66434823770642, 0.0, 0.0, 1.0 
9.717825083386742, 27.115971008347824, 0.0, 0.0, 1.0 
21.468141383147163, 42.47464144540784, 0.0, 0.0, 1.0 
6.930817829364851, 39.11144740240639, 0.0, 0.0, 1.0 
22.66103611591876, 21.241264345416226, 0.0, 0.0, 1.0 
54.87212602864449, 1.2507053332223306, 0.0, 0.0, 1.0 
45.363935906761675, 58.643381680648346, 0.0, 0.0, 1.0 
4.741378630107978, 13.230065680055377, 0.0, 0.29500185734601314, 2.7000000000000015 
6.074616889377897, 8.732709993657412, 0.0, 0.0, 1.0 
27.98098030809594, 0.8299367801759509, 0.0, 0.0, 1.0 
36.763861716459964, 25.303019002991714, 0.0, 0.0, 1.0 
29.398395644954423, 33.78926619201493, 0.0, 0.0, 1.0 
11.411253103231585, 56.87481823687918, 0.0, 0.0, 1.0 
20.921061301217808, 47.71564586365269, 0.0, 0.0, 1.0 
49.246524244414026, 5.311072276141294, 0.0, 0.0, 1.0 
18.130088261212553, 9.85740361754028, 0.0, -0.6328200240067329, 2.6000000000000014 
18.248549588034365, 25.305431559232932, 0.0, 0.0, 1.0 
45.093288648909315, 56.5756828084554, 0.0, 0.0, 1.0 
20.979513684541743, 20.623076848916813, 0.0, 0.0, 1.0 
23.83782537594871, 34.154509727696755, 0.0, 0.0, 1.0 
9.915931414205524, 36.37796432180839, 0.0, 0.0, 1.0 
31.952282336852804, 29.183459385221845, 0.0, 0.0, 1.0 
31.35917880781193, 33.52496654119835, 0.0, 0.0, 1.0 
4.59484032665076, 10.113480237710476, 0.0, 0.0, 1.0 
26.26641177722024, 43.07508708441057, 0.0, 5.610086930592572, 1.7000000000000006 
52.72439780624772, 24.449148122801667, 0.0, 3.4353789427243124, 2.4000000000000012 
45.19625223065476, 44.57111127141849, 0.0, 3.218993609851001, 2.7000000000000015 
4.509908425366883, 24.1416941643226, 0.0, 0.0, 1.0 
18.12334509078257, 50.01429847474454, 0.0, 5.193298293006737, 2.7000000000000015 
33.800839296112464, 23.68048910482056, 0.0, 4.597322578596736, 2.7000000000000015 
26.10787108393402, 47.19139464385801, 0.0, 0.0, 1.0 
11.454948291505984, 1.1934897228928432, 0.0, 0.0, 1.0 
0.4316063838085022, 42.34333137499034, 0.0, 3.760559957364772, 1.2000000000000002 
48.10645993250465, 12.337635413274587, 0.0, 5.676791326793856, 1.5000000000000004 
19.276474389377313, 17.879625275974558, 0.0, 0.0, 1.0 
48.30914480405554, 53.97743354096877, 0.0, 0.0, 1.0 
24.66905637566589, 7.348971836186971, 0.0, 0.0, 1.0 
31.328020632266227, 12.914154619849784, 0.0, 0.0, 1.0 
20.210393424894747, 57.69960944923285, 0.0, 0.0, 1.0 
36.53926036652025, 10.170475351666509, 0.0, 0.0, 1.0 
44.86079736086456, 54.57486817340709, 0.0, 0.0, 1.0 
8.036701315972739, 2.184023364779979, 0.0, 0.0, 1.0 
31.486926867950192, 27.336791195854154, 0.0, 0.0, 1.0 
24.119139297169916, 19.900216674696953, 0.0, 0.0, 1.0 
43.25092786461903, 55.85899057769084, 0.0, 0.0, 1.0 
40.671512344572314, 15.84702734525291, 0.0, 0.0, 1.0 
45.417643195443276, 22.7656442023513, 0.0, 6.643734064116617, 1.1 
0.6493044415372429, 9.233239918714885, 0.0, 0.0, 1.0 
37.26535497264657, 51.68986499873541, 0.0, 0.0, 1.0 
41.16899926238341, 8.068997814581884, 0.0, 0.3679902963926839, 1.3000000000000003 
29.43888951199185, 26.904525944266684, 0.0, 0.0, 1.0 
25.513519446799066, 25.78658626815751, 0.0, 0.0, 1.0 
42.9594646459104, 42.5003870672333, 0.0, 1.8732354882109, 2.4000000000000012 
59.65497344145109, 49.06539086975977, 0.0, 0.0, 1.0 
48.98494022573015, 3.256345436700973, 0.0, 0.0, 1.0 
7.216746493319777, 31.742639311636548, 0.0, 0.0, 1.0 
45.686417792313705, 37.25630706831791, 0.0, 3.1560989202202294, 2.6000000000000014 
35.4854948636217, 6.9439579158643365, 0.0, 0.0, 1.0 
1.6478118802316426, 53.808684195072566, 0.0, 0.0, 1.0 
38.534262937932766, 13.090185923653847, 0.0, 0.0, 1.0 
26.535131462999466, 2.2944067908397234, 0.0, 0.0, 1.0 
55.90609893739396, 35.319067799998315, 0.0, 4.605991120931963, 1.8000000000000007 
60.83479986050432, 23.479511270185913, 0.0, 0.0, 1.0 
28.954525717357846, 32.09465727475193, 0.0, 0.0, 1.0 
57.859508841961656, 40.14669987961383, 0.0, 3.731587305501707, 1.5000000000000004 
25.20271864473145, 59.97291205887839, 0.0, 2.1864474653839823, 1.8000000000000007 
34.68362161863798, 9.052750140948403, 0.0, 0.0, 1.0 
8.439830078003641, 37.73789579348413, 0.0, 0.0, 1.0 
29.735246281372735, 40.728440961007365, 0.0, 0.0, 1.0 
20.14956802154488, 25.88558081252853, 0.0, 0.0, 1.0 
57.6085959564651, 18.039017718433122, 0.0, 0.0, 1.0 
0.24875531247000937, 47.70748071171461, 0.0, 0.0, 1.0 
52.278125681603925, 57.4645665611244, 0.0, 0.0, 1.0 
21.628308324991266, 24.58934820239171, 0.0, 0.0, 1.0 
58.448131269002296, 47.43971649855364, 0.0, 0.0, 1.0 
48.54854427620714, 20.66183246994279, 0.0, 3.391014245983459, 1.9000000000000008 
33.38911757445107, 33.57383741164918, 0.0, 0.0, 1.0 
38.371044140853485, 9.147136849680477, 0.0, 0.0, 1.0 
27.97710817080356, 13.552266089797715, 0.0, 0.0, 1.0 
23.58907143198933, 59.929504208895786, 0.0, 0.0, 1.0 
47.64082909225004, 10.301467382702858, 0.0, 0.16930935235899836, 2.7000000000000015 
17.13638625261669, 37.17647642730871, 0.0, 0.0, 1.0 
42.1624917660613, 29.381791471594003, 0.0, -0.09234008397640676, 2.7000000000000015 
34.314248524558714, 16.479105873901034, 0.0, 4.4224420662108095, 2.7000000000000015 
12.53668535923482, 18.907335025519924, 0.0, 0.0, 1.0 
27.035426443729584, 4.057969377396676, 0.0, 0.0, 1.0 
53.31702047462092, 13.175164694721957, 0.0, 6.717034378623615, 2.7000000000000015 
10.631555345830904, 31.084729910811863, 0.0, 0.0, 1.0 
13.001851367724404, 26.437668747106155, 0.0, 0.0, 1.0 
30.615000832349725, 54.4701916555756, 0.0, 0.0, 1.0 
36.588575930008744, 35.131311460660044, 0.0, 5.173796368782655, 1.6000000000000005 
21.257907426929826, 22.62261788344809, 0.0, 0.0, 1.0 
7.966531964540221, 43.07044572704496, 0.0, 0.0, 1.0 
12.93136420649415, 60.58075123535158, 0.0, 0.0, 1.0 
43.95837359324383, 39.239509186119925, 0.0, 4.760965030707233, 2.7000000000000015 
29.966446017871885, 28.823045484443707, 0.0, 0.0, 1.0 
18.763561583003895, 52.678951362381234, 0.0, 0.0, 1.0 
9.339571104859804, 41.705785963582144, 0.0, 0.0, 1.0 
37.03510210886593, 2.025521458955379, 0.0, 0.0, 1.0 
58.726618255173584, 4.802906236502656, 0.0, 0.0, 1.0 
16.332005682246905, 59.28225422493504, 0.0, 4.951332773396034, 1.2000000000000002 
21.105536415606732, 4.225793606199236, 0.0, 0.0, 1.0 
37.93651897109925, 36.441517745755704, 0.0, 1.6331760409103835, 2.7000000000000015 
3.2617154052970383, 13.738376047111469, 0.0, 0.29437325531647374, 2.7000000000000015 
41.85030045246131, 22.506978101131303, 0.0, 3.324707339748449, 2.5000000000000013 
51.198892792784996, 19.98162217933991, 0.0, 0.0, 1.0 
54.622299205134404, 23.539868195364292, 0.0, 0.6857942978399773, 1.1 
42.03540280297102, 38.05840038993337, 0.0, 1.9139847776997447, 2.4000000000000012 
45.54400909841975, 20.842368747266658, 0.0, 6.091828213069175, 1.7000000000000006 
18.131622024986175, 60.10218862171922, 0.0, 0.0, 1.0 
34.088224511270575, 54.001146237136375, 0.0, 0.0, 1.0 
56.88829159175531, 4.115049289871588, 0.0, 0.0, 1.0 
34.33363299496902, 56.07982683480785, 0.0, 0.0, 1.0 
56.970786047822955, 48.68363793804341, 0.0, 0.0, 1.0 
15.290098974144405, 28.556800894956634, 0.0, 0.0, 1.0 
27.380981941351937, 44.21349654984202, 0.0, 0.0, 1.0 
43.053177345705336, 18.310606574488485, 0.0, 0.0, 1.0 
27.495983538184568, 26.360312415420417, 0.0, 0.0, 1.0 
2.642959388341316, 59.85560770499514, 0.0, 0.0, 1.0 
10.11811629626821, 29.12712034778145, 0.0, 0.0, 1.0 
52.36765713719732, 4.310785208242767, 0.0, 0.0, 1.0 
16.857825471083377, 0.8101080205242106, 0.0, 0.0, 1.0 
1.1734780968424006, 51.75386420038347, 0.0, 0.0, 1.0 
3.102196290807283, 52.417711509926676, 0.0, 0.0, 1.0 
22.452852172389683, 19.214504476103166, 0.0, 0.0, 1.0 
39.1501949582438, 52.41571635216292, 0.0, 0.0, 1.0 
2.606296182616942, 35.84046116277207, 0.0, 0.0, 1.0 
5.970698091753014, 19.54990392461391, 0.0, 0.0, 1.0 
23.984795137490988, 53.86325796855568, 0.0, 0.0, 1.0 
50.13274760748421, 24.303247121650827, 0.0, 0.0, 1.0 
47.25542793099557, 2.625608356159823, 0.0, 0.0, 1.0 
6.350075859924116, 59.424889317592005, 0.0, 0.0, 1.0 
40.02088999138767, 58.35285370573161, 0.0, 0.0, 1.0 
11.211346990220425, 25.773918372779725, 0.0, 0.0, 1.0 
51.37277731894705, 39.283258711739634, 0.0, 3.281451308934116, 2.7000000000000015 
23.29168899987821, 50.1625100739577, 0.0, 0.0, 1.0 
58.21971487813194, 10.109519278940665, 0.0, 0.0, 1.0 
15.095970368462403, 51.09784070201911, 0.0, 4.5434553997201, 2.7000000000000015 
6.470988259523886, 14.690233721928143, 0.0, 6.524689419116591, 2.7000000000000015 
10.647646289888106, 18.477991761551472, 0.0, -0.6186897917723165, 2.5000000000000013 
12.31729520749872, 58.64833788029379, 0.0, 0.0, 1.0 
0.1966930342061824, 7.322497116384486, 0.0, 0.0, 1.0 
25.43406184213199, 32.90698396225159, 0.0, 0.0, 1.0 
35.04862589474418, 24.953611384211086, 0.0, 4.553472180752285, 2.7000000000000015 
46.95086696809561, 57.30788364554834, 0.0, 0.0, 1.0 
56.53616824718675, 12.0458460444816, 0.0, 0.44854131389255786, 2.7000000000000015 
45.704780931214394, 3.949061629482085, 0.0, 0.0, 1.0 
20.031452058334818, 43.879007425682765, 0.0, 0.0, 1.0 
16.289650216701336, 12.706333575470206, 0.0, -0.8352725152969624, 2.7000000000000015 
28.224832233578294, 23.04754946355126, 0.0, 0.0, 1.0 
54.25966038165657, 58.188496897951, 0.0, 0.0, 1.0 
28.15555751488632, 15.510459710341589, 0.0, 0.0, 1.0 
15.86586318572159, 11.532965607008094, 0.0, -0.3333092847514298, 2.7000000000000015 
6.095449475300884, 35.11791431572828, 0.0, 0.0, 1.0 
12.0086774357612, 3.10195279442906, 0.0, 0.0, 1.0 
46.39822521908012, 24.431352351664213, 0.0, 2.219761448783562, 1.7000000000000006 
14.914287273611793, 0.21866097227976172, 0.0, 0.0, 1.0 
29.54569272011176, 12.221284713578878, 0.0, 0.0, 1.0 
29.037362254449132, 55.672272784259945, 0.0, 0.0, 1.0 
22.46142161060491, 15.157301096376303, 0.0, 0.0, 1.0 
37.29448804470073, 6.119005446086002, 0.0, 0.5057593197996074, 1.1 
54.704817047072986, 39.35387335950909, 0.0, 3.4189371754512923, 2.4000000000000012 
30.097504777543914, 18.21306954606583, 0.0, 0.0, 1.0 
18.353687164121688, 15.428401839875274, 0.0, 0.0, 1.0 
32.880221072451306, 39.21153222887521, 0.0, 0.0, 1.0 
12.025036066467406, 29.723125138095774, 0.0, 0.0, 1.0 
8.231863586636122, 28.40227286657405, 0.0, 0.0, 1.0 
3.939969013692561, 14.944672419845798, 0.0, 6.47770529361947, 2.7000000000000015 
31.370743023966533, 60.58748977110888, 0.0, 0.0, 1.0 
51.702344939656534, 17.964670948113838, 0.0, 0.0, 1.0 
0.09331599423293628, 55.09744013660918, 0.0, 0.0, 1.0 
3.9355598786183106, 56.77376298574534, 0.0, 0.0, 1.0 
4.848689957862567, 18.056913817478208, 0.0, 0.0, 1.0 
12.353100569887774, 11.988358215501806, 0.0, 0.0, 1.0 
30.44955353887931, 7.05923020714973, 0.0, 0.0, 1.0 
5.431242441362367, 55.462584122675516, 0.0, 0.0, 1.0 
53.21829931154679, 26.46469389814932, 0.0, 4.08585865469038, 2.7000000000000015 
6.044902731065274, 25.562563168025694, 0.0, 0.0, 1.0 
42.12496832599392, 2.408174009255526, 0.0, 0.0, 1.0 
17.708280879750422, 4.910590611352751, 0.0, 0.0, 1.0 
6.791123463799916, 15.848264272921424, 0.0, 6.361169111736404, 2.7000000000000015 
47.02581457457337, 27.846426674338385, 0.0, 5.628700140718625, 2.7000000000000015 
36.27985544462008, 20.03498340986291, 0.0, 0.0, 1.0 
43.37657699611607, 47.9126034557532, 0.0, 2.7039138770056192, 1.5000000000000004 
34.616295672937966, 58.07702280006623, 0.0, 0.0, 1.0 
16.261583209395983, 10.094810557137533, 0.0, -0.6034313950514772, 2.5000000000000013 
51.22395395735276, 46.49463772043705, 0.0, 3.8808352981781487, 1.1 
25.82071985353125, 20.49366665075425, 0.0, 0.0, 1.0 
50.423825637380595, 56.75090236564534, 0.0, 0.0, 1.0 
25.65368713568061, 36.71209739079149, 0.0, 0.0, 1.0 
46.68790145358062, 55.26007234491246, 0.0, 0.0, 1.0 
60.65074586364245, 45.737523689187825, 0.0, 0.0, 1.0 
38.73718139668853, 50.52095438824954, 0.0, 0.0, 1.0 
13.336749204797982, 35.70298486931924, 0.0, 0.0, 1.0 
6.793424115697593, 29.746375270822313, 0.0, 0.0, 1.0 
31.82808356644616, 1.7347463251109128, 0.0, 0.0, 1.0 
38.438573302521235, 25.709310480783444, 0.0, 4.279246829198995, 2.7000000000000015 
44.14634734218464, 10.717789485000212, 0.0, 0.0, 1.0 
17.3970495786561, 48.453960541475524, 0.0, 0.0, 1.0 
4.568970640598346, 51.09233811764566, 0.0, 0.0, 1.0 
9.054168893544897, 47.079249712732164, 0.0, 0.0, 1.0 
59.97509409368691, 25.29597594933388, 0.0, 0.0, 1.0 
51.03161402403528, 44.45892645837825, 0.0, 0.0, 1.0 
40.26298989792945, 11.943930888691375, 0.0, 0.0, 1.0 
0.7064226762915067, 35.17650495778154, 0.0, 0.0, 1.0 
40.468706831878066, 3.763872657394379, 0.0, 0.0, 1.0 
8.881972002427261, 18.081485393701715, 0.0, 0.0, 1.0 
8.603209933322054, 4.0773551022629695, 0.0, 0.0, 1.0 
38.41487887514276, 41.928379463566294, 0.0, 4.757028445448034, 1.1 
25.258551629192045, 55.22984122423094, 0.0, 0.0, 1.0 
22.25618222059111, 57.633737120722316, 0.0, 0.0, 1.0 
42.62754543544982, 16.056854648274985, 0.0, 0.0, 1.0 
50.02197920625427, 9.39604900873643, 0.0, 2.4886704233143786, 1.2000000000000002 
26.68710388696224, 50.9863320925296, 0.0, 0.0, 1.0 
18.692908315524686, 27.204230818263362, 0.0, 0.0, 1.0 
31.699837413878804, 49.24613367266812, 0.0, 0.0, 1.0 
45.72037964848838, 31.096334478410103, 0.0, 5.363416662428996, 2.5000000000000013 
18.85726087598176, 8.244217995624085, 0.0, -0.4794380262934159, 2.5000000000000013 
51.05159520829516, 5.8586574857421345, 0.0, 0.0, 1.0 
29.74510126231452, 14.26344086695123, 0.0, 0.0, 1.0 
49.9333488712353, 47.85462220608604, 0.0, 0.9686605938706033, 1.1 
6.10142159983897, 49.69854314430719, 0.0, 0.0, 1.0 
22.807470978870136, 7.210655601855851, 0.0, 0.0, 1.0 
59.97358176987721, 60.34938755671908, 0.0, 0.0, 1.0 
10.201798589088359, 53.045290635008335, 0.0, 0.0, 1.0 
9.883465358465417, 43.662280813417276, 0.0, 0.0, 1.0 
7.472459101584099, 0.2381151123974236, 0.0, 0.0, 1.0 
10.784102044166055, 40.336180121878854, 0.0, 0.0, 1.0 
24.98079210033679, 30.973183495366612, 0.0, 0.0, 1.0 
41.13563142322641, 17.815939676086124, 0.0, 0.0, 1.0 
39.67582896911725, 19.21541705435133, 0.0, 0.0, 1.0 
47.23615461319095, 59.3785941935951, 0.0, 0.0, 1.0 
