position_x,position_y,position_z,orientation,aspect_ratio
49.47144274307828, 52.95432747982736, 0.0, 0.0, 1.0 
7.3178756002080085, 39.54009284440775, 0.0, 0.0, 1.0 
61.127920066310196, 35.523917246729525, 0.0, 0.0, 1.0 
60.44263040976963, 57.919960103234715, 0.0, 0.0, 1.0 
36.05756862554576, 56.64810649349956, 0.0, 0.0, 1.0 
10.364242971179994, 56.58757925526757, 0.0, 2.287407013847676, 1.1 
51.43795774533919, 3.4764002716373943, 0.0, 0.0, 1.0 
45.03670434340734, 50.537710629639314, 0.0, 0.0, 1.0 
39.30053374609845, 2.5246005066831847, 0.0, 0.0, 1.0 
29.142290267778275, 53.370260048982736, 0.0, 2.0969002017861587, 2.7000000000000015 
56.82964910813302, 1.9775310433565236, 0.0, 0.0, 1.0 
42.18889406595295, 26.263999399813244, 0.0, 0.0, 1.0 
20.90508247620338, 46.997042906523454, 0.0, 1.7190045491449872, 2.7000000000000015 
43.009731250034285, 50.32876611282943, 0.0, 0.0, 1.0 
43.8601535790739, 10.948366584143026, 0.0, 0.0, 1.0 
14.152019214473109, 54.84044068321424, 0.0, 0.0, 1.0 
13.960706547416072, 12.869623036587864, 0.0, 0.0, 1.0 
16.956275639304696, 44.483016712399724, 0.0, 0.0, 1.0 
25.57233435160234, 3.9415035055676264, 0.0, 0.3308503720922114, 2.7000000000000015 
1.5718548706047186, 21.64477968454841, 0.0, 3.9897580774965635, 2.7000000000000015 
30.977781822838455, 45.65294648316335, 0.0, 2.446258360453008, 1.1 
30.498073432525967, 30.363786033401414, 0.0, 0.7911378791115684, 2.7000000000000015 
26.95398735689436, 27.763216491384615, 0.0, 0.0, 1.0 
57.1973560448395, 34.802034206702004, 0.0, 0.0, 1.0 
22.34190344949344, 32.56562336927418, 0.0, 4.972796807063667, 1.1 
41.337264515867616, 55.44591113090262, 0.0, 0.0, 1.0 
48.83758763511592, 51.090414275382216, 0.0, 0.0, 1.0 
13.239168089947109, 10.143023251299976, 0.0, 0.0, 1.0 
8.896933430357308, 55.10574340241241, 0.0, 0.0, 1.0 
2.643488253624007, 0.10496965781147598, 0.0, 0.0, 1.0 
40.56151056876215, 36.92318365312834, 0.0, 0.0, 1.0 
3.0977726372679264, 51.534943043042325, 0.0, 0.0, 1.0 
2.724981434047885, 26.561279579859402, 0.0, 5.225800299441217, 1.6000000000000005 
11.135482829649474, 0.7411632000623894, 0.0, 5.943926665744016, 1.3000000000000003 
3.823692708608416, 11.444326519658524, 0.0, 0.0, 1.0 
37.692006510735226, 36.65647395091161, 0.0, 0.0, 1.0 
23.479613176299964, 38.109791303083476, 0.0, 0.0, 1.0 
17.048747589640765, 57.12059716594092, 0.0, 4.701593769964119, 2.7000000000000015 
41.875796053348495, 11.162880717740567, 0.0, 0.0, 1.0 
8.386020998397782, 4.207041157913375, 0.0, 0.0, 1.0 
0.917014019794905, 58.25247004494984, 0.0, 0.0, 1.0 
8.659269357127208, 49.18921993947884, 0.0, 0.0, 1.0 
37.06873111030142, 32.193476826325885, 0.0, 0.0, 1.0 
33.31054420733326, 48.94886830916184, 0.0, 0.0, 1.0 
3.2342733367805163, 6.366700216291971, 0.0, 0.0, 1.0 
16.266182410876088, 20.223554552927556, 0.0, 1.9837752295021502, 2.7000000000000015 
48.126061756583354, 43.802033580382336, 0.0, 0.0, 1.0 
37.02537836923048, 22.35282444939572, 0.0, 0.0, 1.0 
30.424534432698902, 8.889159929671042, 0.0, 3.0676197667923777, 2.7000000000000015 
17.96324257501208, 48.61857177630792, 0.0, 4.5043284810633635, 2.7000000000000015 
39.71430620550819, 51.69279349656824, 0.0, 0.0, 1.0 
51.37571192684743, 46.49526673149081, 0.0, 0.0, 1.0 
26.444415588054834, 35.92188409850408, 0.0, 4.781145730091417, 2.5000000000000013 
52.79856290508511, 24.56774500294211, 0.0, 0.0, 1.0 
52.30651615723081, 40.301097609733816, 0.0, 0.0, 1.0 
38.942311995429186, 10.596081491082437, 0.0, -0.967995895470112, 2.7000000000000015 
44.30362861900006, 29.740377627096787, 0.0, 0.0, 1.0 
46.152340967931906, 24.588523054865817, 0.0, 0.0, 1.0 
37.596901434801296, 42.754896779129986, 0.0, 0.0, 1.0 
60.67458976786525, 19.28113967269812, 0.0, 3.85920643745861, 2.6000000000000014 
43.251540679466366, 3.300636988328828, 0.0, 1.5972307076430985, 1.1 
26.1725141468232, 55.3401385741565, 0.0, 4.062158157737234, 2.7000000000000015 
55.85127458994962, 12.078426106791436, 0.0, 3.821212342319705, 2.5000000000000013 
12.859101725563495, 18.01214337503364, 0.0, 0.0, 1.0 
47.10349784410944, 16.0238838232305, 0.0, 0.0, 1.0 
30.710214954589535, 34.38598236172678, 0.0, 0.0, 1.0 
0.3711063778346955, 18.439968119554024, 0.0, 0.0, 1.0 
15.43136154894677, 45.88530711343177, 0.0, 0.0, 1.0 
39.20814346658056, 38.460776016557574, 0.0, 1.3374701972486953, 2.4000000000000012 
14.603263313127295, 33.659261378848804, 0.0, 0.9896367398380831, 1.2000000000000002 
28.730882342300845, 42.210996423638065, 0.0, 0.0, 1.0 
4.311986932303386, 17.880834917514502, 0.0, 0.0, 1.0 
46.49644227948634, 1.7280733114718811, 0.0, 0.0, 1.0 
37.68890202011978, 51.46488122339249, 0.0, 0.0, 1.0 
45.2648694382655, 3.4170249010008242, 0.0, 0.0, 1.0 
39.760144276740576, 60.542170847526606, 0.0, 0.0, 1.0 
49.556934300555945, 31.507437349586834, 0.0, 0.0, 1.0 
39.00885529774685, 15.207275341725781, 0.0, 0.0, 1.0 
40.48857717097571, 33.04397244363479, 0.0, 0.0, 1.0 
17.725155604762474, 38.34480364633949, 0.0, 1.9281641499134603, 2.7000000000000015 
8.928621863731756, 15.876960378849757, 0.0, 0.0, 1.0 
29.055913926351533, 23.994687851166724, 0.0, 0.0, 1.0 
0.12874846771422166, 56.511591216330544, 0.0, 0.0, 1.0 
15.222525957538643, 24.578444699105233, 0.0, 1.6311128133240544, 2.7000000000000015 
53.25764128116997, 19.530478808602986, 0.0, 0.0, 1.0 
44.091435810770314, 57.60999826031185, 0.0, 0.0, 1.0 
21.561798057349698, 15.59755749456497, 0.0, 2.4845070324437506, 2.7000000000000015 
12.559543352921873, 4.348756342078298, 0.0, 0.0, 1.0 
47.48237570731085, 31.455152758162292, 0.0, 0.0, 1.0 
43.31592700259485, 55.688057715426226, 0.0, 0.0, 1.0 
43.37983242672628, 31.38030531183608, 0.0, 0.0, 1.0 
2.789415654605594, 29.38734764351452, 0.0, 0.8082326238563219, 1.5000000000000004 
3.8117050657075104, 32.0864403644736, 0.0, 0.0, 1.0 
5.852782263242633, 60.222521621570785, 0.0, 0.0, 1.0 
37.71145459778436, 3.6908425130224933, 0.0, 0.0, 1.0 
41.955226965706444, 24.415414233760195, 0.0, 0.0, 1.0 
59.776467003697405, 7.183980299318257, 0.0, 0.0, 1.0 
26.406629597132373, 49.0453848254837, 0.0, 0.0, 1.0 
19.319036821777622, 23.364749532666483, 0.0, 5.493217250038142, 2.7000000000000015 
5.7891239790192985, 50.15227801419624, 0.0, 0.0, 1.0 
22.019349415054677, 56.260326964240726, 0.0, 2.800128736885738, 2.7000000000000015 
42.806286138948096, 44.992319763054496, 0.0, 0.0, 1.0 
40.53462532203351, 0.9168349700915371, 0.0, 0.0, 1.0 
11.323599414194184, 31.69978702102715, 0.0, 1.6736354946234278, 2.7000000000000015 
47.326164755259626, 22.96638867591089, 0.0, 0.0, 1.0 
57.86513886205465, 36.69619311240217, 0.0, 0.0, 1.0 
41.483708095263275, 7.756760631809317, 0.0, 0.0, 1.0 
15.829150489340847, 30.176095366362084, 0.0, 0.6726947988635578, 2.7000000000000015 
0.690832347842123, 27.3663841812307, 0.0, 0.0, 1.0 
43.09882931913755, 22.711990241525136, 0.0, 0.0, 1.0 
45.3723786603083, 41.814033456555585, 0.0, 0.0, 1.0 
55.16833239924916, 53.365637537171224, 0.0, 0.0, 1.0 
38.48268056104787, 53.31286777558642, 0.0, 0.0, 1.0 
15.004522196211864, 11.108598403458654, 0.0, 0.0, 1.0 
5.7291575466215034, 32.18242192863217, 0.0, 0.0, 1.0 
16.087981974879785, 54.125988548768895, 0.0, 0.0, 1.0 
37.03711065847568, 5.160425499319808, 0.0, 0.13387108906816975, 2.5000000000000013 
4.2125361638724685, 4.5715892954077075, 0.0, 0.0, 1.0 
58.964208056521684, 1.8347634700722903, 0.0, 0.0, 1.0 
1.0115963233267597, 30.220127404742993, 0.0, 0.0, 1.0 
54.10051741914145, 58.43635570564873, 0.0, 0.0, 1.0 
15.628689192786533, 32.24843636804769, 0.0, 1.0589056086184079, 2.000000000000001 
0.6178810293602967, 61.51913525651059, 0.0, 0.0, 1.0 
38.29185945091318, 47.93314522642263, 0.0, 0.0, 1.0 
21.92555515224646, 51.69658870641347, 0.0, 0.0, 1.0 
16.313791141996496, 15.85897139827049, 0.0, 1.6478072982730017, 2.7000000000000015 
35.59273560110207, 42.544074315471725, 0.0, 0.0, 1.0 
25.668482453862595, 44.35450431423285, 0.0, 1.2430082617842682, 2.7000000000000015 
37.04273379295804, 49.508893737836345, 0.0, 0.0, 1.0 
44.90136759214791, 59.499920426911096, 0.0, 0.0, 1.0 
41.76156927420646, 51.928281539398434, 0.0, 0.0, 1.0 
51.28194346412445, 53.291573100401834, 0.0, 0.0, 1.0 
52.189049211614915, 43.520708679115366, 0.0, 0.0, 1.0 
30.493962301596913, 32.36124551179522, 0.0, 0.0, 1.0 
42.14266515667569, 20.953411005570064, 0.0, 0.0, 1.0 
57.83263455363834, 49.29602118006521, 0.0, 0.0, 1.0 
36.556038842843726, 0.3092133324828889, 0.0, 0.0, 1.0 
36.800199410505634, 10.501281842169112, 0.0, 0.0, 1.0 
19.340812333428605, 21.725734878700624, 0.0, -0.49765743308942917, 2.7000000000000015 
43.18720012429304, 28.019969610184845, 0.0, 0.0, 1.0 
49.2064661846415, 6.886389236472238, 0.0, 0.0, 1.0 
20.965005077055295, 26.62446209255873, 0.0, 0.4707053684898695, 2.7000000000000015 
41.15049088364876, 27.994664098183417, 0.0, 0.0, 1.0 
38.6976348948478, 44.50639185355681, 0.0, 0.0, 1.0 
51.71202304348279, 48.170571801236925, 0.0, 0.0, 1.0 
59.46623798516563, 31.79907617970246, 0.0, 0.0, 1.0 
39.32030235373579, 55.211581988479125, 0.0, 0.0, 1.0 
59.66416084327414, 20.01915906792929, 0.0, 4.2495554506112265, 2.6000000000000014 
22.0638874973569, 44.462177733517464, 0.0, 1.7664537464398486, 2.7000000000000015 
9.607928368728178, 26.059584458670535, 0.0, 0.0, 1.0 
52.08864460532507, 58.40943188840675, 0.0, 0.0, 1.0 
40.136306425018944, 29.771997286503517, 0.0, 0.0, 1.0 
54.28468638115725, 43.53420985828648, 0.0, 0.0, 1.0 
21.767118025112307, 34.608853123498065, 0.0, -0.5557228588259062, 2.7000000000000015 
61.184377001664004, 43.564484682182275, 0.0, 0.0, 1.0 
29.09093084450702, 35.26536580803644, 0.0, 0.0, 1.0 
8.294693122398629, 56.97878234436853, 0.0, 3.5207216969989745, 1.1 
28.447801639407473, 6.459858604559971, 0.0, 2.2403707229357486, 2.7000000000000015 
14.510738960048936, 0.18906755810488904, 0.0, 0.0, 1.0 
59.9402895548374, 44.956526184490805, 0.0, 0.0, 1.0 
13.803261119847017, 23.73244509713321, 0.0, 2.214389892232297, 2.5000000000000013 
43.65864971875742, 34.69858111096717, 0.0, 0.0, 1.0 
3.636733329100271, 44.385974844805816, 0.0, 0.0, 1.0 
28.612318949652916, 3.8516322411737036, 0.0, 1.6748160137795873, 2.300000000000001 
12.215538351194976, 14.002644461811647, 0.0, 0.0, 1.0 
40.743966488236495, 39.328103893475884, 0.0, 0.0, 1.0 
4.04506026800169, 28.062116482944678, 0.0, 3.9133204757670685, 1.1 
57.49454285755176, 11.612303064980805, 0.0, 0.0, 1.0 
31.004754965805198, 5.283481850604348, 0.0, 2.652540863892053, 2.6000000000000014 
56.43372481578574, 21.208897588682085, 0.0, 0.0, 1.0 
45.109566144238606, 16.04026270631662, 0.0, 0.0, 1.0 
57.84121941476037, 18.27144410946136, 0.0, 4.19634474109635, 2.7000000000000015 
44.215001653126265, 5.168992437463137, 0.0, 0.0, 1.0 
19.538432270894166, 16.110338601117032, 0.0, 2.3926032568884747, 2.7000000000000015 
54.034986803826584, 52.142436896552674, 0.0, 0.0, 1.0 
0.3508309984321578, 23.216138373946713, 0.0, 3.9390482177832844, 2.7000000000000015 
2.8814436728961366, 42.53037908477985, 0.0, 0.0, 1.0 
1.104700699402755, 47.40743916461748, 0.0, 0.0, 1.0 
55.31101054568849, 13.35281858999675, 0.0, 4.328696545417593, 2.6000000000000014 
25.796620251252655, 33.97865886959814, 0.0, 5.600675335687788, 2.200000000000001 
52.958655851715015, 45.1083321514278, 0.0, 0.0, 1.0 
13.351350823292032, 40.32897850370639, 0.0, 0.0, 1.0 
17.411404369817124, 10.001150682133055, 0.0, 1.6856089889507107, 2.5000000000000013 
7.511142203408836, 2.3865558365469046, 0.0, 0.0, 1.0 
40.2836131363523, 6.131817394969205, 0.0, 0.0, 1.0 
9.744976377574632, 19.307583650654994, 0.0, 0.0, 1.0 
3.824505848436913, 60.02529555187223, 0.0, 0.0, 1.0 
42.913980714302035, 59.2578528956397, 0.0, 0.0, 1.0 
50.314012007692895, 40.28332958239941, 0.0, 0.0, 1.0 
58.301267822100456, 43.9982933218019, 0.0, 0.0, 1.0 
53.61433385257243, 22.886446369871074, 0.0, 0.0, 1.0 
32.99454590323602, 33.07067373140855, 0.0, 7.88011670923656, 2.6000000000000014 
43.70584515553071, 61.145680619260226, 0.0, 0.0, 1.0 
8.537427004057454, 37.88706571589462, 0.0, 0.0, 1.0 
36.98328303572688, 58.39904709070493, 0.0, 0.0, 1.0 
8.911722947478912, 43.354947516268666, 0.0, 0.0, 1.0 
11.63136029028542, 50.4025601161582, 0.0, 0.0, 1.0 
58.785438352494886, 52.899660243182645, 0.0, 0.0, 1.0 
48.56536094996313, 1.813324248365815, 0.0, 0.0, 1.0 
31.392521718584575, 38.413205106375784, 0.0, 0.0, 1.0 
21.27729385498251, 36.41934658202222, 0.0, 2.5384041403769553, 2.7000000000000015 
59.44482757643571, 16.889410859171686, 0.0, 4.036530458223553, 2.7000000000000015 
32.11515463693201, 2.1200606632356305, 0.0, 2.8793559868855043, 2.5000000000000013 
56.55213285110806, 38.0470888048877, 0.0, 0.0, 1.0 
10.306489699727237, 60.53712623051958, 0.0, 3.3113664444845736, 1.2000000000000002 
57.1399732031634, 60.01344676159797, 0.0, 0.0, 1.0 
50.611135792235075, 1.8222292017446995, 0.0, 0.0, 1.0 
57.587970181291354, 42.060184870842335, 0.0, 0.0, 1.0 
13.68802909798069, 25.810778417107755, 0.0, 0.0, 1.0 
31.349813564762222, 14.155343459146895, 0.0, 3.2892768176624827, 2.4000000000000012 
33.965252296796024, 34.1495311199055, 0.0, 2.2704357395759325, 2.7000000000000015 
28.34255044548222, 49.54671893014514, 0.0, 0.0, 1.0 
5.650802308531336, 35.78182800440683, 0.0, 0.0, 1.0 
59.3031312713216, 56.53183189678339, 0.0, 0.0, 1.0 
25.812587346025683, 56.91983545921048, 0.0, 0.8644728988506665, 2.000000000000001 
29.283301814217573, 26.09685493693513, 0.0, 0.0, 1.0 
27.12272142675677, 31.95269381759909, 0.0, 4.028873164986271, 1.1 
58.454453172993965, 38.62499588625254, 0.0, 0.0, 1.0 
39.53503362607405, 46.3269262756092, 0.0, 0.0, 1.0 
60.16716065559963, 0.18521003782367784, 0.0, 0.0, 1.0 
37.049225870079574, 2.017537877025336, 0.0, 0.0, 1.0 
40.13469840526647, 26.24227081521866, 0.0, 0.0, 1.0 
11.446102133301714, 18.882689670071247, 0.0, 0.0, 1.0 
18.73307599599993, 12.479068044451063, 0.0, 1.979727084615389, 2.7000000000000015 
10.791247398625512, 58.58094308253791, 0.0, 0.0, 1.0 
15.368783078683112, 48.84060344694314, 0.0, 0.0, 1.0 
26.94964762685241, 42.82522875212047, 0.0, 1.8546373410358468, 2.7000000000000015 
12.883709251252226, 6.117475072137493, 0.0, 3.631779014693607, 2.7000000000000015 
0.8061375438413918, 33.8333408360168, 0.0, 0.0, 1.0 
6.8886409746879735, 43.094963600923144, 0.0, 0.0, 1.0 
1.2191176844083993, 51.66758320728502, 0.0, 0.0, 1.0 
29.60509874957143, 28.267115402715973, 0.0, 6.880890427693361, 2.7000000000000015 
47.59486999507265, 47.31378031471119, 0.0, 0.0, 1.0 
5.288283432087019, 21.820912083292697, 0.0, 0.0, 1.0 
10.533140677343399, 14.993588764912376, 0.0, 0.0, 1.0 
11.029331603099749, 52.37138434034526, 0.0, 0.0, 1.0 
11.205842523006051, 20.766288013348557, 0.0, 0.0, 1.0 
5.065108986685137, 9.95722414764521, 0.0, 0.0, 1.0 
33.21196345324638, 58.73428684227803, 0.0, 0.9359749948642964, 2.7000000000000015 
52.33270399749296, 5.070723425020148, 0.0, 0.0, 1.0 
33.064344151397485, 54.974307960028675, 0.0, 0.0, 1.0 
54.15618349553691, 13.131726481498736, 0.0, 4.2418998557375165, 2.6000000000000014 
38.10263713465094, 20.5310977841229, 0.0, 1.843775606460167, 1.1 
8.92599020559419, 6.142748537610741, 0.0, 0.0, 1.0 
27.75471349988892, 14.706980260465476, 0.0, 3.1152037419486187, 2.7000000000000015 
4.691723355381826, 0.31404671157229813, 0.0, 0.0, 1.0 
60.89270859180888, 16.67608473413997, 0.0, 0.0, 1.0 
28.94435454071475, 61.14482281469885, 0.0, 4.720806627682455, 2.7000000000000015 
1.8653510424884778, 14.904925655619689, 0.0, 0.0, 1.0 
18.42060731153002, 18.016985043592182, 0.0, 0.0, 1.0 
24.027540977172013, 58.78015344949222, 0.0, 5.8761240621162605, 2.7000000000000015 
1.6340764774869274, 35.63115513145274, 0.0, 0.0, 1.0 
38.59951447481642, 41.40004502656208, 0.0, 0.0, 1.0 
9.711862697243841, 36.22906794899996, 0.0, 0.0, 1.0 
37.53528775465549, 46.06285555305939, 0.0, 0.0, 1.0 
50.88734714110876, 45.0660368233745, 0.0, 0.0, 1.0 
56.96588700339653, 45.60495760360958, 0.0, 0.0, 1.0 
53.688468505961666, 9.73313156122222, 0.0, 3.866397713596166, 2.7000000000000015 
48.3835229351947, 40.192720251035894, 0.0, 0.0, 1.0 
15.634678525752024, 17.552523509832234, 0.0, 1.3045829035592922, 2.7000000000000015 
59.726223103077274, 22.51040491375543, 0.0, 0.0, 1.0 
15.338970090311538, 14.206578024269902, 0.0, 1.585277912329991, 2.000000000000001 
34.966964200112436, 9.887011920992968, 0.0, 0.0, 1.0 
41.34230128006162, 31.38291216802467, 0.0, 0.0, 1.0 
28.208243923286155, 29.335507884519096, 0.0, 0.0, 1.0 
31.261438181373133, 22.154738544377313, 0.0, 0.0, 1.0 
27.539063272689102, 58.12533884915787, 0.0, 5.055646083358852, 2.7000000000000015 
51.09879122699242, 56.71892561869416, 0.0, 0.0, 1.0 
3.5968558592131377, 1.9118520490632345, 0.0, 0.0, 1.0 
2.1487373241833905, 56.52894878210819, 0.0, 0.0, 1.0 
42.52066770224912, 33.01528042042681, 0.0, 0.0, 1.0 
9.020612134030902, 58.89611953159535, 0.0, 0.0, 1.0 
3.298756922071653, 21.35488464524138, 0.0, 0.0, 1.0 
39.7873526264166, 43.040610646665954, 0.0, 0.0, 1.0 
41.30727811152009, 2.66978570886789, 0.0, 0.0, 1.0 
48.28726249049158, 21.284460309587896, 0.0, 0.0, 1.0 
58.00928861236293, 58.05297206985718, 0.0, 0.0, 1.0 
48.26053612550961, 49.13775679390589, 0.0, 0.0, 1.0 
38.364362110802126, 13.299115239067694, 0.0, 0.0, 1.0 
23.357651869705997, 0.5632762063373608, 0.0, -0.3220157526751825, 2.7000000000000015 
47.631717069249824, 52.66959524333711, 0.0, 0.0, 1.0 
4.780170269800301, 30.23472522871747, 0.0, 1.4079539325091504, 1.1 
49.253996403839814, 19.531639853813182, 0.0, 0.0, 1.0 
3.611409349495151, 35.73942335569848, 0.0, 0.0, 1.0 
7.278310779391204, 21.42180462499337, 0.0, 0.0, 1.0 
49.88272128486242, 8.676617306478418, 0.0, 0.0, 1.0 
24.516190032910433, 15.787988679600826, 0.0, 2.7563381167756607, 2.7000000000000015 
3.8127325196429194, 49.784338939088514, 0.0, 0.0, 1.0 
51.30297925301577, 27.97175188831358, 0.0, 0.0, 1.0 
25.941810125892385, 47.08267532352489, 0.0, 0.0, 1.0 
45.2411355706494, 55.988702820102965, 0.0, 0.0, 1.0 
16.17095563035392, 27.740207583796956, 0.0, 4.437278146837059, 2.7000000000000015 
53.97943178633642, 50.294415679204484, 0.0, 0.0, 1.0 
8.940926717500288, 0.6172140031032577, 0.0, 5.678347119870372, 1.2000000000000002 
58.350244050993254, 33.297025499489365, 0.0, 0.0, 1.0 
58.77528597912935, 10.306277167488426, 0.0, 0.0, 1.0 
58.9500158048592, 54.91207838693861, 0.0, 2.1352145716935085, 2.7000000000000015 
29.96771361288493, 56.921279537069026, 0.0, 1.236394820985237, 2.7000000000000015 
25.882154630961846, 18.142262818472727, 0.0, 0.0, 1.0 
46.55728662285195, 33.115769095450304, 0.0, 0.0, 1.0 
1.758085175405696, 59.89596682571402, 0.0, 0.0, 1.0 
11.587897674693469, 45.59290606003522, 0.0, 0.0, 1.0 
36.2770072063256, 19.781920078086724, 0.0, 0.0, 1.0 
31.896146867985117, 43.746130776006325, 0.0, 0.0, 1.0 
13.911155646821978, 56.85503795632427, 0.0, 0.0, 1.0 
38.65867937132547, 35.70008346304514, 0.0, 0.8957000556638495, 2.7000000000000015 
12.269399617563936, 55.688081817353186, 0.0, 0.0, 1.0 
43.81296173903019, 38.128088705475, 0.0, 0.0, 1.0 
45.672157713086925, 61.38107737510709, 0.0, 0.0, 1.0 
12.77236294333781, 32.60446692787599, 0.0, 5.417965544083728, 1.3000000000000003 
40.70223970657595, 9.6504845066321, 0.0, 0.0, 1.0 
9.974642667410398, 7.979874614149595, 0.0, 0.0, 1.0 
8.84410293426044, 17.78450011520435, 0.0, 0.0, 1.0 
31.530332666226023, 3.7102561980595947, 0.0, 2.7227064718385714, 2.7000000000000015 
8.715366335101685, 11.851249159582222, 0.0, 0.0, 1.0 
18.53538767621448, 31.563535485975336, 0.0, 4.489421707308308, 1.6000000000000005 
61.430079244046084, 4.902429938692239, 0.0, 0.0, 1.0 
12.943139202665618, 34.753829761298896, 0.0, 0.0, 1.0 
29.217460811628893, 12.08876921535327, 0.0, 5.373308499831723, 2.7000000000000015 
42.51228387265676, 1.2301639858844844, 0.0, 0.0, 1.0 
55.544365190298755, 31.163693633601543, 0.0, 0.0, 1.0 
44.06306895923705, 43.433750033117256, 0.0, 0.0, 1.0 
42.099565086450646, 17.562924293858707, 0.0, 0.0, 1.0 
4.16866120754847, 56.496008158843, 0.0, 0.0, 1.0 
0.8683225166432169, 13.211953720744333, 0.0, 0.0, 1.0 
27.906063416453648, 47.66344673848565, 0.0, 0.0, 1.0 
42.284342328603145, 48.44317709809515, 0.0, 0.0, 1.0 
43.77526052618818, 52.18343919800773, 0.0, 0.0, 1.0 
61.51069245447117, 14.981035600363278, 0.0, 0.0, 1.0 
49.05616471533903, 15.994389499687985, 0.0, 0.0, 1.0 
1.6071454535379577, 44.037226279027834, 0.0, 0.0, 1.0 
1.9023065358896083, 32.069944194856525, 0.0, 0.0, 1.0 
34.56519592505484, 36.10722376233491, 0.0, 0.0, 1.0 
0.6337606606872985, 3.3364915810581945, 0.0, 0.0, 1.0 
26.301312343685417, 0.4026701959307999, 0.0, 0.5387679192233628, 2.200000000000001 
36.47562115235563, 35.19425653271562, 0.0, 0.0, 1.0 
33.420208861899575, 15.89989132184609, 0.0, 4.685318523927558, 2.6000000000000014 
33.174315133420656, 39.42763154693782, 0.0, 0.0, 1.0 
30.282675653879167, 36.55368460132917, 0.0, 0.0, 1.0 
24.297916661501986, 8.619962302877745, 0.0, 1.7276637163274997, 2.7000000000000015 
4.184525102281039, 8.110064418365045, 0.0, 0.0, 1.0 
46.294231888914275, 48.89728625744273, 0.0, 0.0, 1.0 
51.71114723468077, 10.96819913905912, 0.0, 0.0, 1.0 
44.48534024796723, 1.5291653249566117, 0.0, 0.0, 1.0 
13.015568273035722, 43.70146459970415, 0.0, 0.0, 1.0 
33.51774530920064, 42.528726189601215, 0.0, 0.0, 1.0 
5.070124271555607, 52.037299664915516, 0.0, 0.0, 1.0 
16.434815913808226, 40.28482226376729, 0.0, 1.4301970794622134, 2.7000000000000015 
38.510845137456066, 33.549203147289006, 0.0, 0.0, 1.0 
28.213574896087295, 40.17275073843284, 0.0, 3.4478516816886002, 1.4000000000000004 
34.98836412329977, 61.4386848191882, 0.0, 1.1676265920268336, 2.5000000000000013 
54.50184413266373, 32.869890904317444, 0.0, 0.0, 1.0 
9.86319374501496, 30.416315199796742, 0.0, 5.814049546107096, 1.9000000000000008 
24.084196923702233, 46.95372050935771, 0.0, 0.0, 1.0 
56.88971282181163, 52.83973273422486, 0.0, 0.0, 1.0 
46.15655867298957, 17.78425216919378, 0.0, 0.0, 1.0 
52.66658281533153, 12.664963145896706, 0.0, 0.0, 1.0 
18.29383369945957, 15.431389337829204, 0.0, 1.7989706212565784, 2.4000000000000012 
47.25214723293699, 6.893284562309989, 0.0, 0.0, 1.0 
49.92561235835115, 14.254084959832376, 0.0, 0.0, 1.0 
44.92671789001699, 12.558990059159644, 0.0, 0.0, 1.0 
6.151992442949161, 8.60352359141606, 0.0, 0.0, 1.0 
50.1409083739415, 43.60395769146185, 0.0, 0.0, 1.0 
37.87710275832905, 24.231613404131796, 0.0, 0.0, 1.0 
48.40253562535466, 29.81118424866452, 0.0, 0.0, 1.0 
6.086019343632164, 28.63339604831464, 0.0, 0.0, 1.0 
33.884858484108456, 13.675432337822874, 0.0, 3.310582024038385, 2.7000000000000015 
40.02986022056401, 11.800282052240261, 0.0, 0.0, 1.0 
1.152971398133793, 16.64225825928998, 0.0, 0.0, 1.0 
7.9058368121598, 60.48540881707295, 0.0, 0.0, 1.0 
58.091573714994354, 3.477683016905094, 0.0, 0.0, 1.0 
13.01002837542805, 1.922782382636941, 0.0, 1.3639433305925746, 2.7000000000000015 
17.045968762863495, 17.027317163029917, 0.0, 1.7841144651521843, 2.7000000000000015 
50.71340475329082, 24.609102389922853, 0.0, 0.0, 1.0 
60.94819958759662, 6.345251312415425, 0.0, 0.0, 1.0 
9.553152111633212, 2.500846274554473, 0.0, 0.0, 1.0 
35.11504082904354, 15.737422819219082, 0.0, 0.9766751242207647, 1.2000000000000002 
3.1712853751461436, 16.478281237281013, 0.0, 0.0, 1.0 
48.01858007268698, 58.10492018760889, 0.0, 0.0, 1.0 
10.565147026084116, 49.01322318649855, 0.0, 0.0, 1.0 
41.76100843333739, 60.84655098802859, 0.0, 0.0, 1.0 
24.226722885749364, 54.758951739207546, 0.0, 0.0, 1.0 
15.757923386778268, 56.05365302733387, 0.0, 0.0, 1.0 
38.14396054316888, 56.81602478015489, 0.0, 0.0, 1.0 
20.40586617939437, 33.05778449260502, 0.0, 5.312285464041929, 2.7000000000000015 
33.46866574868804, 27.664444647093273, 0.0, 0.0, 1.0 
34.211703916065524, 47.07848530379687, 0.0, 0.0, 1.0 
25.26005553946488, 21.65931463696721, 0.0, 0.02815795738083897, 2.7000000000000015 
31.772672239035746, 59.65944915829476, 0.0, 0.928491064417631, 2.7000000000000015 
10.552777295181118, 38.1152962953871, 0.0, 0.0, 1.0 
0.9539433575485537, 39.275543251097915, 0.0, 0.0, 1.0 
23.772858609980908, 43.0983075751327, 0.0, 0.0, 1.0 
35.82405950643288, 37.144312448107954, 0.0, 0.0, 1.0 
37.44415060758747, 38.279972603949744, 0.0, 0.0, 1.0 
4.863529111024613, 42.81625532643181, 0.0, 0.0, 1.0 
53.32866382918572, 46.8544329309135, 0.0, 0.0, 1.0 
40.95808096228421, 58.943566144205555, 0.0, 0.0, 1.0 
6.61323985842622, 23.35617835227708, 0.0, 0.0, 1.0 
33.56526400511129, 12.123302223959705, 0.0, 3.6849429659808943, 2.7000000000000015 
5.060623952654443, 48.216724403594064, 0.0, 0.0, 1.0 
59.36516092536763, 5.080395354468615, 0.0, 0.0, 1.0 
56.27461943333429, 43.699188695648495, 0.0, 0.0, 1.0 
46.982338619661526, 50.7887619846822, 0.0, 0.0, 1.0 
55.98211607758537, 54.91023423636216, 0.0, 0.0, 1.0 
56.9883118834941, 50.79563216421784, 0.0, 0.0, 1.0 
7.116613093269466, 12.99196493465457, 0.0, 0.0, 1.0 
25.134562588299737, 32.53041649935478, 0.0, 0.0, 1.0 
9.156968465714629, 20.991251750716206, 0.0, 0.0, 1.0 
59.45175229426942, 27.694365432236484, 0.0, 0.0, 1.0 
32.31635578736175, 41.00664748612736, 0.0, 0.0, 1.0 
46.85839915629507, 59.7422280394404, 0.0, 0.0, 1.0 
33.70557434880143, 10.859846250077124, 0.0, 0.5053148556355835, 2.7000000000000015 
45.8440145653385, 10.723357670340308, 0.0, 0.0, 1.0 
48.548505276266646, 36.6400364666655, 0.0, 0.0, 1.0 
54.395146592985846, 21.195238970247466, 0.0, 0.0, 1.0 
31.718018428212968, 17.684875241887244, 0.0, 5.845163669497033, 1.5000000000000004 
6.7035716993237005, 0.5819827654574613, 0.0, 0.0, 1.0 
42.73249412715414, 39.743718248318416, 0.0, 0.0, 1.0 
50.215525687696875, 54.87876902527656, 0.0, 0.0, 1.0 
61.06349389599571, 59.84423889822738, 0.0, 0.0, 1.0 
13.36878979517318, 49.412149072271994, 0.0, 0.0, 1.0 
34.405375685174164, 31.82427154274771, 0.0, 1.9001732532268563, 2.7000000000000015 
43.571195904780986, 46.837452597657055, 0.0, 0.0, 1.0 
34.544343543736666, 40.80302884100085, 0.0, 0.0, 1.0 
24.55013408941945, 48.921069242865016, 0.0, 0.0, 1.0 
41.09842287718867, 19.175143084703077, 0.0, 0.0, 1.0 
15.824792566493715, 35.19191546129033, 0.0, 1.9088649785354226, 2.7000000000000015 
30.971010441539725, 27.269231830792208, 0.0, 1.0469208927251274, 1.1 
53.656323088489096, 35.29777803312997, 0.0, 0.0, 1.0 
55.53219594347365, 51.343841626112486, 0.0, 0.0, 1.0 
26.73685264054841, 5.2852225900466845, 0.0, 6.293087530269649, 2.7000000000000015 
36.20938420243736, 30.43641224838448, 0.0, 0.0, 1.0 
38.112779959900024, 6.670606865616768, 0.0, 0.0, 1.0 
33.69826622068004, 61.322947472930856, 0.0, 7.465656435479231, 2.7000000000000015 
29.96122881223001, 50.19840416565941, 0.0, 1.5905254847322008, 2.7000000000000015 
7.727945478643033, 32.308263179946, 0.0, 0.0, 1.0 
25.17203170065467, 36.6866198141896, 0.0, 4.954266486465737, 2.7000000000000015 
50.5522115832175, 36.69989596211932, 0.0, 0.0, 1.0 
52.68487390658011, 6.995825587067104, 0.0, 4.770178366988914, 2.6000000000000014 
12.973750564527348, 51.590149951455466, 0.0, 0.0, 1.0 
19.72634514714365, 45.74425799852836, 0.0, 0.0, 1.0 
8.807705156735503, 13.894202316406293, 0.0, 0.0, 1.0 
23.32464202057688, 52.93640765825391, 0.0, 0.0, 1.0 
49.62627341330735, 34.91871908022358, 0.0, 0.0, 1.0 
51.81833919395973, 0.18475537020024407, 0.0, 0.0, 1.0 
20.255910789625005, 14.106253792743674, 0.0, 2.3310425030859503, 2.7000000000000015 
10.060305454170305, 24.373237712889182, 0.0, 0.0, 1.0 
37.08057593143686, 28.016382257211525, 0.0, 0.0, 1.0 
60.67117648377122, 10.203295434172546, 0.0, 0.0, 1.0 
23.46601625188436, 28.803263906415314, 0.0, 0.8587492835010861, 2.7000000000000015 
45.20931778132768, 19.47875229525679, 0.0, 0.0, 1.0 
50.92229455796395, 60.03680715341612, 0.0, 0.0, 1.0 
59.532578157809446, 11.835468577147196, 0.0, 0.0, 1.0 
57.419773860810956, 27.780108967796725, 0.0, 0.0, 1.0 
41.00222568187499, 50.084600155196, 0.0, 0.0, 1.0 
2.196414877333312, 8.08801450112668, 0.0, 0.0, 1.0 
38.98577677111163, 49.837242009712725, 0.0, 0.0, 1.0 
54.342602676174785, 4.80104666222883, 0.0, 0.0, 1.0 
46.48227601788511, 40.145307913384805, 0.0, 0.0, 1.0 
35.77356069446461, 3.621376269631623, 0.0, 0.0, 1.0 
36.59171921084937, 40.97888955137764, 0.0, 0.0, 1.0 
39.02157826799021, 58.665398119062715, 0.0, 0.0, 1.0 
56.012080256089085, 5.9564907825588564, 0.0, 0.0, 1.0 
3.9838528981640056, 23.29109091720693, 0.0, 0.0, 1.0 
33.12440879383889, 45.32841093044812, 0.0, 0.0, 1.0 
58.08800182092879, 6.348731881786737, 0.0, 0.0, 1.0 
21.488396044026306, 55.21929184646837, 0.0, 2.646736416993234, 2.7000000000000015 
7.688562878362707, 36.051597818012475, 0.0, 0.0, 1.0 
57.13067244385994, 56.51341151516637, 0.0, 0.0, 1.0 
22.27709685420438, 46.75386758236755, 0.0, 2.1393063546511275, 2.6000000000000014 
60.07301449119258, 3.416203771669306, 0.0, 0.0, 1.0 
35.47940030599086, 45.78743231790495, 0.0, 0.0, 1.0 
50.02618038102465, 58.29764058064397, 0.0, 0.0, 1.0 
24.061733175620443, 18.07411760756818, 0.0, 5.134412479873288, 2.7000000000000015 
35.14162592610984, 48.85656865584716, 0.0, 0.0, 1.0 
26.74138018655236, 16.3017376597527, 0.0, 0.0, 1.0 
45.172491630249446, 22.83145178667411, 0.0, 0.0, 1.0 
16.780904869578467, 50.10500904227807, 0.0, 0.0, 1.0 
53.50596828233819, 14.544280421282465, 0.0, 0.0, 1.0 
28.020510311088415, 44.10893826223235, 0.0, 0.0, 1.0 
34.752071880837384, 1.9822624900104335, 0.0, 0.0, 1.0 
45.59079713638275, 47.07199779475057, 0.0, 0.0, 1.0 
14.555572886962477, 37.89210999103583, 0.0, 1.6794120483010408, 1.1 
52.113950972130155, 49.87085339439776, 0.0, 0.0, 1.0 
25.357232434781878, 52.70421434810786, 0.0, 0.0, 1.0 
48.925138051878285, 12.409118353055273, 0.0, 0.0, 1.0 
43.159572840638184, 19.34558439893602, 0.0, 0.0, 1.0 
2.934753062811741, 58.20845538823377, 0.0, 0.0, 1.0 
58.613697450035914, 29.48871574114825, 0.0, 0.0, 1.0 
35.17332657268502, 28.747123679306785, 0.0, 0.0, 1.0 
47.87928230504291, 10.639890603470418, 0.0, 0.0, 1.0 
21.6801053883389, 58.127671340099695, 0.0, 0.0, 1.0 
57.03237149673141, 47.61937796794366, 0.0, 0.0, 1.0 
45.33350677016142, 7.04185281613821, 0.0, 0.0, 1.0 
35.64141075171686, 26.703686592391687, 0.0, 2.422403649286129, 1.1 
42.33900917476751, 5.92430858018835, 0.0, 0.0, 1.0 
27.94839072481099, 36.976226207925585, 0.0, 0.0, 1.0 
10.560590599790975, 22.443120403386132, 0.0, 0.0, 1.0 
50.15782098709263, 49.452055847122736, 0.0, 0.0, 1.0 
27.572768511371468, 34.56507063331847, 0.0, 0.0, 1.0 
34.347865429062104, 19.567635292534053, 0.0, 0.0, 1.0 
60.99143936470984, 40.8890446777459, 0.0, 0.0, 1.0 
49.899967157928, 10.655451295850613, 0.0, 0.0, 1.0 
33.66742662470962, 6.385742515954144, 0.0, 2.8904846186248587, 1.4000000000000004 
15.848424386202, 9.208142213084322, 0.0, 0.0, 1.0 
46.21209738870712, 26.38239840333439, 0.0, 0.0, 1.0 
58.66176120966604, 51.1622181800516, 0.0, 0.0, 1.0 
58.36001195808551, 17.054130776664174, 0.0, 4.171943511264741, 2.7000000000000015 
54.486298422980596, 29.54943745068597, 0.0, 0.0, 1.0 
50.32385239709104, 5.179031423616211, 0.0, 0.0, 1.0 
47.70620454693938, 0.07625354282938808, 0.0, 0.0, 1.0 
24.773462119656394, 41.017837504386, 0.0, 5.711030764238321, 2.7000000000000015 
41.03400064846822, 22.603812558681614, 0.0, 0.0, 1.0 
55.82308957374438, 3.639542688061192, 0.0, 0.0, 1.0 
40.08021277523391, 20.80200645705986, 0.0, 0.0, 1.0 
21.926173222938402, 19.174134521383245, 0.0, 2.3640584083228195, 2.7000000000000015 
48.924976495410554, 45.69864475752663, 0.0, 0.0, 1.0 
61.481360963300446, 31.978148158602046, 0.0, 0.0, 1.0 
2.791378806528889, 33.884749118340935, 0.0, 0.0, 1.0 
10.656028656778233, 11.14576935855256, 0.0, 0.0, 1.0 
57.00380848482422, 40.1038320657084, 0.0, 0.0, 1.0 
55.28291466572725, 8.889203376843774, 0.0, 0.0, 1.0 
47.32229079766418, 41.94821089842886, 0.0, 0.0, 1.0 
12.462773372995922, 60.51029889653395, 0.0, 1.4512791039850723, 1.4000000000000004 
19.306455651161393, 55.81121810076051, 0.0, 0.0, 1.0 
7.855134052612164, 24.936377820408836, 0.0, 5.6809580960631765, 1.1 
30.681632435859107, 42.087866333900614, 0.0, 0.0, 1.0 
54.50041934336213, 37.1654709160146, 0.0, 0.0, 1.0 
28.661744119362375, 10.905902060260548, 0.0, 2.402264037280203, 2.5000000000000013 
28.745201749245272, 33.20139106743118, 0.0, 0.0, 1.0 
5.863974817660604, 11.704882886927951, 0.0, 0.0, 1.0 
22.220132321407576, 13.757071975673412, 0.0, 2.426032736095188, 2.7000000000000015 
46.03211296466876, 57.85910059075124, 0.0, 0.0, 1.0 
49.6043786257832, 47.599567532905866, 0.0, 0.0, 1.0 
2.760640473838823, 13.200542816984743, 0.0, 0.0, 1.0 
29.42432502472442, 21.22803703931922, 0.0, 0.0, 1.0 
59.883698365099484, 8.962511817269426, 0.0, -0.1146371129592723, 2.100000000000001 
50.785447789242234, 12.519646375886708, 0.0, 0.0, 1.0 
60.854614479181436, 24.26004634082144, 0.0, 0.0, 1.0 
26.201635096025214, 30.383387543996168, 0.0, 5.631750749118304, 2.7000000000000015 
7.108727679984864, 15.074031955513574, 0.0, 0.0, 1.0 
40.3719184304462, 13.688139284911102, 0.0, 0.0, 1.0 
60.68258538108407, 46.81833844669077, 0.0, 0.0, 1.0 
51.51447482590949, 9.024543380658649, 0.0, 0.0, 1.0 
27.4481080510786, 45.79703632943416, 0.0, 0.0, 1.0 
34.39658659259708, 25.19625666146843, 0.0, 0.0, 1.0 
55.6348046749774, 22.837273144032437, 0.0, 0.0, 1.0 
13.601150037704326, 36.40071455396411, 0.0, 2.4463692094420164, 2.7000000000000015 
49.412796507948926, 38.44995531488275, 0.0, 0.0, 1.0 
54.10732686768855, 55.13913604944681, 0.0, 0.0, 1.0 
19.33514215551827, 10.071620942062196, 0.0, 2.5995366416353867, 2.7000000000000015 
30.541852616891884, 0.7356726191229143, 0.0, 3.739142423335589, 1.1 
33.390458513221944, 51.38610930562149, 0.0, 0.5040623527914397, 1.1 
20.4133283179296, 43.808736511239914, 0.0, 0.0, 1.0 
44.03318797950736, 24.520231913922903, 0.0, 0.0, 1.0 
20.397852416133194, 17.783043502311617, 0.0, 0.7256609503248383, 1.2000000000000002 
14.165418539729064, 47.43731041549201, 0.0, 0.0, 1.0 
2.097058962425679, 40.71625388339414, 0.0, 0.0, 1.0 
46.44589112854123, 8.76624722051866, 0.0, 0.0, 1.0 
56.50657347689237, 32.87351564920718, 0.0, 0.0, 1.0 
41.639442016571095, 41.10141291459573, 0.0, 0.0, 1.0 
11.992467717398192, 23.74131123125823, 0.0, 0.0, 1.0 
46.228020452665085, 5.180177592650302, 0.0, 0.0, 1.0 
49.2365571156335, 42.041332778768925, 0.0, 0.0, 1.0 
53.9933284212094, 6.308687683110125, 0.0, 0.0, 1.0 
57.171605175732964, 9.600053706366463, 0.0, 0.0, 1.0 
40.78087127125272, 44.72665300580063, 0.0, 0.0, 1.0 
5.237833817735224, 6.342122954101384, 0.0, 0.0, 1.0 
6.120015640761244, 3.911338523957929, 0.0, 0.0, 1.0 
36.41837543503744, 53.33855015450232, 0.0, 0.0, 1.0 
55.225357985908715, 34.43087687761785, 0.0, 0.0, 1.0 
60.703379363609564, 55.09859092970599, 0.0, 0.0, 1.0 
8.177797658022305, 8.497571669175157, 0.0, 0.0, 1.0 
26.494952271732206, 50.99879531402579, 0.0, 0.0, 1.0 
18.301964687468853, 25.922718044251923, 0.0, 3.850489390370229, 2.7000000000000015 
53.35612208925282, 38.697442409733235, 0.0, 0.0, 1.0 
6.999586582531418, 48.51316202832491, 0.0, 0.0, 1.0 
44.23945820205443, 26.291774585423685, 0.0, 0.0, 1.0 
12.616794278847834, 38.45299676300878, 0.0, 0.0, 1.0 
52.38760903238486, 21.224104483795067, 0.0, 0.0, 1.0 
11.304746971729543, 9.439337312452123, 0.0, 0.0, 1.0 
44.858176865536834, 45.242470032607216, 0.0, 0.0, 1.0 
26.34106507268581, 7.223679205390452, 0.0, 2.360152684473635, 2.7000000000000015 
55.159709234590885, 19.519834256082632, 0.0, 0.0, 1.0 
28.26760874747979, 16.968394391576687, 0.0, -1.2550265541138337, 2.7000000000000015 
61.12539423332842, 53.427783640833596, 0.0, 2.72444803033669, 2.300000000000001 
45.45939415173122, 31.41052788633144, 0.0, 0.0, 1.0 
12.578784705031794, 53.61461703999121, 0.0, 0.0, 1.0 
46.902683960508305, 45.445518903714984, 0.0, 0.0, 1.0 
60.468597116527576, 38.9649851603194, 0.0, 0.0, 1.0 
30.123441783748763, 7.2158520907899355, 0.0, 2.393325963515906, 1.6000000000000005 
18.83301092997229, 5.450968266728735, 0.0, 0.9304385957221266, 1.1 
50.120227170344954, 17.766753451847567, 0.0, 0.0, 1.0 
22.269293919044216, 16.995640963986872, 0.0, 0.0, 1.0 
55.562492413452006, 41.83073433920986, 0.0, 0.0, 1.0 
53.507174978384086, 31.35142720654758, 0.0, 0.0, 1.0 
31.7450685770009, 12.543262413716727, 0.0, 0.0, 1.0 
59.14538577213267, 35.19495350618391, 0.0, 0.0, 1.0 
40.270505303050065, 48.23074723094083, 0.0, 0.0, 1.0 
36.04260977049034, 24.512968898231737, 0.0, 1.2623301930660262, 1.8000000000000007 
11.640095772263784, 36.3320739816935, 0.0, 0.0, 1.0 
54.34492203777518, 40.458789318693825, 0.0, 0.0, 1.0 
9.638092951253391, 50.9353323727352, 0.0, 0.0, 1.0 
1.779247537014106, 19.949530816141642, 0.0, 0.0, 1.0 
57.890908017667996, 0.3672045077769283, 0.0, 0.0, 1.0 
21.35023433428092, 53.510009068066, 0.0, 0.0, 1.0 
58.22847085952133, 26.074588464247025, 0.0, 0.0, 1.0 
35.02686133577911, 17.718733440034253, 0.0, 3.8042414458741125, 1.6000000000000005 
58.231746545200906, 8.28572794916109, 0.0, -0.12080149043214086, 2.4000000000000012 
51.14044375544494, 7.014918054273108, 0.0, 0.0, 1.0 
43.436904239133305, 41.64787753247646, 0.0, 0.0, 1.0 
40.3086058700556, 41.45773613005508, 0.0, 7.350415637021223, 2.7000000000000015 
57.21069041278932, 14.380839554111807, 0.0, 3.9794925832869152, 2.7000000000000015 
59.76152091459465, 49.90626692458556, 0.0, 0.0, 1.0 
22.691630596344393, 48.336058736513664, 0.0, 0.0, 1.0 
2.4246691358439216, 23.96494627480056, 0.0, 4.0310229104131166, 2.7000000000000015 
39.18405848206622, 18.580329543298177, 0.0, 0.0, 1.0 
58.415968633868594, 20.93974695409811, 0.0, 0.0, 1.0 
23.446701348568222, 2.0891162222144697, 0.0, 5.6246111993228745, 2.7000000000000015 
59.50371018515447, 15.120482932821346, 0.0, 0.0, 1.0 
47.2882668152942, 28.12664685698633, 0.0, 0.0, 1.0 
32.008259262578434, 30.164757246051103, 0.0, 1.1538713396497537, 2.7000000000000015 
52.964467214646454, 16.185832878148847, 0.0, 0.0, 1.0 
54.989923834220505, 15.92293998837811, 0.0, 0.0, 1.0 
12.42407566797616, 7.797320104440293, 0.0, 0.0, 1.0 
36.69212950243122, 15.011117817245959, 0.0, 3.8518115953248997, 2.300000000000001 
50.44785272319306, 29.811755592167643, 0.0, 0.0, 1.0 
14.822731817406817, 19.23996674588877, 0.0, 0.0, 1.0 
32.276883585158565, 53.23492152966185, 0.0, 0.0, 1.0 
42.700125302351985, 9.320214511998532, 0.0, 0.0, 1.0 
32.35297028839828, 23.867813488932843, 0.0, 0.0, 1.0 
54.844409782496214, 24.517966688716598, 0.0, 0.0, 1.0 
28.528893520327276, 51.46404604031375, 0.0, 0.0, 1.0 
57.02782678472342, 7.481665608289177, 0.0, 6.176979318758026, 2.7000000000000015 
16.5975981770113, 47.27636782976672, 0.0, 0.0, 1.0 
57.70035770859202, 22.757763700993205, 0.0, 0.0, 1.0 
7.058474004601515, 5.4164324135449355, 0.0, 0.0, 1.0 
44.17933383242908, 21.087386764799316, 0.0, 0.0, 1.0 
4.542554162499237, 13.027311732149908, 0.0, 0.0, 1.0 
14.273625433792187, 8.248261798917623, 0.0, 4.901560667659528, 1.2000000000000002 
33.282149156698445, 30.268550246375426, 0.0, 7.631572988697633, 2.7000000000000015 
27.34396159195525, 24.415836284859925, 0.0, 7.245160213354852, 2.7000000000000015 
9.315850412029517, 9.90715758770556, 0.0, 0.0, 1.0 
2.2272592861363014, 53.22428981170029, 0.0, 2.9866864817670455, 2.6000000000000014 
19.186173665449907, 42.496846600246705, 0.0, 5.332586757842103, 2.7000000000000015 
41.930937305161805, 14.617244485464406, 0.0, 0.0, 1.0 
16.32084444857664, 37.131416279736236, 0.0, 1.9220039666920716, 2.7000000000000015 
0.8740242766215931, 42.19615038263874, 0.0, 0.0, 1.0 
18.17180116817713, 51.72531647601308, 0.0, 4.627474426837903, 2.4000000000000012 
22.531133485960797, 40.503982010504195, 0.0, -0.06187637554731181, 2.7000000000000015 
31.419012924728968, 56.69371021829336, 0.0, 1.643974765018227, 2.5000000000000013 
1.5253355966922104, 1.6942405918197831, 0.0, 0.0, 1.0 
43.074140561934705, 16.067471009741602, 0.0, 0.0, 1.0 
16.503953481085702, 52.130881308090025, 0.0, 0.0, 1.0 
58.95358636679532, 24.38180124845165, 0.0, 0.0, 1.0 
2.405129289167523, 37.429231742761814, 0.0, 0.0, 1.0 
31.245548715445214, 51.79945897841857, 0.0, 0.0, 1.0 
55.71726397575913, 49.229175165217065, 0.0, 0.0, 1.0 
6.917331445041121, 54.937770531388225, 0.0, 0.0, 1.0 
55.3726132025235, 27.78808757266043, 0.0, 0.0, 1.0 
49.09423185788042, 56.49102689677398, 0.0, 0.0, 1.0 
56.02205680555463, 17.697883129454897, 0.0, 0.0, 1.0 
22.85435744654088, 22.615435337124605, 0.0, 6.22793892676806, 2.7000000000000015 
19.4377684298772, 40.41799566014597, 0.0, 5.503564828671689, 2.000000000000001 
5.6216334123346705, 14.238736257950059, 0.0, 0.0, 1.0 
38.260065249244455, 9.296955974598607, 0.0, 0.0, 1.0 
39.529070514424404, 7.9769226260231445, 0.0, 0.0, 1.0 
12.761674820075818, 30.090936649502957, 0.0, 4.525349727138933, 2.000000000000001 
44.2879529516195, 48.685273678118755, 0.0, 0.0, 1.0 
7.485105279914294, 27.093157838950948, 0.0, 0.0, 1.0 
7.657307638415438, 50.9684185951804, 0.0, 0.0, 1.0 
15.372047252586437, 42.120146377142454, 0.0, 5.956799782729462, 1.3000000000000003 
33.03384534822238, 8.498989550275772, 0.0, 1.0890598443118766, 2.300000000000001 
1.935482347009847, 4.875644030902326, 0.0, 0.0, 1.0 
59.08457090074143, 60.57578874644525, 0.0, 0.0, 1.0 
32.34420777429649, 0.24951361049866103, 0.0, 0.7415004989905085, 2.7000000000000015 
46.12041912646961, 43.634588757585426, 0.0, 0.0, 1.0 
51.649354871643126, 35.00953618048951, 0.0, 0.0, 1.0 
55.006903914083395, 45.30399117769691, 0.0, 0.0, 1.0 
57.613443593854804, 54.53949116385732, 0.0, 0.0, 1.0 
19.643823104041893, 8.541149400727912, 0.0, 2.827394840796551, 2.7000000000000015 
6.786648028140337, 34.146757602258894, 0.0, 0.0, 1.0 
48.335584123268724, 54.62447145209365, 0.0, 0.0, 1.0 
6.133777021724609, 41.17855483928245, 0.0, 0.0, 1.0 
26.95034460210052, 20.111848301857993, 0.0, 4.685363593489746, 1.7000000000000006 
12.163051232930801, 47.72665444879348, 0.0, 0.0, 1.0 
56.1330697856531, 58.31179548889638, 0.0, 0.0, 1.0 
10.935472541583366, 27.629885461299576, 0.0, 0.0, 1.0 
56.185649663008924, 26.126494348928198, 0.0, 0.0, 1.0 
9.335998926745178, 27.9669774732167, 0.0, 4.153010341136482, 2.6000000000000014 
7.233976617948423, 16.97701829265358, 0.0, 0.0, 1.0 
7.0316352471975545, 58.56139230278368, 0.0, 0.0, 1.0 
33.950088655976266, 56.66809183380228, 0.0, 0.0, 1.0 
12.282007726082385, 16.04916003356062, 0.0, 0.0, 1.0 
28.963933211273147, 31.140747559413114, 0.0, 0.0, 1.0 
50.69527262500174, 51.3311537684989, 0.0, 0.0, 1.0 
53.73739093640161, 48.6056524840728, 0.0, 0.0, 1.0 
49.74847094776679, 0.17217052536512445, 0.0, 0.0, 1.0 
41.658799075186664, 34.677001689749396, 0.0, 0.0, 1.0 
3.853746940750819, 14.883854593280859, 0.0, 0.0, 1.0 
36.3125130357421, 47.57601627606608, 0.0, 0.0, 1.0 
14.65577250708761, 27.649331620331616, 0.0, 0.0, 1.0 
47.33592116940278, 3.497136466265765, 0.0, 0.0, 1.0 
13.490552331567326, 45.603364160792914, 0.0, 0.0, 1.0 
19.93050828985709, 12.775458598728006, 0.0, 2.2326976161471226, 2.6000000000000014 
25.321743178172856, 24.270809297790006, 0.0, 0.5063244742313018, 2.7000000000000015 
0.13253044949374854, 8.14578497920521, 0.0, 0.0, 1.0 
27.922334039318272, 22.548128433245417, 0.0, 0.01352369295864999, 2.7000000000000015 
41.5564069922339, 46.57438094050061, 0.0, 0.0, 1.0 
10.409444290007047, 4.4194730566427305, 0.0, 0.0, 1.0 
10.6165292009725, 17.04388416737592, 0.0, 0.0, 1.0 
1.220406274378435, 6.4810057357046436, 0.0, 0.0, 1.0 
57.59914621542879, 31.229548782314243, 0.0, 0.0, 1.0 
59.342827498975836, 48.15210861095942, 0.0, 0.0, 1.0 
5.090009179907413, 54.06269764777813, 0.0, 0.0, 1.0 
35.99565038659623, 6.454786516421144, 0.0, 0.0, 1.0 
39.35859119367118, 4.546989254687556, 0.0, 0.0, 1.0 
30.391699846596538, 19.450152025043497, 0.0, 0.0, 1.0 
34.594517281698494, 44.14025376168402, 0.0, 0.0, 1.0 
52.48316801748342, 36.86399987995683, 0.0, 0.0, 1.0 
51.250292801828316, 19.514850247557636, 0.0, 0.0, 1.0 
13.942875689266874, 14.945702099642617, 0.0, 0.0, 1.0 
17.73955010763132, 54.480611418829945, 0.0, 4.650095002874257, 2.300000000000001 
8.6035779227851, 22.950994298957948, 0.0, 0.0, 1.0 
44.61451058869688, 40.01185050327728, 0.0, 0.0, 1.0 
35.63456805322137, 39.161634735134676, 0.0, 0.0, 1.0 
3.0556572419312036, 47.8609766459686, 0.0, 0.0, 1.0 
48.63655428094652, 33.18345647121971, 0.0, 0.0, 1.0 
45.599979324529244, 34.800496250363075, 0.0, 0.0, 1.0 
61.14891576004636, 28.766970053603767, 0.0, 0.0, 1.0 
56.988099879809916, 19.49392192486485, 0.0, 0.0, 1.0 
25.371226065517497, 28.93349740073707, 0.0, 0.0, 1.0 
27.391902871072446, 52.842590244807035, 0.0, 0.0, 1.0 
48.029221343917804, 14.217255369341895, 0.0, 0.0, 1.0 
53.46529551793599, 3.4087249434745046, 0.0, 0.0, 1.0 
24.5030536449687, 25.408460004495645, 0.0, 6.8867644937798715, 2.7000000000000015 
12.810018092140224, 27.651740928446646, 0.0, 0.0, 1.0 
0.40360288923555987, 45.473694691343184, 0.0, 0.0, 1.0 
44.11478370173344, 17.732127500506383, 0.0, 0.0, 1.0 
50.36622160841639, 21.271426800680263, 0.0, 0.0, 1.0 
42.869735995721946, 12.784351017766992, 0.0, 0.0, 1.0 
50.10051647934172, 26.344813841336986, 0.0, 0.0, 1.0 
2.3659418925705644, 45.96384123919222, 0.0, 0.0, 1.0 
46.449291448841834, 54.342938487964936, 0.0, 0.0, 1.0 
6.896999195826547, 52.906058727434335, 0.0, 0.0, 1.0 
45.77400464188445, 52.401412755258136, 0.0, 0.0, 1.0 
42.129953924997544, 57.32951460070735, 0.0, 0.0, 1.0 
29.887398617642752, 43.98696831914553, 0.0, 0.0, 1.0 
60.56331635809266, 51.86784520842066, 0.0, 0.0, 1.0 
59.132469350771565, 59.110281473580145, 0.0, 0.0, 1.0 
15.45359395526701, 5.498641963459491, 0.0, 3.4042293032928046, 2.7000000000000015 
2.362195444061945, 18.22558684136813, 0.0, 0.0, 1.0 
22.531860946366628, 20.75322364547168, 0.0, 6.064423836750778, 2.7000000000000015 
9.600837989547566, 45.24427346231272, 0.0, 0.0, 1.0 
38.02823835518236, 39.77939297427843, 0.0, 0.0, 1.0 
49.48034577557505, 22.989858960223405, 0.0, 0.0, 1.0 
6.343394341631379, 46.587354916442074, 0.0, 0.0, 1.0 
4.097310536809145, 40.94064918760233, 0.0, 0.0, 1.0 
14.838570355189924, 50.86540619073808, 0.0, 0.0, 1.0 
19.16650348090447, 19.437363895515183, 0.0, 3.0316843217209755, 2.7000000000000015 
16.96463730457842, 23.750887093323918, 0.0, 5.348392137393764, 1.9000000000000008 
56.92494457086381, 24.4653483276972, 0.0, 0.0, 1.0 
30.04727757430287, 16.485513814785126, 0.0, 0.0, 1.0 
26.84763113777533, 38.45343934312807, 0.0, 3.393760858993069, 2.4000000000000012 
52.46556356428962, 29.673986491704635, 0.0, 0.0, 1.0 
55.22408509920239, 47.241568484413854, 0.0, 0.0, 1.0 
32.3684140866378, 19.44815807272522, 0.0, 0.0, 1.0 
19.90875686488003, 1.7094025286573566, 0.0, 6.048697723621409, 2.7000000000000015 
35.16922796681328, 54.97381991861219, 0.0, 0.0, 1.0 
21.990322083636087, 30.398747814427246, 0.0, 5.537067722064863, 2.7000000000000015 
46.35134543982207, 29.78119382685811, 0.0, 0.0, 1.0 
42.539285036022235, 36.306078380509724, 0.0, 0.0, 1.0 
39.942820394210024, 34.9848493135949, 0.0, 0.0, 1.0 
33.988099556433546, 37.99865799604282, 0.0, 0.0, 1.0 
31.212809475423697, 10.67547152242256, 0.0, 5.195110363427628, 2.7000000000000015 
37.73457697368341, 26.184147113857474, 0.0, 3.316274185354955, 1.3000000000000003 
60.434509521424474, 26.0680793286006, 0.0, 0.0, 1.0 
34.20462429006927, 23.171752925281098, 0.0, 0.0, 1.0 
55.155192120922116, 56.731461665432654, 0.0, 0.0, 1.0 
31.22263786675655, 48.13152755031697, 0.0, 0.9546999847341915, 2.5000000000000013 
30.75598339339145, 24.970818128492304, 0.0, 0.0, 1.0 
20.964873820152913, 60.00035840402909, 0.0, 0.0, 1.0 
18.276596059067714, 45.56067966898809, 0.0, 4.906034247637503, 2.7000000000000015 
22.819490320143665, 50.04800699932695, 0.0, 0.0, 1.0 
6.236946523742884, 56.78282806544401, 0.0, 0.0, 1.0 
5.403667381916254, 16.238567379188698, 0.0, 0.0, 1.0 
46.01586085878938, 14.275990273713557, 0.0, 0.0, 1.0 
19.54344972043196, 50.02123089969088, 0.0, 0.0, 1.0 
12.14601894613366, 41.958176250281966, 0.0, 0.0, 1.0 
2.696220783451536, 3.3602008116542272, 0.0, 0.0, 1.0 
29.416085689413173, 46.912260032390144, 0.0, 1.2976074040578078, 2.7000000000000015 
32.77819954198566, 36.85596627836172, 0.0, 8.336033407677641, 2.7000000000000015 
45.22995172177746, 28.09212039378177, 0.0, 0.0, 1.0 
21.83109569234587, 25.629735325312513, 0.0, 3.6509435559442918, 2.7000000000000015 
23.840402243577014, 34.0162548740719, 0.0, 1.4958314161906976, 2.6000000000000014 
53.01414513023828, 60.083777219744206, 0.0, 0.0, 1.0 
47.18666795989632, 56.242515470424664, 0.0, 0.0, 1.0 
14.11346201710424, 16.957243622598565, 0.0, 0.0, 1.0 
12.98585654004256, 21.99550163387678, 0.0, 0.0, 1.0 
9.64943576441151, 32.431594523434605, 0.0, 0.0, 1.0 
24.257660982901882, 45.078323576748595, 0.0, 0.0, 1.0 
19.849908079877817, 58.46947986492403, 0.0, 1.9205718751667367, 2.7000000000000015 
37.83080930455505, 60.26634079613501, 0.0, 0.0, 1.0 
55.05460624740228, 60.06531108489167, 0.0, 0.0, 1.0 
46.95922765156909, 12.45979008746664, 0.0, 0.0, 1.0 
35.2681337430603, 34.23226458948657, 0.0, 8.645503754610687, 2.4000000000000012 
7.270348110757636, 10.342807971016725, 0.0, 0.0, 1.0 
40.232269504698934, 16.758998599571026, 0.0, 0.0, 1.0 
23.501986170553852, 57.31667941187587, 0.0, 3.301274533039344, 2.7000000000000015 
51.280413470643744, 41.922745558995175, 0.0, 0.0, 1.0 
58.66933309437409, 46.40706513331463, 0.0, 0.0, 1.0 
36.634112693530355, 44.26593643199195, 0.0, 0.0, 1.0 
48.259887512494664, 5.190219712862534, 0.0, 0.0, 1.0 
52.644606227010584, 1.862819013245243, 0.0, 0.0, 1.0 
44.57363983048042, 33.05746692303732, 0.0, 0.0, 1.0 
60.430167845630045, 13.381627639224865, 0.0, 0.0, 1.0 
34.284132365399586, 53.290225306763794, 0.0, 0.0, 1.0 
48.16607189143479, 17.77019493186584, 0.0, 0.0, 1.0 
60.4506450387978, 30.326879911360628, 0.0, 0.0, 1.0 
11.476958466740596, 2.6514093419672804, 0.0, 0.0, 1.0 
48.90093043456408, 59.91773828070183, 0.0, 0.0, 1.0 
16.41626564623681, 12.539936826780488, 0.0, 1.634924518704405, 2.7000000000000015 
23.687936685170392, 36.158895890795435, 0.0, 5.715069377820013, 2.4000000000000012 
48.1544162552351, 26.41541451293651, 0.0, 0.0, 1.0 
59.001718856434614, 40.53090033403071, 0.0, 0.0, 1.0 
34.790362858779865, 7.976711261177255, 0.0, 0.0, 1.0 
10.941764002383184, 43.613164894308134, 0.0, 0.0, 1.0 
12.30210297308395, 11.973107819784788, 0.0, 0.0, 1.0 
54.25708443988323, 7.743421620858958, 0.0, 5.6249754935490195, 2.5000000000000013 
51.377520939038895, 38.5582345851623, 0.0, 0.0, 1.0 
24.447153719573723, 50.99229081648853, 0.0, 0.0, 1.0 
43.47389861834061, 7.443137322344567, 0.0, 0.0, 1.0 
6.840557796548881, 30.520577276183143, 0.0, 0.0, 1.0 
39.104952554179, 27.982352082542814, 0.0, 0.0, 1.0 
40.524628107062966, 53.552141278154444, 0.0, 0.0, 1.0 
43.99624332488678, 14.346956370450396, 0.0, 0.0, 1.0 
19.45196507848033, 47.98788668851155, 0.0, 0.0, 1.0 
40.11894495484923, 57.04992243615005, 0.0, 0.0, 1.0 
20.170448511981032, 0.05404758460982623, 0.0, 3.3319526680678417, 2.200000000000001 
50.634400576970755, 33.218370002246765, 0.0, 0.0, 1.0 
10.476126076731592, 12.990431298298242, 0.0, 0.0, 1.0 
16.290345411488026, 7.326920895552461, 0.0, 0.5965419890166785, 2.7000000000000015 
18.077602423339407, 59.82826735338018, 0.0, 1.9086460212566905, 1.6000000000000005 
42.039943766751456, 43.14721952697721, 0.0, 0.0, 1.0 
1.0506600957157883, 9.831951536483102, 0.0, 0.0, 1.0 
14.54285807492461, 52.8203939554717, 0.0, 0.0, 1.0 
27.7593479543446, 9.605517920100047, 0.0, 1.9031736163779145, 2.7000000000000015 
35.894090884995165, 59.95467661291824, 0.0, 0.0, 1.0 
26.21114992790184, 41.440552860969305, 0.0, 1.9823743258201916, 2.7000000000000015 
15.313356044414451, 58.040300649956386, 0.0, 0.0, 1.0 
55.859871186197154, 10.545756814094592, 0.0, 0.0, 1.0 
25.057464585749386, 19.963734927339054, 0.0, 0.0, 1.0 
24.12798122505, 11.131406533781696, 0.0, 3.6025395511660303, 2.7000000000000015 
31.880295007532048, 36.01084364932833, 0.0, 2.000822091515717, 2.7000000000000015 
21.266372164931546, 42.06085222941884, 0.0, 0.8022623443371284, 1.3000000000000003 
57.324906029105975, 4.888460079823929, 0.0, 0.0, 1.0 
15.04106380067925, 43.88820012724547, 0.0, 0.0, 1.0 
55.27873640142278, 39.06344683973434, 0.0, 0.0, 1.0 
36.83572983603277, 8.262281191342655, 0.0, 0.0, 1.0 
1.0214510567668018, 25.448926740092702, 0.0, 0.0, 1.0 
61.51173225064617, 11.62911039737367, 0.0, 0.0, 1.0 
8.932697657167802, 52.97816915091085, 0.0, 1.853870766774792, 1.1 
17.384380072353903, 13.675880103301962, 0.0, 1.7024772866876168, 2.7000000000000015 
58.38969281621843, 13.43233635889571, 0.0, 0.0, 1.0 
14.928749939275294, 40.20509183995934, 0.0, 1.9227663866104783, 2.4000000000000012 
6.055470642396644, 18.205258752291773, 0.0, 0.0, 1.0 
1.941288733326572, 11.470170113361455, 0.0, 0.0, 1.0 
61.37747534976945, 48.65821615790909, 0.0, 0.0, 1.0 
55.92433799911972, 0.17665561636974805, 0.0, 0.0, 1.0 
21.83350049087322, 39.20738426420419, 0.0, 0.22270708403084408, 2.7000000000000015 
56.525664161009246, 29.468831186702733, 0.0, 0.0, 1.0 
11.339469044380987, 40.05215756613674, 0.0, 0.0, 1.0 
38.54802550305568, 0.61780913968483, 0.0, 0.0, 1.0 
53.1184003813589, 53.61341172757562, 0.0, 0.0, 1.0 
38.09801846316838, 29.78425578977401, 0.0, 0.0, 1.0 
0.0189107155719665, 50.38104556900142, 0.0, 0.0, 1.0 
8.330009243521872, 46.928068350557695, 0.0, 0.0, 1.0 
4.339493075858651, 46.28909370635704, 0.0, 0.0, 1.0 
59.63348650507148, 42.444919682645235, 0.0, 0.0, 1.0 
5.329404400865835, 39.32980974186185, 0.0, 0.0, 1.0 
19.38241894359919, 53.909875260626436, 0.0, 0.0, 1.0 
3.853821212769763, 19.66610780210541, 0.0, 0.0, 1.0 
16.203311236458894, 59.83554789812021, 0.0, 4.876660606692756, 2.7000000000000015 
44.54113829499815, 54.06285188124455, 0.0, 0.0, 1.0 
46.581925428328496, 36.56977720955102, 0.0, 0.0, 1.0 
5.771431163845884, 20.002110869084, 0.0, 0.0, 1.0 
15.212047668646626, 1.8937787436385283, 0.0, -0.2298409392645887, 1.5000000000000004 
51.51481737665994, 22.92443137820583, 0.0, 0.0, 1.0 
7.135655559047483, 7.07935674933507, 0.0, 0.0, 1.0 
42.06210037909288, 37.96879773676186, 0.0, 0.0, 1.0 
9.354305750323395, 39.805745797362796, 0.0, 0.0, 1.0 
55.89279667307941, 36.15018684624979, 0.0, 0.0, 1.0 
21.09384292725232, 49.85530260588976, 0.0, 1.7362160461096394, 2.5000000000000013 
5.512941804254584, 2.1702487978062215, 0.0, 0.0, 1.0 
44.67917464225073, 9.076751841806884, 0.0, 0.0, 1.0 
1.7649812662308373, 49.451819543458186, 0.0, 0.0, 1.0 
47.542610324336735, 38.384197266266504, 0.0, 0.0, 1.0 
52.09296026151753, 55.14346807303598, 0.0, 0.0, 1.0 
45.624866881867334, 38.25280130913837, 0.0, 0.0, 1.0 
29.364234431513157, 38.36895569553056, 0.0, 0.0, 1.0 
33.707651602168816, 4.197217798051065, 0.0, 5.401047993992144, 2.7000000000000015 
54.79456567408635, 1.8952539534152388, 0.0, 0.0, 1.0 
26.558611060474984, 11.724779510621198, 0.0, 1.3507039114466717, 2.7000000000000015 
46.271723469949315, 21.231557704280704, 0.0, 0.0, 1.0 
16.97037101411428, 26.352839074017634, 0.0, 4.006442801636557, 2.7000000000000015 
54.15457518888442, 17.784482019679935, 0.0, 0.0, 1.0 
47.60660519078731, 34.88078058763943, 0.0, 0.0, 1.0 
31.92115718568117, 33.11459075379669, 0.0, 1.524470947853932, 2.7000000000000015 
3.1723765769979284, 54.75500944212831, 0.0, 0.0, 1.0 
59.85522235940943, 37.10193197965464, 0.0, 0.0, 1.0 
24.473389892177522, 27.101939862536415, 0.0, 3.100243803604395, 2.000000000000001 
17.029458066953392, 0.3933186158973462, 0.0, 2.8815282419222847, 2.7000000000000015 
35.489874124295724, 51.7999619984606, 0.0, 0.0, 1.0 
33.15192005543314, 21.35495976566434, 0.0, 0.0, 1.0 
18.511026992481955, 57.48583456003602, 0.0, 0.0, 1.0 
31.767682698150495, 15.78269763757777, 0.0, 0.0, 1.0 
17.559875527669657, 21.109699443251255, 0.0, 2.1379933934614823, 1.4000000000000004 
10.254311894574128, 47.128591267510885, 0.0, 0.0, 1.0 
26.96115996761067, 54.421038082931105, 0.0, 3.7413180456717856, 2.7000000000000015 
32.36342097772669, 47.067450049401295, 0.0, 0.0, 1.0 
37.29496393323, 18.192005526188414, 0.0, 1.1608264285832075, 1.8000000000000007 
4.431624077848812, 37.5034206053341, 0.0, 0.0, 1.0 
7.719069935883594, 19.417795044899933, 0.0, 0.0, 1.0 
47.22532025891029, 19.55068374635138, 0.0, 0.0, 1.0 
42.55906192580562, 53.78253325923885, 0.0, 0.0, 1.0 
5.200199608601657, 24.855815581772802, 0.0, 0.0, 1.0 
17.49659209536068, 42.41779863662927, 0.0, 5.444345412398952, 1.5000000000000004 
53.90221656922549, 0.1917514795327785, 0.0, 0.0, 1.0 
49.30529390844372, 28.104890387784195, 0.0, 0.0, 1.0 
52.4291457561827, 51.69349272349608, 0.0, 0.0, 1.0 
0.34494236140666124, 37.37889414034162, 0.0, 0.0, 1.0 
39.08273843961274, 31.52421821687929, 0.0, 0.0, 1.0 
51.559446960347685, 31.494529205699035, 0.0, 0.0, 1.0 
19.014859853629375, 7.41795982827081, 0.0, 2.6498926911857326, 2.7000000000000015 
8.882810318431995, 34.326292074662426, 0.0, 0.0, 1.0 
10.952793237254815, 6.385612543165946, 0.0, 0.0, 1.0 
56.59499585958456, 15.662592826619997, 0.0, 4.268939489262155, 2.300000000000001 
35.36317499896674, 50.386964633573164, 0.0, 6.451217729586636, 2.7000000000000015 
5.045299078118583, 58.39345196810885, 0.0, 0.0, 1.0 
30.379983726467998, 54.32318779544238, 0.0, 2.128260874467743, 1.4000000000000004 
3.062214330035278, 9.752734570276049, 0.0, 0.0, 1.0 
25.155355863288825, 39.45695221670748, 0.0, 6.213677990546831, 2.7000000000000015 
39.01475016450579, 22.49059006008244, 0.0, 0.0, 1.0 
42.21995995565299, 29.723177592631515, 0.0, 0.0, 1.0 
10.713750619600829, 54.375057929553336, 0.0, 0.0, 1.0 
14.512310867685382, 3.7578640821965266, 0.0, 0.0, 1.0 
53.338570346248545, 27.856488420364702, 0.0, 0.0, 1.0 
10.14896455445634, 41.688817047109964, 0.0, 0.0, 1.0 
54.136956909037, 26.16850353350346, 0.0, 0.0, 1.0 
4.790214482075372, 33.973816037888334, 0.0, 0.0, 1.0 
49.40488047187893, 3.465234700505084, 0.0, 0.0, 1.0 
5.601952340692198, 44.70039002240356, 0.0, 0.0, 1.0 
26.254744539513908, 8.81677183650536, 0.0, 2.6227115123412563, 2.7000000000000015 
39.93038825986765, 24.309387700293943, 0.0, 0.0, 1.0 
37.26386981412441, 55.00837492631169, 0.0, 0.0, 1.0 
23.759411510901828, 31.041344878798718, 0.0, 0.0, 1.0 
10.890041724446064, 34.41316847388243, 0.0, 0.0, 1.0 
27.537114214170998, 2.8292815393644712, 0.0, 1.609149018281434, 2.4000000000000012 
16.63218314872947, 2.8208973647453823, 0.0, 5.243249127212675, 2.7000000000000015 
13.128715712867038, 20.05649616987013, 0.0, 0.0, 1.0 
60.35945138391507, 33.635624935849684, 0.0, 0.0, 1.0 
3.2667746558573953, 39.12503666827943, 0.0, 0.0, 1.0 
52.14193894915119, 17.829110042868518, 0.0, 0.0, 1.0 
52.664395217016306, 33.24424148008627, 0.0, 0.0, 1.0 
0.08707940905893848, 21.503800594890556, 0.0, 3.9824446282640515, 2.6000000000000014 
34.9189587998107, 58.342858966119024, 0.0, 0.0, 1.0 
25.53893678985013, 59.71625925012021, 0.0, 5.935415791554987, 1.4000000000000004 
14.265562666709291, 59.75807806356604, 0.0, 0.0, 1.0 
53.36924189822902, 10.87348012241712, 0.0, 3.9049590085015757, 2.7000000000000015 
41.38061355553277, 4.407914099156743, 0.0, 0.0, 1.0 
50.997305563000154, 16.05832636359258, 0.0, 0.0, 1.0 
31.65674059205996, 50.09450734712546, 0.0, 0.5503709230910846, 1.1 
25.878932627478644, 2.2222165206194107, 0.0, 7.265410753158365, 2.7000000000000015 
12.38672634087722, 57.745899779651076, 0.0, 0.0, 1.0 
30.444911335022724, 40.12205834098922, 0.0, 0.0, 1.0 
11.65917030353396, 25.723449092811727, 0.0, 0.0, 1.0 
48.21765756362773, 8.685893297603501, 0.0, 0.0, 1.0 
18.88681510141679, 39.04979760014344, 0.0, 5.431310172821364, 2.7000000000000015 
19.90517292597613, 52.03315046352154, 0.0, 0.0, 1.0 
8.183251975726302, 29.091003638956103, 0.0, 0.0, 1.0 
6.523053071544116, 37.677537130196555, 0.0, 0.0, 1.0 
53.1274354132239, 56.825987932346365, 0.0, 0.0, 1.0 
52.10678721087914, 26.220603152765577, 0.0, 0.0, 1.0 
1.1457775822852636, 54.75091907432052, 0.0, 0.0, 1.0 
29.977363343196203, 2.6193155874357466, 0.0, 0.0, 1.0 
61.053229802743154, 1.713431548077103, 0.0, 0.0, 1.0 
8.132911393122724, 41.417740149311676, 0.0, 0.0, 1.0 
53.32944754684615, 41.956240718547974, 0.0, 0.0, 1.0 
36.59498590649778, 12.179694223729355, 0.0, 6.341582494905125, 2.7000000000000015 
35.17067409507867, 21.435055479054217, 0.0, 0.0, 1.0 
32.526762171009544, 25.940726088533737, 0.0, 0.0, 1.0 
28.809583237960837, 18.794419101691986, 0.0, -1.2149736823751651, 2.7000000000000015 
21.647219072109245, 24.08366374658895, 0.0, 0.28577031207445724, 2.100000000000001 
48.54203187991973, 24.619843782995925, 0.0, 0.0, 1.0 
44.57996110703296, 36.526138551708236, 0.0, 0.0, 1.0 
51.76281638574601, 14.352839767410874, 0.0, 0.0, 1.0 
5.484438436812405, 26.675995025956933, 0.0, 0.0, 1.0 
27.202736920381238, 26.14954839871958, 0.0, 6.7700320775954586, 2.4000000000000012 
17.92756997599916, 28.85575452571165, 0.0, 4.129386970301189, 2.7000000000000015 
7.61999779196946, 44.99240684877853, 0.0, 0.0, 1.0 
