position_x,position_y,position_z,orientation,aspect_ratio
40.63908947732689, 26.467541532871763, 0.0, 0.0, 1.0 
26.864649493918325, 60.53739959136233, 0.0, 0.0, 1.0 
35.828603995700824, 43.67920151577054, 0.0, 4.172266008736041, 2.300000000000001 
20.213486023739573, 23.93017313514393, 0.0, 1.1340116196026493, 2.7000000000000015 
24.204446544341533, 33.775161435644016, 0.0, 2.9957842070310106, 2.7000000000000015 
44.951648547735594, 23.009491906094315, 0.0, 0.0, 1.0 
6.5404200406909805, 56.61136382492021, 0.0, 2.9986828303543307, 2.7000000000000015 
19.638064406388004, 56.234251401062004, 0.0, 1.6677129083709286, 2.6000000000000014 
25.763537098424003, 48.421712219483965, 0.0, 3.0784248290420857, 2.7000000000000015 
44.44931501793206, 46.1269547435442, 0.0, 0.0, 1.0 
45.53561777493487, 42.8245777985497, 0.0, 0.0, 1.0 
40.65849624756797, 53.57799444096533, 0.0, 0.0, 1.0 
38.19272189423045, 52.74093305603939, 0.0, 4.107113974979475, 1.6000000000000005 
1.891878076721089, 38.18320812948277, 0.0, 0.0, 1.0 
20.896919438189354, 2.6781413504787346, 0.0, 1.2375953956545986, 2.7000000000000015 
7.665431024019535, 31.639497988891716, 0.0, 0.0, 1.0 
9.529714749387196, 40.33955823726714, 0.0, 0.3597657391710801, 2.100000000000001 
53.765333796924025, 38.787694618759346, 0.0, 0.0, 1.0 
22.370422172938977, 13.481551151739744, 0.0, 2.480337565018703, 2.5000000000000013 
51.10149393193773, 3.2919130006581305, 0.0, 0.0, 1.0 
54.53678236253949, 19.045691375991815, 0.0, 0.0, 1.0 
56.818249343646684, 59.42371510563443, 0.0, 0.0, 1.0 
16.655930670205098, 36.11982069988864, 0.0, 0.0, 1.0 
19.60311236150478, 53.00340162992928, 0.0, 1.7857026052524596, 2.7000000000000015 
39.306041022118876, 34.391197060296996, 0.0, 2.4115389090760435, 2.4000000000000012 
8.218891086661044, 19.454468213802297, 0.0, 0.0, 1.0 
5.122182615163768, 57.63991865452028, 0.0, 3.144009885694283, 2.7000000000000015 
32.543736238782216, 10.39034119165157, 0.0, 0.0, 1.0 
8.498504379499249, 3.2207623439881514, 0.0, 0.0, 1.0 
36.95119572508358, 50.399854024800476, 0.0, 3.699860020202045, 1.8000000000000007 
49.85315249657316, 49.41037994698402, 0.0, 0.0, 1.0 
47.52433945899795, 29.14863171271092, 0.0, 0.0, 1.0 
2.0780634057772405, 10.107059699305799, 0.0, 0.0, 1.0 
4.625328867596559, 49.42035817621149, 0.0, 0.0, 1.0 
34.49067210271008, 9.773215686234622, 0.0, 0.0, 1.0 
49.71052030725634, 56.186968789708736, 0.0, 0.0, 1.0 
52.79387186610781, 57.15087778352454, 0.0, 2.4159788183208284, 2.7000000000000015 
27.431049431378174, 46.264006998331254, 0.0, 3.006767933300614, 2.7000000000000015 
59.977282238384916, 39.80250990859525, 0.0, 0.0, 1.0 
6.606183426269294, 34.90614720181175, 0.0, 0.0, 1.0 
54.455944678171015, 49.67971949520188, 0.0, 0.0, 1.0 
6.707178920007349, 6.9820440817999705, 0.0, 0.0, 1.0 
43.19247120745859, 12.393472280722088, 0.0, 0.0, 1.0 
13.226773705376042, 10.300471134763358, 0.0, 3.0130664465034087, 2.4000000000000012 
24.693839338211525, 46.089732740462814, 0.0, 2.886946599436551, 2.5000000000000013 
56.75273016746476, 42.578941364087875, 0.0, 2.95040829704893, 2.7000000000000015 
41.07456710610712, 24.432384345326522, 0.0, 0.0, 1.0 
49.871500316052284, 59.3415920259657, 0.0, 1.9077152364714203, 2.7000000000000015 
30.829693865638088, 35.64535385847605, 0.0, 3.1487131055604736, 2.7000000000000015 
12.649905784939925, 46.36738619797385, 0.0, 2.490876325772776, 2.7000000000000015 
6.570741578899454, 39.44449393221375, 0.0, 2.7761326470911873, 1.2000000000000002 
10.610418187240427, 24.53820908651815, 0.0, 0.0, 1.0 
29.286006953958644, 55.303193508266475, 0.0, 0.0, 1.0 
57.05505437197561, 43.617715476963724, 0.0, 3.065828699153946, 2.7000000000000015 
53.72733352769389, 9.559766068797883, 0.0, 0.0, 1.0 
39.19830354696207, 51.3397513023176, 0.0, 4.069615523130105, 1.1 
25.34365865939794, 1.031825269688216, 0.0, 3.990073187149304, 1.2000000000000002 
58.354278453719274, 8.993241256399662, 0.0, 0.0, 1.0 
5.028856846147305, 40.935409982660154, 0.0, 0.0, 1.0 
39.619466858584026, 49.67533268253504, 0.0, 3.391101784799085, 2.000000000000001 
6.344303536192923, 8.753969646684933, 0.0, 0.0, 1.0 
30.059982588780667, 28.744206370241397, 0.0, 2.7983954632511807, 2.7000000000000015 
14.600897311254043, 47.981363056374356, 0.0, 6.695750281007616, 2.7000000000000015 
2.446950551189867, 14.640606863979533, 0.0, 4.100207674587197, 2.4000000000000012 
37.65012884822699, 55.315243823074034, 0.0, 3.8689108457530623, 2.7000000000000015 
12.373082275345725, 30.23412305164314, 0.0, 3.41656110640473, 2.7000000000000015 
16.279096168034027, 4.271551067692967, 0.0, 0.0, 1.0 
17.696739630134832, 23.276705846670207, 0.0, 1.35071414951991, 2.7000000000000015 
12.17087073008132, 4.2019417935799375, 0.0, 0.0, 1.0 
21.332680148940796, 18.600548747241277, 0.0, 0.0, 1.0 
30.04831617426974, 59.23017065078084, 0.0, 0.0, 1.0 
28.17922047927007, 27.124574468460143, 0.0, 6.049752837028189, 2.7000000000000015 
8.42580397297007, 57.295915811077066, 0.0, 2.809335996714913, 2.7000000000000015 
5.844450455850144, 47.75858355195692, 0.0, 0.0, 1.0 
50.49769088453407, 22.615313034012733, 0.0, 0.0, 1.0 
56.77914047960894, 4.350579968567865, 0.0, 0.0, 1.0 
8.319855319050351, 29.685956236602884, 0.0, 0.0, 1.0 
52.647000046772426, 19.847745567541907, 0.0, 0.0, 1.0 
34.67307360139811, 46.33907789943793, 0.0, 3.9149849802393066, 2.7000000000000015 
33.842629207153095, 13.771482836708936, 0.0, 3.419262352108207, 1.1 
9.210496789233424, 11.495458690054683, 0.0, 0.0, 1.0 
41.952521688749194, 9.114828647673889, 0.0, 0.0, 1.0 
11.372703938100651, 7.480322141793052, 0.0, 0.0, 1.0 
31.804420484637383, 14.35016715834274, 0.0, 3.7791313888185805, 1.2000000000000002 
24.859190261414405, 60.564147140509185, 0.0, 0.0, 1.0 
42.86447512509803, 42.55557022943843, 0.0, 4.1199214042981165, 2.7000000000000015 
18.345886621984356, 32.97982768849673, 0.0, 6.071332237147427, 2.7000000000000015 
42.95737601835348, 23.74777240303079, 0.0, 0.0, 1.0 
40.719540601647516, 5.797398172858727, 0.0, 0.0, 1.0 
44.1393837811839, 41.64342796575182, 0.0, 0.0, 1.0 
34.43006645582659, 21.142111567853874, 0.0, 0.0, 1.0 
5.985633667939337, 0.7821674515851262, 0.0, 2.8561058879308656, 2.7000000000000015 
59.63505028006377, 47.77446265998739, 0.0, 0.0, 1.0 
22.262630184579905, 53.24152917606421, 0.0, 2.0540313819870883, 2.7000000000000015 
8.228191119161433, 1.6805675144257064, 0.0, 3.3817832732410875, 2.7000000000000015 
0.2314287140289069, 59.295442843105505, 0.0, 3.6933560088214845, 2.6000000000000014 
11.453798096979305, 25.94285836359655, 0.0, 0.0, 1.0 
57.71455958680161, 48.044906391082655, 0.0, 0.0, 1.0 
16.579617949842202, 47.247664629593075, 0.0, 2.9519691906087426, 2.7000000000000015 
51.70245718503326, 1.5152596599939738, 0.0, 0.0, 1.0 
45.146821147625275, 1.7302320602993042, 0.0, 3.7622139592455808, 2.7000000000000015 
47.76950956996334, 47.27486165766344, 0.0, 2.480437605840123, 2.7000000000000015 
7.784694827466597, 10.131178804903081, 0.0, 0.0, 1.0 
16.96953723195188, 30.551149616630738, 0.0, 0.0, 1.0 
25.55678290175012, 28.697721545863025, 0.0, 5.9738871756009635, 2.7000000000000015 
19.104905073935242, 59.38321781680279, 0.0, 2.0461195420867346, 2.7000000000000015 
4.370922827647582, 5.070867542877852, 0.0, 0.0, 1.0 
21.14141270932194, 60.868015366332955, 0.0, 2.1110372566760094, 2.7000000000000015 
13.708642602321222, 42.96670176686743, 0.0, 4.518297063768322, 2.7000000000000015 
58.127402418547334, 60.96245030974308, 0.0, 0.0, 1.0 
54.39493716648042, 45.08998023223419, 0.0, 0.0, 1.0 
53.88124910961215, 6.240144373021484, 0.0, 0.0, 1.0 
37.19582114602397, 5.249524565172756, 0.0, 0.0, 1.0 
52.50740294298467, 34.16367852085803, 0.0, 0.0, 1.0 
34.39725376481756, 61.22075812329079, 0.0, 0.0, 1.0 
52.631762571174136, 46.04475018839793, 0.0, 0.0, 1.0 
44.5361577291232, 25.06203086868012, 0.0, 0.0, 1.0 
55.317185251569306, 31.8866011933973, 0.0, 0.0, 1.0 
47.33556625974014, 58.75765069250523, 0.0, 0.0, 1.0 
28.630573079644435, 23.604290498919152, 0.0, 4.575890159088474, 2.6000000000000014 
6.581155504745728, 60.98567013710544, 0.0, 3.200321149181224, 2.7000000000000015 
19.235771193501186, 47.716898588237655, 0.0, 3.2125648803063775, 2.300000000000001 
45.85250886223883, 30.413748476961064, 0.0, 0.0, 1.0 
61.077868270710866, 7.100145101754481, 0.0, 0.0, 1.0 
8.584311401030643, 21.361933644308174, 0.0, 0.0, 1.0 
33.22227665501919, 43.30139644885731, 0.0, 2.7266618451132776, 2.7000000000000015 
37.56776709315459, 1.4674078483465396, 0.0, 0.0, 1.0 
19.60517830013421, 44.63124174168088, 0.0, 0.0, 1.0 
31.97059992861295, 58.78674000474143, 0.0, 0.0, 1.0 
27.241914317055297, 18.081568181188324, 0.0, 0.0, 1.0 
2.996231779928457, 58.1416654744774, 0.0, 3.3574748945043464, 2.7000000000000015 
51.14873410482139, 51.02568891131791, 0.0, 0.0, 1.0 
27.250853791761685, 4.870008592647982, 0.0, -0.9993687568533659, 2.7000000000000015 
44.06735604997791, 27.095764300875828, 0.0, 0.0, 1.0 
34.00940019507866, 59.226112606221015, 0.0, 0.0, 1.0 
46.009248723884966, 32.35182536506313, 0.0, 3.5563325003604502, 1.3000000000000003 
43.956787989580214, 3.589016014551341, 0.0, 0.0, 1.0 
24.43963036443355, 55.93503655875512, 0.0, 0.0, 1.0 
20.855665932925195, 56.82037548953594, 0.0, 1.9195499009469412, 2.7000000000000015 
59.870631422374494, 42.778289811998306, 0.0, 3.2017446064358017, 2.7000000000000015 
4.817458834464819, 27.799565786789486, 0.0, 0.0, 1.0 
15.445332704417497, 54.410493646361864, 0.0, 2.4297008634742374, 2.7000000000000015 
6.4304235367059634, 30.035232119229924, 0.0, 0.0, 1.0 
51.8416119579824, 25.708450533599322, 0.0, 0.0, 1.0 
11.099249165100588, 28.63476642728077, 0.0, 3.4805100375815274, 2.7000000000000015 
55.02313342201242, 12.985731309348367, 0.0, 0.0, 1.0 
17.250568587335906, 2.498371546720452, 0.0, 0.0, 1.0 
27.522096729135693, 33.78222882280433, 0.0, 3.1371206777031784, 2.7000000000000015 
19.281807612610123, 9.769865642075976, 0.0, 6.169504989427192, 1.2000000000000002 
44.91616270379531, 5.011639898429493, 0.0, 0.0, 1.0 
0.0794376890673599, 52.28187884589024, 0.0, 0.0, 1.0 
47.50283587070712, 54.770078803364036, 0.0, 0.0, 1.0 
34.3449081748615, 24.688123229685576, 0.0, 0.0, 1.0 
2.7391774521221484, 1.0902049876818471, 0.0, 0.0, 1.0 
40.53170726872019, 59.2437637694686, 0.0, 3.5155972673637335, 2.7000000000000015 
48.27239791533678, 25.19596962894335, 0.0, 0.0, 1.0 
32.62525662853928, 41.68280179854795, 0.0, 5.175325403942508, 2.200000000000001 
48.18776995382979, 34.088290058101826, 0.0, 0.0, 1.0 
6.10274880245448, 17.979670166947415, 0.0, 0.0, 1.0 
47.09045274211322, 10.985212780784956, 0.0, 0.0, 1.0 
55.71491799472496, 24.32683494329072, 0.0, 0.0, 1.0 
59.156632622355794, 53.704801484927074, 0.0, 0.0, 1.0 
31.645701718059897, 16.382894231229685, 0.0, 4.493708726991589, 1.1 
13.255890408593922, 35.62507175635887, 0.0, -0.442900116285407, 2.7000000000000015 
50.86831769954018, 59.20067477875171, 0.0, 2.075898682027003, 2.7000000000000015 
59.295999154583924, 55.40560907692134, 0.0, 2.7520484490616366, 2.6000000000000014 
40.20520803862452, 19.062891112805705, 0.0, 0.0, 1.0 
50.131188779489875, 0.2218077038278144, 0.0, 0.0, 1.0 
1.1956258774371995, 1.7987400702173144, 0.0, 0.0, 1.0 
43.00113399422818, 1.3517666894607578, 0.0, 3.7629187891547278, 2.7000000000000015 
26.988648358486014, 20.217642061641552, 0.0, 2.3786710675901284, 1.1 
33.10146409148221, 37.44937493624842, 0.0, 2.833590493658596, 2.7000000000000015 
42.296235258238404, 7.099613521291935, 0.0, 0.0, 1.0 
33.686478647421126, 35.96724900351557, 0.0, 2.791169509751138, 2.7000000000000015 
21.94189268682793, 48.381185785460936, 0.0, 2.97883564125094, 2.7000000000000015 
55.95790429881518, 22.293749951644372, 0.0, 0.0, 1.0 
44.46960362191925, 49.68553871352041, 0.0, 0.0, 1.0 
34.30543072348677, 40.9844907504334, 0.0, 2.0749873466285664, 2.7000000000000015 
21.84474483115537, 47.059913490059635, 0.0, 3.1166730165460512, 2.7000000000000015 
39.057378224163706, 4.568341782380604, 0.0, 0.0, 1.0 
51.17804444606003, 29.379505934084772, 0.0, 0.0, 1.0 
9.75423383603612, 53.961382169615746, 0.0, 0.0, 1.0 
9.979977683329066, 31.033755387635225, 0.0, 0.0, 1.0 
35.36731163368775, 45.235387430169645, 0.0, 3.9592720451901173, 2.7000000000000015 
28.721912170474717, 21.236383517037794, 0.0, 0.0, 1.0 
44.11960235564393, 57.969583345190586, 0.0, 0.0, 1.0 
8.316389815434897, 8.260833095027621, 0.0, 0.0, 1.0 
15.751814154960325, 17.219564777798965, 0.0, 5.55479532030023, 1.5000000000000004 
18.42137729746301, 55.148911149396355, 0.0, 1.567207172596378, 2.7000000000000015 
34.13027743019375, 11.796908701861984, 0.0, 0.0, 1.0 
41.87352007225115, 56.24170645689017, 0.0, 0.0, 1.0 
49.74333415772614, 42.57294375968709, 0.0, 0.0, 1.0 
34.82389705052992, 19.1292740403358, 0.0, 0.0, 1.0 
51.541662122086244, 27.559771461426976, 0.0, 0.0, 1.0 
46.27782833857742, 37.2478954148979, 0.0, 0.0, 1.0 
21.405208582611724, 41.19852922280248, 0.0, 2.6012667843763486, 2.7000000000000015 
54.47727924120358, 11.100279482120168, 0.0, 0.0, 1.0 
36.58295215530425, 48.55272437493885, 0.0, 3.7046757056087185, 1.6000000000000005 
7.9788990632884484, 27.352067418208037, 0.0, 3.64308470305271, 2.7000000000000015 
1.003733838852973, 20.855594354635308, 0.0, 2.1928509394450284, 2.7000000000000015 
1.820131931762863, 30.682119153189852, 0.0, 0.0, 1.0 
18.126615106987114, 37.27765120113857, 0.0, 1.745933178597429, 1.9000000000000008 
41.82512634372597, 33.513096446780715, 0.0, 3.011504000864168, 1.5000000000000004 
25.069058916294612, 38.65347103788135, 0.0, 2.3565615155760984, 2.7000000000000015 
20.463233112562428, 31.90295289842776, 0.0, 6.397486179233183, 2.7000000000000015 
49.182306947630074, 54.50501042670871, 0.0, 0.0, 1.0 
9.398180347315096, 32.7645157667812, 0.0, 0.0, 1.0 
0.7199521847266828, 34.58333939809461, 0.0, 0.0, 1.0 
2.724105538726831, 34.329624562030936, 0.0, 0.0, 1.0 
56.157973772072566, 44.678694833070956, 0.0, 3.4558052073698464, 2.7000000000000015 
35.8025071521374, 13.146693288151456, 0.0, 0.0, 1.0 
3.680696100166391, 56.68392585905627, 0.0, 9.073265280057429, 2.7000000000000015 
19.21601623613273, 13.206982578660234, 0.0, 0.0, 1.0 
24.690180581556415, 50.86438295290473, 0.0, 3.0163382224417257, 1.5000000000000004 
55.695314381279616, 48.178840561866885, 0.0, 0.0, 1.0 
20.704364598873635, 28.287930430201246, 0.0, 6.003423945223936, 2.000000000000001 
27.687634353631605, 11.367831327944202, 0.0, 3.5458896923106407, 1.9000000000000008 
3.9606564275658975, 47.47200868703823, 0.0, 0.0, 1.0 
21.69471674881893, 36.05848797486851, 0.0, 2.5369321515078167, 2.7000000000000015 
46.01393788338759, 26.382224764637424, 0.0, 0.0, 1.0 
40.53592822187658, 45.03688761644263, 0.0, 0.0, 1.0 
19.851264783427133, 39.56308339372782, 0.0, 0.0, 1.0 
49.40112303195598, 35.796528863460296, 0.0, 0.0, 1.0 
16.157345178002288, 1.1911419156577419, 0.0, 2.5153750817099745, 2.6000000000000014 
12.004949999669252, 59.70276665916792, 0.0, 2.1968998524614776, 2.7000000000000015 
15.063800546644625, 33.846081899738664, 0.0, -0.38446442029867645, 2.7000000000000015 
30.910193111476197, 9.144712138549336, 0.0, 2.6334786159282904, 1.1 
21.959473873391133, 11.7414999071678, 0.0, 1.9691697877058576, 2.5000000000000013 
46.74783834724831, 60.71749120302702, 0.0, 0.0, 1.0 
42.14854931629151, 27.832206453586117, 0.0, 0.0, 1.0 
48.42736006716712, 37.57463962244095, 0.0, 0.0, 1.0 
13.300617581502378, 56.832329122858496, 0.0, 2.0289860336082177, 2.7000000000000015 
2.7253473496126506, 49.076624245708445, 0.0, 0.0, 1.0 
31.352115536311537, 56.85669719452394, 0.0, 0.0, 1.0 
54.459765632174744, 58.25716033687966, 0.0, 2.5735751422998, 2.7000000000000015 
14.713771306616096, 52.715548500548884, 0.0, 2.2644030495452605, 2.7000000000000015 
17.800695777070704, 43.91320523305139, 0.0, 2.7403426367915382, 2.100000000000001 
58.420734710318335, 38.54175900673543, 0.0, 0.0, 1.0 
14.708641802821232, 24.63296896610852, 0.0, 0.0, 1.0 
36.09165529359228, 11.150064523145133, 0.0, 0.0, 1.0 
23.872502133871794, 14.356930275226222, 0.0, 0.0, 1.0 
51.98263632746779, 52.890314481385744, 0.0, 0.0, 1.0 
43.4008419132474, 59.881586309854114, 0.0, 0.0, 1.0 
57.88207142724165, 19.543901224712883, 0.0, 0.0, 1.0 
35.9470573342663, 0.5846379393358293, 0.0, 0.0, 1.0 
11.578245195962484, 32.10630897311868, 0.0, 5.468309734383157, 1.2000000000000002 
58.434005275486975, 15.59050913425079, 0.0, 0.0, 1.0 
57.16448000448026, 2.6735680900475765, 0.0, 0.0, 1.0 
21.06109258003891, 22.291315810033577, 0.0, 0.0, 1.0 
46.44892444374495, 5.862279771750859, 0.0, 0.0, 1.0 
12.544642982613315, 16.692820980858553, 0.0, 0.0, 1.0 
48.545292135842644, 60.10864463937197, 0.0, 0.0, 1.0 
60.43682779937709, 38.08377326974344, 0.0, 0.0, 1.0 
19.3292032317984, 38.208859741887956, 0.0, 2.2502219107845796, 2.7000000000000015 
49.60911247422261, 39.23788390787448, 0.0, 0.0, 1.0 
53.72353528084848, 35.57617198932311, 0.0, 0.0, 1.0 
28.872327535642093, 31.69869441220686, 0.0, 1.098242273263626, 2.7000000000000015 
27.549211928056412, 0.9046034163382266, 0.0, 0.0, 1.0 
30.095932195377536, 12.979787003521938, 0.0, 0.0, 1.0 
10.018607500528777, 23.0851070040363, 0.0, 3.0484360631614575, 2.7000000000000015 
16.83681556609242, 60.98883726309911, 0.0, 2.4023924970281034, 2.7000000000000015 
49.39894350855092, 10.340102789334935, 0.0, 0.0, 1.0 
32.04752913265331, 12.354137446280607, 0.0, 3.6888911231033616, 1.1 
45.639607541918004, 3.4648736848628516, 0.0, 4.003354800296679, 2.6000000000000014 
57.33183963905721, 31.625935977115763, 0.0, 0.0, 1.0 
49.56201849325221, 28.228305662979626, 0.0, 0.0, 1.0 
2.6908832376910974, 28.811563701092673, 0.0, 0.0, 1.0 
30.60192496181117, 20.375021843245474, 0.0, 0.0, 1.0 
45.835947626964035, 7.739092069878268, 0.0, 0.0, 1.0 
53.239377451602074, 60.09655484608202, 0.0, 0.0, 1.0 
16.703665897216474, 37.97243088220202, 0.0, 0.0, 1.0 
49.88941599937045, 15.343754984904127, 0.0, 0.0, 1.0 
15.296243233860292, 19.350802654177368, 0.0, 0.0, 1.0 
38.37532173422724, 47.910675221086585, 0.0, 1.6778641340460088, 2.7000000000000015 
61.262536248146205, 0.6989123891612813, 0.0, 0.0, 1.0 
7.951454377871083, 5.045882290150237, 0.0, 0.0, 1.0 
31.521901720661983, 6.985683749733052, 0.0, 0.0, 1.0 
11.060337211874717, 52.7076920169389, 0.0, 0.0, 1.0 
47.80419010512122, 7.054558398405709, 0.0, 0.0, 1.0 
30.08062289134999, 41.38949660940796, 0.0, 2.8186705875103892, 2.7000000000000015 
21.723342182289517, 16.919905744066472, 0.0, 0.0, 1.0 
23.662360389473275, 23.18299699805263, 0.0, 3.635848786815949, 2.7000000000000015 
5.835256164866862, 53.255730430348464, 0.0, 0.0, 1.0 
29.230889036070547, 48.55982230439758, 0.0, 3.2606498203699044, 2.6000000000000014 
3.588728948424105, 32.567602825326475, 0.0, 0.0, 1.0 
42.47143759197096, 45.71040702644677, 0.0, 0.0, 1.0 
38.31941603321999, 59.09398363446932, 0.0, 4.265152680252214, 2.7000000000000015 
10.564904586522724, 16.812915096288528, 0.0, 0.0, 1.0 
1.7431388756001782, 11.870676196004377, 0.0, 4.560070064285857, 2.6000000000000014 
18.67240808724788, 27.47946255228696, 0.0, 3.0734150663625477, 2.6000000000000014 
48.07053314480329, 52.84198175830991, 0.0, 0.0, 1.0 
58.50073593723834, 46.1234817993335, 0.0, 0.0, 1.0 
57.76127735476154, 21.570634239965074, 0.0, 0.0, 1.0 
61.34849919187172, 19.895953670136443, 0.0, 0.0, 1.0 
56.57402974181425, 33.47539989148298, 0.0, 0.0, 1.0 
4.478492200395747, 19.247438442913726, 0.0, 0.0, 1.0 
48.583542486619166, 23.35982209687339, 0.0, 0.0, 1.0 
36.720235269747825, 18.454687523671073, 0.0, 0.0, 1.0 
8.37877493375776, 34.191291217394216, 0.0, 3.4686605596954108, 2.7000000000000015 
52.04497459427108, 42.36189455263257, 0.0, 0.0, 1.0 
38.70432390919363, 38.631426264509855, 0.0, 3.272307149211702, 2.7000000000000015 
36.546943653275285, 37.14228954480637, 0.0, 2.9634030887630782, 2.7000000000000015 
36.47625537477262, 9.175688437726828, 0.0, 0.0, 1.0 
1.5259490261039774, 32.67108130952457, 0.0, 0.0, 1.0 
56.05046669301993, 41.47742271827556, 0.0, 0.0, 1.0 
42.56428435182134, 25.748665588461648, 0.0, 0.0, 1.0 
24.791750796727655, 36.32636624419839, 0.0, 1.7423377069634405, 2.7000000000000015 
45.65387205811077, 18.986908284294927, 0.0, 0.0, 1.0 
3.994159096928145, 10.118997453332952, 0.0, 0.0, 1.0 
38.13451195829535, 33.59460805507143, 0.0, 1.9860217428229103, 2.7000000000000015 
52.41487746261067, 21.85326643108971, 0.0, 0.0, 1.0 
7.43896869089133, 12.080983672870403, 0.0, 0.0, 1.0 
4.864878590954884, 3.303211869415287, 0.0, 0.0, 1.0 
0.32697867898060023, 5.424663532294144, 0.0, 0.0, 1.0 
60.63800032450576, 33.196692600091, 0.0, 0.0, 1.0 
46.05014939626915, 16.917887169821675, 0.0, 0.0, 1.0 
7.806687153701863, 53.31069966819341, 0.0, 0.0, 1.0 
16.536933474509368, 26.660477764979564, 0.0, 3.041710834218924, 2.7000000000000015 
61.35425390890796, 55.53436064892081, 0.0, 2.937182963543854, 2.7000000000000015 
53.09755024307114, 2.867612825423842, 0.0, 0.0, 1.0 
17.402096528302366, 42.265722798726514, 0.0, 2.1220639481156853, 2.7000000000000015 
47.782912755565285, 2.4167980375949503, 0.0, 0.0, 1.0 
35.65679188965992, 54.76562083459585, 0.0, 4.429276366241709, 2.300000000000001 
31.321398802621896, 39.86222576363, 0.0, 0.35908103141029923, 2.7000000000000015 
60.80617143137189, 27.761098906311307, 0.0, 0.0, 1.0 
50.26134180804873, 34.18933947018719, 0.0, 0.0, 1.0 
20.551574590187876, 49.7114875265082, 0.0, 2.982247302401127, 2.7000000000000015 
59.78831643501478, 60.775619909037225, 0.0, 0.0, 1.0 
40.745767584029984, 29.383206161282214, 0.0, 1.6878830419083943, 1.2000000000000002 
2.0624653533882387, 52.53215417673716, 0.0, 0.0, 1.0 
56.936403422145176, 39.85771739953406, 0.0, 0.0, 1.0 
29.16102454250392, 51.50480006999396, 0.0, 0.0, 1.0 
22.941021648502243, 28.410677561911665, 0.0, 1.3845237067563356, 2.7000000000000015 
2.9789863911902237, 20.603473304207196, 0.0, 0.0, 1.0 
28.866787382999153, 60.88007748824539, 0.0, 0.0, 1.0 
36.09389094043719, 41.48375196489565, 0.0, 2.797160962504407, 2.7000000000000015 
37.26081906191059, 25.7931661485163, 0.0, 0.0, 1.0 
61.24538520892028, 23.805227137052146, 0.0, 0.0, 1.0 
10.695199258294997, 27.360568236637807, 0.0, 3.0953518882182562, 2.7000000000000015 
9.729770046606665, 9.683868683574891, 0.0, 0.0, 1.0 
37.75250649798776, 12.448347958983906, 0.0, 0.0, 1.0 
61.117242687223715, 41.32225591378892, 0.0, 0.0, 1.0 
0.7010232600462967, 39.68962100619855, 0.0, 0.8942783024416721, 1.3000000000000003 
54.74627016129018, 56.81546945355378, 0.0, 2.6196142198803627, 2.6000000000000014 
34.69757296801019, 48.37159651870617, 0.0, 4.251341080089556, 2.7000000000000015 
56.1462670543871, 11.660051652797259, 0.0, 4.186421255854847, 2.7000000000000015 
52.70139930063396, 30.715281958535222, 0.0, 0.0, 1.0 
7.457804537711054, 15.365821127541203, 0.0, 1.2143721335906823, 2.6000000000000014 
19.09018259293695, 41.7949735572161, 0.0, 2.224960690655748, 1.9000000000000008 
4.012695233471848, 52.86653409079319, 0.0, 0.0, 1.0 
10.115824198008372, 21.979935896824358, 0.0, 2.8181851744229305, 2.000000000000001 
30.710949054460862, 42.942490798966745, 0.0, 5.55010102207743, 1.1 
26.132064395500908, 40.001125336111706, 0.0, 0.0, 1.0 
11.189693028922278, 11.410521726918121, 0.0, 0.0, 1.0 
19.211625969523478, 1.6101218695912645, 0.0, 2.0814662472570333, 2.100000000000001 
52.43861201826326, 49.65487592112396, 0.0, 0.0, 1.0 
42.83295694236257, 52.80050309155854, 0.0, 0.0, 1.0 
47.38399631871858, 35.83127414572382, 0.0, 0.0, 1.0 
36.8281759267183, 57.24873414001997, 0.0, 4.621567809154342, 2.7000000000000015 
55.46841449507067, 26.29119409328563, 0.0, 0.0, 1.0 
32.895104453134856, 19.811425607044725, 0.0, 0.0, 1.0 
17.759175876103004, 52.89845881514246, 0.0, 2.0111605046006904, 2.7000000000000015 
60.071228919135855, 12.264411105708403, 0.0, 0.0, 1.0 
38.849005530303714, 41.90681473746416, 0.0, 4.006363898470355, 2.300000000000001 
17.351786510657, 56.23738060124251, 0.0, 1.5048567638864656, 2.7000000000000015 
56.582751688779375, 46.3460508376302, 0.0, 0.0, 1.0 
44.80077212369331, 13.656315985382792, 0.0, 0.0, 1.0 
27.22307563065152, 32.44239665496774, 0.0, 6.6317691913554055, 2.7000000000000015 
16.706768586986804, 25.01142253705132, 0.0, 0.0, 1.0 
25.32835906720339, 19.00887295346444, 0.0, 0.0, 1.0 
45.94754783580438, 54.296431607386786, 0.0, 2.257177014239352, 2.7000000000000015 
24.950438780473853, 5.451915456131289, 0.0, 5.890171115624139, 2.7000000000000015 
9.551311813081751, 58.0423254032801, 0.0, 2.9760250211175268, 2.7000000000000015 
18.308003866322508, 34.80568417238776, 0.0, 0.0, 1.0 
50.787561317722236, 20.616218922684663, 0.0, 0.0, 1.0 
39.35341395274191, 13.771034297030132, 0.0, 0.0, 1.0 
31.410487719686852, 34.410239002503964, 0.0, 3.4198397585233553, 2.7000000000000015 
27.56107688090591, 41.423848370009175, 0.0, 2.6975493782165314, 2.7000000000000015 
56.693965826179266, 49.79944337587457, 0.0, 0.0, 1.0 
47.88316242118581, 27.133049806588186, 0.0, 0.0, 1.0 
38.69080299906596, 27.098549916052345, 0.0, 0.0, 1.0 
10.752547644041442, 46.61600383612125, 0.0, 2.2272566876286555, 2.7000000000000015 
19.837611022362108, 17.32590317903314, 0.0, 1.4970382400994589, 2.7000000000000015 
12.339133002268756, 51.50886801051808, 0.0, 0.0, 1.0 
59.50252912162863, 10.525743366584788, 0.0, 0.0, 1.0 
0.6642565052473218, 29.19071464014216, 0.0, 0.0, 1.0 
60.48390468698269, 15.316975393475836, 0.0, 0.0, 1.0 
27.146349124921933, 15.63870753641753, 0.0, 0.0, 1.0 
31.838309346606955, 30.567140844030217, 0.0, 7.026908504706064, 2.7000000000000015 
2.0874233506938262, 18.62593235368721, 0.0, 0.0, 1.0 
39.88442260262388, 21.09278622268794, 0.0, 0.0, 1.0 
23.545293966198155, 11.140375636756154, 0.0, 2.0059072197734715, 2.7000000000000015 
0.9755692717478364, 3.7768738939595337, 0.0, 0.0, 1.0 
27.70542252734859, 36.61698654195786, 0.0, 2.695150713010357, 2.7000000000000015 
6.9073258169069085, 22.509986770516047, 0.0, 3.3678350261917256, 2.6000000000000014 
58.538689224442315, 41.06390899750426, 0.0, 0.0, 1.0 
37.93385034816386, 21.772461475288246, 0.0, 0.0, 1.0 
36.565039006636084, 33.7072895177405, 0.0, 0.0, 1.0 
43.50978302511694, 29.275242902520258, 0.0, 2.268587021884469, 1.1 
17.438730944901806, 14.726444975389152, 0.0, 5.743940107467686, 2.7000000000000015 
25.177194991690516, 8.434730357111317, 0.0, 2.412225200823118, 2.5000000000000013 
24.27030183187164, 43.59657375288817, 0.0, 0.0, 1.0 
3.773253935144937, 17.763641918769363, 0.0, 0.0, 1.0 
22.242649772399886, 19.780151607048083, 0.0, 3.0553683059578303, 2.7000000000000015 
36.577744587525046, 53.318127005589155, 0.0, 3.7077958618983926, 2.7000000000000015 
14.41684881691727, 16.22342999227166, 0.0, 1.992806374548977, 2.7000000000000015 
6.7697141405903904, 28.257147310030444, 0.0, 0.0, 1.0 
6.14989420408114, 37.64557463555329, 0.0, 6.0280504798657235, 1.2000000000000002 
32.44347860945009, 3.38724202992192, 0.0, 2.0707061179753676, 1.4000000000000004 
4.213941282970829, 60.518002062564406, 0.0, 3.6746494174489186, 2.7000000000000015 
3.709890883023507, 37.28554956683301, 0.0, 0.0, 1.0 
3.549988732346786, 24.6048334236738, 0.0, 0.0, 1.0 
35.92221942455803, 51.32771469652843, 0.0, 4.0046124917577695, 2.7000000000000015 
13.551416355472465, 18.685612461984444, 0.0, 0.0, 1.0 
55.314958644754476, 51.32254490008306, 0.0, 0.0, 1.0 
45.998616009677804, 57.64842104664113, 0.0, 0.0, 1.0 
30.280821069246162, 24.520001245175745, 0.0, 4.172247174917745, 2.7000000000000015 
11.247566682367735, 35.14634709052755, 0.0, -0.21611639226373058, 2.7000000000000015 
52.107913026007125, 14.097388727002985, 0.0, 0.0, 1.0 
6.939887748504883, 21.026053324590343, 0.0, 0.0, 1.0 
41.89892664547607, 38.256933210238735, 0.0, 3.456969307063005, 2.300000000000001 
14.54370121069064, 1.085360117712611, 0.0, 2.1928198809054935, 2.7000000000000015 
28.128813463481563, 47.4169466187893, 0.0, 3.0763101431361317, 2.5000000000000013 
4.679087081947901, 16.586748081197978, 0.0, 3.3246534735884894, 2.7000000000000015 
26.038369264967173, 58.71980211930867, 0.0, 5.531182259785407, 1.1 
25.106939873776117, 41.80144602085116, 0.0, 2.6666744484091036, 2.200000000000001 
26.437194855594058, 24.696590108280063, 0.0, 5.017324809493212, 2.7000000000000015 
46.467201489369, 0.9695954920206005, 0.0, 0.0, 1.0 
59.844468728585454, 5.640599572749463, 0.0, 0.0, 1.0 
17.57477375585942, 29.05769414079139, 0.0, 3.388720781237997, 2.5000000000000013 
31.99809199374654, 24.28864031102537, 0.0, 1.288284512442883, 1.3000000000000003 
30.888250242487114, 61.09111300748714, 0.0, 0.0, 1.0 
50.51918678428892, 37.508419451854024, 0.0, 0.0, 1.0 
4.049600596261278, 44.4429392682515, 0.0, 4.939824784531946, 1.2000000000000002 
22.543309584210682, 7.243672306227341, 0.0, -0.48546025387964264, 2.7000000000000015 
0.4031271085699447, 16.427046914036165, 0.0, 0.0, 1.0 
20.702519675394505, 6.098500354250578, 0.0, 1.9780302632308522, 2.7000000000000015 
59.98719699265494, 59.18276239264205, 0.0, 0.0, 1.0 
51.33234446258903, 48.021657534181806, 0.0, 0.0, 1.0 
23.69488362067786, 16.298944350753775, 0.0, 0.0, 1.0 
19.676873567578962, 30.4136366752752, 0.0, 2.6071359704103827, 2.7000000000000015 
4.39683277257801, 39.04007287302079, 0.0, 0.0, 1.0 
15.454560666132645, 42.996530140991155, 0.0, 0.0, 1.0 
43.330772245361125, 47.79857193682583, 0.0, 0.0, 1.0 
59.192437519546004, 26.496817393710923, 0.0, 0.0, 1.0 
8.935539104914081, 47.5181509102693, 0.0, 1.5042095176926216, 2.7000000000000015 
1.341106516501134, 61.32133214447096, 0.0, 0.0, 1.0 
36.874197221916646, 7.1842671105886735, 0.0, 0.0, 1.0 
28.014669886472305, 58.87166270564541, 0.0, 4.4878273863996725, 1.1 
29.44902096745207, 57.43017747747964, 0.0, 0.0, 1.0 
11.682461806574178, 18.5114912502444, 0.0, 0.0, 1.0 
39.26576868284033, 40.11441692289799, 0.0, 3.0896192712478534, 1.8000000000000007 
40.63694066567463, 17.086043198906097, 0.0, 0.0, 1.0 
0.36672887860622705, 12.312055116538664, 0.0, 0.0, 1.0 
39.137732013297914, 28.915730047236035, 0.0, 5.362029678476923, 2.7000000000000015 
0.03461360678800853, 10.429048390068473, 0.0, 0.0, 1.0 
12.891796523316648, 54.9781488323165, 0.0, 2.7354340463296625, 2.7000000000000015 
5.31524504046112, 51.290301817572164, 0.0, 0.0, 1.0 
9.240614216972613, 51.924276004965854, 0.0, 0.0, 1.0 
44.22806677727588, 35.986119583336844, 0.0, 3.2470701481859745, 1.7000000000000006 
47.54251017172044, 42.23901608276638, 0.0, 0.0, 1.0 
52.767472850914395, 55.26428578531264, 0.0, 0.0, 1.0 
10.177959689508068, 3.8324978138688532, 0.0, 0.0, 1.0 
3.5814884436034418, 6.7534736787587235, 0.0, 0.0, 1.0 
9.266541363361165, 42.10866682523623, 0.0, 0.0, 1.0 
42.18750579815757, 18.352426787356553, 0.0, 0.0, 1.0 
27.160527032267122, 54.96195081796528, 0.0, 3.4312342035791894, 1.2000000000000002 
41.59957166679572, 39.730247370927486, 0.0, 3.850853207441896, 2.100000000000001 
33.99078588970523, 4.353146960605218, 0.0, 0.0, 1.0 
51.705289089011316, 10.945026778027469, 0.0, 5.57213171392768, 2.000000000000001 
57.03631495531039, 56.784564390621625, 0.0, 2.9443519274821175, 2.7000000000000015 
55.9395101874864, 6.286945178502548, 0.0, 0.0, 1.0 
35.314945048414096, 57.76583666776357, 0.0, 0.0, 1.0 
26.432234663226883, 9.5095748558875, 0.0, 0.0, 1.0 
35.916824226355885, 22.536836027711026, 0.0, 5.939122361512259, 1.2000000000000002 
59.1612015909982, 51.83629029952258, 0.0, 0.0, 1.0 
21.957266656857904, 21.19065749992976, 0.0, 3.7416702652050318, 2.7000000000000015 
33.842469443726515, 31.707497384424876, 0.0, 1.3437148298289903, 2.7000000000000015 
5.1746178928963085, 15.72301841398421, 0.0, 3.2771133266078882, 2.5000000000000013 
46.07808357233141, 34.31137218764296, 0.0, 5.560657885395234, 1.1 
43.75675133951555, 39.783173073235496, 0.0, 0.0, 1.0 
9.504195253223196, 59.128292963916266, 0.0, 3.193141070054852, 2.7000000000000015 
5.917345971807712, 12.691265310384155, 0.0, 0.6808669336545201, 2.6000000000000014 
52.43632539270432, 4.807834639045578, 0.0, 0.0, 1.0 
30.901862545873435, 54.81775695107491, 0.0, 3.705121712718478, 2.7000000000000015 
51.78411438962743, 44.09073337747563, 0.0, 3.6164340182640022, 2.7000000000000015 
3.526496841139115, 30.69159295119078, 0.0, 0.0, 1.0 
42.539903414897935, 16.406781747570893, 0.0, 0.0, 1.0 
10.888175168347024, 39.540314814927875, 0.0, 0.6794104426514613, 2.300000000000001 
56.720426723051084, 14.215061772552144, 0.0, 0.0, 1.0 
53.31705396923511, 51.387537072442186, 0.0, 0.0, 1.0 
41.78524141123912, 20.41403400980813, 0.0, 0.0, 1.0 
45.50681032677314, 38.90560265001722, 0.0, 0.0, 1.0 
42.411342327353594, 61.15545409807415, 0.0, 3.7375868204168023, 2.7000000000000015 
9.946656774985474, 7.6606393182613655, 0.0, 1.289013496062982, 2.7000000000000015 
44.37468059470229, 54.086345849381196, 0.0, 0.0, 1.0 
30.299355637877063, 44.94577009496659, 0.0, 2.5451191710756973, 2.7000000000000015 
32.217527185109006, 51.80834566545185, 0.0, 0.0, 1.0 
23.125241740561385, 36.93379102378869, 0.0, 0.0, 1.0 
13.200091030709729, 28.230276558276277, 0.0, 3.301770038349958, 2.6000000000000014 
14.19486619469624, 57.88772779252405, 0.0, 2.180245325071934, 2.7000000000000015 
25.333302576158054, 11.209228567308413, 0.0, 0.0, 1.0 
35.35854852200613, 5.810179011772738, 0.0, 0.0, 1.0 
1.2901153941738042, 50.64342885280868, 0.0, 0.0, 1.0 
7.275136355129084, 51.499543383513405, 0.0, 0.0, 1.0 
31.42773515154627, 33.15807162476508, 0.0, 6.690265227649174, 2.7000000000000015 
55.128552989118994, 28.194124544513887, 0.0, 0.0, 1.0 
8.597649786183027, 49.95537746507291, 0.0, 0.0, 1.0 
31.887042272252646, 26.638605177848813, 0.0, 2.3224173259666987, 2.200000000000001 
46.73538407396759, 12.929932688137077, 0.0, 0.0, 1.0 
28.843063371296704, 9.663248715931308, 0.0, 5.2831806372060175, 1.2000000000000002 
8.41559391608476, 13.696281258149604, 0.0, 0.0, 1.0 
0.004836084079134134, 57.91756622830477, 0.0, 3.28816560137972, 2.7000000000000015 
13.553552078256889, 50.6610258167614, 0.0, 1.4362722888108583, 2.7000000000000015 
45.464717415139965, 9.722752204541397, 0.0, 0.0, 1.0 
49.049203285522886, 58.03836550224237, 0.0, 0.0, 1.0 
16.818648033147564, 20.031945230564002, 0.0, 1.4538209585193471, 2.7000000000000015 
38.07537733212779, 10.492916593591003, 0.0, 0.0, 1.0 
3.429125737326937, 11.621371249522698, 0.0, 0.0, 1.0 
16.069569402650806, 34.72261744306167, 0.0, 5.708856775132353, 2.7000000000000015 
59.08603083742106, 2.502958638665778, 0.0, 0.0, 1.0 
2.125724178095134, 47.08359218014902, 0.0, 0.0, 1.0 
27.618095919095452, 8.082839099837173, 0.0, 0.0, 1.0 
22.241534825377688, 43.52090283793079, 0.0, 0.0, 1.0 
50.772658271511226, 31.169385126090482, 0.0, 0.0, 1.0 
35.53261534492511, 2.781753971865122, 0.0, 5.089226317944707, 1.4000000000000004 
8.081747270727396, 17.42593743980776, 0.0, 0.0, 1.0 
5.086358475016415, 23.253188218396584, 0.0, 0.0, 1.0 
14.309547707768973, 29.48480626781943, 0.0, 3.236522351758207, 2.7000000000000015 
57.36101243245191, 25.564283602455998, 0.0, 0.0, 1.0 
16.572437185165388, 51.96763422549185, 0.0, 2.22144248614162, 2.7000000000000015 
7.379625720768995, 41.187572188056045, 0.0, 6.177728573583514, 1.1 
42.43971643759928, 54.583618079144394, 0.0, 0.0, 1.0 
24.14215472427909, 20.576130311061636, 0.0, 3.1281937616470348, 2.7000000000000015 
24.776165761623904, 30.294147774427408, 0.0, 5.771992273714331, 2.7000000000000015 
58.56761727168661, 4.176005610971404, 0.0, 0.0, 1.0 
44.26148053977908, 33.64897608115274, 0.0, 1.7858757646033565, 2.100000000000001 
52.673563558127654, 37.30945489703939, 0.0, 0.0, 1.0 
3.0299787748325335, 3.824652949331884, 0.0, 0.0, 1.0 
54.06930070691713, 41.93986858511821, 0.0, 0.0, 1.0 
59.01918851175107, 7.331141460054389, 0.0, 0.0, 1.0 
33.625833515078476, 54.48815713260853, 0.0, 2.4638588957160885, 2.6000000000000014 
47.43105397958843, 4.337738164067249, 0.0, 4.262980938871471, 2.7000000000000015 
6.246835865229208, 19.63206364104004, 0.0, 0.0, 1.0 
49.46423134163354, 17.40060752626306, 0.0, 0.0, 1.0 
53.8631693398936, 43.44978578937665, 0.0, 3.111547057394347, 2.4000000000000012 
57.04097360560031, 36.95756740361634, 0.0, 0.0, 1.0 
58.08159126473404, 11.953829835102717, 0.0, 0.0, 1.0 
12.099157947404327, 13.185481882375663, 0.0, 0.0, 1.0 
52.825643825229605, 40.54470961122291, 0.0, 0.0, 1.0 
20.524424102978717, 14.24837206880095, 0.0, 1.787599152266705, 2.7000000000000015 
55.79049729813627, 38.45012586355682, 0.0, 0.0, 1.0 
36.05468098693213, 59.69114128961558, 0.0, 5.627433339077651, 1.1 
28.66257669285651, 2.627517404656662, 0.0, 0.0, 1.0 
54.50453689798772, 61.339306615864984, 0.0, 0.0, 1.0 
57.804204765803455, 35.08293818658275, 0.0, 0.0, 1.0 
16.014653340612654, 23.181689037728415, 0.0, 0.0, 1.0 
32.43246988756964, 53.55149765297585, 0.0, 2.794279449457402, 2.7000000000000015 
24.457414235516037, 25.23674543083589, 0.0, 0.7848785689264587, 2.7000000000000015 
26.558873561634066, 21.949397054935137, 0.0, 3.652763270158683, 2.300000000000001 
2.3431896052226113, 5.30383252652951, 0.0, 0.0, 1.0 
49.013044901222166, 8.343231123755185, 0.0, 0.0, 1.0 
52.96423587226633, 12.285156739092152, 0.0, 0.0, 1.0 
58.577332757059004, 33.26456881921304, 0.0, 0.0, 1.0 
55.29021061462757, 4.826498963960798, 0.0, 0.0, 1.0 
54.541331976962965, 33.79469090462444, 0.0, 0.0, 1.0 
23.343459789222415, 38.96946047246049, 0.0, 2.118982480569245, 2.6000000000000014 
57.68519495782729, 1.0364758798199225, 0.0, 0.0, 1.0 
51.70068762258295, 39.05281692572958, 0.0, 0.0, 1.0 
8.88656890575989, 0.7305349875915965, 0.0, 3.509146010176156, 2.7000000000000015 
13.033663079085592, 8.157181390508736, 0.0, 0.0, 1.0 
40.82085875952407, 41.65304039906263, 0.0, 3.943330575569391, 1.3000000000000003 
39.65986676567551, 11.771481268093227, 0.0, 0.0, 1.0 
15.016241246289376, 59.193434121697244, 0.0, 8.168465052478405, 2.7000000000000015 
40.0698247119678, 32.06652222469276, 0.0, 2.1561342357431803, 2.7000000000000015 
15.234623842400536, 2.876615621031503, 0.0, 0.0, 1.0 
3.3681414997732206, 13.14903589690059, 0.0, 0.0, 1.0 
54.74842283510648, 37.0597844702707, 0.0, 0.0, 1.0 
5.181170284199396, 46.08105334696597, 0.0, 3.1943357831031056, 2.7000000000000015 
57.38050646900462, 53.29056916789513, 0.0, 0.0, 1.0 
40.9394160673349, 15.09254054558962, 0.0, 0.0, 1.0 
43.75010638949062, 19.70846402676397, 0.0, 0.0, 1.0 
33.58533909214548, 23.004314715862687, 0.0, 0.0, 1.0 
39.50413509488843, 23.08857695201837, 0.0, 0.0, 1.0 
3.1310652345588887, 26.81473050626789, 0.0, 0.0, 1.0 
53.482532011059895, 26.944362680635994, 0.0, 0.0, 1.0 
40.007767630640025, 9.804728707775732, 0.0, 0.0, 1.0 
14.028818563089814, 22.672946220276955, 0.0, 0.0, 1.0 
59.41063670615857, 24.685178816805227, 0.0, 0.0, 1.0 
17.156146348576325, 10.257077128143731, 0.0, 0.0, 1.0 
0.8009401963629541, 14.439589011590103, 0.0, 0.0, 1.0 
59.54316009724994, 0.9217051246155131, 0.0, 0.0, 1.0 
15.92099344261776, 12.954931348802493, 0.0, 3.563284147333116, 2.7000000000000015 
14.167092658246709, 13.486888525358417, 0.0, 0.0, 1.0 
5.362842813703615, 31.524828545329644, 0.0, 0.0, 1.0 
41.29178239079375, 47.36182833244054, 0.0, 0.0, 1.0 
13.791763389135935, 20.741739615309314, 0.0, 0.0, 1.0 
51.2983813431742, 56.67267979551979, 0.0, 0.0, 1.0 
49.284730460528046, 32.4323778838861, 0.0, 0.0, 1.0 
48.87721947804022, 21.440701393730432, 0.0, 0.0, 1.0 
7.529809941658145, 43.20270764012885, 0.0, 0.0, 1.0 
4.5000509285826, 54.86310269138708, 0.0, 0.0, 1.0 
56.59336390045749, 29.578736355477684, 0.0, 0.0, 1.0 
52.93617659156256, 17.850381767678332, 0.0, 0.0, 1.0 
17.84790923071172, 20.135828332876997, 0.0, 1.5384918422257334, 2.7000000000000015 
39.00127091573293, 15.780796318559105, 0.0, 0.0, 1.0 
18.69925832670782, 3.7620512168620306, 0.0, 2.877658865342624, 1.8000000000000007 
38.817836797252276, 6.571390830473642, 0.0, 0.0, 1.0 
10.154722137538418, 13.135741125619694, 0.0, 0.0, 1.0 
10.703358282126784, 5.652741289659022, 0.0, 0.0, 1.0 
54.875967437463935, 40.16891354224992, 0.0, 0.0, 1.0 
53.77187340824408, 25.03044159129714, 0.0, 0.0, 1.0 
38.66398258163064, 57.39221353053556, 0.0, 3.8242353905316495, 2.7000000000000015 
57.58865365690649, 23.57363622722798, 0.0, 0.0, 1.0 
15.503668707746405, 27.776751856848808, 0.0, 3.2677668099714916, 2.7000000000000015 
11.096439904613586, 14.97052905480043, 0.0, 0.0, 1.0 
25.277933942293352, 53.952673597003404, 0.0, 4.602967225747876, 1.3000000000000003 
23.83610186538205, 3.26832436386574, 0.0, 5.924550771833884, 2.5000000000000013 
46.4400355894149, 24.313404987215083, 0.0, 0.0, 1.0 
33.256486518450636, 17.782246478911322, 0.0, 0.0, 1.0 
5.746280885194408, 14.203220875633308, 0.0, 0.8931464604383613, 2.6000000000000014 
0.07772336252238918, 47.29686715433196, 0.0, 0.0, 1.0 
16.888827634987223, 32.20986431081112, 0.0, 5.981179822822729, 2.7000000000000015 
50.25793931858954, 44.44647327361072, 0.0, 3.7170720138154727, 2.4000000000000012 
1.6574661006469968, 25.450357169527184, 0.0, 0.0, 1.0 
51.37059855590582, 60.7380989106018, 0.0, 0.0, 1.0 
53.3095014495109, 32.31680707123296, 0.0, 0.0, 1.0 
48.383808021761595, 48.29510262175869, 0.0, 2.690241072557371, 2.7000000000000015 
20.230068041077615, 59.92558214348452, 0.0, 1.9482471138224746, 2.7000000000000015 
5.57107518872828, 25.046478481936706, 0.0, 0.0, 1.0 
43.86594989966012, 56.04579523827679, 0.0, 0.0, 1.0 
11.557451655107652, 9.382732630893864, 0.0, 0.0, 1.0 
32.24812484178841, 21.645412754011335, 0.0, 0.0, 1.0 
7.345788967743638, 59.81253263662849, 0.0, 3.2053798706674246, 2.7000000000000015 
30.077563581106393, 38.28786473606848, 0.0, 3.4392675804710353, 2.7000000000000015 
30.481627753218152, 52.887329893584, 0.0, 0.0, 1.0 
0.11647900997278926, 18.138701759259114, 0.0, 0.0, 1.0 
37.6082136205268, 60.91654124485209, 0.0, 0.0, 1.0 
6.292353433408873, 55.11044167891498, 0.0, 0.0, 1.0 
4.881890426181254, 21.222298758936624, 0.0, 0.0, 1.0 
60.459827045229716, 45.87546386260529, 0.0, 0.0, 1.0 
11.412155420061318, 33.87069583879616, 0.0, 9.277900726859045, 2.7000000000000015 
0.9158547077934976, 8.638199476627488, 0.0, 0.0, 1.0 
25.480705661848507, 4.047431402436275, 0.0, -0.17659985812985654, 2.7000000000000015 
13.60586886571958, 38.97776858307698, 0.0, 0.0, 1.0 
42.79463723815128, 37.07962651258512, 0.0, 3.436616945750544, 2.200000000000001 
25.73904054861535, 14.638883419269526, 0.0, 0.0, 1.0 
28.08813964114214, 6.289972259179915, 0.0, 2.8986727419560583, 1.9000000000000008 
2.9679693605537363, 8.429671802385593, 0.0, 0.0, 1.0 
53.04729816889102, 7.904653568070694, 0.0, 0.0, 1.0 
47.48524787107074, 39.37094455125549, 0.0, 0.0, 1.0 
56.51179219864537, 16.17348566190192, 0.0, 0.0, 1.0 
17.73351871657215, 7.259383790427211, 0.0, 2.935378155384643, 2.7000000000000015 
45.40520171243317, 47.94425385351873, 0.0, 0.0, 1.0 
46.04056414144728, 50.179539800650474, 0.0, 1.8149146928093094, 2.6000000000000014 
24.13106336792434, 40.60729347155248, 0.0, 0.0, 1.0 
54.65036802161105, 30.194378082876785, 0.0, 0.0, 1.0 
7.942791679207118, 45.17646156800881, 0.0, 0.0, 1.0 
59.484688447815195, 31.57289923021523, 0.0, 0.0, 1.0 
21.469388007228215, 45.121544269477596, 0.0, 2.7103265892076323, 2.300000000000001 
0.9681031963487945, 54.09796456108194, 0.0, 0.0, 1.0 
21.480169629257187, 50.83854427488665, 0.0, 2.9867637562013734, 2.7000000000000015 
51.070058266977206, 54.66472220885824, 0.0, 0.0, 1.0 
50.81864072159123, 40.88261249288572, 0.0, 0.0, 1.0 
13.670612870527883, 32.274324863911175, 0.0, 0.86158940456668, 2.200000000000001 
15.432496015691195, 45.05877490187938, 0.0, 3.1905705704479246, 2.4000000000000012 
13.125342107203261, 37.17527026030549, 0.0, 5.559435453884051, 2.7000000000000015 
4.506943468722648, 35.868501216849545, 0.0, 3.383365595271963, 2.7000000000000015 
51.45845855120819, 8.307601565360434, 0.0, 4.1854556392743945, 2.7000000000000015 
28.936628488498155, 19.251978833608764, 0.0, 0.0, 1.0 
60.700082025808285, 49.135018989452405, 0.0, 0.0, 1.0 
9.421727920044397, 26.176558475688413, 0.0, 0.0, 1.0 
43.87194608258797, 8.421710833226326, 0.0, 0.0, 1.0 
49.13829189528043, 3.796410742917167, 0.0, 0.0, 1.0 
4.224674156245335, 14.5203901341097, 0.0, 0.0, 1.0 
24.463637919030084, 7.315393648975873, 0.0, 5.476039785620981, 2.7000000000000015 
52.421931205853674, 58.8524045392749, 0.0, 2.3975900819836444, 2.7000000000000015 
46.4489717786151, 46.237515967406516, 0.0, 0.0, 1.0 
56.130751339009244, 20.300409969446054, 0.0, 0.0, 1.0 
54.045477019724295, 23.054078824593883, 0.0, 0.0, 1.0 
26.609839126686293, 2.707839009688345, 0.0, 0.0, 1.0 
42.65679358590717, 5.095104132042377, 0.0, 0.35342377790079804, 1.1 
61.15797599335858, 25.81269688859761, 0.0, 0.0, 1.0 
2.7192041016839927, 54.4553794269564, 0.0, 0.0, 1.0 
18.120805723905207, 58.311347864309504, 0.0, 1.9898281023607465, 2.5000000000000013 
18.42319864466954, 11.62412769178158, 0.0, 6.077560240773292, 2.100000000000001 
39.16570366811609, 25.10163292558037, 0.0, 0.0, 1.0 
57.837807655010685, 5.950802736239605, 0.0, 0.0, 1.0 
29.598473444357598, 7.598161207703658, 0.0, 0.0, 1.0 
28.172591498433242, 13.410635071069244, 0.0, 4.555161541017759, 1.3000000000000003 
0.0025156605014871047, 31.396236674395134, 0.0, 0.0, 1.0 
45.166037546408646, 44.4512327634844, 0.0, 3.5020380832300497, 1.7000000000000006 
23.450485529715547, 18.23231352172357, 0.0, 0.0, 1.0 
33.14351138268597, 50.0009425377029, 0.0, 6.052015075609808, 2.4000000000000012 
4.681253765369444, 59.51892488175596, 0.0, 3.4820772070384858, 2.5000000000000013 
42.455186602581826, 3.0168499706063217, 0.0, 0.0, 1.0 
58.43874840463907, 59.21647783750706, 0.0, 0.0, 1.0 
5.540979224657447, 42.689758845369504, 0.0, 5.773068231933345, 1.6000000000000005 
51.4766297451079, 35.792717591087815, 0.0, 0.0, 1.0 
18.989149676569603, 46.23395952596266, 0.0, 3.276500924692986, 2.7000000000000015 
5.950300497789203, 10.767940551306609, 0.0, 0.0, 1.0 
31.22827982977383, 47.98900803514375, 0.0, 3.651370109320974, 2.6000000000000014 
50.584474510337294, 46.332786522492924, 0.0, 0.0, 1.0 
35.17818785409054, 17.142089059300268, 0.0, 0.0, 1.0 
32.29751814339668, 32.294232796925606, 0.0, 6.8831933739395765, 2.7000000000000015 
46.37295398921881, 14.972213069954293, 0.0, 0.0, 1.0 
23.873062946084193, 49.37942664764714, 0.0, 3.2138846351070156, 2.7000000000000015 
60.00425120912084, 16.97218591813086, 0.0, 0.0, 1.0 
37.09565570262697, 16.431556361331133, 0.0, 0.0, 1.0 
51.040757923962296, 18.65607107051564, 0.0, 0.0, 1.0 
6.606520325682667, 3.7681689414492605, 0.0, 0.0, 1.0 
1.0002597843991243, 48.84683707648238, 0.0, 0.0, 1.0 
34.920026217304645, 7.773294626676438, 0.0, 0.0, 1.0 
35.094190267922976, 32.16581557319702, 0.0, 1.4608883343119956, 2.7000000000000015 
30.363441090952513, 22.4432011350584, 0.0, 0.0, 1.0 
26.272059362380357, 43.111720090888994, 0.0, 0.0, 1.0 
6.005280882424278, 44.51275284595232, 0.0, 0.0, 1.0 
50.20778826223889, 24.520594380167612, 0.0, 0.0, 1.0 
10.153950983021598, 20.19184870391455, 0.0, 0.0, 1.0 
53.7861393727863, 1.4169507141174866, 0.0, 0.0, 1.0 
24.55966299705306, 26.972020394463474, 0.0, 0.594213687012053, 2.100000000000001 
54.71384302449305, 17.076258818505675, 0.0, 0.0, 1.0 
43.99417473062365, 31.22353992488567, 0.0, 0.0, 1.0 
42.140101698337155, 31.044793972630938, 0.0, 4.470305852468814, 1.8000000000000007 
22.75316855211832, 45.663343285898506, 0.0, 2.6760684409478537, 2.7000000000000015 
47.80954727131802, 50.105800014986826, 0.0, 0.0, 1.0 
10.655711966362409, 50.53946090512657, 0.0, 0.0, 1.0 
8.492702415579775, 6.569402788958813, 0.0, 0.0, 1.0 
15.366866174563082, 11.265623739218045, 0.0, 0.0, 1.0 
13.98598441219933, 26.590942668108028, 0.0, 2.663202576665557, 2.7000000000000015 
50.411646125619384, 13.17705397204168, 0.0, 5.104147906010023, 1.3000000000000003 
18.454977445750895, 8.36741926812843, 0.0, 2.8112254538219497, 2.7000000000000015 
53.365652726005, 47.96736928785257, 0.0, 0.0, 1.0 
12.011972492005015, 20.53546976590047, 0.0, 0.0, 1.0 
18.237683302564374, 48.88630336312275, 0.0, 3.1948641868183096, 2.7000000000000015 
56.31260448142748, 18.263827150396658, 0.0, 0.0, 1.0 
1.8758736548425012, 56.008013065620325, 0.0, 2.9842204649330415, 2.7000000000000015 
8.102280476465282, 55.085527838445465, 0.0, 0.0, 1.0 
53.66235182313237, 53.42580988935621, 0.0, 0.0, 1.0 
49.14878458476023, 51.269134538001985, 0.0, 0.0, 1.0 
37.42487138716617, 14.452631484919817, 0.0, 0.0, 1.0 
41.936063205572026, 49.28995077797967, 0.0, 0.0, 1.0 
30.80971520668663, 5.333970574612243, 0.0, 2.7066674652207503, 1.8000000000000007 
20.398439106754047, 26.068146079169072, 0.0, 0.0, 1.0 
46.25070688502528, 52.37998798214926, 0.0, 2.2537406276928125, 2.6000000000000014 
9.144532584395998, 15.564055440292371, 0.0, 0.0, 1.0 
9.834999045614838, 55.72773288694409, 0.0, 2.767065806432518, 2.7000000000000015 
16.2090621868791, 59.79939104030018, 0.0, 2.159747216357787, 2.7000000000000015 
36.33216313582219, 35.89817356280255, 0.0, 2.8380741701021326, 2.7000000000000015 
53.1209874831552, 15.780429535740753, 0.0, 0.0, 1.0 
58.35640130880876, 30.03224302268827, 0.0, 0.0, 1.0 
4.255209518433344, 0.5698942701812908, 0.0, 0.0, 1.0 
18.898887065284164, 25.153264483652276, 0.0, 1.7786395985617713, 2.6000000000000014 
15.0219414462355, 31.21081367944452, 0.0, 0.0, 1.0 
48.3031994386086, 14.181902423591024, 0.0, 0.0, 1.0 
47.58774483305069, 18.194678227414663, 0.0, 0.0, 1.0 
56.520790238695085, 58.03404929150711, 0.0, 2.7479504050252346, 2.7000000000000015 
33.12627423882496, 47.12393369568318, 0.0, 4.637228505611496, 2.6000000000000014 
22.003264752296385, 15.202652647787984, 0.0, 0.0, 1.0 
15.627284740425107, 39.33171773470976, 0.0, 0.0, 1.0 
37.378381672629644, 3.37277522539674, 0.0, 0.0, 1.0 
44.44978735887196, 15.644551432602666, 0.0, 0.0, 1.0 
1.731305030159075, 23.74596933617235, 0.0, 0.0, 1.0 
37.58342507838208, 23.7566214794567, 0.0, 0.0, 1.0 
28.482640015074704, 35.08084921086496, 0.0, 2.804386359393192, 2.7000000000000015 
58.86096952452661, 44.298634393215686, 0.0, 2.7891504358324837, 2.7000000000000015 
1.2331826081677386, 27.33323529117772, 0.0, 0.0, 1.0 
40.40100797350401, 60.83162012707063, 0.0, 3.9827554821484394, 2.7000000000000015 
55.49663123833387, 53.193814588643605, 0.0, 0.0, 1.0 
15.63010283207244, 21.390879188919932, 0.0, 0.0, 1.0 
25.189325197289392, 12.93361204826819, 0.0, 3.2017733348328874, 2.100000000000001 
57.801831110811975, 55.030468840107964, 0.0, 0.0, 1.0 
6.971736199233036, 23.984438890510287, 0.0, 0.0, 1.0 
13.630118869481185, 61.49574860057299, 0.0, 2.670568032385284, 2.7000000000000015 
0.9187246953418854, 45.402208535660534, 0.0, 0.0, 1.0 
10.010323920253796, 45.37435898740658, 0.0, 1.8777761490960976, 2.7000000000000015 
12.400703575751075, 53.74320351991595, 0.0, 2.420319271893089, 2.7000000000000015 
34.48923775104198, 55.90483869932895, 0.0, 0.0, 1.0 
7.604019973293507, 48.01493382594408, 0.0, 0.0, 1.0 
61.009430414946046, 2.370436686923562, 0.0, 0.0, 1.0 
46.877266734182385, 22.28812200852209, 0.0, 0.0, 1.0 
27.696628048125124, 28.81236523666412, 0.0, 5.647549170920207, 2.7000000000000015 
19.851623946603976, 20.692585681690108, 0.0, 1.6668383680038592, 2.7000000000000015 
40.89915498781746, 3.7695336280009024, 0.0, 0.0, 1.0 
31.400873820606133, 18.530487202408768, 0.0, 0.0, 1.0 
41.442310847663464, 22.381941005047384, 0.0, 0.0, 1.0 
42.885899157402264, 14.346387656937102, 0.0, 0.0, 1.0 
10.949425717660858, 42.345957727768436, 0.0, 8.286209819824823, 2.7000000000000015 
22.770451888191054, 1.8894664985615146, 0.0, 3.3297609111356667, 2.5000000000000013 
56.319833210234094, 61.09986282920179, 0.0, 0.0, 1.0 
21.821658913924768, 9.072170182894332, 0.0, 5.610745017092305, 2.7000000000000015 
30.423559932657145, 36.953004692287145, 0.0, 3.1945484025801423, 2.300000000000001 
14.895604767575279, 50.50309242139406, 0.0, 1.9368629561173882, 2.7000000000000015 
48.624498508373335, 44.50370699143466, 0.0, 4.1475653486759745, 2.7000000000000015 
1.6001694037780974, 22.098665844495105, 0.0, 0.0, 1.0 
55.7911126209937, 9.475888635116533, 0.0, 0.0, 1.0 
13.269221005528658, 11.72103342616699, 0.0, 0.0, 1.0 
39.39049415862693, 37.2674347587148, 0.0, 2.9508768388333286, 2.7000000000000015 
36.830556118742756, 27.938428820206724, 0.0, 4.345072570034499, 1.8000000000000007 
30.100239283613536, 11.077301527093676, 0.0, 2.9379635112360654, 1.4000000000000004 
47.39947345704675, 9.081157855713673, 0.0, 0.0, 1.0 
13.135312866751736, 14.946456112549743, 0.0, 0.0, 1.0 
56.21218367222246, 55.00958399404718, 0.0, 0.0, 1.0 
1.5795182921737945, 6.959650956010424, 0.0, 0.0, 1.0 
47.23976996440163, 20.291697598412824, 0.0, 0.0, 1.0 
29.15788712148111, 4.556895136071982, 0.0, 0.0, 1.0 
6.006176066709102, 33.02932899598858, 0.0, 3.0652110538355086, 2.7000000000000015 
28.244276748844857, 44.782721500408634, 0.0, 2.7586516548739293, 2.200000000000001 
4.968019138303034, 26.303106255280962, 0.0, 3.546413252420326, 2.7000000000000015 
29.96725943703235, 17.497647462416538, 0.0, 0.0, 1.0 
52.56399403535791, 0.15092964800268416, 0.0, 0.0, 1.0 
2.003469356047757, 36.122643308919145, 0.0, 0.0, 1.0 
16.33996286677458, 41.18812462874441, 0.0, 0.0, 1.0 
46.05303162518341, 40.84854882533748, 0.0, 0.0, 1.0 
36.707442897539245, 39.80428382622242, 0.0, 2.8662001537107695, 2.100000000000001 
19.761763231658957, 5.237333160139944, 0.0, 2.0370002806906626, 2.7000000000000015 
27.176915506550955, 38.23075707758859, 0.0, 2.618150272815073, 2.7000000000000015 
1.7753340588140034, 59.01807953303781, 0.0, 3.410550554037973, 2.7000000000000015 
51.337634429064146, 16.579646237245306, 0.0, 0.0, 1.0 
61.00314689904085, 21.926558453768767, 0.0, 0.0, 1.0 
8.765318010576669, 24.35021825064123, 0.0, 0.0, 1.0 
47.654872639580525, 31.230290051522346, 0.0, 0.0, 1.0 
60.409893991548195, 8.797696865041534, 0.0, 0.0, 1.0 
48.7204267576397, 12.243937280594201, 0.0, 0.0, 1.0 
14.888832445486322, 37.39312060869495, 0.0, 0.0, 1.0 
49.27830645555861, 30.134681436962182, 0.0, 0.0, 1.0 
59.69456101316917, 18.775586685323393, 0.0, 0.0, 1.0 
49.23835074972864, 5.840419151441409, 0.0, 4.056913252099059, 2.7000000000000015 
57.20137306903877, 51.59441990673921, 0.0, 0.0, 1.0 
34.198123351582595, 51.509654053741436, 0.0, 0.0, 1.0 
60.748608670335265, 50.76168099439184, 0.0, 0.0, 1.0 
4.657083763074801, 29.42676156050284, 0.0, 0.0, 1.0 
24.575414194766378, 57.62487723862517, 0.0, 5.9468787183015035, 2.7000000000000015 
53.162157754149625, 28.834707005606187, 0.0, 0.0, 1.0 
45.8848014022878, 56.012193544625106, 0.0, 0.0, 1.0 
35.537695701698006, 15.101980656492515, 0.0, 0.0, 1.0 
10.402261103047845, 48.77301121880056, 0.0, 0.0, 1.0 
44.218708336570955, 6.537462181700403, 0.0, 0.0, 1.0 
2.880805444075042, 2.5031813358690638, 0.0, 2.8454410825930285, 2.7000000000000015 
12.582819930236584, 41.23736616535104, 0.0, 4.886181327373119, 2.7000000000000015 
14.484793484782752, 6.90214852704308, 0.0, 0.0, 1.0 
26.1254693329446, 36.121529749350614, 0.0, 2.038003482240002, 2.7000000000000015 
55.82895161624859, 35.36488938687393, 0.0, 0.0, 1.0 
32.63207715878073, 60.727797100956074, 0.0, 0.0, 1.0 
50.58248035645399, 5.081834226699868, 0.0, 0.0, 1.0 
41.6417781731261, 11.089213546259835, 0.0, 0.0, 1.0 
39.68086312138287, 55.28690137408392, 0.0, 0.0, 1.0 
40.42552517865374, 57.185828777269975, 0.0, 0.0, 1.0 
13.102409558205856, 25.597894688286303, 0.0, 0.0, 1.0 
20.06069660930386, 33.769536421526126, 0.0, 0.0, 1.0 
10.4767897314491, 0.22578819340609704, 0.0, 3.3332164354901366, 2.7000000000000015 
2.7035728768770144, 60.793094450669145, 0.0, 0.0, 1.0 
23.522102569889075, 59.434757116650026, 0.0, 5.643065544983668, 2.300000000000001 
59.08741253214427, 36.63039857725895, 0.0, 0.0, 1.0 
0.6686653139621496, 57.03623841326379, 0.0, 3.1639028699878624, 2.7000000000000015 
59.403435222891304, 22.768926191473263, 0.0, 0.0, 1.0 
47.7948790859431, 56.67577003332642, 0.0, 0.0, 1.0 
3.3064333270210122, 50.94402528256004, 0.0, 0.0, 1.0 
51.860994902491285, 6.512768259502574, 0.0, 0.0, 1.0 
28.625650463638074, 16.449608538278685, 0.0, 0.0, 1.0 
44.081581064962975, 17.661042621079837, 0.0, 0.0, 1.0 
47.96672886381751, 16.208610576516207, 0.0, 0.0, 1.0 
48.77566864282327, 40.911085108966006, 0.0, 0.0, 1.0 
12.475550791959986, 23.785853397624823, 0.0, 0.0, 1.0 
33.413107829551315, 6.323966069178218, 0.0, 4.136536460288267, 1.1 
60.767354802201055, 53.81985063785089, 0.0, 0.0, 1.0 
7.8503824136306255, 36.47881593153798, 0.0, 3.2944479586899864, 2.7000000000000015 
24.870840319387508, 47.374000463306366, 0.0, 2.9975189963061903, 2.6000000000000014 
23.003971795861432, 54.495976268139664, 0.0, 2.4296186892195193, 2.6000000000000014 
29.852738083339965, 14.94788529044043, 0.0, 3.6588196609861354, 1.4000000000000004 
55.16592826178739, 2.86862098656297, 0.0, 0.0, 1.0 
45.397678091199026, 59.45980561837357, 0.0, 0.0, 1.0 
0.19279891250300302, 36.6549044547702, 0.0, 0.0, 1.0 
58.451127534380774, 13.533019161039961, 0.0, 0.0, 1.0 
8.38467227163286, 38.386976308779715, 0.0, 0.9245679038343245, 1.5000000000000004 
21.374577062391086, 39.82439486688036, 0.0, 2.374172003634267, 2.7000000000000015 
47.17055001348291, 44.38958246025568, 0.0, 4.235187310237114, 2.6000000000000014 
27.724874123673768, 56.627780690904764, 0.0, 6.022843399149982, 2.6000000000000014 
14.534172198163327, 8.715352753581042, 0.0, 2.5415974091086637, 2.7000000000000015 
2.0972737070027065, 16.59754610015503, 0.0, 0.0, 1.0 
32.555811141600145, 44.9116826831711, 0.0, 2.7332662653262894, 2.4000000000000012 
53.92700217674601, 4.242690084507762, 0.0, 0.0, 1.0 
4.703448397151716, 34.31391179032201, 0.0, 0.0, 1.0 
42.96023261165822, 50.845614295118935, 0.0, 0.0, 1.0 
34.556699075101506, 34.31452820239891, 0.0, 6.722157233274229, 2.7000000000000015 
18.28009874685583, 0.5085839165164872, 0.0, 2.1889716543888955, 2.7000000000000015 
49.71486825849904, 1.9520480750076374, 0.0, 0.0, 1.0 
20.74308024280036, 53.93133144999907, 0.0, 1.7158738706116528, 2.7000000000000015 
21.348690447936054, 37.97306365498003, 0.0, 0.0, 1.0 
5.60919949239653, 6.107042071115545, 0.0, 2.3362416402335358, 2.7000000000000015 
25.732401543986224, 44.72630622990572, 0.0, 2.875426892001779, 2.7000000000000015 
57.01933729300423, 27.588731556333855, 0.0, 0.0, 1.0 
39.35409951349019, 0.5135160808438662, 0.0, 0.0, 1.0 
29.80971132642486, 1.1413718583324488, 0.0, 0.0, 1.0 
58.75151092539548, 49.808947501256725, 0.0, 0.0, 1.0 
2.7449967677623226, 40.29016891016369, 0.0, 0.812442098053509, 1.1 
19.556801406395728, 36.14795370303489, 0.0, 8.337833883344732, 2.7000000000000015 
18.825442390999537, 18.64114007857005, 0.0, 1.4455695836269629, 2.4000000000000012 
54.301038606876034, 21.104857237268106, 0.0, 0.0, 1.0 
39.26303122350804, 2.548539255205147, 0.0, 0.0, 1.0 
28.308466552842106, 53.350879603744936, 0.0, 3.687638345923387, 1.4000000000000004 
60.3395389508286, 29.719050401163635, 0.0, 0.0, 1.0 
17.924050689174567, 5.443798315715105, 0.0, 0.0, 1.0 
60.50798209877595, 3.947773028885816, 0.0, 0.0, 1.0 
43.55316588729785, 10.395761794992724, 0.0, 0.0, 1.0 
57.0312614986658, 7.839135707691973, 0.0, 0.0, 1.0 
28.214025868609685, 39.555899958565085, 0.0, 5.980452600133277, 1.1 
22.837626377868023, 41.99848019916136, 0.0, 0.0, 1.0 
57.401987169106896, 10.42324878268905, 0.0, 0.0, 1.0 
32.978466793876976, 8.391578713251981, 0.0, 0.0, 1.0 
38.60533755436564, 44.7199163771613, 0.0, 1.5623576223927973, 2.200000000000001 
58.916104776317106, 57.75371921432517, 0.0, 2.9142754148113523, 2.7000000000000015 
35.8497819211007, 25.033949843176458, 0.0, -1.249988764032635, 2.7000000000000015 
35.25150149727568, 38.37426384858664, 0.0, 3.2494775147943913, 2.7000000000000015 
41.78648845507118, 35.61764740838024, 0.0, 2.5720260494925933, 2.7000000000000015 
21.439739750954878, 34.72403759985571, 0.0, 2.192873446215593, 2.7000000000000015 
38.68067478799806, 17.764866820963082, 0.0, 0.0, 1.0 
32.04620063106858, 1.1988238542860385, 0.0, 5.728201625900451, 1.2000000000000002 
43.36660222404319, 21.64856435776794, 0.0, 0.0, 1.0 
11.15617421483655, 2.1892746312262474, 0.0, 0.0, 1.0 
18.73338776510867, 22.093353287295418, 0.0, 1.6023699498125261, 2.7000000000000015 
40.37534134293724, 7.807573577958549, 0.0, 0.0, 1.0 
16.084280432503373, 6.138275258056803, 0.0, 0.0, 1.0 
6.335086570292648, 58.61958826153646, 0.0, 3.1212666617867244, 2.7000000000000015 
51.33466828061616, 32.71962226702466, 0.0, 0.0, 1.0 
55.75833408325715, 1.241387879563484, 0.0, 0.0, 1.0 
59.50499478923551, 20.75064429143013, 0.0, 0.0, 1.0 
27.075464276270313, 50.56148425532526, 0.0, -2.1524311765362687, 2.6000000000000014 
41.18561690933323, 51.60069412639642, 0.0, 0.0, 1.0 
28.272219979908783, 49.59628314428041, 0.0, 3.5355378882633604, 2.300000000000001 
52.21082793611804, 23.77834822519354, 0.0, 0.0, 1.0 
12.73572709959218, 6.1295963151829165, 0.0, 0.0, 1.0 
11.619341950755024, 56.71400360991541, 0.0, 0.0, 1.0 
33.57676089582174, 15.750336656132923, 0.0, 0.0, 1.0 
30.645825475542072, 46.33934238686124, 0.0, 3.0764787773314115, 2.7000000000000015 
3.489127783395571, 42.24819020333381, 0.0, 0.0, 1.0 
22.397837223518135, 56.7309415348923, 0.0, 2.1369307864559643, 2.000000000000001 
54.99418622485014, 7.9321216927114655, 0.0, 0.0, 1.0 
41.28711405931606, 13.06775871679922, 0.0, 0.0, 1.0 
33.30548045480755, 57.25936650091255, 0.0, 0.0, 1.0 
14.338893208779592, 4.918009966151016, 0.0, 0.0, 1.0 
61.43428046340822, 60.5908783850854, 0.0, 0.0, 1.0 
45.10847978549056, 11.66665533680502, 0.0, 0.0, 1.0 
54.568894142322804, 55.05922727712873, 0.0, 0.0, 1.0 
16.182360133460698, 56.94128711659556, 0.0, 1.330267075476994, 2.7000000000000015 
60.28864770677963, 35.22385045659709, 0.0, 0.0, 1.0 
20.51014057857496, 42.895889335809976, 0.0, 0.0, 1.0 
13.036847820702445, 60.430680780171826, 0.0, 2.3514911132941796, 2.5000000000000013 
49.88271085531006, 26.38433812385239, 0.0, 0.0, 1.0 
5.959126905090821, 2.1012609639677238, 0.0, 3.3270025822004015, 2.7000000000000015 
45.31865090710052, 20.96528156843248, 0.0, 0.0, 1.0 
38.296300404843514, 19.80178159020887, 0.0, 0.0, 1.0 
12.388015561954138, 48.364019803109336, 0.0, 0.0, 1.0 
1.4934138769346559, 41.88027442100552, 0.0, 0.0, 1.0 
9.45894316082334, 60.55643119999767, 0.0, 2.739477096070433, 2.7000000000000015 
13.472335969580072, 3.2112867881501854, 0.0, 0.0, 1.0 
36.36940808407331, 20.48051736833254, 0.0, 0.0, 1.0 
3.4095640036268193, 22.570729883566823, 0.0, 0.0, 1.0 
9.768443385873478, 18.423037735264035, 0.0, 0.0, 1.0 
34.037512053507356, 1.7713223472080823, 0.0, 1.8878695075496423, 1.1 
21.895939597177357, 24.350335646891423, 0.0, 1.7228480674481692, 1.9000000000000008 
7.405987443964313, 25.794243912465014, 0.0, 0.0, 1.0 
22.28720343668741, 0.49592922622966507, 0.0, 2.868775348149085, 2.7000000000000015 
15.064049270150322, 46.39268851927849, 0.0, 2.945699451990926, 2.7000000000000015 
15.753421251944888, 9.28229085864417, 0.0, 2.3225694910531884, 2.7000000000000015 
26.429615953849936, 52.27580830852998, 0.0, -1.7271898720505685, 2.7000000000000015 
2.2096478619203745, 43.86158324845652, 0.0, 0.0, 1.0 
4.8392866935160574, 8.835096210221142, 0.0, 1.4214194982095956, 2.6000000000000014 
58.098655119783594, 17.552184303856535, 0.0, 0.0, 1.0 
58.85273128680267, 28.332945455351574, 0.0, 0.0, 1.0 
44.64116328518552, 51.81039569866752, 0.0, 0.0, 1.0 
6.567971465767658, 49.69497435555841, 0.0, 0.0, 1.0 
37.39225656603095, 46.20815732074529, 0.0, 7.920107970623096, 2.7000000000000015 
59.79534466676949, 56.6144863441188, 0.0, 3.0075441703894774, 2.7000000000000015 
55.04086887060861, 59.64681310249373, 0.0, 0.0, 1.0 
38.43911356863483, 8.5296878306481, 0.0, 0.0, 1.0 
49.161483889562625, 19.40310623395686, 0.0, 0.0, 1.0 
44.822469609112844, 61.328541167487806, 0.0, 0.0, 1.0 
41.03305781957088, 1.6766695675316254, 0.0, 0.0, 1.0 
25.601448202674522, 16.965683193863267, 0.0, 0.0, 1.0 
42.16152262085442, 58.242785145369034, 0.0, 0.0, 1.0 
45.61716988844003, 28.401968936163183, 0.0, 0.0, 1.0 
39.61111648781401, 46.85670682945295, 0.0, 4.664970576076455, 2.7000000000000015 
54.609570069324676, 46.715929285846975, 0.0, 0.0, 1.0 
12.744184142557781, 1.4489527702867453, 0.0, 0.0, 1.0 
24.67880277608376, 22.266174875044943, 0.0, 3.7254148187911658, 2.7000000000000015 
14.369561148394302, 40.91992696061206, 0.0, 0.0, 1.0 
60.09238933805875, 13.994237596992622, 0.0, 2.765827777911924, 2.7000000000000015 
50.136498658266085, 52.841739904822276, 0.0, 0.0, 1.0 
9.930683504943051, 29.34084404659781, 0.0, 3.7473510135747192, 2.000000000000001 
17.66679926918547, 39.74591582264325, 0.0, 0.0, 1.0 
39.63479601677823, 35.73367411186139, 0.0, 2.5256620706866952, 2.200000000000001 
30.625097055866753, 3.052651296737769, 0.0, 0.0, 1.0 
50.43484169593839, 8.722077877125077, 0.0, 4.360270795751206, 2.7000000000000015 
54.850818076844554, 14.996468117565898, 0.0, 0.0, 1.0 
36.35441699822059, 31.29892427066455, 0.0, 1.6851764083250007, 2.7000000000000015 
48.31693348560769, 0.5145052251802548, 0.0, 0.0, 1.0 
41.79163743169751, 43.756705389243564, 0.0, 0.0, 1.0 
28.313293191411017, 42.987632170615115, 0.0, 0.0, 1.0 
0.09546793937748882, 43.86379354953588, 0.0, 5.722974934866096, 2.5000000000000013 
