position_x,position_y,position_z,orientation,aspect_ratio
29.659232705470032, 55.91477144141722, 0.0, 0.0, 1.0 
59.173356870359726, 42.52690743632195, 0.0, 2.869701990956608, 2.7000000000000015 
33.288930247550105, 49.30260222792076, 0.0, 0.0, 1.0 
8.538493648350851, 44.36472214387313, 0.0, 2.1820868625102987, 2.7000000000000015 
13.176529624988424, 19.99734732919345, 0.0, 0.0, 1.0 
6.77327171229452, 33.316287059025605, 0.0, 2.05512963506029, 2.7000000000000015 
19.050733681215878, 50.8554383741039, 0.0, 0.0, 1.0 
20.690642137210304, 19.457882473193397, 0.0, 0.0, 1.0 
28.931301159713698, 47.07418197942223, 0.0, 0.0, 1.0 
40.64400840964834, 8.958957743224255, 0.0, 0.0, 1.0 
39.87573639213286, 26.617010859620855, 0.0, 0.0, 1.0 
52.097966107336035, 9.936479756908268, 0.0, 4.6608331607351055, 2.6000000000000014 
42.76197823992504, 16.86591523780641, 0.0, 0.0, 1.0 
53.30552513044912, 42.32540174743723, 0.0, 0.0, 1.0 
21.73591701126791, 33.24696553955017, 0.0, 0.0, 1.0 
24.445024747715557, 4.429202749442576, 0.0, 6.704777687871377, 2.7000000000000015 
35.1263500077194, 56.77141394636068, 0.0, 0.0, 1.0 
48.32413065705273, 44.158891099125256, 0.0, 4.349094171959661, 2.6000000000000014 
7.490317196559692, 56.62462282986967, 0.0, 0.36530319073127837, 1.2000000000000002 
0.14708962535930475, 41.33285240671519, 0.0, 0.0, 1.0 
54.6557630807956, 9.62211799759454, 0.0, 4.147888443351785, 2.7000000000000015 
28.28708392579562, 51.21964918392658, 0.0, 2.739137633300856, 2.7000000000000015 
48.16606837935281, 38.447099293937924, 0.0, 0.0, 1.0 
10.619223150031473, 32.38684817037233, 0.0, 0.0, 1.0 
38.221486179114144, 37.59285416258143, 0.0, 0.0, 1.0 
28.334185466317546, 1.0528715143929992, 0.0, 0.0, 1.0 
14.831509027763943, 6.1126810770655045, 0.0, 4.5036140038326735, 2.7000000000000015 
6.4158105000342145, 25.62584368343849, 0.0, 0.0, 1.0 
54.27767160856585, 0.35885394492623385, 0.0, 0.0, 1.0 
54.47017638604324, 32.94716941545207, 0.0, 0.0, 1.0 
6.541193601656964, 3.5696998902477546, 0.0, 0.0, 1.0 
46.54789572633188, 5.199317675779696, 0.0, 0.0, 1.0 
49.70361745353836, 8.005633693290685, 0.0, 3.310682675111685, 2.7000000000000015 
22.143105898782135, 20.470700888297287, 0.0, 5.248648213675033, 2.300000000000001 
14.9640343821488, 15.30688255450655, 0.0, 0.0, 1.0 
40.682655898964796, 5.681676458240441, 0.0, 0.0, 1.0 
2.4067624766875504, 5.010938798600545, 0.0, 1.2626868227715957, 2.6000000000000014 
45.7845988875702, 31.9120624707118, 0.0, 0.0, 1.0 
51.37615509401723, 59.60809864499886, 0.0, 0.0, 1.0 
2.8057464424035556, 57.77680400524325, 0.0, 0.0, 1.0 
49.22789847356687, 23.6477563832627, 0.0, 0.0, 1.0 
59.805245982791945, 25.307787284616136, 0.0, 6.400204477980646, 2.7000000000000015 
56.48313190037192, 47.41862580476761, 0.0, 0.0, 1.0 
1.8992242321193087, 48.1533016314567, 0.0, 0.0, 1.0 
17.864355033129158, 37.85183879721572, 0.0, 0.0, 1.0 
19.121840507918435, 34.39878624476585, 0.0, 0.0, 1.0 
53.20613464223406, 53.10726211549543, 0.0, 0.0, 1.0 
6.0489151494491304, 8.125136710922835, 0.0, 0.0, 1.0 
14.404179772809647, 47.05646509635304, 0.0, 0.0, 1.0 
17.199066689825827, 4.273383979585487, 0.0, 3.6749347093373785, 2.6000000000000014 
5.673065811781347, 11.893009670297749, 0.0, 0.0, 1.0 
41.08668423281517, 0.2141936676799297, 0.0, 0.0, 1.0 
53.28804953380368, 45.818428785710516, 0.0, 2.794139569301959, 2.7000000000000015 
16.008243916465048, 32.134115150822886, 0.0, 0.0, 1.0 
21.306278074554633, 23.344952086389267, 0.0, 5.0453604542980335, 2.5000000000000013 
5.6225767477375355, 9.983291221756353, 0.0, 0.0, 1.0 
59.3483185588033, 59.0515437643244, 0.0, 5.457393228644478, 2.6000000000000014 
29.7161438096256, 28.843871898540215, 0.0, 0.0, 1.0 
7.931131063509056, 1.255837788818965, 0.0, 0.648783228267046, 2.7000000000000015 
12.415581443800832, 50.132872873853344, 0.0, 2.7091983928976844, 2.7000000000000015 
42.577828305182805, 60.362985001623706, 0.0, 0.0, 1.0 
27.01696979655702, 6.352537543002494, 0.0, 7.239846373977575, 2.7000000000000015 
31.192782512913535, 43.987029233844964, 0.0, 0.0, 1.0 
61.33041204446428, 13.66437831652743, 0.0, 0.0, 1.0 
35.799784641825504, 20.442455669120317, 0.0, 0.0, 1.0 
4.9437306797744, 52.76952328130276, 0.0, 0.0, 1.0 
12.962894200117068, 52.84639848346983, 0.0, 0.0, 1.0 
8.135830413816993, 13.198916878970005, 0.0, 2.4335578199868766, 2.4000000000000012 
20.41495217375304, 4.864473646261304, 0.0, 3.5157605286334386, 2.7000000000000015 
43.0606914547983, 0.8088377960885508, 0.0, 0.0, 1.0 
32.345561545834514, 33.45889546480953, 0.0, 0.0, 1.0 
31.652130965254315, 29.54485288041343, 0.0, 0.0, 1.0 
34.37470594823204, 2.0355152527364013, 0.0, 0.0, 1.0 
25.12455552293591, 15.62072024123991, 0.0, 4.64894862996171, 2.7000000000000015 
12.32785299810215, 36.07680253307745, 0.0, 0.0, 1.0 
47.009873448272366, 25.866804587409018, 0.0, 0.0, 1.0 
21.9940698894572, 14.57691882290936, 0.0, 5.1626738783339094, 2.6000000000000014 
48.48210078085356, 54.98843897371931, 0.0, 0.0, 1.0 
4.57117236900284, 25.538391003049338, 0.0, 1.1248943227225732, 2.6000000000000014 
44.753995762025, 16.289842218702525, 0.0, 0.0, 1.0 
27.642820445076026, 40.14953812962249, 0.0, 0.0, 1.0 
43.24894583090934, 35.21239181613326, 0.0, 0.0, 1.0 
31.250321166477562, 38.42695763299599, 0.0, 0.0, 1.0 
20.739386076779766, 34.97520221618347, 0.0, 0.0, 1.0 
17.817846530210836, 10.827223559348134, 0.0, 0.0, 1.0 
11.111797476666029, 25.145563439357716, 0.0, 0.0, 1.0 
48.20042099373414, 6.872722255921086, 0.0, 2.7564758886452556, 2.7000000000000015 
31.06204784511008, 59.5822921274649, 0.0, 0.0, 1.0 
40.21394886677582, 49.67734022657131, 0.0, 1.9329669290759781, 2.6000000000000014 
8.859195274804872, 42.00765241346171, 0.0, 1.9312084082708176, 2.6000000000000014 
20.830729622436635, 1.4423487646929862, 0.0, 1.1379300543030177, 2.7000000000000015 
42.13354683337585, 23.920202273053437, 0.0, 0.0, 1.0 
35.11465648263309, 43.7224536494249, 0.0, 0.0, 1.0 
16.33054282271289, 42.06689360454358, 0.0, 0.0, 1.0 
32.80731701913293, 45.25757993619042, 0.0, 0.0, 1.0 
1.2975648249432066, 6.571259804997983, 0.0, 0.0, 1.0 
42.03886477653175, 4.147331731695312, 0.0, 0.0, 1.0 
40.02647048142333, 38.265046770676946, 0.0, 0.0, 1.0 
54.090957433141824, 4.283737304338096, 0.0, 0.5146039132768268, 1.9000000000000008 
2.389911047820626, 27.85853399179791, 0.0, 0.0, 1.0 
57.393552416312254, 59.16716840232364, 0.0, 5.6135383063028454, 2.7000000000000015 
34.812226166766756, 45.67374361734489, 0.0, 0.0, 1.0 
13.551098410118556, 1.0409744705746338, 0.0, 2.099518667425979, 2.7000000000000015 
2.18702734169354, 43.66807581053122, 0.0, 0.0, 1.0 
16.08983464035869, 21.651748270872908, 0.0, 0.0, 1.0 
19.70684821746811, 25.714272551315368, 0.0, 5.584268273222372, 1.6000000000000005 
14.513166374402575, 43.0116472337681, 0.0, 0.0, 1.0 
22.692917168628995, 45.64260364145484, 0.0, 2.537186831198224, 2.7000000000000015 
21.63479408351975, 53.934563662400556, 0.0, 0.0, 1.0 
11.009134472637912, 42.54399645497659, 0.0, 0.0, 1.0 
3.6817175386591683, 40.403362967636106, 0.0, 0.0, 1.0 
22.42531778407136, 35.279872801389544, 0.0, 0.0, 1.0 
39.23598133133739, 21.1086342438062, 0.0, 0.0, 1.0 
17.98015746018774, 31.466068558909544, 0.0, 0.0, 1.0 
44.32759075206932, 51.61959437172934, 0.0, 0.0, 1.0 
49.47147024554157, 9.508739206997763, 0.0, 0.0, 1.0 
10.8359581867307, 28.493390419559823, 0.0, 0.0, 1.0 
55.289048691625915, 14.28797131314415, 0.0, 4.091974337442836, 2.7000000000000015 
54.26224262485203, 2.4381609318784183, 0.0, 0.0, 1.0 
7.431870754208289, 30.70633466791137, 0.0, 2.1905107769684835, 2.7000000000000015 
54.73235185997054, 46.56697764430551, 0.0, 3.0285159339989507, 2.7000000000000015 
38.84657706565374, 23.154791309810708, 0.0, 0.0, 1.0 
8.034714008631642, 51.48549317853385, 0.0, 0.0, 1.0 
31.844532216641866, 7.0027229019446775, 0.0, 0.0, 1.0 
14.657333299003886, 1.8365963260670675, 0.0, 0.0, 1.0 
17.51333923107877, 25.459433839030343, 0.0, 5.954259907497908, 1.1 
47.6988716683705, 9.997660344905267, 0.0, 0.0, 1.0 
56.05265723540183, 37.9576977236715, 0.0, 0.0, 1.0 
8.216106724307746, 4.543771384290458, 0.0, 7.659314549116879, 2.7000000000000015 
13.79168991393668, 3.7807676345545027, 0.0, 4.578592091924133, 2.6000000000000014 
35.918635286594636, 24.40561266791814, 0.0, 0.40375364596577856, 2.7000000000000015 
43.09671722302638, 8.852951251648681, 0.0, 0.0, 1.0 
56.79435228333159, 7.703029449769814, 0.0, 0.0, 1.0 
10.102789733298348, 60.78038078543218, 0.0, 0.0, 1.0 
6.285837100606401, 46.45844580853258, 0.0, 2.220024723632455, 2.7000000000000015 
33.14076014711717, 41.25755231618211, 0.0, 0.0, 1.0 
2.959078599407024, 52.311547658165786, 0.0, 0.0, 1.0 
35.883826073561266, 55.07828841611346, 0.0, 0.0, 1.0 
18.98613327702495, 20.25656201548624, 0.0, 0.6099405916521193, 1.2000000000000002 
36.958810343094164, 56.71198184701183, 0.0, 0.0, 1.0 
41.34925868580668, 27.991528766070893, 0.0, 0.0, 1.0 
14.868695352748034, 23.27905130092762, 0.0, 0.0, 1.0 
25.64149588006383, 48.813834866063445, 0.0, 0.0, 1.0 
19.59786119206799, 27.797340827715697, 0.0, 5.115322042546676, 1.1 
5.582829539904295, 5.328539631453396, 0.0, 0.0, 1.0 
26.15391102610663, 14.023512742285522, 0.0, 4.427628093654285, 1.9000000000000008 
5.720105775430894, 60.65721210069127, 0.0, 4.534608165365217, 2.7000000000000015 
32.185758944777874, 19.7805066613467, 0.0, 0.0, 1.0 
13.817193775740105, 9.883621931773845, 0.0, 1.0370968352455014, 2.7000000000000015 
30.971621576983363, 25.59663175604953, 0.0, 0.0, 1.0 
48.4835316167443, 40.69055801229896, 0.0, 0.0, 1.0 
52.93350703838412, 6.591745748828738, 0.0, 0.0, 1.0 
4.456132305941458, 56.457466991728545, 0.0, 0.0, 1.0 
7.508190193726032, 41.43940147809418, 0.0, 1.6070555075846353, 2.7000000000000015 
31.287638357627852, 40.29789630681962, 0.0, 0.0, 1.0 
29.2670581132536, 15.070470971101514, 0.0, 4.054287537486133, 1.2000000000000002 
36.68893437736903, 52.984801845978446, 0.0, 3.519114348088738, 2.7000000000000015 
60.25065744350518, 27.050035541768224, 0.0, 0.0, 1.0 
36.82482693845001, 11.848519939379603, 0.0, 0.578459959872617, 1.9000000000000008 
14.15757722890156, 32.937400851352635, 0.0, 0.0, 1.0 
38.732589595858805, 41.67266270985646, 0.0, 0.0, 1.0 
52.27783200207101, 27.081269227839247, 0.0, 3.1638411470825263, 2.5000000000000013 
11.97058433229254, 21.63608365488084, 0.0, 0.0, 1.0 
32.908753869993866, 47.27393841783184, 0.0, 0.0, 1.0 
37.42249978620187, 31.51772337366978, 0.0, 0.0, 1.0 
39.65054416431261, 1.6140753839891053, 0.0, 0.0, 1.0 
57.801897588431395, 56.55619879099616, 0.0, 0.0, 1.0 
49.97079259144021, 41.63434764741863, 0.0, 0.0, 1.0 
27.87593678048027, 16.118493454892846, 0.0, 1.4098806123000867, 2.6000000000000014 
36.93298744206307, 42.74668329836103, 0.0, 0.0, 1.0 
18.655434625798456, 56.41163785574606, 0.0, 0.0, 1.0 
37.87553323284055, 54.86583795589612, 0.0, 0.0, 1.0 
53.29587322937477, 60.23204839189049, 0.0, 0.0, 1.0 
30.176516014943893, 20.403506429393268, 0.0, 0.6612982228570718, 2.7000000000000015 
0.7129622199194746, 11.806409086508408, 0.0, 0.0, 1.0 
37.55716684277229, 29.476877968372317, 0.0, 0.0, 1.0 
29.50288687809779, 49.17655746271525, 0.0, 0.0, 1.0 
16.051142781794283, 53.21473316719665, 0.0, 0.0, 1.0 
9.139164041477768, 13.805070479885705, 0.0, 2.356139559864877, 2.7000000000000015 
57.687846043886246, 4.55101472491663, 0.0, 0.0, 1.0 
54.71127011379015, 20.540390513343674, 0.0, 6.194449650419247, 2.4000000000000012 
58.37770312477399, 47.565678361513676, 0.0, 0.0, 1.0 
32.978560611875004, 3.5572664424841367, 0.0, 0.0, 1.0 
30.4391578341038, 32.82831690578883, 0.0, 0.0, 1.0 
24.41575197970323, 47.25882405398236, 0.0, 0.0, 1.0 
56.35212923187499, 57.82393391317127, 0.0, 0.0, 1.0 
57.220447031045744, 61.31844982738691, 0.0, 3.680647141942528, 1.6000000000000005 
11.27261859273256, 11.626109179768067, 0.0, 1.712070008392279, 2.7000000000000015 
21.350573133486087, 11.884961183790262, 0.0, 3.882251659570899, 2.7000000000000015 
56.77121878449293, 11.331572261019792, 0.0, 4.05556820798396, 1.9000000000000008 
27.000439541960993, 10.32874717747123, 0.0, 3.8259213862875314, 2.7000000000000015 
47.28630333858302, 13.665481526597327, 0.0, 0.0, 1.0 
15.255344571777709, 59.759066097545215, 0.0, 2.102298424669555, 2.7000000000000015 
16.211333949104688, 14.672143578362762, 0.0, 1.0448802309173109, 2.7000000000000015 
7.7958148335222175, 27.840258012498722, 0.0, 1.7182134366176087, 2.7000000000000015 
12.623901052289376, 16.757989217094018, 0.0, 6.119278541106713, 2.6000000000000014 
9.67545838327372, 8.550189559972608, 0.0, 1.5389622095904374, 2.7000000000000015 
23.718946105706447, 54.519388442133526, 0.0, 0.0, 1.0 
2.469991525684436, 50.12783393281143, 0.0, 0.0, 1.0 
6.263306350113232, 14.669588908901153, 0.0, 2.9759718305315337, 2.7000000000000015 
31.328986901285262, 50.99501395905144, 0.0, 2.9698718181891195, 2.7000000000000015 
57.84722001131232, 51.25322970343871, 0.0, 0.0, 1.0 
34.15255738380436, 19.201284672936378, 0.0, 0.0, 1.0 
56.98603976017551, 27.240567921339753, 0.0, 5.676997640487242, 2.7000000000000015 
28.174302558037954, 45.31985681801991, 0.0, 2.660603655986957, 1.4000000000000004 
17.803231891739106, 18.670612956941323, 0.0, 6.001132013073197, 2.000000000000001 
40.6452798772224, 22.56268182167978, 0.0, 0.0, 1.0 
39.89179108670522, 14.872516808439574, 0.0, 0.0, 1.0 
0.4835302309456302, 9.62935665195964, 0.0, 1.8615969332915314, 2.6000000000000014 
10.953026970283611, 45.60218780650603, 0.0, 0.0, 1.0 
2.799310700873594, 3.0121350494262815, 0.0, 0.8246767297324469, 2.6000000000000014 
57.3260630265289, 49.26074596190976, 0.0, 0.0, 1.0 
0.12497760878792682, 52.44431122537442, 0.0, 0.0, 1.0 
10.930278299707881, 55.723428595141485, 0.0, 0.08199746476441709, 2.7000000000000015 
19.811459933067283, 9.716967438261756, 0.0, 3.6623664238940403, 2.7000000000000015 
37.71780171470957, 49.72190893101384, 0.0, 0.0, 1.0 
21.08091190270273, 29.157619074073715, 0.0, 0.0, 1.0 
61.43715865549842, 28.73789742230383, 0.0, 0.0, 1.0 
25.916805234971427, 27.345863127878633, 0.0, 0.0, 1.0 
54.60236980064583, 40.753845964298684, 0.0, 0.0, 1.0 
19.63980424981099, 30.43871667745542, 0.0, 0.0, 1.0 
40.74946695325098, 53.159148548129316, 0.0, 0.0, 1.0 
38.977920162942276, 48.32493372908789, 0.0, 0.0, 1.0 
35.099136162183164, 29.078578542292078, 0.0, 0.0, 1.0 
16.353804760295905, 30.223388906638444, 0.0, 0.0, 1.0 
35.68292984181987, 9.453343437338535, 0.0, 0.0, 1.0 
12.744192289498516, 29.382698063046618, 0.0, 4.10887654620515, 1.2000000000000002 
41.529128784250645, 7.551655391975547, 0.0, 0.0, 1.0 
47.73672013376929, 31.376669411689726, 0.0, 0.0, 1.0 
29.04811921405261, 24.881430565071422, 0.0, 0.0, 1.0 
5.306489800874099, 1.7957710402502456, 0.0, 1.4048067599657383, 2.7000000000000015 
1.7255292434990832, 59.17270264296813, 0.0, 0.5046219775427385, 2.300000000000001 
13.2385355797189, 51.187809319398376, 0.0, 2.6102895123415712, 1.8000000000000007 
46.03860510922351, 45.98367834876597, 0.0, 2.000675750361266, 1.1 
22.506674613200413, 27.779548595429954, 0.0, 0.0, 1.0 
38.51577195136802, 57.131939445317165, 0.0, 0.0, 1.0 
16.86362931243596, 17.141350091647418, 0.0, 0.0, 1.0 
59.43520992992302, 15.126819119606262, 0.0, 0.0, 1.0 
3.3078207404115356, 36.280012927913376, 0.0, 0.0, 1.0 
23.440697171293472, 49.016019937682884, 0.0, 0.0, 1.0 
30.186632317848282, 54.57451071936781, 0.0, 3.2668231852546885, 2.7000000000000015 
1.0749049276390756, 46.41592954273403, 0.0, 3.547855973888576, 2.7000000000000015 
43.21980653440381, 55.03050926821778, 0.0, 0.0, 1.0 
9.405054462469622, 33.960380335058545, 0.0, 0.0, 1.0 
46.76028355197242, 36.90912742537483, 0.0, 0.0, 1.0 
19.232751972984442, 8.013797602145296, 0.0, 3.7642543941928053, 2.6000000000000014 
28.850474087496963, 9.38267859843425, 0.0, 3.6646175848116944, 2.6000000000000014 
10.722294543322121, 35.05509334086111, 0.0, 0.0, 1.0 
42.70727004845254, 5.790381915002419, 0.0, 0.0, 1.0 
45.110989794197096, 9.227552944836692, 0.0, 0.0, 1.0 
0.40013424589259106, 33.50518969581519, 0.0, 0.0, 1.0 
15.573683001733972, 56.770668438363735, 0.0, 2.6741940658639396, 2.6000000000000014 
16.479312514079712, 2.620197762672454, 0.0, 0.0, 1.0 
34.21492047686593, 13.76537360265349, 0.0, 0.0, 1.0 
6.90501801411992, 12.872436099536682, 0.0, 2.385921651228716, 2.7000000000000015 
26.047765836084487, 6.8477962109139705, 0.0, 7.114642400662518, 2.7000000000000015 
36.46081835428105, 26.012855172985017, 0.0, 0.0, 1.0 
61.45793712616198, 35.501876520965034, 0.0, 0.0, 1.0 
53.782269296249936, 55.088461659709985, 0.0, 0.0, 1.0 
48.45792190262656, 29.456820885945135, 0.0, 0.0, 1.0 
55.949466841375326, 23.08937634789355, 0.0, 3.3559457406408324, 2.7000000000000015 
34.45258148893169, 15.570891147265012, 0.0, 0.0, 1.0 
46.12893942201891, 6.905480259093691, 0.0, 2.660560128417975, 2.7000000000000015 
2.147410812046888, 18.54374615031243, 0.0, 0.9258099796023874, 2.6000000000000014 
41.66800241251543, 42.29945537099781, 0.0, 0.0, 1.0 
23.32974878926581, 31.91404912839314, 0.0, 0.0, 1.0 
54.31660574500316, 57.03170787380687, 0.0, 0.0, 1.0 
28.91213399303559, 34.280626790987476, 0.0, 0.0, 1.0 
34.78830658563052, 38.079119355962355, 0.0, 0.0, 1.0 
55.74710143779068, 55.88822304491865, 0.0, 0.0, 1.0 
57.03479878883584, 18.053092635147646, 0.0, 0.3896884089353661, 2.7000000000000015 
57.559150129759246, 30.97609092976318, 0.0, 0.0, 1.0 
19.815356718352508, 32.45698160776835, 0.0, 0.0, 1.0 
8.730540722042159, 35.840171894126804, 0.0, 3.7031359636814978, 1.2000000000000002 
20.72082732855604, 3.3922202472300413, 0.0, 0.7916971754814194, 2.7000000000000015 
32.46604107268105, 17.778985742621423, 0.0, 0.0, 1.0 
36.84995942109676, 40.788944683878206, 0.0, 0.0, 1.0 
60.8000948000364, 18.813394514636915, 0.0, 4.593810434339928, 2.7000000000000015 
1.97552487717744, 45.187766271090496, 0.0, 3.098954140973927, 2.6000000000000014 
33.67235484563774, 7.321399805644514, 0.0, 0.0, 1.0 
12.348241763213744, 44.07940930169145, 0.0, 0.0, 1.0 
33.789916697036894, 52.354194589715036, 0.0, 2.8037871490096817, 2.7000000000000015 
18.021136960983313, 52.96922602956551, 0.0, 2.5680545713288345, 2.7000000000000015 
7.678010868179965, 8.747126768571643, 0.0, 0.0, 1.0 
20.021195034463144, 38.37645154180405, 0.0, 0.0, 1.0 
54.331688570056244, 38.801661061049245, 0.0, 0.0, 1.0 
12.313050622424843, 6.941933186087163, 0.0, 1.2163221114271356, 2.7000000000000015 
46.793991691049875, 43.591453989466416, 0.0, 4.417380245702168, 2.7000000000000015 
36.10555606101222, 18.521302609954038, 0.0, 0.0, 1.0 
25.33575160233959, 19.242555684049375, 0.0, 4.729473489244556, 2.7000000000000015 
11.456395672966094, 3.967270514386681, 0.0, 0.0, 1.0 
22.961120870064196, 29.89153193270333, 0.0, 0.0, 1.0 
8.86345601572916, 23.452017946831305, 0.0, 0.0, 1.0 
41.743114733157825, 25.964819435204884, 0.0, 0.0, 1.0 
61.29643971351919, 37.43820231459551, 0.0, 0.0, 1.0 
39.99662586044194, 17.00456843059468, 0.0, 4.4036090678534885, 1.1 
23.825472991104856, 53.054911167514064, 0.0, 3.4293660023456525, 2.7000000000000015 
29.079074835625967, 59.210694577710704, 0.0, 0.0, 1.0 
36.47704931377147, 27.938134794318426, 0.0, 0.0, 1.0 
16.735047270068755, 47.31713566274624, 0.0, 2.9590125278296187, 1.7000000000000006 
5.648138221901594, 49.21439668579378, 0.0, 0.0, 1.0 
16.61108003656102, 60.73420225869534, 0.0, 0.0, 1.0 
1.4467787677365525, 13.534218986736843, 0.0, 2.058424944452462, 2.7000000000000015 
36.61592458993376, 46.61268670864357, 0.0, 0.0, 1.0 
0.3879819942502008, 17.094504701824953, 0.0, 4.773320025809669, 1.9000000000000008 
1.8900752533652752, 39.49350926612305, 0.0, 0.0, 1.0 
49.53920297962804, 5.000302305545151, 0.0, 0.0, 1.0 
26.889355800594686, 50.258363545523366, 0.0, 3.083957997329916, 2.7000000000000015 
5.5972925439013155, 45.515191931711826, 0.0, 1.9787780595093107, 2.7000000000000015 
35.17510281347876, 49.70564721787772, 0.0, 0.0, 1.0 
1.7391162264505557, 37.436837942149225, 0.0, 0.0, 1.0 
61.01858641262599, 22.109217147094334, 0.0, 0.6118100321462716, 2.7000000000000015 
36.32805238707529, 51.199956379008235, 0.0, 0.0, 1.0 
47.880550408696124, 19.354530154161573, 0.0, 3.5913674297670855, 2.7000000000000015 
49.527119604385064, 31.37768534886988, 0.0, 0.0, 1.0 
25.662544983048065, 54.991701364067566, 0.0, 0.0, 1.0 
13.36263233224535, 25.35175147460665, 0.0, 0.0, 1.0 
37.68118820732118, 33.55408004079919, 0.0, 0.0, 1.0 
27.0824966531134, 33.47208516321177, 0.0, 0.0, 1.0 
8.2351405290777, 6.877747318244301, 0.0, 0.0, 1.0 
35.84754422151834, 32.79755271713696, 0.0, 0.0, 1.0 
1.1683617182912815, 25.240343739275765, 0.0, 0.0, 1.0 
12.897729529947409, 18.289699948248764, 0.0, 0.0, 1.0 
49.78384341387622, 39.597058699970155, 0.0, 0.0, 1.0 
47.09618843366235, 48.58678562153915, 0.0, 0.0, 1.0 
23.586188427952802, 16.951822524780273, 0.0, 5.086201468642872, 2.7000000000000015 
9.877752647714036, 2.897234501477247, 0.0, 0.021416858345374705, 2.7000000000000015 
18.484838672457336, 1.2331967154512296, 0.0, 5.702084505510555, 1.7000000000000006 
16.24724667097453, 44.080226186010805, 0.0, 0.0, 1.0 
47.48039965004198, 58.315822672134324, 0.0, 0.0, 1.0 
6.960587126373018, 18.060658025614906, 0.0, 6.076775561818938, 1.5000000000000004 
17.749878533431907, 59.24081061166722, 0.0, 3.1449270149888457, 2.4000000000000012 
32.070719963899684, 53.71010194260232, 0.0, 3.270307574571647, 2.300000000000001 
51.855298038578134, 54.40108161203683, 0.0, 0.0, 1.0 
35.07591904898961, 41.870610553353465, 0.0, 0.0, 1.0 
42.11366527713929, 44.440322601888965, 0.0, 0.0, 1.0 
22.452805421633485, 55.64935908166522, 0.0, 0.0, 1.0 
51.608551317642906, 16.965490150863683, 0.0, 1.2905384093162373, 2.4000000000000012 
24.270966569212142, 1.1015145076443982, 0.0, 6.267587158798796, 2.7000000000000015 
45.157410207341, 26.61353755695628, 0.0, 0.0, 1.0 
28.192856076245874, 30.160032630871747, 0.0, 0.0, 1.0 
33.22831523184088, 28.3341602092357, 0.0, 0.0, 1.0 
18.289196602022447, 49.58289735195809, 0.0, 2.708717110839462, 2.7000000000000015 
47.28905449185737, 33.2754120940641, 0.0, 0.0, 1.0 
9.355340599341726, 48.832587240448724, 0.0, 0.0, 1.0 
6.151060146539241, 19.911090830877157, 0.0, 0.0, 1.0 
59.842156023662376, 34.306559835055936, 0.0, 0.0, 1.0 
42.16377695508839, 10.351389478780352, 0.0, 0.0, 1.0 
11.86145553312781, 57.35925717280014, 0.0, 0.0, 1.0 
37.7219346363732, 19.778450309138197, 0.0, 0.0, 1.0 
50.21501159872807, 45.968117437493326, 0.0, 3.0038148556192397, 2.7000000000000015 
37.18769841857727, 60.64114575687838, 0.0, 0.0, 1.0 
29.087038156992637, 52.162126172276096, 0.0, 2.97295572882806, 2.7000000000000015 
28.45071834060113, 18.399406423939368, 0.0, 2.7361638235770727, 1.1 
41.507414115170974, 15.52883596673178, 0.0, 0.0, 1.0 
31.64299481428364, 5.066822620722391, 0.0, 0.0, 1.0 
19.14697663145781, 46.37688743923622, 0.0, 2.1535926647338326, 2.000000000000001 
43.56902456789868, 2.7365605026337745, 0.0, 0.0, 1.0 
57.03390866271039, 5.9876494341079365, 0.0, 0.6822659958684161, 2.6000000000000014 
41.26956993216601, 32.42285985604036, 0.0, 0.0, 1.0 
40.36077042035459, 46.95400554944157, 0.0, 0.0, 1.0 
20.549491228651483, 55.705585231171796, 0.0, 0.0, 1.0 
46.92062765742709, 35.018829924386274, 0.0, 0.0, 1.0 
14.982358618232565, 28.969411808680274, 0.0, 0.0, 1.0 
28.276073827005394, 5.6537945325325145, 0.0, 0.0, 1.0 
43.571564418982156, 57.05318608970158, 0.0, 0.0, 1.0 
41.093806434466195, 30.137390216847567, 0.0, 0.0, 1.0 
7.311593192809652, 10.752900206603895, 0.0, 0.0, 1.0 
20.863288016425095, 59.035196851787006, 0.0, 3.122725926714854, 2.200000000000001 
46.6342670160812, 15.60999968146194, 0.0, 0.0, 1.0 
9.30080585062614, 46.71590448751049, 0.0, 0.0, 1.0 
35.459050176807146, 5.88851945973362, 0.0, 0.0, 1.0 
59.099507260855866, 5.983290210670796, 0.0, 0.0, 1.0 
39.078997251189364, 52.73605366458412, 0.0, 1.7434603753853815, 2.7000000000000015 
15.901957812846597, 45.88837716070591, 0.0, 0.0, 1.0 
36.341590879597796, 16.654118895746507, 0.0, 0.0, 1.0 
30.898612137161543, 47.62657807169291, 0.0, 0.0, 1.0 
52.51531490898162, 37.74420291072112, 0.0, 0.0, 1.0 
41.99203396582813, 47.249791810074335, 0.0, 2.050813444563433, 2.7000000000000015 
9.71025691902551, 16.32627332675443, 0.0, 0.7364062242990705, 2.7000000000000015 
54.598833036010504, 43.939322824939396, 0.0, 2.425890165269776, 2.7000000000000015 
31.70462356217105, 15.035713048740794, 0.0, 3.8459106662223594, 2.5000000000000013 
15.077191351143005, 9.323484681951726, 0.0, 1.4016704508179847, 2.7000000000000015 
4.380335978277812, 50.84741195014489, 0.0, 0.0, 1.0 
60.873520950443, 50.40913442113469, 0.0, 0.0, 1.0 
59.11991210863066, 17.864228537169407, 0.0, 0.0, 1.0 
29.42701183108813, 41.252527382345036, 0.0, 1.6161937476088093, 1.1 
11.463519356795445, 0.2820588736761216, 0.0, 0.0, 1.0 
13.101207612365076, 15.380483232007768, 0.0, 0.0, 1.0 
12.562637798506255, 46.255106313826026, 0.0, 0.0, 1.0 
7.860237050990404, 21.22726491533958, 0.0, 0.0, 1.0 
29.412556093426765, 26.85622712392632, 0.0, 0.0, 1.0 
35.602164911395896, 7.633261401716349, 0.0, 0.0, 1.0 
45.96607551692213, 22.579060974137416, 0.0, 0.0, 1.0 
4.144498527884856, 27.594144903881087, 0.0, 0.0, 1.0 
1.1665447919846383, 60.32255614098812, 0.0, 0.34025292173008675, 2.6000000000000014 
17.233086552158085, 57.78740074550422, 0.0, 3.314753073580556, 1.8000000000000007 
37.38524117621814, 21.688434858806275, 0.0, 0.0, 1.0 
29.180194694502518, 7.815188546166742, 0.0, 6.154387532508699, 2.7000000000000015 
38.38360827996712, 25.202629787248487, 0.0, 0.0, 1.0 
25.95763860217425, 8.448587810528176, 0.0, 3.6445752761322883, 2.7000000000000015 
10.14134095506217, 11.094852347626835, 0.0, 1.8232946262631755, 2.200000000000001 
8.696885369366392, 39.472075415086735, 0.0, 1.7425850916669174, 2.7000000000000015 
30.513288728570974, 18.631657211558537, 0.0, 0.0, 1.0 
12.280483645294153, 38.13735974374036, 0.0, 0.0, 1.0 
40.290202994773956, 45.00540534465913, 0.0, 0.0, 1.0 
45.2724993796485, 47.96145594799449, 0.0, 0.0, 1.0 
49.33997281308801, 51.755699402237596, 0.0, 0.0, 1.0 
29.395928174283114, 39.11576353253758, 0.0, 0.0, 1.0 
4.140142403731333, 59.38467286325567, 0.0, 4.790684715686006, 1.1 
14.316270442094321, 11.996810843319787, 0.0, 0.9040674621981307, 2.7000000000000015 
36.8830095975871, 44.78277873986861, 0.0, 0.0, 1.0 
51.30743196060139, 43.01564167156586, 0.0, 0.0, 1.0 
10.441240595593927, 38.95713605384491, 0.0, 0.0, 1.0 
56.52764515159604, 45.69688063130185, 0.0, 3.3811370439893245, 2.7000000000000015 
40.590392317349995, 13.001278366656594, 0.0, 3.3901647113847653, 1.1 
47.06536584660093, 41.524870188197006, 0.0, 4.168717127240596, 2.7000000000000015 
28.056135260254084, 20.176110947564403, 0.0, 6.855358454623444, 2.7000000000000015 
5.689060176131427, 54.83975783919076, 0.0, 1.1270067427503767, 1.1 
17.711207719807586, 45.54367857612464, 0.0, 0.0, 1.0 
14.137583271402207, 39.05834546913898, 0.0, 0.0, 1.0 
34.72551477356456, 27.096012969634597, 0.0, 0.0, 1.0 
38.25374638826074, 3.064472525113144, 0.0, 0.0, 1.0 
47.432480045988854, 23.875383505752573, 0.0, 0.0, 1.0 
41.51471385904987, 34.42188779808677, 0.0, 0.0, 1.0 
54.866633511974854, 59.02370244092297, 0.0, 0.0, 1.0 
23.350338946018514, 2.7206285176219334, 0.0, 6.7465522933692075, 2.7000000000000015 
55.99764061797196, 31.887534636085114, 0.0, 0.0, 1.0 
60.940663266710835, 43.37609946729697, 0.0, 3.063542824974772, 2.7000000000000015 
41.52204579606745, 36.499829700090416, 0.0, 0.0, 1.0 
15.775093440732192, 34.167447853374135, 0.0, 0.0, 1.0 
23.710691734492563, 33.96111935464798, 0.0, 0.0, 1.0 
59.42606706818898, 3.6107516421628265, 0.0, 0.0, 1.0 
3.9996091755045264, 21.101260046132033, 0.0, 5.967113253563136, 2.6000000000000014 
54.35480418221888, 36.85679634657797, 0.0, 0.0, 1.0 
17.572327236678618, 33.456959243776694, 0.0, 0.0, 1.0 
53.242335165396824, 21.86352185990603, 0.0, 3.8550993657924026, 1.9000000000000008 
61.184950609771924, 44.81781541793778, 0.0, 2.6992882192664975, 2.6000000000000014 
60.65877439991953, 10.164903404591444, 0.0, 1.6501259733178326, 2.7000000000000015 
15.78022209492215, 12.282847578726013, 0.0, 1.0898086738720825, 2.7000000000000015 
52.32378859349556, 2.0422295699435438, 0.0, 0.0, 1.0 
25.979891855106867, 22.38690849026512, 0.0, 0.0, 1.0 
5.820118015159773, 57.91732849477476, 0.0, 5.120657379094077, 1.2000000000000002 
10.942612444174136, 47.55783911241345, 0.0, 0.0, 1.0 
9.648640328884914, 50.87689835072577, 0.0, 0.0, 1.0 
17.449786295339145, 54.87311840485865, 0.0, 2.4654494736886656, 1.3000000000000003 
23.947778046559318, 39.49978123447161, 0.0, 0.0, 1.0 
37.3701478921247, 10.372809297372147, 0.0, 0.0, 1.0 
51.07277563335829, 6.972603006494132, 0.0, 3.93318584327945, 2.7000000000000015 
21.456558772399802, 44.943759520801294, 0.0, 2.4794156921711616, 2.200000000000001 
42.95012782093741, 29.29954910059101, 0.0, 0.0, 1.0 
13.983195803020875, 21.65471472844198, 0.0, 0.0, 1.0 
5.1100368539222965, 43.025045903096974, 0.0, 7.697107347135681, 2.7000000000000015 
34.14649043391288, 10.755343627782972, 0.0, -0.08259184343032709, 2.7000000000000015 
36.1417313630751, 34.82319767079632, 0.0, 0.0, 1.0 
12.727124693627726, 12.240818376950273, 0.0, 0.0, 1.0 
36.23085985805299, 13.259352724475507, 0.0, 0.0, 1.0 
55.187401316854924, 53.90217054845744, 0.0, 0.0, 1.0 
43.94704665702171, 46.48612136502794, 0.0, 0.0, 1.0 
19.3197322401879, 36.4342790633471, 0.0, 0.0, 1.0 
19.16432812676752, 6.095347834534115, 0.0, 0.0, 1.0 
0.6288269657516291, 0.3628868248321072, 0.0, 5.955341912916517, 2.4000000000000012 
25.216171472916574, 32.701464111429736, 0.0, 0.0, 1.0 
50.982004243936224, 10.296149665512043, 0.0, -1.4498710763870168, 2.7000000000000015 
55.80037169545387, 29.847482675212646, 0.0, 0.0, 1.0 
33.715317848693886, 0.18744904980735136, 0.0, 0.0, 1.0 
31.266029980764696, 27.551622510374592, 0.0, 0.0, 1.0 
17.57773192380179, 8.175563708524324, 0.0, 4.362800363234693, 2.7000000000000015 
49.02739548285469, 49.33805656307586, 0.0, 0.0, 1.0 
31.251601898726562, 42.13906363240083, 0.0, 0.0, 1.0 
43.01761249634176, 19.911099313620664, 0.0, 0.0, 1.0 
60.25603164453255, 60.77474064417142, 0.0, 4.386964707529304, 1.3000000000000003 
47.184487070902364, 39.763695442896726, 0.0, 0.0, 1.0 
0.022602360624316434, 47.31144866026115, 0.0, 0.0, 1.0 
54.07402665693828, 50.303986965306564, 0.0, 0.0, 1.0 
39.31867093598542, 32.34824712462759, 0.0, 0.0, 1.0 
43.19015740683333, 42.823528170105924, 0.0, 1.4761216297733994, 1.9000000000000008 
36.86660227097694, 4.484617725218345, 0.0, 0.0, 1.0 
40.561622522014105, 11.014635417707986, 0.0, 0.0, 1.0 
54.70141251613877, 7.708039333665878, 0.0, 0.0, 1.0 
32.7067840874887, 35.38485930132268, 0.0, 0.0, 1.0 
28.917325728098604, 53.295558983681175, 0.0, 3.2304201489699764, 2.6000000000000014 
38.5488961120737, 46.034609532570606, 0.0, 1.6765599204957595, 1.1 
7.5392556787250244, 46.593789621030076, 0.0, 2.4437354197726315, 2.7000000000000015 
1.0605090422110721, 2.9704903815289536, 0.0, 4.660077514864247, 2.7000000000000015 
18.229205401515888, 41.374382920152904, 0.0, 0.0, 1.0 
21.377701319611504, 26.1366733830827, 0.0, 5.206245187950411, 1.7000000000000006 
44.709805439073584, 53.661617125229895, 0.0, 0.0, 1.0 
50.64768903557477, 22.78941067653383, 0.0, 4.311626086429255, 2.7000000000000015 
7.749236047919572, 16.30247424834746, 0.0, 0.0, 1.0 
14.38787429938311, 30.875486831555033, 0.0, 0.0, 1.0 
41.548261883197256, 18.464452408330366, 0.0, 0.0, 1.0 
2.916847882814171, 33.32815233055905, 0.0, 0.0, 1.0 
3.900698591803194, 11.154738797715098, 0.0, 0.0, 1.0 
38.54334244469802, 39.59674702716418, 0.0, 0.0, 1.0 
18.076604472475744, 21.90465479490923, 0.0, 0.0, 1.0 
16.202795713324573, 7.187425574493403, 0.0, 4.575735045318054, 2.7000000000000015 
17.641938816596795, 27.39457101356856, 0.0, 0.0, 1.0 
45.12764114016428, 33.80502256935545, 0.0, 0.0, 1.0 
31.78810961894381, 9.996306674189233, 0.0, 0.0, 1.0 
50.90351341381394, 57.618599666431884, 0.0, 0.0, 1.0 
13.133294760356375, 58.44189092932893, 0.0, 2.1747922668887747, 2.100000000000001 
25.65186099097739, 40.91406662521747, 0.0, 0.20352393544970554, 1.3000000000000003 
46.41404831112053, 29.918132218532858, 0.0, 0.0, 1.0 
53.617152888821074, 25.030724976515657, 0.0, 5.622734401443619, 2.000000000000001 
44.55574474004294, 39.784245734981454, 0.0, 4.551934725294601, 2.5000000000000013 
12.713859087223693, 48.26533229531872, 0.0, 0.0, 1.0 
10.933196356367109, 8.404573480397136, 0.0, 1.4292195563643377, 2.7000000000000015 
27.827334080198867, 28.105341516607453, 0.0, 0.0, 1.0 
49.93845197482128, 60.95648389390142, 0.0, 0.0, 1.0 
2.2459897539267137, 8.272156708378942, 0.0, 0.0, 1.0 
11.177902589970637, 51.7579342669609, 0.0, 0.0, 1.0 
4.488807555844971, 34.25129620809327, 0.0, 1.600498887414172, 2.7000000000000015 
2.410926664275785, 55.800084225583355, 0.0, 0.0, 1.0 
33.53574689451498, 5.498648472964089, 0.0, 0.0, 1.0 
35.56826343500492, 22.372057848584017, 0.0, 0.0, 1.0 
57.88461461878266, 37.31092141819976, 0.0, 0.0, 1.0 
25.71628504054917, 44.49960645011257, 0.0, 3.0387582896253265, 2.6000000000000014 
3.6292324866927683, 54.280877319313056, 0.0, 0.6967872864556395, 1.2000000000000002 
27.690011253378337, 48.70471109739625, 0.0, 0.0, 1.0 
31.060522233329177, 36.639082022981555, 0.0, 0.0, 1.0 
12.002817944070244, 54.52702795840358, 0.0, 0.0, 1.0 
9.201526519998895, 30.766739141047815, 0.0, 1.5228791337631375, 2.7000000000000015 
13.654337845959372, 27.58947145518779, 0.0, 0.0, 1.0 
34.46470590458189, 58.51966197100789, 0.0, 0.0, 1.0 
36.52872863117533, 58.70234795581347, 0.0, 0.0, 1.0 
49.72652098495754, 47.592098287892156, 0.0, 0.0, 1.0 
31.966949510939184, 31.55781301326179, 0.0, 0.0, 1.0 
1.6821907514911385, 29.8117548713619, 0.0, 0.0, 1.0 
3.7688390474782576, 48.95659212509864, 0.0, 0.0, 1.0 
45.522666426263314, 57.69097703628856, 0.0, 0.0, 1.0 
49.40761960983168, 58.95778766237237, 0.0, 0.0, 1.0 
39.76018002303555, 36.21397275862025, 0.0, 0.0, 1.0 
9.964821501494004, 14.403133770931111, 0.0, 2.4031109936941735, 2.7000000000000015 
23.49117679939633, 60.5016525264923, 0.0, 2.9579365378343194, 1.1 
26.90664330904548, 53.85460930530783, 0.0, 3.454031298381288, 2.7000000000000015 
51.737505633081895, 47.24014430419834, 0.0, 0.0, 1.0 
7.264812963438108, 59.46250450338494, 0.0, 5.106577313975126, 1.8000000000000007 
15.868674381963519, 38.11720108101504, 0.0, 0.0, 1.0 
34.84875541816002, 47.69812964209345, 0.0, 0.0, 1.0 
6.223362479248493, 6.49307659939469, 0.0, 2.5489845172523284, 2.6000000000000014 
54.591298199652364, 51.97711044907444, 0.0, 0.0, 1.0 
29.131713264349823, 36.53149357122114, 0.0, 0.0, 1.0 
43.92016819226863, 49.54700008163154, 0.0, 0.0, 1.0 
30.991325035515775, 3.1475893081037554, 0.0, 0.0, 1.0 
29.23806288829226, 43.369086040521566, 0.0, 2.4415698495759854, 1.2000000000000002 
27.464434649137928, 26.081643428215042, 0.0, 0.0, 1.0 
49.10531873330462, 25.483442099296127, 0.0, 2.689731983218127, 2.6000000000000014 
44.48933782008648, 61.00780805268267, 0.0, 0.0, 1.0 
15.237839187671836, 49.99900282604875, 0.0, 3.320288789579223, 2.4000000000000012 
59.03239622306634, 44.85989837239146, 0.0, 2.7578510797467293, 2.7000000000000015 
33.674979081173845, 9.156941818929404, 0.0, 0.0, 1.0 
5.567907867470604, 32.42071925873943, 0.0, 1.6876325873985873, 2.5000000000000013 
43.63286515485133, 25.278774261412103, 0.0, 0.0, 1.0 
11.28966126261873, 59.32657076305305, 0.0, 0.0, 1.0 
5.810685722225945, 23.870167397719687, 0.0, 0.47089635574053745, 2.7000000000000015 
60.19781386881494, 48.44692498932132, 0.0, 0.0, 1.0 
42.118649958697354, 58.40810144695065, 0.0, 0.0, 1.0 
33.08660265314462, 59.938144063773834, 0.0, 0.0, 1.0 
26.718571813234686, 31.450173210183305, 0.0, 0.0, 1.0 
47.02716220071578, 56.31900925174992, 0.0, 0.0, 1.0 
40.38981696505628, 40.55957678120008, 0.0, 1.2137550877074867, 1.3000000000000003 
61.45696791125565, 39.31005810257841, 0.0, 0.0, 1.0 
47.594259948094326, 50.79218178905878, 0.0, 0.0, 1.0 
51.26418871260849, 52.4502870249011, 0.0, 0.0, 1.0 
31.646548384246373, 56.06328852173484, 0.0, 0.0, 1.0 
37.15869443527667, 23.562927370995183, 0.0, 0.0, 1.0 
59.57988263388689, 36.36271082603971, 0.0, 0.0, 1.0 
59.34221642572268, 30.704285683660732, 0.0, 0.0, 1.0 
35.544721316659135, 30.876699527036628, 0.0, 0.0, 1.0 
34.43099100060054, 17.339814090746906, 0.0, 0.0, 1.0 
10.616785906702361, 40.81789909493934, 0.0, 0.0, 1.0 
45.805631354147096, 50.15639283595925, 0.0, 0.0, 1.0 
31.750527095154403, 52.259258871567674, 0.0, 2.6569981039687236, 2.6000000000000014 
52.52931385177373, 51.18726928712679, 0.0, 0.0, 1.0 
34.707709911284084, 12.099156391616575, 0.0, 0.0, 1.0 
46.18251491059707, 52.249180307370544, 0.0, 0.0, 1.0 
15.013493868263266, 16.780577606583716, 0.0, 5.8528795580722095, 2.300000000000001 
14.59476681578376, 40.978528701125455, 0.0, 0.0, 1.0 
9.434805329790818, 19.71771935680414, 0.0, 0.0, 1.0 
10.867617621344952, 18.258557212664456, 0.0, 0.0, 1.0 
46.13100519891255, 10.903124894950137, 0.0, 0.0, 1.0 
49.31254520969204, 33.24033391528557, 0.0, 0.0, 1.0 
25.38090694362643, 58.932583029201965, 0.0, 4.5307086757218435, 2.6000000000000014 
21.849734215185684, 0.08855918269875525, 0.0, 1.465157543926765, 1.8000000000000007 
44.71658263669913, 6.0570886614587245, 0.0, 0.0, 1.0 
38.905523950276525, 11.764697547931593, 0.0, 0.0, 1.0 
51.587334071898624, 39.35702361635219, 0.0, 0.0, 1.0 
11.510998433434583, 2.0020010661082477, 0.0, 0.5153276920486741, 2.000000000000001 
24.40901124536627, 21.776352181664116, 0.0, 4.762268461111634, 2.7000000000000015 
34.579607514812, 36.09853438404805, 0.0, 0.0, 1.0 
59.301264610332304, 11.377691480476935, 0.0, 1.8105479138220888, 2.7000000000000015 
34.90522313897238, 3.971737681235866, 0.0, 0.0, 1.0 
4.607792575549811, 3.610149346662457, 0.0, 1.3222311864520973, 2.7000000000000015 
15.647029615659841, 36.091782103111846, 0.0, 0.0, 1.0 
23.963239639218838, 41.994610042075976, 0.0, 4.686067072970367, 2.5000000000000013 
14.122955128341799, 13.681318265919638, 0.0, 0.0, 1.0 
30.482963947291744, 45.714110153134946, 0.0, 0.0, 1.0 
20.59833060518541, 17.377807158635076, 0.0, 5.447247030631398, 1.8000000000000007 
38.59677529866027, 59.16741682099021, 0.0, 0.0, 1.0 
60.43460728620024, 53.77282580931824, 0.0, 0.0, 1.0 
23.671430228450703, 50.39781536005186, 0.0, 2.886628596526558, 2.7000000000000015 
59.905141347697274, 40.592940298151326, 0.0, 0.0, 1.0 
46.482036446029944, 0.12983556866880236, 0.0, 0.0, 1.0 
54.459210797769344, 19.209210904673345, 0.0, -0.022405781307589603, 2.7000000000000015 
13.790066463890788, 7.1666008863328985, 0.0, 1.4261376990151202, 2.7000000000000015 
48.991069666638445, 11.476813538211294, 0.0, 5.706381750412678, 2.7000000000000015 
57.37627705904466, 42.00776469111543, 0.0, 2.5690454220077386, 2.7000000000000015 
44.07469480827, 59.04337240780417, 0.0, 0.0, 1.0 
9.060692695811953, 0.5553155455239275, 0.0, 0.9350521024804171, 2.7000000000000015 
45.0820343278387, 35.77442355371423, 0.0, 0.0, 1.0 
51.948668964013386, 5.008293131079191, 0.0, -0.4405627756588629, 1.3000000000000003 
58.892676295092805, 20.41496666968778, 0.0, 5.796514961018572, 2.7000000000000015 
33.068219318797624, 39.29682261080269, 0.0, 0.0, 1.0 
21.4067328463109, 31.197744588668236, 0.0, 0.0, 1.0 
37.98987103975372, 35.5205792530527, 0.0, 0.0, 1.0 
7.770172520940826, 19.37884915389136, 0.0, 0.0, 1.0 
48.00909462666168, 53.010419544260266, 0.0, 0.0, 1.0 
56.147982990364376, 44.01529654846662, 0.0, 2.5159109226774867, 2.7000000000000015 
45.523437362906115, 24.57231685099218, 0.0, 0.0, 1.0 
17.05312147911064, 5.640340974662221, 0.0, 4.011666414894843, 2.6000000000000014 
44.492335789478666, 30.573027776801922, 0.0, 0.0, 1.0 
44.07129012917668, 41.757445794878365, 0.0, 4.4234615598480715, 2.6000000000000014 
52.88496449262585, 58.272176480468424, 0.0, 0.0, 1.0 
35.74556109936944, 0.5844973807013458, 0.0, 0.0, 1.0 
47.79965438049287, 3.9806724389860983, 0.0, 0.0, 1.0 
7.323358652739939, 47.97004930488278, 0.0, 2.9862931602522815, 2.000000000000001 
33.91757629503016, 32.17554414727771, 0.0, 0.0, 1.0 
20.08642365527893, 22.100604657496163, 0.0, 5.272582883854745, 1.2000000000000002 
17.429180289509286, 12.911206417847088, 0.0, 0.0, 1.0 
21.108481988848336, 50.548408908355476, 0.0, 2.5945635851479527, 2.5000000000000013 
6.3877101960116525, 39.43272359682396, 0.0, 1.4342356791367636, 2.7000000000000015 
22.17880964128636, 41.81828597174426, 0.0, 2.1123189038987653, 2.4000000000000012 
50.56561180884551, 50.54810925517443, 0.0, 0.0, 1.0 
46.62518880493784, 8.337265523109645, 0.0, 3.2982743281935387, 2.300000000000001 
40.580549792292004, 59.749652187584694, 0.0, 0.0, 1.0 
24.05931635136808, 18.73686511531203, 0.0, 5.127648235755829, 2.7000000000000015 
7.7822653382012925, 38.40364493052588, 0.0, 1.8123154840638205, 2.7000000000000015 
25.94418417303657, 0.12065970315733957, 0.0, 6.542564269964158, 2.7000000000000015 
26.55296839508082, 17.54788141748631, 0.0, 0.0, 1.0 
2.292279058744883, 14.792240740892892, 0.0, 0.0, 1.0 
18.931966016607173, 23.918784357039325, 0.0, 0.0, 1.0 
16.63353212162835, 40.01311181373373, 0.0, 5.771075303405117, 1.1 
60.97540254433662, 15.825749203280655, 0.0, 5.3232536346619, 2.7000000000000015 
38.219095895072996, 15.764304884855704, 0.0, 0.0, 1.0 
27.022937735852683, 58.81673932370416, 0.0, 0.0, 1.0 
6.9594148047192075, 53.22128418455435, 0.0, 0.0, 1.0 
12.859602894169134, 23.391462666809026, 0.0, 0.0, 1.0 
9.674426715208277, 57.26747842618643, 0.0, -0.42717828894327575, 2.7000000000000015 
3.753848048269151, 19.92082754426033, 0.0, 5.983797678677122, 2.6000000000000014 
31.330503534091996, 11.609105382314619, 0.0, 3.7537262248201086, 2.300000000000001 
17.4778478511063, 35.53601963654221, 0.0, 0.0, 1.0 
55.01499664162908, 6.083397427164453, 0.0, 0.4282609322406781, 2.5000000000000013 
37.697670598858885, 1.0606209781978304, 0.0, 0.0, 1.0 
27.629783103130052, 60.675002253475, 0.0, 0.0, 1.0 
14.185985291557568, 45.0284803924823, 0.0, 0.0, 1.0 
12.89325913131453, 42.10448600728517, 0.0, 0.0, 1.0 
27.6140226035706, 42.24421151560312, 0.0, 0.0, 1.0 
37.494035613105105, 8.356372178766092, 0.0, 0.0, 1.0 
55.36827561362132, 48.74557848368672, 0.0, 0.0, 1.0 
1.6344063441531875, 53.88636513881016, 0.0, 1.4420226507958616, 1.1 
33.14993186259021, 43.25787155189702, 0.0, 0.0, 1.0 
14.810287472095375, 48.678721760158616, 0.0, 2.9784101041055764, 2.7000000000000015 
22.616772120123695, 51.69479109970104, 0.0, 3.3205945120112155, 2.7000000000000015 
24.229383210538018, 6.510221381171159, 0.0, 7.069520879356478, 2.7000000000000015 
10.80684357066569, 23.333714816382468, 0.0, 0.0, 1.0 
48.94857705826076, 57.007732102397334, 0.0, 0.0, 1.0 
51.60956944023771, 41.229496591750085, 0.0, 0.0, 1.0 
39.43684076906285, 28.67593862199818, 0.0, 0.0, 1.0 
24.012211618932078, 26.454358537392046, 0.0, 0.0, 1.0 
42.49950937824665, 50.978691455440526, 0.0, 0.0, 1.0 
6.998482851490909, 36.58495479810598, 0.0, 1.6518536779858721, 2.7000000000000015 
54.29201108846005, 11.407587915585143, 0.0, 4.317185678068383, 2.7000000000000015 
42.49714543116611, 12.61281298367971, 0.0, 5.03043382047863, 2.000000000000001 
45.67224162947454, 40.53054960149766, 0.0, 4.414923196111198, 2.7000000000000015 
33.83575432401423, 23.01859289456378, 0.0, 0.15563968731985298, 2.7000000000000015 
21.099199071146185, 7.989205756499761, 0.0, 3.7510294437390237, 2.7000000000000015 
17.15338852182031, 51.508342570198046, 0.0, 0.0, 1.0 
42.56294646554871, 21.889755597437738, 0.0, 0.0, 1.0 
5.849166864245968, 15.657014765991601, 0.0, 2.9531365050827163, 2.7000000000000015 
3.7425178006694955, 29.567904404369646, 0.0, 0.0, 1.0 
36.75820506385608, 48.36280618164995, 0.0, 0.0, 1.0 
40.166098549288876, 3.617735970715773, 0.0, 0.0, 1.0 
25.553088383615155, 34.70607193255867, 0.0, 0.0, 1.0 
44.07018579037691, 4.430638453143747, 0.0, 0.0, 1.0 
25.8669864392549, 52.492075936498495, 0.0, 3.2843637486710606, 2.7000000000000015 
3.9010354009128374, 31.456764564155012, 0.0, 6.164600215765934, 1.4000000000000004 
3.8114901376610058, 15.076767184740481, 0.0, 0.0, 1.0 
29.195803877006476, 12.9841251502893, 0.0, 3.9584160888083915, 2.7000000000000015 
26.861995460226535, 47.02650222145236, 0.0, 0.0, 1.0 
3.0847665595964493, 46.33045402677634, 0.0, 3.400616993413811, 2.7000000000000015 
11.090804047756272, 49.423085496688806, 0.0, 0.0, 1.0 
38.22541266317112, 13.71372955459763, 0.0, 0.0, 1.0 
28.326222834341007, 57.35784615250441, 0.0, 0.0, 1.0 
45.176852689650566, 14.050816275154475, 0.0, 0.0, 1.0 
28.98334214081826, 2.774849852352404, 0.0, 0.0, 1.0 
12.38313618707009, 9.70091953717525, 0.0, 1.3107930772664051, 2.7000000000000015 
32.25978723198319, 21.576277389920268, 0.0, 0.5732089366253907, 1.4000000000000004 
27.160556042202575, 24.056303384806203, 0.0, 0.0, 1.0 
61.3318410672464, 5.9009424841383415, 0.0, 5.320840995357711, 2.7000000000000015 
19.763221133801025, 44.3124821356519, 0.0, 2.8334487794113343, 2.7000000000000015 
31.18686209772829, 8.578898905541582, 0.0, -0.12158663149463617, 2.7000000000000015 
9.783824983276125, 4.593112932507448, 0.0, 0.0, 1.0 
2.074738960115755, 16.715477795833284, 0.0, 7.100328283655389, 2.7000000000000015 
53.08278214889647, 40.25496121253297, 0.0, 0.0, 1.0 
27.636877650715512, 55.51360587877547, 0.0, 0.0, 1.0 
1.9855579743667733, 41.50558825506135, 0.0, 0.0, 1.0 
1.2371837763491198, 51.165549095669064, 0.0, 0.0, 1.0 
58.051963908582714, 13.565261919892166, 0.0, 1.6552935889898759, 2.200000000000001 
22.122312778635504, 17.83270127602967, 0.0, 7.9983384122153245, 2.7000000000000015 
55.97816231391216, 12.594783357665367, 0.0, 4.260791220272351, 2.7000000000000015 
33.35594074324895, 56.80275972928632, 0.0, 0.0, 1.0 
0.6485243670300923, 20.08783324870429, 0.0, 4.588555977142581, 2.7000000000000015 
55.901699199299394, 24.857903856636117, 0.0, 4.012266423296782, 2.7000000000000015 
43.25583328582329, 27.294041836281075, 0.0, 0.0, 1.0 
52.60491957068319, 35.73932425263025, 0.0, 0.0, 1.0 
26.313424032718505, 29.36350580021898, 0.0, 0.0, 1.0 
45.97759677952936, 59.64531580025724, 0.0, 0.0, 1.0 
27.376032002208365, 35.59767449004087, 0.0, 0.0, 1.0 
61.27371735685668, 23.743214821489985, 0.0, 0.05176201910448767, 2.7000000000000015 
12.79424999516789, 4.506119536728237, 0.0, 1.519474758217702, 2.7000000000000015 
46.297609531188364, 17.584078535411717, 0.0, 0.0, 1.0 
33.929616931611136, 21.23487151411707, 0.0, 0.0, 1.0 
40.26068517778523, 24.565352767988642, 0.0, 0.0, 1.0 
11.888866376739186, 26.812583478273318, 0.0, 0.0, 1.0 
23.283645412636815, 37.60064630830995, 0.0, 0.0, 1.0 
54.203520740408784, 17.951638717082908, 0.0, 0.21674363846504222, 2.7000000000000015 
49.04649672849399, 42.99120770831181, 0.0, 4.107700916642834, 2.6000000000000014 
15.202343104152508, 18.280445258888907, 0.0, 0.0, 1.0 
12.504828318771565, 31.648597666064514, 0.0, 0.0, 1.0 
52.74367749072783, 48.7686690088973, 0.0, 1.8141163479654652, 2.7000000000000015 
29.628745585909794, 61.031321933475695, 0.0, 0.0, 1.0 
39.77212133675113, 55.55014993632726, 0.0, 0.0, 1.0 
40.552769334692684, 51.62423559942101, 0.0, 2.1204581309308685, 2.7000000000000015 
47.87444459183578, 46.67087780362995, 0.0, 0.0, 1.0 
15.199001654586915, 19.9701961135717, 0.0, 0.0, 1.0 
23.760044874940025, 58.47982398145031, 0.0, 0.0, 1.0 
24.192119896875056, 35.965623881547984, 0.0, 0.0, 1.0 
54.69805411832133, 16.68266568683268, 0.0, 0.050065010352559294, 2.300000000000001 
30.77247402123224, 34.77770967244241, 0.0, 0.0, 1.0 
42.338513748185896, 40.55496868925433, 0.0, 0.0, 1.0 
41.64078095109162, 38.63278686615061, 0.0, 0.0, 1.0 
30.7038535996276, 22.207761348754733, 0.0, 0.5458371621839566, 2.7000000000000015 
30.331968170498573, 1.3164085897504088, 0.0, 0.0, 1.0 
9.01508607596581, 17.793152667646716, 0.0, 0.0, 1.0 
44.1012264786981, 11.014030719464325, 0.0, 0.0, 1.0 
25.684318751250142, 10.719187232112365, 0.0, 4.023436333448583, 2.7000000000000015 
46.72202737779596, 27.937229432979652, 0.0, 0.0, 1.0 
24.864540174078332, 30.649659846128024, 0.0, 0.0, 1.0 
3.0270733735838333, 1.3983371490801675, 0.0, 1.001040778509454, 2.5000000000000013 
45.48606164023812, 42.884369387313605, 0.0, 4.46097219454864, 2.6000000000000014 
59.093129721862546, 55.13385034900309, 0.0, 0.0, 1.0 
61.01092401777315, 4.22937580090289, 0.0, 5.226752903917186, 2.7000000000000015 
19.546825237227456, 53.94191753815229, 0.0, 2.662584882972319, 1.1 
44.79342863126913, 37.502088776712945, 0.0, 0.0, 1.0 
55.55795605749809, 41.88942979201377, 0.0, 2.5244809459455033, 1.5000000000000004 
48.406363643595384, 17.273105019254533, 0.0, 5.29505413057281, 1.7000000000000006 
57.13435246345795, 54.582390936113974, 0.0, 0.0, 1.0 
38.78661866004366, 5.063151180734105, 0.0, 0.0, 1.0 
25.21406926264113, 51.28266413146189, 0.0, 3.162369319360451, 2.7000000000000015 
32.67613924911165, 24.37665614497701, 0.0, 0.0, 1.0 
12.121215357777187, 13.856947016748121, 0.0, 0.0, 1.0 
2.0426708004692444, 10.318300233189342, 0.0, 0.0, 1.0 
30.36002258948066, 57.6726162958139, 0.0, 0.0, 1.0 
39.11361097529859, 61.155516085034314, 0.0, 0.0, 1.0 
48.45163814008986, 0.7227627150887265, 0.0, 0.0, 1.0 
32.977760188112576, 37.351644266573025, 0.0, 0.0, 1.0 
57.9781720133007, 35.08435933677146, 0.0, 0.0, 1.0 
38.23848591126564, 51.31492774573676, 0.0, 2.2682813666134067, 2.5000000000000013 
10.937432901820637, 30.397071771522825, 0.0, 0.0, 1.0 
59.43988480555253, 8.132633720655146, 0.0, 6.113285395112899, 2.5000000000000013 
32.33649889901201, 58.141541483778134, 0.0, 0.0, 1.0 
39.243522884014304, 30.569143088815288, 0.0, 0.0, 1.0 
10.504591907877895, 37.04922468586639, 0.0, 0.0, 1.0 
46.5512248868678, 54.304287182948165, 0.0, 0.0, 1.0 
25.91380395831042, 39.008355099193686, 0.0, 0.0, 1.0 
52.762913604465815, 44.46368918495436, 0.0, 2.3185053901078367, 2.300000000000001 
52.81623308985068, 33.72676610861964, 0.0, 0.0, 1.0 
9.450753653355736, 27.44167611518844, 0.0, 2.230530330078792, 2.300000000000001 
23.799938043269986, 7.9327475468415445, 0.0, 4.078593958193287, 2.7000000000000015 
60.209975532894575, 32.42788428008593, 0.0, 0.0, 1.0 
39.59786636518848, 34.252473624027715, 0.0, 0.0, 1.0 
2.908707260013935, 24.553579902436592, 0.0, 4.614276818160779, 1.9000000000000008 
57.57413306394702, 28.917061542677676, 0.0, 0.0, 1.0 
45.081575617847804, 55.657653856169716, 0.0, 0.0, 1.0 
53.385686787139704, 12.307510844596404, 0.0, 4.392407669412128, 2.7000000000000015 
12.779212286710797, 61.333447719899965, 0.0, 1.6868806585000717, 2.7000000000000015 
52.37764909888455, 56.326234780330715, 0.0, 0.0, 1.0 
24.2476717080946, 56.48639020282028, 0.0, 0.0, 1.0 
46.05517272899311, 38.58771770945415, 0.0, 0.0, 1.0 
35.14448101569468, 60.2187509387519, 0.0, 0.0, 1.0 
23.555123998948392, 14.589753714717277, 0.0, 5.170945837269652, 1.7000000000000006 
43.28157549527929, 14.72338490356918, 0.0, 4.466070387334197, 1.1 
23.09374159299418, 24.213683599339387, 0.0, 5.0601762979087175, 2.4000000000000012 
47.03331833194726, 2.0579513995981586, 0.0, 0.0, 1.0 
30.044621935236997, 6.35590094762183, 0.0, 0.0, 1.0 
56.19119338191966, 35.99746649057585, 0.0, 0.0, 1.0 
57.56975291431737, 19.51631790160568, 0.0, -0.15003343524304133, 2.7000000000000015 
3.549749357633892, 42.405152680796405, 0.0, 0.0, 1.0 
50.093103436514944, 16.436777013078093, 0.0, 4.73563712263807, 2.6000000000000014 
56.29172494206235, 33.94994218059749, 0.0, 0.0, 1.0 
0.6577386142028289, 27.231666876703752, 0.0, 7.346759883557399, 2.7000000000000015 
33.55774809059755, 30.284294906091922, 0.0, 0.0, 1.0 
4.377767001330721, 44.91681104685797, 0.0, 1.454773959571906, 2.7000000000000015 
25.160854518141026, 45.72220751479617, 0.0, 3.0503527748105403, 2.4000000000000012 
50.429828043770094, 37.895043532804024, 0.0, 0.0, 1.0 
9.132559025548938, 59.317310882221335, 0.0, 2.2500676163659095, 2.4000000000000012 
18.07967108562949, 29.286307148155828, 0.0, 0.0, 1.0 
57.721173728770566, 44.195762776106974, 0.0, 2.674195497353264, 2.7000000000000015 
39.60983880729457, 19.046202619101354, 0.0, 0.0, 1.0 
3.995933699459634, 7.660392243484198, 0.0, 0.7410973342894243, 2.7000000000000015 
19.392510106456438, 11.69583139318251, 0.0, 5.374762200636726, 1.2000000000000002 
28.874744839373996, 22.928045313922006, 0.0, 0.0, 1.0 
12.479356344773706, 40.159866473939644, 0.0, 0.0, 1.0 
45.6147502288158, 3.407713529368408, 0.0, 0.0, 1.0 
20.768997218788613, 52.32816743808951, 0.0, 3.3894198131470556, 2.4000000000000012 
27.72964361324849, 21.399669891025592, 0.0, 0.3120982688702845, 2.7000000000000015 
3.826555251319242, 9.30700089795966, 0.0, 0.0, 1.0 
15.424095299486241, 25.09508227792526, 0.0, 0.0, 1.0 
13.943889595645029, 34.95544161777976, 0.0, 0.0, 1.0 
6.410947186487309, 42.68968497867923, 0.0, 1.642337894882925, 2.7000000000000015 
19.84513244652317, 57.760005737716995, 0.0, 2.570859580202989, 2.000000000000001 
41.59986257806229, 2.1624151319251883, 0.0, 0.0, 1.0 
22.933757487337928, 21.784450476018094, 0.0, 5.06511594969097, 2.100000000000001 
58.50462079106593, 53.21496942444361, 0.0, 0.0, 1.0 
36.37903905769713, 36.83872008996227, 0.0, 0.0, 1.0 
8.268805022155522, 54.91899478144415, 0.0, 0.47915389260186986, 1.2000000000000002 
0.8222477360366408, 57.03308045107385, 0.0, 4.1401473523528205, 1.2000000000000002 
22.1212342978475, 57.49199836791683, 0.0, 0.0, 1.0 
59.862724633426424, 13.093582496157605, 0.0, 2.2911422117124443, 2.7000000000000015 
12.280564939882368, 33.72582841909719, 0.0, 0.0, 1.0 
1.90136421221156, 22.47773587660241, 0.0, 3.16031173403012, 1.6000000000000005 
5.071974403356207, 37.503471085885835, 0.0, 1.3031124030031533, 2.7000000000000015 
25.731304034153318, 3.580521649272361, 0.0, 7.243286540276037, 2.7000000000000015 
8.817283124432267, 10.783739114696585, 0.0, 1.5638306347598978, 2.6000000000000014 
18.598577373754917, 3.1494472140450855, 0.0, 0.0, 1.0 
38.60746064585711, 43.852000247475, 0.0, 0.0, 1.0 
59.215574950741406, 1.0427316205909363, 0.0, 4.790597713776223, 1.1 
52.142623346410694, 13.460303243089957, 0.0, 0.5409104644239308, 2.200000000000001 
54.900069404989985, 26.497717776444034, 0.0, 1.9350605113720183, 1.1 
25.542493354489334, 25.261034915607112, 0.0, 0.0, 1.0 
26.570315825804126, 1.9591338150558806, 0.0, 0.0, 1.0 
43.095477677473994, 37.13899417181917, 0.0, 0.0, 1.0 
33.84743057590014, 55.06021787686474, 0.0, 0.0, 1.0 
31.376077251226814, 49.47358812481224, 0.0, 0.0, 1.0 
30.112887844754198, 30.849493058415803, 0.0, 0.0, 1.0 
56.23038100037715, 9.233508220191407, 0.0, 0.0, 1.0 
50.39553272806119, 1.4005922996662643, 0.0, 0.0, 1.0 
6.241211876665016, 51.193705361672926, 0.0, 0.0, 1.0 
58.10789173782887, 39.92103765382539, 0.0, 0.0, 1.0 
20.0132291266552, 42.536678605767314, 0.0, 0.1805930942266451, 1.3000000000000003 
56.04608421975477, 1.3414598378362466, 0.0, 0.0, 1.0 
59.467462077382606, 28.73243451790655, 0.0, 3.8218202220420268, 1.3000000000000003 
5.923840966670713, 29.609089549647248, 0.0, 0.34650815536543905, 1.3000000000000003 
48.39679138809272, 27.451170441777368, 0.0, 0.0, 1.0 
34.51732367505805, 25.242910603927747, 0.0, 0.0, 1.0 
31.683090390748557, 61.388488991957246, 0.0, 0.0, 1.0 
3.7361140709891156, 0.1781728973774443, 0.0, 1.1367878710500658, 2.7000000000000015 
48.95488050310742, 35.03981095027563, 0.0, 0.0, 1.0 
14.068978459447512, 37.0618415279968, 0.0, 0.0, 1.0 
50.335633987744295, 26.26179331812582, 0.0, 2.8221367935546797, 2.7000000000000015 
1.830446176618032, 35.043220072633154, 0.0, 0.0, 1.0 
25.60985865518154, 42.78604995051881, 0.0, 0.0, 1.0 
52.54637283887626, 23.516159786779784, 0.0, 0.9899414663714116, 1.1 
53.84728639473237, 48.49165252576834, 0.0, 1.8839213335217169, 2.7000000000000015 
48.63725432367183, 15.063239969882561, 0.0, 0.0, 1.0 
22.393899040437926, 47.466141296094875, 0.0, 0.0, 1.0 
53.93948094326377, 15.22953203780585, 0.0, 0.3097193342637595, 2.7000000000000015 
60.87769881385714, 2.146316201899847, 0.0, 0.0, 1.0 
20.660833606136983, 40.6545171302873, 0.0, 0.6254217376107385, 1.2000000000000002 
58.0700213921646, 10.03062921602333, 0.0, 0.0, 1.0 
13.880350183893988, 54.169022838954035, 0.0, 2.2300133519466048, 2.7000000000000015 
16.36561273389432, 10.467008619556248, 0.0, 1.4134788307385129, 2.7000000000000015 
59.06970744858728, 49.832459940452445, 0.0, 0.0, 1.0 
40.20725005147466, 42.98034286943698, 0.0, 0.0, 1.0 
28.59385600222201, 32.19385450440633, 0.0, 0.0, 1.0 
41.67053490240512, 56.44046546901384, 0.0, 0.0, 1.0 
34.9417710866926, 40.022077926805956, 0.0, 0.0, 1.0 
24.37234634818114, 28.586456411631165, 0.0, 0.0, 1.0 
7.943656410075052, 33.55364606608405, 0.0, 2.025257149971187, 2.7000000000000015 
50.41951519445286, 55.66166440657576, 0.0, 0.0, 1.0 
29.33796322391509, 11.347764362522158, 0.0, 4.010222126082651, 2.6000000000000014 
57.72768478065822, 2.46128100743571, 0.0, 0.0, 1.0 
4.944573184065611, 13.521006104546, 0.0, 0.0, 1.0 
1.5816239704047563, 31.86623041087261, 0.0, 0.0, 1.0 
55.93478231784723, 3.532977821038888, 0.0, 0.0, 1.0 
36.307888789004856, 2.5591404916621667, 0.0, 0.0, 1.0 
54.23854170529615, 28.615609581803447, 0.0, 5.054891267121764, 1.2000000000000002 
3.9693177731498346, 5.68033851582152, 0.0, 1.1260457085303277, 2.4000000000000012 
15.18235116393447, 4.002147590365698, 0.0, 4.309088482300659, 2.7000000000000015 
56.22975597950274, 39.867770594703764, 0.0, 0.0, 1.0 
10.310650605021099, 44.10080664347241, 0.0, 0.0, 1.0 
11.194918509769447, 20.040848281008778, 0.0, 0.0, 1.0 
15.089975979325354, 51.67575644533581, 0.0, 0.0, 1.0 
50.91264768405019, 44.58517324469507, 0.0, 2.6832992746216675, 2.100000000000001 
53.07602834641959, 8.944828119797348, 0.0, 4.597178537579088, 2.7000000000000015 
17.842324370528903, 15.030157404970765, 0.0, 0.0, 1.0 
45.878784220277275, 12.385487876592101, 0.0, 6.266672695538416, 2.7000000000000015 
40.1894017928759, 57.74658299694433, 0.0, 0.0, 1.0 
7.6056463557984815, 49.635575718459066, 0.0, 0.0, 1.0 
61.37181460375801, 30.775643470514275, 0.0, 0.0, 1.0 
13.649955608214084, 56.15164311761588, 0.0, 0.0, 1.0 
48.883418309997225, 21.55294977986807, 0.0, 5.204112818730771, 1.5000000000000004 
45.602826059756275, 19.57677663165172, 0.0, 0.0, 1.0 
50.28607105156968, 28.056138551523443, 0.0, 0.0, 1.0 
54.179672522592334, 30.94658243314256, 0.0, 0.0, 1.0 
43.189140531177486, 33.23599517276744, 0.0, 0.0, 1.0 
52.27321808038601, 30.873606868551214, 0.0, 0.0, 1.0 
7.218251558506701, 44.07943227486567, 0.0, 1.9702708779302682, 2.7000000000000015 
3.9577184500564426, 16.953388078679176, 0.0, 0.0, 1.0 
50.9539197781355, 34.51189031615685, 0.0, 0.0, 1.0 
16.879327209892143, 23.55639483700633, 0.0, 0.0, 1.0 
38.081428142609354, 27.203841506463284, 0.0, 0.0, 1.0 
51.24086114351033, 32.49561335155203, 0.0, 0.0, 1.0 
50.48587312129097, 29.884798843298366, 0.0, 0.0, 1.0 
43.44678623990534, 7.337141917767024, 0.0, 3.587129946703809, 2.6000000000000014 
18.725523583922733, 39.6830494613186, 0.0, 0.0, 1.0 
51.89586988493888, 0.062329749301752155, 0.0, 0.0, 1.0 
44.82119422669782, 28.58444705291671, 0.0, 0.0, 1.0 
42.79384358080375, 52.99450299200443, 0.0, 0.0, 1.0 
50.88065128364245, 3.426037876110518, 0.0, 0.0, 1.0 
44.1830374594184, 18.241939205923018, 0.0, 0.0, 1.0 
20.95060070347784, 48.86266269466615, 0.0, 0.0, 1.0 
48.7154976476094, 36.82614612956162, 0.0, 0.0, 1.0 
58.15368491366887, 33.003731365950365, 0.0, 4.052314958389777, 1.1 
59.7047191666207, 46.45718663386015, 0.0, 0.0, 1.0 
16.29894305821787, 0.8569651351768951, 0.0, 0.0, 1.0 
21.89313292647673, 39.15583310843909, 0.0, 0.0, 1.0 
52.23065464653105, 28.828540974677182, 0.0, 0.0, 1.0 
3.350153478036306, 13.034649503917105, 0.0, 0.0, 1.0 
39.303282980936885, 7.316041210968376, 0.0, 1.5086090555359022, 1.1 
47.124483051474684, 20.912985748149076, 0.0, 0.0, 1.0 
34.267427284311914, 34.10732673641077, 0.0, 0.0, 1.0 
36.410976290861484, 14.877447950366308, 0.0, 0.0, 1.0 
30.807980393834388, 16.594520812008724, 0.0, 0.0, 1.0 
56.520072263056946, 52.59759127044497, 0.0, 0.0, 1.0 
0.5978119812342155, 49.22192807078138, 0.0, 0.0, 1.0 
21.31074052544549, 36.968399295712274, 0.0, 0.0, 1.0 
18.919354140963843, 60.68931495068742, 0.0, 5.625093948010116, 2.5000000000000013 
4.615242267627762, 18.520336004235517, 0.0, 6.465625353737228, 2.7000000000000015 
9.065235629694751, 25.5295320211237, 0.0, 2.083509864785697, 1.2000000000000002 
59.57415173803956, 38.50321976753418, 0.0, 1.1974619110657738, 1.1 
47.95277077119308, 60.29075467375547, 0.0, 0.0, 1.0 
44.4780479823274, 21.267570726307678, 0.0, 0.0, 1.0 
56.10533858137807, 21.647779048122487, 0.0, 6.174319312831196, 1.9000000000000008 
41.098141078712175, 20.520002682858568, 0.0, 0.0, 1.0 
45.02701986493336, 1.4948241142297631, 0.0, 0.0, 1.0 
17.397169703603883, 48.65640484366163, 0.0, 2.592764149307669, 2.7000000000000015 
59.74966909591005, 51.814969167956676, 0.0, 0.0, 1.0 
31.73865506252138, 13.445519300250137, 0.0, 3.628747969950299, 2.100000000000001 
11.115448995362852, 15.531440421700346, 0.0, 0.0, 1.0 
29.695262993162217, 4.49416226299902, 0.0, 0.0, 1.0 
21.379890385016783, 6.645180544565209, 0.0, 3.812089555084975, 2.7000000000000015 
15.36710591571682, 55.009865653234755, 0.0, 0.0, 1.0 
26.269243691507025, 56.9585622120515, 0.0, 0.0, 1.0 
3.588285348374164, 38.30759941755437, 0.0, 0.0, 1.0 
15.632599847948361, 27.03933600240876, 0.0, 0.0, 1.0 
18.804064141704895, 16.823943967905212, 0.0, 0.0, 1.0 
20.042905552072526, 47.41352599842549, 0.0, 2.3229710559525634, 2.7000000000000015 
41.45749322721241, 54.5652231226265, 0.0, 0.0, 1.0 
35.017640913935296, 53.61320631242913, 0.0, -2.9769147626600563, 2.7000000000000015 
6.13728416222711, 27.659476117030394, 0.0, 0.0, 1.0 
32.35312916085941, 1.64837306781719, 0.0, 0.0, 1.0 
42.776837043117425, 31.280952848497915, 0.0, 0.0, 1.0 
9.04889636693176, 53.113119426864365, 0.0, 0.0, 1.0 
43.329823906262554, 38.98886151764753, 0.0, 0.0, 1.0 
51.4636100302797, 20.49306885094707, 0.0, 5.632692355652263, 1.8000000000000007 
56.00767264943508, 50.67300609040104, 0.0, 0.0, 1.0 
51.15923986840231, 49.00242393607015, 0.0, 0.0, 1.0 
32.83201743264668, 26.33237859580992, 0.0, 0.0, 1.0 
38.05155731392894, 17.789881104848913, 0.0, 0.0, 1.0 
19.031313149813357, 13.855350544175433, 0.0, 4.34696014990246, 2.7000000000000015 
44.034436428069355, 23.269014855678794, 0.0, 0.0, 1.0 
20.643754969962213, 13.478836345926023, 0.0, 0.0, 1.0 
42.15329961192863, 49.01642559785917, 0.0, 2.347774318054718, 2.6000000000000014 
61.246021369539356, 55.44765949934044, 0.0, 2.6627276222509377, 1.8000000000000007 
27.713807195572283, 37.961256091624804, 0.0, 0.0, 1.0 
49.86314298242504, 53.6974896804675, 0.0, 0.0, 1.0 
39.03188537192452, 9.697062744121348, 0.0, 0.0, 1.0 
50.65362242837297, 36.257999682877255, 0.0, 0.0, 1.0 
5.720990235906259, 35.854418055009845, 0.0, 1.3781604845142434, 2.7000000000000015 
5.806663553912207, 17.02021040226038, 0.0, 0.0, 1.0 
37.41502368197289, 6.476458242044061, 0.0, 0.0, 1.0 
44.352622144600716, 44.57208150116157, 0.0, 0.0, 1.0 
30.733573718763274, 23.767806638492974, 0.0, 0.0, 1.0 
10.742185367611404, 53.6669215468302, 0.0, 5.447437592457417, 2.7000000000000015 
36.624471145564456, 38.82143934940519, 0.0, 0.0, 1.0 
7.121479452681386, 22.985293865000138, 0.0, 0.0, 1.0 
57.13052704253343, 15.606011955634578, 0.0, 4.473455331041803, 2.200000000000001 
18.053141906338446, 43.30619734215217, 0.0, 0.0, 1.0 
27.487034566167782, 3.7666959506642272, 0.0, 0.0, 1.0 
25.884450123804225, 36.994710870022885, 0.0, 0.0, 1.0 
54.51335632678311, 34.924605058546604, 0.0, 0.0, 1.0 
5.359629817865351, 40.45843436199664, 0.0, 1.3073669772461987, 2.7000000000000015 
9.832721700760986, 21.616539262717335, 0.0, 0.0, 1.0 
5.757428584674668, 21.838541357116647, 0.0, 0.0, 1.0 
4.162745758735971, 47.62802137887956, 0.0, 3.2987986014920057, 2.7000000000000015 
14.170563306667162, 59.38991984099462, 0.0, 1.943488897724136, 2.7000000000000015 
50.244921777902974, 13.896122531304574, 0.0, 0.7965069152817357, 1.7000000000000006 
48.96871605816861, 2.686748436218155, 0.0, 0.0, 1.0 
