position_x,position_y,position_z,orientation,aspect_ratio
6.948459580458715, 40.64247541111154, 0.0, 0.0, 1.0 
36.54218235553306, 30.438597874320063, 0.0, -0.476521745382053, 2.5000000000000013 
35.02311976791205, 60.28496184565102, 0.0, 0.09500020483538109, 2.4000000000000012 
59.13769720231503, 19.770010595439565, 0.0, 0.0, 1.0 
42.970521606400894, 11.3783922272316, 0.0, 5.7992779889041675, 2.7000000000000015 
54.61683840674146, 43.784697934842605, 0.0, 0.0, 1.0 
2.3409506741711907, 4.1609563475145075, 0.0, -0.22359940577732695, 2.7000000000000015 
5.242205252657033, 26.678906158617863, 0.0, 0.0, 1.0 
51.64009627270742, 38.83780835729298, 0.0, 2.048894207486328, 2.7000000000000015 
32.60121111857388, 10.260644189983188, 0.0, 0.0, 1.0 
52.264377259009684, 8.637545706321822, 0.0, -0.5408314587805452, 2.7000000000000015 
60.61924013170635, 55.346309665559296, 0.0, 0.0, 1.0 
7.720461864335539, 35.72060169766641, 0.0, 0.0, 1.0 
57.684455086679066, 9.086183205556893, 0.0, 0.0, 1.0 
46.50628875377085, 15.240726409250072, 0.0, 0.0, 1.0 
48.83800859449975, 51.66759904255346, 0.0, 6.974902170483903, 2.7000000000000015 
7.893824676163761, 38.979875746105115, 0.0, 0.0, 1.0 
17.108953444164126, 43.93403960775685, 0.0, 0.0, 1.0 
5.515511893388861, 20.388237063441785, 0.0, 0.0, 1.0 
38.09531811170076, 16.32759980204021, 0.0, 0.0, 1.0 
3.7755471236220433, 10.5014829371333, 0.0, 0.0, 1.0 
55.91743186407347, 18.410704130430727, 0.0, 0.0, 1.0 
47.632240206438404, 24.93327959367607, 0.0, 0.0, 1.0 
56.132164692195026, 50.663854372467014, 0.0, 0.0, 1.0 
3.9377852536177422, 46.456440297977, 0.0, 0.0, 1.0 
40.69282770442783, 57.75478456638898, 0.0, 0.0, 1.0 
3.338538681925972, 5.198231439975459, 0.0, 0.0, 1.0 
16.993700329597665, 37.05733792717152, 0.0, 0.0, 1.0 
29.404819058216503, 55.29434624514101, 0.0, 0.0, 1.0 
50.079166779043895, 28.21397270208107, 0.0, 0.0, 1.0 
51.0564194386635, 42.30350409371803, 0.0, 0.0, 1.0 
29.746290251761035, 12.577686555172056, 0.0, 0.0, 1.0 
13.082083566725888, 5.777469979290394, 0.0, 4.3620841099115175, 2.7000000000000015 
42.8295936828571, 31.034413193398457, 0.0, 0.0, 1.0 
29.39040508814126, 58.19562651773438, 0.0, -0.16015198557558208, 2.6000000000000014 
48.640437122789365, 0.13960628562253974, 0.0, 0.0, 1.0 
33.66472910993398, 20.13952918670731, 0.0, 0.0, 1.0 
46.504668745313396, 56.98671946210224, 0.0, 1.664718230134519, 2.5000000000000013 
27.36419618421423, 31.493316967505148, 0.0, 0.0, 1.0 
10.769248428275105, 49.92593253887162, 0.0, 1.7786393391254678, 2.7000000000000015 
4.678728228346515, 37.24238904549305, 0.0, 0.0, 1.0 
7.2186695058012855, 23.151841742165555, 0.0, 0.0, 1.0 
59.40437406784613, 38.32973795810023, 0.0, 0.0, 1.0 
40.56123638220365, 44.85746222092505, 0.0, -0.9028440280589523, 2.7000000000000015 
23.176025016923116, 51.729694968427104, 0.0, 0.0, 1.0 
48.941806276997625, 3.518415712493946, 0.0, 0.0, 1.0 
17.902366373946638, 20.73467143977257, 0.0, 0.0, 1.0 
20.232611029590952, 48.859720301069665, 0.0, 0.0, 1.0 
44.67563148879026, 14.629452504127228, 0.0, 0.0, 1.0 
34.63590592116095, 51.998176853982955, 0.0, 0.5995691017492749, 2.7000000000000015 
48.092370528455106, 1.6864324196346636, 0.0, 0.0, 1.0 
47.6579623657131, 55.855712719558746, 0.0, 1.696942642544168, 1.6000000000000005 
17.242308246266834, 54.732190740786386, 0.0, 5.486879380232655, 2.7000000000000015 
44.7399765479888, 27.27378828389809, 0.0, 0.0, 1.0 
44.08456382274885, 41.57640707757823, 0.0, 0.654818594557507, 1.2000000000000002 
10.718191641989335, 32.22837463933325, 0.0, 3.2317779050873767, 2.7000000000000015 
32.417803495398005, 32.77408861017317, 0.0, 7.443816120570663, 2.7000000000000015 
10.81685234851153, 61.190642366111874, 0.0, 3.0517812939558016, 2.7000000000000015 
21.59231414478976, 33.81573920345764, 0.0, 0.0, 1.0 
24.531122764565186, 12.706750785558324, 0.0, 1.656977431248753, 1.9000000000000008 
61.300300138617764, 16.870467052354755, 0.0, 0.0, 1.0 
6.0464705608867035, 21.868388383320294, 0.0, 0.0, 1.0 
47.870406096488125, 7.357931695680284, 0.0, 0.1748789753409847, 2.6000000000000014 
30.136427616216647, 21.911605739008042, 0.0, 0.0, 1.0 
41.461980216377036, 15.277639267252628, 0.0, 0.0, 1.0 
52.00408757942687, 10.578075802120761, 0.0, 0.0, 1.0 
26.427523531235096, 7.702088883731906, 0.0, 2.536270925048298, 2.7000000000000015 
16.61578010339705, 22.163886584469942, 0.0, 0.0, 1.0 
45.79487619525854, 52.33527467440915, 0.0, 1.5299065491782833, 2.7000000000000015 
53.74678095000518, 20.766248719353957, 0.0, 0.0, 1.0 
18.566726160604272, 22.72845098840391, 0.0, 0.0, 1.0 
13.039269753174553, 31.138869781257682, 0.0, 2.8700744949233115, 2.7000000000000015 
17.187004437892686, 12.96372752490079, 0.0, 5.680658542428732, 1.3000000000000003 
6.504096333439263, 60.7060293781825, 0.0, 5.990104020946433, 1.6000000000000005 
12.077005328627662, 26.03442551483858, 0.0, 0.0, 1.0 
26.53156637843136, 27.90782033949176, 0.0, 7.217101841581027, 1.8000000000000007 
20.207902347212467, 54.68979253755165, 0.0, 6.551262904044716, 2.7000000000000015 
31.120137672832332, 36.373183450836244, 0.0, 0.0, 1.0 
36.51631208427621, 2.759779565797687, 0.0, 1.158019910602685, 2.7000000000000015 
59.00614585295625, 12.214276952363937, 0.0, -1.2067355647586973, 1.9000000000000008 
50.33761567428642, 51.503659368668195, 0.0, 0.9697283723306968, 2.7000000000000015 
12.115169675806413, 53.8077308114592, 0.0, 0.0, 1.0 
13.032242188498326, 49.05365207663024, 0.0, 0.0, 1.0 
32.909909811593806, 0.6798136121682167, 0.0, 2.135483468107902, 2.6000000000000014 
24.340451221571797, 38.35745743050304, 0.0, 0.0, 1.0 
30.855049828378064, 56.709002706364544, 0.0, 0.0, 1.0 
10.294634487734424, 30.976487071701804, 0.0, 2.949526869056357, 2.7000000000000015 
28.75641644463787, 56.506516934803486, 0.0, 6.977260211675494, 2.7000000000000015 
47.518524228145175, 33.82260683489617, 0.0, 0.0, 1.0 
56.580478153770315, 55.60009837767007, 0.0, 0.0, 1.0 
35.636301142921496, 33.618237448632165, 0.0, 1.5894228840029825, 2.7000000000000015 
0.7533462589065366, 33.11459821389816, 0.0, 0.0, 1.0 
49.98879261867017, 21.927150913189397, 0.0, 0.0, 1.0 
31.109432064664354, 9.085247348408105, 0.0, 0.0, 1.0 
53.56755053931843, 47.49429211048064, 0.0, 0.0, 1.0 
41.58026872486219, 25.91663689738062, 0.0, 0.0, 1.0 
48.12259462042767, 22.691982832945566, 0.0, 0.0, 1.0 
41.4262725398466, 51.24825849876832, 0.0, 6.424275369449398, 2.7000000000000015 
14.052990860671752, 32.07687210717952, 0.0, 2.9197800845770887, 2.7000000000000015 
53.391698449450715, 7.020586679731004, 0.0, -0.5257849905526247, 2.7000000000000015 
48.71760329457019, 56.93853324471967, 0.0, 0.0, 1.0 
19.81818575229992, 34.82967064248448, 0.0, 0.0, 1.0 
34.50069809989663, 47.28779278057026, 0.0, 4.356401055128152, 2.7000000000000015 
11.826459699653286, 35.52507795597671, 0.0, 0.0, 1.0 
4.971988613739878, 32.494725469889666, 0.0, 3.2294973816377555, 2.200000000000001 
22.069110246501275, 13.082139192772814, 0.0, 7.532839788834202, 2.7000000000000015 
47.126648914940965, 30.306509434222992, 0.0, 0.0, 1.0 
59.939625238207036, 57.04326570903099, 0.0, 0.0, 1.0 
58.188257511765066, 10.952533347216775, 0.0, 0.0, 1.0 
39.794534250122325, 4.050355293530496, 0.0, 0.0, 1.0 
26.8074448486675, 35.4361412756745, 0.0, 0.0, 1.0 
1.2029796750540005, 23.778853136949845, 0.0, 0.0, 1.0 
26.79583150066532, 29.680726510877225, 0.0, 0.19643039173632135, 2.300000000000001 
56.6969556772895, 43.76477402689794, 0.0, 0.0, 1.0 
16.497186232630604, 11.586173178976438, 0.0, -0.026706729632933662, 2.7000000000000015 
1.4445635662580831, 5.9063027105030415, 0.0, 0.0, 1.0 
7.419483881966283, 26.59536359098063, 0.0, 0.0, 1.0 
0.1795480448233593, 21.664766270834825, 0.0, 1.1623815320329882, 2.6000000000000014 
37.245370179194204, 38.044017757153064, 0.0, 2.3945483320927003, 2.000000000000001 
17.08784067117335, 40.48525144262048, 0.0, 0.0, 1.0 
60.45665556127743, 60.06913200081594, 0.0, 0.0, 1.0 
57.12641709294624, 19.987526820678646, 0.0, 0.0, 1.0 
51.19994118506939, 59.56935530121834, 0.0, 0.0, 1.0 
9.514188584643637, 26.542177216442777, 0.0, 0.0, 1.0 
48.107660088287346, 59.875423173914875, 0.0, 1.8594830244531817, 2.6000000000000014 
54.35446806013948, 3.9151411510926373, 0.0, 0.0, 1.0 
14.603829810803811, 50.199222033188214, 0.0, 5.037598408701343, 2.5000000000000013 
42.98780976577899, 14.445890718192135, 0.0, 0.0, 1.0 
57.966810285671855, 45.351898816502064, 0.0, 0.0, 1.0 
38.213085403314714, 46.593672043152765, 0.0, 5.510192857678806, 2.7000000000000015 
18.53198603882817, 52.780317822818915, 0.0, 0.6009491276362409, 2.5000000000000013 
32.09880599961108, 19.028336445837272, 0.0, 0.0, 1.0 
0.7606791926091934, 49.998928821833815, 0.0, 0.0, 1.0 
52.54669949984516, 25.066751461036826, 0.0, 0.0, 1.0 
61.433325552206384, 25.323887802826405, 0.0, 0.0, 1.0 
13.008347857556414, 40.85133043584438, 0.0, 0.0, 1.0 
4.797584490773405, 33.84599802611614, 0.0, 0.0, 1.0 
39.24896265532443, 22.895774078871433, 0.0, 0.0, 1.0 
48.6232693763042, 48.97346368661851, 0.0, 1.3087057921459588, 2.7000000000000015 
36.460422963321804, 36.02220256959347, 0.0, 1.5995947741814325, 2.7000000000000015 
38.24620805308558, 5.147497886897286, 0.0, 6.632641866208067, 2.4000000000000012 
9.934820406775279, 39.14326203284347, 0.0, 0.0, 1.0 
23.858223915639716, 18.903125053855515, 0.0, 1.5626244292008107, 2.7000000000000015 
48.9363251122437, 6.106703136591108, 0.0, -0.13642870569434196, 2.6000000000000014 
1.9481944321461975, 46.641834707789556, 0.0, 0.0, 1.0 
46.78218491587407, 21.46820512854432, 0.0, 0.0, 1.0 
32.54352559748461, 37.815463940615096, 0.0, 0.0, 1.0 
33.229455479349994, 57.00462118101996, 0.0, 0.5758454393170621, 2.7000000000000015 
52.27481279746687, 61.096413376916274, 0.0, 0.0, 1.0 
28.269671197801074, 53.867026747589044, 0.0, 0.0, 1.0 
29.739087091722467, 2.8406352999267264, 0.0, 7.368404123197928, 2.5000000000000013 
11.929255412947898, 18.90734878156487, 0.0, 0.0, 1.0 
44.71794059109229, 49.01590846938621, 0.0, -0.2084646638981861, 2.7000000000000015 
13.268708157734958, 27.695269667430694, 0.0, 0.0, 1.0 
54.50474700787581, 24.44392142424908, 0.0, 0.0, 1.0 
49.214900545632084, 30.093521334853246, 0.0, 0.0, 1.0 
40.746502342286945, 11.55618748658494, 0.0, 6.030582715884351, 2.7000000000000015 
3.748868442581771, 35.23209486102342, 0.0, 0.0, 1.0 
17.81277163037002, 35.155515802469985, 0.0, 0.0, 1.0 
41.01701961467385, 42.85216731591874, 0.0, -0.5013957552492538, 2.7000000000000015 
14.668660495179921, 7.73248054967285, 0.0, 4.456830418802654, 2.7000000000000015 
38.17348467054847, 58.893823334973746, 0.0, 2.0693226845159374, 2.7000000000000015 
35.49365605114527, 28.648629825700024, 0.0, 0.5545425779880866, 2.100000000000001 
1.105278526232109, 26.945770905109267, 0.0, 0.0, 1.0 
6.893025698077938, 19.070813314382043, 0.0, 0.0, 1.0 
11.099124186528758, 12.57749083834088, 0.0, 0.0, 1.0 
42.246721326205254, 40.59896697147998, 0.0, 4.464983531161271, 2.7000000000000015 
13.096448423396017, 12.538839401677752, 0.0, 0.0, 1.0 
50.47687454771535, 11.497469681924395, 0.0, 0.0, 1.0 
19.792015400021306, 3.9109254418326356, 0.0, 0.14240825994410927, 2.7000000000000015 
9.110770128637574, 12.514637795890224, 0.0, 0.0, 1.0 
22.95330829928595, 46.16087169576179, 0.0, 3.596061950371563, 1.7000000000000006 
37.70387144144774, 14.401800087761071, 0.0, 0.0, 1.0 
56.633270471338676, 16.4968105151548, 0.0, 0.0, 1.0 
46.18628140878847, 59.44973207194205, 0.0, 1.3919889777230736, 2.7000000000000015 
6.842181811041412, 4.827900240624584, 0.0, 0.0, 1.0 
26.865213359697815, 33.46180349875892, 0.0, 0.0, 1.0 
12.469436248086044, 52.07203427939261, 0.0, 6.117843892496627, 2.6000000000000014 
2.7919943387718202, 16.321771301323633, 0.0, 0.0, 1.0 
47.51639005380385, 19.213891857287432, 0.0, 0.0, 1.0 
7.923136664644116, 46.08026967991377, 0.0, 0.0, 1.0 
24.406479476379314, 6.9062672997452665, 0.0, 0.0, 1.0 
22.186163904030796, 41.67582507466999, 0.0, 0.0, 1.0 
22.9251841871928, 32.215842475713586, 0.0, 4.5688501613371, 1.5000000000000004 
18.589483337557535, 5.449279221717711, 0.0, 6.9483798294439785, 2.7000000000000015 
38.00656661194701, 43.67990161432772, 0.0, -0.3291311364859936, 2.7000000000000015 
31.135096319833675, 3.0676745020155605, 0.0, 1.8718599901669852, 2.5000000000000013 
55.36760010965147, 38.60776605796219, 0.0, 0.0, 1.0 
35.58614066780626, 3.859330384347825, 0.0, 0.0, 1.0 
46.930709291878486, 51.685446828892026, 0.0, 7.783588755423659, 2.7000000000000015 
52.727280403756865, 49.25396442516095, 0.0, 0.0, 1.0 
15.72344644977993, 17.3701408323122, 0.0, 0.0, 1.0 
2.5837316958375625, 44.88882110867928, 0.0, 0.0, 1.0 
56.78681700915032, 31.24410704592034, 0.0, 0.0, 1.0 
12.46215222085306, 50.72995930602215, 0.0, -0.3771933945277295, 2.000000000000001 
52.492996463337796, 35.702131177382924, 0.0, 1.6945748058075796, 2.7000000000000015 
23.449076782400173, 55.52788623252916, 0.0, 6.691538112608631, 2.7000000000000015 
43.58563285167473, 25.765622118277964, 0.0, 0.0, 1.0 
59.58198275031163, 51.90560867257277, 0.0, 0.0, 1.0 
5.251428331573575, 40.57861469848267, 0.0, 0.0, 1.0 
1.6818285303254614, 9.634440009348259, 0.0, 0.0, 1.0 
24.718325014761383, 9.797483952082578, 0.0, 1.5511670118156162, 2.7000000000000015 
42.494948896810975, 48.51515595872526, 0.0, 9.06402812864459, 2.7000000000000015 
31.25300742703643, 7.306103727894753, 0.0, 0.0, 1.0 
10.265721866233573, 17.729597611236454, 0.0, 0.0, 1.0 
40.59113586399836, 19.04331456772024, 0.0, 0.0, 1.0 
14.975796790301033, 55.22685956025612, 0.0, 0.0, 1.0 
31.082512837807172, 52.2900709074019, 0.0, 0.9249970547022693, 2.7000000000000015 
18.441724516743932, 29.666439547996784, 0.0, 6.0315455476253055, 1.1 
41.69117924283077, 4.225790805533076, 0.0, 0.0, 1.0 
48.584504464961185, 20.689276491161067, 0.0, 0.0, 1.0 
25.43990505489872, 18.065898923448316, 0.0, 0.0, 1.0 
35.45245248706129, 54.47186240527642, 0.0, 1.1134022540278663, 2.7000000000000015 
51.71690292414064, 15.2188480313117, 0.0, 0.0, 1.0 
18.58327854554755, 25.94148655930062, 0.0, 0.6121910677229276, 1.2000000000000002 
39.2463972823034, 35.07187708607537, 0.0, 5.035457125866437, 1.2000000000000002 
3.156592572571231, 23.517084396002442, 0.0, 0.0, 1.0 
44.911823163997866, 21.93436377435854, 0.0, 0.0, 1.0 
57.28341620354742, 13.91032803438845, 0.0, -1.0212656000588247, 2.7000000000000015 
23.888949208538182, 59.85932636414708, 0.0, 0.0, 1.0 
21.034904297679198, 19.203282058906044, 0.0, 0.0, 1.0 
55.464171436479894, 0.43555125890123375, 0.0, 0.0, 1.0 
0.6213592349886574, 45.11152342067818, 0.0, 0.0, 1.0 
15.641250348492132, 5.827603523963014, 0.0, 3.2728317610256332, 2.7000000000000015 
14.150754699028289, 10.301903469040703, 0.0, 1.262205384865084, 2.200000000000001 
12.281000987371602, 57.232868970124784, 0.0, 5.690146078441751, 2.7000000000000015 
29.114869636230015, 16.519348163324324, 0.0, 0.0, 1.0 
46.476119939326054, 54.451503187118675, 0.0, 1.7838987025630841, 1.5000000000000004 
29.375557853735238, 6.554127381511881, 0.0, 2.777877250305908, 2.7000000000000015 
3.934244731319435, 58.49373235632412, 0.0, 6.416168057713651, 2.000000000000001 
17.72761229862465, 16.912658361516556, 0.0, 0.0, 1.0 
50.03243820175599, 16.007091009469956, 0.0, 0.0, 1.0 
38.45628452058786, 31.031851144905847, 0.0, 4.6004050191769625, 2.6000000000000014 
28.709189681404887, 46.881005942196275, 0.0, 5.251686890057347, 2.7000000000000015 
3.5046555947158278, 14.41922252979929, 0.0, 0.0, 1.0 
48.03180756311192, 28.438009352350743, 0.0, 0.0, 1.0 
3.2449798580755784, 30.167138778166997, 0.0, 0.0, 1.0 
15.869370471145093, 59.91297628265866, 0.0, 3.0607170754468647, 1.2000000000000002 
7.624874681239972, 8.998717064947828, 0.0, 0.0, 1.0 
60.25522018533663, 50.20564590015422, 0.0, 0.0, 1.0 
39.995689957205876, 29.031270720528358, 0.0, 6.021037860826531, 2.7000000000000015 
28.13217963321162, 11.312985198302988, 0.0, 0.0, 1.0 
45.68487564160862, 9.489361769962331, 0.0, 5.684818491410571, 2.7000000000000015 
0.47600084391866077, 56.93591001216384, 0.0, 0.0, 1.0 
55.45645924561543, 47.296871597141184, 0.0, 0.0, 1.0 
14.66125286324013, 57.02373393504337, 0.0, 5.813512666343833, 2.7000000000000015 
7.417721572217274, 31.813228648288753, 0.0, 3.160712829377889, 2.7000000000000015 
45.02855182099635, 46.88910441402899, 0.0, 9.046358330910243, 2.7000000000000015 
40.712303016550266, 46.55687682813691, 0.0, 2.1207052170720186, 2.5000000000000013 
21.13230050182704, 36.414645651527, 0.0, 0.0, 1.0 
33.05217935242926, 8.477676551686164, 0.0, 0.0, 1.0 
3.843448117796948, 53.05852933364279, 0.0, 1.3862225591519581, 1.1 
40.5299567615744, 31.315466878802486, 0.0, 1.0996058342291588, 1.2000000000000002 
36.17569746670644, 7.762130422401121, 0.0, 0.0, 1.0 
40.557171688568666, 0.42387897095971483, 0.0, 1.9835370559584233, 2.7000000000000015 
18.325998813703283, 31.687469362187475, 0.0, 0.0, 1.0 
6.766052796017848, 37.28045186397913, 0.0, 0.0, 1.0 
24.124806708211615, 24.639250877466793, 0.0, 2.3270682594627896, 1.4000000000000004 
54.089308464305965, 33.48138220809993, 0.0, 0.0, 1.0 
45.1807438387908, 43.30010993523875, 0.0, 8.784492578049264, 2.6000000000000014 
60.84574186185296, 23.43092242905268, 0.0, 0.0, 1.0 
58.75973161899832, 43.6331987646641, 0.0, 0.0, 1.0 
3.4757588252850633, 54.819203697744356, 0.0, 3.1499079528042073, 2.7000000000000015 
28.5809770884295, 20.596691503510794, 0.0, 0.0, 1.0 
8.663201707217953, 55.042716399300794, 0.0, 0.0, 1.0 
24.011661538916925, 44.64959680673018, 0.0, 0.0, 1.0 
46.31032804112691, 32.16586169991879, 0.0, 0.0, 1.0 
7.262179489025826, 13.227658659871713, 0.0, 0.0, 1.0 
20.575909454165913, 22.936267404939354, 0.0, 0.0, 1.0 
53.30639307416767, 14.253565220044843, 0.0, 0.0, 1.0 
57.386389077030685, 38.45643194029822, 0.0, 0.0, 1.0 
5.407403891938925, 29.91171911515948, 0.0, 0.0, 1.0 
28.991737612018724, 59.75457844148707, 0.0, 0.0, 1.0 
49.373611379318035, 33.58915113690884, 0.0, 0.0, 1.0 
45.36997138596055, 60.991027429688465, 0.0, 0.0, 1.0 
24.765315885058, 0.17264490699925428, 0.0, 0.0, 1.0 
25.89293738075249, 14.038306424957804, 0.0, 0.0, 1.0 
31.870955591478964, 34.5428790723265, 0.0, 4.063546723941025, 1.9000000000000008 
29.67187175107591, 38.01656872585156, 0.0, 1.6260538968543896, 2.7000000000000015 
27.002650611063487, 59.216649860665385, 0.0, 0.0, 1.0 
5.881231667240215, 38.894332460050926, 0.0, 0.0, 1.0 
5.152508329738129, 23.424666619515538, 0.0, 0.0, 1.0 
10.043227785924154, 19.70985055230833, 0.0, 0.0, 1.0 
29.11517039024783, 31.59180243439135, 0.0, 1.5686318576572593, 2.100000000000001 
46.946377623781366, 0.4444756040391908, 0.0, 1.6613660917186472, 2.7000000000000015 
46.25405009108013, 23.45152535736814, 0.0, 0.0, 1.0 
40.28066235157593, 9.265920912705166, 0.0, 0.0, 1.0 
34.076124671089055, 32.64676197280897, 0.0, 1.7783508620617288, 1.2000000000000002 
1.8701577439940709, 14.372984983608514, 0.0, 1.663585939862839, 2.6000000000000014 
29.386434404112627, 8.02579428937298, 0.0, 0.0, 1.0 
59.537072090963356, 61.48862135376716, 0.0, 0.0, 1.0 
3.207368172191169, 26.88280791873785, 0.0, 0.0, 1.0 
6.245462892676775, 24.972863653883085, 0.0, 0.0, 1.0 
5.762909103763103, 47.54545844829274, 0.0, 3.0004186661092125, 2.7000000000000015 
14.0327802647047, 16.36176841207202, 0.0, 0.0, 1.0 
48.87794525958449, 26.5206962131989, 0.0, 0.0, 1.0 
53.953682238110645, 52.566215582299264, 0.0, 0.0, 1.0 
23.241609349279077, 13.416876751165853, 0.0, 1.3007695525788898, 2.7000000000000015 
37.004596502144736, 32.75471025530893, 0.0, 1.772219226850409, 2.7000000000000015 
39.56071910132024, 10.479085994099158, 0.0, 6.470261434044263, 2.7000000000000015 
42.417495080715575, 36.44232383350346, 0.0, 0.0, 1.0 
25.471892737459445, 50.15093942638582, 0.0, 1.0765978114236534, 2.300000000000001 
15.364975361051524, 3.325539331676109, 0.0, 4.4645962267946935, 2.7000000000000015 
58.58248718482983, 55.43439589030217, 0.0, 0.0, 1.0 
40.88835705057917, 52.424954176391715, 0.0, 6.456146318446313, 2.7000000000000015 
19.466476427049308, 8.77401470715338, 0.0, -0.029517293643381237, 2.7000000000000015 
23.37243767791212, 28.281821623414455, 0.0, 0.4969629483762358, 2.200000000000001 
58.96397259421648, 1.6927751849588308, 0.0, 0.0, 1.0 
20.296011743583374, 56.081821093805004, 0.0, 0.5807593792749673, 2.7000000000000015 
0.08631281404934352, 41.73514714346538, 0.0, 0.0, 1.0 
8.657932604123062, 44.17769735239972, 0.0, 0.0, 1.0 
16.235644844642625, 45.312730834042924, 0.0, 3.176278517650531, 2.7000000000000015 
41.02520932905175, 35.05778388149781, 0.0, 5.000700062633006, 1.4000000000000004 
43.01195214304751, 22.273811879130623, 0.0, 0.0, 1.0 
57.467612137286245, 7.684839732567882, 0.0, -0.34663689307456264, 2.6000000000000014 
5.718806784168225, 9.768500085084666, 0.0, 0.0, 1.0 
19.523370882380622, 7.556951707555113, 0.0, -0.018907287191209494, 2.7000000000000015 
61.39797779830311, 53.64531814214791, 0.0, 0.0, 1.0 
36.19008160845383, 57.8367717163604, 0.0, 0.0, 1.0 
50.102769924325855, 44.02079157877998, 0.0, 3.81833044681484, 1.2000000000000002 
41.148576203645966, 22.59367480447252, 0.0, 0.0, 1.0 
22.585968408775123, 37.56394743807934, 0.0, 5.4011102530067685, 1.5000000000000004 
38.6625803376498, 53.79125139096219, 0.0, 4.139443303322842, 2.7000000000000015 
1.053527623025399, 39.92839390198224, 0.0, 0.0, 1.0 
60.89792461611229, 2.724387170177096, 0.0, -0.1263668329417384, 2.6000000000000014 
24.907151024415707, 36.473808381445544, 0.0, 0.0, 1.0 
30.87409868600369, 15.654860323240564, 0.0, 0.0, 1.0 
28.03010013979554, 39.00361244765637, 0.0, 0.0, 1.0 
57.642860592516136, 52.084702130591246, 0.0, 0.0, 1.0 
43.15692739497623, 16.43811834949689, 0.0, 0.0, 1.0 
51.59658792246587, 47.63932638874622, 0.0, 0.0, 1.0 
29.4429699508597, 14.51364298441656, 0.0, 0.0, 1.0 
47.04606949963688, 17.209609959079472, 0.0, 0.0, 1.0 
16.53506308113612, 50.48967896459122, 0.0, 5.742214343550818, 2.7000000000000015 
3.676755659494156, 41.11456802948799, 0.0, 0.0, 1.0 
27.798005376969773, 13.268432711432652, 0.0, 0.0, 1.0 
32.78857482043902, 6.485648621636984, 0.0, 0.0, 1.0 
37.03744773647959, 55.68928968328645, 0.0, 1.7500951039575443, 1.6000000000000005 
60.858354788113616, 1.2440289784791305, 0.0, 0.0, 1.0 
10.075014665438571, 6.627551451288163, 0.0, 5.815517844967791, 2.7000000000000015 
20.211038121258614, 42.228813609597864, 0.0, 0.0, 1.0 
24.886729000847346, 34.52795342187743, 0.0, 6.1330117363997125, 1.1 
56.845458487857464, 12.478391729887765, 0.0, 0.0, 1.0 
44.97957504106321, 58.80071079762652, 0.0, 1.3209848392662047, 2.7000000000000015 
31.124119218109506, 27.795971250675006, 0.0, 5.138071802078353, 2.7000000000000015 
8.868908220743641, 37.397366300243036, 0.0, 0.0, 1.0 
17.228125510572028, 24.13225755374578, 0.0, 0.5054700883908094, 1.4000000000000004 
51.83786811845569, 21.380957428806333, 0.0, 0.0, 1.0 
27.35315623602003, 60.898201907641855, 0.0, 0.0, 1.0 
18.15504453530725, 42.21443890896331, 0.0, 0.0, 1.0 
39.12609318104423, 13.061408554320954, 0.0, 0.0, 1.0 
48.857042609928484, 14.331546557326437, 0.0, 0.0, 1.0 
49.73829107112324, 41.21103741477556, 0.0, 8.386453424816663, 2.7000000000000015 
34.205215199105744, 29.68436239624918, 0.0, 6.396183034122207, 2.7000000000000015 
47.0012544921584, 2.94513898638869, 0.0, 0.0, 1.0 
0.24032460754603438, 10.779867029523778, 0.0, 0.0, 1.0 
60.44942430272763, 11.631326000517532, 0.0, 0.0, 1.0 
34.51819549808496, 35.134368299649964, 0.0, 0.8147271190235599, 2.7000000000000015 
5.2770630276134955, 51.642000810986744, 0.0, 0.0, 1.0 
0.5475599272437529, 12.823234175594257, 0.0, 0.0, 1.0 
27.31378399381327, 0.9743495793361467, 0.0, 0.5165484267528644, 2.7000000000000015 
8.475945296548764, 18.68820201987514, 0.0, 0.0, 1.0 
48.76269116809874, 45.66425535789084, 0.0, 0.0, 1.0 
26.734333799082485, 55.91558693813141, 0.0, 6.946088267128126, 2.7000000000000015 
32.58174942117621, 60.08689974350028, 0.0, 0.0, 1.0 
52.11692224106826, 52.615388107041774, 0.0, 0.0, 1.0 
42.40390624910169, 2.6881359169814, 0.0, 0.0, 1.0 
61.31797475665296, 58.572915112149595, 0.0, 0.0, 1.0 
27.16601246222129, 57.76437989896697, 0.0, 6.107924413232242, 2.7000000000000015 
19.539445101378274, 0.01746719290041463, 0.0, 0.0, 1.0 
26.769642252061825, 37.39341568756579, 0.0, 0.0, 1.0 
53.05436117657546, 59.19421607534012, 0.0, 0.0, 1.0 
10.970843243538335, 40.92151847007486, 0.0, 0.0, 1.0 
14.791056467650693, 21.950668425627956, 0.0, 0.0, 1.0 
19.42694129286244, 27.767205274617044, 0.0, 5.7320519797348055, 1.2000000000000002 
30.438375183695232, 1.2455343858922796, 0.0, 0.0, 1.0 
49.70287241073277, 8.548535867541569, 0.0, -0.005468434789601798, 2.4000000000000012 
3.3197596597996104, 19.966887318596303, 0.0, 0.0, 1.0 
56.19388130695557, 27.770583158195823, 0.0, 0.0, 1.0 
55.80067780814753, 45.46673803026599, 0.0, 0.0, 1.0 
20.865015620363035, 1.9040202560929866, 0.0, 4.562979664976196, 2.7000000000000015 
58.61758451545932, 6.287718523611106, 0.0, -0.39681560254854087, 2.7000000000000015 
49.36651439056186, 23.8698274720315, 0.0, 0.0, 1.0 
22.13346809321713, 47.72776233776122, 0.0, 3.0748870278196714, 2.7000000000000015 
42.04835804482874, 0.8721957784863588, 0.0, 0.0, 1.0 
16.79374707910787, 33.02497670445782, 0.0, 4.628478346295838, 1.1 
21.421152660696393, 6.390201590904756, 0.0, 6.181019245240436, 2.7000000000000015 
44.386668558440384, 11.93521474990485, 0.0, 0.0, 1.0 
12.027637517416952, 42.7504944362254, 0.0, 3.938356503558146, 1.1 
61.4256295668838, 46.76129163993883, 0.0, 0.0, 1.0 
1.9649206545506819, 38.32922399836139, 0.0, 0.0, 1.0 
15.520065977642329, 20.047488281925702, 0.0, 0.0, 1.0 
39.220982414665286, 59.50286243943532, 0.0, 1.936936092589558, 1.9000000000000008 
18.143979580023238, 38.67298522421485, 0.0, 0.0, 1.0 
1.1589914074578946, 55.29816486467797, 0.0, 0.0, 1.0 
19.030964580482152, 33.28090418371309, 0.0, 2.7072738865307096, 2.7000000000000015 
46.89188382338062, 35.68309124183024, 0.0, 0.0, 1.0 
50.45293298371823, 6.765880896957339, 0.0, -0.5506268677473523, 2.7000000000000015 
61.07141457780264, 19.07421719326804, 0.0, 0.0, 1.0 
19.9420137395422, 20.96988701781016, 0.0, 0.0, 1.0 
6.7183108321003315, 33.92996021033929, 0.0, 0.0, 1.0 
60.80885921561573, 48.50158765392815, 0.0, 0.0, 1.0 
43.40285002127202, 45.98493500698749, 0.0, 1.9139727314103825, 2.7000000000000015 
32.58544231570149, 16.628452273541324, 0.0, 0.0, 1.0 
42.70360920759357, 27.615228490807986, 0.0, 0.0, 1.0 
8.334341160837788, 24.887542952592334, 0.0, 0.0, 1.0 
3.277339172570071, 6.870610830048973, 0.0, 0.0, 1.0 
60.54167342808851, 40.03675043900216, 0.0, 0.0, 1.0 
61.01810078340389, 4.920213090422363, 0.0, -0.0065033943352149305, 2.7000000000000015 
36.16893592302493, 5.752288442737905, 0.0, 0.0, 1.0 
12.666177455425244, 10.375900534950475, 0.0, 1.0110837609310315, 2.6000000000000014 
19.388087140770867, 2.1777717750290115, 0.0, 0.0, 1.0 
58.48318673087177, 4.279412521916293, 0.0, 0.0, 1.0 
36.6050531807021, 22.16003150127796, 0.0, 0.0, 1.0 
26.41728064735121, 54.317517568244575, 0.0, 0.5244489928710598, 2.7000000000000015 
11.158361862399959, 22.934102206004926, 0.0, 0.0, 1.0 
36.084054268603246, 40.1027248938045, 0.0, 0.0, 1.0 
51.9601589368764, 12.728602127285699, 0.0, 0.0, 1.0 
11.069157578119187, 56.128980378389876, 0.0, 5.431001631183324, 2.7000000000000015 
53.99237275899856, 8.793318324356786, 0.0, -0.4526253721678006, 2.100000000000001 
60.78900183677759, 43.47376531129034, 0.0, 0.0, 1.0 
56.23951893305649, 36.774256679970044, 0.0, 0.0, 1.0 
59.428764491973574, 46.94520545609349, 0.0, 0.0, 1.0 
7.871006569487852, 0.07883436214311859, 0.0, 5.71447417112406, 2.7000000000000015 
1.3489378404858392, 43.33902531424394, 0.0, 0.0, 1.0 
50.48496570918688, 61.46554954634253, 0.0, 0.0, 1.0 
16.868657404155176, 2.646232236842793, 0.0, 6.929355098356816, 2.7000000000000015 
33.591890305125176, 11.578670508451506, 0.0, 0.0, 1.0 
46.11624849053715, 5.744015190022226, 0.0, 0.4490714038096228, 2.7000000000000015 
3.9984712112575767, 21.749252098476397, 0.0, 0.0, 1.0 
7.151800196073735, 3.2169560671589372, 0.0, 3.3215125708891615, 2.7000000000000015 
38.35040893693599, 0.9603575922247289, 0.0, 1.8718955840147407, 2.7000000000000015 
22.412479764439563, 23.667479849397285, 0.0, 0.0, 1.0 
39.993454658510174, 21.0050520592076, 0.0, 0.0, 1.0 
12.385489414471973, 45.10727260694328, 0.0, 2.3319562912138507, 1.9000000000000008 
54.73644025018904, 31.56665896639211, 0.0, 0.0, 1.0 
46.833635904605586, 26.838553131204197, 0.0, 0.0, 1.0 
43.769103799692715, 59.59295641706078, 0.0, 0.0, 1.0 
23.009422778935576, 16.336414651393305, 0.0, 1.5150697181590016, 2.7000000000000015 
33.9221159037314, 13.400181995437169, 0.0, 0.0, 1.0 
51.275491378316836, 54.49675806757466, 0.0, 0.0, 1.0 
29.300232901355283, 41.601054134516666, 0.0, 2.472131843503443, 2.6000000000000014 
28.46682307281352, 36.62519425509544, 0.0, 1.4668662753427257, 2.7000000000000015 
45.45126333130323, 34.03365172031136, 0.0, 0.0, 1.0 
8.705692579126195, 53.29022856190133, 0.0, 0.0, 1.0 
29.22618218151741, 9.865955384911755, 0.0, 0.0, 1.0 
10.46911285013584, 8.73076758973335, 0.0, 6.200317527932666, 1.8000000000000007 
50.261648843263586, 38.00528482991502, 0.0, 7.74418036160003, 2.7000000000000015 
12.736831986575528, 33.726167311122495, 0.0, 0.0, 1.0 
2.3958619717283187, 3.029741410757885, 0.0, 0.056888884206077475, 2.300000000000001 
27.762314894509824, 52.2873550611334, 0.0, 0.003270548406481489, 2.100000000000001 
44.31871958737625, 55.64935782076885, 0.0, 7.725079315532872, 2.7000000000000015 
38.70577896172843, 48.41887783974193, 0.0, 3.1978890495783534, 2.7000000000000015 
45.57959576931928, 25.385944240040835, 0.0, 0.0, 1.0 
27.817769350802838, 2.419291967976286, 0.0, 0.5036024985859745, 2.4000000000000012 
1.4497453393874788, 7.772583481403733, 0.0, 0.0, 1.0 
27.145983182259535, 43.8834030248196, 0.0, 1.9388902656572709, 2.6000000000000014 
55.2001151384822, 13.45760913350179, 0.0, 0.0, 1.0 
22.40592347739341, 56.349200603555154, 0.0, 0.5056540647010925, 2.6000000000000014 
25.547811704628618, 59.836343631861375, 0.0, 1.2226333100773052, 2.6000000000000014 
8.139870076883513, 32.84303414363313, 0.0, 3.22056685634381, 2.7000000000000015 
20.320586648117857, 24.612800343524054, 0.0, 0.2659805108854713, 2.7000000000000015 
0.47781448310639235, 61.111008856625354, 0.0, 0.0, 1.0 
60.04250510582723, 45.228001541357024, 0.0, 0.0, 1.0 
18.742601267301577, 46.140109742057014, 0.0, 0.0, 1.0 
39.676122450557095, 15.061049509509006, 0.0, 0.0, 1.0 
45.15806074456415, 2.7658685433049595, 0.0, 0.0, 1.0 
9.860316722216604, 46.49657573686389, 0.0, 2.51877539394736, 2.4000000000000012 
59.46863646433115, 8.043456921587438, 0.0, 0.0, 1.0 
49.76709859024122, 58.18109994601724, 0.0, 0.0, 1.0 
30.74302027480642, 11.02185878382845, 0.0, 0.0, 1.0 
22.768668054455947, 19.455657713063403, 0.0, 1.4999407545528316, 2.7000000000000015 
1.6241484762771634, 59.261170877188405, 0.0, 5.250510461311496, 1.3000000000000003 
52.81643246770451, 2.530073305808953, 0.0, 0.0, 1.0 
51.5400445361863, 1.4779604138355897, 0.0, 0.0, 1.0 
1.1133234797399219, 17.48492743583661, 0.0, 1.7603573230264051, 2.7000000000000015 
18.862839521001366, 13.6581650300303, 0.0, 0.0, 1.0 
11.15238280568157, 14.462281836332343, 0.0, 0.0, 1.0 
29.375935895950157, 42.85050878109954, 0.0, 2.573523560210925, 2.7000000000000015 
10.31917237402331, 2.6765358195316318, 0.0, 3.3661039317514003, 2.7000000000000015 
1.3015643253372833, 48.30010572602689, 0.0, 0.0, 1.0 
0.08784906119343898, 51.79076623041145, 0.0, 0.0, 1.0 
48.91865796354571, 12.28645912996976, 0.0, 0.0, 1.0 
43.69669640752803, 20.311729043563172, 0.0, 0.0, 1.0 
32.16873091250094, 41.0159495397362, 0.0, 3.262704299942916, 1.1 
5.4007943513065335, 13.749348570478324, 0.0, 0.0, 1.0 
45.751565329618806, 18.345165741242326, 0.0, 0.0, 1.0 
55.629065755494324, 9.358950048390081, 0.0, 0.0, 1.0 
37.23060876842917, 12.504445881788179, 0.0, 0.0, 1.0 
25.516823904758496, 56.95239989446768, 0.0, 6.295145641768423, 2.7000000000000015 
26.419598338641638, 10.133615640101793, 0.0, 0.0, 1.0 
57.306967025594105, 53.86053017273986, 0.0, 0.0, 1.0 
25.807910614894155, 25.537076188259938, 0.0, 2.9023259289391556, 1.1 
19.108388674048285, 40.40381987342399, 0.0, 0.0, 1.0 
50.57063310135256, 5.1295588453310685, 0.0, 0.3213383708294925, 2.4000000000000012 
39.30868139293881, 17.51801668118645, 0.0, 0.0, 1.0 
53.88940657394317, 35.472374759920264, 0.0, 0.0, 1.0 
22.807151621693915, 39.713068328682, 0.0, 0.0, 1.0 
25.469709793602856, 42.91059797682876, 0.0, 1.679248773840058, 2.7000000000000015 
1.2827065911431634, 1.4394684656437355, 0.0, 0.0, 1.0 
60.1647125180074, 15.503514967821946, 0.0, 0.0, 1.0 
20.6440015726861, 13.518880085057997, 0.0, 0.0, 1.0 
14.82822002200451, 33.62590805036674, 0.0, 0.0, 1.0 
3.09250783237183, 1.6140230335282155, 0.0, 0.0, 1.0 
57.214917936526284, 23.83408920865733, 0.0, 0.0, 1.0 
53.24183203213717, 54.25647884299998, 0.0, 0.0, 1.0 
49.698000157016374, 47.293357638027, 0.0, 0.0, 1.0 
59.267815328548856, 25.389391589398976, 0.0, 2.4803305428951914, 1.5000000000000004 
31.567449723813528, 47.14715134441758, 0.0, 2.2370028301445886, 2.7000000000000015 
22.285082660567472, 7.454216854002792, 0.0, 5.541518854027267, 2.7000000000000015 
29.81664623317334, 23.970129342308343, 0.0, 0.0, 1.0 
55.95097671140663, 6.267308192473034, 0.0, 0.06878447507236311, 2.7000000000000015 
16.13755377440921, 42.26969769726509, 0.0, 0.0, 1.0 
55.5001777998718, 42.06305874162755, 0.0, 0.0, 1.0 
57.133822855726315, 58.67408102488883, 0.0, 0.0, 1.0 
50.35740331457256, 49.2054626624109, 0.0, 0.0, 1.0 
2.511938597747682, 61.21846275631816, 0.0, 0.0, 1.0 
4.999232485751369, 3.9636166983409997, 0.0, 0.0, 1.0 
29.703486703225792, 5.129993077407237, 0.0, 0.0, 1.0 
47.20380089003173, 39.267824386908444, 0.0, 0.0, 1.0 
59.72979076530955, 17.829985297338048, 0.0, 0.0, 1.0 
59.23667141851252, 34.810838074337696, 0.0, 0.0, 1.0 
7.076944872559565, 50.7531411469183, 0.0, 0.0, 1.0 
33.91213933683668, 44.607760123229745, 0.0, 2.6446671181518497, 2.7000000000000015 
28.886872619673422, 18.551892760655754, 0.0, 0.0, 1.0 
47.34650557292586, 49.24823670422273, 0.0, 0.9825024119602324, 2.7000000000000015 
10.180362874931713, 15.997363896794257, 0.0, 0.0, 1.0 
55.27325080191468, 54.14616783038831, 0.0, 0.0, 1.0 
41.60806119980566, 8.041077144624374, 0.0, 0.0, 1.0 
15.865374674084412, 35.333996249935225, 0.0, 0.0, 1.0 
58.554659842614775, 16.44542507044291, 0.0, 0.0, 1.0 
59.60752456984378, 41.86617614693748, 0.0, 0.0, 1.0 
35.16995901793325, 23.332259595937874, 0.0, 0.0, 1.0 
6.664847372580208, 59.18867544658658, 0.0, 6.299153878103143, 2.300000000000001 
37.82776531624788, 40.66457734085768, 0.0, 2.4444391970338306, 2.7000000000000015 
10.112344657127554, 29.471894332168514, 0.0, 0.0, 1.0 
30.570220942317796, 60.510830381921465, 0.0, 0.0, 1.0 
47.44199331555413, 9.44611567864109, 0.0, 0.0, 1.0 
58.28903705793156, 60.15275711284846, 0.0, 0.0, 1.0 
4.20711095290046, 25.134309673432483, 0.0, 0.0, 1.0 
9.721709585123373, 42.51681210722056, 0.0, 0.0, 1.0 
59.57015416208158, 9.799179118171267, 0.0, 0.0, 1.0 
55.840350731787844, 4.982490811077807, 0.0, -0.1961214385867637, 2.7000000000000015 
39.872990231165474, 60.92870118135832, 0.0, 2.002336655340671, 2.6000000000000014 
26.217492283959857, 12.03114141717522, 0.0, 0.0, 1.0 
4.313915330398936, 60.12524278667947, 0.0, 6.239954780425504, 1.3000000000000003 
30.35378082646745, 45.41927742406047, 0.0, 4.572635380709594, 2.7000000000000015 
40.21500867253965, 24.429811515189947, 0.0, 0.0, 1.0 
51.26916991849632, 36.42229355942862, 0.0, 1.6530551412363275, 2.7000000000000015 
27.49591213779563, 26.671592239609385, 0.0, 0.0, 1.0 
38.68768814047823, 19.43761229705878, 0.0, 0.0, 1.0 
56.14039644907183, 33.1106043569923, 0.0, 0.0, 1.0 
20.06942156382377, 30.99761109303515, 0.0, 1.4704879866844156, 1.7000000000000006 
19.443033441566847, 51.98248067897104, 0.0, 7.1367641841206675, 2.7000000000000015 
36.88706873489323, 20.1509550082635, 0.0, 0.0, 1.0 
19.69419897520236, 17.506804258503127, 0.0, 0.0, 1.0 
37.63909062786688, 11.011017706624925, 0.0, 0.35887545647637076, 2.7000000000000015 
47.32359335314355, 58.79076166214475, 0.0, 1.7546984045496201, 2.100000000000001 
14.492958779727456, 29.39505168650693, 0.0, 0.21931396554176322, 1.2000000000000002 
15.086680336559514, 13.1098222934212, 0.0, 0.0, 1.0 
55.20714757749033, 11.449769944000586, 0.0, 0.0, 1.0 
8.98675891278976, 10.458957297977609, 0.0, 0.0, 1.0 
13.274635071257364, 55.01010969022395, 0.0, 5.400781135906035, 2.7000000000000015 
42.74756981395892, 57.867821427748716, 0.0, 0.0, 1.0 
21.8124042126584, 50.18951823970907, 0.0, 0.0, 1.0 
36.25587399061376, 15.692259884869083, 0.0, 0.0, 1.0 
27.890953276651757, 24.70776326551606, 0.0, 0.0, 1.0 
12.908433376316784, 37.30363648678025, 0.0, 0.0, 1.0 
6.608204945561635, 44.19132558230117, 0.0, 0.0, 1.0 
49.21220370916659, 38.98093642191679, 0.0, 1.608667104599192, 2.6000000000000014 
7.22034980330429, 48.81228555594715, 0.0, 0.0, 1.0 
37.56058501941719, 23.750699999950832, 0.0, 0.0, 1.0 
61.36764095563984, 7.195333832272622, 0.0, 0.0, 1.0 
22.229675461111565, 43.702770701940686, 0.0, 0.0, 1.0 
34.2372960323179, 15.42838512296261, 0.0, 0.0, 1.0 
31.7381785551799, 44.83890646624599, 0.0, 0.0, 1.0 
24.512402218952115, 54.55327939736882, 0.0, 0.98503768775594, 2.5000000000000013 
3.4294052436427616, 12.542964846292683, 0.0, 0.0, 1.0 
49.50003450765195, 59.92602157153567, 0.0, 0.0, 1.0 
47.6735851324453, 4.782703216141955, 0.0, 0.0, 1.0 
25.17365628883602, 20.192573795486524, 0.0, 0.0, 1.0 
34.21860004661935, 5.321285142945216, 0.0, 0.0, 1.0 
6.840852028056832, 7.125428100535066, 0.0, 0.0, 1.0 
53.82294593522836, 10.385742811553422, 0.0, 0.0, 1.0 
30.374585179214254, 25.887802544334892, 0.0, 0.0, 1.0 
25.982877349000017, 6.180125523796248, 0.0, 1.9065924539019297, 1.4000000000000004 
52.90304967362944, 5.347083007296392, 0.0, 0.3137820803122735, 2.5000000000000013 
45.22081185278886, 45.07072517574566, 0.0, 8.547461946895226, 2.7000000000000015 
45.11281016109868, 30.518291258751162, 0.0, 0.0, 1.0 
42.40005721336577, 38.04410303792352, 0.0, 6.009626651768075, 2.7000000000000015 
54.173651747063715, 27.770593320007944, 0.0, 0.8391399221413629, 2.4000000000000012 
33.51109632723287, 22.229991868608696, 0.0, 0.0, 1.0 
10.900650743482505, 37.38495053074726, 0.0, 0.0, 1.0 
23.322647653258247, 58.05234401276667, 0.0, 0.0, 1.0 
19.049643991488743, 36.75127503651468, 0.0, 0.0, 1.0 
54.394072541741394, 40.38818776167942, 0.0, 0.0, 1.0 
32.12457308388998, 54.82895695476326, 0.0, 0.9172775145663264, 2.7000000000000015 
14.872474339072218, 52.48461910052361, 0.0, 5.65025883000291, 2.7000000000000015 
24.616067771280566, 40.67033083471495, 0.0, 0.0, 1.0 
49.13177947935071, 10.240630169975429, 0.0, 0.0, 1.0 
23.750913161328604, 3.2714832571880756, 0.0, 0.0, 1.0 
9.420383478576703, 51.54211120504287, 0.0, 0.28995256120525953, 1.2000000000000002 
31.88168602941852, 21.084603073859146, 0.0, 0.0, 1.0 
58.17408529496515, 32.94211459802241, 0.0, 0.0, 1.0 
17.80325506087885, 1.2199651415291544, 0.0, 0.0, 1.0 
56.637906461160576, 10.588226880115398, 0.0, 0.0, 1.0 
1.2892988177357914, 20.09033715720472, 0.0, 0.0, 1.0 
6.880232829918497, 15.241704515751158, 0.0, 0.0, 1.0 
53.74243005689674, 57.45047403795305, 0.0, 0.0, 1.0 
58.165067577753966, 27.311719187230835, 0.0, 0.0, 1.0 
8.914345289133848, 40.73705438557574, 0.0, 0.0, 1.0 
17.312516380056373, 14.944258514252697, 0.0, 0.0, 1.0 
13.966910444824281, 38.99600262641638, 0.0, 0.0, 1.0 
1.9868150528338857, 21.870697205948872, 0.0, 0.0, 1.0 
57.88283764198675, 5.4632868531647825, 0.0, -0.09482556589997582, 2.7000000000000015 
50.46549585830267, 13.593834893542693, 0.0, 0.0, 1.0 
41.253862799714845, 17.112265897697146, 0.0, 0.0, 1.0 
16.223115864378695, 46.7352306998077, 0.0, 0.0, 1.0 
34.13044789003743, 37.29136122168442, 0.0, 1.3639346975094409, 2.7000000000000015 
23.905257398069615, 42.597648486344134, 0.0, 0.0, 1.0 
23.228218574340673, 8.591846279704932, 0.0, 0.0, 1.0 
14.090735095205318, 58.81015056149966, 0.0, 5.6248667327265895, 2.7000000000000015 
45.64288559228097, 12.998265910930165, 0.0, 0.0, 1.0 
48.236871291802714, 15.971375149969703, 0.0, 0.0, 1.0 
58.49132222189955, 14.612249774983457, 0.0, 0.0, 1.0 
57.76575518646766, 21.833599382257194, 0.0, 0.0, 1.0 
39.54596837996096, 33.19737320875875, 0.0, 2.8623005593181268, 2.7000000000000015 
17.652676437307992, 58.6746223886328, 0.0, 3.556846982567675, 1.1 
12.0896641692312, 16.43752307662524, 0.0, 4.870862026217081, 1.1 
59.205756772830554, 58.608134437398235, 0.0, 0.0, 1.0 
1.849418406954872, 53.4003543917512, 0.0, 0.0, 1.0 
34.63326846735148, 2.0565652419317675, 0.0, 0.0, 1.0 
4.971914565043327, 2.172155360870358, 0.0, 2.664330604729282, 2.300000000000001 
29.14396243086491, 26.719959890851985, 0.0, 4.510570824470871, 2.7000000000000015 
45.929223328113814, 10.95559023215323, 0.0, 0.0, 1.0 
5.40938590294302, 42.55899592465265, 0.0, 6.050221002763829, 1.1 
35.49098826675442, 11.711624954001532, 0.0, 0.0, 1.0 
12.675793134125836, 7.808490742326323, 0.0, 0.5651378724897494, 2.7000000000000015 
8.74897922435432, 34.25166095147233, 0.0, 0.0, 1.0 
52.588778208785676, 30.999189613732536, 0.0, 8.60949102268383, 2.7000000000000015 
40.77448080668751, 53.999855009093004, 0.0, 3.2202043495357735, 1.3000000000000003 
52.81448961562219, 16.949642280457294, 0.0, 0.0, 1.0 
55.18204781899196, 22.725558740753026, 0.0, 3.9207844398188008, 1.8000000000000007 
21.58631695349499, 17.207544047291528, 0.0, 0.0, 1.0 
53.66680202369311, 45.536839188717565, 0.0, 0.0, 1.0 
25.311539966788324, 30.864896538877876, 0.0, 6.075884606258168, 2.7000000000000015 
39.405123300094566, 7.807037901435016, 0.0, 0.0, 1.0 
45.154054464049906, 39.38602237336391, 0.0, 0.0, 1.0 
7.2107204956008495, 11.206500217332398, 0.0, 0.0, 1.0 
6.988553676764019, 52.597065963666196, 0.0, 5.6883583936738935, 2.7000000000000015 
57.80922091243536, 18.196034221209224, 0.0, 0.0, 1.0 
10.762499209349173, 33.880216509746404, 0.0, 0.0, 1.0 
35.15956642996501, 21.154299139846554, 0.0, 0.0, 1.0 
5.232536954366579, 49.277113756261876, 0.0, 0.0, 1.0 
1.2324884024727403, 30.19164807761263, 0.0, 0.0, 1.0 
20.31305787906393, 38.299278186105184, 0.0, 0.0, 1.0 
36.40617057204881, 61.45866861543463, 0.0, 1.9860165763159268, 2.6000000000000014 
19.374494743427917, 15.568174462439, 0.0, 3.455915889713594, 1.1 
60.22784628655487, 33.29208091543509, 0.0, 0.0, 1.0 
54.22356683520749, 60.58551928412381, 0.0, 0.0, 1.0 
54.74622402947135, 16.87070231902626, 0.0, 0.0, 1.0 
58.78403273331844, 30.76362957455163, 0.0, 0.0, 1.0 
29.754260251795372, 34.23805460923708, 0.0, 0.6849771564493601, 2.7000000000000015 
4.633567190556525, 0.48771709943855984, 0.0, 0.0, 1.0 
31.989636871848795, 25.210085157268512, 0.0, 0.0, 1.0 
50.34731315976633, 31.789904561915854, 0.0, 0.0, 1.0 
11.585218259513342, 20.91844147573812, 0.0, 0.0, 1.0 
43.79141460149252, 1.8389931507033175, 0.0, 0.0, 1.0 
55.478925497011694, 29.70314905195895, 0.0, 0.0, 1.0 
37.73616734766248, 8.974208963193233, 0.0, 0.0, 1.0 
42.83824066803691, 54.379875165094745, 0.0, 7.428936992654664, 2.7000000000000015 
28.691201201556478, 44.609213563180454, 0.0, 0.0, 1.0 
40.63934763951524, 27.54579287936966, 0.0, 0.0, 1.0 
30.37598102648238, 19.819147744413424, 0.0, 0.0, 1.0 
33.48735196370756, 24.230055470588095, 0.0, 0.0, 1.0 
18.054843453109687, 55.97466333246562, 0.0, -1.2504945174768682, 2.4000000000000012 
16.389237858741392, 57.290674240761554, 0.0, 5.1555875817235295, 2.7000000000000015 
47.263531874903, 13.492869634779355, 0.0, 0.0, 1.0 
35.445610424337154, 59.003919556487716, 0.0, 0.5670107881651485, 2.6000000000000014 
39.54018504880416, 26.39568260529608, 0.0, 5.447433091185687, 2.7000000000000015 
24.34636535593383, 15.718992131304931, 0.0, 1.6894895798044793, 2.5000000000000013 
60.26324190105266, 31.9111771561303, 0.0, 3.144172041465446, 2.7000000000000015 
52.44173849534187, 43.890712136272846, 0.0, 0.0, 1.0 
51.76937139274085, 50.704869520769584, 0.0, 0.0, 1.0 
57.87345555803519, 57.104117002711845, 0.0, 0.0, 1.0 
10.582701662240368, 4.199034546620423, 0.0, 3.69619167745544, 2.7000000000000015 
52.206748284471466, 40.59092120595823, 0.0, 0.0, 1.0 
49.25682404339009, 54.99077549994744, 0.0, 0.0, 1.0 
33.19176851828038, 58.464252936338504, 0.0, 0.6581512163945691, 2.7000000000000015 
22.77365066533622, 61.255066112241174, 0.0, 0.0, 1.0 
40.34080963321446, 40.00433596422243, 0.0, -0.6926585819520461, 2.7000000000000015 
59.01915845062681, 23.466428334149523, 0.0, 0.0, 1.0 
7.941002767254923, 57.90414952949644, 0.0, 0.004711538788162857, 1.1 
9.292976433256586, 59.024378446267285, 0.0, 5.368713817011615, 2.7000000000000015 
55.824409582242005, 57.23644058030656, 0.0, 0.0, 1.0 
53.33411311621248, 38.86104441818966, 0.0, 0.0, 1.0 
10.410345787917958, 24.810962465134253, 0.0, 0.0, 1.0 
17.93206579110626, 48.086585676860686, 0.0, 4.541047768351414, 2.7000000000000015 
8.309286079822728, 16.67259745011586, 0.0, 0.0, 1.0 
21.4679592645446, 31.294462332100693, 0.0, 1.7794202537458341, 2.5000000000000013 
53.980208082780216, 50.887758504555975, 0.0, 0.0, 1.0 
39.031141246411806, 2.437669212920692, 0.0, 1.8092667239797626, 2.300000000000001 
34.557099174855104, 7.2421436278088756, 0.0, 0.0, 1.0 
1.7427694885519538, 34.93573671938223, 0.0, 0.0, 1.0 
57.54210074799846, 41.98945820419221, 0.0, 0.0, 1.0 
23.558709745841035, 22.07228172695708, 0.0, 7.798397767866307, 2.7000000000000015 
27.53065094256679, 15.224232583163209, 0.0, 0.0, 1.0 
20.177666720354146, 47.08327126479815, 0.0, 2.656895504746055, 2.7000000000000015 
43.1893388740448, 9.36571370829412, 0.0, 0.045028010561494095, 2.7000000000000015 
55.51252633207069, 34.97356140881833, 0.0, 0.0, 1.0 
41.815691007778476, 20.700593786281985, 0.0, 0.0, 1.0 
16.353305842518733, 25.747273319971228, 0.0, 0.15335809047416013, 1.1 
51.76090647719845, 57.75351110414138, 0.0, 0.0, 1.0 
50.18752064704687, 19.566327979167145, 0.0, 0.0, 1.0 
50.97033499956272, 3.4637951527894955, 0.0, 0.0, 1.0 
0.30297577353587085, 14.861128832370104, 0.0, 0.0, 1.0 
13.345677660820868, 3.8163827426561925, 0.0, 4.0063104987274105, 2.7000000000000015 
10.385669403488533, 54.02601035526553, 0.0, 4.894054245232292, 2.7000000000000015 
60.24080569281949, 13.617898826455265, 0.0, 0.0, 1.0 
25.3831260996726, 2.1001955575099513, 0.0, 0.0, 1.0 
5.595263201226898, 57.52614156437546, 0.0, 0.43907126070086927, 1.8000000000000007 
53.267482204653724, 22.831134130146324, 0.0, 0.0, 1.0 
14.916862910014723, 37.18830191439448, 0.0, 0.0, 1.0 
23.28790202130533, 5.1739092936355595, 0.0, 0.0, 1.0 
14.078692944711424, 45.86621566281805, 0.0, 0.0, 1.0 
35.38027110449553, 17.161668940732632, 0.0, 0.0, 1.0 
45.1172502054411, 16.572140162108965, 0.0, 0.0, 1.0 
55.03880657071116, 58.85506241499522, 0.0, 0.0, 1.0 
33.7621134667265, 18.103873556664404, 0.0, 0.0, 1.0 
53.967625253905425, 18.764763872257436, 0.0, 0.0, 1.0 
9.107581864237597, 49.61745662456046, 0.0, 0.0, 1.0 
21.036226764683718, 28.7594701236706, 0.0, 1.7880763389392527, 1.7000000000000006 
52.523552933760215, 55.991480287963924, 0.0, 0.0, 1.0 
11.150690224489953, 27.780370803662514, 0.0, 0.0, 1.0 
10.8891226186078, 10.534761763202605, 0.0, 0.0, 1.0 
37.18521024777419, 18.067612391015476, 0.0, 0.0, 1.0 
17.81219724068092, 60.74057431347803, 0.0, 0.0, 1.0 
54.82905127909935, 2.1649425202454577, 0.0, 0.0, 1.0 
36.20623401693482, 27.045329832433396, 0.0, 0.0, 1.0 
31.847133552837352, 12.664906625578825, 0.0, 0.0, 1.0 
45.72145624505218, 4.301380558784729, 0.0, 0.0, 1.0 
12.308075283827806, 29.526400897961363, 0.0, 0.38083766605676117, 1.1 
15.060687316333244, 44.02580330958863, 0.0, 0.0, 1.0 
44.983777010939946, 36.345280585504725, 0.0, 5.306941307809816, 2.7000000000000015 
25.459060119055263, 45.63323152759539, 0.0, 1.982219887797639, 2.7000000000000015 
11.997639123548272, 58.98462877292745, 0.0, 5.592185287711718, 2.7000000000000015 
31.984236898475405, 4.989811691604031, 0.0, 0.0, 1.0 
27.567274313657553, 8.771617931679383, 0.0, 0.0, 1.0 
14.164059678645158, 25.856565746080307, 0.0, 0.4037189781966533, 1.1 
51.21965727627401, 29.924255194339676, 0.0, 0.0, 1.0 
35.00458503155987, 56.46447166297056, 0.0, 0.0, 1.0 
7.778610368087344, 1.6516876415504207, 0.0, 2.7668475949251903, 2.7000000000000015 
55.80347414220708, 21.138136460228946, 0.0, 0.0, 1.0 
35.39323056188657, 19.169514506030477, 0.0, 0.0, 1.0 
41.71555783299681, 59.33864337212168, 0.0, 0.0, 1.0 
48.331035853745284, 31.916698723945206, 0.0, 0.0, 1.0 
42.264931140173644, 24.14846582041236, 0.0, 0.0, 1.0 
42.81618680348192, 12.9100074236386, 0.0, 0.0, 1.0 
51.34123736424268, 23.430343402922617, 0.0, 0.0, 1.0 
27.670602630185687, 5.580570121814223, 0.0, 0.0, 1.0 
55.358738302481676, 7.394808080464495, 0.0, -0.2272256765381395, 2.6000000000000014 
12.68943071429834, 47.15691548754433, 0.0, 0.0, 1.0 
2.0083676546876164, 11.497052421151025, 0.0, 0.0, 1.0 
10.609570047964217, 47.55214474159991, 0.0, 5.590568261558407, 2.200000000000001 
3.6362955363928475, 50.40906390699317, 0.0, 0.0, 1.0 
28.984223252306812, 0.24771457324019225, 0.0, 0.0, 1.0 
56.770452776605524, 48.87652941680043, 0.0, 0.0, 1.0 
23.807487459048648, 50.04834302294373, 0.0, 0.8290426554742609, 2.7000000000000015 
19.201736260062383, 57.436491904795524, 0.0, 0.0, 1.0 
19.894407426441493, 50.56245572281231, 0.0, 6.953795028589585, 2.7000000000000015 
25.777347942980846, 16.087001835549618, 0.0, 0.0, 1.0 
26.66188219048807, 3.6842510745964687, 0.0, 0.0, 1.0 
25.05880315697241, 22.245962540648062, 0.0, 0.0, 1.0 
41.84012831532891, 46.90971746714657, 0.0, 2.0124873807917005, 2.7000000000000015 
5.147480731357756, 5.994645342259796, 0.0, 0.0, 1.0 
50.54557489027449, 56.31381847379565, 0.0, 0.0, 1.0 
41.84236339647258, 29.517691577741292, 0.0, 0.0, 1.0 
31.038463678397473, 43.07218923619652, 0.0, 2.5631146574276618, 2.7000000000000015 
61.45244196403468, 38.25135674640623, 0.0, 0.0, 1.0 
26.111658849837386, 39.319502881445295, 0.0, 0.0, 1.0 
50.72729062037918, 34.24635802535016, 0.0, 1.9293102651865908, 2.7000000000000015 
44.02726900849774, 5.618920579492901, 0.0, 0.35711652437453456, 2.7000000000000015 
45.44152389475322, 56.38139770876875, 0.0, 1.5146019000082829, 2.7000000000000015 
23.549608718583055, 10.93606351452078, 0.0, 1.629798343358912, 2.6000000000000014 
13.05412493750058, 22.300297845265565, 0.0, 0.0, 1.0 
28.218940546284127, 22.695415068732046, 0.0, 0.0, 1.0 
44.30195071377581, 32.31170688476455, 0.0, 0.0, 1.0 
28.493155722885852, 4.012231230162293, 0.0, 0.0, 1.0 
42.435543052408185, 60.78078712341805, 0.0, 0.0, 1.0 
58.30073700032288, 36.614748407093344, 0.0, 0.0, 1.0 
48.00855546383393, 37.41681612402183, 0.0, 0.0, 1.0 
28.33421313834695, 50.9754712267948, 0.0, 0.3387002669472462, 2.7000000000000015 
31.19485287053852, 58.724462927655686, 0.0, 0.0, 1.0 
58.762396947609055, 48.662529318200875, 0.0, 0.0, 1.0 
8.100226020697258, 56.449612475586505, 0.0, 0.21282792494633723, 2.7000000000000015 
15.329601177130343, 15.20994135620351, 0.0, 3.8952224200246794, 1.7000000000000006 
4.875121526020213, 15.732785513723421, 0.0, 0.0, 1.0 
30.760173145490892, 17.680497647359257, 0.0, 0.0, 1.0 
6.299696786136547, 17.2089984651271, 0.0, 0.0, 1.0 
4.641078224456988, 44.460228188083605, 0.0, 0.0, 1.0 
58.1305773231184, 2.9440947826437007, 0.0, 0.0, 1.0 
33.21933200367706, 39.47465177328963, 0.0, 3.0886421285900525, 2.6000000000000014 
35.742696221526316, 45.20511004855236, 0.0, 6.019237962146997, 2.7000000000000015 
44.769547054484825, 53.131179027396804, 0.0, 1.4038144785289923, 2.7000000000000015 
20.91957497375747, 40.19594284910376, 0.0, 0.0, 1.0 
32.46506763737819, 2.9402625231363997, 0.0, 2.2268703368290725, 2.6000000000000014 
47.13870140576641, 44.88258161568248, 0.0, 8.814473919420221, 2.7000000000000015 
40.7015090647055, 2.409708573355677, 0.0, 0.0, 1.0 
21.860597342334685, 59.45651044139516, 0.0, 0.0, 1.0 
56.26570968995715, 3.5439530110842146, 0.0, 0.0, 1.0 
16.120551298039665, 8.489222560087635, 0.0, 4.5051909926841605, 2.7000000000000015 
43.080696634021656, 33.69592028010033, 0.0, 6.1374303026662, 2.000000000000001 
33.61517743502844, 3.7243742580327064, 0.0, 0.0, 1.0 
43.823204476709094, 35.19961340332512, 0.0, 0.0, 1.0 
28.390064878070472, 40.95433046558607, 0.0, 2.247198811100016, 2.7000000000000015 
25.06982756762991, 4.576485245590731, 0.0, 0.0, 1.0 
37.68354562810729, 57.62574326117579, 0.0, 1.9722337542449868, 2.7000000000000015 
13.68504506549014, 1.7781213602822221, 0.0, 6.008581539595735, 2.4000000000000012 
26.793332600484334, 41.43214784624301, 0.0, 1.7772884030983493, 1.8000000000000007 
55.819836155489625, 52.44340209446864, 0.0, 0.0, 1.0 
43.6252275245932, 8.1775480965163, 0.0, 0.0, 1.0 
45.412843834677254, 6.943674696715809, 0.0, -0.14720213835395773, 2.4000000000000012 
27.283649145346924, 17.319983634804665, 0.0, 0.0, 1.0 
41.30644000423569, 5.591862164518527, 0.0, 0.19892155873742448, 2.300000000000001 
16.43149314771362, 48.58610714002234, 0.0, 5.2001119510225084, 2.7000000000000015 
37.52219240915228, 0.20384196216567457, 0.0, 2.010027787450862, 2.7000000000000015 
37.99626259143352, 25.694558094054802, 0.0, 0.0, 1.0 
37.66062027467917, 28.478541015086208, 0.0, 0.0, 1.0 
9.662530291908384, 21.548022984545188, 0.0, 0.0, 1.0 
20.797569873529156, 45.11541953762309, 0.0, 0.0, 1.0 
21.643133254789504, 52.48960601342451, 0.0, 0.5632370603184256, 2.000000000000001 
35.397617981031104, 9.491418509654165, 0.0, 0.2771001835312332, 1.4000000000000004 
61.22469456111911, 3.8280508623923986, 0.0, -0.12210213508842543, 2.7000000000000015 
57.486518779869776, 29.27651618179295, 0.0, 0.0, 1.0 
17.80295463688579, 10.219794084333499, 0.0, 0.0, 1.0 
9.154169468630966, 23.2030069887218, 0.0, 0.0, 1.0 
34.176323006778496, 26.34282442717116, 0.0, 2.1157101135745386, 1.3000000000000003 
49.031678275425286, 17.86137062453738, 0.0, 0.0, 1.0 
22.944855961151553, 35.40632885838928, 0.0, 0.0, 1.0 
8.660723280179715, 28.188682082461646, 0.0, 0.0, 1.0 
55.023403119415036, 15.112130450468015, 0.0, -0.46215435198336835, 2.7000000000000015 
48.07074074223659, 41.13268458774029, 0.0, 8.151782523024925, 2.100000000000001 
59.48169272148093, 28.832949611940453, 0.0, 0.0, 1.0 
40.98277554728471, 13.274974962992568, 0.0, 0.0, 1.0 
8.72781683271602, 5.275756156485419, 0.0, 5.53911152641014, 2.4000000000000012 
7.837935338550836, 20.895025036028773, 0.0, 0.0, 1.0 
1.844523966808189, 31.71932575381097, 0.0, 3.3788104382075774, 2.7000000000000015 
43.84511352534688, 29.147503200260612, 0.0, 0.0, 1.0 
13.893710790293962, 18.32927702461563, 0.0, 0.0, 1.0 
2.812121630469957, 36.71669542772459, 0.0, 0.0, 1.0 
7.576224041492727, 30.716059967703806, 0.0, 9.249586928311292, 2.7000000000000015 
53.46153515743705, 0.835038813070702, 0.0, 0.0, 1.0 
51.048880990384966, 17.711269226220203, 0.0, 0.0, 1.0 
40.308035472582894, 6.5495906031226365, 0.0, 0.29811004615320386, 2.7000000000000015 
37.83093238079834, 3.250157181536759, 0.0, 1.116522156480476, 2.7000000000000015 
32.42256169539928, 14.62611161375938, 0.0, 0.0, 1.0 
37.694685437520995, 35.235705882376564, 0.0, 1.600823803258951, 2.7000000000000015 
40.339307108884995, 41.624860957975194, 0.0, -0.7400077965017106, 2.7000000000000015 
3.3382445556549274, 43.02944579929097, 0.0, 0.0, 1.0 
31.706955968159278, 0.17354891178184595, 0.0, 0.0, 1.0 
54.54348182967227, 55.789199664889765, 0.0, 0.0, 1.0 
16.228361461101287, 30.508289918180964, 0.0, 1.5412176903601043, 2.200000000000001 
2.1129922578004754, 51.53278376284361, 0.0, 0.0, 1.0 
43.934089596189864, 0.12078114274991256, 0.0, 0.0, 1.0 
59.32875159617753, 53.74591439875742, 0.0, 0.0, 1.0 
0.8339331762357843, 36.638558316671734, 0.0, 0.0, 1.0 
42.41374423294265, 18.73980611160014, 0.0, 0.0, 1.0 
13.182449453953042, 14.536236392946988, 0.0, 0.0, 1.0 
60.44080191804054, 6.291228907221638, 0.0, -0.43477195807024366, 2.5000000000000013 
26.753604791547442, 21.391490033521944, 0.0, 0.0, 1.0 
13.505266873751081, 20.301515944542253, 0.0, 0.0, 1.0 
7.547586275507833, 42.44455915849789, 0.0, 0.0, 1.0 
57.505352090112304, 0.23449664647001134, 0.0, 0.0, 1.0 
52.703616004217295, 4.044573056770654, 0.0, 0.0, 1.0 
44.26326231323242, 23.850883678954567, 0.0, 0.0, 1.0 
21.907050011931887, 53.95322801329302, 0.0, 0.2697251018879831, 2.7000000000000015 
19.173391160714463, 44.011264872301794, 0.0, 0.0, 1.0 
48.14969738432989, 53.27445491362207, 0.0, 0.0, 1.0 
50.10537623611441, 53.35597379913994, 0.0, 0.0, 1.0 
5.6986707692093646, 35.5821564565492, 0.0, 0.0, 1.0 
7.400860409881058, 29.40470802280216, 0.0, 0.0, 1.0 
2.143198018015604, 25.30604295702927, 0.0, 0.0, 1.0 
61.30851444493414, 8.949914389686539, 0.0, 0.0, 1.0 
12.811742826291708, 24.23910790086174, 0.0, 0.0, 1.0 
4.204829552894818, 17.49195738937753, 0.0, 0.0, 1.0 
2.205702536222718, 28.55878899461332, 0.0, 0.0, 1.0 
4.978564621832408, 8.002027142928252, 0.0, 0.0, 1.0 
38.599094706921775, 44.82595088990545, 0.0, -0.5124898703725896, 2.7000000000000015 
33.797553769532165, 54.863863172657226, 0.0, 0.0, 1.0 
60.31979800547794, 36.5756622815314, 0.0, 0.0, 1.0 
31.725786711585194, 23.18663495630634, 0.0, 0.0, 1.0 
48.95096934870287, 35.547306611084, 0.0, 0.0, 1.0 
15.931307752661647, 0.4530383314556906, 0.0, 2.7501879371339832, 1.2000000000000002 
54.73453569833752, 49.13633527180738, 0.0, 0.0, 1.0 
46.012861400653556, 28.705783508249866, 0.0, 0.0, 1.0 
21.20822414076031, 61.236311533074854, 0.0, 4.312559406146624, 2.7000000000000015 
4.328344779877791, 31.31696976161561, 0.0, 3.131588592327873, 2.7000000000000015 
23.302481338102712, 1.5171053694489558, 0.0, 0.0, 1.0 
35.419235272487875, 38.05310459536356, 0.0, 1.6257393196663321, 2.7000000000000015 
42.603440675138884, 10.25447958922358, 0.0, 6.3222443344582855, 2.5000000000000013 
49.79224614021292, 1.8328158990395707, 0.0, 0.0, 1.0 
60.20786065392605, 26.98964785026663, 0.0, 0.0, 1.0 
46.18151962677192, 41.14488377121856, 0.0, 6.234247637448648, 1.1 
14.906343255259458, 24.030358590879008, 0.0, 0.7394006298471908, 1.2000000000000002 
21.4549359677765, 15.229410006300254, 0.0, 0.0, 1.0 
2.3878906224320295, 18.298827054671087, 0.0, 0.0, 1.0 
43.15802544397061, 6.62588108869737, 0.0, 0.0031450067982984995, 2.7000000000000015 
31.01250353958154, 39.182176665748145, 0.0, 0.0, 1.0 
34.458663544165375, 0.5139245427083753, 0.0, 2.434797447242373, 2.200000000000001 
55.011400720048734, 26.245004125537463, 0.0, 3.145241863242825, 1.2000000000000002 
45.64998112297229, 8.201677997673176, 0.0, 0.0, 1.0 
29.72009121951563, 48.09953136154036, 0.0, 4.783136644115147, 2.7000000000000015 
52.743830043266414, 28.68774576699435, 0.0, 0.0, 1.0 
47.77215126334741, 43.26647007891417, 0.0, 2.933037665704385, 2.7000000000000015 
47.47994742074508, 11.46182201897749, 0.0, 0.0, 1.0 
32.610061282281066, 27.933507954908965, 0.0, 1.650045968489723, 1.7000000000000006 
21.01334549318427, 5.151480494897395, 0.0, 0.12224836216629249, 2.7000000000000015 
43.53724646925727, 52.60487589731487, 0.0, 1.4370058772317709, 2.7000000000000015 
40.01031389104317, 37.240139878095775, 0.0, 5.947396873810381, 2.6000000000000014 
27.294630239204274, 46.03636035017943, 0.0, 1.3032779044297578, 1.1 
15.325015705054698, 27.55310119780065, 0.0, 0.0, 1.0 
60.776578430185914, 30.348866397874808, 0.0, 0.0, 1.0 
0.01305301399131561, 28.542375693583665, 0.0, 0.0, 1.0 
45.646120166013276, 1.1924385221860287, 0.0, 0.0, 1.0 
15.048463770082156, 40.67909095823742, 0.0, 0.0, 1.0 
41.122587583964894, 55.92019870504737, 0.0, 0.0, 1.0 
43.388395530779526, 39.47331368045106, 0.0, 0.0, 1.0 
20.24899394062027, 10.03680024919558, 0.0, 2.750308930851828, 2.7000000000000015 
16.049300513917512, 38.86025619959063, 0.0, 0.0, 1.0 
22.041622136709258, 2.973191442515104, 0.0, 4.651178147516253, 2.6000000000000014 
45.62625276662605, 20.031595856324707, 0.0, 0.0, 1.0 
21.928604101208922, 21.428063130803405, 0.0, 0.0, 1.0 
56.27084695031856, 60.28754324412619, 0.0, 0.0, 1.0 
51.82393414686651, 26.92497767357615, 0.0, 6.128574068806066, 1.2000000000000002 
52.19149461945067, 19.39104811958716, 0.0, 0.0, 1.0 
6.291495511970846, 28.151822459888496, 0.0, 0.0, 1.0 
1.9976416866314297, 41.51831155663275, 0.0, 0.0, 1.0 
25.14046224393114, 52.308109611094025, 0.0, 0.0, 1.0 
59.860948520869066, 21.600388260702584, 0.0, 0.0, 1.0 
57.39093897914333, 47.11160078610051, 0.0, 0.0, 1.0 
26.032273042581636, 47.69041285426605, 0.0, 1.7197259240526068, 1.3000000000000003 
2.8226461989389047, 33.39659254328931, 0.0, 0.0, 1.0 
27.012526604272217, 19.337300503678378, 0.0, 0.0, 1.0 
51.899066590685884, 6.910159855406215, 0.0, -0.6169635499825894, 2.6000000000000014 
43.19845554932207, 56.51664669897123, 0.0, 7.225070818402733, 2.7000000000000015 
57.34031532866097, 34.79521827036001, 0.0, 0.0, 1.0 
53.435343874299924, 42.156749989617936, 0.0, 0.0, 1.0 
21.24953233083644, 57.8221773754752, 0.0, 0.0, 1.0 
19.582073776157497, 59.44666786147619, 0.0, 2.2893419952260037, 1.2000000000000002 
36.06317869889006, 42.7793519025245, 0.0, 2.6945487100265346, 2.7000000000000015 
54.210931031246176, 37.1220971868691, 0.0, 0.0, 1.0 
37.812220328817894, 6.775296259170629, 0.0, 0.0, 1.0 
10.696079731445542, 44.31360927509363, 0.0, 0.0, 1.0 
23.001716626304546, 26.35666841593486, 0.0, 0.9222060983597311, 2.7000000000000015 
14.054983529069721, 42.48104798309495, 0.0, 0.0, 1.0 
17.371242225886572, 27.61468537058599, 0.0, 1.430191355155959, 1.1 
51.51797943970575, 45.657277886020594, 0.0, 0.0, 1.0 
50.56486597797169, 25.350076341710057, 0.0, 0.0, 1.0 
3.2143363310217725, 8.743390840721213, 0.0, 0.0, 1.0 
16.50367259814659, 53.188205480924836, 0.0, 0.0, 1.0 
8.816793151779091, 14.57221909023317, 0.0, 0.0, 1.0 
34.05498894254862, 41.79098042982125, 0.0, 2.7520835073749126, 2.6000000000000014 
35.74850200072267, 13.799756873516609, 0.0, 0.0, 1.0 
17.07088156293155, 18.84975907944094, 0.0, 0.0, 1.0 
42.78358971608669, 44.01152334913274, 0.0, 2.4627257652550694, 2.7000000000000015 
58.2182151235932, 50.41123305627161, 0.0, 0.0, 1.0 
30.53893813426968, 54.35984828846582, 0.0, 0.9603933639718494, 2.7000000000000015 
5.921885256519853, 45.92923210787857, 0.0, 0.0, 1.0 
33.07310466443281, 43.35589414520734, 0.0, 2.8419538592247338, 2.7000000000000015 
52.47508962877241, 32.999119831245274, 0.0, 8.387929940322017, 2.7000000000000015 
46.04959425217504, 37.57775123650628, 0.0, 0.0, 1.0 
44.03800870259965, 18.306026839182646, 0.0, 0.0, 1.0 
9.830196896522935, 35.696286408947714, 0.0, 0.0, 1.0 
43.729608548466366, 3.9822746359929018, 0.0, 0.0, 1.0 
19.63041547852243, 11.761106329618798, 0.0, 0.0, 1.0 
26.34028015066921, 23.563080431401225, 0.0, 0.0, 1.0 
61.286959263142286, 34.87870257286831, 0.0, 0.0, 1.0 
5.269900722816443, 11.789301673712774, 0.0, 0.0, 1.0 
4.28880482768975, 28.461362772182945, 0.0, 0.0, 1.0 
56.76774305954607, 25.41621502812909, 0.0, 3.6695548927310777, 1.9000000000000008 
11.958585832050348, 39.11338706528705, 0.0, 0.0, 1.0 
56.78441551188621, 1.7661663543673138, 0.0, 0.0, 1.0 
21.049632944585245, 26.36199943358077, 0.0, 0.4064221980253043, 1.4000000000000004 
23.274285331471518, 30.01727626705774, 0.0, 2.7501983462286965, 1.1 
24.892098240326767, 27.574112636040287, 0.0, 1.2810059605873567, 2.7000000000000015 
14.627908228840267, 47.817991868046924, 0.0, 0.0, 1.0 
24.993764936064785, 32.59799997755175, 0.0, 0.0, 1.0 
3.319066128812495, 48.36680704598831, 0.0, 0.0, 1.0 
30.46203633074097, 31.96348442620462, 0.0, 4.5879533346091455, 2.7000000000000015 
33.12862794701542, 52.950087502749554, 0.0, 0.0, 1.0 
58.44430650283883, 40.162672985570325, 0.0, 0.0, 1.0 
5.014607220919047, 18.789825411676325, 0.0, 0.0, 1.0 
53.54256220211655, 12.256924585750376, 0.0, 0.0, 1.0 
38.22723146918209, 21.434637866871743, 0.0, 0.0, 1.0 
18.995117933263746, 19.145954434526672, 0.0, 0.0, 1.0 
28.683454417916014, 28.986371545057917, 0.0, 0.7323918133361179, 1.7000000000000006 
36.004379485454486, 25.121055631958658, 0.0, 0.0, 1.0 
56.45566506496475, 40.254422026124736, 0.0, 0.0, 1.0 
13.85148317842907, 35.44139248290393, 0.0, 0.0, 1.0 
3.8398290981507968, 39.06152874222849, 0.0, 0.0, 1.0 
