position_x,position_y,position_z,orientation,aspect_ratio
8.423910112041117, 12.43009795659366, 0.0, 3.0551257487927357, 1.4000000000000004 
13.084457261596816, 45.10720834682932, 0.0, 0.0, 1.0 
37.92218223930955, 57.86634193542677, 0.0, 0.0, 1.0 
25.397364887346935, 1.5710651994699238, 0.0, 0.0, 1.0 
26.478050630971843, 19.389423399628026, 0.0, 4.789514060234266, 1.1 
17.939236101713924, 11.677799337599406, 0.0, 0.0, 1.0 
57.466578745609006, 31.744087875714712, 0.0, 0.0, 1.0 
49.33866201761942, 27.93542425301656, 0.0, 0.0, 1.0 
56.57806920320306, 26.307714420454158, 0.0, 0.0, 1.0 
6.938261041552521, 55.61504863838608, 0.0, 0.0, 1.0 
58.590916197303926, 26.374258056356158, 0.0, 0.0, 1.0 
10.955598902557488, 7.366771403093519, 0.0, 0.0, 1.0 
18.526002400527698, 50.13900723582886, 0.0, 0.0, 1.0 
25.468920141018728, 60.490711399890614, 0.0, 0.0, 1.0 
18.54947485021819, 52.1492017021219, 0.0, 0.0, 1.0 
50.468801258142065, 60.12323211026668, 0.0, 0.0, 1.0 
24.823161100001663, 16.151699875097975, 0.0, 0.0, 1.0 
52.47986505217373, 60.22191461231281, 0.0, 0.0, 1.0 
16.699467317093692, 49.09879447050918, 0.0, 0.0, 1.0 
8.852315834330298, 28.790320444294846, 0.0, 1.1809576840815867, 1.3000000000000003 
31.0808943294951, 51.26391566709473, 0.0, 0.0, 1.0 
12.910204323403072, 41.02011898642559, 0.0, 0.0, 1.0 
23.638052238666678, 40.6932394904266, 0.0, 0.0, 1.0 
1.5675159607034508, 47.723671551808074, 0.0, 5.227850500487476, 1.3000000000000003 
59.306149483826424, 46.065944020557836, 0.0, 0.0, 1.0 
11.416093197013298, 54.24993391300232, 0.0, 0.0, 1.0 
14.18167673094575, 27.705739417927557, 0.0, 0.0, 1.0 
41.16955761711082, 3.1616154667574077, 0.0, 0.0, 1.0 
26.631035872742885, 30.06230677694735, 0.0, 0.0, 1.0 
33.69934604061388, 15.37001098857542, 0.0, 0.0, 1.0 
5.764692245787363, 51.30693624240481, 0.0, 5.515413754013992, 1.8000000000000007 
48.88903088565113, 7.936787299946138, 0.0, 0.0, 1.0 
2.6949963768796117, 58.974513962237225, 0.0, 0.0, 1.0 
40.946382557553484, 9.337609549456298, 0.0, 0.0, 1.0 
11.380323070923298, 50.18160746987941, 0.0, 0.0, 1.0 
16.456785597345053, 38.89811425474686, 0.0, 0.0, 1.0 
7.454662132191172, 38.10436409265663, 0.0, 0.0, 1.0 
58.5224650320031, 29.935159087605793, 0.0, 0.0, 1.0 
35.75207355502248, 40.1764912713553, 0.0, 0.0, 1.0 
42.7164746587399, 8.396243513037243, 0.0, 0.0, 1.0 
23.191863434489104, 15.03608852017525, 0.0, 0.0, 1.0 
11.004498523109635, 38.02961172875002, 0.0, 0.0, 1.0 
32.00900463547485, 12.227629440755763, 0.0, 0.0, 1.0 
44.119698340010345, 33.236165309262724, 0.0, 0.0, 1.0 
59.50351234027874, 1.288393304285665, 0.0, 0.0, 1.0 
16.275557536129543, 34.79643661039016, 0.0, 0.0, 1.0 
10.785308285121175, 13.445512424962343, 0.0, 0.0, 1.0 
28.669373091401468, 7.936865725676316, 0.0, 0.0, 1.0 
7.399642158491805, 40.05662488853257, 0.0, 0.0, 1.0 
30.41453074838197, 9.005975377696394, 0.0, 0.0, 1.0 
3.795138597282587, 22.952759602519393, 0.0, 0.0, 1.0 
34.298119532278896, 59.765313809672826, 0.0, 0.0, 1.0 
12.430384495435666, 16.58610696694972, 0.0, 0.0, 1.0 
33.62627432466798, 27.737534469318014, 0.0, 0.0, 1.0 
40.69548341960927, 45.60710783437665, 0.0, 0.0, 1.0 
51.19459298641279, 38.72815373835284, 0.0, 0.0, 1.0 
35.34598791724176, 20.55153742956147, 0.0, 0.0, 1.0 
30.72429907787119, 0.6685814478246207, 0.0, 0.0, 1.0 
43.95696711081307, 40.37150148369661, 0.0, 0.0, 1.0 
5.5169201951884315, 3.4333523321287625, 0.0, 0.0, 1.0 
37.512385890660134, 7.145127745535231, 0.0, 0.0, 1.0 
45.20319841973125, 0.6602393800261692, 0.0, 5.637346233663462, 1.1 
46.23845217644916, 29.64429290575668, 0.0, 0.0, 1.0 
12.773165177621873, 8.431174026171087, 0.0, 0.0, 1.0 
10.905843268597932, 9.379834968837578, 0.0, 0.0, 1.0 
0.4921240961987538, 1.4197053017627665, 0.0, 0.0, 1.0 
28.380157471695036, 16.276994916830375, 0.0, 0.0, 1.0 
35.950090250124504, 1.9180116721269542, 0.0, 0.0, 1.0 
48.08618385233769, 40.46003071472793, 0.0, 0.0, 1.0 
45.481560948140775, 20.688444758020953, 0.0, 0.0, 1.0 
46.74322986712435, 49.30215166146356, 0.0, 0.0, 1.0 
12.66718013565925, 10.429291350599204, 0.0, 0.0, 1.0 
19.65614093665321, 14.867735249636947, 0.0, 0.0, 1.0 
43.12984002245869, 0.219798582922778, 0.0, 0.0, 1.0 
40.707711029928106, 25.587349581936245, 0.0, 0.0, 1.0 
49.73974016396395, 13.523637146660079, 0.0, 0.0, 1.0 
24.598186295307325, 20.500315127574666, 0.0, 1.9561084904781703, 1.1 
58.668573215478546, 22.808119926775394, 0.0, 0.0, 1.0 
46.89299800793867, 4.340366679957631, 0.0, 6.02653909372436, 1.6000000000000005 
11.244655282562295, 1.2126930628875747, 0.0, 0.0, 1.0 
55.40072859232373, 31.664304579657312, 0.0, 0.0, 1.0 
37.73361828458678, 0.934572614878234, 0.0, 0.0, 1.0 
57.61152729795516, 24.554257653938198, 0.0, 0.0, 1.0 
23.88279688172094, 55.26026575473312, 0.0, 0.0, 1.0 
44.57445297129618, 7.436978535328573, 0.0, 0.0, 1.0 
5.671234506390908, 60.872923229009764, 0.0, 0.0, 1.0 
47.00287066675497, 42.18180236680868, 0.0, 0.0, 1.0 
18.040075340406716, 9.637283816942563, 0.0, 0.0, 1.0 
35.463286477804246, 14.376094840524107, 0.0, 0.0, 1.0 
31.931644852460067, 30.871410278535798, 0.0, 0.0, 1.0 
21.37912039163463, 29.290835758116433, 0.0, 0.0, 1.0 
45.66185453457171, 51.029781166761666, 0.0, 0.0, 1.0 
0.40146836014946896, 38.970865250574526, 0.0, 0.0, 1.0 
35.65071972803419, 34.87742344064669, 0.0, 0.0, 1.0 
39.27212480039789, 6.215886749386014, 0.0, 0.0, 1.0 
46.24999792205248, 2.405850640495006, 0.0, 0.0, 1.0 
54.6739991090443, 56.72856767292787, 0.0, 0.0, 1.0 
30.078108733938276, 17.39412388684671, 0.0, 0.0, 1.0 
30.354694541899896, 11.122389246064618, 0.0, 0.0, 1.0 
53.74874255138246, 54.89363346433135, 0.0, 0.0, 1.0 
5.549905833982668, 33.64432558664436, 0.0, 0.0, 1.0 
53.90917541706142, 51.323006582076395, 0.0, 0.0, 1.0 
6.462952167871455, 8.789939241029096, 0.0, 0.0, 1.0 
48.848626868897036, 49.382264477419184, 0.0, 0.0, 1.0 
0.6718488510526576, 24.636070201357974, 0.0, 0.0, 1.0 
30.426233465987718, 36.13098916937983, 0.0, 0.0, 1.0 
3.938579396921798, 48.27668132616062, 0.0, 0.029884486210753375, 1.9000000000000008 
37.15972586002625, 27.6593381295856, 0.0, 0.0, 1.0 
39.00693393655295, 28.666042288447464, 0.0, 0.0, 1.0 
38.73195054064248, 42.008037837907715, 0.0, 0.0, 1.0 
50.596796603543865, 56.52182934027858, 0.0, 0.0, 1.0 
5.62952846013204, 30.08537995099962, 0.0, 0.0, 1.0 
44.05554721021778, 36.80914032728105, 0.0, 0.0, 1.0 
16.764623588810615, 53.227141352408836, 0.0, 0.0, 1.0 
51.28016692640101, 35.13582122597954, 0.0, 0.0, 1.0 
55.57130775136592, 24.474149741889903, 0.0, 0.0, 1.0 
56.73425745914009, 19.13597526165172, 0.0, 0.0, 1.0 
40.768008537008924, 17.52226422528317, 0.0, 0.0, 1.0 
49.21713264364704, 35.12043127270827, 0.0, 0.0, 1.0 
49.61579700086966, 17.15504054055551, 0.0, 0.0, 1.0 
16.69923384820687, 47.07299322074851, 0.0, 0.0, 1.0 
60.44775933055024, 40.7507719701846, 0.0, 0.0, 1.0 
23.411633654265458, 36.542425140983546, 0.0, 0.0, 1.0 
2.106073282319686, 12.185941896713004, 0.0, 0.0, 1.0 
35.33008031820926, 22.580202837997934, 0.0, 0.0, 1.0 
30.535731134000784, 38.193995937611575, 0.0, 0.0, 1.0 
59.64723606267444, 24.575902821451873, 0.0, 0.0, 1.0 
46.32483782601572, 6.490415351395945, 0.0, 0.0, 1.0 
42.6301312398441, 12.51606415206313, 0.0, 0.0, 1.0 
42.79623439017874, 45.66897039001934, 0.0, 0.0, 1.0 
34.540549088658466, 53.529864158215496, 0.0, 0.0, 1.0 
57.68344736675192, 20.94296693998224, 0.0, 0.0, 1.0 
16.082811671859798, 30.710071377200958, 0.0, 0.0, 1.0 
45.1868571274914, 27.887695578673437, 0.0, 0.0, 1.0 
48.621553869310524, 11.712296278079487, 0.0, 6.265869793820047, 1.2000000000000002 
54.320213234940844, 37.00056526044821, 0.0, 0.0, 1.0 
1.121261714344258, 10.360674732972186, 0.0, 0.0, 1.0 
45.800721331641235, 47.509598242028694, 0.0, 0.0, 1.0 
22.035532415184655, 45.93972444508234, 0.0, 0.0, 1.0 
40.05397795160452, 56.384014227618195, 0.0, 5.254289547522708, 1.6000000000000005 
25.60811912933115, 56.31894058348499, 0.0, 0.0, 1.0 
20.341136356978865, 51.138546901729384, 0.0, 0.0, 1.0 
53.108679068252506, 45.947217893035855, 0.0, 0.0, 1.0 
31.854879150599725, 28.82180160498136, 0.0, 0.0, 1.0 
10.584675213284283, 17.51383911472571, 0.0, 0.0, 1.0 
55.44565529771944, 1.1128745819350314, 0.0, 0.0, 1.0 
14.103759970990836, 19.66725613773813, 0.0, 0.0, 1.0 
44.72752884163307, 3.371957624973925, 0.0, 0.0, 1.0 
54.69987890789788, 19.04943079862881, 0.0, 0.0, 1.0 
23.62544135741737, 2.549358815456002, 0.0, 0.0, 1.0 
33.77843139942798, 13.298668957914975, 0.0, 0.0, 1.0 
14.161493983775244, 17.65021982385048, 0.0, 0.0, 1.0 
33.89639497630072, 40.14733890501136, 0.0, 0.0, 1.0 
28.240093300424007, 26.796314087355665, 0.0, 0.0, 1.0 
53.534531753956955, 24.45809091849635, 0.0, 0.0, 1.0 
1.4074459570593671, 3.2338464046092277, 0.0, 0.0, 1.0 
12.245513650994384, 24.718721767020092, 0.0, 0.0, 1.0 
49.939597954062485, 47.60205913776156, 0.0, 0.0, 1.0 
43.495095202014795, 54.523272272629264, 0.0, 0.0, 1.0 
16.358556428507338, 6.529023884379039, 0.0, 0.0, 1.0 
7.45621147044127, 30.183554445597434, 0.0, 0.0, 1.0 
0.8610494145246693, 17.526590349201733, 0.0, 0.0, 1.0 
40.86060917431227, 29.6754169652576, 0.0, 0.5547306538525004, 1.1 
37.27014135432678, 13.384592931463953, 0.0, 0.0, 1.0 
17.591521793042645, 23.627515340106346, 0.0, 0.0, 1.0 
55.37554483476655, 35.27394837656374, 0.0, 0.0, 1.0 
20.30968794907932, 57.302685137992164, 0.0, 0.0, 1.0 
0.42290416721869706, 42.54545785181534, 0.0, 0.0, 1.0 
14.824551512009483, 1.3102159706557939, 0.0, 0.0, 1.0 
59.339421629222336, 4.890318948901901, 0.0, 0.0, 1.0 
32.59009527833477, 58.67039989034624, 0.0, 0.0, 1.0 
29.124160618140614, 56.45575280285209, 0.0, 0.0, 1.0 
57.28508594121437, 46.06969982919074, 0.0, 0.0, 1.0 
51.14007524277014, 42.301655966683406, 0.0, 0.0, 1.0 
33.865848211606, 33.90497426269025, 0.0, 0.0, 1.0 
1.923234413065076, 53.496190010812114, 0.0, 0.0, 1.0 
57.43117726092839, 35.2988952124294, 0.0, 0.0, 1.0 
8.696559762584092, 24.798362800001087, 0.0, 0.0, 1.0 
21.986679315054335, 60.429116165938815, 0.0, 0.0, 1.0 
22.995581965900566, 25.993413868614443, 0.0, 0.0, 1.0 
23.071944089411303, 17.134606819546182, 0.0, 0.0, 1.0 
57.154494224320686, 8.379189688673065, 0.0, 0.0, 1.0 
46.090669525825206, 36.822045022606495, 0.0, 0.0, 1.0 
37.184854515766006, 17.489199183134, 0.0, 0.0, 1.0 
18.18291027935542, 37.81018952975383, 0.0, 0.0, 1.0 
2.472812904028521, 38.99585396479321, 0.0, 0.0, 1.0 
4.555240696950517, 35.43358802525967, 0.0, 0.0, 1.0 
40.68877527770054, 23.5945504536158, 0.0, 0.0, 1.0 
12.507220647724802, 14.507677843767652, 0.0, 0.0, 1.0 
24.831276895433952, 29.09993432374381, 0.0, 0.0, 1.0 
27.499836004385934, 48.99268712395408, 0.0, 3.1809735768930403, 1.1 
23.68056050093164, 0.4676951336648038, 0.0, 0.0, 1.0 
27.417584386069393, 46.88064918213925, 0.0, 0.0, 1.0 
20.18259709891132, 42.88837704581333, 0.0, 0.0, 1.0 
21.981837013709765, 58.3727013659046, 0.0, 0.0, 1.0 
41.31842934937606, 58.022503490148345, 0.0, 0.0, 1.0 
44.16215017327221, 29.68012600839627, 0.0, 0.0, 1.0 
32.036035935863474, 32.9581272996351, 0.0, 0.0, 1.0 
4.467385575169747, 5.134695212546227, 0.0, 0.0, 1.0 
20.231599674568344, 59.34990737946823, 0.0, 0.0, 1.0 
9.564476571170784, 0.19060200824715623, 0.0, 0.0, 1.0 
1.5118613841037822, 33.61054821554867, 0.0, 0.0, 1.0 
59.572985896104775, 28.17565832730945, 0.0, 0.0, 1.0 
26.88966006791059, 8.920522949032781, 0.0, 0.0, 1.0 
44.50988570482666, 9.45164059043802, 0.0, 0.0, 1.0 
38.90851642908747, 24.61863380682409, 0.0, 0.0, 1.0 
21.814136564981666, 3.53503269467323, 0.0, 0.0, 1.0 
7.580569727560333, 3.387846832186097, 0.0, 0.0, 1.0 
58.36762922308931, 40.68233234686873, 0.0, 0.0, 1.0 
31.774217367570994, 26.70762071513226, 0.0, 0.0, 1.0 
56.76322956780863, 56.830339692865316, 0.0, 0.0, 1.0 
18.422462156605555, 43.95755059273678, 0.0, 0.0, 1.0 
32.57038565476469, 45.46901234418059, 0.0, 0.0, 1.0 
47.58360568900946, 17.131684630495283, 0.0, 0.0, 1.0 
6.60207543924531, 1.601522109508125, 0.0, 0.0, 1.0 
32.55437060089878, 41.605503499637436, 0.0, 1.0605978341260571, 1.2000000000000002 
19.921139884665564, 36.675843398501534, 0.0, 0.0, 1.0 
9.582693036216185, 55.29715716072396, 0.0, 0.0, 1.0 
41.099756598453396, 5.265566896517026, 0.0, 0.0, 1.0 
25.62706449780979, 47.9705410611764, 0.0, 0.0, 1.0 
21.33348964211695, 16.00370915309274, 0.0, 0.0, 1.0 
34.47815132790667, 49.08990661608708, 0.0, 0.0, 1.0 
55.25638485352376, 42.41829482629977, 0.0, 0.0, 1.0 
4.555770700660054, 1.5676598727565598, 0.0, 0.0, 1.0 
54.42066495174441, 29.840901897122023, 0.0, 0.0, 1.0 
43.19050154029349, 24.354738823265293, 0.0, 5.814547873208119, 1.3000000000000003 
28.523081570483175, 33.07170248376293, 0.0, 0.0, 1.0 
48.23446819757185, 2.5373697085037454, 0.0, 0.0, 1.0 
40.86223054101453, 13.451048976073285, 0.0, 0.0, 1.0 
4.887843604413201, 21.181992877921115, 0.0, 0.0, 1.0 
30.155688389370596, 29.901845084747485, 0.0, 0.0, 1.0 
28.959440690773, 41.5418313193361, 0.0, 0.0, 1.0 
39.500403623133984, 2.0511796767990114, 0.0, 0.0, 1.0 
28.41562700838831, 14.162355419779098, 0.0, 0.0, 1.0 
56.624287444141274, 22.73457201017463, 0.0, 0.0, 1.0 
18.496188144111002, 48.05673103184807, 0.0, 0.0, 1.0 
52.64177169673954, 56.62644253392114, 0.0, 0.0, 1.0 
39.722303133570676, 43.81356434688114, 0.0, 0.0, 1.0 
35.55186085805663, 12.315363283185334, 0.0, 0.0, 1.0 
30.25755455478153, 13.223539541665748, 0.0, 0.0, 1.0 
4.683969576056004, 28.29846529938307, 0.0, 0.0, 1.0 
28.619963333724087, 35.1712812362327, 0.0, 0.0, 1.0 
40.579329735667315, 49.1474893813713, 0.0, 0.0, 1.0 
8.748181273138245, 20.55778746493835, 0.0, 0.0, 1.0 
0.3593807495920436, 4.958013582518132, 0.0, 0.0, 1.0 
8.78392145963945, 1.8515290743371662, 0.0, 3.698401802359526, 1.8000000000000007 
14.978658358198608, 56.16971760107267, 0.0, 0.0, 1.0 
30.357200706779135, 34.02745469862435, 0.0, 0.0, 1.0 
37.36242927825628, 11.308104742227682, 0.0, 0.0, 1.0 
45.9175208310453, 43.976367220684864, 0.0, 0.0, 1.0 
12.836912684832662, 6.370602657801432, 0.0, 0.0, 1.0 
42.90381889100497, 4.315444124958609, 0.0, 0.0, 1.0 
33.5543754972765, 19.46725509594071, 0.0, 0.0, 1.0 
48.977273346633346, 45.80671903918717, 0.0, 0.0, 1.0 
21.50278652962999, 33.47818123776521, 0.0, 0.0, 1.0 
39.177470818585505, 8.246316248626483, 0.0, 0.0, 1.0 
8.576178949479777, 22.753850916580227, 0.0, 5.744223102379729, 1.2000000000000002 
32.73392071531177, 54.451986492889276, 0.0, 0.0, 1.0 
40.911991949623534, 38.49985197508494, 0.0, 0.0, 1.0 
10.989152441212633, 36.0387082474595, 0.0, 0.0, 1.0 
38.96703458550448, 26.61039141455185, 0.0, 0.0, 1.0 
13.214268761315834, 55.20013425853676, 0.0, 0.0, 1.0 
9.360196338543428, 43.12563883730254, 0.0, 0.035772352644377975, 1.1 
54.00491570516422, 10.060155310058057, 0.0, 0.0, 1.0 
11.169108431860822, 3.2359259684024653, 0.0, 0.0, 1.0 
44.70658173039156, 49.23706583094791, 0.0, 0.0, 1.0 
26.957888799875974, 36.29576837037602, 0.0, 0.0, 1.0 
42.488396076072455, 26.538121833032438, 0.0, 0.0, 1.0 
12.991885542760258, 2.296350641028575, 0.0, 0.0, 1.0 
30.556811733480156, 4.878859874595339, 0.0, 0.0, 1.0 
58.41126550237323, 3.0564734765097756, 0.0, 0.0, 1.0 
5.836222987498193, 23.018036031955923, 0.0, 0.0, 1.0 
55.9728315733309, 51.369777202384036, 0.0, 0.0, 1.0 
43.62550549919558, 51.007669891386215, 0.0, 0.0, 1.0 
42.080681278921844, 33.183482000008844, 0.0, 0.0, 1.0 
0.041660220169111986, 12.117533125366888, 0.0, 0.0, 1.0 
14.023171674358995, 21.686561033131742, 0.0, 0.0, 1.0 
25.485735904863425, 43.782555569815926, 0.0, 0.0, 1.0 
5.617317109564925, 37.16306142982519, 0.0, 0.0, 1.0 
48.41423618004056, 60.01355535917411, 0.0, 0.0, 1.0 
13.051521422079185, 0.24558742643682455, 0.0, 0.0, 1.0 
41.47134260275277, 54.5181167148282, 0.0, 0.0, 1.0 
49.36427186233659, 0.8378615067280165, 0.0, 0.0, 1.0 
6.072232575869821, 19.485173268497594, 0.0, 0.1310582423423003, 1.1 
22.069085655551874, 48.018604510246156, 0.0, 0.0, 1.0 
5.404225690007527, 39.145445563962554, 0.0, 3.522045355431256, 1.2000000000000002 
23.51869628061927, 38.60767020060533, 0.0, 0.0, 1.0 
34.20140024740388, 0.778764592984821, 0.0, 0.0, 1.0 
35.401504883226394, 18.472755813090757, 0.0, 0.0, 1.0 
38.665614242554405, 45.56007133177792, 0.0, 0.0, 1.0 
33.680845502815316, 29.745853463556806, 0.0, 0.0, 1.0 
7.289818602915956, 10.64514873788106, 0.0, 0.0, 1.0 
39.64588891893219, 58.98491425413421, 0.0, 0.0, 1.0 
9.590881354024118, 51.22999031810977, 0.0, 0.0, 1.0 
21.552379487536616, 9.7574975314735, 0.0, 0.0, 1.0 
37.37614868706287, 33.76685828696625, 0.0, 0.0, 1.0 
36.51194261442394, 49.08365753194058, 0.0, 0.0, 1.0 
27.144554360641227, 2.640845455041498, 0.0, 0.0, 1.0 
46.66354226782881, 52.83573812441115, 0.0, 0.0, 1.0 
52.02306887991121, 47.65621284281549, 0.0, 0.0, 1.0 
21.95711223862364, 43.883864048674134, 0.0, 0.0, 1.0 
58.92706004053394, 15.632530002336404, 0.0, 0.0, 1.0 
29.987530576464138, 21.548264803616725, 0.0, 0.0, 1.0 
50.144453979989535, 40.49982633266746, 0.0, 0.0, 1.0 
50.84825798749213, 11.708872780100636, 0.0, 5.488922218832364, 1.1 
6.027767693283241, 49.24132564194164, 0.0, 0.0, 1.0 
19.562993765727263, 21.341509588376912, 0.0, 0.0, 1.0 
18.522686513744286, 56.22283759785724, 0.0, 0.0, 1.0 
16.50300643810606, 40.9022429163478, 0.0, 0.0, 1.0 
60.80227233771669, 57.01240350428834, 0.0, 0.0, 1.0 
35.61595860392248, 10.238208904035213, 0.0, 0.0, 1.0 
59.907446480337526, 17.43836134198972, 0.0, 0.0, 1.0 
2.2089928001290415, 49.755251457783146, 0.0, 4.811171969296599, 1.3000000000000003 
47.15872515408397, 35.062310225064046, 0.0, 0.0, 1.0 
17.676545742920162, 19.86436298375389, 0.0, 0.0, 1.0 
39.82746487331586, 40.230749167493485, 0.0, 0.0, 1.0 
16.61851819660247, 0.3184564302052013, 0.0, 0.0, 1.0 
56.16900066610961, 47.816333659460575, 0.0, 0.0, 1.0 
54.802789079858755, 15.494224985385042, 0.0, 0.0, 1.0 
54.5716512145528, 22.62719446234358, 0.0, 0.0, 1.0 
25.667274751634135, 54.24361645108308, 0.0, 0.0, 1.0 
26.81251567603377, 10.961687604753159, 0.0, 0.0, 1.0 
30.608231244709646, 2.7521195369094693, 0.0, 0.0, 1.0 
41.99367506768192, 36.744347977140215, 0.0, 0.0, 1.0 
33.8406570699158, 11.212920577135534, 0.0, 0.0, 1.0 
19.826368118253257, 34.61939488903291, 0.0, 0.0, 1.0 
21.20494420592896, 25.050609240151317, 0.0, 0.0, 1.0 
41.537885135879925, 60.08318554110888, 0.0, 2.4876429727194815, 1.2000000000000002 
60.73725007139683, 22.831244389866455, 0.0, 0.0, 1.0 
18.51594733525023, 54.23644218322558, 0.0, 0.0, 1.0 
50.04819763939177, 44.05582313307676, 0.0, 0.0, 1.0 
49.46647083602797, 24.355365075702306, 0.0, 0.0, 1.0 
36.532889445084706, 45.527608782464256, 0.0, 0.0, 1.0 
10.860575595568271, 11.393536237586675, 0.0, 0.0, 1.0 
41.680551053134984, 47.40794663816131, 0.0, 0.0, 1.0 
54.285416456197666, 40.555005248382976, 0.0, 0.0, 1.0 
19.58586041561601, 16.930485548991705, 0.0, 0.0, 1.0 
27.312594122820784, 44.73724717748645, 0.0, 0.0, 1.0 
28.49491579045971, 12.053311657776854, 0.0, 0.0, 1.0 
1.6174136870518727, 60.69954586061042, 0.0, 0.0, 1.0 
36.69464559280159, 41.999372103452494, 0.0, 0.0, 1.0 
44.82618879022421, 45.68035339829845, 0.0, 0.0, 1.0 
23.830808815111173, 57.33594217018248, 0.0, 0.0, 1.0 
41.82379307536125, 43.83488737188016, 0.0, 0.0, 1.0 
45.36577878898397, 24.226845381276018, 0.0, 0.0, 1.0 
30.148160746899393, 15.306587414391908, 0.0, 0.0, 1.0 
37.13022716929438, 25.62458174959827, 0.0, 0.0, 1.0 
39.5724455436013, 61.01982279411286, 0.0, 0.0, 1.0 
25.01560402892252, 33.29713922389977, 0.0, 0.0, 1.0 
46.533057236336475, 18.925101101936402, 0.0, 0.0, 1.0 
18.0634134036127, 35.729624316403374, 0.0, 0.0, 1.0 
60.99524637896501, 53.402129906742026, 0.0, 0.0, 1.0 
39.10195055582841, 12.374723481951586, 0.0, 0.0, 1.0 
18.221208473398494, 5.531984455824045, 0.0, 0.0, 1.0 
19.632050984816516, 30.452826233101398, 0.0, 0.0, 1.0 
17.833857500272128, 29.563691434275732, 0.0, 0.0, 1.0 
12.867551815981754, 39.0135511761615, 0.0, 0.0, 1.0 
2.947620243123778, 17.583794319171403, 0.0, 0.0, 1.0 
36.11156760824678, 58.79366069573919, 0.0, 0.0, 1.0 
14.275108817553729, 15.642605501276027, 0.0, 0.0, 1.0 
56.22396719758364, 44.23717532931094, 0.0, 0.0, 1.0 
21.055344502400335, 22.729944205624747, 0.0, 1.852541134972235, 1.1 
22.884554167483756, 21.608288174855343, 0.0, 1.467047181669445, 1.2000000000000002 
27.46698841236375, 51.06514287121771, 0.0, 0.0, 1.0 
25.438565623274346, 41.614260368438735, 0.0, 0.0, 1.0 
27.06244140050498, 38.45078734722896, 0.0, 0.0, 1.0 
53.624569844357275, 58.469319948255254, 0.0, 0.0, 1.0 
3.860785121256058, 42.396906587183594, 0.0, 0.13044923222298818, 1.2000000000000002 
34.52390512283057, 42.064668462716966, 0.0, 5.469545676119884, 1.3000000000000003 
40.44616270981962, 52.68530888802207, 0.0, 0.0, 1.0 
52.115342740767424, 44.10683265224745, 0.0, 0.0, 1.0 
5.726914763655491, 26.584293033690955, 0.0, 0.0, 1.0 
43.058235987954106, 34.93905261643057, 0.0, 0.0, 1.0 
14.83680571012422, 43.998082673301845, 0.0, 0.0, 1.0 
24.604103510443192, 22.620340749296783, 0.0, 0.0, 1.0 
25.216547924517315, 37.48644014408268, 0.0, 0.0, 1.0 
23.125815157421645, 30.24685695027331, 0.0, 4.968024982842799, 1.1 
14.993557522711574, 52.24669993035694, 0.0, 0.0, 1.0 
45.528993315598676, 17.133360721779187, 0.0, 0.0, 1.0 
50.17439096153639, 36.92445136236269, 0.0, 0.0, 1.0 
9.549018057825833, 47.15693289977581, 0.0, 0.0, 1.0 
43.2385153525763, 20.716635037778676, 0.0, 0.17289251299228556, 1.3000000000000003 
1.5700587105341264, 30.04567397678918, 0.0, 0.0, 1.0 
56.98654028696677, 11.96270190757882, 0.0, 0.0, 1.0 
45.42418923296588, 58.132488176596645, 0.0, 0.0, 1.0 
55.162598035427926, 45.98774176227863, 0.0, 0.0, 1.0 
18.12302122978537, 7.53951174412928, 0.0, 0.0, 1.0 
42.5037676510305, 18.650324929347704, 0.0, 0.0, 1.0 
2.545693695009381, 1.4682727172785202, 0.0, 0.0, 1.0 
19.713372494273983, 32.529249906280434, 0.0, 0.0, 1.0 
21.64526573649828, 7.7171062607231145, 0.0, 0.0, 1.0 
16.736351507638478, 55.21913276947112, 0.0, 0.0, 1.0 
49.17039891677228, 4.3914476580288735, 0.0, 0.0, 1.0 
23.8480207402349, 46.9227649045727, 0.0, 0.0, 1.0 
10.93384209192238, 33.961179601349656, 0.0, 0.0, 1.0 
22.053887013821416, 56.27323399351846, 0.0, 0.0, 1.0 
33.5613689172748, 25.68807941625926, 0.0, 0.0, 1.0 
31.924579250631353, 14.320425993209094, 0.0, 0.0, 1.0 
28.210598862253857, 24.74933999409497, 0.0, 0.0, 1.0 
50.43661778063031, 26.17580105238294, 0.0, 0.0, 1.0 
40.82239221316524, 31.71605446416455, 0.0, 0.0, 1.0 
0.8231750437119738, 55.267220100628414, 0.0, 0.0, 1.0 
50.9116530831652, 49.446751338862256, 0.0, 0.0, 1.0 
35.421083063660696, 28.713354613934946, 0.0, 0.0, 1.0 
60.50020319062851, 33.56740818235471, 0.0, 0.0, 1.0 
26.53988957384894, 27.955276075484978, 0.0, 0.0, 1.0 
45.55647095859985, 54.61712899509764, 0.0, 0.0, 1.0 
39.020324813148136, 16.46678994201752, 0.0, 0.0, 1.0 
18.380459248677138, 41.913732454249505, 0.0, 0.0, 1.0 
6.788892197922105, 28.30816364579797, 0.0, 5.992880374669953, 1.1 
21.812810934143002, 39.71095797903085, 0.0, 0.0, 1.0 
35.43423263647791, 16.410814939711866, 0.0, 0.0, 1.0 
17.731471211397682, 27.55746692313779, 0.0, 0.0, 1.0 
11.331959789700395, 60.24491197174235, 0.0, 0.0, 1.0 
58.087938311373264, 10.19847410093737, 0.0, 0.0, 1.0 
42.60428096047272, 16.60338217950669, 0.0, 0.0, 1.0 
50.98331547346857, 8.116995632539936, 0.0, 0.0, 1.0 
58.79338854692682, 19.210178614780272, 0.0, 0.0, 1.0 
37.115400084607614, 23.640816951230633, 0.0, 0.0, 1.0 
12.316102625456985, 26.751188163458693, 0.0, 0.0, 1.0 
34.13898685501879, 2.9047392813568513, 0.0, 0.0, 1.0 
26.380494290595127, 21.593114021302288, 0.0, 1.2587056002061747, 1.1 
12.255404305888392, 20.64757119414654, 0.0, 0.0, 1.0 
52.96710333087892, 49.49345234863501, 0.0, 0.0, 1.0 
20.16578271674864, 0.41933166053688664, 0.0, 0.0, 1.0 
21.70789028830791, 5.630711705137687, 0.0, 0.0, 1.0 
47.86637292560934, 47.52939989289379, 0.0, 0.0, 1.0 
53.81766073016103, 13.62086405382762, 0.0, 0.0, 1.0 
35.65987760178954, 8.13087142747137, 0.0, 0.0, 1.0 
41.27675221195877, 1.1128166540766713, 0.0, 0.0, 1.0 
35.361070006572206, 24.62177949114489, 0.0, 0.0, 1.0 
23.89352622554546, 49.020220057763716, 0.0, 0.0, 1.0 
38.986495061838056, 34.85774333524832, 0.0, 0.0, 1.0 
49.78206410393063, 51.16075292172303, 0.0, 0.0, 1.0 
49.54168154095151, 20.7768063189181, 0.0, 0.0, 1.0 
60.63087171492449, 26.43123529267635, 0.0, 0.0, 1.0 
12.406380847242641, 28.776611950541056, 0.0, 0.0, 1.0 
59.17120104289249, 49.69176848124052, 0.0, 0.0, 1.0 
57.81599982629432, 17.357320374897757, 0.0, 0.0, 1.0 
10.871304522051734, 31.918366616878235, 0.0, 0.0, 1.0 
23.826209383160858, 44.88056013058349, 0.0, 0.0, 1.0 
7.3856095456917155, 52.16564864252646, 0.0, 5.9954476684457365, 1.1 
16.19247184766214, 32.733500565733195, 0.0, 0.0, 1.0 
30.962653069042343, 46.72279028212869, 0.0, 0.0, 1.0 
7.383378735636701, 34.02222211680622, 0.0, 0.0, 1.0 
50.728662859617984, 52.990245169348704, 0.0, 0.0, 1.0 
46.167411617211165, 12.536385698128777, 0.0, 0.0, 1.0 
1.8813456337002237, 19.3488773748569, 0.0, 0.0, 1.0 
12.352458107549042, 18.57525618520121, 0.0, 0.0, 1.0 
30.887243441562976, 57.541393958965116, 0.0, 0.0, 1.0 
5.953612034341314, 45.18871758462865, 0.0, 0.0, 1.0 
42.99616689996631, 2.249186233433716, 0.0, 0.0, 1.0 
54.17437052818863, 44.180516393613175, 0.0, 0.0, 1.0 
41.58399827599555, 50.93874409714084, 0.0, 0.0, 1.0 
10.491707856864515, 25.795814021719405, 0.0, 0.0, 1.0 
40.686612969856135, 21.54142274938534, 0.0, 0.0, 1.0 
11.2571271851798, 44.089618094999835, 0.0, 0.0, 1.0 
6.962431560260923, 21.307073893543556, 0.0, 0.0, 1.0 
40.729497947023134, 27.64343692374792, 0.0, 0.0, 1.0 
44.484997593268716, 18.90230242941063, 0.0, 0.0, 1.0 
14.287530513598647, 29.764609114623738, 0.0, 0.0, 1.0 
54.347443658511, 2.859039820987431, 0.0, 0.0, 1.0 
39.031145884607454, 30.718339406958155, 0.0, 0.0, 1.0 
39.56309594706692, 33.099669932993365, 0.0, 0.5712210261115888, 1.8000000000000007 
20.092788948507934, 40.84301705661709, 0.0, 0.0, 1.0 
9.71534958923507, 57.32479454699356, 0.0, 0.0, 1.0 
36.1895102223722, 56.718996941685646, 0.0, 0.0, 1.0 
27.45067309326097, 55.33744215099463, 0.0, 0.0, 1.0 
27.04581308200336, 4.728335471769869, 0.0, 0.0, 1.0 
49.073212625715094, 42.25083950790318, 0.0, 0.0, 1.0 
40.90856559219302, 11.423059088247427, 0.0, 0.0, 1.0 
44.939316578257944, 42.116877316660776, 0.0, 0.0, 1.0 
26.57307063977592, 17.25337706403467, 0.0, 0.0, 1.0 
60.82437331548341, 19.264374019855182, 0.0, 0.0, 1.0 
53.32923534678755, 35.218082591818174, 0.0, 0.0, 1.0 
30.511656535864134, 6.936893453570976, 0.0, 0.0, 1.0 
1.5616457315770382, 40.850870269657115, 0.0, 0.375131006497964, 1.2000000000000002 
29.77142432882229, 49.781706095991105, 0.0, 2.7163133710506053, 1.1 
20.31865876092388, 49.08256537698618, 0.0, 0.0, 1.0 
24.938376942734106, 14.044837576527533, 0.0, 0.0, 1.0 
57.103304385744735, 49.644276714745466, 0.0, 0.0, 1.0 
48.02106853284511, 9.780470186480855, 0.0, 0.0, 1.0 
56.3332965418964, 37.06984680706374, 0.0, 0.0, 1.0 
15.73414908970597, 22.68145961621002, 0.0, 0.0, 1.0 
30.962008578902235, 55.40576342811927, 0.0, 0.0, 1.0 
26.405003230038083, 23.700989912275844, 0.0, 0.0, 1.0 
9.564626804729105, 49.192386897632936, 0.0, 0.0, 1.0 
11.32960655765065, 46.126292764244255, 0.0, 0.0, 1.0 
18.370318121762082, 1.432548252771074, 0.0, 0.0, 1.0 
48.19474608833183, 33.30186068397074, 0.0, 0.0, 1.0 
56.49068093692064, 29.88049828611809, 0.0, 0.0, 1.0 
14.627819655530786, 5.391503214674265, 0.0, 0.0, 1.0 
24.941202458128885, 31.20296602671508, 0.0, 0.0, 1.0 
0.29173418625914255, 46.17441971557042, 0.0, 0.0, 1.0 
58.735183095793914, 56.905755209974636, 0.0, 0.0, 1.0 
4.740079612485303, 59.0424874412548, 0.0, 0.0, 1.0 
56.89911667765732, 53.22317753447703, 0.0, 0.0, 1.0 
20.246712405367717, 44.97418768095072, 0.0, 0.0, 1.0 
28.96523417748415, 60.59894519639743, 0.0, 0.0, 1.0 
17.99777586633811, 33.65260130151525, 0.0, 0.0, 1.0 
3.5999340006870093, 60.80707391633481, 0.0, 0.0, 1.0 
59.6875712632789, 58.750911209009764, 0.0, 0.0, 1.0 
25.018213378523797, 11.950546886263552, 0.0, 0.0, 1.0 
57.54749243343031, 28.119357345136418, 0.0, 0.0, 1.0 
5.991820065913591, 47.19475771904854, 0.0, 0.0, 1.0 
35.53362649477747, 32.80895020901087, 0.0, 0.0, 1.0 
35.44608162135526, 47.268211500631026, 0.0, 0.0, 1.0 
34.16661194825201, 38.202936773553155, 0.0, 3.360644977441343, 1.4000000000000004 
22.112127280092892, 50.06648792215976, 0.0, 0.0, 1.0 
18.28929140947185, 3.45851946800213, 0.0, 0.0, 1.0 
14.600504734680902, 37.91117521530973, 0.0, 0.0, 1.0 
39.13306493249902, 10.34608190550711, 0.0, 0.0, 1.0 
3.5333530548491363, 33.624688058543896, 0.0, 0.0, 1.0 
31.761289075857263, 24.69026427345996, 0.0, 0.0, 1.0 
31.85563244664531, 18.448517504730823, 0.0, 0.0, 1.0 
31.631082716717803, 48.65044809298634, 0.0, 2.4696066046667067, 1.1 
0.49104697425899724, 35.41735929688875, 0.0, 0.0, 1.0 
33.40422941952113, 47.3619410351266, 0.0, 5.258939675403171, 1.1 
19.768352000742613, 10.728227507915774, 0.0, 0.0, 1.0 
58.24208347519289, 6.636311246125203, 0.0, 0.0, 1.0 
59.18357404484128, 8.457606683322245, 0.0, 0.0, 1.0 
18.44090225248645, 60.37247109055484, 0.0, 0.0, 1.0 
14.49846919903341, 33.84784314540159, 0.0, 0.0, 1.0 
25.379318502718437, 39.574048161711836, 0.0, 0.0, 1.0 
25.16544233581466, 7.784941417284331, 0.0, 0.0, 1.0 
21.216233773865287, 18.116396486298306, 0.0, 0.0, 1.0 
46.39925522097318, 59.9624754461767, 0.0, 0.0, 1.0 
2.4943929396995705, 35.41885506238984, 0.0, 0.0, 1.0 
14.022469236895994, 23.713249386518232, 0.0, 0.0, 1.0 
39.06309229524706, 14.45114213649037, 0.0, 0.0, 1.0 
11.098511496713213, 5.321940199283821, 0.0, 0.0, 1.0 
35.753215713332104, 6.0613357919236, 0.0, 0.0, 1.0 
14.553506049459882, 35.878605137125426, 0.0, 0.0, 1.0 
9.201923363320905, 37.05101546488453, 0.0, 0.0, 1.0 
19.993524177137033, 4.561928078255964, 0.0, 0.0, 1.0 
46.201830174703055, 10.468407745770866, 0.0, 0.0, 1.0 
53.18621975420091, 42.36578501370175, 0.0, 0.0, 1.0 
36.01884101790797, 60.87435574212232, 0.0, 0.0, 1.0 
37.80462943949963, 40.23883592666278, 0.0, 0.0, 1.0 
23.512299708340862, 4.631539717248754, 0.0, 0.0, 1.0 
53.73329802854662, 17.237519311166054, 0.0, 0.0, 1.0 
3.030064438148178, 14.005480589577985, 0.0, 0.0, 1.0 
46.35103628940431, 26.06938635985021, 0.0, 0.0, 1.0 
38.37550677008094, 52.7238215671264, 0.0, 2.0434392378676196, 1.1 
37.46617881695669, 50.871560014688534, 0.0, 0.0, 1.0 
11.14966017351526, 42.09267578087913, 0.0, 0.0, 1.0 
38.93456490159343, 18.543061021793328, 0.0, 0.0, 1.0 
30.807045130731712, 59.63468152116848, 0.0, 0.0, 1.0 
7.861511011937199, 57.42814219864166, 0.0, 0.0, 1.0 
52.29500036538937, 36.967076764925366, 0.0, 0.0, 1.0 
19.571459330545178, 28.372633962922823, 0.0, 0.0, 1.0 
10.458337757175233, 23.731298490318554, 0.0, 0.0, 1.0 
39.511471025894416, 50.923174049348596, 0.0, 0.0, 1.0 
3.871063845831621, 40.46912781085179, 0.0, 0.0, 1.0 
28.861526328265104, 39.39637359094872, 0.0, 0.0, 1.0 
43.84088187411581, 43.91356269638627, 0.0, 0.0, 1.0 
54.367868827165346, 33.42567626770492, 0.0, 0.0, 1.0 
34.47869640200327, 55.58359116090083, 0.0, 0.0, 1.0 
46.88977075831509, 45.73956556286543, 0.0, 0.0, 1.0 
35.83078153203683, 3.995177102469867, 0.0, 0.0, 1.0 
37.42114937210923, 9.237452455923012, 0.0, 0.0, 1.0 
15.813603416533788, 20.71357922977149, 0.0, 0.0, 1.0 
31.750475334633812, 22.584558521179552, 0.0, 0.0, 1.0 
16.36773329820485, 36.804095700031134, 0.0, 0.0, 1.0 
15.959449975801066, 28.643125260397344, 0.0, 0.0, 1.0 
9.25359389852476, 39.137153474469116, 0.0, 0.0, 1.0 
21.44839515969023, 31.386113976800157, 0.0, 0.0, 1.0 
9.398200560161037, 4.189325854027058, 0.0, 0.0, 1.0 
57.655170343726944, 58.66269954324489, 0.0, 0.0, 1.0 
7.853417548283069, 50.187910550283526, 0.0, 0.0, 1.0 
34.74421473220281, 51.38924125433267, 0.0, 2.274884964149947, 1.2000000000000002 
20.31566609471749, 55.24141343227092, 0.0, 0.0, 1.0 
16.55927275744929, 2.399214386250114, 0.0, 0.0, 1.0 
18.469430668479703, 46.000194366975364, 0.0, 0.0, 1.0 
4.05793553434525, 44.36859579551209, 0.0, 0.0, 1.0 
6.808188098506196, 24.827353028581115, 0.0, 0.0, 1.0 
35.75307711412749, 36.877156593374, 0.0, 0.0, 1.0 
9.132192003756153, 10.310319312320884, 0.0, 0.0, 1.0 
44.288095706509225, 26.01421977128876, 0.0, 0.0, 1.0 
28.324798620589693, 28.869291296980762, 0.0, 0.0, 1.0 
12.603250735255976, 12.52289981184359, 0.0, 0.0, 1.0 
11.421074249169285, 58.25571554569346, 0.0, 0.0, 1.0 
9.628619291061893, 53.240139503702764, 0.0, 0.0, 1.0 
0.7517503828874019, 21.08158345402615, 0.0, 0.0, 1.0 
46.44640353389036, 22.486053984647377, 0.0, 0.0, 1.0 
15.884728734357639, 26.6405905457775, 0.0, 0.0, 1.0 
16.680807888690033, 59.35289738565939, 0.0, 0.0, 1.0 
40.78570952775477, 42.061629876341115, 0.0, 0.0, 1.0 
14.871552171517845, 46.06819618978909, 0.0, 0.0, 1.0 
37.660560210269175, 3.023161281178744, 0.0, 0.0, 1.0 
33.75469593113364, 31.832417904354898, 0.0, 0.0, 1.0 
37.74231388526962, 36.4116586816079, 0.0, 4.287520855034413, 1.3000000000000003 
58.457625469867274, 33.54796087958433, 0.0, 0.0, 1.0 
33.17578647100381, 43.721452084274965, 0.0, 0.35657511674087444, 2.000000000000001 
27.250674279010266, 42.6554406591432, 0.0, 0.0, 1.0 
39.906834293261674, 36.69944776765008, 0.0, 0.4403638732590672, 1.1 
40.7001936796418, 19.580921245148435, 0.0, 0.0, 1.0 
2.1966557127657467, 43.56840194070889, 0.0, 0.0, 1.0 
23.74772605583497, 59.4388432186139, 0.0, 0.0, 1.0 
25.220160477715783, 5.714872049584413, 0.0, 0.0, 1.0 
21.447544686051867, 13.88037930151731, 0.0, 0.0, 1.0 
55.48619426488285, 28.104622184910163, 0.0, 0.0, 1.0 
34.545818062462615, 45.53136787703717, 0.0, 0.0, 1.0 
60.12477846810104, 10.269001287728578, 0.0, 0.0, 1.0 
37.22888192029155, 29.688987320576064, 0.0, 0.0, 1.0 
2.28062352558736, 8.613808330348299, 0.0, 0.0, 1.0 
14.709684702927603, 3.368647557263749, 0.0, 0.0, 1.0 
59.83324513653369, 55.15757205045396, 0.0, 0.0, 1.0 
12.542232660409129, 30.83904171131494, 0.0, 0.0, 1.0 
52.56615032401833, 22.611417699682775, 0.0, 0.0, 1.0 
48.17170118951438, 36.87016695599351, 0.0, 0.0, 1.0 
47.21483576235245, 31.504733927367162, 0.0, 0.0, 1.0 
4.60976819978986, 31.85663972869427, 0.0, 0.0, 1.0 
56.33109991418917, 40.6159550015132, 0.0, 0.0, 1.0 
31.769142004266143, 20.49782889196303, 0.0, 0.0, 1.0 
56.55291469763892, 60.406305330266036, 0.0, 0.0, 1.0 
60.29390831094545, 47.96717617950754, 0.0, 0.0, 1.0 
26.452894402936614, 25.84047907999392, 0.0, 1.7176060888574343, 1.1 
57.322249684813684, 42.50329064852589, 0.0, 0.0, 1.0 
41.88988746296003, 40.30559885972623, 0.0, 0.0, 1.0 
29.197467263283944, 47.83257120249401, 0.0, 0.0, 1.0 
3.5070052035094768, 3.316530043434517, 0.0, 0.0, 1.0 
5.420535899809204, 6.9580180172874995, 0.0, 0.0, 1.0 
32.220356078378124, 37.10017224667759, 0.0, 0.0, 1.0 
16.118654134512738, 14.682307786091087, 0.0, 0.0, 1.0 
2.697579340229454, 24.671004529612517, 0.0, 0.0, 1.0 
16.179063592941166, 12.595504142053715, 0.0, 0.0, 1.0 
4.999063254949299, 17.66618756428731, 0.0, 0.0, 1.0 
29.972271986133258, 19.484974979392057, 0.0, 0.0, 1.0 
51.53936211169818, 58.378171852970574, 0.0, 0.0, 1.0 
21.872775129281738, 41.84331811049477, 0.0, 0.0, 1.0 
49.52851199769288, 58.29255848835358, 0.0, 0.0, 1.0 
47.72257964978059, 13.57011752253659, 0.0, 0.0, 1.0 
29.99636953777194, 23.661324014148136, 0.0, 0.0, 1.0 
28.187359760369084, 20.50968882365736, 0.0, 0.0, 1.0 
47.48780909567213, 58.19943118012357, 0.0, 0.0, 1.0 
45.02949429022442, 38.54838441892677, 0.0, 0.0, 1.0 
32.18769784813496, 8.027412807393011, 0.0, 0.0, 1.0 
2.6263162613207225, 28.247284810585235, 0.0, 0.0, 1.0 
55.60093912836577, 58.58720904352017, 0.0, 0.0, 1.0 
30.790011409981965, 42.571470510808105, 0.0, 0.0, 1.0 
16.026846525035797, 16.682147745930894, 0.0, 0.0, 1.0 
58.95485044366392, 53.29902152779603, 0.0, 0.0, 1.0 
56.003921796818595, 10.151702110159876, 0.0, 0.0, 1.0 
32.490706813419095, 60.73413251330626, 0.0, 0.0, 1.0 
3.693296408700832, 26.511864244483135, 0.0, 0.0, 1.0 
60.292242322993445, 6.746699600654216, 0.0, 0.0, 1.0 
10.72342285139082, 29.865312503637195, 0.0, 0.0, 1.0 
36.31440068421485, 54.63360579447209, 0.0, 0.0, 1.0 
44.41476715301484, 11.49006584576913, 0.0, 0.0, 1.0 
33.617521484064326, 17.431894187153322, 0.0, 0.0, 1.0 
51.40446408120066, 27.981126314404847, 0.0, 0.0, 1.0 
60.947257838786626, 15.702257445803316, 0.0, 0.0, 1.0 
60.01644266978049, 13.891484008631041, 0.0, 0.0, 1.0 
51.8000087208091, 13.548016732433503, 0.0, 0.0, 1.0 
4.790086919245289, 24.74509649432089, 0.0, 0.0, 1.0 
18.268962239483727, 39.832991127543615, 0.0, 0.0, 1.0 
21.883908257962997, 1.4580288274285182, 0.0, 0.0, 1.0 
53.27471808184983, 38.7813125388948, 0.0, 0.0, 1.0 
26.990026220250325, 6.8312567909827315, 0.0, 0.0, 1.0 
36.817720686261445, 38.4244272190352, 0.0, 0.0, 1.0 
46.01629312796493, 40.419935173241086, 0.0, 0.0, 1.0 
14.406947998423112, 11.562192292211664, 0.0, 0.0, 1.0 
28.27239816923468, 18.407804976842037, 0.0, 0.0, 1.0 
51.32199413810688, 31.577062654520656, 0.0, 0.0, 1.0 
33.55019333195348, 23.59183425028606, 0.0, 0.0, 1.0 
54.06672300542039, 47.760270252059435, 0.0, 0.0, 1.0 
44.38509242169859, 22.439207275485295, 0.0, 0.0, 1.0 
1.749613633274294, 57.09528807316381, 0.0, 0.0, 1.0 
59.38869444704764, 42.54226829090465, 0.0, 0.0, 1.0 
28.896597523743758, 1.636688614824914, 0.0, 0.0, 1.0 
42.801937040815154, 31.123886628991407, 0.0, 3.960043939820538, 1.6000000000000005 
8.334440346469444, 26.77145587562641, 0.0, 0.33728203336957663, 1.8000000000000007 
7.043463174947269, 17.687220063522197, 0.0, 0.0, 1.0 
17.735093348707938, 17.809170974250662, 0.0, 0.0, 1.0 
36.355619205949594, 52.55196642834554, 0.0, 0.0, 1.0 
29.079775475298874, 45.77249621658116, 0.0, 0.0, 1.0 
7.110690682063567, 14.141759084913128, 0.0, 0.0, 1.0 
34.39342041018961, 57.66644000047972, 0.0, 0.0, 1.0 
23.917053469744268, 53.19381779313226, 0.0, 0.0, 1.0 
53.41349273185607, 31.60897579957043, 0.0, 0.0, 1.0 
11.351579962681857, 48.132608487194695, 0.0, 0.0, 1.0 
23.31986224788264, 10.861198812629262, 0.0, 0.0, 1.0 
55.08017586361766, 8.281678784601073, 0.0, 0.0, 1.0 
59.0319836132314, 12.025337217522054, 0.0, 0.0, 1.0 
42.8160691457029, 6.353012719928349, 0.0, 0.0, 1.0 
61.01441604047608, 44.390515704314936, 0.0, 6.237643551670176, 1.8000000000000007 
47.30254472555274, 0.7395222357693224, 0.0, 0.0, 1.0 
19.745788053609534, 12.768659485118842, 0.0, 0.0, 1.0 
4.104987778180395, 46.46873036726175, 0.0, 2.2076233211687875, 1.1 
16.647184954822606, 44.988915822860804, 0.0, 0.0, 1.0 
17.90072377532126, 31.610423209063804, 0.0, 0.0, 1.0 
14.38384256757715, 31.785846320172737, 0.0, 0.0, 1.0 
49.938312030506665, 9.909544245991883, 0.0, 0.0, 1.0 
29.259346244319048, 52.130293850229286, 0.0, 0.0, 1.0 
37.55930584820422, 47.299252205787724, 0.0, 0.0, 1.0 
37.58791777825872, 5.102459137510517, 0.0, 0.0, 1.0 
7.362535190484901, 36.03604413548382, 0.0, 0.0, 1.0 
52.3275246343197, 33.409403048577296, 0.0, 0.0, 1.0 
10.542898017401352, 27.84846306720034, 0.0, 0.0, 1.0 
48.0789925540144, 6.011459909298117, 0.0, 0.0, 1.0 
42.65076447506799, 10.42624031814317, 0.0, 0.0, 1.0 
14.328227395668554, 13.558812449755756, 0.0, 0.0, 1.0 
57.320229246146326, 4.796137657541257, 0.0, 0.0, 1.0 
23.48798245997407, 6.6910531554708905, 0.0, 0.0, 1.0 
25.571969898656903, 45.893757541504115, 0.0, 0.0, 1.0 
25.337792903324043, 3.6259320062838714, 0.0, 0.0, 1.0 
10.707438487297512, 15.490456130989598, 0.0, 0.0, 1.0 
11.443696339864108, 56.23938359539783, 0.0, 0.0, 1.0 
1.060114777491117, 51.637419731281334, 0.0, 0.0, 1.0 
30.7050212143937, 40.465558697304786, 0.0, 0.0, 1.0 
12.718584985046823, 34.942472638836136, 0.0, 0.0, 1.0 
51.02718966078036, 45.8877155293448, 0.0, 0.0, 1.0 
8.993474564590812, 14.397446739295289, 0.0, 0.0, 1.0 
59.46377430236209, 35.34502087384855, 0.0, 0.0, 1.0 
1.5155323696712175, 37.177965935380506, 0.0, 0.0, 1.0 
60.5552108525906, 29.99042290828169, 0.0, 0.0, 1.0 
3.342645236161693, 6.870376933768956, 0.0, 0.0, 1.0 
21.59649631614658, 35.55077009510138, 0.0, 0.0, 1.0 
58.434329954518596, 37.10877559640638, 0.0, 0.0, 1.0 
47.759868836592446, 51.12796083405134, 0.0, 0.0, 1.0 
32.11328385005735, 35.01536212548346, 0.0, 0.0, 1.0 
27.221238992878636, 0.562607327141867, 0.0, 0.0, 1.0 
26.73747640940678, 13.043463913591042, 0.0, 0.0, 1.0 
25.53639633163066, 58.44670130859326, 0.0, 0.0, 1.0 
7.120536583993864, 32.10687030960582, 0.0, 0.032137618147507825, 1.3000000000000003 
9.495331084268498, 45.12588667376708, 0.0, 0.0, 1.0 
60.459694553316154, 37.16135362262196, 0.0, 0.0, 1.0 
19.534953761467133, 19.15476410093993, 0.0, 1.4422728052314993, 1.2000000000000002 
23.724771849490246, 42.77492664590581, 0.0, 0.0, 1.0 
32.90091081552119, 50.33601469682982, 0.0, 0.0, 1.0 
8.787677957248222, 18.53316057595978, 0.0, 0.0, 1.0 
46.20914122220614, 14.80505336102674, 0.0, 4.032566534543058, 1.3000000000000003 
17.824446076320033, 15.766461848931186, 0.0, 0.0, 1.0 
23.94224657344827, 51.120405126533306, 0.0, 0.0, 1.0 
27.284760556566805, 59.51475809689353, 0.0, 0.0, 1.0 
5.230749670799846, 10.496387304827032, 0.0, 0.0, 1.0 
32.3389690497633, 3.847654301029046, 0.0, 0.0, 1.0 
38.82988381492142, 38.38395568251018, 0.0, 4.329650050883474, 1.1 
51.20807808888595, 4.508154616762504, 0.0, 0.0, 1.0 
0.9836738951177965, 13.963600169544623, 0.0, 0.0, 1.0 
52.89043583419264, 11.818968992824903, 0.0, 0.0, 1.0 
28.16412576436157, 22.629102885673714, 0.0, 0.0, 1.0 
3.9828460367072434, 53.634018787464285, 0.0, 0.0, 1.0 
54.88730347339049, 11.86291547631129, 0.0, 0.0, 1.0 
8.742685962383472, 8.472903089388806, 0.0, 2.5633593411433067, 1.6000000000000005 
16.72100286370768, 57.271747586350266, 0.0, 0.0, 1.0 
42.393591644987865, 56.25847626188966, 0.0, 0.0, 1.0 
14.943376423265757, 58.247363747626956, 0.0, 0.0, 1.0 
3.197749853367392, 10.457441253966335, 0.0, 0.0, 1.0 
44.40878607342614, 13.559898800263419, 0.0, 0.0, 1.0 
56.36747395973892, 2.9331381492404924, 0.0, 0.0, 1.0 
52.823951036285486, 53.058720225809, 0.0, 0.0, 1.0 
51.392226452890526, 0.9191598084755378, 0.0, 0.0, 1.0 
32.658027395327515, 56.54926631882717, 0.0, 0.0, 1.0 
3.911020130226515, 19.388215111385524, 0.0, 0.0, 1.0 
16.760261626949568, 51.1354061374942, 0.0, 0.0, 1.0 
57.35134021445968, 38.88668190872626, 0.0, 0.0, 1.0 
0.17808943030522448, 8.544636779696473, 0.0, 0.0, 1.0 
5.110280419656559, 14.086997856566521, 0.0, 0.0, 1.0 
12.98175783336568, 43.04578841278271, 0.0, 0.0, 1.0 
48.288020580929185, 29.70152537278729, 0.0, 0.0, 1.0 
25.063292716244728, 9.887772076215322, 0.0, 0.0, 1.0 
3.084877989787191, 51.784883512286015, 0.0, 0.0, 1.0 
24.753146902671986, 26.96281008750079, 0.0, 0.0, 1.0 
59.77790557184365, 20.98323082095666, 0.0, 0.0, 1.0 
43.73960766358277, 47.425947021701845, 0.0, 0.0, 1.0 
30.074972966768538, 27.793856026296886, 0.0, 0.0, 1.0 
21.735142643264542, 37.65132713411538, 0.0, 0.0, 1.0 
26.861553075405947, 34.247507846817406, 0.0, 0.0, 1.0 
54.49551764089393, 60.296532564200554, 0.0, 0.0, 1.0 
55.76530227207516, 17.290221522038173, 0.0, 0.0, 1.0 
7.804086198677624, 48.18466360414521, 0.0, 0.0, 1.0 
47.96075458627412, 43.992462515939614, 0.0, 0.0, 1.0 
13.21294841557995, 53.2287786053848, 0.0, 0.0, 1.0 
41.04230238985682, 7.298244175183575, 0.0, 0.0, 1.0 
37.3093184416248, 31.73930066961187, 0.0, 0.0, 1.0 
32.40408909263988, 1.8014351887648405, 0.0, 0.0, 1.0 
11.102447684820849, 40.09157095986202, 0.0, 0.0, 1.0 
27.37449747988628, 57.41393749087823, 0.0, 0.0, 1.0 
47.05074455914844, 38.64183245488132, 0.0, 0.0, 1.0 
55.267128679334746, 4.696027265220114, 0.0, 0.0, 1.0 
15.806725475072838, 24.682066732785156, 0.0, 0.0, 1.0 
17.648959875089115, 25.551589272979285, 0.0, 0.0, 1.0 
51.488020678946086, 24.412994992398527, 0.0, 0.0, 1.0 
3.5635734800980874, 30.097723276834103, 0.0, 0.0, 1.0 
38.92230312199702, 20.562701922067692, 0.0, 0.0, 1.0 
39.38495443178238, 4.118353643583022, 0.0, 0.0, 1.0 
14.88779933568026, 60.33541220188556, 0.0, 0.0, 1.0 
48.58935255157877, 56.49060445996147, 0.0, 0.0, 1.0 
25.697292616113682, 52.15829731861306, 0.0, 0.0, 1.0 
35.567916488461854, 43.694536521197755, 0.0, 0.0, 1.0 
56.20709966617994, 6.567764060964081, 0.0, 0.0, 1.0 
25.674986952030736, 50.06390678003043, 0.0, 0.0, 1.0 
58.233114593874305, 47.86653213489206, 0.0, 0.0, 1.0 
47.60218951965926, 54.646962290344185, 0.0, 0.0, 1.0 
52.71920930412837, 15.40414890000962, 0.0, 0.0, 1.0 
42.54931966410265, 28.59671547892414, 0.0, 0.0, 1.0 
44.356609949272666, 59.84424846308882, 0.0, 0.0, 1.0 
42.968287226248876, 38.518989867462196, 0.0, 0.0, 1.0 
28.73435564052334, 37.25052696731816, 0.0, 0.0, 1.0 
14.543343353320521, 7.458043687336623, 0.0, 0.0, 1.0 
7.982715206245095, 54.08677221621858, 0.0, 0.0, 1.0 
59.51897258461389, 31.76685770209415, 0.0, 0.0, 1.0 
5.727878376265795, 41.222329616209635, 0.0, 0.0, 1.0 
10.453872335992497, 21.653332629436715, 0.0, 0.0, 1.0 
13.112080713686101, 47.08658375067987, 0.0, 0.0, 1.0 
52.113337606492124, 6.370628220350158, 0.0, 0.0, 1.0 
30.797655259114716, 44.558389862123946, 0.0, 0.0, 1.0 
47.38034857529391, 24.317398619507642, 0.0, 0.0, 1.0 
19.47675642497724, 24.101340407557828, 0.0, 0.0, 1.0 
1.662675142927021, 26.43566513300326, 0.0, 0.0, 1.0 
46.166049800892786, 33.26689650451005, 0.0, 0.0, 1.0 
30.26174875432492, 31.97710376018317, 0.0, 0.0, 1.0 
41.013134369989466, 34.91233340064267, 0.0, 0.0, 1.0 
5.979465913450042, 53.711570965524345, 0.0, 0.0, 1.0 
46.505906759907184, 56.36299888558995, 0.0, 0.0, 1.0 
59.414910964165955, 38.93991305287817, 0.0, 0.0, 1.0 
32.85176339357518, 52.38393125277926, 0.0, 0.0, 1.0 
28.749809749999557, 5.819445985299622, 0.0, 0.0, 1.0 
55.66473565640055, 20.883909512094057, 0.0, 0.0, 1.0 
13.139328178150363, 59.2596120565298, 0.0, 0.0, 1.0 
51.661712249369735, 17.183164066167542, 0.0, 0.0, 1.0 
33.545096042523525, 21.565332749106926, 0.0, 0.0, 1.0 
37.84663279153239, 59.92684881801812, 0.0, 0.0, 1.0 
10.49770059640086, 19.57931318009998, 0.0, 0.0, 1.0 
17.88639397237137, 13.739782926151669, 0.0, 0.0, 1.0 
35.50685290666784, 30.775012360426114, 0.0, 0.0, 1.0 
45.159809710424824, 31.479254390608293, 0.0, 0.0, 1.0 
13.171922418899609, 51.19486633847251, 0.0, 0.0, 1.0 
16.575425493461168, 42.96820606902361, 0.0, 0.0, 1.0 
53.40500373069298, 1.031184161523961, 0.0, 0.0, 1.0 
52.475703354300855, 26.227407893601917, 0.0, 0.0, 1.0 
60.45607049351601, 3.1431134300530625, 0.0, 0.0, 1.0 
0.5083218060910899, 31.811752367734574, 0.0, 0.0, 1.0 
4.89110752893558, 55.47644861491212, 0.0, 0.0, 1.0 
50.27078985869318, 33.32956171483196, 0.0, 0.0, 1.0 
30.016422042888824, 25.740821306282186, 0.0, 0.0, 1.0 
55.32089428545992, 38.817810972905825, 0.0, 0.0, 1.0 
12.662402637529352, 32.87058276312399, 0.0, 0.0, 1.0 
56.43947747351681, 33.46353681732919, 0.0, 0.0, 1.0 
37.0958670999483, 21.576725793320787, 0.0, 0.0, 1.0 
14.94415373726236, 48.105400738776254, 0.0, 0.0, 1.0 
27.16489702849301, 40.55899879056998, 0.0, 1.4162107977965264, 1.1 
2.4138620951138905, 5.052006553777635, 0.0, 0.0, 1.0 
12.926115291107262, 4.313337188718411, 0.0, 0.0, 1.0 
27.48701290230356, 53.20994289151987, 0.0, 0.0, 1.0 
50.71100289402389, 15.367201440478974, 0.0, 0.0, 1.0 
52.61872594105483, 19.010652302694957, 0.0, 0.0, 1.0 
49.17715933046306, 38.67005055470286, 0.0, 0.0, 1.0 
55.86734222231774, 13.717957527162545, 0.0, 0.0, 1.0 
54.514495275786814, 26.281921693702166, 0.0, 0.0, 1.0 
53.037571269750345, 8.165949532893798, 0.0, 0.0, 1.0 
23.048399443073908, 19.227366594151515, 0.0, 0.0, 1.0 
32.23010919516268, 5.983137352905934, 0.0, 0.0, 1.0 
8.9819925943659, 59.26394409061623, 0.0, 0.0, 1.0 
9.061280598562197, 30.986862943514467, 0.0, 0.0, 1.0 
22.12882083813713, 54.188118128226414, 0.0, 0.0, 1.0 
35.361440549324854, 26.66176070788661, 0.0, 0.0, 1.0 
40.81449251433903, 15.543391872080415, 0.0, 0.0, 1.0 
52.1963450978098, 40.5360918769533, 0.0, 0.0, 1.0 
48.69762532802477, 52.87979229341913, 0.0, 0.0, 1.0 
2.840236161590234, 21.129125574702453, 0.0, 0.0, 1.0 
48.47669851113844, 22.523591992018698, 0.0, 0.0, 1.0 
19.948149602590945, 6.609808203302624, 0.0, 0.0, 1.0 
39.40237740277918, 54.43180635274823, 0.0, 0.0, 1.0 
44.64697009803627, 5.375952897820785, 0.0, 0.0, 1.0 
23.39237108811831, 8.785233909939093, 0.0, 0.0, 1.0 
53.238722407825215, 4.6026169648977655, 0.0, 0.0, 1.0 
7.731651071098421, 46.10140940515086, 0.0, 0.0, 1.0 
50.60444528566306, 18.970370664287703, 0.0, 0.0, 1.0 
21.513914409258003, 11.83985547974745, 0.0, 0.0, 1.0 
44.55581278761083, 52.77990368644202, 0.0, 0.0, 1.0 
46.649388279168065, 8.377481434226684, 0.0, 5.894448250207143, 1.4000000000000004 
1.976154655616337, 15.772434994988954, 0.0, 0.0, 1.0 
6.788360162038274, 59.12241856993326, 0.0, 0.0, 1.0 
12.773670038300411, 36.96066662779329, 0.0, 0.0, 1.0 
56.83106653000519, 15.567510374790006, 0.0, 0.0, 1.0 
52.39878797480276, 29.79927355462146, 0.0, 0.0, 1.0 
38.517997634840945, 49.107505912977054, 0.0, 0.0, 1.0 
50.277403328357124, 2.655397604405308, 0.0, 0.0, 1.0 
23.23609516265975, 32.35343884006743, 0.0, 0.0, 1.0 
37.6692617643984, 43.763663813422426, 0.0, 0.0, 1.0 
28.42880336105367, 31.016253870592983, 0.0, 0.0, 1.0 
4.304832062297363, 8.684836340225973, 0.0, 0.0, 1.0 
49.66684810605091, 54.7207021795548, 0.0, 0.0, 1.0 
20.0883663638652, 2.418703230050246, 0.0, 0.0, 1.0 
51.534614157461775, 20.76872441160588, 0.0, 0.0, 1.0 
13.125909672938281, 49.152714448757465, 0.0, 0.0, 1.0 
14.111366141020524, 25.717996303837445, 0.0, 0.0, 1.0 
2.5753322927690534, 31.81588777560407, 0.0, 0.0, 1.0 
4.198050343303982, 50.11657789937218, 0.0, 0.0, 1.0 
12.2232442547377, 22.69019531547219, 0.0, 0.0, 1.0 
11.430634481293355, 52.192815752366954, 0.0, 0.0, 1.0 
24.675586919406392, 24.786906267496477, 0.0, 1.7298585838118998, 1.1 
31.874238939457467, 16.384844819246826, 0.0, 0.0, 1.0 
5.881913596578051, 43.21682693518152, 0.0, 6.189353548579608, 1.1 
23.081211276115415, 28.12310638110926, 0.0, 0.0, 1.0 
53.443247315619836, 28.029078446453287, 0.0, 0.0, 1.0 
34.07398855091257, 4.951053960658229, 0.0, 0.0, 1.0 
37.224155260095074, 15.397627001978071, 0.0, 0.0, 1.0 
16.29175857779162, 8.527642220408744, 0.0, 0.0, 1.0 
23.22170655202101, 12.936942602463397, 0.0, 0.0, 1.0 
9.39609810774412, 41.102473305150404, 0.0, 0.0, 1.0 
29.231006544978335, 54.31106074280698, 0.0, 0.0, 1.0 
60.59442376463359, 60.59338552743336, 0.0, 0.0, 1.0 
39.587979208385185, 47.3269084157004, 0.0, 0.0, 1.0 
3.8265683819547363, 57.196643222793085, 0.0, 0.0, 1.0 
51.704062077389494, 54.80889186259201, 0.0, 0.0, 1.0 
26.77211533337106, 32.16309397429402, 0.0, 0.0, 1.0 
33.91869560990591, 9.14271627975616, 0.0, 0.0, 1.0 
53.599761523736824, 20.83319141214718, 0.0, 0.0, 1.0 
57.920847632083735, 13.802335351388827, 0.0, 0.0, 1.0 
44.49691322892485, 56.32416090342892, 0.0, 0.0, 1.0 
23.322450412225496, 34.409504724835614, 0.0, 0.0, 1.0 
28.80851669559853, 3.760057945730005, 0.0, 0.0, 1.0 
21.307787511624642, 27.1924309163804, 0.0, 0.0, 1.0 
33.944874581087745, 35.97292143788585, 0.0, 0.0, 1.0 
9.323537741326703, 6.275165653827164, 0.0, 0.0, 1.0 
6.078936009319975, 15.890921912026018, 0.0, 0.0, 1.0 
50.09465940078579, 6.246626298863345, 0.0, 0.0, 1.0 
6.193638099426319, 12.358245194389232, 0.0, 0.0, 1.0 
48.37180698241751, 26.133645914923182, 0.0, 0.0, 1.0 
19.549948024144847, 26.282628309643872, 0.0, 0.0, 1.0 
2.864563146366917, 55.35874246139298, 0.0, 0.0, 1.0 
21.254728238234197, 20.250211074885268, 0.0, 0.0, 1.0 
57.45802719151076, 1.196335873469796, 0.0, 0.0, 1.0 
13.19928585488822, 57.273160309650265, 0.0, 0.0, 1.0 
54.852637842749054, 53.13009329788175, 0.0, 0.0, 1.0 
57.8387017804559, 55.07442207869306, 0.0, 0.0, 1.0 
60.04392915389127, 51.54764550454711, 0.0, 0.0, 1.0 
51.84049495438675, 51.20320488521599, 0.0, 0.0, 1.0 
32.290615120890195, 39.125469706414194, 0.0, 0.0, 1.0 
20.274972833139124, 46.99977068706596, 0.0, 0.0, 1.0 
48.55624663614673, 18.944115196145905, 0.0, 0.0, 1.0 
49.2709628938313, 31.50168715457535, 0.0, 0.0, 1.0 
15.915537016238627, 18.728761407574744, 0.0, 0.0, 1.0 
7.656981882992741, 60.96068900890528, 0.0, 0.0, 1.0 
7.326076222156109, 5.190388994131734, 0.0, 0.0035672961251102045, 1.9000000000000008 
38.93297930135185, 22.596759178614516, 0.0, 0.0, 1.0 
28.9998028607248, 43.61220971211182, 0.0, 0.0, 1.0 
43.37088050591906, 58.105528871566925, 0.0, 0.0, 1.0 
58.01106249558425, 51.47141670905914, 0.0, 0.0, 1.0 
31.008421551324005, 53.35097896326653, 0.0, 0.0, 1.0 
16.485104464228588, 4.42316103042218, 0.0, 0.0, 1.0 
7.444751946401966, 7.000047373914231, 0.0, 0.0, 1.0 
0.2448885724981546, 49.684630407966836, 0.0, 5.297454891293948, 1.2000000000000002 
50.3126337668218, 29.749028016523866, 0.0, 0.0, 1.0 
44.385781289338475, 15.556686773355995, 0.0, 0.0, 1.0 
18.511418922506973, 58.320655109777924, 0.0, 0.0, 1.0 
2.28833859975519, 45.641147423755775, 0.0, 0.0, 1.0 
19.990594976273286, 38.73233330256711, 0.0, 0.0, 1.0 
5.805737430747175, 57.328693682309904, 0.0, 0.0, 1.0 
20.339543110339278, 53.186821916999044, 0.0, 0.0, 1.0 
14.99014117437482, 50.16026839985979, 0.0, 0.0, 1.0 
14.76679534272615, 41.97453645836787, 0.0, 0.0, 1.0 
52.33099304064487, 2.7625232956738714, 0.0, 0.0, 1.0 
1.3102624977405999, 6.764942368359507, 0.0, 0.0, 1.0 
0.6867909773764889, 58.84993862645378, 0.0, 0.0, 1.0 
50.476190624367945, 22.57154310811904, 0.0, 0.0, 1.0 
9.132566689600361, 35.02037799324124, 0.0, 0.0, 1.0 
4.109755885451774, 12.252889324750694, 0.0, 0.0, 1.0 
51.928023853317505, 9.971626821915844, 0.0, 0.0, 1.0 
16.2490490785724, 10.591091571243949, 0.0, 0.0, 1.0 
42.47546257474906, 22.5675822166214, 0.0, 0.0, 1.0 
14.494033716849145, 9.485786859435416, 0.0, 0.0, 1.0 
58.32819101668962, 44.257717366079625, 0.0, 0.0, 1.0 
55.79017428863352, 54.96697576338158, 0.0, 0.0, 1.0 
48.64053498132064, 15.363704882541155, 0.0, 0.0, 1.0 
25.115069203629727, 35.34829132814457, 0.0, 0.0, 1.0 
47.30054805924749, 27.912639582952167, 0.0, 0.0, 1.0 
9.104228149135, 32.96563914926415, 0.0, 0.0, 1.0 
22.116145487360416, 52.12236734289183, 0.0, 0.0, 1.0 
28.595983746575822, 9.989923087950707, 0.0, 0.0, 1.0 
38.01712271398985, 55.81833699849573, 0.0, 0.0, 1.0 
22.81435376113206, 23.776201454532636, 0.0, 3.1666512781808698, 1.1 
14.66172420412879, 39.964927674909504, 0.0, 0.0, 1.0 
55.02819671162508, 49.565493032246984, 0.0, 0.0, 1.0 
1.7557615473136057, 22.88855774004959, 0.0, 0.0, 1.0 
3.6114363117714388, 37.31479166724477, 0.0, 4.085046274076139, 1.1 
19.870391867545404, 8.660075520073875, 0.0, 0.0, 1.0 
0.5997456241882095, 28.203948983377572, 0.0, 0.0, 1.0 
8.240366611171565, 16.200014514354073, 0.0, 3.7032202598557427, 1.3000000000000003 
37.13901772871568, 19.49047542406938, 0.0, 0.0, 1.0 
42.6349822827433, 49.18572524167128, 0.0, 0.0, 1.0 
29.07078841842411, 58.52876166328914, 0.0, 0.0, 1.0 
54.155791741094795, 6.465581658465145, 0.0, 0.0, 1.0 
32.09234139267518, 10.143745249163153, 0.0, 0.0, 1.0 
58.606278124839186, 60.511698939178025, 0.0, 0.0, 1.0 
26.693591880416793, 15.174335108341431, 0.0, 0.0, 1.0 
33.98160632690934, 7.045164468550635, 0.0, 0.0, 1.0 
7.68147253534496, 42.31019827872493, 0.0, 4.941180357717109, 2.7000000000000015 
42.60828602851815, 14.534821237753063, 0.0, 0.0, 1.0 
47.48438959925752, 20.734286999064665, 0.0, 0.0, 1.0 
17.595359065759062, 21.7687820826405, 0.0, 0.0, 1.0 
3.996040579699633, 15.853502306177115, 0.0, 0.0, 1.0 
24.790670601993295, 18.248979567037804, 0.0, 0.0, 1.0 
42.88961734663565, 42.08307143987566, 0.0, 0.0, 1.0 
42.54998260613854, 52.74393127890535, 0.0, 0.0, 1.0 
45.12855923705288, 35.02100316462393, 0.0, 0.0, 1.0 
