position_x,position_y,position_z,orientation,aspect_ratio
40.30499141176167, 0.40840946888627366, 0.0, -0.9659254879903925, 2.7000000000000015 
58.56901692672556, 5.26241098235585, 0.0, 6.839029169978171, 2.6000000000000014 
47.077725131696994, 50.39802539683581, 0.0, 0.0, 1.0 
22.321069930710365, 30.303897981916514, 0.0, 6.181662934295564, 2.7000000000000015 
43.30512981348195, 35.4674630932091, 0.0, 0.0, 1.0 
62.016079810052204, 38.80727241990845, 0.0, 2.1694444793074315, 2.7000000000000015 
1.7018057190059015, 61.21281772236715, 0.0, -0.04117999078218536, 2.7000000000000015 
50.34588087922824, 61.36159929191225, 0.0, 5.661065989030312, 2.5000000000000013 
3.8685325701428566, 53.4042131003513, 0.0, 0.5293164822887649, 2.7000000000000015 
27.403551061747237, 53.65371530949046, 0.0, 4.43273922390388, 2.6000000000000014 
15.78621180921328, 44.43111178129931, 0.0, -1.2970696162974842, 2.7000000000000015 
61.539851066339416, 18.37791248753128, 0.0, 2.338070165550819, 2.7000000000000015 
31.952562036890974, 62.40356896891087, 0.0, 0.0, 1.0 
27.02864052708934, 39.56646351910589, 0.0, 0.0, 1.0 
29.006738356116365, 3.7292181754054146, 0.0, 0.0, 1.0 
18.02637584499801, 11.336261512962881, 0.0, 4.254378612392411, 2.7000000000000015 
41.919867914368844, 19.100938872309563, 0.0, 0.0, 1.0 
41.008187667809004, 7.1060522672810045, 0.0, 0.0, 1.0 
5.389724765250056, 17.421848016012397, 0.0, -0.594238845431305, 2.7000000000000015 
49.08761178578468, 37.01017287487737, 0.0, 2.551305492624219, 2.7000000000000015 
36.63843567348175, 28.29166349598461, 0.0, 5.430881554525441, 2.6000000000000014 
37.453374274382384, 5.302984163116997, 0.0, -1.7304428294553398, 2.7000000000000015 
55.97279993645403, 4.489587567179916, 0.0, 0.0, 1.0 
41.90026115461454, 60.538692896216624, 0.0, 0.5335227055254171, 2.7000000000000015 
6.828768644841333, 58.2307640716489, 0.0, -0.24521310515153683, 2.7000000000000015 
20.024213565752138, 2.6918342236606, 0.0, 5.382711469551297, 2.7000000000000015 
60.27264178030526, 48.82234523719846, 0.0, 1.7877414840418326, 2.7000000000000015 
30.37816386929551, 27.196191948026218, 0.0, -0.38946272297555923, 2.7000000000000015 
54.02877924857772, 35.29052400145917, 0.0, 0.8969317391173103, 2.7000000000000015 
18.316798220692057, 36.11894443703236, 0.0, 5.0165357191243585, 2.6000000000000014 
18.604391677433895, 50.33401539165383, 0.0, 0.0, 1.0 
42.521620212560855, 4.3721985534671575, 0.0, 0.0, 1.0 
42.75103214030505, 30.226837748713837, 0.0, 0.0, 1.0 
1.69742487041323, 5.349266456098928, 0.0, 1.1856400219721515, 2.7000000000000015 
31.642405301675403, 60.44735903263528, 0.0, 3.0615391639146394, 1.1 
58.44122306948388, 61.47183551010368, 0.0, 0.7116535483614335, 2.7000000000000015 
34.7786404067643, 7.031830114358678, 0.0, 4.8564058760605056, 2.7000000000000015 
54.55627240715421, 0.8698256545463121, 0.0, 0.0, 1.0 
24.76242702170868, 48.78829193529544, 0.0, 5.148580704239475, 2.7000000000000015 
15.275795606027346, 60.62871038912844, 0.0, 0.0, 1.0 
11.573464864276557, 4.160321043796346, 0.0, 5.148948112491042, 2.7000000000000015 
56.870327969414106, 17.713763743180113, 0.0, 0.0, 1.0 
43.87932369259592, 58.112806545383826, 0.0, 0.0, 1.0 
7.865857571357626, 42.97095892658731, 0.0, 2.006020698971658, 2.7000000000000015 
34.51412437750591, 48.64279970710163, 0.0, 0.0, 1.0 
40.81842639192582, 29.509307800452316, 0.0, 0.0, 1.0 
47.09423022262059, 25.81347186095971, 0.0, 5.421733557643283, 2.7000000000000015 
32.64452495338103, 40.213174762436076, 0.0, 5.733719137926906, 2.7000000000000015 
21.29170040408822, 16.42867026332636, 0.0, 2.3992328971429995, 2.200000000000001 
16.956321832129067, 4.083919954407616, 0.0, 4.846911323042034, 2.7000000000000015 
25.118253777852022, 0.41547141847913693, 0.0, 0.0, 1.0 
29.73033841601401, 36.98802824228715, 0.0, 0.0, 1.0 
57.351530179418724, 6.009348104719585, 0.0, 0.0, 1.0 
23.04594100982425, 57.838905641579764, 0.0, -1.5120909012755388, 2.7000000000000015 
32.442310897259, 0.49201440688835635, 0.0, -1.0524954270345679, 2.7000000000000015 
11.690093545295731, 6.552328095580573, 0.0, -1.2941770724824724, 2.7000000000000015 
61.004509934933395, 57.13675719636569, 0.0, 0.9726769027802912, 2.5000000000000013 
15.697960743506565, 24.503007484959873, 0.0, 5.250244769998608, 2.7000000000000015 
35.84579405018822, 58.19850507693438, 0.0, 0.0, 1.0 
40.89604848510313, 12.137705819865294, 0.0, 0.0, 1.0 
54.927371578020626, 21.399319311624307, 0.0, 3.439615573914167, 2.7000000000000015 
13.595657207666433, 57.057126157952084, 0.0, 5.259543801597359, 2.7000000000000015 
49.36904949942805, 44.65257413561829, 0.0, 0.8376324141296523, 2.7000000000000015 
45.64404687807604, 58.41910361355851, 0.0, 5.51415770184172, 2.7000000000000015 
31.14927811063882, 16.055460679881207, 0.0, -1.069038399213011, 2.7000000000000015 
61.335218616614924, 45.164238221788864, 0.0, 1.582980676841702, 2.7000000000000015 
28.191652198102535, 46.9398868888871, 0.0, 4.494884448499432, 2.7000000000000015 
46.801076681079046, 56.54192865976432, 0.0, 0.0, 1.0 
48.4058044386052, 45.54222555719307, 0.0, 0.5125061003385847, 2.7000000000000015 
16.116675279796475, 62.00369525432301, 0.0, 0.0, 1.0 
19.629205754954267, 45.22122415549607, 0.0, 0.0, 1.0 
51.31220527195072, 4.838831150383998, 0.0, 0.0, 1.0 
37.84077960024191, 40.46539370431683, 0.0, 0.0, 1.0 
61.14895128426968, 61.269076864401534, 0.0, 0.6083675636441708, 2.7000000000000015 
32.863386125138156, 25.64722154702671, 0.0, 5.761284204502448, 2.7000000000000015 
3.7108881656728587, 62.44055761984881, 0.0, -0.2837079391337626, 2.7000000000000015 
14.214240099624405, 4.71855227694334, 0.0, 4.73000545623753, 2.7000000000000015 
11.907146659720954, 17.363616271714513, 0.0, -0.6024664335631184, 2.7000000000000015 
12.34224584814805, 52.70105853090722, 0.0, -1.3243316731788906, 2.7000000000000015 
57.53303578465039, 54.44606310909865, 0.0, 6.9716368850977295, 2.7000000000000015 
14.055124738970777, 46.778515610339255, 0.0, -1.0436221372307677, 2.7000000000000015 
11.866443880152607, 60.90762836093271, 0.0, 0.0, 1.0 
2.2125101458145946, 3.4957691740242933, 0.0, 0.0, 1.0 
36.56971361768468, 9.244955243827501, 0.0, 4.652299444505633, 2.4000000000000012 
42.83315795510916, 6.177741391713878, 0.0, 0.0, 1.0 
26.23502807293518, 34.73278078851933, 0.0, 5.555575302036687, 2.300000000000001 
26.067229029883986, 22.389919917437776, 0.0, -1.0110852950701963, 2.7000000000000015 
0.6240975509237714, 60.327616887566286, 0.0, 6.324312664702724, 2.7000000000000015 
40.05025779503134, 3.3354508127343454, 0.0, 4.681946583917367, 2.5000000000000013 
60.13986042856054, 59.742779805053914, 0.0, 6.7791929788211664, 2.7000000000000015 
23.210403475716653, 9.774436171537216, 0.0, 0.0, 1.0 
49.01053011889495, 34.349242373526764, 0.0, 1.4534311904915311, 2.7000000000000015 
16.094881615886255, 51.40580922546525, 0.0, 0.0, 1.0 
50.20827033756894, 7.690175874552075, 0.0, 5.220611508724396, 2.7000000000000015 
6.338848462757264, 62.00218403911938, 0.0, -0.20227554984765223, 1.9000000000000008 
7.260943912271428, 59.82326208189038, 0.0, -0.42335340536764704, 2.7000000000000015 
45.847530073120396, 53.39481300099516, 0.0, 0.0, 1.0 
28.897700108850493, 0.04281220567893728, 0.0, 0.0, 1.0 
49.83189938840172, 1.682966575294806, 0.0, 5.189986961215611, 2.7000000000000015 
43.71579016404934, 48.05256556528645, 0.0, 0.0, 1.0 
36.58156250240739, 15.662068072466704, 0.0, -1.3088631828358759, 2.7000000000000015 
14.62304257232065, 44.01740290203993, 0.0, 5.1236393031440866, 2.7000000000000015 
44.28688956005851, 26.6293118222725, 0.0, 0.0, 1.0 
49.42175723319305, 19.419842120711557, 0.0, 4.230107368276152, 2.7000000000000015 
1.8454871126379881, 27.705219648457422, 0.0, 2.1412536640975524, 1.6000000000000005 
23.59152234909583, 23.866769324567134, 0.0, 5.888183616129561, 2.7000000000000015 
37.459302615203065, 46.132148489735236, 0.0, 0.4712833945340252, 1.6000000000000005 
53.96882152975384, 12.042815244004812, 0.0, 3.4322151202855204, 2.7000000000000015 
2.241615707276118, 9.973901581223899, 0.0, 6.897239597321119, 2.7000000000000015 
47.351320405308265, 54.79222264956675, 0.0, 0.0, 1.0 
57.102564684219836, 44.35491147334842, 0.0, 1.554728823572353, 2.7000000000000015 
28.705250177830333, 41.655671100838525, 0.0, 5.209427023468368, 2.7000000000000015 
35.43674858630028, 61.819224153211486, 0.0, 0.0, 1.0 
57.43012632935997, 38.54946080534391, 0.0, 2.294146264685733, 2.7000000000000015 
45.88587125512487, 1.275689783887409, 0.0, 0.0, 1.0 
39.278565417604504, 53.91052849702863, 0.0, 0.3563631486215634, 2.7000000000000015 
51.86992951854245, 0.16997043146275628, 0.0, 5.359985208025592, 2.7000000000000015 
32.35548921233905, 34.870168778597034, 0.0, 0.0, 1.0 
58.446899929167614, 16.453211267888133, 0.0, 0.0, 1.0 
47.79470136925819, 62.87820637963171, 0.0, 5.753028487200415, 2.7000000000000015 
51.90683208779158, 28.362882169200702, 0.0, 0.9069502402610168, 2.7000000000000015 
21.863694695089507, 18.127023723482424, 0.0, -0.25246199148432547, 1.7000000000000006 
32.194248436407875, 32.87398700774852, 0.0, 0.0, 1.0 
24.474861918312776, 19.789225403592685, 0.0, -0.08030524296246902, 2.100000000000001 
22.21617804500477, 60.60948408455848, 0.0, -1.4505506836819728, 2.7000000000000015 
59.99150932818409, 51.871806185383505, 0.0, 1.6083984263395072, 2.7000000000000015 
5.925449327751469, 14.937482830628499, 0.0, 0.26510376291053206, 2.7000000000000015 
51.372371753367894, 45.717514863586004, 0.0, 1.0276288170408643, 2.7000000000000015 
21.653539485916205, 45.39986042412076, 0.0, 0.0, 1.0 
46.65274630884257, 59.17779333874214, 0.0, -0.6463975756080719, 2.7000000000000015 
48.56121040775755, 1.3503010644357423, 0.0, 5.58077615389932, 2.5000000000000013 
31.83321658797829, 13.59353856686325, 0.0, -1.0095227782821157, 2.7000000000000015 
44.041291973078636, 60.310228891869286, 0.0, 0.23255051228269588, 2.7000000000000015 
18.907055257045457, 20.6975911748879, 0.0, 0.4744240622464774, 2.100000000000001 
40.179258775739314, 14.81188292650366, 0.0, 4.070842037593311, 2.100000000000001 
48.163031265344266, 57.21890030732687, 0.0, -0.6242470955979413, 2.7000000000000015 
23.545832073120916, 34.61227016516535, 0.0, -1.0371691860238546, 2.7000000000000015 
15.09538867875904, 37.13634166250091, 0.0, -1.0196039401150343, 2.7000000000000015 
18.781824374923975, 40.59054770271546, 0.0, 5.017606447919523, 2.6000000000000014 
59.59977062044757, 56.62825865347416, 0.0, 0.9384733613877294, 2.7000000000000015 
1.0444762140335986, 51.883850815801566, 0.0, 0.6742425118756523, 2.7000000000000015 
57.40556013236498, 14.143820418166985, 0.0, 0.0, 1.0 
16.162264115029025, 14.904419205741885, 0.0, 4.9590535732175125, 2.7000000000000015 
4.846179466357171, 61.20155951888838, 0.0, -0.21227730442239312, 2.7000000000000015 
7.819676252496391, 40.23335592516401, 0.0, 1.9438612989594894, 2.7000000000000015 
56.69477302675598, 49.490444721600184, 0.0, 1.034601446008947, 2.6000000000000014 
15.18545883394257, 3.0251364775201806, 0.0, 4.1776324058024805, 2.7000000000000015 
5.546527904103925, 22.666424163758133, 0.0, 5.845171723148114, 2.7000000000000015 
36.80465736267347, 12.417397458672873, 0.0, 4.752459215958105, 2.5000000000000013 
18.003255394513047, 54.305309896039674, 0.0, 0.0, 1.0 
55.78528212558909, 63.13251765248392, 0.0, 0.0, 1.0 
33.24310781695945, 11.204789353930595, 0.0, 5.100042662845953, 2.7000000000000015 
21.165605286561984, 9.906465973553455, 0.0, 0.0, 1.0 
34.074717428518554, 63.19294247017854, 0.0, 0.0, 1.0 
62.65266525016204, 45.30851033071149, 0.0, 1.832730148319505, 2.7000000000000015 
59.7331769037201, 37.622908995879875, 0.0, 2.0383400049796463, 2.7000000000000015 
48.86025435983676, 4.616815549503889, 0.0, 5.103206889122087, 2.7000000000000015 
30.70519825946021, 29.65433952998455, 0.0, 5.852466056975648, 2.7000000000000015 
32.12290605814579, 41.81701313576248, 0.0, 5.3158086822757635, 2.7000000000000015 
34.789274277832504, 16.589213715945753, 0.0, -1.148182940511342, 2.7000000000000015 
2.2281948166417473, 51.31764340332378, 0.0, 0.6813878653357587, 2.7000000000000015 
24.078948851819735, 51.569898303663216, 0.0, 5.095850643166642, 2.7000000000000015 
2.061064956283021, 49.50429474913475, 0.0, 0.8328454678040836, 2.7000000000000015 
31.013056713448602, 25.64454550948976, 0.0, 5.71334577458613, 2.7000000000000015 
54.246701582314856, 46.510831836088414, 0.0, 7.251100186932234, 2.7000000000000015 
33.63952382276508, 12.840171479229545, 0.0, 4.905261866717949, 2.7000000000000015 
27.394936088613274, 5.139201373115164, 0.0, 0.0, 1.0 
35.38525296703435, 9.6491893231213, 0.0, 4.711095759102971, 2.7000000000000015 
34.60955286624019, 1.0941896742108357, 0.0, -0.8236883678000729, 2.6000000000000014 
8.814059463006279, 6.363017019572725, 0.0, 0.0, 1.0 
49.42288311339776, 12.319738518115019, 0.0, -1.9256917799329742, 2.7000000000000015 
26.628683646316126, 59.78305845320713, 0.0, 5.001497442677479, 2.7000000000000015 
25.90603282503483, 31.39999562549882, 0.0, -0.27649443603800844, 2.7000000000000015 
63.01316760552535, 59.020040861264484, 0.0, 0.4463018988711887, 2.7000000000000015 
1.6728956517846498, 0.3239606541666466, 0.0, 0.0, 1.0 
26.77384416321877, 16.174398364178316, 0.0, -0.5436229398861999, 2.7000000000000015 
27.147797631522664, 10.425781040696958, 0.0, 0.0, 1.0 
12.279168177247094, 62.59911612185382, 0.0, 0.0, 1.0 
16.787947728109884, 30.72148559561004, 0.0, 5.747357727526376, 2.7000000000000015 
45.241451726089565, 51.452985328631286, 0.0, 0.0, 1.0 
44.644921205445485, 10.46116028479724, 0.0, 0.0, 1.0 
56.72505515122324, 11.268402083400472, 0.0, 2.857431962459599, 2.7000000000000015 
11.431763042638323, 14.733782973470811, 0.0, 5.78638040311736, 2.7000000000000015 
36.81836409066333, 22.16544311641293, 0.0, 4.838094585582182, 2.7000000000000015 
24.602853806486742, 54.5061095668453, 0.0, -1.7788624081741835, 2.7000000000000015 
13.76413225671051, 17.5024392475699, 0.0, 4.849396297454374, 2.7000000000000015 
13.003345512255212, 38.40226782191333, 0.0, 5.416670886746765, 2.7000000000000015 
57.674844572085675, 59.438669575803495, 0.0, -0.3753682138457398, 2.7000000000000015 
51.19509501138857, 16.897418425617882, 0.0, 0.0, 1.0 
54.96371130912389, 52.63412686788631, 0.0, 0.5890741272456043, 2.7000000000000015 
35.6636153728805, 34.21693190567139, 0.0, 0.0, 1.0 
22.8763132175601, 7.693571054899904, 0.0, 0.0, 1.0 
46.66295738669926, 8.178785566153863, 0.0, 5.549309532038358, 2.300000000000001 
14.974417458230956, 41.33341642710839, 0.0, 5.222173077613951, 2.7000000000000015 
20.921243405526997, 61.50749921495743, 0.0, -1.2228884968282907, 2.7000000000000015 
17.47881911980571, 13.43673913137879, 0.0, 4.645322818199032, 2.7000000000000015 
42.211427494700374, 58.8382652187082, 0.0, 0.0, 1.0 
8.574678318952364, 51.892560509237256, 0.0, 3.8528574853320983, 2.300000000000001 
52.76160516353125, 60.6468079601309, 0.0, 5.649022390126554, 2.7000000000000015 
62.24284904325872, 5.110439536278738, 0.0, 0.6912913539689319, 2.7000000000000015 
13.993487681359253, 59.0896005767522, 0.0, 0.0, 1.0 
28.931105824861344, 31.171876381597283, 0.0, 5.99573161949164, 2.6000000000000014 
39.74552433642154, 48.38285229765695, 0.0, -1.2040401559446332, 1.6000000000000005 
2.909952209595539, 38.57548634431702, 0.0, 2.214805738857987, 2.7000000000000015 
14.106230229873326, 51.80423546119276, 0.0, 0.0, 1.0 
49.10085555765443, 47.24847929310858, 0.0, 0.5979949197817206, 2.7000000000000015 
11.7634682770017, 15.944381021704332, 0.0, 5.544628210549207, 2.4000000000000012 
2.075615734790985, 12.843827407664168, 0.0, 0.0, 1.0 
32.648042424358636, 55.97265537599354, 0.0, 0.0, 1.0 
32.30322022311071, 20.382150312513204, 0.0, -1.215248047966778, 2.7000000000000015 
17.824524047764697, 56.38235271736768, 0.0, 0.0, 1.0 
43.49156785906531, 17.592482531795646, 0.0, 0.0, 1.0 
21.67455503019774, 26.627944363662333, 0.0, -0.5424546717823729, 2.7000000000000015 
39.15269626786109, 32.18158300970059, 0.0, 0.0, 1.0 
26.958806543615985, 23.199376921462886, 0.0, 5.3793716606709765, 2.7000000000000015 
46.123330466975716, 16.758436130388766, 0.0, 4.627173851080696, 2.7000000000000015 
3.886940667493002, 3.4744097217207224, 0.0, 0.0, 1.0 
23.668713341433186, 21.374440992477545, 0.0, 5.816538733573634, 2.7000000000000015 
38.97843950242758, 28.61478256516882, 0.0, 0.0, 1.0 
55.661278189642765, 46.748616583008335, 0.0, 1.2686255878755524, 2.7000000000000015 
33.2853052478902, 3.195315554473973, 0.0, -0.8605067736373323, 2.5000000000000013 
5.999949735320891, 31.45181222408468, 0.0, 2.432631890385467, 2.7000000000000015 
40.225670250798395, 57.9241912094846, 0.0, 0.9543656330039257, 2.7000000000000015 
35.12027183527577, 14.37801542240887, 0.0, -1.0736286241588575, 2.7000000000000015 
33.04326370407642, 28.243720847927968, 0.0, -0.41719799123829576, 2.5000000000000013 
20.761742401198145, 22.769996268493944, 0.0, 5.609782775662983, 2.200000000000001 
5.427953562046249, 55.0755802375839, 0.0, 0.4193333833548393, 2.7000000000000015 
34.53552898327787, 37.910452566549566, 0.0, -0.2693415782279054, 2.7000000000000015 
36.491078923569084, 19.81303235233027, 0.0, -1.332290005676586, 2.7000000000000015 
29.697712342418125, 51.93759861983991, 0.0, 4.727947985001731, 2.7000000000000015 
31.02381326864088, 53.18134293679676, 0.0, 0.0, 1.0 
41.128872129410546, 33.55909919425963, 0.0, -1.0076088008490254, 2.6000000000000014 
58.28131548874402, 23.537511630988618, 0.0, 2.373621506846848, 2.7000000000000015 
23.540222580871593, 40.6001157475043, 0.0, 0.0, 1.0 
50.93382393163367, 49.87557195701411, 0.0, 1.1402037161148102, 2.7000000000000015 
28.54026775715834, 52.94881645575298, 0.0, -1.5966823750376096, 2.7000000000000015 
44.54821120760875, 12.036594706159528, 0.0, 0.0, 1.0 
35.02595831057579, 38.82391838507931, 0.0, 5.968259775469615, 2.7000000000000015 
8.110131228618167, 3.4681377749738034, 0.0, 0.0, 1.0 
56.83151036430518, 57.24021357936098, 0.0, 0.0, 1.0 
0.08167162854673404, 29.7054604345037, 0.0, 2.7863820116104674, 2.7000000000000015 
25.954026636587447, 18.003754562978113, 0.0, 5.661915365924716, 2.5000000000000013 
46.98468541227562, 15.139888684154737, 0.0, 4.566266545491477, 2.7000000000000015 
32.43154764084131, 37.2772883281117, 0.0, 6.354971892470979, 2.4000000000000012 
17.33115157470112, 34.7510091944952, 0.0, 5.782549574824186, 2.7000000000000015 
54.588281097038696, 51.28593641910806, 0.0, 0.7055103360282621, 2.7000000000000015 
32.38037875669678, 51.91799153082475, 0.0, 0.0, 1.0 
13.512931699728679, 1.7962518685597642, 0.0, 5.26102788517367, 2.7000000000000015 
40.415420999739155, 13.588420726470561, 0.0, 4.119796009635405, 2.7000000000000015 
22.08272501902794, 50.248541970762616, 0.0, 5.2225412298030784, 2.7000000000000015 
21.303744948563757, 53.11109062783748, 0.0, -1.1981730975903369, 2.6000000000000014 
38.55753914837154, 1.0412367298309946, 0.0, 5.221965380221991, 2.7000000000000015 
43.522042534405536, 24.737439225518923, 0.0, 0.0, 1.0 
33.50158223013726, 45.42103910736433, 0.0, 0.0, 1.0 
6.138470340137379, 3.5606380536255253, 0.0, 0.0, 1.0 
38.50609310503424, 42.556453324190336, 0.0, 0.0, 1.0 
40.05536231758124, 18.73323995900546, 0.0, 4.312746249586723, 2.6000000000000014 
51.69826173828772, 53.455830501695814, 0.0, 0.0, 1.0 
24.356292778594575, 24.84161219863323, 0.0, 5.859360871607075, 2.7000000000000015 
42.307239718530525, 26.347324424778744, 0.0, 0.0, 1.0 
35.14377806159582, 25.158270198425175, 0.0, -0.7584572281459755, 2.7000000000000015 
61.45615462075428, 59.2549375675962, 0.0, 7.055551629135138, 2.7000000000000015 
23.941559409089862, 48.02333081619285, 0.0, -1.13165559957989, 2.7000000000000015 
59.38866166213475, 14.705265315996574, 0.0, 0.9687658153160853, 1.1 
25.703546158747145, 49.50318729924822, 0.0, 5.011765376015728, 2.7000000000000015 
39.179633780019955, 30.540937572004715, 0.0, 0.0, 1.0 
55.1671444613811, 55.383620723607784, 0.0, 0.7260660692693306, 2.000000000000001 
52.8230027479536, 59.449137037264315, 0.0, 5.637971938397651, 2.7000000000000015 
43.76640742834556, 21.326276499278116, 0.0, 0.0, 1.0 
11.301673664635205, 41.222981801400046, 0.0, 5.331201199134121, 2.7000000000000015 
39.84599225216301, 33.23952297695502, 0.0, 5.705575100122846, 2.7000000000000015 
37.69712117063692, 0.5516716997838434, 0.0, -0.7033136114880693, 2.7000000000000015 
10.724788922587624, 53.6072615333096, 0.0, 0.0, 1.0 
32.21312301532129, 18.456013759306195, 0.0, 5.115685841425382, 2.7000000000000015 
15.4870794019811, 7.525630850241246, 0.0, 4.307530234285876, 2.7000000000000015 
52.48838418753329, 10.17803297077427, 0.0, 4.039179541114468, 1.6000000000000005 
17.047494992193492, 8.146249687406158, 0.0, 4.774097665465371, 2.7000000000000015 
25.16974581415175, 10.119921157477538, 0.0, 0.0, 1.0 
8.790856290124012, 0.6930898186589739, 0.0, 0.0, 1.0 
11.770151414857267, 9.54325073303373, 0.0, 4.719079420517533, 2.7000000000000015 
45.50257964767224, 55.130394170119, 0.0, 0.0, 1.0 
44.45671049228619, 8.782631712322257, 0.0, 0.0, 1.0 
38.83477613340897, 44.840291157621294, 0.0, 0.0, 1.0 
22.915745823746654, 46.203689015985205, 0.0, 5.479742624783299, 2.7000000000000015 
25.540257000617178, 2.4179101003348635, 0.0, 0.0, 1.0 
14.555464079791575, 11.755145859217867, 0.0, 4.4290557419577095, 2.7000000000000015 
52.17187439268772, 57.342809274285294, 0.0, 0.0, 1.0 
9.752616298557333, 4.587997624076942, 0.0, 0.0, 1.0 
52.357887479079075, 3.680632506126243, 0.0, 0.0, 1.0 
24.07876065036014, 62.24719940065889, 0.0, 4.990900291532473, 2.7000000000000015 
47.691304566859955, 10.45830674492068, 0.0, 4.223403805020652, 2.7000000000000015 
49.342959093640594, 55.572218791315066, 0.0, 6.149200046585789, 2.7000000000000015 
7.043198793663978, 1.8326919540339979, 0.0, 0.0, 1.0 
58.97191832684273, 11.998649411939526, 0.0, 3.445028910818574, 2.7000000000000015 
58.13878106100753, 45.8763362544432, 0.0, 1.7174208757745653, 2.7000000000000015 
48.2653403673008, 15.362671523430656, 0.0, 4.395519355195757, 2.7000000000000015 
43.75484504566563, 1.3384135799736758, 0.0, 5.830164141110677, 2.6000000000000014 
50.58541354560766, 54.623212711534826, 0.0, 6.336856027866215, 2.5000000000000013 
12.233443575794876, 36.67603922657309, 0.0, -1.1355676305101516, 2.7000000000000015 
16.434195189861455, 57.31667790967404, 0.0, 0.0, 1.0 
35.76883985382312, 22.74577489318358, 0.0, 4.85611912166938, 2.7000000000000015 
63.40431271953643, 9.38309290013401, 0.0, 6.885652542854707, 2.6000000000000014 
49.84039337463413, 42.83183997779052, 0.0, 0.9019409171203852, 2.7000000000000015 
35.22962337769795, 4.772222962766198, 0.0, 5.136846657691837, 2.7000000000000015 
48.76397670857576, 51.62417319984749, 0.0, 0.0, 1.0 
12.231815853417391, 55.21397321896296, 0.0, 0.24660665435597023, 2.7000000000000015 
38.2383720048801, 54.78504294272081, 0.0, 3.706055925603728, 2.7000000000000015 
57.68883327598574, 22.214735902541232, 0.0, 2.0962366058378166, 2.7000000000000015 
58.52886108546932, 52.27701971098502, 0.0, 1.0022279019807734, 2.7000000000000015 
30.873167987938697, 40.133743088718575, 0.0, 5.94013971542141, 2.7000000000000015 
45.1151674546634, 32.10963438091463, 0.0, 0.0, 1.0 
42.41086913769125, 34.01585686645306, 0.0, 0.0, 1.0 
5.740651872392326, 25.542788682964947, 0.0, 1.224833018514431, 2.000000000000001 
34.806010985863416, 35.718892315477184, 0.0, 6.287981433150677, 2.5000000000000013 
25.21888321976829, 52.70583275487405, 0.0, -1.6744025874771502, 2.7000000000000015 
60.43294124111927, 8.641782463004763, 0.0, 0.0, 1.0 
35.556831367062344, 60.14167345572917, 0.0, 0.0, 1.0 
20.5916933851991, 49.914219370322584, 0.0, 0.0, 1.0 
17.818349243503143, 62.668046598612456, 0.0, 0.0, 1.0 
26.101292420906596, 13.923624170923564, 0.0, -0.45465133021305204, 2.7000000000000015 
50.349965686982536, 62.52173697932109, 0.0, 5.511820293745347, 2.7000000000000015 
13.15469399554648, 24.692336497017845, 0.0, 6.045259007771659, 2.4000000000000012 
60.31300169836403, 4.954209479232976, 0.0, 0.0, 1.0 
54.94632138456531, 58.85318399376529, 0.0, 5.6818134897271815, 2.7000000000000015 
21.265020488382326, 25.49052131126959, 0.0, 5.927388936518419, 2.7000000000000015 
36.284013759184056, 2.460820022119774, 0.0, -0.9332367094936058, 2.7000000000000015 
1.6792754531545464, 62.212519370279466, 0.0, -0.33754613038955533, 2.7000000000000015 
40.39823190283328, 8.601083198073324, 0.0, 0.0, 1.0 
37.92678484055649, 61.17695665581473, 0.0, 6.325431219011924, 1.2000000000000002 
42.03879443865287, 38.64023402333622, 0.0, 0.0, 1.0 
17.33810170793376, 60.43322476667341, 0.0, 0.0, 1.0 
28.421989067083967, 16.299901519786033, 0.0, 5.462458710986357, 2.7000000000000015 
8.108807088151309, 56.509906216471606, 0.0, 0.0, 1.0 
28.118252417625985, 30.050566704941705, 0.0, 5.971498478652635, 2.7000000000000015 
23.27803949512848, 33.05858331236967, 0.0, 5.78434223938194, 2.7000000000000015 
37.464742944088705, 33.32589048223757, 0.0, 0.0, 1.0 
20.03105985761327, 11.510228485073112, 0.0, 4.234462803097807, 1.3000000000000003 
56.87923095040491, 52.83086319704955, 0.0, 0.7881188159914476, 2.7000000000000015 
38.71554966098847, 16.350115685395025, 0.0, 4.433948534920683, 2.7000000000000015 
18.410205266685363, 9.413004840061488, 0.0, 4.38203543623347, 2.7000000000000015 
42.92107300242502, 9.874573099845461, 0.0, 0.0, 1.0 
19.246134631622546, 59.511205924553586, 0.0, 0.0, 1.0 
14.77811036626343, 57.41012755354213, 0.0, 0.0, 1.0 
47.3713133238664, 19.68323000878358, 0.0, 4.08508579370258, 2.100000000000001 
6.162941677889705, 51.970173532620244, 0.0, 0.7823548540984578, 2.7000000000000015 
27.787325147906095, 28.827058222525466, 0.0, 5.808857245084635, 2.7000000000000015 
44.503726056796154, 40.33363473384262, 0.0, 5.313748423992538, 2.7000000000000015 
31.228898707360898, 46.77111953699905, 0.0, 4.664834570736425, 2.7000000000000015 
6.839974954361209, 19.356245665421472, 0.0, -0.6051837810268235, 2.7000000000000015 
55.79617880868557, 44.324265983453465, 0.0, 1.2525824124196723, 2.7000000000000015 
24.068007765921024, 18.09060826554887, 0.0, 5.510166990103013, 2.7000000000000015 
32.90599655654034, 5.042404432836288, 0.0, -0.9897851894874867, 2.7000000000000015 
7.159580817032511, 20.9481129725366, 0.0, 5.920104973460236, 2.7000000000000015 
19.221064107639627, 18.72965317484638, 0.0, 2.486400362969269, 2.7000000000000015 
28.06879092828497, 23.929507493055983, 0.0, -1.1440197965985683, 2.7000000000000015 
37.313276502192736, 25.982495427404086, 0.0, -0.9424988873607278, 2.6000000000000014 
19.634358954624236, 53.562811048075524, 0.0, 0.0, 1.0 
44.73265428691872, 23.155069980503427, 0.0, 0.0, 1.0 
15.253915366987783, 48.18174508397938, 0.0, 0.0, 1.0 
40.419207456064534, 27.539701204749388, 0.0, 0.0, 1.0 
41.113470829205774, 42.49114299862899, 0.0, 5.301520921947493, 2.7000000000000015 
10.18672888074216, 59.40843285194511, 0.0, -0.6611589219141157, 2.7000000000000015 
44.057234089298085, 46.34554896115063, 0.0, 6.190720549967006, 2.7000000000000015 
53.3863512377792, 13.635318618059793, 0.0, 0.0, 1.0 
50.373332484372696, 3.14490753302805, 0.0, 5.030939864067483, 2.7000000000000015 
25.127713139438324, 59.933118215968676, 0.0, -1.8037058351831836, 2.7000000000000015 
38.84524109375917, 6.504092321342162, 0.0, 4.264847471182302, 2.7000000000000015 
16.261976662877604, 32.46281297734796, 0.0, 5.649590495727997, 2.7000000000000015 
18.776951752168895, 43.263365574545816, 0.0, 0.0, 1.0 
23.59858385677865, 60.03163255279662, 0.0, 5.013785366457668, 2.6000000000000014 
14.280577966351657, 8.035673693762332, 0.0, 4.725418523532925, 2.7000000000000015 
54.1779704954713, 7.3423774101717925, 0.0, 0.0, 1.0 
63.31011772704818, 0.6836174978685804, 0.0, 0.0, 1.0 
46.096401266716846, 13.43201492154544, 0.0, 4.843758949166649, 2.7000000000000015 
46.833817834635305, 5.479333290600932, 0.0, 6.9424010689918925, 2.7000000000000015 
21.83408968294458, 20.959416294359205, 0.0, -0.31997913045520043, 2.7000000000000015 
23.95685104592768, 26.300624963064273, 0.0, -0.5407173227822601, 2.7000000000000015 
35.03392879654487, 21.272918562607284, 0.0, 5.1831702481536555, 2.7000000000000015 
43.01063507628299, 36.993281015507584, 0.0, 6.143613956978839, 2.4000000000000012 
30.61871772490234, 42.30214754510114, 0.0, 5.156381108240658, 2.7000000000000015 
30.180108781498568, 18.705238605363018, 0.0, -0.9327472455154376, 2.7000000000000015 
28.316231495947477, 44.363551712241595, 0.0, 5.0388683946860375, 2.6000000000000014 
5.0190526555811115, 7.8783749788259385, 0.0, 0.0, 1.0 
38.374425082126535, 26.555346134722374, 0.0, 4.984117451471955, 2.7000000000000015 
40.12898763934278, 51.08599603073055, 0.0, 4.527215523204602, 1.9000000000000008 
39.080623278240566, 10.59692835929324, 0.0, 4.298130137384611, 2.7000000000000015 
37.86234469524754, 22.06232236992022, 0.0, -1.5909761101871702, 2.5000000000000013 
34.74971233020995, 40.06845328644783, 0.0, 5.739309407606466, 2.7000000000000015 
48.03437765323473, 30.586282367675924, 0.0, 5.310270031580463, 2.7000000000000015 
41.467050269496035, 24.424140533354866, 0.0, 0.0, 1.0 
62.522439799928385, 26.378576265409183, 0.0, 3.4961620084542804, 2.7000000000000015 
0.1516803601456511, 12.042826429079714, 0.0, 2.0190723692842876, 1.1 
28.819522366098504, 58.296558590075925, 0.0, 5.3985705599998495, 2.7000000000000015 
32.452419308371724, 48.828637128815316, 0.0, 0.0, 1.0 
23.670835348680324, 2.053046670759299, 0.0, 0.0, 1.0 
34.2329892442989, 20.51739799453153, 0.0, 5.119190736254149, 2.7000000000000015 
58.891117238389, 42.56009604499817, 0.0, 2.2608916695857286, 2.7000000000000015 
18.91473958726491, 25.47788377787811, 0.0, 5.7827831564325205, 2.7000000000000015 
24.074336465252642, 16.414896818484213, 0.0, 5.928574483574907, 2.200000000000001 
3.5507083700191, 58.86950280291842, 0.0, 0.31727821652222743, 2.7000000000000015 
22.066933236343893, 35.40709267782256, 0.0, -1.1632461528798048, 2.7000000000000015 
57.78964643641745, 41.50563711565549, 0.0, 2.547134952824255, 2.7000000000000015 
3.1124704344759797, 45.149799001526375, 0.0, 1.9458538568559107, 2.7000000000000015 
46.912132183694325, 3.716760344391863, 0.0, 7.480887385933898, 2.7000000000000015 
43.28158815381892, 50.65125538143314, 0.0, 5.955965256303439, 2.000000000000001 
55.577581553994406, 8.554887976352568, 0.0, 0.0, 1.0 
52.50430940017957, 6.181066379928754, 0.0, 0.0, 1.0 
28.151239727668358, 27.320182748280967, 0.0, -0.6063025852616464, 2.7000000000000015 
43.55723429475591, 45.08915879144791, 0.0, 6.132590403956918, 2.200000000000001 
57.12496226824367, 12.582827727330063, 0.0, 3.3633069118379986, 2.300000000000001 
33.71438732977347, 36.527538041349715, 0.0, 6.511394221545877, 1.9000000000000008 
36.31036724848851, 55.36825886525036, 0.0, 0.0, 1.0 
23.095258190506307, 51.03554802669241, 0.0, 5.139442438355273, 2.6000000000000014 
39.78736900968772, 60.75703219369632, 0.0, 0.0, 1.0 
50.048419370852095, 41.18736326868114, 0.0, 0.6910736923563274, 2.7000000000000015 
47.05563177434239, 52.2025113572018, 0.0, 0.0, 1.0 
20.340235670191706, 4.892431024926799, 0.0, 4.524934529208001, 1.4000000000000004 
2.557701375870066, 59.5955342472541, 0.0, 0.11971474587678246, 2.7000000000000015 
13.746442784096924, 14.618272802959195, 0.0, 5.099818148738411, 2.7000000000000015 
47.16250595403343, 12.277686810986193, 0.0, 4.522397966338946, 2.7000000000000015 
41.83876970932593, 16.72584325876215, 0.0, 0.0, 1.0 
54.585792561567295, 15.16628836580439, 0.0, 0.0, 1.0 
43.87396459228579, 63.424531704460264, 0.0, 5.659182730303777, 2.7000000000000015 
44.913390363067, 30.406518988133655, 0.0, 3.3299455722942284, 1.3000000000000003 
37.282961602878395, 37.210229144588745, 0.0, 5.584249759940783, 2.7000000000000015 
14.296418552531353, 62.407695575745585, 0.0, 0.0, 1.0 
16.589686436881873, 49.781132533600186, 0.0, 0.0, 1.0 
24.276074718525916, 43.920059648911796, 0.0, 5.372101084428521, 2.7000000000000015 
21.371089500077062, 31.504871595001703, 0.0, 6.017508759612401, 2.7000000000000015 
9.385875900325352, 13.212369850563265, 0.0, 5.987855599571982, 1.5000000000000004 
10.95226360251127, 11.80916221689674, 0.0, 1.4881117134272561, 2.7000000000000015 
45.96041229065991, 62.772596074974665, 0.0, -0.6857207278282786, 2.4000000000000012 
36.478700578574596, 62.73805191721737, 0.0, -0.6053210291832136, 2.300000000000001 
39.98796591263147, 37.11937284363793, 0.0, 0.0, 1.0 
1.2449487195066222, 6.647075773354767, 0.0, 0.8536951014426277, 2.7000000000000015 
33.294707369526336, 23.572435730894654, 0.0, 5.224784135364256, 2.7000000000000015 
22.583819540051977, 47.93000138574382, 0.0, 5.466994588254446, 2.6000000000000014 
53.63527377808501, 22.280365558063743, 0.0, 3.755084042943482, 2.7000000000000015 
14.63566778089628, 22.34490596890305, 0.0, 4.795913064970758, 2.7000000000000015 
36.920515262024956, 3.310926268724037, 0.0, -1.295804912790028, 2.7000000000000015 
24.651564010119937, 8.118115596411371, 0.0, 0.0, 1.0 
26.693082949137587, 62.49814739170281, 0.0, 1.8974498003095155, 2.7000000000000015 
15.579451079927834, 55.73465325399855, 0.0, 0.0, 1.0 
37.36320975821285, 34.833229973972536, 0.0, 5.726388590914283, 2.7000000000000015 
32.451668667136026, 22.43088152704685, 0.0, 5.652565410752567, 2.7000000000000015 
1.1137990355585274, 2.0532085215480733, 0.0, 0.0, 1.0 
23.99841912750575, 4.029045093060485, 0.0, 0.0, 1.0 
39.10971116385615, 59.15708125667529, 0.0, 0.0, 1.0 
4.4070848815445185, 15.65803743555431, 0.0, 0.37714639411280987, 2.7000000000000015 
38.333580450241804, 62.61364200817072, 0.0, 5.724367909627119, 2.7000000000000015 
39.01227863545414, 52.36990732927093, 0.0, 0.6615852684162676, 2.7000000000000015 
31.747530706562404, 31.530233151555862, 0.0, -0.7473559304270163, 2.7000000000000015 
31.887280343534925, 39.06407271542963, 0.0, 6.126834888312131, 2.7000000000000015 
38.651516234697795, 20.650259768696692, 0.0, -1.766906467049443, 2.7000000000000015 
58.71307216495886, 49.05455170752223, 0.0, 1.0955523507469729, 2.7000000000000015 
42.52448796066847, 8.109675761279155, 0.0, 0.0, 1.0 
14.416378914163172, 54.13025574158965, 0.0, 4.804593521370088, 2.7000000000000015 
54.92714016128692, 10.641025360656624, 0.0, 0.0, 1.0 
16.565217729437, 17.000390853929108, 0.0, 5.056160025622204, 2.6000000000000014 
5.708066011104543, 29.976500293578127, 0.0, 2.246585724948858, 2.7000000000000015 
38.05112655673301, 3.605180674331016, 0.0, -1.723615855422397, 2.7000000000000015 
59.38017335962586, 19.46084322243226, 0.0, 2.2183399574120855, 2.300000000000001 
50.97609750394768, 59.85018001262246, 0.0, 5.7333400229769325, 2.7000000000000015 
37.06873159652244, 24.498715636237712, 0.0, -0.8430345218813438, 2.5000000000000013 
53.65485302543365, 55.24786365642595, 0.0, 6.825739168450018, 2.5000000000000013 
59.9152725038321, 0.043289024144689034, 0.0, 0.5038978366854524, 2.7000000000000015 
29.688426525385093, 11.674298191159977, 0.0, 4.714278305390579, 2.7000000000000015 
16.161281840525543, 0.2109601162421231, 0.0, 0.0, 1.0 
59.048303541973425, 54.470226411851534, 0.0, 0.9663392094253542, 2.7000000000000015 
6.920927901252682, 37.4810917283756, 0.0, 1.8184123415253102, 2.7000000000000015 
6.366386454397166, 56.37326720398603, 0.0, 0.4709770237088891, 1.8000000000000007 
19.61387100214547, 13.978502136805135, 0.0, 2.5256865827761734, 1.1 
2.667255051023105, 8.821560641539964, 0.0, 6.982858712401286, 2.7000000000000015 
5.045193195256745, 2.2796439724383393, 0.0, 0.0, 1.0 
42.45950629221383, 56.93918046953437, 0.0, -0.4754593059473505, 2.4000000000000012 
34.16900260685317, 29.884260657318258, 0.0, -0.6033534932438257, 2.4000000000000012 
28.346068011059085, 8.749006865027779, 0.0, 0.0, 1.0 
31.594308345207658, 4.510895425002542, 0.0, -1.487441709304704, 2.7000000000000015 
24.11776546075287, 42.33001959950105, 0.0, 0.0, 1.0 
49.68963978232531, 15.57815551084018, 0.0, 4.797939585105548, 2.7000000000000015 
61.19128534222795, 53.684068624136756, 0.0, 1.2801512818866114, 2.7000000000000015 
62.80198217812706, 23.837094249219156, 0.0, 1.8962748887256493, 2.7000000000000015 
25.31549155948407, 29.062358225777892, 0.0, -0.44554199373635267, 2.7000000000000015 
18.060626270907438, 52.25408783479108, 0.0, 0.0, 1.0 
34.51581110634118, 23.645788739128605, 0.0, 5.130533632715508, 2.7000000000000015 
35.24284998152862, 17.6878935358566, 0.0, 5.177031523023632, 2.7000000000000015 
14.905217138373791, 15.081105778043002, 0.0, 4.949791309742027, 1.9000000000000008 
25.368298310652705, 40.78392642022805, 0.0, 0.0, 1.0 
48.509261883870806, 9.854261169127813, 0.0, 3.9173477079957677, 2.7000000000000015 
9.914466128076567, 55.59492499298509, 0.0, 0.15036391129491, 2.7000000000000015 
33.01060069600005, 27.006861343440026, 0.0, 5.84976137740979, 2.7000000000000015 
46.398380686389125, 23.066828006270686, 0.0, 4.417510998018684, 2.6000000000000014 
3.4660734967858753, 56.69262128135754, 0.0, 0.4711374081035321, 2.7000000000000015 
46.63351358801686, 7.066034518639317, 0.0, 5.763728209029705, 2.7000000000000015 
57.17414566406064, 26.842367003253898, 0.0, 3.360120221157585, 2.7000000000000015 
28.22397445722189, 33.574980438809554, 0.0, 5.150585511446803, 2.6000000000000014 
16.75869402046565, 36.69680345228436, 0.0, 5.321747860592929, 2.7000000000000015 
41.500303671169625, 3.132678561617197, 0.0, -1.074893695980075, 1.7000000000000006 
39.48930086916121, 19.866357816212105, 0.0, 4.3723899408154265, 2.7000000000000015 
17.56546020494004, 44.90700427212348, 0.0, 3.2817331252235507, 1.1 
14.986881299837552, 17.963354461448844, 0.0, 4.994913383749175, 2.6000000000000014 
34.957966181044775, 12.958224113876813, 0.0, 5.114432707501031, 2.7000000000000015 
20.982465991520698, 38.88460078320543, 0.0, 5.561354534132212, 2.7000000000000015 
30.41090678013403, 7.052137196090987, 0.0, -0.8774010960885795, 2.7000000000000015 
22.798140119021735, 36.898070289642035, 0.0, -0.5157183931278994, 2.6000000000000014 
15.073983520893428, 0.9953739089380056, 0.0, 4.263014377213029, 2.100000000000001 
45.486896935768904, 6.143517068962027, 0.0, 0.0, 1.0 
35.03378518153448, 28.193521894071033, 0.0, -0.5994715122148907, 2.7000000000000015 
41.02106306372338, 31.394660358480053, 0.0, 0.0, 1.0 
44.990730727123115, 13.457375634672374, 0.0, 5.1888751749608675, 2.7000000000000015 
3.205964667118783, 42.355496359450584, 0.0, 1.8842884275650555, 2.7000000000000015 
37.76104299250132, 8.731678587782547, 0.0, 4.465209643663217, 2.7000000000000015 
30.909109532610792, 21.956516539108865, 0.0, 5.031953964243651, 2.7000000000000015 
50.5417570625654, 37.78232045877254, 0.0, 2.491514993740808, 2.7000000000000015 
47.175345955258, 41.403553393938495, 0.0, 6.81761630043227, 2.7000000000000015 
43.58177746667461, 2.9922843388459026, 0.0, 0.0, 1.0 
29.602983332915127, 59.679322550892145, 0.0, 2.8113462102669224, 2.7000000000000015 
32.74109643001478, 1.885810763544417, 0.0, -0.8812828560625243, 2.7000000000000015 
5.076344957496268, 4.914999842226866, 0.0, 0.0, 1.0 
60.13004674317379, 45.60211061699614, 0.0, 1.382178433518519, 2.7000000000000015 
33.882976420872275, 33.20630395995464, 0.0, 0.0, 1.0 
17.324275880692976, 21.933853324622778, 0.0, 6.102564048432589, 2.4000000000000012 
16.773596226302914, 38.70854682774436, 0.0, 5.154617962607437, 2.7000000000000015 
6.798559010575354, 17.813365111577482, 0.0, -0.677929531436197, 2.7000000000000015 
11.597908759289657, 44.94589748701578, 0.0, -1.0948453793966202, 2.7000000000000015 
34.472476465151274, 55.09814750790714, 0.0, 0.0, 1.0 
60.75413515462545, 13.515671540204183, 0.0, 3.439160173955281, 2.7000000000000015 
1.166722511812671, 57.45513999737833, 0.0, 0.3742616557646662, 2.7000000000000015 
36.65008464163256, 41.8616159700121, 0.0, 0.0, 1.0 
47.25991492795504, 21.69762720352777, 0.0, 4.307326285935737, 2.7000000000000015 
0.27934701347577845, 8.16379002568755, 0.0, 6.792869204872726, 2.7000000000000015 
52.53960257678798, 50.43020639981591, 0.0, 0.9267931394561849, 2.5000000000000013 
27.094205784076088, 32.90630480931149, 0.0, 5.664125527995942, 2.7000000000000015 
6.380196951587759, 9.216151158102608, 0.0, 0.0, 1.0 
29.280879469871106, 45.13707212110073, 0.0, 4.9127389600529145, 2.200000000000001 
9.2317068036698, 54.06419228047465, 0.0, 0.6821476180546937, 2.4000000000000012 
58.41906048222064, 50.485032631460015, 0.0, 1.0312142978053729, 2.7000000000000015 
35.208618145876876, 42.91071348413944, 0.0, 0.0, 1.0 
16.357695787113617, 41.37419209498407, 0.0, 5.15020566549758, 2.7000000000000015 
44.051269475878456, 38.37348467847743, 0.0, 0.0, 1.0 
4.411332100203278, 63.274711930818505, 0.0, 6.000588493272494, 2.7000000000000015 
20.391471076025972, 0.6229954471640539, 0.0, -0.8659311327097542, 2.7000000000000015 
55.21164260487883, 48.97664072140787, 0.0, 0.96188779277112, 2.7000000000000015 
20.964289922690693, 35.29648947518549, 0.0, 5.145340267187632, 2.7000000000000015 
14.366001046825732, 36.030944050193234, 0.0, 5.645123683952808, 2.7000000000000015 
33.846588431267215, 5.681369451886454, 0.0, -1.0860610868143834, 2.7000000000000015 
12.981970626013846, 8.781735986992933, 0.0, 4.2858574893605335, 2.7000000000000015 
61.60599056042489, 12.008529996229353, 0.0, 0.0, 1.0 
16.271153333466305, 33.93182786575117, 0.0, -0.4289937158044782, 2.7000000000000015 
32.615283927191676, 14.30027048829263, 0.0, -1.275217215504127, 2.7000000000000015 
4.029159913475221, 60.37693756248227, 0.0, -0.086624860261438, 2.7000000000000015 
58.58299147317639, 9.395742156772698, 0.0, 0.0, 1.0 
10.691735947078078, 56.57777825009794, 0.0, -0.27233245132536577, 2.7000000000000015 
6.958473960850803, 7.291568504255798, 0.0, 0.0, 1.0 
22.046057759355215, 3.7390253902309043, 0.0, 0.0, 1.0 
53.837576294455964, 56.574707054384064, 0.0, 6.229364390499743, 2.7000000000000015 
30.661058273928138, 10.791391394381288, 0.0, -1.6736190295983437, 1.3000000000000003 
9.881346697721396, 29.477672364295337, 0.0, 5.501925435164752, 2.7000000000000015 
41.04506103853325, 5.422528322327083, 0.0, 0.0, 1.0 
32.99989528241915, 47.08737775248927, 0.0, 0.0, 1.0 
18.553732664576902, 46.777323314938755, 0.0, 0.0, 1.0 
16.023320160124605, 26.914324193251723, 0.0, 5.247705414848184, 2.7000000000000015 
13.290041410581582, 12.641102344456401, 0.0, 4.96938550204141, 2.7000000000000015 
30.049572791141262, 5.827385937763039, 0.0, -1.032745818937262, 2.000000000000001 
28.427525815948208, 49.70049898962374, 0.0, 4.449295488446941, 2.7000000000000015 
7.166237570399155, 5.231307017980114, 0.0, 0.0, 1.0 
30.926547262226027, 57.65795416667061, 0.0, 2.2658499125932194, 1.2000000000000002 
45.712943434920305, 20.21682262672264, 0.0, 4.982082343599266, 2.7000000000000015 
48.929103120751414, 7.029752473242736, 0.0, 0.0, 1.0 
48.385742076283435, 61.486315820995266, 0.0, 5.779948788579952, 2.7000000000000015 
32.89865154878749, 53.877203523863514, 0.0, 2.257237572027131, 1.1 
10.7964029564438, 0.7491403644605577, 0.0, 0.0, 1.0 
24.459869103561214, 22.254421583334754, 0.0, -0.5428856775209211, 2.7000000000000015 
25.840417954959644, 43.112623924098706, 0.0, -0.9528966359218165, 2.7000000000000015 
54.82146558361805, 61.66873188698716, 0.0, 5.050527763032824, 2.7000000000000015 
0.4089494399397252, 30.941605987673388, 0.0, 2.953431460303735, 2.7000000000000015 
24.69576918696226, 34.79869749101538, 0.0, 5.1853701451718175, 2.200000000000001 
9.003881225852481, 57.912132779766075, 0.0, -0.47736110487156713, 2.7000000000000015 
56.18774805498395, 61.098955664309614, 0.0, 0.0, 1.0 
25.466210709723562, 57.717013943777715, 0.0, 4.421006517213094, 2.4000000000000012 
50.07645234409986, 5.80699714509574, 0.0, 0.0, 1.0 
4.071572113650372, 58.01433899314638, 0.0, 0.3670704719615151, 2.7000000000000015 
54.15254397506304, 44.30994124710802, 0.0, 1.2171789692249542, 2.7000000000000015 
25.979965599865213, 32.49038671709, 0.0, -0.47842499212178335, 2.7000000000000015 
37.03276870792725, 43.87610148219626, 0.0, 0.0, 1.0 
20.103733019983977, 41.68790678614934, 0.0, 0.0, 1.0 
14.56653643566509, 49.999630245935016, 0.0, 0.0, 1.0 
29.213672440906944, 1.9968455351913266, 0.0, 0.0, 1.0 
48.19018517840163, 3.400203334402194, 0.0, 5.012227291770843, 2.7000000000000015 
25.715427301780434, 4.595448638569293, 0.0, 0.0, 1.0 
59.0889192765291, 24.65241466358495, 0.0, 5.814925706583205, 2.7000000000000015 
62.09984148408076, 56.67327706154644, 0.0, 1.054650184791799, 2.7000000000000015 
39.57805265812429, 40.87791351542676, 0.0, 4.399662729521939, 2.6000000000000014 
29.0143872058863, 39.70568711446285, 0.0, 5.4720997589089455, 2.6000000000000014 
7.94061941041045, 22.40025744295573, 0.0, 2.21251843083224, 1.6000000000000005 
26.585974205840785, 46.733416616946265, 0.0, 5.2033351179140785, 2.6000000000000014 
29.124297942361686, 18.22315980391322, 0.0, 5.5007170367339215, 2.7000000000000015 
43.32102661502395, 52.23472174687236, 0.0, 0.0, 1.0 
32.1763097278079, 29.973587588160242, 0.0, -0.5614056409079603, 2.7000000000000015 
26.061501729110233, 6.628848053183045, 0.0, 0.0, 1.0 
31.943512044554765, 16.903966965089946, 0.0, 5.193073159701694, 2.7000000000000015 
12.456316685138088, 11.676636000181158, 0.0, -1.136107342862097, 2.7000000000000015 
27.19665129849594, 44.32991379737921, 0.0, 5.174206799573831, 2.7000000000000015 
33.099797201405416, 42.19560245677856, 0.0, 5.096137125211618, 2.7000000000000015 
19.023694648821408, 28.37962762414643, 0.0, 5.384552922978666, 2.7000000000000015 
29.09004002809925, 21.221431105819484, 0.0, 5.2769133448208105, 2.7000000000000015 
34.49456622590018, 56.81159498584694, 0.0, 3.006799461243727, 2.7000000000000015 
37.94393566471621, 49.45607969280675, 0.0, 0.0, 1.0 
24.5728922753128, 37.35898786871765, 0.0, 0.0, 1.0 
11.557122950997865, 42.883040044104995, 0.0, 5.309780836846698, 2.7000000000000015 
22.16436001337222, 1.5733985997563196, 0.0, 5.401169971921818, 2.7000000000000015 
8.381266427100579, 8.401849574823528, 0.0, 0.0, 1.0 
30.416982892404413, 14.070151290862334, 0.0, -0.8790755947484916, 2.7000000000000015 
29.47217857430055, 23.114791158389124, 0.0, -1.2980915229128251, 2.7000000000000015 
18.14898664360183, 24.35997940263223, 0.0, 5.897978884575403, 2.300000000000001 
46.17676928742885, 10.365463200759383, 0.0, 4.979771499217094, 2.6000000000000014 
30.622802752745876, 33.904965004112796, 0.0, 0.0, 1.0 
6.839995860202602, 0.11481257907924916, 0.0, 0.0, 1.0 
48.468779164858006, 13.142582534738832, 0.0, 4.3693081608086315, 2.7000000000000015 
9.300166041072321, 18.42841228731492, 0.0, -0.7682259619854168, 2.7000000000000015 
22.14095340288932, 56.31794600580675, 0.0, -1.3267732215615147, 2.7000000000000015 
30.425043041864832, 28.47884587371731, 0.0, -0.3764743963785245, 2.7000000000000015 
37.53641845846929, 19.252076392095233, 0.0, -1.5637145684017024, 2.6000000000000014 
0.6209032379851216, 58.357358342089505, 0.0, 0.39532744405137815, 2.7000000000000015 
18.185534523161262, 1.9860593759579557, 0.0, 4.870992851891805, 2.7000000000000015 
53.87843598787681, 19.979344546455145, 0.0, 3.416121986977522, 2.6000000000000014 
33.785403000644955, 43.69824289909882, 0.0, 0.0, 1.0 
39.5688456966117, 25.108019194563752, 0.0, -1.3604707279371753, 2.7000000000000015 
37.19701995863333, 38.79474244629714, 0.0, 5.384238421043994, 2.6000000000000014 
1.3493868234196498, 56.21984984626943, 0.0, 0.6817002086759517, 2.7000000000000015 
21.831087824997446, 14.020511625751652, 0.0, 1.5293063815169872, 1.3000000000000003 
37.17505640731135, 16.764086406786703, 0.0, -1.2989868334837482, 2.7000000000000015 
60.72709185152361, 38.46129176974448, 0.0, 2.1011829878539627, 2.7000000000000015 
21.008501591167093, 7.4482034454608685, 0.0, 0.0, 1.0 
57.56688562793713, 58.31602009170602, 0.0, -0.08554253527501889, 2.7000000000000015 
13.297442504281396, 53.7080994994771, 0.0, -1.6000366958486234, 2.7000000000000015 
37.16794403460601, 47.81721012655809, 0.0, 6.148956089898208, 1.8000000000000007 
10.446497635037385, 19.72982901679652, 0.0, 5.381963330367258, 2.7000000000000015 
40.56963290143249, 46.3638445631844, 0.0, 0.11913350529965519, 2.7000000000000015 
56.533743671285784, 15.718207448421063, 0.0, 0.0, 1.0 
26.209454239891734, 25.558677379845523, 0.0, 5.350481967600239, 2.7000000000000015 
61.1151735214512, 20.92163853978947, 0.0, 5.04997490014695, 2.7000000000000015 
36.53678785691116, 51.601535249734816, 0.0, 5.318935573579112, 2.7000000000000015 
19.092949249582237, 61.282548949978555, 0.0, 0.0, 1.0 
10.769816453893574, 39.73458598637405, 0.0, -0.9635994921133024, 2.7000000000000015 
49.597667724339864, 57.591804259250395, 0.0, 5.853480088193757, 2.7000000000000015 
40.52509086799298, 22.688000508439764, 0.0, 0.0, 1.0 
61.871505047168, 10.04235460398779, 0.0, 0.0, 1.0 
29.68105517834559, 47.30300854257513, 0.0, 5.1520063519792325, 2.5000000000000013 
55.44645558079147, 13.619898518073217, 0.0, 0.0, 1.0 
60.3796764958173, 54.736646767078525, 0.0, 1.1637580173223754, 2.6000000000000014 
13.223686117865784, 3.6820712330525347, 0.0, 5.28487873195926, 2.7000000000000015 
53.92006243716575, 9.384260698305388, 0.0, 0.0, 1.0 
55.22120324364252, 2.77634017920216, 0.0, 0.0, 1.0 
53.962247503467125, 4.051127071011264, 0.0, 0.0, 1.0 
41.50490621985522, 53.10597315217141, 0.0, 1.6013841477037036, 1.1 
32.24984565715049, 7.29053645544852, 0.0, 0.0, 1.0 
49.15508159000835, 50.05633355793489, 0.0, 0.0, 1.0 
41.13281405409508, 55.16835866508674, 0.0, 2.550549026068674, 2.100000000000001 
21.024434032329395, 28.334169469062395, 0.0, 5.745693366902337, 2.7000000000000015 
31.078030246163756, 35.89349209841138, 0.0, 0.0, 1.0 
34.7138038421823, 3.238474400565326, 0.0, -0.9731239971027601, 2.7000000000000015 
62.557644118322266, 4.066226735358045, 0.0, 0.7799693815765435, 2.7000000000000015 
26.151192943277263, 56.23504666090918, 0.0, 4.282494998615661, 2.7000000000000015 
37.57405529036326, 14.148650190059536, 0.0, -1.6788615251043975, 2.6000000000000014 
34.40761906648419, 9.532586883360027, 0.0, 5.004787994048211, 2.7000000000000015 
16.379510160455656, 53.07513945959064, 0.0, 0.0, 1.0 
48.12153097688732, 59.274313927355564, 0.0, -0.5995114649876084, 2.7000000000000015 
10.407174211195716, 14.090256200969243, 0.0, 5.87089646521015, 2.7000000000000015 
41.307389942350895, 35.730377752657326, 0.0, 0.0, 1.0 
62.32202042420439, 2.119064129770583, 0.0, 0.9762535594149202, 2.7000000000000015 
44.227719919714005, 28.55063540960403, 0.0, 0.0, 1.0 
21.626175478614645, 40.30258028427464, 0.0, 0.0, 1.0 
15.75213913803698, 5.552674200779404, 0.0, 4.23237329978279, 2.7000000000000015 
29.857585178510412, 32.280678942708334, 0.0, 5.2246957142537935, 2.7000000000000015 
41.03921626167048, 40.371443082565115, 0.0, 0.0, 1.0 
12.28391433000962, 56.86013334615369, 0.0, -0.5295741460244653, 2.7000000000000015 
51.48614367551085, 22.40086674239294, 0.0, 5.104390133528316, 1.5000000000000004 
31.43806059837985, 12.087693902984423, 0.0, -0.71622599473668, 2.5000000000000013 
31.08963966729946, 55.10676246103456, 0.0, 0.0, 1.0 
24.99030410657251, 39.130394717775125, 0.0, 0.0, 1.0 
23.388406452019396, 54.492552036529176, 0.0, -1.4359015253195189, 2.7000000000000015 
48.21552241408881, 53.56729949236251, 0.0, 0.0, 1.0 
27.848474193148313, 36.22453655184138, 0.0, 0.0, 1.0 
35.62817728831978, 32.47889730317237, 0.0, 0.0, 1.0 
52.75549103036341, 8.170827240317678, 0.0, 0.0, 1.0 
45.41231916883218, 3.345088665892744, 0.0, 1.1038092467194978, 2.7000000000000015 
53.4843086137478, 63.031069447668834, 0.0, 5.120333161125266, 2.7000000000000015 
32.691164511646164, 10.031104099931946, 0.0, 5.4229135606976415, 2.7000000000000015 
45.283274075976415, 49.35267221518129, 0.0, 0.0, 1.0 
17.29667434336428, 42.40574426260679, 0.0, 4.963720006812667, 2.6000000000000014 
41.6320726624364, 47.97868255705314, 0.0, 0.0, 1.0 
0.35755504832091684, 3.718025964158327, 0.0, 1.2828217462751776, 2.7000000000000015 
52.99362169489101, 52.322782402886794, 0.0, 0.7102663384291591, 2.6000000000000014 
27.233791150755476, 3.19518596122945, 0.0, 0.0, 1.0 
42.897454844781564, 40.49676526705832, 0.0, 4.9030604951799726, 2.5000000000000013 
18.628122642296933, 31.921588244149305, 0.0, -0.5987637792954739, 2.7000000000000015 
22.673027591423217, 29.066378529466814, 0.0, -6.4414065904162765, 2.7000000000000015 
43.055454572091755, 32.17292508453626, 0.0, 0.0, 1.0 
5.1505127777231685, 28.50879763278696, 0.0, 2.0654565610740807, 2.7000000000000015 
63.42629158986368, 52.66942325122941, 0.0, 0.8241863269108465, 2.7000000000000015 
28.573504489859648, 25.686748755347367, 0.0, 6.008987889753243, 2.7000000000000015 
42.55498960200774, 22.886838296317865, 0.0, 0.0, 1.0 
5.983122984789961, 53.74279173005217, 0.0, 1.1118952665678241, 2.7000000000000015 
40.62959920417946, 38.2951281304879, 0.0, 5.242448474004975, 2.5000000000000013 
40.69700076411322, 17.436225965877505, 0.0, 4.450957853965835, 2.300000000000001 
28.962357235655166, 5.310181553252831, 0.0, 0.0, 1.0 
44.41646652695232, 33.79184418091341, 0.0, 0.0, 1.0 
29.78477348536942, 16.257417091071915, 0.0, -0.8677420299878127, 2.7000000000000015 
20.927255855709674, 56.78724286921797, 0.0, 4.844526499038377, 2.7000000000000015 
7.446859373807247, 12.449561446001288, 0.0, 0.0, 1.0 
43.51830801442402, 19.58330837306029, 0.0, 0.0, 1.0 
53.27614935796143, 47.42713519336043, 0.0, 1.1043820648758476, 2.7000000000000015 
51.36671146755291, 62.75505858077212, 0.0, 5.489381703634831, 2.7000000000000015 
56.49731709972307, 1.6146435548459612, 0.0, 0.0, 1.0 
46.642835981404225, 60.95388316449368, 0.0, -0.06900625838200228, 2.7000000000000015 
60.455041775268306, 1.677025072823853, 0.0, 0.648256254567093, 2.7000000000000015 
29.620572674776312, 42.214334503006945, 0.0, 5.0963663378788295, 2.7000000000000015 
9.754317525233624, 9.788008126201321, 0.0, 0.0, 1.0 
8.042159065353, 60.663532436194544, 0.0, -0.2893544771376976, 2.7000000000000015 
1.6522863727227248, 24.462799411174053, 0.0, 3.6419369764409253, 2.7000000000000015 
30.135095217638145, 61.91427828298074, 0.0, 0.0, 1.0 
3.3008613823549537, 7.593095176508557, 0.0, 7.339985721833109, 2.4000000000000012 
26.53413682948777, 37.84932355547173, 0.0, 0.0, 1.0 
33.770855844658584, 7.7559946625260885, 0.0, -1.3020579093198108, 2.7000000000000015 
56.88871464334251, 19.59446523730473, 0.0, 2.626556970849023, 2.200000000000001 
40.178732696141054, 62.3874675632732, 0.0, 5.41195546304109, 2.7000000000000015 
12.997045922014749, 0.4562112968103757, 0.0, 0.0, 1.0 
35.68455398325087, 7.42748260624899, 0.0, 4.631553259995563, 2.7000000000000015 
38.53408156504201, 7.96773712838796, 0.0, 4.163911869172289, 2.4000000000000012 
6.075342750855265, 57.468912910861015, 0.0, 0.08906930815374592, 2.7000000000000015 
54.529058611496325, 57.992482038295705, 0.0, 5.977298380024379, 2.7000000000000015 
52.69366164752507, 48.65678319103486, 0.0, 1.020947808507743, 2.7000000000000015 
47.704852214698406, 18.032007342775156, 0.0, 4.210951299854548, 2.7000000000000015 
41.99285677862975, 13.89572079982144, 0.0, 0.0, 1.0 
3.230766693532557, 5.294464789128321, 0.0, 0.0, 1.0 
44.63035650302351, 61.635396883770305, 0.0, 0.16081566069648337, 2.7000000000000015 
37.468868295403894, 10.663862549715688, 0.0, 4.586766252826938, 2.7000000000000015 
22.246550514650565, 53.8817147959082, 0.0, -1.0396805957668553, 2.6000000000000014 
55.04365680234826, 18.603768911863202, 0.0, 0.0, 1.0 
50.69777259665041, 51.796570416544895, 0.0, 0.0, 1.0 
42.33993232175044, 28.25040566068156, 0.0, 0.0, 1.0 
54.921965265388685, 57.07174185225833, 0.0, -0.2525695679398629, 2.5000000000000013 
19.54615243976876, 48.56306142339477, 0.0, 0.0, 1.0 
5.065049233671291, 0.9002276691820505, 0.0, 0.0, 1.0 
57.45915097519714, 40.18370092171848, 0.0, 2.4760385532062434, 2.7000000000000015 
59.28874127171747, 57.97345089721034, 0.0, 6.913268902156278, 2.7000000000000015 
9.533722884926336, 58.74477557620356, 0.0, -0.6963571865164566, 2.7000000000000015 
61.60657631988927, 48.377299804462325, 0.0, 1.6681605216958864, 2.7000000000000015 
33.52195462017214, 61.3801396833869, 0.0, 0.0, 1.0 
49.83132550191251, 53.2831455842804, 0.0, 0.0, 1.0 
39.44240929866306, 15.645546892973414, 0.0, -1.8713385760589334, 2.6000000000000014 
60.10656922164372, 2.732728462897373, 0.0, 7.000059092490562, 2.7000000000000015 
35.82126185443761, 18.6840393224916, 0.0, 5.136891510321864, 2.7000000000000015 
59.25202183879101, 47.18465328840841, 0.0, 1.4843981637786825, 2.7000000000000015 
44.273928936045756, 7.124511627254042, 0.0, 0.0, 1.0 
39.004557870626925, 2.7580515023817007, 0.0, 4.798867497519637, 2.7000000000000015 
62.956013256801164, 53.913210888267194, 0.0, 0.8387988663849381, 2.7000000000000015 
26.58545497044728, 54.63292661302957, 0.0, 4.3254050806703, 2.7000000000000015 
16.50189299939652, 46.602244807895616, 0.0, 0.0, 1.0 
30.030459122801346, 49.00401202871598, 0.0, 5.0918783792546325, 2.7000000000000015 
13.407948961620136, 60.88031912946341, 0.0, 0.0, 1.0 
36.04993940479599, 11.390460872352763, 0.0, 4.809399943031863, 2.7000000000000015 
57.34367615549184, 7.86647732812621, 0.0, 0.0, 1.0 
50.419319659822065, 9.675165522612941, 0.0, 0.0, 1.0 
45.59437479524426, 43.07640239343927, 0.0, 4.979668192189153, 2.7000000000000015 
61.40233351957413, 51.32576271875808, 0.0, 1.177637246390601, 2.7000000000000015 
19.66274143920086, 55.510459887162106, 0.0, 0.0, 1.0 
33.59336797138097, 17.28909804141977, 0.0, 5.075075274740556, 2.7000000000000015 
19.47655202500005, 63.06138783564283, 0.0, 5.075778155885672, 2.7000000000000015 
52.35156108389467, 55.64779730697909, 0.0, 6.442638851626009, 2.4000000000000012 
51.46250153420496, 32.111393785286175, 0.0, 3.180102135553006, 2.7000000000000015 
45.43173498548018, 36.868597931381785, 0.0, 0.0, 1.0 
28.23522607867448, 61.99752756570118, 0.0, 2.1567952182096795, 2.7000000000000015 
22.013721505551405, 11.728445994537955, 0.0, 0.0, 1.0 
62.848192747248824, 55.712223619422325, 0.0, 1.031380099016962, 2.7000000000000015 
27.508425142792827, 11.988146301191318, 0.0, -0.9211510575336523, 2.000000000000001 
48.107874080071106, 0.3619641063500775, 0.0, 5.510265279936376, 2.7000000000000015 
10.154865330196191, 7.501277226446936, 0.0, 1.8629071657716703, 2.4000000000000012 
51.84679305114649, 38.884209757761084, 0.0, 2.7625616557342796, 2.7000000000000015 
53.348539608588446, 2.1048560456127623, 0.0, 0.0, 1.0 
21.214287372057285, 59.221295655565, 0.0, -0.9333798284126198, 2.7000000000000015 
26.082996827087467, 27.42414986094214, 0.0, 5.702564951049853, 2.7000000000000015 
24.176295828625257, 6.088111277459316, 0.0, 0.0, 1.0 
1.8286322280025715, 54.996323287462104, 0.0, 0.6004667009679963, 2.7000000000000015 
37.37011285963873, 29.674840278577424, 0.0, 0.0, 1.0 
35.717120757086725, 1.2329773569960576, 0.0, 5.49649109872048, 2.7000000000000015 
41.54240472670568, 21.101969006729135, 0.0, 0.0, 1.0 
52.80519302369679, 18.23103682514368, 0.0, 0.0, 1.0 
33.672047652585846, 50.42546516883799, 0.0, 0.0, 1.0 
59.33690189138258, 60.83179084280934, 0.0, 0.7687765098350534, 2.7000000000000015 
34.41268548082855, 52.335949354089585, 0.0, 5.8551482120031215, 1.1 
26.8034131677202, 14.850442567975, 0.0, 5.722396559191709, 2.7000000000000015 
39.26235027031534, 36.163771831468026, 0.0, 5.428379137654025, 2.7000000000000015 
26.29547338883068, 51.399308645835504, 0.0, 4.78334689671588, 2.7000000000000015 
29.435019302886197, 9.477023948100017, 0.0, -0.8822553447078029, 2.7000000000000015 
6.038322691093467, 59.32016584334641, 0.0, -0.21965167451027032, 2.7000000000000015 
13.081366989867618, 6.293782151197952, 0.0, 4.558854689384332, 2.300000000000001 
10.701777971637584, 62.646099893947216, 0.0, 5.409011354678162, 1.1 
45.659016810533345, 35.02094632016808, 0.0, 2.6992298471168272, 2.7000000000000015 
30.97969557970479, 24.193624923140344, 0.0, 5.915812545835144, 2.7000000000000015 
7.779982084907284, 10.359406868744847, 0.0, 0.0, 1.0 
30.62657457413967, 0.47992276842542775, 0.0, 0.0, 1.0 
9.754954597129405, 62.02223444173653, 0.0, 5.4850845282406215, 1.9000000000000008 
4.370218895960415, 11.412546052732223, 0.0, 0.9975704179447418, 2.7000000000000015 
38.95315986954046, 23.367380200841257, 0.0, -1.2875563986071146, 2.7000000000000015 
50.467032673558066, 58.14356576589627, 0.0, -0.7244734689534065, 2.7000000000000015 
61.802978342614665, 32.04923859009517, 0.0, 3.2506520054768675, 2.7000000000000015 
35.35586140209454, 26.55539225264261, 0.0, -0.6363419152249973, 2.5000000000000013 
9.417583077021114, 16.75923357812429, 0.0, -0.6440579938843619, 2.7000000000000015 
11.18680953368618, 59.96187480678138, 0.0, -0.47599695032285444, 2.5000000000000013 
48.42217082063015, 8.379424441105783, 0.0, 4.055530203988486, 1.7000000000000006 
32.1630817357079, 9.044587325781896, 0.0, -1.0060219604134262, 2.5000000000000013 
5.967540890923297, 12.548616845415584, 0.0, 7.941001060426403, 2.7000000000000015 
60.73853395837664, 25.134703768525025, 0.0, 2.0652169221899426, 2.7000000000000015 
55.60025327095362, 54.04400575236846, 0.0, 0.592235562871682, 2.7000000000000015 
46.31447812960959, 29.056375695891763, 0.0, 2.9784850159229066, 2.7000000000000015 
29.212437239429832, 35.0127872896362, 0.0, 0.0, 1.0 
43.223285839978786, 43.49119262756287, 0.0, -0.23832222429923342, 2.300000000000001 
19.41712906057025, 36.41613461158083, 0.0, 5.031476364458809, 2.5000000000000013 
22.161794762116006, 5.7854781352511075, 0.0, 0.0, 1.0 
27.197346828741907, 1.2026522865682308, 0.0, 0.0, 1.0 
36.848483674899136, 6.747575278562167, 0.0, -1.6455750025875586, 2.7000000000000015 
38.33361359164658, 13.306994976828408, 0.0, -1.9002191911873076, 2.7000000000000015 
24.847319259168074, 45.254489885251864, 0.0, -0.9176465123508427, 2.7000000000000015 
18.06510960062621, 39.1361790154518, 0.0, 5.002704801071566, 2.7000000000000015 
5.259215589906113, 6.352446180024523, 0.0, 6.1731290318667895, 2.7000000000000015 
2.6280814577280913, 54.03803973942355, 0.0, 0.557356461175228, 2.7000000000000015 
34.63413424904434, 11.493019439389087, 0.0, -1.3322630418162744, 2.5000000000000013 
22.66740010979488, 43.79003439644464, 0.0, 0.0, 1.0 
16.44500106129838, 11.60444572960563, 0.0, 4.946794054846442, 2.6000000000000014 
8.093818066182873, 24.85236263953301, 0.0, 0.8492314212527082, 2.7000000000000015 
19.55272215077547, 30.210023609039474, 0.0, 5.842705493502717, 2.7000000000000015 
33.54545552240776, 19.6960728656594, 0.0, 5.060639779277495, 2.7000000000000015 
57.329237160525835, 62.385246102740375, 0.0, 0.0, 1.0 
8.358719115866368, 15.855342647012222, 0.0, 5.912648897426377, 2.7000000000000015 
4.211858011269797, 51.63891819082455, 0.0, 1.1333198923422394, 2.7000000000000015 
17.550962590417594, 48.39220415023191, 0.0, 0.0, 1.0 
47.390995807566654, 35.74314032781589, 0.0, 5.182486125240594, 2.7000000000000015 
21.702983870288417, 23.663621597294966, 0.0, 5.541021530610996, 2.7000000000000015 
50.92851764275588, 47.55823232898591, 0.0, 1.1472815625480586, 2.7000000000000015 
26.510273097812853, 8.586684365053769, 0.0, 0.0, 1.0 
19.393114962372437, 57.523482663371965, 0.0, 0.0, 1.0 
57.05985108978503, 47.46951550487836, 0.0, 1.3059462852446455, 2.7000000000000015 
3.0978996106087653, 1.6010579892725092, 0.0, 0.0, 1.0 
55.80104955872019, 59.45458282374595, 0.0, 5.818234135777551, 2.7000000000000015 
38.72415853577184, 11.988553460943026, 0.0, 4.344256251867309, 2.7000000000000015 
62.10682805379028, 22.118737896184125, 0.0, 1.7626764609587253, 2.7000000000000015 
43.44806228430893, 13.594580035857101, 0.0, 0.0, 1.0 
61.25908889316502, 7.173528002716357, 0.0, 0.7041582249184254, 2.6000000000000014 
9.292285417205273, 11.581202589083853, 0.0, 0.0, 1.0 
62.83804184857098, 61.62360466088906, 0.0, 7.138439789582995, 2.7000000000000015 
60.13749179511566, 16.74202708143513, 0.0, 1.9831517006587698, 2.7000000000000015 
49.19181073857554, 59.88903887678124, 0.0, 5.78007152019256, 2.7000000000000015 
35.41900476168668, 44.91851249878561, 0.0, 0.0, 1.0 
50.66218675887507, 56.41119077667333, 0.0, 6.171685627771881, 2.5000000000000013 
25.718608283106725, 45.78724577897253, 0.0, 5.109561037301282, 2.7000000000000015 
23.976581033754027, 12.098391170679738, 0.0, 0.0, 1.0 
35.034096464817196, 46.801808507672966, 0.0, 0.0, 1.0 
31.194132283032417, 50.32587383622255, 0.0, 0.0, 1.0 
48.514839648046326, 48.168084632863724, 0.0, 0.5448478671034208, 2.7000000000000015 
45.011619093061235, 18.564898573041344, 0.0, 4.886854812888476, 1.9000000000000008 
35.62608227919065, 30.67280164241142, 0.0, 0.0, 1.0 
25.809632378420986, 12.027119865435788, 0.0, 0.0, 1.0 
37.39722052194673, 31.55920183630215, 0.0, 0.0, 1.0 
19.618977291129596, 8.63734006204974, 0.0, 0.0, 1.0 
16.967456531149956, 1.504504098954274, 0.0, 5.31124673284444, 2.7000000000000015 
62.75931299700426, 6.611912230470946, 0.0, 6.7404325480993545, 2.7000000000000015 
26.666394530310548, 20.24575406115797, 0.0, 5.703229866813192, 2.7000000000000015 
39.40603286592794, 5.426319370514221, 0.0, -1.891851350300278, 2.7000000000000015 
28.080178830737, 20.624691547149645, 0.0, -0.9336249334067442, 2.7000000000000015 
0.19831304945790088, 16.10640730200073, 0.0, 0.31180351607668316, 2.7000000000000015 
33.904539919807846, 34.62770853911472, 0.0, 0.0, 1.0 
58.88257850715057, 3.039407244882808, 0.0, 6.940027616822693, 2.5000000000000013 
51.41609254179436, 30.82040186027584, 0.0, 2.9697571720849925, 2.7000000000000015 
60.05346004721294, 10.65463732149051, 0.0, 0.0, 1.0 
47.10844872471509, 48.66795291226183, 0.0, 6.769818290573511, 2.7000000000000015 
40.66340372932746, 25.868870470592046, 0.0, 0.0, 1.0 
31.05806313368961, 8.329348366874285, 0.0, -1.2776461152413183, 2.7000000000000015 
9.807304446825672, 2.488279574876955, 0.0, 0.0, 1.0 
19.005014124920308, 22.63637081068828, 0.0, 5.751224206614899, 2.7000000000000015 
51.014364962138906, 11.1621079555677, 0.0, 5.114035508749904, 2.7000000000000015 
12.08945043081972, 58.615560753567834, 0.0, 0.5501479333551654, 2.7000000000000015 
13.018667444585919, 44.827579629842376, 0.0, -1.2131846463179627, 2.7000000000000015 
16.82578139068303, 29.20957940247858, 0.0, 5.59450759822554, 2.7000000000000015 
20.158800951490992, 37.89056961907516, 0.0, 5.5266823311796776, 2.300000000000001 
59.096699059580544, 7.129431418722726, 0.0, 0.0, 1.0 
27.136841168622983, 48.355513167003515, 0.0, 4.887739968653563, 2.6000000000000014 
52.57364097606177, 15.520361150762012, 0.0, 0.0, 1.0 
42.220365021961356, 49.6360465589653, 0.0, 6.103331494733654, 2.7000000000000015 
16.34560848000949, 54.63469089791679, 0.0, 0.7196871389818137, 2.7000000000000015 
20.759257027355314, 43.60132924929775, 0.0, 0.0, 1.0 
62.021826573786925, 63.40425379217415, 0.0, 0.0, 1.0 
11.75917658302321, 2.0597304490695443, 0.0, 0.0, 1.0 
15.342495448653967, 10.07390246800806, 0.0, 4.5831473843036195, 2.4000000000000012 
38.18127687250458, 17.50423446661897, 0.0, -1.7451107266321466, 2.7000000000000015 
21.377372300131295, 19.68836647806431, 0.0, 6.071708428112699, 2.300000000000001 
15.136290277507943, 39.30462267934506, 0.0, 5.316865595687308, 2.7000000000000015 
18.232069180496634, 17.402454145274863, 0.0, 0.0, 1.0 
58.10878586944761, 56.10664503331411, 0.0, 0.8178400266973632, 2.7000000000000015 
35.6824819024257, 50.33483616970165, 0.0, 2.2117523237580694, 1.6000000000000005 
4.088030355609555, 13.265452053425369, 0.0, 0.0, 1.0 
30.729344238574605, 19.987025043920475, 0.0, 5.130595580870094, 2.7000000000000015 
22.109533563302403, 42.04792609223432, 0.0, 0.0, 1.0 
55.79785300344018, 6.538783644205524, 0.0, 0.0, 1.0 
28.02497228982626, 7.081791357844685, 0.0, 0.0, 1.0 
51.415889537668086, 7.915438938001909, 0.0, 0.0, 1.0 
42.32908933639976, 63.25975349461912, 0.0, -0.47473346223494806, 2.7000000000000015 
41.347275338494605, 1.4860625915567454, 0.0, -0.5430601684498895, 1.9000000000000008 
54.91667030361435, 50.243840121506985, 0.0, 0.8276793692585501, 2.6000000000000014 
31.296956520040077, 38.207321183398626, 0.0, 6.206105038174804, 2.6000000000000014 
44.92329919885112, 15.790595854105273, 0.0, 4.89138707605326, 2.5000000000000013 
4.356196605512789, 55.95420110770648, 0.0, 0.574981257154264, 2.7000000000000015 
8.671501287957598, 61.664198693967066, 0.0, -0.6879492825937396, 2.7000000000000015 
40.20306888322883, 10.280845189742298, 0.0, 0.0, 1.0 
4.952873561408601, 10.113234393533551, 0.0, 1.057179010364284, 2.7000000000000015 
28.39527353716321, 38.19742477298148, 0.0, 0.0, 1.0 
29.572850683262594, 55.25214676128231, 0.0, 4.664712771080882, 2.7000000000000015 
7.523659196194938, 54.53039480702821, 0.0, 0.0, 1.0 
36.049899304685816, 5.280396400522989, 0.0, 4.794549938454934, 2.7000000000000015 
20.394144470152803, 33.86355720122886, 0.0, -0.4714476802163784, 2.7000000000000015 
19.14634836992689, 6.601593554851457, 0.0, 4.646134317497547, 1.1 
8.676620312771341, 27.86797533470437, 0.0, 1.5158098509133842, 2.7000000000000015 
44.365731807945956, 4.838898488194655, 0.0, 0.0, 1.0 
27.29345102725101, 18.465859012630265, 0.0, -0.6317101008286973, 2.7000000000000015 
42.84506259828362, 11.720357432385915, 0.0, 0.0, 1.0 
0.6174999314833707, 14.270282248442275, 0.0, 1.617768071188092, 1.4000000000000004 
17.76072148517444, 58.442473483229385, 0.0, 0.0, 1.0 
61.065651573305594, 62.49156456994819, 0.0, 0.10452934505581284, 2.7000000000000015 
43.83675842532189, 53.851361319852664, 0.0, 0.0, 1.0 
38.744658748834176, 38.61590173212432, 0.0, 0.0, 1.0 
31.97872240482904, 44.682463625754906, 0.0, 4.641178404957222, 2.6000000000000014 
57.09424905270923, 51.68420278542012, 0.0, 0.9222187883326229, 2.7000000000000015 
56.69253759706935, 55.774425767458034, 0.0, 0.7452563826384813, 2.7000000000000015 
41.56860584039135, 9.985425163020569, 0.0, 4.6340901007782245, 2.6000000000000014 
48.5603502490072, 25.939298698132585, 0.0, 5.369601316171802, 2.7000000000000015 
13.27657174787386, 40.00954069506096, 0.0, 5.280685393765932, 2.7000000000000015 
10.904936730950837, 51.60060975102849, 0.0, 0.0, 1.0 
33.778046628680165, 31.595138060829864, 0.0, 0.0, 1.0 
30.77182414917896, 2.8730243778146205, 0.0, -1.3181251492445474, 2.6000000000000014 
2.147041211675754, 11.27949593051521, 0.0, 0.3629264556590412, 2.7000000000000015 
43.227340841293746, 15.545352169214492, 0.0, 0.0, 1.0 
37.564384165530605, 56.686487498476374, 0.0, 5.014094151458604, 2.6000000000000014 
18.068381211696217, 5.001498423512375, 0.0, 5.027609720259422, 2.7000000000000015 
18.6948154597469, 15.653057739472974, 0.0, 3.0432339066851, 2.6000000000000014 
42.42934480656878, 62.06590936178258, 0.0, 6.487187516490599, 2.7000000000000015 
38.89249507466028, 35.03483618256317, 0.0, 5.664040813662516, 2.300000000000001 
22.74197564105812, 32.12714467993723, 0.0, 5.864637872511614, 2.7000000000000015 
23.81529151312297, 27.663429906988867, 0.0, -0.41367887921656504, 2.7000000000000015 
26.75786680969551, 41.19492545050943, 0.0, 5.607713944003869, 2.7000000000000015 
15.802690540656409, 20.31911237089693, 0.0, 3.6644133811132336, 1.5000000000000004 
22.982885107947492, 38.6983278118323, 0.0, 0.0, 1.0 
20.606326931210106, 47.05417310399409, 0.0, 0.0, 1.0 
13.59374491400433, 28.5784756147201, 0.0, -0.8471507282755245, 2.7000000000000015 
11.153130981494224, 49.42882810990109, 0.0, 5.5532197082872194, 2.7000000000000015 
15.875679094301882, 59.02448074169219, 0.0, 0.0, 1.0 
12.31341913716292, 19.213855167122276, 0.0, 4.922902322561522, 1.6000000000000005 
27.214731987361656, 42.499667376578934, 0.0, 5.236494175984968, 2.7000000000000015 
29.051791132145638, 14.031310276745199, 0.0, -0.9264703442442437, 2.7000000000000015 
50.47791420957798, 18.367216028228793, 0.0, 3.661619941828232, 2.7000000000000015 
33.53651971987798, 15.330555679020215, 0.0, -1.1752585420029424, 2.7000000000000015 
56.7724269063368, 9.808592639061354, 0.0, 0.0, 1.0 
52.078477616256876, 58.42719388420675, 0.0, 5.819044664499871, 2.6000000000000014 
51.20372021751052, 14.063089179301043, 0.0, 0.0, 1.0 
1.8250885829165218, 31.900599835445842, 0.0, 2.853912983650128, 2.7000000000000015 
28.21296352594775, 56.349265267829914, 0.0, 4.9192962856816465, 2.7000000000000015 
45.54117138328761, 24.998016700736517, 0.0, 0.0, 1.0 
30.66949773529495, 44.425074675365636, 0.0, -1.253941568552197, 2.6000000000000014 
57.972664040905805, 0.6616839234168261, 0.0, 0.0, 1.0 
27.519861315574552, 50.96065536284167, 0.0, 4.616289740446283, 2.4000000000000012 
53.69785574323709, 61.10325438469207, 0.0, 5.428989281222542, 2.7000000000000015 
26.10394885427714, 36.274368448624934, 0.0, 0.0, 1.0 
51.77393167790454, 20.1630375308999, 0.0, 3.6238313257382733, 2.7000000000000015 
57.847115898718556, 3.7001249791407007, 0.0, 6.789007593539193, 2.7000000000000015 
11.2883473328651, 21.457423178341354, 0.0, 4.694379266945857, 2.000000000000001 
51.81114627679502, 1.9760698796471108, 0.0, 5.149995303509899, 2.7000000000000015 
52.07779592307654, 12.24640243814347, 0.0, 0.0, 1.0 
36.06771534945878, 14.540558503233521, 0.0, 4.9634278061470605, 2.7000000000000015 
52.04214591976398, 44.45129349955792, 0.0, 0.9719848437227513, 2.7000000000000015 
24.10183842937101, 56.89490823051052, 0.0, 4.62264598477665, 2.7000000000000015 
54.19944342652899, 16.83434907367535, 0.0, 0.0, 1.0 
35.26680008204571, 41.08428626289527, 0.0, 5.635472186639081, 2.7000000000000015 
53.602609349208954, 53.90355968961466, 0.0, 0.5832064451712724, 2.4000000000000012 
28.53460365693807, 12.364238455477114, 0.0, -1.239202563262814, 2.7000000000000015 
44.85801179591507, 56.706618429553, 0.0, 6.824534519391762, 1.3000000000000003 
36.50985914230327, 36.42916601030987, 0.0, 5.874612347640464, 2.7000000000000015 
22.37489888131989, 63.014003864420715, 0.0, -0.976423394081869, 2.7000000000000015 
19.485149975139162, 33.01110353444306, 0.0, 5.967433293166399, 2.7000000000000015 
12.295115049139616, 28.083187389299894, 0.0, 5.424402512481465, 2.7000000000000015 
25.09197583710198, 30.46097462774078, 0.0, 5.984040989761753, 2.7000000000000015 
54.23580907073653, 5.585302809850855, 0.0, 0.0, 1.0 
37.46672328097586, 59.13548365059372, 0.0, -1.102906111260225, 2.6000000000000014 
33.627216615599615, 59.614175525129454, 0.0, 0.0, 1.0 
43.15710198785803, 55.4454206197593, 0.0, 5.924778427493867, 2.7000000000000015 
18.416310655502496, 27.05102129801176, 0.0, 5.793765371661639, 2.7000000000000015 
13.318785676224632, 42.10322301620161, 0.0, -1.0864957231195633, 2.7000000000000015 
12.566616619960081, 50.38869180173043, 0.0, 0.0, 1.0 
23.610049889075167, 14.5875901470903, 0.0, 1.87248854754808, 1.8000000000000007 
20.102140543954192, 51.76903027962166, 0.0, 0.0, 1.0 
32.77834919754111, 58.09294337574461, 0.0, 0.0, 1.0 
