position_x,position_y,position_z,orientation,aspect_ratio
15.799847888725012, 1.052074383335447, 0.0, 1.773286891958705, 2.7000000000000015 
48.977394990339086, 29.58651026141293, 0.0, 5.497329290073513, 2.7000000000000015 
27.18011677860734, 40.087863730115394, 0.0, 7.79997138076856, 2.7000000000000015 
34.308389295651516, 12.468464236497983, 0.0, 4.248858620001567, 1.1 
3.47472654316, 61.04198045151524, 0.0, 0.8163103923303443, 2.7000000000000015 
44.05005217219474, 53.461591106404725, 0.0, 0.5936473630464079, 2.7000000000000015 
20.942768993193987, 51.61182722545094, 0.0, 0.10586510305888969, 2.7000000000000015 
8.155836777926117, 52.56706167726143, 0.0, 0.04727476644176816, 2.7000000000000015 
22.59143168926248, 31.78120746345508, 0.0, -0.05417984854307299, 2.7000000000000015 
16.649805038566935, 18.70316913649738, 0.0, 0.0, 1.0 
11.985341717467465, 15.019070629346254, 0.0, 2.8380889583591205, 2.5000000000000013 
9.003632649519497, 41.97261429514793, 0.0, -0.6769616814843167, 2.4000000000000012 
52.406973635715026, 10.398344590867655, 0.0, 0.35414924821544896, 2.7000000000000015 
50.01608791227044, 44.26686492587135, 0.0, 8.357599899756476, 2.7000000000000015 
47.90366737718196, 63.18498497325021, 0.0, 0.0, 1.0 
59.97410015228175, 15.369347539699834, 0.0, 2.153544587222632, 2.7000000000000015 
40.31636470667133, 0.6044203727138662, 0.0, 0.5952020452831145, 2.7000000000000015 
59.67308524737247, 43.02563733086054, 0.0, 6.994123738313326, 2.300000000000001 
1.8949131635604015, 42.77949030776007, 0.0, 3.7653488612204207, 2.7000000000000015 
2.580078134191461, 53.749375054015104, 0.0, -0.5386039526871275, 2.6000000000000014 
56.70864305390865, 3.296623529378347, 0.0, 6.3025854953505815, 2.6000000000000014 
41.72427693832493, 49.31105857775888, 0.0, 0.0, 1.0 
20.304767425997692, 8.279470395409252, 0.0, 0.10305316585526642, 2.7000000000000015 
60.37766052368472, 9.319777449747459, 0.0, 5.422771648356764, 2.7000000000000015 
42.55261944371848, 28.374656344689104, 0.0, 0.0, 1.0 
23.390428139826824, 4.961981353840879, 0.0, 0.0, 1.0 
46.401430211338216, 48.08882267091473, 0.0, 0.8870466515908686, 2.7000000000000015 
29.362780847266187, 61.1765315627322, 0.0, 0.0, 1.0 
5.172387119958928, 1.3887866059959448, 0.0, 0.47856268346089825, 2.7000000000000015 
5.1514408858927245, 2.7363464121574874, 0.0, 6.83578628556295, 2.6000000000000014 
35.23796795494414, 7.277411021235148, 0.0, 0.0, 1.0 
41.59830717391747, 52.94951192093875, 0.0, 1.5265273937622914, 2.7000000000000015 
33.03958357034628, 51.90627629039444, 0.0, 6.677952674554025, 2.7000000000000015 
22.812803217546833, 46.53898172412781, 0.0, 2.0483564083648473, 2.7000000000000015 
32.63610911891007, 55.660829047068404, 0.0, 7.3246624736019825, 2.7000000000000015 
34.62188593762301, 8.99925039133752, 0.0, 0.0, 1.0 
7.555635241934884, 1.6880993125934642, 0.0, 0.8495765350026022, 1.4000000000000004 
7.443957790222453, 57.99916226711409, 0.0, 5.65058285046207, 1.2000000000000002 
38.24534107650482, 13.55541843883257, 0.0, 0.0, 1.0 
32.75405259209004, 48.01839263877383, 0.0, 6.708389956053748, 2.7000000000000015 
6.662266724891815, 18.887339158602703, 0.0, 1.4078681241640172, 2.7000000000000015 
36.053334340055805, 45.48135139318242, 0.0, 1.4169984258235238, 2.7000000000000015 
20.718265609469253, 14.905418439662268, 0.0, 4.998547261130887, 2.7000000000000015 
45.49322490224899, 34.25324768804238, 0.0, 0.0, 1.0 
36.29996789116888, 55.12146376343034, 0.0, 7.237302508649813, 2.7000000000000015 
9.274753944045933, 61.021007658369726, 0.0, 0.0, 1.0 
47.04823703354101, 50.03727329240686, 0.0, 0.6244052810553541, 2.7000000000000015 
52.564960246077185, 46.320418602201116, 0.0, 0.0, 1.0 
2.0094370798215913, 38.543823001494985, 0.0, 0.0, 1.0 
18.676928030572494, 56.86361066489345, 0.0, 5.727680220840858, 2.7000000000000015 
46.00348691379934, 58.15788083724356, 0.0, 0.0, 1.0 
59.13301615326032, 48.677815710452066, 0.0, 2.876103619453815, 1.3000000000000003 
23.379403916934315, 33.35607612065305, 0.0, 0.0, 1.0 
13.056093292450313, 9.48710020576681, 0.0, 0.0, 1.0 
57.03451198387483, 30.086634720398823, 0.0, 0.0, 1.0 
48.27280792301728, 12.136021152199975, 0.0, 5.540072956496826, 2.000000000000001 
8.901197415271529, 1.212969960116335, 0.0, 1.0011161466569398, 2.7000000000000015 
6.148458194612106, 54.114770788377854, 0.0, -0.7409358628608282, 1.9000000000000008 
40.44390788406395, 52.68559807820948, 0.0, 1.2923950675835405, 2.7000000000000015 
9.565432419306317, 51.27988419216102, 0.0, 3.9421535015185176, 1.5000000000000004 
4.472121666905759, 23.33478336277942, 0.0, 6.9499061642723055, 2.6000000000000014 
58.38708398392697, 14.430277558048218, 0.0, 1.6731160387284083, 1.9000000000000008 
18.00106984052904, 36.205997950143114, 0.0, 0.648524460373839, 2.7000000000000015 
26.183467619516176, 59.050861444189366, 0.0, 4.859579934210501, 2.5000000000000013 
50.394316377519594, 36.734075739206304, 0.0, 5.348295175333602, 1.1 
28.446396988950415, 39.88783465834015, 0.0, 7.874378669719703, 2.7000000000000015 
23.778525759400964, 8.26160895688227, 0.0, 5.764113083527628, 2.5000000000000013 
38.42270171436436, 34.174647438762634, 0.0, 0.6427368583848588, 1.3000000000000003 
23.719550708607795, 11.456513454947386, 0.0, 2.3430208880152668, 2.7000000000000015 
52.920098490867524, 18.582933108848042, 0.0, 4.9708050287679475, 2.7000000000000015 
49.110602026384626, 50.25075076158237, 0.0, 0.5819715594052515, 2.6000000000000014 
7.520646176836606, 55.773335000806775, 0.0, 3.485724223566195, 2.7000000000000015 
55.16867283631908, 7.191419200882846, 0.0, 6.19664319871518, 2.5000000000000013 
41.60364666675318, 9.110175313726137, 0.0, 0.0, 1.0 
56.65280627249818, 49.54739066293452, 0.0, 3.1431264198867046, 1.4000000000000004 
28.361017421185604, 4.7015086758867435, 0.0, 0.0, 1.0 
14.668062043821315, 14.723977870624823, 0.0, 0.0, 1.0 
62.51607876428778, 14.809877019170488, 0.0, 0.0, 1.0 
11.692317602161761, 0.25664954244097254, 0.0, 0.0, 1.0 
32.487101534804495, 15.874272053383969, 0.0, 5.817819465445852, 1.2000000000000002 
24.162474525888967, 21.120295578035105, 0.0, 4.563871680327564, 2.7000000000000015 
2.7946530264798444, 23.396445360890215, 0.0, 1.0276615170223924, 2.7000000000000015 
63.14102484470713, 16.88323925394095, 0.0, 0.5930687556511766, 2.7000000000000015 
1.0640155294530458, 10.373719587302157, 0.0, 0.0, 1.0 
32.1480462574754, 58.98749753091692, 0.0, 0.0, 1.0 
36.19344270767831, 59.55608478123502, 0.0, 0.7211315809161659, 2.7000000000000015 
38.46375835715966, 56.82968382232419, 0.0, 7.172975656854534, 2.7000000000000015 
31.192128048293537, 6.816103289066129, 0.0, 0.0, 1.0 
22.18058527048008, 15.274198458333169, 0.0, -0.8677777926262755, 2.7000000000000015 
44.92737355884098, 50.18996214651977, 0.0, 0.0, 1.0 
57.80527075356365, 41.372416263526716, 0.0, 0.0, 1.0 
21.469553318685108, 7.231396264446616, 0.0, 0.9457373109153351, 2.7000000000000015 
14.371403007494116, 10.714147395414095, 0.0, 0.0, 1.0 
34.63633984587416, 40.13150440439651, 0.0, 1.8249268027341992, 2.7000000000000015 
42.248526510327714, 62.13289577996757, 0.0, 0.7811959158131513, 2.7000000000000015 
30.20667822763069, 31.45368816127976, 0.0, 7.191061127166563, 2.7000000000000015 
23.81651837500166, 6.698397295045135, 0.0, -0.7333232450969266, 2.6000000000000014 
42.43049369039696, 17.853722542158465, 0.0, 3.4751712442959315, 1.3000000000000003 
11.579461532988594, 52.99149515486201, 0.0, 4.342004849790002, 2.7000000000000015 
0.8605823958252704, 21.717290848280065, 0.0, 0.0, 1.0 
16.049403345850717, 3.777228010596854, 0.0, 1.7975404416540381, 2.7000000000000015 
23.805792108635547, 14.71595404915327, 0.0, 5.284181598786999, 2.7000000000000015 
17.276445159784746, 22.412749665973905, 0.0, 1.677556037725823, 2.7000000000000015 
52.649432834139134, 2.273661923358853, 0.0, 0.0, 1.0 
10.062299306422563, 53.754396276270136, 0.0, 0.0, 1.0 
8.104284448147768, 54.24112921487536, 0.0, 0.0, 1.0 
33.372328652635424, 31.509320207733204, 0.0, 1.7188281280629494, 2.6000000000000014 
27.822151268713146, 45.33174517440407, 0.0, 0.9418796614788564, 2.7000000000000015 
59.37752432459921, 39.00980506782446, 0.0, 7.6178382757949095, 2.7000000000000015 
63.03694264643867, 9.792996954932491, 0.0, 0.0, 1.0 
52.84561216635224, 42.8756665715371, 0.0, 0.0, 1.0 
22.382121012382317, 29.429299153492874, 0.0, -0.34840889735026104, 2.7000000000000015 
33.435968083206916, 60.86272204245522, 0.0, 0.0, 1.0 
5.038387739291354, 53.408872446738954, 0.0, -0.5088217000253603, 2.7000000000000015 
39.76372746240219, 55.095400760890456, 0.0, 7.089002087753755, 2.7000000000000015 
20.3391332520713, 20.53604493897525, 0.0, 5.0886769665242415, 2.7000000000000015 
31.754290242641098, 3.1016383970303516, 0.0, 0.0, 1.0 
32.95578790299865, 17.77164280231197, 0.0, 3.3567393739195728, 1.2000000000000002 
47.345449318673325, 35.13586828345013, 0.0, 0.0, 1.0 
12.758760551169523, 30.215028869172837, 0.0, 2.149612070891996, 2.7000000000000015 
5.258383647176357, 17.661397478327142, 0.0, 7.618662354539266, 2.7000000000000015 
14.770267400985341, 47.00750086792626, 0.0, 3.6982825508093287, 2.7000000000000015 
13.236507312591723, 27.183410107333934, 0.0, 1.6101776032681838, 2.7000000000000015 
51.58314894160727, 56.340900176857055, 0.0, 0.6273435818052528, 2.200000000000001 
54.93528546806668, 39.34073236703432, 0.0, 0.0, 1.0 
39.29977326942815, 1.2050391528281912, 0.0, 6.652206766376845, 2.7000000000000015 
18.438343468420168, 3.8875464181135553, 0.0, 1.7470532217093508, 2.7000000000000015 
31.4952565218847, 25.566829159989727, 0.0, 2.118825360157882, 2.300000000000001 
42.18061695358966, 35.528592706165156, 0.0, 0.0, 1.0 
51.67185649795939, 6.338954599151509, 0.0, 7.321775549181406, 2.7000000000000015 
46.19402428099834, 2.870912464582806, 0.0, 0.6857744672230247, 2.7000000000000015 
55.878263382418766, 41.49887530302361, 0.0, 0.0, 1.0 
16.567282690186087, 26.503958729908785, 0.0, 5.4145379911901195, 2.7000000000000015 
0.7642378097105362, 53.36412044068915, 0.0, -0.289875805015708, 2.6000000000000014 
37.74244807190492, 54.74493170011688, 0.0, 6.921922518848104, 2.7000000000000015 
48.301856775776336, 54.35963758692058, 0.0, 0.0, 1.0 
49.2478561607282, 0.8466542952820147, 0.0, 0.0, 1.0 
28.839554133208186, 44.070532068329726, 0.0, 0.27054116660067895, 2.7000000000000015 
47.29612483371043, 22.677084120230663, 0.0, 4.453496505623352, 1.7000000000000006 
46.06650974079882, 45.8369102399431, 0.0, 0.0, 1.0 
5.090374154250317, 32.41570303654894, 0.0, 1.1374788770696262, 2.7000000000000015 
41.198324176032344, 47.35236434644014, 0.0, 0.0, 1.0 
19.960582058264528, 53.151962983380756, 0.0, 5.982712022585946, 2.7000000000000015 
2.506020229169247, 63.205825415189445, 0.0, 0.5341864787555795, 2.6000000000000014 
32.917811970586364, 1.3927603578329177, 0.0, 0.0, 1.0 
60.03474393104656, 3.7804864004495156, 0.0, 6.5050872064374, 2.7000000000000015 
62.940235129232676, 3.4018900755927133, 0.0, 6.332296773028211, 2.5000000000000013 
17.24046207545568, 5.320947769651176, 0.0, 1.3741438661161969, 2.7000000000000015 
0.41426452033521133, 44.423865753374976, 0.0, 0.0, 1.0 
4.944441777919763, 52.011026886207404, 0.0, 0.09826236081343848, 2.4000000000000012 
5.606548633730557, 35.502783727142315, 0.0, 1.8233140459016584, 2.7000000000000015 
56.893380138728695, 45.997567251427334, 0.0, 0.0, 1.0 
51.202970732119326, 0.28430020057808403, 0.0, 0.0, 1.0 
56.88967157975449, 62.10902325997846, 0.0, 0.8016758188621005, 1.2000000000000002 
30.184496492103868, 42.2930469669223, 0.0, 0.6954765336700235, 2.7000000000000015 
25.900912860444436, 34.99080584822336, 0.0, 4.269090044305902, 2.7000000000000015 
14.918214299240201, 8.736714783631163, 0.0, 0.0, 1.0 
27.666412989865446, 33.61127213180937, 0.0, 7.628927247901618, 2.7000000000000015 
2.434276737736687, 41.88237704705468, 0.0, 3.35636344849369, 2.6000000000000014 
2.211634262219874, 12.266859357752187, 0.0, 7.915346660389479, 2.5000000000000013 
55.527461489188155, 60.49327604261541, 0.0, 6.599254392232793, 2.7000000000000015 
36.19343491324239, 27.643733587658012, 0.0, 5.5039126019267695, 1.1 
25.428313310306756, 16.91232159327762, 0.0, 1.8917020803011373, 2.7000000000000015 
26.392036350649143, 3.1618793042933535, 0.0, 6.566720803314781, 2.7000000000000015 
39.993654176669146, 8.215151791847719, 0.0, 0.0, 1.0 
23.110852398086102, 17.49131517011917, 0.0, -1.1467230754883946, 2.7000000000000015 
6.613431091925301, 40.97772725993716, 0.0, 1.9326525706411064, 2.7000000000000015 
4.998705720555159, 47.04627875473385, 0.0, 4.262890588973316, 2.7000000000000015 
47.46663278184886, 10.675109009648342, 0.0, 0.0, 1.0 
49.66579158925683, 6.198730251687914, 0.0, 6.734972694445585, 2.7000000000000015 
14.159160169234266, 62.86474965372247, 0.0, 3.9560391839794193, 1.8000000000000007 
52.474493187129525, 58.49789770348359, 0.0, 0.9282296222320414, 1.8000000000000007 
11.706152891993362, 2.2853228401646843, 0.0, 0.0, 1.0 
56.57288177976351, 39.774690469304964, 0.0, 0.0, 1.0 
48.100079285004625, 45.544536048163714, 0.0, 0.0, 1.0 
10.477492445361445, 37.467181171868624, 0.0, 1.1749573566682694, 2.7000000000000015 
31.623942330455545, 44.214209353870395, 0.0, 0.404837218008773, 2.7000000000000015 
38.09049889552109, 20.087097977935713, 0.0, 2.7518593380988285, 2.4000000000000012 
18.15717977786067, 23.845323451580875, 0.0, 5.416892795467904, 2.7000000000000015 
57.74556596324526, 51.17797134950147, 0.0, 0.0, 1.0 
51.593786216151535, 3.9998970155847404, 0.0, 0.0, 1.0 
54.70857056114236, 14.039143034487386, 0.0, -0.7039332016028295, 2.7000000000000015 
31.178151494001966, 30.4814401523945, 0.0, 1.2957811633962666, 2.7000000000000015 
54.532058342015546, 16.639393171570354, 0.0, 6.518181668154647, 2.7000000000000015 
37.6761204206892, 57.730837235248686, 0.0, 7.037652366576358, 2.7000000000000015 
49.02626504033782, 59.26774568865622, 0.0, 0.0, 1.0 
40.530371589488524, 36.853153197827474, 0.0, 0.0, 1.0 
4.319104248367362, 18.211738991941658, 0.0, 1.156638729629183, 2.7000000000000015 
30.01831004227337, 20.200925869313775, 0.0, 1.4866316044257981, 2.200000000000001 
44.04495434877057, 10.65003956837333, 0.0, 0.0, 1.0 
18.855270801577863, 10.504090812636774, 0.0, 0.8010513021468928, 1.6000000000000005 
58.657441131790286, 57.07056795970582, 0.0, 0.9317968971700662, 2.7000000000000015 
46.57223460244613, 27.04827956012898, 0.0, 0.3786797328779034, 2.100000000000001 
40.20840040832509, 45.5776744773111, 0.0, 0.0, 1.0 
46.711986469903295, 28.88822057506886, 0.0, 0.0, 1.0 
48.3152888218047, 40.50645016494248, 0.0, 0.0, 1.0 
58.44892998733412, 6.9955255368324885, 0.0, 6.893653225729785, 2.7000000000000015 
50.59918922330241, 46.04999196546533, 0.0, 0.0, 1.0 
7.6668047120425085, 27.595374857694747, 0.0, 0.9309289044293632, 2.7000000000000015 
9.536584635146278, 10.68729102265141, 0.0, 8.282188709042666, 2.7000000000000015 
41.57110329084981, 19.541105660254253, 0.0, 3.4238283598527532, 1.1 
22.96849669520924, 20.59972318177004, 0.0, -1.6160432496818302, 2.7000000000000015 
0.6850482590808417, 31.809948034123376, 0.0, 0.0, 1.0 
54.23652893681609, 37.42074995506861, 0.0, 0.0, 1.0 
40.84961914336562, 10.695420220938274, 0.0, 7.1865240874544085, 2.7000000000000015 
60.77305057425023, 2.5670470679782382, 0.0, 6.281116299059728, 2.6000000000000014 
23.230843648861452, 52.604766870367754, 0.0, 6.152647227529151, 2.7000000000000015 
42.27450720499874, 60.80036254120961, 0.0, 0.840016121556283, 2.7000000000000015 
9.54027836417053, 3.61631294062038, 0.0, 7.292755344936786, 2.7000000000000015 
12.1005506556882, 35.428723609364425, 0.0, 2.3336739688063455, 2.7000000000000015 
2.4540614932070577, 36.33838234937174, 0.0, 0.0, 1.0 
15.704749302051805, 36.197222207694, 0.0, -0.982524210884869, 2.7000000000000015 
41.381259614112885, 55.45050963064247, 0.0, 7.3436258055067185, 2.7000000000000015 
17.52677823237415, 48.10816911681038, 0.0, 3.799867265881381, 2.7000000000000015 
25.590088924516536, 6.763555062290403, 0.0, 4.516077057670547, 2.6000000000000014 
38.88642966043253, 9.783137942613488, 0.0, 1.050108814987244, 2.000000000000001 
28.917512185454278, 1.360496007481635, 0.0, 0.5742725921516115, 2.000000000000001 
16.373330899818626, 46.18133423974281, 0.0, 3.5333417265599576, 2.7000000000000015 
6.25286051977353, 9.078430292206535, 0.0, 7.126928352190518, 2.7000000000000015 
43.65609487314843, 1.1570253235542447, 0.0, 0.8294325330754673, 2.7000000000000015 
22.430608397726846, 56.423962244644365, 0.0, -1.1167388721196336, 2.7000000000000015 
24.018824368938215, 37.340440351558684, 0.0, 0.0, 1.0 
39.98131909257894, 2.414951186486454, 0.0, 0.37007234714313003, 2.7000000000000015 
58.67362966427314, 9.424425846879688, 0.0, 0.0, 1.0 
10.067948526624155, 26.44004432852393, 0.0, 7.727167165115685, 2.7000000000000015 
39.160850835230164, 30.350767350612333, 0.0, 0.0, 1.0 
11.764576222926056, 60.16776402214018, 0.0, 5.83884705145741, 2.000000000000001 
61.50935624741523, 41.709442837039646, 0.0, 9.15909849119571, 2.4000000000000012 
30.082124031364273, 3.818106929384689, 0.0, 0.0, 1.0 
7.4273346116569074, 50.688432610295585, 0.0, 7.014901880307042, 2.6000000000000014 
37.410205628425345, 36.15400905865991, 0.0, 3.589466611269292, 2.7000000000000015 
9.988895441342791, 49.57553654715739, 0.0, 4.094600188740282, 2.7000000000000015 
14.168200274267196, 39.03265555412605, 0.0, 5.3135815611079265, 2.6000000000000014 
27.186147705714603, 18.668239275633688, 0.0, 2.4783556664130346, 2.7000000000000015 
43.97253501164707, 4.659137390323504, 0.0, 1.4773171303122228, 2.6000000000000014 
3.953147795908802, 15.319207181357964, 0.0, 7.669864680872747, 2.7000000000000015 
0.42024051274854707, 28.151739449678175, 0.0, 0.0, 1.0 
13.386511326592748, 45.315088919654805, 0.0, 2.9701170857662573, 2.7000000000000015 
42.243637630032374, 2.8063947838703585, 0.0, 0.6917146846584191, 2.7000000000000015 
50.59130988901006, 26.876076613756517, 0.0, 4.730646254818611, 2.7000000000000015 
5.517118134816798, 38.14223637365721, 0.0, 1.7526421859807646, 2.7000000000000015 
26.68980843832917, 9.880623155487852, 0.0, 5.561402152553518, 2.7000000000000015 
0.3672032177089381, 50.15702155495439, 0.0, 0.0, 1.0 
50.46787794987609, 58.299634381703115, 0.0, 0.6554441093518449, 2.7000000000000015 
41.60505905522812, 15.793900098007839, 0.0, 4.48774878855263, 1.3000000000000003 
43.4572788315384, 60.38388688429339, 0.0, 0.7578743478250931, 2.7000000000000015 
29.540381155067532, 28.807044476343886, 0.0, 7.409486516500302, 2.7000000000000015 
62.89283542708726, 26.652996975293892, 0.0, 0.0, 1.0 
60.90091786468462, 62.824537112440424, 0.0, 7.321053640444575, 2.7000000000000015 
26.60158145236178, 13.733589938293608, 0.0, 2.0180071339124908, 2.7000000000000015 
46.65001488759895, 54.65426218883073, 0.0, 0.6521683525722004, 2.6000000000000014 
28.505632145023075, 36.31320883734695, 0.0, 1.5642683385249576, 2.7000000000000015 
16.510577356425365, 61.442817852623946, 0.0, 6.081574141286544, 2.7000000000000015 
3.2239732294518006, 48.17822562517067, 0.0, 4.27541537984572, 2.7000000000000015 
16.772366207049032, 32.375650935039396, 0.0, 0.06460243188463302, 2.7000000000000015 
16.44104103060465, 15.400951306397124, 0.0, 0.0, 1.0 
27.422477923457283, 30.34138575479311, 0.0, 7.601030261709198, 2.7000000000000015 
29.47341358590499, 33.88183304468645, 0.0, 1.718497759187553, 2.7000000000000015 
7.840127577401051, 21.46559320570374, 0.0, 1.2837917311365405, 2.7000000000000015 
53.541472277409945, 24.19910934778128, 0.0, 3.695337487702349, 2.7000000000000015 
49.304944867676404, 47.25714450001965, 0.0, 0.0, 1.0 
15.60743250657171, 11.906322425296619, 0.0, 0.0, 1.0 
47.32750865755492, 4.871246107092232, 0.0, 7.365392316339381, 2.100000000000001 
59.685413977975614, 44.19831680781837, 0.0, 6.866057448948651, 2.4000000000000012 
8.068538953960388, 11.434409805119534, 0.0, 2.0267216190544035, 2.7000000000000015 
23.95876827055999, 56.40617325600148, 0.0, 4.560080049111716, 2.7000000000000015 
4.730149309149819, 5.213648973767182, 0.0, 6.980248892076053, 2.7000000000000015 
42.51465560750384, 54.683697202781495, 0.0, 1.63533456005902, 2.7000000000000015 
29.858983603789024, 48.28402118139873, 0.0, 7.249626226435773, 2.7000000000000015 
54.899402757784195, 12.612586667080267, 0.0, 2.4975838478757613, 2.7000000000000015 
51.39378945569838, 29.297959220725968, 0.0, 1.6901647355436014, 2.6000000000000014 
35.50327601221934, 10.849532531888999, 0.0, 0.0, 1.0 
2.9144018288967355, 8.389137041776978, 0.0, 6.61736734467796, 2.7000000000000015 
4.0561380428692, 41.306780466601886, 0.0, 7.497602064783705, 2.6000000000000014 
39.12806226294628, 53.16925173105972, 0.0, 7.081423316328571, 2.7000000000000015 
45.17148909345533, 3.575896042801099, 0.0, 0.7885436794724677, 2.7000000000000015 
1.3568592560820703, 41.025703525178336, 0.0, 3.120587528953281, 2.6000000000000014 
43.013599203800794, 31.90281160980151, 0.0, 0.0, 1.0 
25.70761258312445, 62.99864928000823, 0.0, 3.767113156817207, 2.100000000000001 
16.374444612883792, 10.204263254162255, 0.0, 0.0, 1.0 
42.32219693481622, 4.311961458008377, 0.0, 6.954633701750195, 2.7000000000000015 
12.599431319715302, 37.49731777237817, 0.0, -0.8535049500027092, 2.7000000000000015 
49.065499043987636, 48.81623885418094, 0.0, 3.3385964076564174, 2.7000000000000015 
10.99320405941102, 16.60382840162147, 0.0, 0.0, 1.0 
43.27446746484877, 26.427506396665958, 0.0, 0.0, 1.0 
32.24149133731195, 46.459867901398866, 0.0, 6.433949395720993, 2.200000000000001 
7.2379579257895, 31.412288558662404, 0.0, 1.4315746151385738, 2.7000000000000015 
26.186214208449584, 1.3561190872857818, 0.0, 6.313659278887915, 2.7000000000000015 
37.50115257930702, 25.765209525928444, 0.0, 5.2040165987749925, 1.4000000000000004 
6.609356399881531, 6.088483458313364, 0.0, 7.145179089653765, 2.4000000000000012 
0.3493100569308255, 63.29259746906, 0.0, 0.2861976657898172, 2.5000000000000013 
53.80634252995971, 49.731266239136325, 0.0, 0.3752393692853614, 2.7000000000000015 
35.645916695342834, 3.753425651116725, 0.0, 0.0, 1.0 
44.79325484169785, 27.960066694664164, 0.0, 0.43775677583991063, 1.1 
0.2995346518560842, 24.802413636231307, 0.0, 0.0, 1.0 
24.566688250061112, 26.89978163360164, 0.0, 4.820701995655076, 2.7000000000000015 
4.182724986665699, 36.544857876886596, 0.0, 1.3166374793954447, 2.7000000000000015 
40.99520096243269, 26.968288818810695, 0.0, 0.0, 1.0 
50.63900377730236, 60.27625314494845, 0.0, 0.0, 1.0 
38.777808340564995, 60.88324675073184, 0.0, 0.6385826217311734, 2.7000000000000015 
22.115038442334303, 13.891703691852939, 0.0, 8.465505789138085, 2.7000000000000015 
8.869818290180584, 37.517798568010605, 0.0, 1.8234818423966794, 2.7000000000000015 
55.49947246754964, 18.073431589109102, 0.0, 6.330118440192955, 1.9000000000000008 
59.04373445066586, 52.41119429290682, 0.0, -0.48895410251176624, 2.7000000000000015 
59.91037980686681, 12.469479426499838, 0.0, 1.1517679360625894, 1.3000000000000003 
17.05014630916057, 28.223433350867097, 0.0, -1.2241350897569483, 2.7000000000000015 
1.6575782215649673, 40.14112901203395, 0.0, 2.9842761986425717, 2.5000000000000013 
28.704491309177534, 42.617106030699304, 0.0, 6.86201017653144, 2.6000000000000014 
30.675974626195575, 27.737889369596253, 0.0, 7.102645981076461, 2.7000000000000015 
38.038107574036744, 43.610719261170644, 0.0, 0.0, 1.0 
12.316012057713062, 32.49628959843626, 0.0, 2.2589993775845563, 2.7000000000000015 
44.55745910093564, 44.49569850074565, 0.0, 0.0, 1.0 
2.3627253356944955, 21.114633026057945, 0.0, 6.966656490073966, 2.6000000000000014 
59.72923680638572, 36.65542706613091, 0.0, 1.5224120095882085, 2.7000000000000015 
42.99874494690199, 39.35299274341152, 0.0, 0.0, 1.0 
52.47794107415035, 35.08803020692202, 0.0, 3.8709087869487098, 1.2000000000000002 
42.09539958256246, 41.16561729265651, 0.0, 0.0, 1.0 
33.21415296585383, 6.902140236516548, 0.0, 0.0, 1.0 
27.421558171285255, 21.169935630087185, 0.0, 1.7259129589405393, 2.7000000000000015 
39.55974601490677, 25.416566658122598, 0.0, 0.0, 1.0 
4.4070099941780905, 33.91157992104583, 0.0, 7.58378850480764, 2.6000000000000014 
52.61634529036756, 53.96268836476564, 0.0, 0.4417031842026984, 2.7000000000000015 
7.5202729580801, 13.837156048171623, 0.0, 2.033770784304304, 2.7000000000000015 
8.075694428472795, 29.67044448436245, 0.0, 7.196626728282162, 2.7000000000000015 
18.675563086653614, 33.70984555982774, 0.0, 0.0, 1.0 
30.13245515644803, 59.18857640603227, 0.0, 0.0, 1.0 
0.27569196446195837, 39.47444420691571, 0.0, 0.0, 1.0 
12.995205181540088, 35.8313474840455, 0.0, -0.7731777925739504, 2.7000000000000015 
4.269138541404645, 26.257057969038183, 0.0, 7.318476759914704, 2.7000000000000015 
56.98745635179249, 19.68354312480308, 0.0, 0.3929644786567815, 2.7000000000000015 
13.83764765071674, 48.28655773916398, 0.0, 3.6521765815128076, 2.7000000000000015 
5.962523283220105, 56.63184420568747, 0.0, 0.0, 1.0 
49.82742979062186, 24.78747365604428, 0.0, 5.091661265058241, 2.300000000000001 
22.52138873339216, 37.31646333267209, 0.0, 0.0, 1.0 
7.142307942410122, 5.058972363851545, 0.0, 7.352051282860087, 2.7000000000000015 
53.01513224870892, 29.71313983747456, 0.0, 4.7421854430332795, 1.1 
20.289107071149854, 12.996276306804855, 0.0, -1.2448242077809464, 2.7000000000000015 
8.271093914908459, 62.39037704013299, 0.0, 0.6521636780090316, 2.5000000000000013 
10.294228568303646, 14.129750780687814, 0.0, 0.0, 1.0 
36.56292181564749, 42.872850948294946, 0.0, 1.8960167845163407, 2.200000000000001 
0.27942556463449353, 7.021777542867113, 0.0, 6.7523328697518235, 2.7000000000000015 
27.496266419056063, 37.352516500532936, 0.0, 1.3797400113777198, 2.7000000000000015 
50.27090717011564, 8.634792862932692, 0.0, 7.908273714414392, 2.7000000000000015 
56.57532518388693, 55.82466129683821, 0.0, 7.214408317648441, 2.7000000000000015 
42.49829974649403, 14.120647639572548, 0.0, 6.422070511972527, 1.9000000000000008 
39.971880530688864, 3.8179912689901574, 0.0, 0.0, 1.0 
2.188022361322392, 24.639834651416628, 0.0, 7.226801059058898, 2.7000000000000015 
58.226918937359585, 2.039780370029332, 0.0, 6.14807012117829, 2.5000000000000013 
40.58063205839906, 28.94952160191544, 0.0, 0.0, 1.0 
16.651720431016283, 6.751277076452052, 0.0, 0.9490789692445506, 2.7000000000000015 
9.706316376981892, 30.08698006966602, 0.0, 1.0727028516942527, 2.7000000000000015 
41.7046508942428, 7.066559273093313, 0.0, 0.0, 1.0 
58.49704764849628, 4.550709601106422, 0.0, 6.469986550609474, 2.7000000000000015 
8.120656415161195, 34.854839784622506, 0.0, 7.619529812076593, 2.7000000000000015 
1.9776003139553677, 45.06628497265367, 0.0, 4.278509834307518, 2.7000000000000015 
62.54027582947689, 38.63870044331382, 0.0, 0.0, 1.0 
17.73413191852254, 50.918307077498945, 0.0, 0.1302571044641893, 2.7000000000000015 
9.61846901774357, 47.691941092076, 0.0, 3.6871804604070353, 2.200000000000001 
2.880489155997706, 44.501492055186134, 0.0, 3.920167461102448, 2.7000000000000015 
56.500035263030156, 35.75906768168463, 0.0, 0.0, 1.0 
59.30469236300371, 41.193282448708636, 0.0, 7.299379116663519, 2.7000000000000015 
53.93487465616679, 21.03395031397921, 0.0, 4.378551907814431, 2.7000000000000015 
39.68153070282303, 16.57683773184387, 0.0, 2.1659379873790945, 1.1 
58.86599764758142, 55.44735047916997, 0.0, 3.734256988996755, 2.7000000000000015 
61.82987555912124, 44.52158865333624, 0.0, 0.0, 1.0 
59.40879824775995, 60.05453221434263, 0.0, 1.3622287140389615, 2.7000000000000015 
34.58149842454098, 56.93895700441444, 0.0, 7.313259587811294, 2.7000000000000015 
4.48681491850304, 44.8224749901838, 0.0, 3.9014418099307178, 2.6000000000000014 
10.667153421147662, 42.805354631714344, 0.0, -0.2215883474990186, 2.6000000000000014 
10.73840636582248, 35.022283065598764, 0.0, 1.565734646609782, 2.7000000000000015 
53.91492045758641, 11.98499128403965, 0.0, -0.9379664633350453, 2.7000000000000015 
61.0688378092355, 29.036617347828397, 0.0, 0.9627918024349181, 2.6000000000000014 
21.80987858310997, 17.513968117924218, 0.0, 5.183742492644579, 2.7000000000000015 
48.76594734619465, 7.399778639701072, 0.0, 0.0, 1.0 
31.968866729373076, 11.194943839481324, 0.0, 6.990918809339513, 2.5000000000000013 
6.09787172435703, 39.45379224045749, 0.0, 1.9511320639363177, 2.7000000000000015 
12.390693185377192, 20.425669134001765, 0.0, 0.8788433986926881, 1.6000000000000005 
11.5265756570773, 22.558894138751025, 0.0, 1.267432491195376, 2.7000000000000015 
13.981463018822375, 12.876515706448219, 0.0, 0.0, 1.0 
53.02665325245758, 55.8352603390054, 0.0, 0.8077668535458534, 2.6000000000000014 
7.019131430146447, 25.397959464777344, 0.0, 7.085929895620732, 2.7000000000000015 
44.7747452205674, 47.33765620478311, 0.0, 0.9732877523501563, 2.7000000000000015 
62.12053274956612, 40.37458110537249, 0.0, 0.0, 1.0 
6.176246507144552, 44.71263617118234, 0.0, 3.4933410012475004, 2.7000000000000015 
48.83151008199306, 13.86583636054734, 0.0, 6.159483483819249, 2.7000000000000015 
30.97893653721167, 36.333714154772025, 0.0, 8.254871739437947, 2.7000000000000015 
12.571667074204024, 5.8167367340384954, 0.0, 0.0, 1.0 
38.99321479822208, 6.759963185575573, 0.0, 0.0, 1.0 
14.804518341219888, 40.535119662880945, 0.0, 5.032609879072423, 2.6000000000000014 
47.272423683219245, 8.655282705561826, 0.0, 0.0, 1.0 
44.06999777196721, 57.79682485394589, 0.0, 0.0, 1.0 
44.06823119981989, 41.04523397518515, 0.0, 0.0, 1.0 
36.13660222021397, 5.764993704698047, 0.0, 0.0, 1.0 
23.28466602259132, 39.25385135151722, 0.0, 0.0, 1.0 
34.803441506423425, 2.089703950764861, 0.0, 0.0, 1.0 
48.31815507460031, 52.41119270674867, 0.0, 0.0, 1.0 
22.196742949044225, 61.55174338133819, 0.0, 1.1601508846455426, 2.7000000000000015 
24.469638160134306, 9.417898214801866, 0.0, -0.6143106841246122, 2.7000000000000015 
56.97266425476443, 43.22179152635906, 0.0, 0.0, 1.0 
5.760414732985717, 0.008540311269476183, 0.0, 1.0158519977865552, 2.7000000000000015 
23.558828066085294, 30.496479075621178, 0.0, -0.03465391065844612, 2.7000000000000015 
61.71902317630751, 32.16589861018584, 0.0, 1.60769774002363, 2.7000000000000015 
6.705507986046951, 33.30685238927775, 0.0, 1.2551887535796173, 2.6000000000000014 
24.443550992476787, 12.460179521168701, 0.0, 5.431765946603561, 2.7000000000000015 
36.415610604366776, 63.17153358322921, 0.0, 0.6768588149935053, 2.5000000000000013 
17.318846227854497, 0.15160590669111884, 0.0, 1.902726629816898, 2.7000000000000015 
8.988252026027718, 21.052756345659837, 0.0, 7.551296460138742, 2.7000000000000015 
34.115248759007855, 44.63396002136644, 0.0, 0.7311759309259042, 2.7000000000000015 
18.98791606952851, 13.560014151196782, 0.0, 1.6764901590658547, 2.7000000000000015 
33.83386535254774, 14.337357036593152, 0.0, 0.08956428464875882, 1.4000000000000004 
37.4113626779933, 18.602809071644085, 0.0, 2.459838765600592, 2.5000000000000013 
23.562066485976228, 25.523946602810426, 0.0, 4.915704025584348, 2.7000000000000015 
36.55753704153241, 39.053362632611226, 0.0, 0.6683442224468944, 1.5000000000000004 
15.194302899833144, 35.03715974186769, 0.0, -0.6431359515752405, 2.7000000000000015 
21.309662629524038, 0.16724055697690077, 0.0, 3.0465639332170253, 2.7000000000000015 
33.19501880764642, 37.26457430400565, 0.0, 1.8372501647391348, 2.6000000000000014 
29.90148189354588, 46.47273455575101, 0.0, 0.8755532237587925, 2.7000000000000015 
2.628579354115082, 1.1274157315083015, 0.0, 6.600461464582268, 2.7000000000000015 
57.81510991473358, 11.986220916278326, 0.0, 6.008861469903616, 1.3000000000000003 
51.08185318807216, 38.66534522440417, 0.0, 0.0, 1.0 
40.38516311967725, 35.06897404349716, 0.0, 5.8152273443243905, 2.6000000000000014 
34.33013315053168, 37.74369963365323, 0.0, 1.8473488264887528, 2.7000000000000015 
27.300174252201852, 46.943871260108196, 0.0, 1.0053834741516936, 1.7000000000000006 
2.4105744753026057, 28.44726950369105, 0.0, 0.0, 1.0 
45.79391212324967, 36.23022092611022, 0.0, 0.0, 1.0 
25.834648385811473, 31.481721141990192, 0.0, 0.07877729509371545, 2.7000000000000015 
28.137414371907973, 26.085303679359548, 0.0, 1.6333014863855453, 2.7000000000000015 
55.99262913881159, 5.714264986461956, 0.0, 0.0, 1.0 
46.84531848347281, 1.412303426474949, 0.0, 1.303275411963315, 2.7000000000000015 
60.39574416817311, 33.66119081944352, 0.0, 8.03686417006106, 2.6000000000000014 
35.08869377834167, 43.06848939431008, 0.0, 1.4371949375193072, 2.7000000000000015 
56.748740132738725, 10.740464327653015, 0.0, 6.123892124326653, 2.7000000000000015 
0.4191941527220596, 57.520968139756654, 0.0, 2.5275636565598574, 1.1 
45.00486919200156, 18.443680549207855, 0.0, 0.0, 1.0 
53.00113860102102, 39.28381589313007, 0.0, 0.0, 1.0 
0.5426501711336384, 35.527982277935195, 0.0, 0.0, 1.0 
46.56284614635779, 44.06067708859446, 0.0, 0.0, 1.0 
36.35655902661174, 47.8792370323381, 0.0, 0.6967271358407591, 2.6000000000000014 
62.94071808156466, 48.56031847888041, 0.0, 3.328974410318779, 1.6000000000000005 
10.15570307399878, 1.189501787625646, 0.0, 1.3671367462552584, 2.300000000000001 
61.39279357606317, 57.414460728240876, 0.0, 4.080845760865867, 2.4000000000000012 
32.84810413545346, 34.66668945662948, 0.0, 1.7654510474574159, 2.4000000000000012 
10.882503928117478, 7.504117366003104, 0.0, 2.0047357190875625, 2.000000000000001 
11.091064635200953, 31.78944907922432, 0.0, 7.8655058286605835, 2.7000000000000015 
36.21291185328865, 24.08104612876333, 0.0, 3.5299658284318394, 1.5000000000000004 
36.60691026363218, 22.23975274808708, 0.0, 5.920524850333842, 1.1 
39.12529395366694, 38.32514945864776, 0.0, 6.177327888756904, 2.200000000000001 
42.559464565394336, 5.719224005962066, 0.0, 6.913113982926631, 2.7000000000000015 
42.78652709943378, 11.656563710462871, 0.0, 0.9336090136818581, 2.7000000000000015 
30.049829249090227, 40.60699411723194, 0.0, 1.0482027724381564, 2.7000000000000015 
33.3950486857106, 40.39843266000824, 0.0, 1.435720341290697, 2.7000000000000015 
26.388630791260084, 42.39356845303068, 0.0, 7.781947250601563, 2.7000000000000015 
34.30495563698169, 5.345429415315802, 0.0, 0.0, 1.0 
25.411744548596133, 56.27549103332655, 0.0, 4.739087838720953, 2.7000000000000015 
31.395452533411756, 60.82202426384831, 0.0, 0.0, 1.0 
49.64398281895807, 42.081915003108115, 0.0, 0.0, 1.0 
29.921991091464818, 56.53186973660267, 0.0, 3.8286920141855556, 2.000000000000001 
2.459596780051769, 2.2208535595273124, 0.0, 6.637400490543794, 2.6000000000000014 
12.659536074830628, 3.8088082888080095, 0.0, 0.0, 1.0 
41.62049018178478, 57.72808687822456, 0.0, 1.065048919570592, 2.7000000000000015 
22.311887452926626, 2.2101467854517214, 0.0, 5.246399746749889, 2.7000000000000015 
35.652196345749374, 20.437090660031178, 0.0, 0.0, 1.0 
54.753525105388164, 19.68452769052148, 0.0, 4.0739252218714945, 2.7000000000000015 
6.09226356364046, 27.36715667936807, 0.0, 0.9970522648582724, 2.000000000000001 
2.5230919040406374, 3.4631302515252984, 0.0, 0.287121602298245, 2.7000000000000015 
31.769839027335397, 37.5626085190317, 0.0, 1.7800259355623542, 2.7000000000000015 
3.3030179983370993, 12.35357682150784, 0.0, 7.968554879875695, 2.300000000000001 
21.279539093261864, 35.421816682594326, 0.0, -0.83550762992605, 2.7000000000000015 
6.196416549200472, 20.50269308820018, 0.0, 7.326201111836021, 2.6000000000000014 
2.6685500800192674, 32.33348644622236, 0.0, 0.0, 1.0 
11.052288731944412, 25.193414286587494, 0.0, 7.87796534168518, 2.6000000000000014 
52.15019081153732, 12.48099469218533, 0.0, -0.8121824925716628, 2.200000000000001 
50.10404275791475, 12.551238101117383, 0.0, 0.0, 1.0 
4.5753967338571355, 39.54696264872779, 0.0, 7.695477481010491, 2.7000000000000015 
48.51332103529806, 43.67446341138128, 0.0, 0.0, 1.0 
39.39968572878375, 60.09613340628495, 0.0, 6.979553195472954, 2.7000000000000015 
15.590999925234007, 20.350995994585343, 0.0, 0.2510470283993101, 2.6000000000000014 
56.225458847141546, 37.769654064459694, 0.0, 0.0, 1.0 
42.94195886336126, 23.78637039732731, 0.0, 1.3090759871779858, 2.7000000000000015 
2.946424961529659, 15.28650288424537, 0.0, 1.350698859275568, 2.7000000000000015 
33.662334850648435, 58.12770897106525, 0.0, 0.7506689682760679, 2.7000000000000015 
0.8118964658692239, 12.066405492782344, 0.0, 0.0, 1.0 
50.71311298953113, 2.1605349866809647, 0.0, 0.0, 1.0 
7.945542154444278, 40.47807760894466, 0.0, 1.7014661462956235, 2.7000000000000015 
62.57739989174469, 21.886369898301965, 0.0, 6.916800735707888, 2.7000000000000015 
55.65081280603324, 15.425814525768386, 0.0, 0.0, 1.0 
51.50190389456791, 33.062038305060774, 0.0, 3.709782152917824, 1.5000000000000004 
41.62724711034845, 25.04851655744229, 0.0, 0.0, 1.0 
9.429355689605813, 34.62495809581286, 0.0, 1.4165198709072928, 2.4000000000000012 
3.9885196911610046, 21.13627855902795, 0.0, 7.3185018825168076, 2.7000000000000015 
45.08926228818821, 32.29291898905801, 0.0, 0.18387515090704823, 1.1 
9.189788719256061, 39.56022469731689, 0.0, 1.8920123140702518, 2.7000000000000015 
48.91643598335741, 27.52127394364894, 0.0, 0.0, 1.0 
41.24912970659853, 30.889553975100988, 0.0, 0.0, 1.0 
7.7484139597226775, 59.94291766097812, 0.0, 0.0, 1.0 
30.881377726508706, 1.2413180150968157, 0.0, 0.0, 1.0 
44.04966795967629, 48.361437717005295, 0.0, 0.4798721015973484, 2.7000000000000015 
35.166142602780354, 34.832607500247114, 0.0, 2.930325036343855, 1.8000000000000007 
45.8619783816944, 23.829724003857805, 0.0, 4.179765333857076, 1.3000000000000003 
37.38689497329594, 5.110731396826545, 0.0, 7.545899808845356, 2.7000000000000015 
50.661785786608164, 11.033358300036914, 0.0, 0.2744305078243472, 2.5000000000000013 
9.808459479923664, 32.46442270132517, 0.0, 1.185898950129818, 2.7000000000000015 
35.14367170291225, 50.4832932933978, 0.0, 0.9552386247069959, 2.7000000000000015 
5.109213719925061, 14.681425919051899, 0.0, 8.024820436320326, 2.6000000000000014 
6.188809535423451, 23.313837058036814, 0.0, 0.8294448892877349, 2.7000000000000015 
46.46840092777564, 53.0303255958627, 0.0, 0.0, 1.0 
54.518316680502764, 35.405744223483005, 0.0, 0.0, 1.0 
21.828243351580937, 10.342291916498422, 0.0, -0.6559773884721094, 2.7000000000000015 
42.558103454627506, 46.27642447350164, 0.0, 6.996417164326564, 2.7000000000000015 
12.70402672903868, 33.66759215697295, 0.0, 2.4259340691349425, 2.7000000000000015 
1.123635894357498, 30.00647974857745, 0.0, 0.0, 1.0 
53.30732626660414, 8.53937540334237, 0.0, 4.525819211718894, 2.7000000000000015 
18.303011209746224, 19.575953792352, 0.0, 2.2003452608700558, 2.7000000000000015 
59.32316726099492, 6.242254810918685, 0.0, 6.841470168917803, 2.7000000000000015 
28.38059575830734, 22.098561597141916, 0.0, 1.8782825277332258, 2.7000000000000015 
40.025406845148815, 14.536103241019932, 0.0, 2.439140230140192, 1.2000000000000002 
0.4240033864991196, 42.35962406680337, 0.0, 4.021623016911811, 2.7000000000000015 
37.762116866338836, 28.913072247312698, 0.0, 0.0, 1.0 
16.12660706659594, 40.73957570914232, 0.0, 4.815091177567927, 2.000000000000001 
54.98740169093191, 31.883346630027592, 0.0, 0.0, 1.0 
19.889011991602665, 37.49912892538556, 0.0, -0.2907632403053615, 2.7000000000000015 
54.84770060466089, 9.226819796881689, 0.0, 5.309804273868519, 2.7000000000000015 
29.827644269570744, 17.28069839459898, 0.0, 3.3419676619632397, 1.8000000000000007 
54.35227740584219, 57.9473772710366, 0.0, 0.32256747403122177, 2.7000000000000015 
31.325344118241077, 45.31435181662077, 0.0, 6.387191482627739, 2.7000000000000015 
62.71464051956994, 20.26299212836578, 0.0, 6.655182437520601, 1.7000000000000006 
40.686586679962325, 33.57403811276384, 0.0, 2.7813224295708303, 1.6000000000000005 
25.64396315937599, 23.24961539756256, 0.0, 1.24012136143879, 2.4000000000000012 
62.16617853382832, 51.332758409293554, 0.0, -0.020164680207406055, 2.7000000000000015 
13.843491141524423, 37.564513045335154, 0.0, 5.265935426287178, 2.7000000000000015 
59.50639151142848, 18.774655885569956, 0.0, 0.10545733720979085, 2.7000000000000015 
11.131302058574152, 10.19415798040895, 0.0, 0.0, 1.0 
44.74254999585445, 25.175631889330436, 0.0, 0.980916730225489, 1.7000000000000006 
10.133900636919407, 6.5968617382223, 0.0, 1.7109003343198292, 2.6000000000000014 
13.313967158291845, 7.448909396505589, 0.0, 0.0, 1.0 
27.26589327782097, 14.954210921045384, 0.0, 2.1628964897551217, 2.7000000000000015 
53.75809772602658, 44.71707395406795, 0.0, 0.0, 1.0 
61.48671498618573, 25.23789215399308, 0.0, 0.0, 1.0 
1.6467631592223502, 48.23266154046368, 0.0, 0.0, 1.0 
8.842985680832738, 13.420493476197086, 0.0, 1.9591295302504184, 2.7000000000000015 
1.6458617693123059, 19.171212084828966, 0.0, 0.739145628390894, 2.7000000000000015 
22.874818741007257, 59.43839958194325, 0.0, 1.5735039917267577, 2.7000000000000015 
10.603352246047281, 12.11130927446279, 0.0, 0.0, 1.0 
46.61272593053839, 62.12486433071819, 0.0, 0.0, 1.0 
18.43544998343648, 6.937822518482611, 0.0, 1.680903428672604, 2.200000000000001 
37.990600092768744, 15.574925728422265, 0.0, 0.0, 1.0 
51.99487591309195, 52.14529499146447, 0.0, 6.972374489476095, 2.7000000000000015 
22.441613353980514, 35.58368929063323, 0.0, -0.8812615152064114, 2.7000000000000015 
62.56654175058525, 23.40360597843905, 0.0, 6.325621120084102, 2.7000000000000015 
26.28270822620888, 38.19015205161175, 0.0, 4.881434893115696, 2.7000000000000015 
48.91671681071524, 9.402995149735446, 0.0, 0.0, 1.0 
7.043078116684528, 46.42946760043516, 0.0, 3.8506070701319297, 2.7000000000000015 
30.936323805690197, 8.877025234305517, 0.0, 7.184366603015805, 2.7000000000000015 
19.823373455244198, 26.528197297032964, 0.0, 4.416286113725479, 2.7000000000000015 
39.91308185742801, 18.387366886712307, 0.0, 2.7905491531120687, 1.9000000000000008 
7.614238799562695, 43.753316956917175, 0.0, 3.0231189451647715, 2.7000000000000015 
61.965116506184025, 11.545479348778873, 0.0, 0.0, 1.0 
28.650624973819152, 49.34579646039612, 0.0, 4.66372557494393, 2.7000000000000015 
54.873879916026816, 43.01423325647348, 0.0, 0.0, 1.0 
18.38620500005208, 45.93429867057098, 0.0, 3.6186661347243807, 2.7000000000000015 
10.43527315877348, 39.45251783267769, 0.0, -1.027994435611095, 2.7000000000000015 
55.2060077696766, 62.17478713960148, 0.0, 7.232473428445701, 2.7000000000000015 
38.066915788825995, 2.9897798424526427, 0.0, 0.0, 1.0 
5.758314996539188, 29.146013557198522, 0.0, 1.0037067637343093, 2.6000000000000014 
44.959075627507026, 56.48812231144397, 0.0, 0.0, 1.0 
5.353062058724657, 42.00023417755926, 0.0, 1.5956732992945208, 2.7000000000000015 
5.047169267526579, 3.9521471091333766, 0.0, 6.882834581279413, 2.7000000000000015 
27.055080193466235, 24.56922127701809, 0.0, 1.70556098586816, 1.9000000000000008 
62.782404167148044, 33.82773365868929, 0.0, 1.6080363087365817, 2.7000000000000015 
21.81489827925177, 20.66964334910096, 0.0, -1.683882533941114, 2.7000000000000015 
58.78652946010388, 46.735638169720474, 0.0, 0.0, 1.0 
16.945812754257833, 8.572983267750297, 0.0, 0.0, 1.0 
29.40599246116658, 10.43372254020402, 0.0, 0.48005649385296856, 2.7000000000000015 
62.21108964741893, 17.648779421163024, 0.0, 0.3995910419634173, 2.7000000000000015 
38.677249932483065, 41.6973318370661, 0.0, 3.830786104723529, 1.2000000000000002 
32.273608495186444, 5.057578651388551, 0.0, 0.0, 1.0 
22.69356408055937, 54.33063096958674, 0.0, 5.676415961750824, 2.7000000000000015 
36.73683317945975, 1.5676115337016114, 0.0, 0.0, 1.0 
40.54244023485661, 5.72339273936066, 0.0, 0.0, 1.0 
9.57177842759609, 57.569757195557386, 0.0, 0.47444448575753195, 1.4000000000000004 
22.94336980271508, 23.681843133646264, 0.0, 5.153122944648993, 2.7000000000000015 
5.20995209468991, 25.24884393243541, 0.0, 6.9459476632203705, 2.7000000000000015 
17.96890261248214, 34.927730888244625, 0.0, 0.6776992114842012, 2.7000000000000015 
60.62723250377872, 47.522802373534184, 0.0, 3.9984805786999633, 1.8000000000000007 
51.809533130385894, 61.816343532209736, 0.0, 0.0, 1.0 
7.340716496647647, 16.186205218618337, 0.0, 8.224546276828901, 2.7000000000000015 
3.9180144822204963, 57.331316441814614, 0.0, 8.284792231793425, 2.5000000000000013 
1.0842318903103265, 46.339956615140366, 0.0, 0.0, 1.0 
22.13673102885335, 11.82716354017911, 0.0, -0.9930984730919784, 2.7000000000000015 
44.664295352392074, 59.48553475948234, 0.0, 0.0, 1.0 
17.652787888510645, 39.50851366119343, 0.0, 5.022252997230289, 2.5000000000000013 
13.3312421378049, 16.278013118393353, 0.0, 0.0, 1.0 
29.349048511582367, 6.187381843085119, 0.0, 2.3947528075006326, 1.9000000000000008 
58.08164718412143, 36.929050006143584, 0.0, 0.0, 1.0 
27.262345065883256, 6.728293611292049, 0.0, 0.0, 1.0 
30.428585047367157, 15.492985012324732, 0.0, 5.721707551127534, 1.1 
33.96745648825913, 23.90993481049904, 0.0, 0.0, 1.0 
26.434099582641462, 17.614802234033824, 0.0, 2.182427260624282, 2.7000000000000015 
24.146620298336543, 60.94658728454875, 0.0, 1.53099907514252, 1.7000000000000006 
60.36085847525226, 45.71957965531827, 0.0, 3.6017424796324473, 1.7000000000000006 
2.280880334352265, 57.647982109333675, 0.0, 1.3339313985671037, 2.100000000000001 
57.21928925072751, 47.86558096963647, 0.0, 0.0, 1.0 
15.006737377481958, 22.249903322847526, 0.0, 2.525366987695192, 2.000000000000001 
61.8714791424787, 61.82882086774556, 0.0, 7.675799873212838, 2.7000000000000015 
20.692903295426976, 56.71534070005167, 0.0, 5.472067906399051, 2.7000000000000015 
56.324627648963855, 52.10015313475126, 0.0, 1.1779420287767892, 2.7000000000000015 
45.660690120408255, 11.826786769653781, 0.0, 0.0, 1.0 
27.35292522093994, 52.08617723945337, 0.0, 4.069266571737971, 2.7000000000000015 
43.137230087419056, 33.78939197800832, 0.0, 3.289452313809529, 1.6000000000000005 
54.35508870010473, 1.5743943280503958, 0.0, 0.0, 1.0 
24.785449804339702, 53.84404705392414, 0.0, 4.849275257422886, 2.6000000000000014 
35.196358262656446, 55.782379009998735, 0.0, 0.9271379509741137, 2.7000000000000015 
25.536625385178613, 29.365425023799933, 0.0, 0.18467635780003583, 1.1 
55.41328977113378, 52.93864603709798, 0.0, 1.0485971348988856, 2.7000000000000015 
15.943202872826378, 23.88939824329821, 0.0, 0.0, 1.0 
38.89543781943461, 21.925286741005348, 0.0, 0.7831958772770271, 1.6000000000000005 
17.510824360532943, 55.44873450475113, 0.0, 3.24793412947529, 2.6000000000000014 
11.745909710231237, 8.390816484649774, 0.0, 0.0, 1.0 
32.48760462174713, 29.80988923780262, 0.0, 7.922956554448545, 2.7000000000000015 
49.01165271578171, 38.538936111711315, 0.0, 0.0, 1.0 
10.721026894218086, 59.026387197938675, 0.0, 6.005590436147279, 2.7000000000000015 
42.85784661812935, 58.11628763862802, 0.0, 1.1787403245679537, 2.7000000000000015 
6.075457411763478, 16.118892118509248, 0.0, 7.972694746813864, 2.5000000000000013 
15.328890987719602, 56.244876475208414, 0.0, 0.6999551688114621, 2.7000000000000015 
49.400628703700306, 4.923124996015537, 0.0, 6.832279945480697, 2.7000000000000015 
37.546158963393104, 32.20186465556446, 0.0, 2.3489021329999615, 1.6000000000000005 
58.0294047520596, 26.686056438590512, 0.0, 4.675272323409333, 2.7000000000000015 
39.32641574081596, 49.731055463905484, 0.0, 1.3381547099285258, 2.7000000000000015 
33.722113695365024, 53.43207208776671, 0.0, 6.452852622502697, 2.7000000000000015 
30.84066455638307, 39.49408634005142, 0.0, 7.556872897969124, 2.7000000000000015 
47.03350403464109, 39.07199714569392, 0.0, 0.0, 1.0 
48.655396533295416, 21.864427749993038, 0.0, 3.9320571374577193, 2.7000000000000015 
44.03229042679206, 35.82049693224018, 0.0, 0.0, 1.0 
36.581728406726285, 37.24872045493267, 0.0, 0.626605416527063, 2.100000000000001 
24.947014995342702, 32.91415238549919, 0.0, 0.0, 1.0 
14.236000485822206, 31.03436605335813, 0.0, 1.5414970779106267, 2.7000000000000015 
53.19761319400712, 63.34689575656705, 0.0, 0.0, 1.0 
41.045574338961025, 21.411013543006813, 0.0, 0.3626173129597207, 1.8000000000000007 
34.59212878101727, 16.426992063796387, 0.0, 1.3658589789675375, 1.1 
3.40882771246981, 38.51463276622293, 0.0, 7.886408965151713, 2.4000000000000012 
15.038018830965974, 6.805597914340663, 0.0, 0.0, 1.0 
10.925149692347782, 18.558816128150717, 0.0, 0.0, 1.0 
62.56100098038375, 47.17163867718958, 0.0, 3.409003740820569, 2.000000000000001 
35.511365523263905, 52.66217912203333, 0.0, 0.858732241749974, 2.7000000000000015 
37.203066871812005, 45.984354858805844, 0.0, 1.5388490484584065, 2.7000000000000015 
50.1988951749349, 40.27447590847372, 0.0, 0.0, 1.0 
33.02537539500283, 50.63806493073121, 0.0, 6.618857434412235, 2.7000000000000015 
12.931782696610547, 23.244930913526204, 0.0, 1.568104379960992, 2.6000000000000014 
18.86446047718526, 20.94614009369841, 0.0, -1.181850225250957, 2.6000000000000014 
61.10680129979615, 6.177158380624687, 0.0, 6.808151386830713, 2.7000000000000015 
50.361057872138105, 34.25893663066417, 0.0, 4.179740941235483, 2.200000000000001 
20.88536722920345, 54.06506996892872, 0.0, -0.4262166330268681, 2.7000000000000015 
1.39533286597362, 14.36894105737191, 0.0, 7.3465699505249615, 1.8000000000000007 
51.69927720814516, 8.589136587950083, 0.0, 0.0, 1.0 
29.374873412998593, 63.197373656620826, 0.0, 0.0, 1.0 
49.78534911557042, 62.30046603444149, 0.0, 0.0, 1.0 
62.68444879206449, 37.01523230140445, 0.0, 0.0, 1.0 
32.14833896800253, 40.063993830979165, 0.0, 1.6057727259211558, 2.7000000000000015 
0.8028034619506657, 37.5519310675253, 0.0, 0.0, 1.0 
16.114832723661763, 37.47435970473226, 0.0, 5.15474489961645, 2.7000000000000015 
45.76283805651217, 60.67743669452506, 0.0, 0.0, 1.0 
43.354029908196964, 55.91289990502232, 0.0, 0.0, 1.0 
28.43560796098193, 15.800982552210701, 0.0, 2.0492877558821867, 1.7000000000000006 
44.07125160729172, 62.48888304258855, 0.0, 0.9284311077014856, 2.7000000000000015 
59.25787150668418, 63.29312012685238, 0.0, 6.651648528846175, 2.300000000000001 
1.7207607041800226, 26.465102400177624, 0.0, 0.8307671527953316, 1.2000000000000002 
60.171588139029645, 20.18557393970473, 0.0, 6.356465043024683, 2.7000000000000015 
53.94891532450606, 41.13458964895952, 0.0, 0.0, 1.0 
44.55773204284442, 38.40247176727612, 0.0, 4.050672573871614, 1.4000000000000004 
46.98158330779989, 6.740471848453655, 0.0, 0.0, 1.0 
42.80080338356104, 51.311532923732955, 0.0, 0.0, 1.0 
63.36270767238185, 61.3646230130966, 0.0, 0.859750151149111, 2.7000000000000015 
14.63408350329186, 53.98754610174713, 0.0, 3.8644167857216463, 2.7000000000000015 
6.545092095562343, 7.867180150195796, 0.0, 7.354633524097195, 2.7000000000000015 
33.33553111304193, 62.8827643571927, 0.0, 0.0, 1.0 
44.60083523901956, 13.678686086395938, 0.0, 1.3628717859313584, 2.7000000000000015 
56.74488783392829, 9.344673750767019, 0.0, 5.876266587994533, 2.200000000000001 
45.716994443597834, 9.901990756675755, 0.0, 0.0, 1.0 
45.91431979178026, 15.70522152506579, 0.0, 0.0, 1.0 
8.691732609986117, 16.074508076221658, 0.0, 8.171340235007714, 2.7000000000000015 
4.354313521121796, 10.07695557863454, 0.0, 6.829511631124988, 2.7000000000000015 
18.738080810889485, 31.39609679728325, 0.0, 0.0059601612262844515, 2.7000000000000015 
38.292304662859635, 23.575917183072455, 0.0, 3.4636783345330824, 1.4000000000000004 
26.781965528312835, 34.3079937307256, 0.0, 1.1890007666118363, 2.7000000000000015 
29.78861454223318, 22.58057196446979, 0.0, 0.0, 1.0 
12.09231895726039, 25.836403809209564, 0.0, 7.922183710328692, 2.5000000000000013 
41.35699492717341, 62.62297292780856, 0.0, 0.8640453569752495, 2.7000000000000015 
13.169702578324443, 41.87753642123535, 0.0, 5.056583429617751, 2.300000000000001 
47.29167958232515, 42.13096411520306, 0.0, 0.0, 1.0 
63.18975055686526, 19.175006536741062, 0.0, 0.415356860007539, 2.7000000000000015 
5.314109767677104, 9.435054331192168, 0.0, 6.945718613407367, 2.7000000000000015 
37.36413484315822, 52.87392470001029, 0.0, 7.063357978669439, 2.5000000000000013 
60.51296666836683, 53.04038756905981, 0.0, -0.5427855312395546, 2.7000000000000015 
45.270149170093354, 42.586394949948065, 0.0, 0.0, 1.0 
36.10571725663711, 14.607418654121528, 0.0, 0.2797390850282684, 1.1 
42.76449095876827, 1.7685203170467125, 0.0, 0.8425101154915594, 2.7000000000000015 
58.800811280246336, 33.06362799505841, 0.0, 0.0, 1.0 
57.924088332234575, 38.88174713596768, 0.0, 0.0, 1.0 
5.231108846463533, 58.46339354513266, 0.0, 0.0, 1.0 
24.208437949792327, 35.248124559025136, 0.0, 0.0, 1.0 
0.8356811419636246, 15.885878933439015, 0.0, 0.0, 1.0 
52.401151272478444, 31.61607578778421, 0.0, 3.4955082359381286, 2.000000000000001 
50.1616027204835, 15.312706845029677, 0.0, 4.8448125650611615, 2.7000000000000015 
21.349062596703522, 39.58062882618981, 0.0, -0.7632845456953596, 2.5000000000000013 
7.283596616015931, 22.93000145660365, 0.0, 0.8815659284578968, 2.7000000000000015 
62.94765886767721, 13.099069626305281, 0.0, 0.0, 1.0 
20.369848827372486, 9.653302071460327, 0.0, 0.0, 1.0 
30.48608053979838, 34.510534883978075, 0.0, 1.853355370547281, 2.7000000000000015 
34.14896471039221, 27.5600585904888, 0.0, 0.0, 1.0 
57.012725128779124, 32.08254893869079, 0.0, 0.0, 1.0 
17.63908719078669, 2.282313699707584, 0.0, 1.926851514646044, 2.7000000000000015 
61.42155417738391, 36.55872117166736, 0.0, 8.508758547497486, 2.7000000000000015 
34.851278062968184, 29.396159206738382, 0.0, 5.708122750239501, 1.1 
4.316577483041813, 12.625451271837816, 0.0, 7.911595447713916, 2.6000000000000014 
10.261662452238639, 23.171023469486503, 0.0, 7.903925242550389, 2.7000000000000015 
61.14564808791775, 35.141688845628444, 0.0, 2.0191932257241265, 2.7000000000000015 
42.54325208012773, 37.4247256889314, 0.0, 2.9285380399276186, 1.2000000000000002 
56.72446222839729, 13.708411155075556, 0.0, 0.0, 1.0 
37.21216676351297, 7.473942226379362, 0.0, 0.0, 1.0 
12.6736461972463, 18.13846857369959, 0.0, 0.0, 1.0 
20.843224083683545, 22.70780823678574, 0.0, 4.801817567587731, 2.7000000000000015 
38.92203338347865, 27.30998497244035, 0.0, 3.808267417919691, 1.2000000000000002 
3.8817502775157187, 62.79718665647833, 0.0, 0.798003145270975, 2.7000000000000015 
60.595134008191486, 59.93673265939947, 0.0, 1.4406523692172322, 2.7000000000000015 
33.50292236163948, 10.522160935625175, 0.0, 0.0, 1.0 
43.88743293260366, 29.83832616178548, 0.0, 5.695866989307781, 1.2000000000000002 
17.11723818813088, 37.983970905736996, 0.0, 5.192461334873704, 2.200000000000001 
14.296237841470427, 60.577368481949975, 0.0, 5.787910233459716, 2.7000000000000015 
11.656118930561775, 47.89666694549817, 0.0, 3.908627083734724, 2.7000000000000015 
51.73898778113787, 44.42338350479314, 0.0, 0.0, 1.0 
18.78923537549524, 40.03604120613444, 0.0, 4.787286010185464, 2.7000000000000015 
44.78275795513611, 6.190432411327639, 0.0, 1.722667253702392, 2.7000000000000015 
14.135531446280337, 24.54741713969691, 0.0, 1.8319073652830515, 1.5000000000000004 
41.15901792248449, 39.30094798513226, 0.0, 0.0, 1.0 
45.86382536780839, 5.894530399814009, 0.0, 8.047192538791075, 2.7000000000000015 
4.43914434130033, 60.328694772051136, 0.0, 1.1171315247106754, 2.7000000000000015 
40.552654747683064, 50.121731268497506, 0.0, 1.2977351565483402, 2.7000000000000015 
54.316731566841945, 53.673876300952784, 0.0, 1.0116164740595288, 2.7000000000000015 
53.55317269967868, 48.041859857545425, 0.0, 3.3884279706570015, 2.7000000000000015 
62.866962964730085, 43.01114244790142, 0.0, 0.0, 1.0 
47.22535787338369, 19.77824500605992, 0.0, 5.075968270592934, 2.7000000000000015 
8.943744419592402, 46.10842798179381, 0.0, 3.4121361112824773, 2.7000000000000015 
39.90238983881122, 43.659625441889474, 0.0, 0.0, 1.0 
17.53337558253313, 42.55482955085397, 0.0, 6.024929817686122, 2.7000000000000015 
38.13625200977048, 48.14279623058802, 0.0, 1.4830776222393052, 2.7000000000000015 
63.208238271455365, 8.282376373399018, 0.0, 6.156910552059593, 2.4000000000000012 
50.06606413589319, 52.106585136901636, 0.0, 0.6217824459059067, 2.7000000000000015 
10.757075945136105, 62.140042478793866, 0.0, 0.0, 1.0 
38.75442117759947, 51.25043665822652, 0.0, 7.285523384529356, 2.7000000000000015 
36.436432005789115, 12.603070081979519, 0.0, 0.0, 1.0 
12.121042085251014, 13.348080247875675, 0.0, 0.0, 1.0 
62.68202561969116, 45.79517533932143, 0.0, 0.0, 1.0 
36.625925560057134, 30.52375255382195, 0.0, 0.2774684643639208, 1.1 
21.03975326020189, 48.09487708895496, 0.0, 3.9406052956337008, 2.7000000000000015 
3.2022943496000837, 55.36270207757743, 0.0, 0.0, 1.0 
20.33239713297728, 17.97734718296819, 0.0, 5.042723000670541, 2.7000000000000015 
20.08938615925857, 44.085639529225844, 0.0, 2.533195527413058, 2.7000000000000015 
48.220173205239206, 61.138652809554245, 0.0, 0.0, 1.0 
7.267443976767122, 3.2462707662730312, 0.0, 0.8148154314658719, 2.7000000000000015 
46.9592178595931, 17.478609444534477, 0.0, 4.94434690439458, 1.2000000000000002 
48.720398104420845, 33.58526543634414, 0.0, 1.7125569512535137, 2.7000000000000015 
17.755350674717953, 16.5455573479457, 0.0, 2.316242567495952, 2.6000000000000014 
43.10573920169515, 42.95619174256438, 0.0, 3.2172751763171044, 1.3000000000000003 
5.820259218081279, 50.898102641441405, 0.0, 0.578505309479472, 2.7000000000000015 
50.23908617220841, 54.060541651318, 0.0, 0.0, 1.0 
15.196287958283905, 33.6856095485612, 0.0, -0.2655468447358471, 2.7000000000000015 
45.5426875564399, 8.194287372564382, 0.0, 0.0, 1.0 
46.83414607873984, 56.53223596784809, 0.0, 0.0, 1.0 
1.3821742463435747, 6.445620072717597, 0.0, 6.878072741000527, 2.7000000000000015 
29.47262300584257, 53.67588341691482, 0.0, 4.873409534624601, 2.7000000000000015 
37.506111230299844, 62.74826901126779, 0.0, 0.6173587391142534, 2.7000000000000015 
14.434599512605452, 59.0125348216743, 0.0, -0.018775059212510804, 2.7000000000000015 
26.330844756146284, 4.8583789717185235, 0.0, 0.0, 1.0 
38.731624215866375, 4.8443931284985835, 0.0, 0.0, 1.0 
6.728106069561026, 42.727825474301135, 0.0, 2.3832160462877146, 2.7000000000000015 
43.48896720354387, 15.425714305840515, 0.0, 0.0, 1.0 
8.442206142365727, 6.067604768646568, 0.0, 1.2335022549563215, 2.7000000000000015 
16.587288223554584, 49.085798451909966, 0.0, 3.7144676002370396, 2.7000000000000015 
4.033845530237301, 7.525841726589649, 0.0, 6.685912508369453, 2.7000000000000015 
9.057490847183118, 23.79527306560914, 0.0, 1.339779934198812, 2.7000000000000015 
8.480739241163718, 25.40345807653744, 0.0, 7.257770968786741, 2.7000000000000015 
46.23805844653927, 13.663534469729628, 0.0, 0.0, 1.0 
43.13727334119552, 7.828990123116326, 0.0, 8.334543301348186, 2.6000000000000014 
0.9599962505784672, 33.5570927908365, 0.0, 0.0, 1.0 
19.230581735508036, 47.88220363954392, 0.0, 3.8950138543681625, 2.7000000000000015 
35.34200512516046, 25.805857758121867, 0.0, 0.0, 1.0 
57.593867822118646, 7.981799776129399, 0.0, 6.308858314244341, 2.7000000000000015 
34.26558219080497, 46.06565710618219, 0.0, 0.5519983958632784, 2.6000000000000014 
58.78165557042948, 31.00786029039476, 0.0, 0.0, 1.0 
32.14444459439138, 13.30788968806092, 0.0, 2.4896844812964285, 1.6000000000000005 
32.02043063734872, 42.586294922723255, 0.0, 1.0366473500863684, 2.7000000000000015 
60.52283271967339, 21.95234166748606, 0.0, 6.706014358788702, 2.7000000000000015 
17.734687804863356, 60.12629174867944, 0.0, 0.053323430200254984, 2.7000000000000015 
27.911318680446772, 59.716525571812895, 0.0, 3.0128103467905194, 1.1 
27.49931610386035, 54.38954314139508, 0.0, 6.220384398474143, 1.3000000000000003 
14.374832480724713, 4.911964003793433, 0.0, 0.0, 1.0 
61.26408742306624, 43.0058391859634, 0.0, 0.0, 1.0 
46.57481943810627, 51.30851262575717, 0.0, 0.0, 1.0 
40.73085267579863, 23.235105090285984, 0.0, 5.491632172413912, 1.1 
24.98851960123475, 14.904016312157083, 0.0, 5.191990330102691, 2.7000000000000015 
43.20120080495473, 20.913140255200076, 0.0, 1.9470732915526043, 1.8000000000000007 
31.356011695703952, 55.88483699935873, 0.0, 1.1125951639838303, 2.7000000000000015 
47.96537809029616, 15.569310237752157, 0.0, 0.0, 1.0 
1.227039799169013, 59.35546487869913, 0.0, 0.0, 1.0 
44.87809766041294, 0.8817383061479755, 0.0, 0.6808666087705698, 2.7000000000000015 
20.17504972034152, 32.76823048232326, 0.0, 0.0, 1.0 
9.32069185727006, 8.514250097499144, 0.0, 1.6325395038139603, 2.7000000000000015 
53.78205565615039, 3.8019154275971045, 0.0, 5.504389525388217, 2.7000000000000015 
43.49765154305018, 9.136943118197033, 0.0, 2.2108932536674484, 2.7000000000000015 
48.80276381919193, 17.384269594280635, 0.0, 4.965310019724574, 2.7000000000000015 
34.63050429407882, 47.75662977762299, 0.0, 0.5581973426880548, 2.7000000000000015 
6.610291698461629, 11.625588761793168, 0.0, 8.351247731099702, 2.7000000000000015 
17.631330903279974, 11.802655422714503, 0.0, 0.0, 1.0 
2.976135630553149, 17.650405736071427, 0.0, 7.2964344150272025, 2.7000000000000015 
32.45545395359597, 49.16367420619587, 0.0, 0.3758013628855663, 2.7000000000000015 
24.689516992353962, 50.076149793053816, 0.0, -1.0842469308436833, 2.7000000000000015 
53.78172375947951, 33.53841049045338, 0.0, 3.1334004340760426, 1.1 
35.241130810055886, 31.604842043839803, 0.0, 3.9461447466345483, 2.4000000000000012 
11.623267992796075, 49.918261615187305, 0.0, 4.14434249235504, 2.7000000000000015 
7.78659213604991, 18.625034408027172, 0.0, 7.860970828143772, 2.7000000000000015 
61.16442058461378, 7.646437453074086, 0.0, 6.045946750489521, 2.4000000000000012 
47.095865577994765, 59.49712872345035, 0.0, 0.0, 1.0 
58.585609863889125, 61.64927111376799, 0.0, 0.6687267527760322, 2.7000000000000015 
58.21359412794085, 44.769592004456456, 0.0, 0.0, 1.0 
3.847160689032652, 27.76652372892858, 0.0, 7.3058443326460685, 2.7000000000000015 
61.79839420841641, 5.2495526500173595, 0.0, 0.3898607270937073, 2.7000000000000015 
39.90193191622544, 56.761718828734736, 0.0, 7.10757138879351, 2.7000000000000015 
10.040961918511245, 20.170932818862916, 0.0, 1.3500896668096878, 2.5000000000000013 
33.573763526538016, 3.4966770839976964, 0.0, 0.0, 1.0 
21.523092016108883, 5.136864454938589, 0.0, 4.30378520514475, 1.6000000000000005 
3.063391311668717, 50.8096299860938, 0.0, 0.12289523537113982, 2.5000000000000013 
61.03340148856565, 27.14511298628239, 0.0, 0.792786227256292, 2.7000000000000015 
36.6452724950923, 9.204298637095102, 0.0, 0.0, 1.0 
38.06797941512104, 61.83362206827424, 0.0, 0.684616738593641, 2.7000000000000015 
9.214554396447483, 27.776978176078106, 0.0, 7.276889197936598, 2.7000000000000015 
16.824583528597888, 44.12298037950486, 0.0, 3.4617277973404414, 2.7000000000000015 
51.30059489898658, 23.283931825547043, 0.0, 4.7249027861776405, 2.7000000000000015 
52.35598354973554, 37.13185988396239, 0.0, 0.0, 1.0 
58.05949860553048, 58.89052066177965, 0.0, 7.651515878680945, 2.7000000000000015 
51.92348785075166, 17.770572785634133, 0.0, 5.224715662983964, 2.7000000000000015 
16.299429340540208, 13.44535791239853, 0.0, 0.0, 1.0 
60.760145235755836, 1.2867469394052478, 0.0, 6.475639490099269, 2.7000000000000015 
62.806952875418666, 30.447419371224726, 0.0, 1.603524899022342, 2.7000000000000015 
2.776443186924827, 34.37161610378823, 0.0, 0.0, 1.0 
53.462055419670456, 5.972926942880574, 0.0, 6.155592218719661, 1.1 
20.060140385735224, 35.051127680821686, 0.0, -1.1394541766490534, 2.7000000000000015 
29.62996099822204, 13.75687879131944, 0.0, 3.3612609416974375, 1.8000000000000007 
36.537438703637285, 17.01922938235417, 0.0, 0.0, 1.0 
26.33864916412828, 21.476861690517513, 0.0, 1.4581849639602733, 2.7000000000000015 
2.2971196544772625, 18.34319271761113, 0.0, 7.139482009261801, 2.7000000000000015 
9.099545839731523, 44.604872410399516, 0.0, 2.7942786266644726, 2.7000000000000015 
11.074572233416621, 4.582019420146307, 0.0, 1.3081540110681724, 2.5000000000000013 
19.5220176632002, 62.78933318952451, 0.0, 2.6082644118190847, 2.7000000000000015 
48.83543974096207, 36.2663099329442, 0.0, 1.9633160110919339, 2.6000000000000014 
50.15870989079291, 30.83295943374237, 0.0, 4.699430606839627, 2.5000000000000013 
36.980923433497715, 50.99862192178527, 0.0, 0.7446204292413402, 1.8000000000000007 
51.93861585340732, 41.026355680095804, 0.0, 0.0, 1.0 
60.70832297341718, 40.320754937024724, 0.0, 8.323388683025845, 2.300000000000001 
11.967434801821776, 29.001653641411806, 0.0, 1.7529654469020983, 2.7000000000000015 
21.819114048250356, 33.59710023888493, 0.0, 0.0, 1.0 
49.46021180350165, 56.3940779582234, 0.0, 0.37087507722309376, 2.7000000000000015 
18.446105844618682, 26.17297604641297, 0.0, 4.7746363155292055, 2.7000000000000015 
30.21132599830588, 24.39369612505574, 0.0, 0.0, 1.0 
53.38082747596686, 61.15005317090533, 0.0, 1.0565340412193953, 2.5000000000000013 
6.3894477533048315, 13.639520330133056, 0.0, 8.261194261403139, 2.7000000000000015 
6.019098386784496, 60.358596837862656, 0.0, 0.0, 1.0 
42.23537842858778, 12.860568314496218, 0.0, 6.71080914828656, 2.7000000000000015 
34.49266544017138, 33.20140214282971, 0.0, 0.0, 1.0 
44.386031078683494, 22.42452205234884, 0.0, 2.1524561936518607, 1.5000000000000004 
19.725844446446775, 5.92275171620934, 0.0, 1.6298713563954708, 2.7000000000000015 
28.648217116544313, 57.80646230624866, 0.0, 0.0, 1.0 
12.54128757288512, 11.440677847659561, 0.0, 0.0, 1.0 
45.3493628060614, 62.77808957047043, 0.0, 7.4184559723513885, 2.7000000000000015 
49.62757098502034, 3.3770096594224612, 0.0, 7.3061632282003774, 2.300000000000001 
54.75511243851978, 56.1900186529889, 0.0, 1.1271560507744898, 2.7000000000000015 
61.37563726345389, 9.895231788187337, 0.0, -0.9846402093807817, 1.4000000000000004 
46.17676073775961, 30.686830330504545, 0.0, 0.228299398458718, 1.2000000000000002 
40.68814502698621, 42.046603479820035, 0.0, 1.0786606441594433, 2.7000000000000015 
59.675003193340245, 50.51871861933555, 0.0, 0.0, 1.0 
5.036122756462645, 20.757975597941154, 0.0, 7.217691743709059, 2.6000000000000014 
63.25884690133379, 4.666984970021305, 0.0, 6.571989527134945, 2.7000000000000015 
46.48116473278287, 37.59121016431851, 0.0, 3.1123110696710485, 2.7000000000000015 
36.33034262302659, 49.383605760898575, 0.0, 6.543265834143634, 2.7000000000000015 
62.628003996665086, 56.040767593798584, 0.0, 2.5524443344880368, 1.1 
56.50400987930162, 57.850101548554406, 0.0, 1.1023483327237924, 2.7000000000000015 
6.6976619020899255, 62.781043030204906, 0.0, 0.8992289619338032, 2.7000000000000015 
4.753827526684165, 6.546292799129549, 0.0, 7.010288733542165, 2.7000000000000015 
32.00223868099447, 33.157854442709976, 0.0, 8.125530256278088, 2.7000000000000015 
5.421100762261313, 12.025679884733421, 0.0, 8.15924886091719, 2.7000000000000015 
39.20267656738026, 47.08178741940844, 0.0, 1.0331433220019761, 2.7000000000000015 
11.921621770344942, 46.43824105427476, 0.0, 3.4617079749596957, 2.7000000000000015 
8.520789433214375, 32.37414040066084, 0.0, 7.684319203756616, 2.6000000000000014 
26.17904561419338, 12.02668975140471, 0.0, -0.9193823826334655, 2.7000000000000015 
51.21762943068056, 50.24258422916186, 0.0, 3.5026994199279606, 2.7000000000000015 
36.77585009508118, 58.47279887642932, 0.0, 0.8161948768261905, 2.7000000000000015 
1.517722839252932, 61.36634315006728, 0.0, 0.6530278560066614, 2.7000000000000015 
47.505270764874965, 47.270583755497775, 0.0, 0.0, 1.0 
40.170077997332136, 59.54660378591105, 0.0, 0.8477707418375331, 2.7000000000000015 
25.08465714712368, 20.158000616569645, 0.0, 1.4276726049988069, 2.7000000000000015 
35.96371129367887, 40.859811440322346, 0.0, 0.0, 1.0 
48.48439040687318, 24.59036944365329, 0.0, 5.231506871422324, 2.7000000000000015 
43.26563135819627, 49.52171215557713, 0.0, 0.0, 1.0 
33.61463183465379, 19.827596945830617, 0.0, 4.089812917715002, 1.1 
26.560501652992485, 61.61689726574941, 0.0, 3.204068512047593, 2.300000000000001 
27.0743184928045, 56.569954965523095, 0.0, 0.0, 1.0 
32.581152512513775, 8.698130122389971, 0.0, 0.0, 1.0 
48.08071455432012, 57.672859472516045, 0.0, 0.0, 1.0 
11.157765465444681, 40.38754521828277, 0.0, -1.1667580859539308, 2.7000000000000015 
27.106259080043582, 49.269939037678995, 0.0, 5.254424931079061, 2.7000000000000015 
9.028461588321766, 4.932393250971766, 0.0, 7.503123685352373, 2.7000000000000015 
2.3597637051740064, 9.635176543528942, 0.0, 0.7233447816442693, 2.7000000000000015 
2.0949604718576547, 51.969894879676474, 0.0, 0.39500177708748185, 2.7000000000000015 
42.69565267615344, 44.73481356668847, 0.0, 0.810243989773482, 2.7000000000000015 
28.326311542491773, 2.552121814935057, 0.0, 6.4586279352378835, 2.7000000000000015 
63.157159316047604, 0.9117466297772295, 0.0, 0.2608798520971571, 2.7000000000000015 
0.09834572308347035, 2.250678659630555, 0.0, 6.525028444433881, 2.7000000000000015 
24.9103195827429, 24.265578401177812, 0.0, 4.1541400174653775, 2.7000000000000015 
44.24874799079116, 16.855749166175382, 0.0, 0.0, 1.0 
56.38113565820064, 28.222325506340916, 0.0, 0.0, 1.0 
15.326026357046942, 16.73462570341888, 0.0, 0.0, 1.0 
40.36949748056879, 62.93101078717964, 0.0, 0.7168996244569964, 2.7000000000000015 
25.77876096462047, 51.89435115361041, 0.0, 4.5289420453344915, 2.7000000000000015 
7.637532584678612, 8.213574460634756, 0.0, 7.909580494328066, 2.7000000000000015 
60.3391332535096, 30.46322162678998, 0.0, 7.5154893931470195, 2.5000000000000013 
17.78406799620311, 14.377217367709397, 0.0, 1.7761207627621147, 2.7000000000000015 
10.070492944981526, 55.9299428676177, 0.0, 4.02558744732004, 2.4000000000000012 
2.2683922482705476, 4.5532982012824395, 0.0, 6.66472160297629, 2.7000000000000015 
31.819279739043346, 22.931192068722854, 0.0, 7.197085337443683, 2.7000000000000015 
9.196341512158954, 17.883998201469925, 0.0, 8.198260521587295, 2.7000000000000015 
20.170391871010544, 2.840193394242324, 0.0, 2.1363879193121584, 2.7000000000000015 
25.346068516277903, 36.91086890653722, 0.0, -1.5231779870294104, 2.300000000000001 
51.19012566259035, 47.987902326143306, 0.0, 0.0, 1.0 
56.25423078765401, 59.58391210944686, 0.0, 0.41683578641273733, 2.7000000000000015 
49.07673951866788, 20.218261467235866, 0.0, 4.041680027719301, 1.7000000000000006 
24.21370168947596, 3.246162434592189, 0.0, 4.153022183710546, 2.7000000000000015 
3.1489799545105503, 30.340852654474958, 0.0, 0.0, 1.0 
40.87166147232888, 58.69379962651193, 0.0, 0.6979389679086219, 2.5000000000000013 
22.121924628869884, 41.7849383034171, 0.0, 1.5391623883205487, 2.7000000000000015 
39.728474564731954, 12.382616465981794, 0.0, 0.8482895821716377, 1.6000000000000005 
6.760652377221787, 36.27882882512559, 0.0, 1.7677857282675442, 2.7000000000000015 
10.889905019248964, 28.617281853774035, 0.0, 8.014932717486282, 2.7000000000000015 
55.68620530671106, 44.83459559496067, 0.0, 0.0, 1.0 
61.663970659104855, 54.61139798363343, 0.0, -0.13374307321544027, 2.7000000000000015 
5.33717160032757, 30.42254765337594, 0.0, 0.7781626511824457, 2.7000000000000015 
14.624987146063138, 18.548569766115833, 0.0, 0.0, 1.0 
58.4227198565167, 34.987564446910795, 0.0, 0.0, 1.0 
6.447055450946265, 47.49731419611257, 0.0, 4.158300707284332, 2.7000000000000015 
39.64076512822513, 32.23918930997155, 0.0, 0.0, 1.0 
24.09887023450898, 18.01971483851247, 0.0, 4.9996374526401794, 2.7000000000000015 
37.6753192481681, 11.038368932383577, 0.0, 0.5510632152012924, 1.1 
34.37732493404359, 21.940326217256334, 0.0, 0.0, 1.0 
33.492672917825615, 42.74040271738204, 0.0, 0.9203601353030555, 2.7000000000000015 
47.481639007970514, 32.19205250179156, 0.0, 5.078276305514574, 1.9000000000000008 
52.16215970808843, 14.712845541867289, 0.0, 0.5628368500669338, 2.7000000000000015 
51.24480696806778, 16.613486248041983, 0.0, 5.401482528828953, 2.4000000000000012 
55.12140750408057, 46.872055520202, 0.0, 0.4243365862939898, 1.6000000000000005 
32.25641612715758, 21.131274355869824, 0.0, 4.187692845793727, 1.5000000000000004 
59.45843338926874, 24.44393851687887, 0.0, 9.100227141453002, 2.7000000000000015 
44.6887322958514, 52.073673448250915, 0.0, 0.0, 1.0 
11.162689823996693, 44.89530499946939, 0.0, 2.7490167423905216, 2.7000000000000015 
7.5885714006409515, 37.800324854864954, 0.0, 1.7687236584039525, 2.7000000000000015 
38.858345386909136, 39.86297496027178, 0.0, 5.978932542372438, 2.100000000000001 
55.88722324736294, 0.8147375765382935, 0.0, 0.585696154930336, 2.300000000000001 
18.139471265285245, 52.20420625793954, 0.0, 6.295679822061343, 2.7000000000000015 
4.021897394352182, 43.217532559035384, 0.0, 3.5407591704354524, 2.7000000000000015 
14.456943625481285, 2.9057428996831853, 0.0, 0.0, 1.0 
60.84314504120347, 38.5018252896721, 0.0, 0.0, 1.0 
3.755268966498579, 46.83772134071576, 0.0, 4.244193224939015, 2.6000000000000014 
29.20224979057515, 8.606164411105093, 0.0, 0.8995563814358036, 2.200000000000001 
31.3736596686828, 18.919751664594656, 0.0, 4.133758402846431, 1.2000000000000002 
12.3740698952464, 40.22993706445815, 0.0, 4.918926725947741, 2.7000000000000015 
20.798320376334523, 38.416130179768324, 0.0, -0.4445424174124542, 2.7000000000000015 
20.714472896141775, 58.892494727793654, 0.0, 5.050809689355218, 2.7000000000000015 
31.36674361976523, 62.803110274493875, 0.0, 0.0, 1.0 
28.658548058420447, 32.30776691978557, 0.0, 1.630001190022283, 2.7000000000000015 
56.56552039062534, 33.86574257293732, 0.0, 0.0021897890904037736, 1.4000000000000004 
55.033926610206585, 29.816879771960572, 0.0, 0.0, 1.0 
8.234074967660508, 9.167600286665087, 0.0, 8.066942921000775, 2.5000000000000013 
52.62092030830409, 25.828066439991108, 0.0, 4.299234078192708, 2.7000000000000015 
57.81590101250938, 0.5950938443998557, 0.0, 0.4174741212740878, 2.7000000000000015 
24.71567657529468, 39.99913916975507, 0.0, 5.1111285573806144, 2.7000000000000015 
45.37837375068931, 20.345935932415156, 0.0, 0.0, 1.0 
2.5691351014792683, 5.901293951421765, 0.0, 0.46830327119651977, 2.6000000000000014 
35.38590746305209, 60.51442268466521, 0.0, 6.9717305315102545, 2.7000000000000015 
14.448146610791529, 27.775749081160765, 0.0, 1.607455276176103, 2.5000000000000013 
8.226129482732173, 48.99101817643636, 0.0, 4.694061744818152, 1.9000000000000008 
34.94210735003679, 0.38007143307412655, 0.0, 0.0, 1.0 
29.499464151475667, 37.58987701387023, 0.0, 7.955186159029691, 2.7000000000000015 
45.9583480865121, 40.62059771749334, 0.0, 0.0, 1.0 
33.309893763716886, 25.80017326987343, 0.0, 0.0, 1.0 
30.603034560415157, 12.230340706496055, 0.0, 0.0, 1.0 
62.717857831213045, 52.713287776707844, 0.0, -0.6089760034081049, 2.7000000000000015 
13.430574159928279, 1.2011512969343838, 0.0, 0.0, 1.0 
19.074307908604304, 16.83522219844678, 0.0, -1.0685696001141503, 2.7000000000000015 
35.114791006632565, 18.42502956757156, 0.0, 0.0, 1.0 
48.03836515230488, 2.6400871170531626, 0.0, 7.805260983493821, 2.7000000000000015 
28.389509775604438, 11.76063975031821, 0.0, 3.892172109682452, 1.4000000000000004 
61.47371887656148, 49.68315254074893, 0.0, 0.0, 1.0 
55.53659790706514, 26.407450303742984, 0.0, 0.3283555492676808, 2.7000000000000015 
45.20722164639194, 55.1113885243237, 0.0, 0.3569052553907623, 2.7000000000000015 
