position_x,position_y,position_z,orientation,aspect_ratio
70.0537350563899, 73.39885537484493, 0.0, 0.6411103237775123, 2.7000000000000015 
13.372360829264677, 21.45780333316121, 0.0, 2.5960585884850165, 2.4000000000000012 
47.91823932600985, 68.72276556567788, 0.0, 8.932211837974714, 2.7000000000000015 
78.73991765283239, 73.33995557086925, 0.0, 1.7593395417675954, 2.7000000000000015 
78.86691452940512, 11.627217490064274, 0.0, 1.450860136289348, 2.7000000000000015 
33.89642846913576, 7.712811410213324, 0.0, 1.801272735298873, 2.7000000000000015 
54.44818976432156, 4.058582347910357, 0.0, 5.940547785237116, 1.1 
11.234288788921607, 23.642225097193254, 0.0, 2.4777163869863807, 2.7000000000000015 
36.937909203552174, 33.208132834685244, 0.0, 0.9749528411460111, 2.7000000000000015 
45.64640678003385, 20.296365672023416, 0.0, 0.27334350964600396, 1.9000000000000008 
11.079883353237113, 5.801548451082657, 0.0, 1.3456966002987902, 2.7000000000000015 
1.6083611075201125, 69.99976490794661, 0.0, 2.8287731342870948, 2.7000000000000015 
26.082575610148258, 15.179625283349734, 0.0, 2.324432167287562, 1.6000000000000005 
19.226924365816213, 3.7698237574411935, 0.0, 2.065746734625873, 2.7000000000000015 
28.00931817518703, 59.626244461582885, 0.0, 1.6248437869430732, 2.4000000000000012 
50.82509786344301, 0.9178768810955628, 0.0, 0.0, 1.0 
14.707806950916693, 25.480055056806567, 0.0, 2.535225829771836, 2.7000000000000015 
21.61457583741601, 7.61005325810064, 0.0, 2.2703423759493226, 2.7000000000000015 
43.30099927258572, 40.97593122621068, 0.0, 2.0636035842802545, 2.7000000000000015 
36.644504015910535, 10.563846882491568, 0.0, 2.2237297101063067, 2.7000000000000015 
34.70561974686061, 70.26531006392258, 0.0, 8.4966784698272, 2.7000000000000015 
44.28450793653679, 13.864281885551684, 0.0, 3.1725448587120306, 2.7000000000000015 
75.22091737110107, 20.02038325218045, 0.0, 2.2300892671639714, 2.7000000000000015 
27.86741456747882, 14.77049275187534, 0.0, 1.643368461186366, 2.7000000000000015 
50.429218600073824, 69.16361008165039, 0.0, 3.114620504872297, 2.7000000000000015 
31.421455738092952, 59.782902997986575, 0.0, 8.560574118182743, 2.7000000000000015 
32.11740201508771, 13.097236016756964, 0.0, 1.7224241093082624, 2.7000000000000015 
0.18978851669230273, 28.237286487307962, 0.0, 7.7681312032306655, 2.7000000000000015 
35.965835207385815, 17.112310329141074, 0.0, 2.266543931196452, 2.5000000000000013 
23.925401997305837, 12.855009366138686, 0.0, 1.8827306373941415, 2.7000000000000015 
28.816063747239504, 60.81506431128262, 0.0, 1.6875652493001514, 2.7000000000000015 
45.09369799294512, 75.26497620251843, 0.0, 2.4034200297121453, 2.7000000000000015 
37.39959042231387, 29.821575636340796, 0.0, 1.1835393906936502, 2.7000000000000015 
20.61644407643034, 17.88013207010602, 0.0, 2.021226420894883, 2.7000000000000015 
8.860830892121475, 16.175048972064065, 0.0, 1.742457299441081, 2.7000000000000015 
32.350020563935225, 29.565160995316848, 0.0, 0.9746517911468875, 2.7000000000000015 
65.68724845551068, 74.84079196112447, 0.0, 5.999193941305969, 2.7000000000000015 
56.72792544963819, 41.18658989833829, 0.0, 7.699186012195677, 2.7000000000000015 
34.583185702344714, 17.10980780261462, 0.0, 1.9854275206097471, 2.7000000000000015 
3.558093555769721, 21.879761264759058, 0.0, 1.6895666191085283, 2.7000000000000015 
37.315170097872816, 19.424239036682888, 0.0, 8.110327310241175, 2.7000000000000015 
2.102269387022641, 65.13173941920769, 0.0, 1.3526960341121013, 2.7000000000000015 
27.40540769546184, 75.3522500370527, 0.0, 2.2572364799736713, 2.6000000000000014 
21.378278734509664, 51.51942284420439, 0.0, 1.8665696364362807, 2.7000000000000015 
5.179300065803598, 31.398082302293336, 0.0, 2.6721574081829296, 2.7000000000000015 
78.06543777073642, 69.4930266162751, 0.0, 2.06035032186559, 2.7000000000000015 
48.66365038269051, 27.314724040931946, 0.0, 0.7889420083920483, 2.7000000000000015 
41.71819615005627, 16.76276496984509, 0.0, 3.1501920741143916, 2.7000000000000015 
30.132460357819042, 44.49098190973463, 0.0, 2.0205490331548317, 2.7000000000000015 
22.6562631618217, 12.649639488577817, 0.0, 2.03809891281723, 2.7000000000000015 
35.608295461550746, 35.255613091480484, 0.0, 0.9605515279465674, 2.7000000000000015 
49.834367955187616, 10.00614132268023, 0.0, 2.8360205779276555, 2.7000000000000015 
36.07348936142883, 15.49834764702167, 0.0, 2.1723654222048747, 2.7000000000000015 
18.366673627812176, 19.576734110497153, 0.0, 2.393206496232614, 2.7000000000000015 
3.0749183054686826, 31.536598695595636, 0.0, 1.7662857605155522, 2.7000000000000015 
50.54341755644569, 75.51211836620398, 0.0, 0.0, 1.0 
48.73117483030851, 1.1547983278898952, 0.0, 0.0, 1.0 
44.32025975054377, 44.80401661481652, 0.0, 2.3532719907678548, 2.7000000000000015 
33.62332197689274, 27.608138367640695, 0.0, 7.213367292854096, 2.7000000000000015 
37.149808450623105, 75.78729503427803, 0.0, 1.7682308912551412, 2.7000000000000015 
48.722208374324985, 6.455994671357369, 0.0, 0.0, 1.0 
12.177464742703316, 27.634759060966882, 0.0, 2.4568069794921805, 2.7000000000000015 
21.045259430959803, 56.21536004438736, 0.0, 2.256160202362384, 2.7000000000000015 
53.14770571491484, 24.93051088715567, 0.0, 0.002375342211380288, 2.7000000000000015 
45.95743650433543, 29.46302496700315, 0.0, 1.5982392469263424, 2.7000000000000015 
28.090297734501135, 72.27196708669568, 0.0, -3.93950337201502, 2.7000000000000015 
17.23046039561637, 66.68769169650407, 0.0, 1.9655312247545884, 2.7000000000000015 
44.712355394819724, 34.75847612620487, 0.0, 1.63383976568328, 2.6000000000000014 
46.9933565601012, 75.4960948011489, 0.0, 2.8569173165943154, 2.7000000000000015 
33.82587012463702, 51.93031021025921, 0.0, 1.7655565997515104, 2.7000000000000015 
1.3581972804402558, 50.322989268401884, 0.0, 1.1026818240884808, 2.7000000000000015 
6.038363524706468, 69.42548973129699, 0.0, 2.331638988098105, 2.7000000000000015 
16.07218878829212, 20.47982049628155, 0.0, 2.5367955942857976, 2.7000000000000015 
11.019453232670033, 47.74060004651778, 0.0, 1.8275169919442429, 2.7000000000000015 
51.01213364817504, 17.237399472586493, 0.0, 3.273739222408058, 2.7000000000000015 
35.66333713886559, 66.75795581676473, 0.0, 2.5651218663784374, 2.7000000000000015 
18.850754519670275, 17.654656419757796, 0.0, 8.901595899612852, 1.8000000000000007 
39.47777014677654, 21.313516041369603, 0.0, 1.5860989929531657, 2.7000000000000015 
34.19015023128735, 4.471573230109869, 0.0, 1.7082314259208526, 2.5000000000000013 
51.27806766721182, 77.41265455563043, 0.0, 0.0, 1.0 
6.1618444107407955, 33.6136953486719, 0.0, 0.8949610794614503, 2.7000000000000015 
8.132911913218729, 44.64445044334804, 0.0, 8.193992267231955, 2.7000000000000015 
37.98692077613161, 50.56963362497222, 0.0, 8.943523696610868, 2.7000000000000015 
14.54136552792627, 3.745348232181204, 0.0, 1.2747907357677046, 2.7000000000000015 
37.23395392269922, 13.267432385299953, 0.0, 2.3048940340814017, 2.7000000000000015 
57.36931828759508, 48.781213444532874, 0.0, 2.5803270087340606, 2.7000000000000015 
38.95327440615124, 13.761641086334139, 0.0, 2.197127389787292, 2.7000000000000015 
23.73934417886278, 68.40029135782169, 0.0, 1.9018004139006877, 2.7000000000000015 
46.79997221211987, 7.087463039337891, 0.0, 0.0, 1.0 
21.417956517319272, 75.44291639110767, 0.0, 2.0122639198621117, 2.100000000000001 
35.058123357047435, 19.509247141426567, 0.0, 1.6503925399655914, 2.7000000000000015 
35.89347873970472, 8.520959644658861, 0.0, 2.1970660404499096, 2.7000000000000015 
27.6813138732836, 46.14825994342712, 0.0, 2.5847011372331976, 2.7000000000000015 
16.61567484808435, 77.36117330504419, 0.0, -4.880159070890294, 2.7000000000000015 
23.667785845308423, 66.28352926272086, 0.0, 1.8492405013148678, 2.7000000000000015 
75.81402464321853, 36.49493147600767, 0.0, 1.3314679043872548, 2.7000000000000015 
42.84798454077251, 76.68140674839486, 0.0, 2.366716596790265, 2.6000000000000014 
14.646257494796574, 27.005065720607803, 0.0, 2.5730038944780715, 2.7000000000000015 
6.3124940803271485, 53.02910262932677, 0.0, 2.270633159975134, 2.7000000000000015 
48.29013468433006, 11.29997859192955, 0.0, 2.8528086080626394, 2.7000000000000015 
49.82506814823985, 78.68551953877052, 0.0, 0.0, 1.0 
28.37560844736689, 44.451442654258294, 0.0, 2.4957545489073945, 2.7000000000000015 
19.25056636697377, 1.5682996545843804, 0.0, 2.0366285948205443, 2.6000000000000014 
3.792337889266675, 24.04240628248298, 0.0, 1.8993419318744045, 2.7000000000000015 
54.498588002666324, 75.27960946692933, 0.0, 6.074970932837017, 2.7000000000000015 
44.40887864714626, 1.5794964013543502, 0.0, 0.0, 1.0 
16.861151539971317, 62.675002404172794, 0.0, 2.008630868201621, 2.7000000000000015 
4.328473279603833, 73.57402139904472, 0.0, 2.445001678500575, 2.7000000000000015 
34.88773096744241, 77.25913174981288, 0.0, 1.673740680919067, 2.7000000000000015 
43.555620413509416, 46.850241913007196, 0.0, 2.4133509804626545, 2.7000000000000015 
77.90536763123534, 36.12543670202196, 0.0, 1.5109024014203212, 2.7000000000000015 
8.52169145513574, 25.12624216020153, 0.0, 2.458433805438909, 2.6000000000000014 
54.78743244755692, 9.979274815230289, 0.0, 2.982217523807151, 2.7000000000000015 
52.11413995055397, 8.321354271262017, 0.0, 8.961150645674527, 2.7000000000000015 
40.78535177222272, 78.07414907727667, 0.0, 2.0223455810599704, 2.7000000000000015 
16.73622931745048, 1.4124945283700052, 0.0, 1.6418983039274941, 2.6000000000000014 
63.78962138102501, 58.608884244217954, 0.0, 2.2211604130672864, 2.7000000000000015 
11.103240321655205, 52.96449922547941, 0.0, 6.118149080526701, 2.7000000000000015 
28.509510070677727, 53.14240088994966, 0.0, 1.686126158969582, 2.7000000000000015 
29.750827224530898, 61.05914225300089, 0.0, 2.0947549402942047, 2.7000000000000015 
33.130598236461466, 23.64493494896114, 0.0, 1.1146449486215229, 2.7000000000000015 
38.25639374005608, 9.937396938621323, 0.0, 2.3589703003018454, 2.7000000000000015 
6.8557401241486975, 19.96889882429026, 0.0, 1.7150390366353094, 2.7000000000000015 
12.407909280596183, 51.45690491629594, 0.0, 0.9036605130797687, 2.7000000000000015 
25.00441501484893, 77.3000231017565, 0.0, 2.3429378145008086, 2.7000000000000015 
4.650821767783661, 15.382366865132225, 0.0, 1.9836913061709727, 2.7000000000000015 
54.05930086513171, 39.669129468748615, 0.0, 1.2860385152458689, 2.7000000000000015 
20.98044946335091, 10.946293722851642, 0.0, 2.2192172015075475, 2.7000000000000015 
8.17917068367126, 13.750861400931687, 0.0, 1.5758224981499949, 2.7000000000000015 
3.2554245732951714, 52.53006384737313, 0.0, 1.2592436313835096, 2.7000000000000015 
29.947832449502965, 32.560763193058115, 0.0, 7.171851173932463, 2.7000000000000015 
42.839713261416605, 51.63538191423425, 0.0, 2.492065893806723, 2.7000000000000015 
28.679041676079464, 35.79696967131307, 0.0, 1.1638736437420665, 2.7000000000000015 
75.72050065930097, 23.34044526213331, 0.0, 7.919920775006729, 2.7000000000000015 
48.11236541719563, 24.885132146277616, 0.0, 7.393142230982344, 2.7000000000000015 
46.7020161180731, 71.94704178232259, 0.0, 2.5186276350634875, 2.7000000000000015 
12.203701587509451, 54.124390730765896, 0.0, -0.7746607643032792, 2.6000000000000014 
30.91988855335513, 67.2640084528477, 0.0, 2.233834803773933, 2.7000000000000015 
47.046768253836206, 8.401880934549267, 0.0, 2.5996314723326943, 2.6000000000000014 
43.24838734919293, 67.16323317688233, 0.0, 2.3598134146986416, 2.7000000000000015 
59.03018164482472, 11.633991419648208, 0.0, 3.3370678193782486, 2.7000000000000015 
21.37735201436365, 73.65754560416526, 0.0, 2.0346229381612764, 2.7000000000000015 
10.556562735445024, 17.331510280409447, 0.0, 1.8099750087686561, 2.7000000000000015 
29.61888269993663, 51.20929514267778, 0.0, 1.723298176837999, 2.7000000000000015 
32.90600931582626, 42.607636546044084, 0.0, 1.6833676537635325, 2.7000000000000015 
47.31640703295927, 3.7131071831742064, 0.0, 0.0, 1.0 
36.71010723027509, 79.10963196289008, 0.0, 1.746127231027177, 2.7000000000000015 
40.91083729549437, 68.21383038943608, 0.0, 2.3685842787030658, 2.7000000000000015 
36.23254213914858, 18.789583510879044, 0.0, 1.87450285430566, 2.7000000000000015 
69.78075239336901, 69.18233500191937, 0.0, 2.1385904526590074, 2.7000000000000015 
43.789710178558465, 30.29129338970074, 0.0, 1.81824757367582, 2.7000000000000015 
27.683004231203103, 30.802464318744644, 0.0, 0.8644610923029145, 2.7000000000000015 
45.31940467049463, 22.70060092635704, 0.0, 1.0968944347002179, 2.100000000000001 
18.717222253075658, 71.77704580118501, 0.0, 1.642765218836159, 2.7000000000000015 
12.958963306549473, 23.941766146329208, 0.0, 2.70406671623012, 2.7000000000000015 
26.114564707948034, 8.055735664908026, 0.0, 2.3957483470036642, 2.7000000000000015 
41.64402192776143, 29.426449905743837, 0.0, 1.5313620874200355, 2.7000000000000015 
31.4722429320728, 25.87659909412964, 0.0, 1.0112288455829992, 2.7000000000000015 
58.56670849251044, 46.81480987719422, 0.0, 2.5291604802158387, 2.7000000000000015 
24.361346018549753, 27.493086553026593, 0.0, 1.754559713808362, 2.7000000000000015 
47.450638700097045, 74.20124027400094, 0.0, 3.024008353420707, 2.7000000000000015 
53.82962375190901, 41.74747217811304, 0.0, 0.9549076945624542, 2.7000000000000015 
11.189472673376404, 77.04151116671704, 0.0, 5.107292013541809, 2.7000000000000015 
21.740579009525035, 3.1947485950269434, 0.0, 8.519515615249118, 2.7000000000000015 
35.86768110415152, 53.828806100293534, 0.0, 2.556053547205025, 2.7000000000000015 
26.999122076996027, 65.17511789373968, 0.0, 1.9622574366777412, 2.7000000000000015 
11.127965620476912, 8.818301283347239, 0.0, 1.4124724548064915, 2.7000000000000015 
36.204979716044384, 12.549308428012878, 0.0, 2.201378052471279, 2.6000000000000014 
29.029288995397504, 0.17672054538865362, 0.0, 2.4155112918948864, 2.7000000000000015 
37.2480032564865, 49.54411502392078, 0.0, 2.276673512928088, 2.6000000000000014 
20.14738795877564, 62.27335603983522, 0.0, 4.924410688004373, 2.6000000000000014 
10.622400082388257, 22.866956089169832, 0.0, 2.4822052496661136, 2.7000000000000015 
52.655692221356304, 1.3691301197166428, 0.0, 2.698610057611337, 2.7000000000000015 
30.847894275687302, 64.23244815199305, 0.0, 2.147804460574896, 2.7000000000000015 
27.556423326433652, 66.02578855090898, 0.0, 2.0865597337377193, 2.7000000000000015 
38.298307975050314, 55.062121962584946, 0.0, 2.6584580506804327, 2.6000000000000014 
25.64431945338433, 11.378051542775424, 0.0, 8.335478138782106, 1.9000000000000008 
16.073969671094883, 60.83754059094349, 0.0, 2.3960562462524466, 2.7000000000000015 
26.05758147142601, 71.62942996913682, 0.0, 2.3066989870498666, 2.7000000000000015 
28.892578146496895, 42.11913838867361, 0.0, 2.028108347861254, 2.7000000000000015 
1.7015981027955205, 71.30471756284251, 0.0, 2.7392232622696167, 2.7000000000000015 
25.129878964148606, 7.199899123753668, 0.0, 2.5420293869004693, 2.7000000000000015 
37.53523770782608, 17.032657605369394, 0.0, 1.9822752946344326, 2.7000000000000015 
38.92724890826367, 8.138777492235928, 0.0, 2.363271477811811, 2.7000000000000015 
51.662100450013966, 12.633285857744868, 0.0, 3.087692782077887, 2.7000000000000015 
31.888962537286588, 30.9751099006132, 0.0, 0.9595697645304897, 2.7000000000000015 
19.605505281005048, 4.994881075696616, 0.0, 2.2592465950564904, 2.6000000000000014 
75.60398444706625, 33.12980276801214, 0.0, 1.681596598720411, 2.7000000000000015 
32.34744794647641, 61.599114264503065, 0.0, 2.444459430681053, 2.7000000000000015 
27.658383552992213, 69.01634624876453, 0.0, 2.234879635174497, 2.7000000000000015 
49.46854696746536, 15.988673065231872, 0.0, 3.1696041259286205, 2.7000000000000015 
13.191771953560199, 10.561623181902716, 0.0, 1.5173877941149154, 2.6000000000000014 
28.88765210970372, 57.58569364635485, 0.0, 1.7361437113837037, 2.7000000000000015 
44.63785356164747, 74.2449733633678, 0.0, 2.4121324018792523, 2.7000000000000015 
42.594673046997144, 26.50355903108031, 0.0, 1.904624930042482, 2.7000000000000015 
26.542664792748617, 78.66840158674252, 0.0, 2.3126738160231417, 2.7000000000000015 
40.97600707379815, 24.39107306725557, 0.0, 1.6024599384463833, 2.7000000000000015 
34.117844352948126, 41.58525939140908, 0.0, 1.407698523872845, 2.7000000000000015 
8.14157132713563, 21.10679215646654, 0.0, 2.1221410234510745, 2.7000000000000015 
27.961118323819207, 26.5376723753843, 0.0, 7.235451921035472, 2.7000000000000015 
22.62900890745584, 3.6607709470228937, 0.0, 2.339107282478287, 2.7000000000000015 
25.853756335886448, 44.713024061426076, 0.0, 7.237566112509734, 2.000000000000001 
10.136306007124384, 15.0933626555938, 0.0, 1.7248572175588248, 2.7000000000000015 
29.340676116134176, 69.95894493628023, 0.0, 2.262010496415301, 2.7000000000000015 
57.651448390593124, 10.311046026780426, 0.0, 3.117014942443853, 2.7000000000000015 
20.770567448912104, 64.52389866792116, 0.0, 1.6254665696814967, 2.7000000000000015 
23.949972320839162, 48.44748911279987, 0.0, 1.6576184256682298, 2.7000000000000015 
40.17369336501909, 76.62891736042448, 0.0, 8.116860041319287, 2.7000000000000015 
78.84407917938601, 18.28292539554655, 0.0, 2.2150419224319617, 2.7000000000000015 
33.44934712618315, 33.66807644569512, 0.0, 0.8492705474676111, 2.6000000000000014 
9.271676782030081, 35.770895899108815, 0.0, 1.794583559980843, 2.7000000000000015 
30.40260144879721, 41.94350578059678, 0.0, 1.8909849986283425, 2.7000000000000015 
58.41427816524015, 9.048499821248766, 0.0, 2.922426501815742, 2.7000000000000015 
40.476893754766735, 8.903153049709447, 0.0, 2.6047011490226737, 2.7000000000000015 
9.444007409172016, 48.33284278176934, 0.0, 1.9206494248838122, 2.7000000000000015 
41.636478603220546, 13.637632578054516, 0.0, 2.8872848437678393, 2.7000000000000015 
21.215427910149423, 15.43354055183241, 0.0, 2.397644231695333, 2.7000000000000015 
33.26783514872002, 62.20939334208015, 0.0, 2.496237776559533, 2.7000000000000015 
44.987790183914974, 68.85783651907495, 0.0, 2.1640772392150396, 2.7000000000000015 
32.08489312981061, 78.8119451214093, 0.0, 2.236928185844812, 2.7000000000000015 
2.3338402644391416, 29.67372883031541, 0.0, 1.758026692276583, 2.7000000000000015 
45.05291700472933, 38.788056606032896, 0.0, 1.9017846369160327, 2.7000000000000015 
52.933110925860554, 76.65396608038638, 0.0, 3.773557484257535, 2.7000000000000015 
10.154186387139102, 19.7072375087635, 0.0, 2.1743355328239415, 2.7000000000000015 
17.78623705891458, 78.8866250540823, 0.0, 7.836476619826787, 2.7000000000000015 
52.44596665199189, 21.885878677280246, 0.0, 3.310290220182432, 2.7000000000000015 
33.37917581260985, 48.59966212447115, 0.0, 2.0318069101694474, 2.7000000000000015 
32.538171943536376, 56.34817167760428, 0.0, 2.242901704166194, 2.7000000000000015 
47.20733886230169, 5.468139907320002, 0.0, 0.0, 1.0 
43.5489229743279, 68.95771720116237, 0.0, 1.9750947707259379, 2.7000000000000015 
39.93756598908912, 23.813404378832615, 0.0, 7.873876764219236, 2.7000000000000015 
25.55333462303288, 74.33993606895739, 0.0, 2.3372413537281154, 2.7000000000000015 
40.8840797038676, 48.89413812625969, 0.0, 2.5194059084953846, 2.7000000000000015 
29.201760188549784, 22.6656130575965, 0.0, 0.9117287360502723, 2.6000000000000014 
9.800270863235998, 56.46338164958556, 0.0, 1.3988454509783912, 2.7000000000000015 
5.907174591768462, 29.556397136904984, 0.0, 2.3202605379802503, 2.7000000000000015 
14.678212302638702, 49.702931326652916, 0.0, -1.6303791962804408, 2.7000000000000015 
28.00039734068392, 2.573246807187165, 0.0, 2.2487060742505633, 2.7000000000000015 
37.85168370402657, 77.6782772822543, 0.0, 1.6958101260509668, 2.7000000000000015 
21.79844595179287, 5.754325947575163, 0.0, 2.260947233728132, 2.7000000000000015 
31.148422246001243, 56.82720763955786, 0.0, 8.391397620802268, 2.7000000000000015 
44.202548331136555, 37.980992080654104, 0.0, 1.9180727221691014, 2.7000000000000015 
27.339337333343114, 19.896253907314033, 0.0, 1.0216391140282532, 2.7000000000000015 
62.708861880703196, 68.85008832932256, 0.0, 1.211859814364751, 2.7000000000000015 
29.060692008698474, 15.020323486785045, 0.0, 1.6123450880034775, 2.7000000000000015 
53.044351889181016, 11.427835096026504, 0.0, 2.9183091571096766, 2.7000000000000015 
8.15674724950483, 55.24958687614962, 0.0, 1.076152386676432, 2.7000000000000015 
43.49043013315048, 36.556325726733036, 0.0, 1.7210033963527103, 2.7000000000000015 
8.221977157386819, 35.19249909660994, 0.0, 1.8510336584357063, 2.7000000000000015 
49.754188135811674, 66.87498128746704, 0.0, 9.076964638197285, 2.7000000000000015 
31.067382378927608, 12.42015607336992, 0.0, 1.8088924652470133, 2.7000000000000015 
35.31739954804765, 22.28581948318313, 0.0, 1.2795114924362876, 2.7000000000000015 
59.152538910597094, 24.936516407423678, 0.0, -0.0675542573306161, 2.7000000000000015 
3.7875733465051797, 18.582055128793975, 0.0, 1.69173428169589, 2.7000000000000015 
42.721984376503094, 48.953388725668646, 0.0, 2.4773311335532826, 2.7000000000000015 
31.521494002452947, 70.9377822030006, 0.0, 2.3367781647627703, 2.7000000000000015 
53.03118986142166, 44.82288417269203, 0.0, 1.4131858284825256, 2.7000000000000015 
26.384416753343704, 48.35670010053989, 0.0, 2.28856516459788, 2.7000000000000015 
44.85927345044099, 27.597137158052337, 0.0, 1.5815563527783119, 2.300000000000001 
53.43839642873753, 26.292449256361575, 0.0, 5.9273596767341195, 2.7000000000000015 
6.264654030136815, 51.13123434341536, 0.0, -4.261405335102621, 2.7000000000000015 
3.7630501631075743, 50.277042336891824, 0.0, 1.385238937716756, 2.7000000000000015 
9.196225063271458, 32.469302630280175, 0.0, 1.3851403486482567, 2.7000000000000015 
9.746361602425281, 70.34725819399392, 0.0, 2.111695743587823, 2.7000000000000015 
75.87212505412066, 76.31435489356319, 0.0, 6.055069222634669, 2.7000000000000015 
52.07596902159923, 23.757233445013853, 0.0, -0.0112421679991601, 2.7000000000000015 
38.90142876327414, 77.67962803226277, 0.0, 8.031869949344436, 2.7000000000000015 
13.998188673530933, 61.997652524207076, 0.0, 1.6335591313215814, 2.7000000000000015 
35.480260005408795, 14.461513756791035, 0.0, 2.1670545981700133, 2.7000000000000015 
34.94259877113152, 45.74864428108417, 0.0, 2.025542925701106, 2.7000000000000015 
35.834945705631384, 27.72314673105969, 0.0, 0.9431960178031142, 2.7000000000000015 
39.35776309978599, 55.91683924993541, 0.0, 2.597258943090743, 2.7000000000000015 
56.81217796255416, 23.593369601667497, 0.0, 0.3839507746375741, 2.7000000000000015 
10.40818257123045, 51.35032864609526, 0.0, 0.4541217236084224, 2.7000000000000015 
25.78358667599977, 77.95787324743587, 0.0, 2.3028315727915696, 2.7000000000000015 
38.84792671012665, 70.62749532321763, 0.0, 8.1749896818073, 2.7000000000000015 
57.1653792271185, 19.80963329240974, 0.0, 3.1044185755072746, 2.7000000000000015 
26.448665190800824, 52.62344810720457, 0.0, 7.834759106944714, 2.7000000000000015 
15.533029985572385, 23.750011430902706, 0.0, 2.7594363879416566, 2.7000000000000015 
31.850959798968447, 1.2489877203662283, 0.0, 2.746159743161266, 2.7000000000000015 
73.36238890821316, 64.82749455376243, 0.0, 1.6534714233451693, 2.7000000000000015 
42.05899082584183, 43.707262382904986, 0.0, 8.517387265268091, 2.7000000000000015 
54.99634162269044, 7.73441682868353, 0.0, 9.088620568074816, 2.7000000000000015 
44.30895826165575, 49.21296635957551, 0.0, 2.341299966773984, 2.7000000000000015 
20.46189962170872, 72.85101032128175, 0.0, 1.7363445294177982, 2.7000000000000015 
38.39075697560431, 74.6570492471775, 0.0, 1.4563306182418965, 2.7000000000000015 
42.65894637851822, 75.37420775923898, 0.0, 2.2159632009791457, 2.7000000000000015 
38.1111138929042, 40.784181747507276, 0.0, 1.5091397949337735, 2.5000000000000013 
23.010432736158183, 55.20685752265416, 0.0, 2.1331008287125592, 2.7000000000000015 
57.57627072015818, 52.323895729298386, 0.0, 1.117055346652539, 2.7000000000000015 
33.12810149176308, 3.655640515561363, 0.0, 1.6906892166861422, 2.7000000000000015 
54.04050961618424, 6.164510796803994, 0.0, 2.373873829392054, 2.4000000000000012 
34.57884474132723, 62.770293161783314, 0.0, 2.66764069226287, 2.7000000000000015 
32.93861471132164, 21.568129148841162, 0.0, 1.1438940280303602, 2.6000000000000014 
40.6781642541599, 21.396756465910084, 0.0, 1.5444784990993345, 2.7000000000000015 
34.12710653678889, 75.27586900467963, 0.0, 2.4147365272862995, 2.7000000000000015 
18.72359898864018, 76.97144006090795, 0.0, 1.654870814822248, 2.7000000000000015 
41.31334428230145, 5.868029426696703, 0.0, 2.371486377445064, 2.4000000000000012 
31.97376334929008, 49.73178637044498, 0.0, 1.8839081667407263, 2.7000000000000015 
15.09639964744043, 14.94968259760954, 0.0, 1.9668378525422279, 2.7000000000000015 
35.56084992034912, 63.70320889936644, 0.0, 8.686945313499722, 2.7000000000000015 
54.08032746247897, 20.682067745674615, 0.0, 2.922261585050424, 2.7000000000000015 
49.11965371292791, 9.216978815098127, 0.0, 2.7088058491694573, 2.7000000000000015 
59.24718743292032, 52.66539883111504, 0.0, 1.1435062053071703, 2.7000000000000015 
76.86787785871203, 31.244196961335575, 0.0, 1.716467269364305, 2.7000000000000015 
37.18153901616507, 58.02274637615179, 0.0, 2.6013104324199916, 2.7000000000000015 
30.074563444406188, 0.8644426683351926, 0.0, 2.175513341127607, 2.7000000000000015 
38.241198273632925, 21.16891191986362, 0.0, 1.4637472468578576, 2.7000000000000015 
50.97540877488777, 3.923940441646668, 0.0, 0.0, 1.0 
49.67506889614269, 22.962396724152807, 0.0, 2.7755035613742325, 2.7000000000000015 
22.39958777609719, 58.0997530806601, 0.0, 5.595812897089962, 2.6000000000000014 
54.654534036182795, 2.3886825954388344, 0.0, 3.32468347691804, 2.7000000000000015 
10.817085092233224, 11.930384194694554, 0.0, 1.6181923058487186, 2.7000000000000015 
12.269029291077391, 8.025356866935875, 0.0, 1.5402145673621224, 2.7000000000000015 
41.924339254876074, 3.8391552810212097, 0.0, 2.2607709219146273, 2.6000000000000014 
49.68404441827095, 70.54302623298061, 0.0, 2.894860947225322, 2.7000000000000015 
52.97913884026972, 9.24402032194704, 0.0, 2.8527743553430795, 2.7000000000000015 
53.20758174265651, 78.553774996036, 0.0, 6.056678265736474, 2.4000000000000012 
24.51355313445087, 76.46761512128899, 0.0, 2.2624188568769736, 2.7000000000000015 
39.5825871810143, 18.040217166598673, 0.0, 1.9199634663712004, 2.7000000000000015 
46.75945686784142, 36.640498630837385, 0.0, 1.925960364498933, 2.7000000000000015 
44.89648049533703, 72.31064557920412, 0.0, 2.2152309462182043, 2.7000000000000015 
45.435205270108824, 4.584290052952585, 0.0, 0.0, 1.0 
43.78107236079892, 3.3820515838054215, 0.0, 0.0, 1.0 
18.00731493228816, 12.164107727689945, 0.0, 2.1275302306320434, 2.6000000000000014 
4.598260983839326, 38.31232414620009, 0.0, 0.0, 1.0 
67.29668100113228, 56.62439392366652, 0.0, 8.504862574929534, 2.7000000000000015 
41.60062984123165, 50.92438560718393, 0.0, 2.5074173766434606, 2.7000000000000015 
40.24405061530327, 27.936385633704443, 0.0, 1.0696202364503848, 2.7000000000000015 
77.64160721992222, 12.297446937566152, 0.0, 7.448729652289549, 2.7000000000000015 
47.7745639703715, 37.254847850465616, 0.0, 1.990042944867417, 2.7000000000000015 
21.90819955989288, 18.351289053557284, 0.0, 8.627130501559568, 2.7000000000000015 
64.69089923224313, 55.98620110757218, 0.0, 2.179415558137067, 2.7000000000000015 
5.2601231172302345, 36.3463907186974, 0.0, 0.0, 1.0 
52.61069534479151, 5.231242010502893, 0.0, 0.0, 1.0 
29.91654477944484, 17.715711310010466, 0.0, 1.4141857846665258, 2.6000000000000014 
77.32097897577445, 38.22984072952054, 0.0, 1.3462879885654797, 2.7000000000000015 
39.99457563973177, 53.10196213414748, 0.0, 2.588929360451229, 2.7000000000000015 
16.49268483085448, 13.73866909982702, 0.0, 1.9674976583757111, 2.7000000000000015 
1.4457239271623608, 28.05267856147238, 0.0, 1.6778229606267738, 2.7000000000000015 
47.39452564142088, 76.75028093076578, 0.0, 0.0, 1.0 
44.11851803810225, 17.502910330212824, 0.0, 3.027059494103852, 2.7000000000000015 
78.88689689631013, 38.292529017995086, 0.0, 1.6338921111167903, 2.7000000000000015 
19.06865834083489, 60.66501677855613, 0.0, 2.317197774571712, 2.7000000000000015 
5.971285527050281, 39.21396182129158, 0.0, 1.6328367756622728, 2.7000000000000015 
52.59788948335247, 3.1837322189296975, 0.0, 0.0, 1.0 
38.01010273058112, 6.493303188412497, 0.0, 2.291914697505946, 2.7000000000000015 
33.21656225231306, 64.81549177068516, 0.0, 2.4256953557301344, 2.7000000000000015 
3.8379813618921625, 28.576790445525067, 0.0, 2.03663740192227, 2.7000000000000015 
47.23602842062487, 16.881339531102757, 0.0, 3.199530180070525, 2.7000000000000015 
33.10383551498865, 39.43175919739968, 0.0, 1.8266663126968539, 2.7000000000000015 
15.106294315005293, 7.036230322036542, 0.0, 1.6882722524439082, 2.7000000000000015 
40.77200661812688, 71.14834332374242, 0.0, 1.738254945827187, 2.7000000000000015 
17.874133882355004, 69.24034565331145, 0.0, 1.45865209651095, 2.7000000000000015 
8.800007586806084, 46.54165942393666, 0.0, 8.09344494918281, 2.7000000000000015 
57.19016163781784, 73.04836439675576, 0.0, 2.395902573979363, 2.7000000000000015 
10.410993959810622, 33.2954764272672, 0.0, 1.7080585295398452, 2.7000000000000015 
34.16037640372354, 54.12395335780741, 0.0, 8.607111396054913, 2.7000000000000015 
46.023062202544615, 44.589058122191894, 0.0, 2.3406931190919567, 2.7000000000000015 
38.727376307989495, 34.254135272377, 0.0, 1.087458498149849, 2.7000000000000015 
42.207677610675816, 37.03678936372207, 0.0, 1.445698030768435, 2.7000000000000015 
33.34736499703606, 46.68965618271873, 0.0, 1.997530397567349, 2.6000000000000014 
31.923571164492376, 64.63897928265986, 0.0, 2.209275529062781, 2.7000000000000015 
20.659353114142586, 1.2779496540170467, 0.0, 2.2566520420386307, 2.5000000000000013 
28.603847305258626, 12.017752547311629, 0.0, 1.3653353325995576, 2.7000000000000015 
38.67139920202373, 52.43613033868075, 0.0, 2.6465253904636006, 2.7000000000000015 
49.50704965690188, 2.659839088183034, 0.0, 2.870711520600499, 2.6000000000000014 
78.56918215873966, 0.09145011732223078, 0.0, 2.8287667950763424, 2.7000000000000015 
12.81746927489338, 70.65641926948312, 0.0, 2.403082653818968, 2.7000000000000015 
17.297577308793088, 75.66024753820633, 0.0, 7.509196599991961, 2.7000000000000015 
37.86313013632843, 45.905503286846695, 0.0, 8.15234503063932, 2.7000000000000015 
17.049357627008927, 71.0786887553535, 0.0, 1.0647017489948976, 2.000000000000001 
73.30065721332761, 75.74661205785947, 0.0, -0.16608603118454934, 2.7000000000000015 
47.94181892776172, 78.47773442683605, 0.0, 0.0, 1.0 
28.121570086233742, 62.87783119533604, 0.0, 1.5358640780212816, 2.7000000000000015 
7.534525495757031, 39.962864962785915, 0.0, 2.5540784555755462, 2.7000000000000015 
48.54457190670826, 21.190448801916222, 0.0, 0.5320252621775509, 2.7000000000000015 
24.493266414696013, 14.51222204123452, 0.0, 2.0391755642094247, 2.5000000000000013 
49.23190865635042, 39.6531295677797, 0.0, 1.5642891288460086, 2.7000000000000015 
38.76415831649597, 29.655063688196698, 0.0, 7.091519004940936, 2.7000000000000015 
49.44100716613748, 29.34216638785666, 0.0, 0.5340437154673122, 2.7000000000000015 
22.471300491484943, 68.09660734301313, 0.0, 1.6347194184546445, 2.7000000000000015 
42.78002536813606, 44.68297605319053, 0.0, 2.269359285009615, 2.7000000000000015 
27.14136605207293, 38.401947917439244, 0.0, 1.2459104374210919, 2.7000000000000015 
41.706962185322325, 25.980926567618024, 0.0, 1.7767346574828071, 2.7000000000000015 
9.898244032739878, 30.419789817799387, 0.0, 1.4546270912450634, 2.7000000000000015 
70.6159972508649, 12.651383164216128, 0.0, 1.4410352640224724, 2.7000000000000015 
76.29886097197605, 26.70884799663743, 0.0, 1.532110735192244, 2.7000000000000015 
35.97047819433609, 72.56634516908662, 0.0, 2.0362237424932412, 2.7000000000000015 
19.866811019639833, 70.64423334823796, 0.0, 1.6646126610295493, 2.7000000000000015 
3.366980349278147, 37.56420169464802, 0.0, 8.264607058155132, 2.7000000000000015 
26.64838659565108, 74.70710162854178, 0.0, 2.256882203665774, 2.7000000000000015 
5.79986036447436, 43.59837124576844, 0.0, 1.991792983604959, 2.7000000000000015 
35.444633387191246, 2.0761685600974014, 0.0, 1.8064977137621547, 2.7000000000000015 
39.18930844827819, 11.997280790970114, 0.0, 2.2574848670235004, 1.9000000000000008 
34.06562347998208, 15.782051075057245, 0.0, 1.869743242556039, 2.7000000000000015 
10.093958864454576, 21.529990059771833, 0.0, 8.406046458129996, 2.7000000000000015 
40.38299443110578, 42.240706048311786, 0.0, 1.893005108720525, 2.7000000000000015 
39.22686336870349, 39.155941628398374, 0.0, 1.6157800580172348, 2.7000000000000015 
0.7476507141235889, 37.298693432068376, 0.0, 1.3748709081139072, 2.7000000000000015 
75.89754770634224, 29.973989840792637, 0.0, 1.9575897179253983, 2.7000000000000015 
30.64712059903738, 51.83602105384443, 0.0, 1.997698289799752, 2.6000000000000014 
1.1679324850537147, 25.600169853315105, 0.0, 1.8801846522781658, 2.7000000000000015 
40.67420088638766, 12.885548645266844, 0.0, 2.422824320222412, 2.7000000000000015 
9.131733162811242, 1.3678981819023655, 0.0, 6.067295964258987, 2.7000000000000015 
78.89581467885849, 14.49831894930976, 0.0, 8.536705389096605, 2.7000000000000015 
35.361462936475, 52.08816351127281, 0.0, 8.649254939135435, 2.7000000000000015 
31.264567786845515, 35.55565363502781, 0.0, 7.633485121279314, 2.7000000000000015 
32.70466977022757, 54.36152568953982, 0.0, 2.1416151971165536, 2.7000000000000015 
5.00951070320968, 23.690723427624494, 0.0, 1.8944921954338014, 2.7000000000000015 
38.68685742588781, 31.819336122505916, 0.0, 1.2903106350019653, 2.7000000000000015 
45.2145145698818, 6.239183438673286, 0.0, 0.0, 1.0 
0.8072623013971821, 40.25046005099794, 0.0, 1.2743259667821691, 2.7000000000000015 
24.79841812035626, 68.2663335012805, 0.0, -4.457922416889742, 2.6000000000000014 
19.06455396025394, 68.42972658842325, 0.0, 1.6440187285543884, 2.7000000000000015 
30.167809871279527, 15.167567907513638, 0.0, 1.4942622476767435, 2.7000000000000015 
7.870476087918047, 41.13277160466571, 0.0, 2.6304720303648375, 2.7000000000000015 
46.7459200357682, 1.8232266590095323, 0.0, 3.516254261535198, 2.6000000000000014 
11.797997825629974, 39.5496789363152, 0.0, 1.8306977243973923, 2.7000000000000015 
21.369103433829185, 78.63314151644747, 0.0, -3.9732388358420336, 2.7000000000000015 
30.980305228712197, 46.191348387599476, 0.0, 1.6311401538808925, 2.7000000000000015 
31.791390719888447, 41.367802770516455, 0.0, 1.5072536576360849, 2.7000000000000015 
39.09720575822223, 16.514395290902467, 0.0, 2.2899495415606745, 2.7000000000000015 
60.9498125603682, 36.12517384706953, 0.0, 0.9685812178032877, 2.7000000000000015 
8.090468651811593, 24.156588046881538, 0.0, 2.3421363531811954, 2.7000000000000015 
44.954757308666125, 79.13340473676958, 0.0, 0.0, 1.0 
75.4747176655649, 38.7562715522233, 0.0, 1.2276874611698787, 2.7000000000000015 
40.51120076902991, 45.84940858717302, 0.0, 2.4474032192929305, 2.7000000000000015 
53.149736464810815, 14.795874471340605, 0.0, 9.542177576658796, 2.7000000000000015 
18.687198770481455, 10.03160187516976, 0.0, 8.428778699333005, 2.7000000000000015 
31.076764190231437, 55.17571394954493, 0.0, 2.021404571864354, 2.7000000000000015 
12.085322454415664, 3.7769166457040177, 0.0, 1.7279010737890534, 2.7000000000000015 
39.18681734184886, 48.930221654445326, 0.0, 2.5390221971078826, 2.7000000000000015 
0.6802341996257304, 23.427752297443114, 0.0, 1.6156808369130864, 2.5000000000000013 
8.012357761655071, 19.275961640345606, 0.0, 1.8637646900545484, 2.5000000000000013 
38.04612687173302, 3.4819340693488554, 0.0, 2.0013604146792807, 2.7000000000000015 
11.106941273809996, 30.401026200024987, 0.0, 1.495601963738237, 2.7000000000000015 
13.379553295809078, 18.676278741109815, 0.0, 2.386533634336721, 2.7000000000000015 
25.321020475494006, 47.51990074060213, 0.0, 1.8660067571178938, 2.7000000000000015 
25.81285466786686, 62.360792470028805, 0.0, 8.164114491160253, 2.6000000000000014 
16.76974115824158, 4.685867727637218, 0.0, -4.663429598974083, 2.7000000000000015 
2.491700461865789, 23.526522596203048, 0.0, 1.6279545762137968, 2.7000000000000015 
36.48318137066157, 2.4940583071597464, 0.0, 1.9162655685419732, 2.7000000000000015 
32.510081385189544, 52.72419106311064, 0.0, 8.342436052134941, 2.7000000000000015 
4.5011358673152415, 48.466831775077615, 0.0, 7.769912803158823, 2.7000000000000015 
77.00719501978105, 78.1338995990388, 0.0, 1.7843785329310309, 2.7000000000000015 
38.65056479527811, 25.07839844093706, 0.0, 1.0414404506435402, 2.7000000000000015 
7.085400501548314, 32.926593958444, 0.0, 1.1741954024882102, 2.5000000000000013 
3.2530845049551167, 46.927082408764555, 0.0, 1.5698948026644057, 2.7000000000000015 
55.82297971502415, 79.03774901680956, 0.0, 6.067339734765027, 2.7000000000000015 
49.365359830061095, 33.46408432725436, 0.0, 0.9594943239736304, 2.7000000000000015 
28.783038340472906, 76.911907562718, 0.0, -4.083475496664504, 2.7000000000000015 
39.16045849554164, 0.5547628350023156, 0.0, 1.9483529547560205, 2.7000000000000015 
45.86669043645603, 32.77908016738322, 0.0, 1.689302915820929, 2.7000000000000015 
29.049118273393333, 72.70698201053457, 0.0, 2.3241538593042588, 2.7000000000000015 
33.96467859146289, 69.11329441025161, 0.0, 2.334226663496116, 2.7000000000000015 
26.500879227026683, 5.023157628963755, 0.0, 2.398139249681048, 2.7000000000000015 
28.444957862380793, 40.4000209462486, 0.0, 1.8086353469000012, 2.7000000000000015 
62.93693283217995, 26.275334855859857, 0.0, 6.251582480172764, 2.7000000000000015 
10.84496593227697, 25.959503534140705, 0.0, 2.468529535703257, 2.7000000000000015 
54.85489847408236, 12.405606503268565, 0.0, 3.2792491178723857, 2.7000000000000015 
35.41602177077449, 10.486449125016758, 0.0, 2.1720885642970784, 2.6000000000000014 
53.83285527615663, 13.58658225477186, 0.0, 3.1728949853999278, 2.7000000000000015 
28.934458194470423, 33.25951095434653, 0.0, 0.7105068363099668, 2.7000000000000015 
34.42938375767994, 55.59541257586039, 0.0, 2.500248766552675, 2.7000000000000015 
0.2631871225745353, 44.264230324029576, 0.0, 1.0684510157505185, 2.7000000000000015 
7.609994542748193, 16.8860736336405, 0.0, 1.6692752309612364, 2.7000000000000015 
17.48573313845273, 6.609582548400963, 0.0, 8.376586669501139, 2.7000000000000015 
42.70016516604893, 39.54189130075217, 0.0, 8.067682448158603, 2.7000000000000015 
43.687189707258995, 33.49345952814641, 0.0, 1.6636590709027297, 2.7000000000000015 
40.45073939947787, 26.48478655683418, 0.0, 1.1051925515341074, 2.7000000000000015 
28.71898677724299, 49.786776239685885, 0.0, 1.6532844950904784, 2.7000000000000015 
46.27787243266215, 15.667072285100744, 0.0, 3.2177237405946473, 2.7000000000000015 
25.005703172724832, 52.89354002567091, 0.0, 1.98494333929586, 2.7000000000000015 
31.690729237171492, 2.7943595286684473, 0.0, 0.0, 1.0 
12.614437814670561, 13.650256454074244, 0.0, 1.7447519345625264, 2.7000000000000015 
59.55297704487421, 21.17907111256062, 0.0, 2.9481163033777658, 2.7000000000000015 
11.721552127243092, 16.87219715881143, 0.0, 1.8244809979104764, 2.7000000000000015 
77.90800361278656, 44.00147087196039, 0.0, 1.43341146946222, 2.7000000000000015 
47.19068147283251, 32.25700426727495, 0.0, 1.3253144947195492, 2.7000000000000015 
13.81353604234713, 16.13246077281898, 0.0, 1.8776824608980507, 2.7000000000000015 
3.086720392612172, 35.89897592948795, 0.0, 2.0099719632632063, 2.7000000000000015 
41.37159862581601, 15.713943467265821, 0.0, 2.9636700125101894, 2.7000000000000015 
46.18554170276448, 18.974910826959203, 0.0, 3.6658367277824095, 2.7000000000000015 
42.92672289575332, 8.618326172864265, 0.0, 0.0, 1.0 
14.773248006002875, 12.911715620924365, 0.0, 1.7557817122081842, 2.7000000000000015 
35.79227978895639, 65.20407612098062, 0.0, 8.711994703483768, 2.7000000000000015 
1.557907208137529, 21.52911461970917, 0.0, 1.5013800319918895, 2.7000000000000015 
7.554164633027732, 69.82949644924523, 0.0, 2.578273965303894, 2.7000000000000015 
6.568276605312446, 71.55380627729835, 0.0, 2.8697344903138386, 2.7000000000000015 
27.300162308306817, 11.099095248608371, 0.0, 1.3076180978685565, 2.7000000000000015 
40.32799748953135, 4.094328523883942, 0.0, 2.2899543900837602, 2.7000000000000015 
2.4243624666261976, 49.202380381608236, 0.0, 1.4632128973617102, 2.7000000000000015 
24.122883585240196, 1.2133368404992897, 0.0, 2.3559670470717133, 2.7000000000000015 
32.658514514641304, 57.6729184489674, 0.0, 2.438626875177275, 2.7000000000000015 
12.017524067924274, 35.9462059309808, 0.0, 1.9778213627426586, 2.7000000000000015 
19.611481182442983, 53.82632365358759, 0.0, 2.047366747085801, 2.7000000000000015 
36.57885565794566, 25.002952681965482, 0.0, 1.0287630471498717, 2.7000000000000015 
30.618046824930342, 58.90126342702107, 0.0, 2.2455577177915247, 2.6000000000000014 
44.09851992515451, 41.87112754076154, 0.0, 2.0583546457386874, 2.6000000000000014 
45.92804366835123, 25.947584041190346, 0.0, 1.3840489626786534, 2.7000000000000015 
11.996883397742552, 74.65559368002009, 0.0, 2.2302557289126708, 2.7000000000000015 
20.572140084552988, 77.90299956498583, 0.0, 1.9977594303977313, 2.4000000000000012 
1.0071722590025467, 31.01722045695568, 0.0, 1.5583671270616921, 2.7000000000000015 
26.632693457558062, 2.0492436022223806, 0.0, 2.529865646507859, 2.7000000000000015 
45.315781563167505, 46.823926857151974, 0.0, 2.358047102367724, 2.7000000000000015 
44.93628289996326, 7.999834535561305, 0.0, 0.0, 1.0 
49.55745689710386, 72.96257401186013, 0.0, 2.921763081885215, 2.7000000000000015 
45.761489476638936, 66.65335396198962, 0.0, 2.714147815487817, 2.7000000000000015 
6.800141063461127, 24.10299626843205, 0.0, 2.011964770612323, 2.7000000000000015 
48.21987330430452, 12.69978946454576, 0.0, 3.221949731542063, 2.7000000000000015 
58.26657598306752, 7.343328844913173, 0.0, 3.0467022632871776, 2.7000000000000015 
40.48431205818737, 10.004183031907353, 0.0, 2.626944356779081, 2.4000000000000012 
34.92233653121141, 24.153387289074708, 0.0, 0.8958584205927255, 2.7000000000000015 
26.94859061371971, 72.01092436919566, 0.0, 8.580314971958648, 2.6000000000000014 
51.09990777974128, 67.89695439050811, 0.0, 3.090040023250905, 2.7000000000000015 
21.566771824568367, 59.91673370729273, 0.0, -0.49946510876791816, 2.7000000000000015 
32.38005240965332, 71.71610670130514, 0.0, 2.311259892912279, 2.7000000000000015 
34.36334048433096, 73.07185932050601, 0.0, 2.017019646979038, 2.7000000000000015 
21.11210060964384, 20.604186961921123, 0.0, 2.3833895589583083, 2.7000000000000015 
24.261597864093925, 3.7377284831517823, 0.0, 2.536739550285043, 2.7000000000000015 
32.845712866278674, 50.739254050728235, 0.0, 2.3256133347511745, 2.7000000000000015 
38.05521996816794, 58.819526422741085, 0.0, 2.6635437779086266, 2.7000000000000015 
48.48631607051142, 58.957515325492466, 0.0, 1.7876288064698256, 2.7000000000000015 
32.23015409399183, 38.22426459343723, 0.0, 1.6548038420505888, 2.7000000000000015 
38.232807347650514, 27.708471452689043, 0.0, 0.9584003104824416, 2.7000000000000015 
45.66972387072111, 2.9287161881172183, 0.0, 0.0, 1.0 
31.68747178030129, 77.52109643485767, 0.0, 2.4722970763959196, 2.7000000000000015 
9.590216221313389, 37.856544581073, 0.0, 2.5771511709093313, 2.7000000000000015 
47.411265392605834, 70.23499866825837, 0.0, 2.781545839115811, 2.7000000000000015 
39.775475762333336, 1.7130606576245566, 0.0, 2.0835561925317023, 2.7000000000000015 
34.79415960525461, 43.971252092807475, 0.0, 2.0247746111281013, 2.7000000000000015 
19.162047068534623, 12.270766509285835, 0.0, 8.484276067768661, 2.7000000000000015 
38.53235134754761, 36.03197031874364, 0.0, 7.4317921169669425, 2.7000000000000015 
50.6630734338996, 5.883101228772765, 0.0, 0.0, 1.0 
40.99782252563275, 7.454452662989561, 0.0, 2.5094833109699626, 2.4000000000000012 
34.483769121239945, 59.231711719872116, 0.0, 2.4115965561821793, 2.7000000000000015 
18.486918879136425, 16.440211875969798, 0.0, 2.6229789088696305, 2.7000000000000015 
48.990776650834015, 8.07062734262624, 0.0, 2.481469672580426, 2.7000000000000015 
27.3983077270397, 17.62802720911554, 0.0, 1.2827240536303333, 2.7000000000000015 
5.961985819338135, 26.67411267173951, 0.0, 2.2835326010825163, 2.7000000000000015 
24.45082320089881, 63.47968069421784, 0.0, 1.852233410894524, 2.7000000000000015 
15.441435064850257, 9.93596471974144, 0.0, 1.6585906080973898, 2.7000000000000015 
36.72367938198924, 27.011767782910326, 0.0, 1.045280014141938, 2.7000000000000015 
22.823698683878202, 61.64498373927154, 0.0, 1.5310642009539461, 2.7000000000000015 
37.20501906683238, 35.94555739949017, 0.0, 1.36367949249007, 2.7000000000000015 
34.16192704162588, 21.83454077819403, 0.0, 1.1761633828329563, 2.6000000000000014 
42.58931032024029, 32.17907641891604, 0.0, 1.3538518493472218, 2.7000000000000015 
9.865764043632826, 9.594994665984728, 0.0, 1.5447085866617685, 2.7000000000000015 
36.49923096361367, 56.91633084160867, 0.0, 2.5835614461416085, 2.7000000000000015 
78.49937087706124, 24.27180241627854, 0.0, 0.0, 1.0 
4.660666437641924, 52.90948241360426, 0.0, 1.6176460275418798, 2.7000000000000015 
43.24734941840599, 73.12028807359678, 0.0, 2.1549836361162833, 2.7000000000000015 
29.451865653840564, 24.58158518527314, 0.0, 0.8547667336786928, 2.7000000000000015 
15.16968694668924, 16.47688684554368, 0.0, 2.3912226738366917, 2.7000000000000015 
49.125811066521926, 4.504016245054292, 0.0, 0.0, 1.0 
41.20833338740386, 53.77660997992943, 0.0, 2.5179768812901795, 2.7000000000000015 
1.9905707422040257, 39.39204391904962, 0.0, 1.5662313884783288, 2.7000000000000015 
30.035558792233484, 12.037554807416988, 0.0, 1.8111668335926678, 2.7000000000000015 
31.047296173030624, 5.5212132220068275, 0.0, 1.7398461129365228, 2.7000000000000015 
41.96662687718744, 22.681780984357307, 0.0, 7.765724402545386, 2.7000000000000015 
22.64009300130969, 48.98778477218676, 0.0, 1.6592848719089017, 2.7000000000000015 
27.319704411048473, 43.41787204371808, 0.0, 1.778815922471422, 2.7000000000000015 
41.83012799261671, 46.938832246974634, 0.0, 2.389848745140319, 2.6000000000000014 
45.80182172725485, 35.61678394304792, 0.0, 8.264977239419103, 2.7000000000000015 
10.870518972143158, 35.44318428402869, 0.0, 2.134028830063047, 2.7000000000000015 
29.18749488342187, 3.1548942558921467, 0.0, 2.516275427488392, 2.7000000000000015 
32.88793042160638, 14.026648975149023, 0.0, 1.7863204868164069, 2.7000000000000015 
2.0030911718882645, 45.89737560457226, 0.0, 1.3910003596536236, 2.7000000000000015 
31.888318416382344, 44.36393471504138, 0.0, 1.3101263758595294, 2.7000000000000015 
39.93735402150479, 31.986193855142027, 0.0, 1.1174055108206347, 2.7000000000000015 
36.32858398765335, 45.0092150089942, 0.0, 2.057868264564496, 2.7000000000000015 
22.79921707168926, 51.69202562406035, 0.0, 2.12613953798142, 2.7000000000000015 
28.03711382784965, 37.27646110929268, 0.0, 1.0189093235133586, 2.7000000000000015 
45.27050973110693, 52.977346455267096, 0.0, 4.224374864266119, 2.7000000000000015 
57.76702834355546, 6.067984102159385, 0.0, 2.6711067972418236, 2.7000000000000015 
25.67935719180831, 4.125872317616905, 0.0, 2.339838048443315, 2.7000000000000015 
30.20547374685412, 28.16484975882209, 0.0, 0.8929576816951614, 2.7000000000000015 
39.76893922203653, 74.5538858853531, 0.0, 1.8848933418080145, 2.7000000000000015 
77.57550935205803, 27.49248455175296, 0.0, 1.9169872734850517, 2.7000000000000015 
72.88170238902278, 9.670492063627355, 0.0, 4.728958901662854, 2.7000000000000015 
6.730013978291539, 27.465481466890832, 0.0, 2.400165605909923, 2.7000000000000015 
30.799081326581977, 75.54427311425465, 0.0, 2.3179206812536215, 2.7000000000000015 
31.639294586365015, 21.79436094751532, 0.0, 1.395137086339864, 2.7000000000000015 
42.3715807314837, 10.630189065773829, 0.0, 2.2975480297594113, 2.7000000000000015 
42.098558398167725, 19.932903162804816, 0.0, 0.0, 1.0 
7.5169788608040475, 59.48356756564163, 0.0, 5.082489733643658, 2.7000000000000015 
25.86870097359969, 67.3876823532986, 0.0, 1.6583263815997342, 2.7000000000000015 
17.37868201592038, 14.40985690850187, 0.0, 2.3272140954462004, 2.7000000000000015 
9.379375260714221, 18.299408410068683, 0.0, 1.7784901764548502, 2.7000000000000015 
61.54689560420776, 48.001270293416326, 0.0, 2.393248583965389, 2.7000000000000015 
57.31815143017261, 22.360463403415288, 0.0, 3.1148003491862997, 2.7000000000000015 
15.140778037611105, 64.53350894279113, 0.0, 1.8867913593269237, 2.7000000000000015 
42.0747169130973, 70.16314877383809, 0.0, 7.9568627704707735, 2.7000000000000015 
37.418688211884295, 72.49034143585111, 0.0, 1.7183183449148662, 2.7000000000000015 
28.095343341063657, 56.42084634274467, 0.0, 1.700704831313019, 2.7000000000000015 
51.51852998972734, 10.618762952903216, 0.0, 2.9234254809836626, 2.7000000000000015 
8.747154783483682, 10.692758466218761, 0.0, 1.594195217701533, 2.7000000000000015 
21.684435406480265, 71.17657658671476, 0.0, 1.8369803965812939, 2.7000000000000015 
37.550813092921835, 14.701479770520493, 0.0, 2.0425146960108864, 2.7000000000000015 
78.99915372205335, 46.47242255132014, 0.0, 1.4848663133670412, 2.7000000000000015 
44.82890207801754, 31.454265092258197, 0.0, 1.6651640098898264, 2.7000000000000015 
13.4791597816926, 7.81966158716762, 0.0, 1.387920080972289, 2.6000000000000014 
18.919731238796718, 64.64215924545194, 0.0, 4.798168602727036, 2.7000000000000015 
55.35672158952255, 24.334294659914455, 0.0, 6.744493338718871, 2.7000000000000015 
30.805496837885716, 49.33325708611708, 0.0, 8.057878423573062, 2.7000000000000015 
26.7239375404812, 40.27817134894404, 0.0, 1.1113544677657337, 2.7000000000000015 
47.36722063266142, 14.751186256379091, 0.0, 3.402421523146777, 2.7000000000000015 
30.19482630839157, 62.09139631301767, 0.0, 2.4868886198727544, 2.6000000000000014 
34.74027486088335, 47.9458007291871, 0.0, 2.0800029544193164, 2.7000000000000015 
34.914726191549136, 25.56748122357664, 0.0, 0.9265208572983847, 2.7000000000000015 
4.961643602675076, 34.42563926007725, 0.0, 0.0, 1.0 
22.34517946101018, 76.19315270872484, 0.0, 2.1443186638283627, 2.7000000000000015 
11.394121027345117, 14.458545112441092, 0.0, 1.6914807607821758, 2.7000000000000015 
37.8548274426657, 43.55894100728277, 0.0, 1.8597371505627553, 2.6000000000000014 
19.28977930577951, 20.475087542063605, 0.0, 2.5908089677995387, 2.7000000000000015 
17.757425357008753, 2.381571665741822, 0.0, 1.8716040137763432, 2.7000000000000015 
12.007033165451013, 32.48467585918786, 0.0, 1.999777620997532, 2.7000000000000015 
10.208309627492415, 27.696014353765225, 0.0, 2.6337594475535533, 2.7000000000000015 
20.6912976936228, 54.62542021941106, 0.0, 2.0860224642472462, 2.7000000000000015 
44.03453751812394, 16.17052224123353, 0.0, 3.3427677227661645, 2.7000000000000015 
15.955399762901274, 12.276614652326572, 0.0, 1.8510921617188563, 2.7000000000000015 
24.76225598926707, 58.34943018038744, 0.0, 1.5362105231505259, 2.7000000000000015 
30.633207550358588, 70.25856603237763, 0.0, 2.4187693334177642, 2.7000000000000015 
21.62265199608615, 66.41258910842308, 0.0, 8.043164197786055, 2.7000000000000015 
41.10199688891312, 31.7124746259257, 0.0, 1.0047569977806134, 2.7000000000000015 
28.744940715470136, 17.783222071602662, 0.0, 1.2770028850691237, 2.7000000000000015 
26.858809550405827, 68.12214852613461, 0.0, 8.451925020953476, 2.7000000000000015 
13.085712651835863, 4.8091799192855795, 0.0, 1.8698691336066977, 2.7000000000000015 
22.763208496249664, 71.0663516020151, 0.0, 1.7538158091894538, 2.7000000000000015 
44.21653687001523, 77.19281601479001, 0.0, 2.5210300979920666, 2.7000000000000015 
13.119781335543408, 57.82294752713301, 0.0, 1.1980078452526843, 2.7000000000000015 
39.39816169249023, 72.51618706213156, 0.0, 8.100461480189926, 2.7000000000000015 
34.92581272940793, 36.25251058514743, 0.0, 0.857236723970585, 2.7000000000000015 
18.611441701386365, 56.77510456426735, 0.0, 2.1162270219941837, 2.7000000000000015 
32.44351361400776, 34.476547474724576, 0.0, 0.7405872443024746, 2.6000000000000014 
27.896362043048367, 5.311806298912789, 0.0, 2.4617739577767237, 2.7000000000000015 
35.14377585436555, 60.058270859442054, 0.0, 8.844142498826237, 2.7000000000000015 
44.348026381307236, 9.714483852667758, 0.0, 2.547381862765362, 2.7000000000000015 
26.090840400879912, 42.261559229576626, 0.0, 7.7300913510090625, 2.7000000000000015 
77.84375203290881, 17.39699364947176, 0.0, 8.246858230014244, 2.7000000000000015 
31.508107076893218, 9.375000914247487, 0.0, 1.9569106053836627, 2.7000000000000015 
16.385330574512885, 55.557335967999215, 0.0, 8.38611180578669, 2.7000000000000015 
3.4453333328888047, 33.575722462461265, 0.0, 2.365116617284904, 2.7000000000000015 
15.97838791521742, 17.114961780934674, 0.0, 8.88172229424278, 2.7000000000000015 
38.6842595250538, 4.48191559481645, 0.0, 2.1916847930011514, 2.7000000000000015 
38.201862979178806, 38.0869843252142, 0.0, 1.4181795253018366, 2.6000000000000014 
32.4583786514478, 10.027631687279463, 0.0, 1.8871889517596634, 2.7000000000000015 
15.678709237914363, 78.8218528651741, 0.0, 1.4406596227851387, 2.7000000000000015 
36.50678551793522, 46.56056611180624, 0.0, 8.330317637257755, 2.7000000000000015 
41.525225024564484, 39.54284426069962, 0.0, 7.95002018498851, 2.6000000000000014 
19.049917336699355, 58.5077309195013, 0.0, 1.963575832172471, 2.7000000000000015 
26.405929936398987, 50.01751508738949, 0.0, 2.347960771391305, 2.7000000000000015 
9.264155575697336, 74.38535483658454, 0.0, 5.450596387824047, 2.7000000000000015 
15.959187012675054, 18.241702827893782, 0.0, 2.7906907691852187, 2.7000000000000015 
30.558539116694906, 8.816625076935424, 0.0, 1.8980423684001348, 2.7000000000000015 
42.87869454580284, 79.22041408390399, 0.0, 2.471282510378626, 2.6000000000000014 
37.805046895766544, 1.2998384124837914, 0.0, 1.8234319608467262, 2.6000000000000014 
25.002406568100017, 70.19526876049655, 0.0, 1.9382822325077924, 2.7000000000000015 
18.79480555993588, 8.253360415367638, 0.0, 8.465272212270857, 2.7000000000000015 
14.40790297804171, 75.83157368696163, 0.0, -0.23053186861881475, 2.7000000000000015 
55.95566212803178, 5.916619875625593, 0.0, 2.4461371628715036, 2.7000000000000015 
37.512070373124885, 61.347183338492464, 0.0, 2.505858801161413, 2.7000000000000015 
16.587540959901144, 9.48168280942677, 0.0, 1.8598719065888505, 2.7000000000000015 
4.613841082558214, 29.631828698696534, 0.0, 1.9547966674279325, 2.7000000000000015 
13.748082059150624, 13.231202849404323, 0.0, 1.6776744180082213, 2.7000000000000015 
36.92511912957781, 38.22020151131772, 0.0, 1.177963367083963, 2.7000000000000015 
56.15143759891679, 11.475941358242132, 0.0, 9.79531026785963, 2.7000000000000015 
76.74864020880064, 34.616981695931955, 0.0, 1.5166085706245793, 2.7000000000000015 
62.42841142623543, 58.2672103689233, 0.0, 2.1865726393076708, 2.7000000000000015 
32.384640424177, 75.36448182496932, 0.0, 2.1934964763210285, 2.7000000000000015 
50.418281629462996, 32.786242781411104, 0.0, 1.073336006445686, 2.7000000000000015 
28.468125232530166, 47.40469055862507, 0.0, 2.1465368916081102, 2.7000000000000015 
31.15664732937446, 15.310827982039044, 0.0, 1.705438170924087, 2.7000000000000015 
24.20672366881271, 55.799928402408376, 0.0, 2.1413402561678185, 2.7000000000000015 
43.287311544440264, 6.8683755769770185, 0.0, 0.0, 1.0 
34.61166625518636, 31.264395435630075, 0.0, 0.8175786701896852, 2.7000000000000015 
29.600990738568957, 63.49764305141676, 0.0, 8.838779732614602, 2.7000000000000015 
14.865647890331383, 58.71744319237044, 0.0, 2.2299727022661475, 2.7000000000000015 
52.82399574634954, 16.188895962203187, 0.0, 3.1504736640361584, 2.7000000000000015 
1.3194234777199683, 18.61925292421536, 0.0, 2.0210843877830094, 2.7000000000000015 
40.20864372349644, 44.494377983198696, 0.0, 2.0621827502678354, 2.7000000000000015 
4.6749292997958625, 20.898180568478914, 0.0, 1.5531643195179061, 2.7000000000000015 
78.85446755154541, 21.981046933917124, 0.0, 2.2426374281829706, 2.5000000000000013 
33.27806461965262, 11.051902329446703, 0.0, 1.7289273519525548, 2.7000000000000015 
11.83025103561261, 68.40410694569664, 0.0, 2.1605218201551257, 2.7000000000000015 
42.950327939295754, 71.63095450347885, 0.0, 2.1371750807169985, 2.7000000000000015 
23.383771727045485, 5.486609814523834, 0.0, 8.696881290609571, 2.7000000000000015 
35.299159558462186, 30.400839956607804, 0.0, 0.907134081226551, 2.7000000000000015 
37.94656464251212, 11.451115434685299, 0.0, 2.360061391636862, 2.7000000000000015 
27.96294068104202, 24.53615834849859, 0.0, 0.9609438221042396, 2.7000000000000015 
19.32776087400986, 73.95678954307917, 0.0, 7.966820791689858, 2.7000000000000015 
24.05456053780998, 61.59435064867894, 0.0, 1.851889233004752, 2.7000000000000015 
12.802616262365529, 25.632744391811407, 0.0, 2.3331362683783214, 2.7000000000000015 
23.796871002476806, 71.08573217125272, 0.0, 8.051666722532199, 2.7000000000000015 
66.34134910194494, 55.715348798073805, 0.0, 2.147595653351598, 2.7000000000000015 
2.2757343713162763, 74.1825480409818, 0.0, 2.0791103532736845, 2.7000000000000015 
26.017027998538754, 55.02924707029249, 0.0, 1.2954983628459393, 2.7000000000000015 
63.08930223511188, 23.27559356789757, 0.0, -0.23912435230404613, 2.7000000000000015 
60.66220547456288, 72.58665588144504, 0.0, 5.8939923248574555, 2.7000000000000015 
41.64408146721761, 42.156522741661625, 0.0, 1.8918413826825748, 2.7000000000000015 
16.128015156964118, 7.066470146394077, 0.0, 1.6322930927812047, 2.7000000000000015 
36.683983742504005, 6.308652878846011, 0.0, 2.12277251188837, 2.7000000000000015 
16.266730723846095, 59.108745464581034, 0.0, 2.3920036164211886, 2.7000000000000015 
31.890591921168664, 16.383000611581622, 0.0, 1.7162764335515703, 2.7000000000000015 
11.964462060337953, 18.76248073962492, 0.0, 2.233889137911833, 2.7000000000000015 
12.013397369944625, 11.345236911802504, 0.0, 1.6334994674923229, 2.7000000000000015 
13.597315706246908, 55.15248224576599, 0.0, 1.6000403873341764, 2.7000000000000015 
31.1451100722681, 31.933996446482134, 0.0, 0.8809094935379145, 2.7000000000000015 
59.74753497484294, 23.609529929787136, 0.0, 0.1719075601399638, 2.7000000000000015 
17.934078781648164, 74.02546603368033, 0.0, 7.553286422710772, 2.7000000000000015 
29.95644590612539, 4.672772766365376, 0.0, 1.9667725346393912, 2.6000000000000014 
36.99456951110155, 23.80631314520902, 0.0, 1.1268938035977287, 2.7000000000000015 
18.085017750200024, 7.593261336973486, 0.0, 2.092820554318461, 2.7000000000000015 
6.3449524332779355, 17.432030469101974, 0.0, 1.6223038541612662, 2.7000000000000015 
50.66558185497521, 73.93484263985083, 0.0, 2.931092952617982, 2.7000000000000015 
21.911493322234303, 63.09909384396719, 0.0, 1.415513616243815, 2.7000000000000015 
6.85543271433153, 36.485571799012575, 0.0, 1.701347735660356, 2.7000000000000015 
22.672800078534102, 73.6729098280322, 0.0, 1.8547754575822795, 2.7000000000000015 
29.87047892267954, 66.89387511132026, 0.0, 2.183247671942648, 2.6000000000000014 
27.061493310209425, 62.726366502237894, 0.0, 1.5748283513337595, 2.7000000000000015 
36.061245826255764, 75.022817399074, 0.0, 1.8309105983974518, 2.7000000000000015 
34.3233073276376, 10.125724826829172, 0.0, 1.7451758203673082, 2.7000000000000015 
42.71054762350596, 29.4875695171466, 0.0, 1.5259496580072764, 2.7000000000000015 
17.887828674870548, 15.441384483036869, 0.0, 2.6692424076691283, 2.7000000000000015 
0.9634298335273977, 66.41476182806835, 0.0, 0.9694809791461357, 2.7000000000000015 
6.70137435951638, 45.64430236980389, 0.0, 1.6508966242143908, 2.7000000000000015 
40.940384350552556, 11.089059852960938, 0.0, 2.2436256849609664, 2.6000000000000014 
25.499296985654496, 60.36078507193403, 0.0, 1.81464391981147, 2.7000000000000015 
23.933868664758318, 73.25223491413747, 0.0, 2.0691518021913744, 2.7000000000000015 
39.791718000366274, 47.41858311472202, 0.0, 2.5003573515235953, 2.7000000000000015 
39.65608612574157, 6.1332040190774855, 0.0, 2.2982748901897345, 2.6000000000000014 
6.464014840250953, 22.539198279442605, 0.0, 2.0035490221738304, 2.7000000000000015 
2.015730226362948, 42.701349473830696, 0.0, 1.5337332887117463, 2.7000000000000015 
47.663539608563056, 56.977937109729226, 0.0, 1.7291705952193654, 2.7000000000000015 
20.072095308120637, 10.033991773690099, 0.0, 2.2732043199367524, 2.7000000000000015 
33.95703118745076, 13.229719381841347, 0.0, 1.6887092723030965, 2.7000000000000015 
47.037026571264825, 67.74641141331189, 0.0, 2.2617872957534275, 2.7000000000000015 
63.98787541542083, 54.748765261914286, 0.0, 2.1025090376868865, 2.7000000000000015 
12.726382045263893, 42.79532699587676, 0.0, 1.4945431358502108, 2.7000000000000015 
36.66169779694142, 42.94648120659219, 0.0, 2.1959855204611682, 2.4000000000000012 
78.97443751302305, 34.79715893334834, 0.0, 1.4956139272642701, 2.7000000000000015 
37.34568902238819, 8.433948973328986, 0.0, 2.2779015358364427, 2.7000000000000015 
46.66279959422781, 42.38991573823872, 0.0, 2.265107481721973, 2.7000000000000015 
64.48298388576903, 17.195283557272724, 0.0, 5.908661791972346, 2.7000000000000015 
28.430997331820215, 6.718880029812896, 0.0, 0.0, 1.0 
41.25004245201171, 34.177143663050416, 0.0, 1.3234920963374828, 2.5000000000000013 
29.926944393265128, 77.50920897362036, 0.0, 2.4702805936945214, 2.7000000000000015 
27.080708108169116, 57.774619475303126, 0.0, 1.4664783018253222, 2.7000000000000015 
30.235311321668245, 20.458075111562426, 0.0, 7.46567063768151, 2.7000000000000015 
50.916592184338505, 28.746250560629104, 0.0, 1.055219380398257, 2.7000000000000015 
45.1179037374238, 42.4782143912624, 0.0, 2.235727396803856, 2.7000000000000015 
36.86383571976953, 52.19720378755235, 0.0, 2.613071791498556, 2.7000000000000015 
21.0921585612727, 57.81588306418819, 0.0, 8.71560568998649, 2.7000000000000015 
29.78245705731789, 7.56810907663764, 0.0, 1.7582638550931875, 2.7000000000000015 
31.00841891660241, 18.62786578467192, 0.0, 1.5170807703350104, 2.7000000000000015 
32.93281522992498, 73.038777732913, 0.0, 2.2418997235446385, 2.7000000000000015 
5.494696624316529, 46.81759955410035, 0.0, 1.5447472225407397, 2.7000000000000015 
2.336687072568238, 76.12372344625062, 0.0, 2.4802343715538044, 2.7000000000000015 
17.289847353166905, 10.677929912524258, 0.0, 1.8588714489860672, 2.7000000000000015 
17.645143007624984, 63.95016979298148, 0.0, 2.150736259679195, 2.7000000000000015 
75.0781949960578, 28.41641606311194, 0.0, 8.052059438467543, 2.7000000000000015 
47.29030526281655, 18.218411652719276, 0.0, 3.564923474903289, 2.7000000000000015 
0.5997197503975211, 42.44176232132775, 0.0, 1.145905176158467, 2.7000000000000015 
35.80787591025669, 78.19423968887529, 0.0, 1.8294834351196803, 2.7000000000000015 
33.73240361151426, 78.41408873055502, 0.0, 1.6071702577283593, 2.7000000000000015 
38.558000285780885, 26.575663929520196, 0.0, 0.9804814922491899, 2.7000000000000015 
29.30138493961758, 54.37834561509532, 0.0, 1.8733279485778789, 2.7000000000000015 
7.312429288598331, 47.95182579057307, 0.0, 1.8297967375118438, 2.7000000000000015 
42.49663335399344, 34.647136895983536, 0.0, 1.328144157533053, 2.7000000000000015 
14.016188188581, 22.36942581727981, 0.0, 2.6446227886143423, 2.7000000000000015 
12.220509781053725, 0.7776272113020801, 0.0, 1.9618856682407364, 2.7000000000000015 
35.65758863447348, 29.152131527388917, 0.0, 0.9129975495469175, 2.7000000000000015 
36.559611523957244, 41.25597132106748, 0.0, 2.0360527531236117, 2.7000000000000015 
38.8941115759643, 23.66081851479345, 0.0, 7.536815040362829, 2.7000000000000015 
56.20558412873511, 21.189226667799204, 0.0, 9.19333086207237, 2.7000000000000015 
43.602337376500344, 18.827769466917616, 0.0, 3.372818931709984, 2.7000000000000015 
22.961813405215008, 64.77950803313293, 0.0, 8.080544897438942, 2.7000000000000015 
13.716338117387139, 74.36512585076022, 0.0, 2.3170137152442747, 2.7000000000000015 
22.420115043586975, 8.58206970956486, 0.0, 2.456055188958913, 2.7000000000000015 
26.891043729517467, 60.22256600150925, 0.0, 1.2837198419095492, 2.7000000000000015 
38.52294239152019, 18.892720898752795, 0.0, 1.5143651851916904, 2.7000000000000015 
23.309449227850717, 0.5110477976091562, 0.0, 2.318133907365295, 2.7000000000000015 
11.589200887689186, 20.874362524254497, 0.0, 2.2228077172434557, 2.7000000000000015 
13.197858511181243, 32.740964231463856, 0.0, 2.0253883109381023, 2.7000000000000015 
43.5636882911024, 11.262713966781458, 0.0, 2.7940842312004706, 2.7000000000000015 
3.147008730060343, 43.81715206439983, 0.0, 1.7962532078250726, 2.7000000000000015 
0.7515314813822129, 34.1144964240441, 0.0, -4.806896690743936, 2.7000000000000015 
33.006934385387936, 6.831478016724346, 0.0, 1.8109545688653461, 2.7000000000000015 
29.699663895355368, 58.24106029790511, 0.0, 1.9071241916084647, 2.7000000000000015 
58.400086646200066, 18.369381641437286, 0.0, -0.17631870010567707, 2.7000000000000015 
22.915385214452495, 36.89567141043273, 0.0, 1.6462910344570711, 2.7000000000000015 
8.221870036404495, 27.895165219958752, 0.0, 2.4357121150013197, 2.7000000000000015 
37.41811094364882, 22.250476930428313, 0.0, 1.3369137490106857, 2.7000000000000015 
22.581392190245207, 15.887390532110567, 0.0, 2.056574441360488, 2.7000000000000015 
71.56010507695669, 10.672695517697315, 0.0, 1.51034792096532, 2.7000000000000015 
10.827924756099707, 71.07296913732317, 0.0, 2.315038504618976, 2.7000000000000015 
5.587675406086666, 49.696276202988855, 0.0, 1.9652429783451086, 2.7000000000000015 
33.16230218171347, 18.997912804746843, 0.0, 1.7046911581517827, 2.7000000000000015 
21.16535318724343, 69.5848182095468, 0.0, 8.106518389132006, 2.7000000000000015 
13.491738730237872, 50.73893432343843, 0.0, 1.097741542925735, 2.7000000000000015 
41.67271469700856, 78.88785222712356, 0.0, 2.2837253489920375, 2.7000000000000015 
23.689595391373665, 59.0762319437552, 0.0, 1.6631354190885106, 2.7000000000000015 
39.878725382136196, 50.72903358439041, 0.0, 2.654403490513991, 2.7000000000000015 
4.320161722478387, 45.11809998848094, 0.0, 1.4540783196638047, 2.7000000000000015 
35.30565062169128, 41.09805322671591, 0.0, 1.6800922710056339, 2.7000000000000015 
9.395035480709998, 25.787030536277776, 0.0, 2.497208835262713, 2.7000000000000015 
42.90728233001354, 12.4351637877399, 0.0, 2.900523483664795, 2.7000000000000015 
5.754703168377699, 20.472463932072984, 0.0, 1.5899710211834708, 2.7000000000000015 
26.105862800688165, 64.36256307406283, 0.0, 1.7388066630202088, 2.4000000000000012 
35.02665419373806, 49.28942047231202, 0.0, 2.157132372424017, 2.6000000000000014 
29.018160676567767, 20.514460236782757, 0.0, 1.0762958862285141, 2.7000000000000015 
41.56179506020515, 75.05117391543713, 0.0, 1.9304132325860517, 2.7000000000000015 
29.878436215327365, 73.44275146879642, 0.0, 2.38955841217723, 2.7000000000000015 
37.23202868182248, 31.709062940260385, 0.0, 1.0053363511885338, 2.6000000000000014 
15.64809267429656, 66.44370782759273, 0.0, 1.984220534290446, 2.7000000000000015 
42.591463337699984, 1.6510240845736168, 0.0, 2.3395695053949854, 2.6000000000000014 
2.5190181727431358, 26.398311007740446, 0.0, 1.6801844509897184, 2.7000000000000015 
20.22423809124895, 7.924410473190749, 0.0, 8.277950366007818, 2.7000000000000015 
24.97339786126053, 1.8682317096345258, 0.0, 2.3876436057107413, 2.7000000000000015 
40.129571364277034, 29.415019193628222, 0.0, 0.9626880207237731, 2.7000000000000015 
21.804236158910996, 11.724991554724925, 0.0, 2.230895519810253, 2.7000000000000015 
11.713410149120529, 44.3462017338326, 0.0, 1.4581740300419663, 2.7000000000000015 
77.49106201571882, 2.0491930984765596, 0.0, 4.32458112361965, 2.7000000000000015 
36.19709478806159, 70.25938480378277, 0.0, 2.263711441847663, 2.7000000000000015 
2.618424791755867, 20.150470849268387, 0.0, 1.561409257922705, 2.7000000000000015 
22.662341515799746, 78.94651755471465, 0.0, 2.255570389569067, 2.7000000000000015 
21.059357443808924, 2.4109026673501, 0.0, 2.24011173206964, 2.7000000000000015 
60.64387833668144, 70.62027116382787, 0.0, 0.6624741276688492, 2.7000000000000015 
44.2267974523084, 14.914583996548426, 0.0, 9.37207865996648, 2.7000000000000015 
37.11288591878967, 54.327612019481265, 0.0, 2.591980932627995, 2.7000000000000015 
61.99534175086909, 70.15193319216625, 0.0, 0.9407070612178879, 2.7000000000000015 
4.117579046745185, 67.94514313517239, 0.0, 2.2943276742288874, 2.7000000000000015 
77.8465070703729, 32.79699756291212, 0.0, 1.6661428528554305, 2.7000000000000015 
28.50131465362528, 69.44821760966676, 0.0, 2.312230964160608, 2.7000000000000015 
28.142344318209418, 76.01073061268902, 0.0, 2.234806435778424, 2.7000000000000015 
35.39623325887389, 56.26859162499879, 0.0, 2.616561884072153, 2.7000000000000015 
46.81474815491322, 0.4360209799828842, 0.0, 0.0, 1.0 
45.968739994960984, 77.72499183261844, 0.0, 0.0, 1.0 
32.01148117688863, 6.295625144166262, 0.0, 1.7901171529141018, 2.7000000000000015 
35.27336229905552, 50.73456355732451, 0.0, 2.135667323873426, 2.7000000000000015 
41.060264194550754, 36.89183597486597, 0.0, 1.4648575268940545, 2.7000000000000015 
53.62314931147873, 31.228036195815957, 0.0, 1.2810024102801356, 2.7000000000000015 
3.6507800476299663, 26.737519336029667, 0.0, 1.9833562386318826, 2.7000000000000015 
49.838775847668195, 11.848968103677592, 0.0, 3.0302779163130698, 2.7000000000000015 
35.20493919989603, 5.024567919010199, 0.0, 8.132722594551204, 2.4000000000000012 
32.01057291091593, 47.21309651482022, 0.0, 1.796763063312966, 2.7000000000000015 
12.878394801581301, 16.078716285068094, 0.0, 1.7723051724827061, 2.7000000000000015 
74.43330098095822, 35.338222679446964, 0.0, 1.6606234022791253, 2.7000000000000015 
41.189560643735106, 73.3867744667746, 0.0, 1.9234898959864584, 2.7000000000000015 
33.027941661846825, 16.244704382837988, 0.0, 1.7936783335390585, 2.7000000000000015 
47.378095386347724, 13.625262435294971, 0.0, 3.283362661827352, 2.7000000000000015 
1.9643935754141741, 32.98204100579406, 0.0, 1.643075265628408, 2.7000000000000015 
29.068872252429394, 10.109319975906764, 0.0, 1.3528347933880716, 2.7000000000000015 
33.082581572427905, 28.672760121156358, 0.0, 0.9082230178023898, 2.6000000000000014 
24.444285743602748, 50.83234426774667, 0.0, 1.8234876356376455, 2.7000000000000015 
78.48156176323191, 20.49858174209982, 0.0, 2.1984409240812375, 2.7000000000000015 
24.54901000112879, 10.195098142823568, 0.0, 2.707249839245191, 2.7000000000000015 
17.334016820616608, 56.53067685253288, 0.0, 8.38294446292693, 2.7000000000000015 
1.8314004269892314, 36.13705860095665, 0.0, 1.6011878945566225, 2.7000000000000015 
30.057816260053386, 36.151875677773724, 0.0, 1.4488985171866666, 2.7000000000000015 
12.623268625411201, 29.490079934960512, 0.0, 1.9659964395563903, 2.7000000000000015 
32.115298561749434, 18.91819758533958, 0.0, 1.7156777553548035, 2.7000000000000015 
36.64482640441093, 4.389475401115852, 0.0, 1.9879301712166833, 2.6000000000000014 
7.604718241626178, 38.15699290384975, 0.0, 2.1086561373336075, 2.7000000000000015 
14.04604885403533, 42.721138363481685, 0.0, 7.881308160169725, 2.7000000000000015 
39.06852179150386, 15.093704573136913, 0.0, 2.4957301852912157, 2.7000000000000015 
36.100650371651355, 60.92235578311439, 0.0, 8.86631954022306, 2.7000000000000015 
39.94647292714792, 36.8988138871151, 0.0, 1.370913278859145, 2.7000000000000015 
7.800334870592482, 29.577317487269593, 0.0, 8.959280881666372, 2.7000000000000015 
40.366515552656566, 39.656075028462055, 0.0, 1.6576530614189904, 2.7000000000000015 
31.147064459237985, 53.00012138515352, 0.0, 8.417418902418694, 2.4000000000000012 
47.35044679999813, 72.82558297792815, 0.0, 2.569614027768804, 2.7000000000000015 
17.973724412405474, 4.351405658412716, 0.0, 1.9707501460964747, 2.7000000000000015 
47.24913370363056, 39.981958881784664, 0.0, 2.149396735889681, 2.7000000000000015 
20.261121795059083, 67.52385115614145, 0.0, 1.5110967850129515, 2.7000000000000015 
49.67790592125526, 18.104960452765106, 0.0, 3.490347435937946, 2.7000000000000015 
7.944789939585419, 32.0230072996141, 0.0, 1.2347127150748398, 2.7000000000000015 
57.919687762170085, 26.414810014488854, 0.0, 2.8698140067765623, 2.7000000000000015 
35.87009145967518, 38.818772298067074, 0.0, 0.9667135525241538, 2.7000000000000015 
27.605717387424153, 51.299931443096874, 0.0, 7.8929802605481, 2.7000000000000015 
16.28216676137821, 21.9678612716419, 0.0, 2.471887356564271, 2.7000000000000015 
14.172200806390611, 6.158117234466465, 0.0, 1.5059861082155956, 2.7000000000000015 
28.642741501617586, 29.91548981569618, 0.0, 0.78318358453552, 2.7000000000000015 
36.165367056199536, 21.212036795489727, 0.0, 1.517892855500491, 2.4000000000000012 
40.1989077320324, 18.867708383874188, 0.0, 8.34809654982659, 2.7000000000000015 
4.396284580576066, 69.5536927276893, 0.0, 2.2028437613681255, 2.7000000000000015 
52.38151726260075, 19.94848638406847, 0.0, 5.958273957931849, 2.7000000000000015 
7.848961787928874, 42.68996536994858, 0.0, 2.385820012847466, 2.7000000000000015 
14.395849215426924, 10.11272417284915, 0.0, 1.6312396600537096, 2.7000000000000015 
24.991302049293076, 65.5324027374204, 0.0, 1.7366011696258135, 2.5000000000000013 
40.79325683726819, 2.126086251513279, 0.0, 2.1998157967719236, 2.7000000000000015 
77.01594987205497, 23.56918903398582, 0.0, 1.742338327648435, 2.7000000000000015 
23.958492230434356, 6.519263434290483, 0.0, 2.4486826730263536, 2.7000000000000015 
34.00382358416595, 26.348032663485906, 0.0, 7.320593199363328, 2.7000000000000015 
61.85512490506424, 56.84949531595762, 0.0, 8.415044897958191, 2.7000000000000015 
45.75251872437473, 11.872194653309336, 0.0, 3.1406905807785295, 2.7000000000000015 
35.84395023861113, 33.69196101951491, 0.0, 0.9950943755195457, 2.7000000000000015 
35.16589451150586, 7.347628995557528, 0.0, 8.23780800393773, 2.7000000000000015 
1.1047638250451737, 47.35485205439894, 0.0, 1.3499238395668005, 2.7000000000000015 
30.62817422965494, 26.91208698743588, 0.0, 0.7369347836149258, 2.7000000000000015 
56.139254874482084, 8.61955584693393, 0.0, 2.907002847410967, 2.7000000000000015 
46.59718630464959, 10.754660001528585, 0.0, 9.15001156715491, 2.7000000000000015 
33.847266678284214, 58.12351843318696, 0.0, 2.503582417009619, 2.6000000000000014 
27.39252916094691, 0.17858087412598747, 0.0, 2.377607249493453, 2.7000000000000015 
66.15730883421898, 52.68923132631448, 0.0, 2.1801179404190734, 2.7000000000000015 
53.715924750444316, 27.565166004165558, 0.0, 2.6066161775177683, 2.7000000000000015 
8.582575778894707, 22.225429440924504, 0.0, 2.166581277271882, 2.7000000000000015 
23.496747097626766, 9.245285857975723, 0.0, 2.5223487734946763, 2.7000000000000015 
22.359289218237397, 24.688183306062452, 0.0, 1.9279521015982604, 2.7000000000000015 
39.29488676255765, 41.81096698063675, 0.0, 8.027227640506549, 2.7000000000000015 
50.423220210139796, 71.70300432274574, 0.0, 9.320196870914769, 2.7000000000000015 
19.144167641859344, 78.93750060580749, 0.0, 1.9232761768001623, 2.5000000000000013 
41.48187013796218, 18.503388270349816, 0.0, 2.309177506504632, 2.7000000000000015 
2.7361546725349264, 67.66893821950819, 0.0, 2.1303667972559266, 2.7000000000000015 
28.703416614104764, 66.7586980833711, 0.0, 2.27387550201739, 2.7000000000000015 
31.0101855118362, 38.637737458332914, 0.0, 1.5624515913215655, 2.7000000000000015 
34.476484209736455, 39.148802324172365, 0.0, 1.4744828480917311, 2.7000000000000015 
4.617200262868404, 40.3590251199304, 0.0, 0.0, 1.0 
44.91364514935918, 12.896197595884162, 0.0, 3.0721718782777376, 2.7000000000000015 
30.605061790815803, 74.27197963810819, 0.0, 2.4072338146683485, 2.7000000000000015 
27.32189346918671, 21.998518622316844, 0.0, 1.0230187964881674, 2.7000000000000015 
59.56754120477567, 77.35021276401059, 0.0, 5.739704841471296, 2.7000000000000015 
34.98932381231036, 12.722462410174522, 0.0, 1.8632873478772918, 2.200000000000001 
3.792717589802635, 71.59819123182588, 0.0, 2.750666557384487, 2.7000000000000015 
9.461071123571537, 12.901110158804427, 0.0, 1.7457440932714083, 2.7000000000000015 
0.6207494908824184, 75.32541520766644, 0.0, 1.8361094669578004, 2.7000000000000015 
78.44572174544294, 76.81549398453828, 0.0, 1.432322757478018, 2.7000000000000015 
76.88664131899107, 20.64075363591558, 0.0, 1.8589338282162309, 2.7000000000000015 
1.4524364159361223, 9.674239832291299, 0.0, 2.228076046753685, 2.7000000000000015 
46.168427741792605, 9.863214059600375, 0.0, 15.319029548048738, 2.7000000000000015 
18.21873201401169, 22.16733428059983, 0.0, 2.7811047086431673, 2.7000000000000015 
65.05891081149818, 19.155606744622556, 0.0, 8.56669577090433, 2.7000000000000015 
17.197452368674018, 24.438724692906412, 0.0, 2.2533259418806884, 2.7000000000000015 
50.62849503774612, 13.737394060829802, 0.0, 3.257326715906653, 2.7000000000000015 
15.677686767166369, 19.467389500424424, 0.0, 2.644100661905017, 2.7000000000000015 
33.502179112494844, 36.57616217806381, 0.0, 0.6582900567177905, 2.7000000000000015 
33.96774560180682, 32.42678236045002, 0.0, 0.9686551935285485, 2.7000000000000015 
20.53241256679339, 14.231353650386687, 0.0, 2.294252763001362, 2.7000000000000015 
39.034760388566916, 44.415286519912286, 0.0, 1.7002237875824946, 2.7000000000000015 
51.46275129270535, 7.298507479754332, 0.0, 2.5668311895777176, 2.7000000000000015 
34.098942722526544, 19.64455456546791, 0.0, 1.6997653494867189, 2.7000000000000015 
26.556007217077294, 13.039974265400367, 0.0, 0.0, 1.0 
5.095874525987098, 42.2174445315819, 0.0, 2.367202662623308, 2.7000000000000015 
32.36398597809038, 60.210583543025685, 0.0, 2.389388882634483, 2.7000000000000015 
45.97751487099377, 39.668386321758845, 0.0, -4.268164656088392, 2.7000000000000015 
52.08756009265722, 46.209343890753104, 0.0, 1.2925742808708223, 2.7000000000000015 
13.272456015750832, 68.70775198816287, 0.0, 2.3377733524062108, 2.7000000000000015 
30.74491807680156, 23.16677353917516, 0.0, 1.150845112636847, 2.7000000000000015 
33.173118902224374, 68.21816866968744, 0.0, 2.1958256762073014, 2.7000000000000015 
19.983970567132566, 76.05476277168685, 0.0, 1.754220821395771, 2.5000000000000013 
33.39618322616436, 44.47485708679471, 0.0, 1.9168025720208988, 2.7000000000000015 
78.1810913539409, 29.444112012620394, 0.0, 8.01510503442133, 2.7000000000000015 
3.0330189949076254, 40.67460429627146, 0.0, 1.6282525464023354, 2.6000000000000014 
36.64857651093398, 48.39635867184649, 0.0, 2.018689014050037, 2.7000000000000015 
43.56834502506862, 23.23591421152482, 0.0, 1.3633241104840985, 1.1 
34.40587626911512, 1.2734947565377601, 0.0, 1.8169167877073855, 2.7000000000000015 
3.057219904766661, 16.809080101800497, 0.0, 1.8023733950887513, 2.7000000000000015 
57.3805082749564, 75.22779179926532, 0.0, 5.8477383757647186, 2.7000000000000015 
33.383187081091, 66.0687568370905, 0.0, 2.524548852375171, 2.7000000000000015 
43.48086243704811, 5.181773963215689, 0.0, 0.0, 1.0 
25.734462516927294, 57.158061073463756, 0.0, 1.2660434165657253, 2.7000000000000015 
43.50251956333647, 21.12928626873529, 0.0, 0.0, 1.0 
15.818607583554273, 3.9576334986683017, 0.0, 1.6123620035748896, 2.7000000000000015 
40.00925118234556, 34.249798581365724, 0.0, 1.209738444780275, 2.7000000000000015 
78.3108979329671, 41.26889674467679, 0.0, 1.4566904773408746, 2.7000000000000015 
6.934182616782227, 14.342323810855737, 0.0, 7.896739901887979, 2.7000000000000015 
24.581447629750095, 73.99640584425971, 0.0, 2.3005242033100157, 2.6000000000000014 
79.15507954995903, 31.475809097594908, 0.0, 7.855263309806529, 2.7000000000000015 
29.77477081031694, 39.10019541302693, 0.0, 1.412439324070007, 2.7000000000000015 
31.601023433955394, 68.19764533215051, 0.0, 2.393933829421135, 2.7000000000000015 
22.771522469222806, 53.59015144876782, 0.0, 2.348973875571229, 2.7000000000000015 
25.80883054390817, 70.54763688703218, 0.0, 2.1609241205170893, 2.7000000000000015 
27.335302566250054, 54.65243097793626, 0.0, 1.6576106545205551, 2.7000000000000015 
29.053206731759794, 65.15154264498096, 0.0, 8.56059330427512, 2.7000000000000015 
5.167626654796733, 17.704336309991934, 0.0, 1.6507501827558457, 2.7000000000000015 
0.35223532107105754, 63.850251287209474, 0.0, 1.0465650941579332, 2.7000000000000015 
32.339193772514164, 24.803743123846473, 0.0, 1.2476019875456472, 2.7000000000000015 
54.896886722274104, 18.816366497551428, 0.0, 0.08923158471810069, 2.7000000000000015 
29.620931564799896, 29.323159029513423, 0.0, 7.114507169404165, 2.7000000000000015 
10.242250645759846, 75.19984560884802, 0.0, 5.223309263881439, 2.7000000000000015 
38.379243090445904, 47.22162214195407, 0.0, 8.394474348272462, 2.7000000000000015 
43.64663655377286, 27.36025371178661, 0.0, 1.667737482456996, 2.7000000000000015 
7.878343314241259, 50.004674739996304, 0.0, 1.7885851432041464, 2.7000000000000015 
45.20713762795676, 70.44828977967744, 0.0, 2.3528245283548106, 2.7000000000000015 
14.909941931252902, 1.3432210391986648, 0.0, 1.390418099748733, 2.7000000000000015 
71.09639555942456, 32.954844998476595, 0.0, 3.8209792968699645, 2.7000000000000015 
49.182828872533115, 76.85085455093053, 0.0, 0.0, 1.0 
5.223938204304663, 25.635096363283935, 0.0, 1.9924170623234518, 2.7000000000000015 
23.30329477460636, 76.50519096556816, 0.0, 2.1413064814741998, 2.6000000000000014 
76.93078752621408, 40.90861437986827, 0.0, 1.3929575590670658, 2.7000000000000015 
55.45645150851517, 41.601037194087155, 0.0, 1.5685335093362969, 2.7000000000000015 
14.165317973812112, 78.0981393650693, 0.0, 2.094183126726149, 2.7000000000000015 
20.20621661658606, 5.821958642665591, 0.0, 2.288337663487836, 2.7000000000000015 
29.979025018890958, 55.48299397751371, 0.0, 1.8788262389628552, 2.5000000000000013 
29.848797680082907, 47.87625140565972, 0.0, 1.6109449121180712, 2.7000000000000015 
50.17778401613823, 14.886299119364804, 0.0, 3.435707379887866, 2.7000000000000015 
19.562443283310508, 13.5389495345535, 0.0, 2.3510322474578382, 2.7000000000000015 
41.55838268088194, 14.662929472733287, 0.0, 2.938830853151124, 2.7000000000000015 
13.362373029851769, 20.133762684852197, 0.0, 8.650551628653028, 2.7000000000000015 
