position_x,position_y,position_z,orientation,aspect_ratio
41.577590906914644, 30.39544716045169, 0.0, 8.30510845778783, 2.200000000000001 
43.23629633608153, 42.891347635774714, 0.0, 8.376863784515848, 2.7000000000000015 
61.128734285661714, 62.243144095870576, 0.0, 2.4808380520954993, 2.7000000000000015 
21.7449783942665, 14.52251235898149, 0.0, 8.52074772663246, 2.7000000000000015 
21.53664610093901, 20.63541494833792, 0.0, 2.477838927966432, 2.7000000000000015 
9.655873688388553, 7.474473679131483, 0.0, 2.4573299202315955, 2.6000000000000014 
28.580077055302382, 49.39526987301118, 0.0, 2.8369238452307046, 2.7000000000000015 
36.12907159069327, 5.008591483378173, 0.0, 2.004265070500832, 2.7000000000000015 
62.56047577675127, 46.079332761769784, 0.0, 8.338409432252131, 2.7000000000000015 
50.31227306090148, 33.54775916224143, 0.0, 2.4091855548592425, 2.7000000000000015 
51.05324209462741, 23.506805645293554, 0.0, 2.495071280477041, 2.7000000000000015 
33.34363636905415, 30.371571987149593, 0.0, 2.5803299072630392, 2.7000000000000015 
51.95141989823588, 27.509682254716658, 0.0, 2.314894249457598, 2.7000000000000015 
58.906880140323466, 44.08764120214492, 0.0, 2.3667492508271626, 2.7000000000000015 
24.247468434031045, 11.969601651087071, 0.0, 8.761470296657969, 2.7000000000000015 
16.06656884471323, 48.69735950526163, 0.0, 2.870965573451045, 2.7000000000000015 
49.471924210623804, 14.29422755163816, 0.0, 8.836512757451057, 2.7000000000000015 
78.5727708633041, 8.816152381635284, 0.0, 2.4769210253438025, 2.7000000000000015 
61.50974796580084, 13.568542433417756, 0.0, 2.64973880842063, 2.7000000000000015 
16.60697011659956, 43.81096307450493, 0.0, 2.440127938735761, 2.7000000000000015 
49.999101381616875, 17.79787585303664, 0.0, 2.5246555299616094, 2.7000000000000015 
1.138736514666797, 16.961988027718068, 0.0, 3.4168991267224182, 2.7000000000000015 
30.658685857546164, 16.099837915178803, 0.0, 2.7224098172821543, 2.7000000000000015 
49.29727947626249, 48.05501688182976, 0.0, 2.616138153870869, 2.7000000000000015 
13.852319552042179, 51.48519068599064, 0.0, 2.893071542841485, 2.7000000000000015 
39.84960551834772, 38.99108757894854, 0.0, 2.366184188919616, 2.7000000000000015 
67.33406218268, 11.209464136424888, 0.0, 2.5629528341898964, 2.300000000000001 
50.63366576938136, 30.85566838985542, 0.0, 8.861134334933325, 2.7000000000000015 
47.38237291232149, 7.209057009236186, 0.0, 2.674686268291014, 2.7000000000000015 
58.439343174895996, 64.17080858864666, 0.0, 2.6443621286744317, 2.7000000000000015 
41.44050538878954, 61.76954322815112, 0.0, 2.1304839759119782, 2.7000000000000015 
23.301221761929778, 42.26957932724153, 0.0, 2.637457461346099, 2.7000000000000015 
23.6100383768224, 49.56703076679616, 0.0, 2.8082357958759223, 2.7000000000000015 
54.275407879224126, 27.07955516908748, 0.0, 2.6556855954567764, 2.7000000000000015 
71.93537704997063, 58.20220736569467, 0.0, 2.5976815188451035, 2.7000000000000015 
66.99806101879548, 63.2039306606376, 0.0, 2.923696394850126, 2.7000000000000015 
47.91154938309996, 20.11352870271289, 0.0, 8.696852089360403, 2.7000000000000015 
14.41208843038003, 15.59735258356238, 0.0, 2.3958334546951585, 2.7000000000000015 
45.34010203633097, 20.054479344617405, 0.0, 2.243478730131945, 2.100000000000001 
26.299582353954214, 55.53284497820682, 0.0, 2.72487702803844, 2.7000000000000015 
18.49333358953092, 61.52425214954458, 0.0, 3.0970811837715795, 2.7000000000000015 
54.87512295346226, 15.958030461362991, 0.0, 2.534298757714654, 2.7000000000000015 
13.05380262063694, 60.444706934133734, 0.0, 3.1061209592645898, 2.7000000000000015 
48.01703891108553, 5.591582474809389, 0.0, 2.594553337424145, 2.7000000000000015 
72.28186422303861, 61.56704246912835, 0.0, 2.913362678302836, 2.7000000000000015 
39.780770173823115, 40.77576549206541, 0.0, 9.291027493712559, 2.7000000000000015 
39.205836347780135, 11.227919398036146, 0.0, 8.963159473662335, 2.7000000000000015 
22.646006215843258, 43.7969104038133, 0.0, 2.7612960730415526, 2.7000000000000015 
56.31529380578386, 50.50455781366974, 0.0, 2.5379982505345455, 2.7000000000000015 
33.697858212897266, 17.238762894068753, 0.0, 2.952928415131006, 2.7000000000000015 
66.73084218772213, 66.49204244395632, 0.0, 2.995373767842125, 2.7000000000000015 
11.797941025251639, 56.21551522709538, 0.0, 2.7822993937318996, 2.7000000000000015 
18.557547771937948, 10.910113741611408, 0.0, 3.0001619675420033, 2.7000000000000015 
5.885148135469532, 12.893231769257707, 0.0, 2.58864724616607, 2.7000000000000015 
28.70762714400703, 31.628919924690695, 0.0, 1.941612337975581, 2.7000000000000015 
39.18076193717102, 25.98584985344188, 0.0, 2.4937107794861166, 2.7000000000000015 
60.22626931628405, 41.57025070768684, 0.0, 2.2794109154788478, 2.7000000000000015 
28.805918153040082, 47.830296052391084, 0.0, 2.43550918599232, 2.7000000000000015 
32.33705166493454, 27.287038836400832, 0.0, 8.318695138410312, 2.7000000000000015 
69.91890291844028, 20.157978148570944, 0.0, 3.27610269593602, 2.7000000000000015 
38.32281075750597, 43.05616574634202, 0.0, 8.4157890820241, 2.7000000000000015 
38.54108592893811, 18.927974971558207, 0.0, 2.232992518665917, 2.7000000000000015 
76.53238005812484, 18.204212577672575, 0.0, 3.3703617265105184, 2.7000000000000015 
14.143146945548938, 50.27404699251253, 0.0, 2.724551066529763, 2.7000000000000015 
43.08794427721281, 31.856656918493883, 0.0, 2.373466975275877, 2.7000000000000015 
13.901151348102621, 18.79642169074679, 0.0, 2.94449497453773, 2.7000000000000015 
59.941124907255144, 10.507941988569335, 0.0, 2.5435206851180983, 2.7000000000000015 
76.72814727265947, 14.304435601164702, 0.0, 9.159604196571719, 2.7000000000000015 
47.15446010282829, 30.84840609080848, 0.0, 2.514539896478019, 2.7000000000000015 
3.3884959742107563, 22.42750083141305, 0.0, 2.7357926760107723, 2.7000000000000015 
53.84680605222193, 46.08768155469694, 0.0, 2.148699922216025, 2.7000000000000015 
50.59167943649247, 66.57096764484518, 0.0, 3.4607013934143485, 2.7000000000000015 
48.1472876819623, 24.760730429991835, 0.0, 14.490767342684808, 2.7000000000000015 
74.96784769308661, 60.33497232875377, 0.0, 2.943488016780634, 2.7000000000000015 
72.41580850806714, 16.28449868762825, 0.0, 3.062942235394415, 2.7000000000000015 
19.62596366257071, 74.66472830370884, 0.0, 2.6382628667963552, 2.7000000000000015 
47.83072874980772, 64.98918973389989, 0.0, 3.501764675021891, 2.7000000000000015 
49.22810217653828, 58.32068449173417, 0.0, 3.08904379356942, 2.7000000000000015 
16.840604467923754, 46.37325654391074, 0.0, 2.921333345449992, 2.7000000000000015 
36.66604699763623, 72.32079405301505, 0.0, 8.429113854397636, 2.7000000000000015 
60.840538938275955, 6.742010766350779, 0.0, 8.456005878183557, 2.7000000000000015 
68.365467873203, 13.19975519359059, 0.0, 2.569094807323826, 2.7000000000000015 
43.98730426557064, 2.8232687114709005, 0.0, 2.4734987010042473, 2.7000000000000015 
42.143585197668514, 7.364287908407787, 0.0, 2.23823723364286, 2.7000000000000015 
70.5166512146602, 10.960130979831499, 0.0, 2.459481167468401, 2.7000000000000015 
77.94994556935781, 17.35961738454475, 0.0, 3.3205643951902553, 2.7000000000000015 
5.225607735075752, 61.708141033833996, 0.0, 9.469861779001173, 2.7000000000000015 
18.52891388956337, 16.961311630130485, 0.0, 2.6838948065507884, 2.7000000000000015 
42.954113770443705, 28.073638631649477, 0.0, 1.8098360714929667, 2.7000000000000015 
46.371431561114385, 5.265510714196355, 0.0, 8.724952590210577, 2.7000000000000015 
72.08757750067703, 12.494251616420536, 0.0, 2.5676806220577535, 2.5000000000000013 
19.65067705221137, 20.865110977407106, 0.0, 2.168987613683906, 2.7000000000000015 
64.41613106133563, 16.728447831264262, 0.0, 8.960617990759824, 2.7000000000000015 
68.69807730753524, 67.5197813553553, 0.0, 3.238135534804192, 2.7000000000000015 
44.6171707029825, 40.31036622745352, 0.0, 2.5255177787851393, 2.7000000000000015 
39.723976193313305, 32.90811111444876, 0.0, 2.1613471079133797, 2.7000000000000015 
25.762147288425034, 9.888342317844446, 0.0, 2.7234219400793394, 2.7000000000000015 
47.51971745051055, 54.98038954473416, 0.0, 2.9482168626936605, 2.7000000000000015 
28.30891382707419, 15.98536140711829, 0.0, 2.690751948232793, 2.7000000000000015 
60.28491937320704, 39.457573522755204, 0.0, 2.059623628020811, 2.7000000000000015 
78.85461413217782, 64.88525716793477, 0.0, 3.544634352331026, 2.7000000000000015 
8.506456333088636, 48.640280622114865, 0.0, 1.6387545388960172, 2.7000000000000015 
14.638871992725344, 6.428146912844707, 0.0, 2.3526903973890194, 2.7000000000000015 
28.743482118724614, 34.875802940096534, 0.0, 2.36901888032718, 2.7000000000000015 
62.69131160313456, 15.443521255788896, 0.0, 8.7853230149225, 2.7000000000000015 
37.32945422781166, 33.08312615711871, 0.0, 2.7826324401258153, 2.5000000000000013 
71.91810221942363, 7.453547305886739, 0.0, 2.433682086160761, 2.7000000000000015 
39.38324446919491, 29.332712271173936, 0.0, 2.034183411451244, 2.7000000000000015 
8.63216589525271, 76.19201876485015, 0.0, 9.190255941601343, 2.7000000000000015 
6.2789790209078, 50.32903698106139, 0.0, 2.7880948875684552, 2.7000000000000015 
6.142012466293617, 54.65316329103882, 0.0, 2.630852804082911, 2.7000000000000015 
4.074733341038718, 17.641673632734776, 0.0, 2.9157039629529486, 2.7000000000000015 
71.2205800782409, 11.760878165721078, 0.0, 2.5530985108494706, 2.6000000000000014 
39.07871774126057, 7.1742942336877205, 0.0, 2.3748723979770636, 2.7000000000000015 
35.28978259924296, 10.924937047787715, 0.0, 2.6601425705057355, 2.7000000000000015 
19.513098693330438, 54.08651218669232, 0.0, 3.0814797172735076, 2.7000000000000015 
8.305685298689731, 69.02510240023997, 0.0, 3.009519570273591, 2.7000000000000015 
37.50389001238542, 36.30706601112912, 0.0, 2.831666399482755, 2.7000000000000015 
69.0081899265724, 40.6200450635426, 0.0, 2.5815561455320006, 2.7000000000000015 
26.46260935455172, 48.061078683528635, 0.0, 2.707380477881789, 2.7000000000000015 
60.08216243970188, 11.876355044424185, 0.0, 2.5580978105869883, 2.7000000000000015 
52.56412827968051, 69.40482925079067, 0.0, 3.437889085887273, 2.7000000000000015 
49.36812271160551, 27.23585790275938, 0.0, 2.4294413212190364, 2.7000000000000015 
64.04454208457837, 69.04360421797907, 0.0, 3.1326518646584898, 2.7000000000000015 
56.93261368961999, 23.523800559143776, 0.0, 9.427876779348741, 2.7000000000000015 
1.6839574579808796, 11.245666412878194, 0.0, 9.020538285164964, 2.7000000000000015 
46.5620628954695, 27.287854835102394, 0.0, 8.300617491661434, 2.7000000000000015 
62.34694522983601, 14.322008477147111, 0.0, 2.541621389515151, 2.7000000000000015 
52.14628940541527, 14.454074646593348, 0.0, 2.559734974447221, 2.7000000000000015 
78.7295262891614, 58.24524580377912, 0.0, 3.0142248498009963, 2.7000000000000015 
36.672119083154676, 43.83696243491869, 0.0, 1.9469574468646955, 2.7000000000000015 
28.345256457925018, 40.5367761114727, 0.0, 2.545490300225412, 2.7000000000000015 
25.29426875788799, 17.523825428349266, 0.0, 2.7136807999339956, 2.7000000000000015 
18.032555280396725, 12.210548150142683, 0.0, 3.0601667938528205, 2.7000000000000015 
0.24782954380318462, 56.486962426297225, 0.0, 2.556665023781853, 2.7000000000000015 
3.840042392688615, 63.79248430949845, 0.0, 3.1221214429322353, 2.7000000000000015 
27.068466345696528, 44.415553882870775, 0.0, 2.9623352189655185, 2.7000000000000015 
53.28713943626675, 22.66174030593133, 0.0, 2.4327198297162695, 2.7000000000000015 
23.66764377307652, 13.870061121651718, 0.0, 2.370629770877051, 2.7000000000000015 
45.636375316748435, 2.9527447145862853, 0.0, 2.3496682415377093, 2.7000000000000015 
51.577380160169774, 67.97351588041583, 0.0, 3.3654862012146336, 2.7000000000000015 
55.75092369589343, 34.794948407350745, 0.0, 1.9490814313769944, 2.7000000000000015 
74.87801989063878, 67.30282072025392, 0.0, 9.248296053691279, 2.7000000000000015 
3.750485266136256, 52.37286571024369, 0.0, 8.604264417843245, 2.7000000000000015 
32.30785713663124, 35.981270608209826, 0.0, 2.6207945014669254, 2.7000000000000015 
10.65303441357813, 58.84957025827543, 0.0, 2.9257982715061153, 2.7000000000000015 
65.41294940948357, 67.75313029794593, 0.0, 2.9789415262954675, 2.7000000000000015 
49.65879026687533, 29.975699880356157, 0.0, 2.484025144390318, 2.7000000000000015 
57.32750651655822, 36.38623044565533, 0.0, 1.9768938107951783, 2.7000000000000015 
65.77966889078559, 60.3914663658454, 0.0, 2.2812786062622465, 2.7000000000000015 
65.74721078141383, 62.216847203945555, 0.0, 2.31254798652597, 2.7000000000000015 
26.95042121447687, 15.355558949086523, 0.0, 8.680841283154946, 2.7000000000000015 
39.66789072019031, 62.69504603256453, 0.0, 2.0229126790044445, 2.7000000000000015 
0.3733974912583337, 72.39701217000638, 0.0, 3.1093249831761622, 2.7000000000000015 
11.957689604793742, 16.669952057883116, 0.0, 2.4293533668069105, 2.7000000000000015 
39.82224784411626, 43.06779569939554, 0.0, 8.547189770665868, 2.7000000000000015 
69.27902253969047, 8.99681889411216, 0.0, 2.4329356134558697, 2.7000000000000015 
78.60064598800457, 54.65363263541729, 0.0, 2.5119378912801476, 2.7000000000000015 
35.73864568580473, 58.494816332089485, 0.0, 2.7802705775253527, 2.7000000000000015 
75.10963797751798, 7.151224842092345, 0.0, 2.341313531250373, 2.7000000000000015 
23.960628451556207, 1.8763775616004983, 0.0, 2.591719379951784, 2.7000000000000015 
71.05905480077223, 55.93682334364405, 0.0, 2.4364312655505493, 2.7000000000000015 
19.649437945995746, 45.09082134879941, 0.0, 2.867436075274607, 2.7000000000000015 
14.865747185680288, 52.32737863121844, 0.0, 2.9066250818348136, 2.7000000000000015 
26.337717087259445, 3.1727285213464627, 0.0, 2.4807981099019663, 2.7000000000000015 
14.365798475547969, 8.27526517907222, 0.0, 2.469183218726556, 2.7000000000000015 
37.247076355437514, 23.050122158141722, 0.0, 2.3174853091577052, 2.7000000000000015 
50.99212310547642, 25.048791149204146, 0.0, 2.4224843820067434, 2.7000000000000015 
64.20049718700463, 20.00107780157809, 0.0, 9.464737814391292, 2.7000000000000015 
57.14187135010142, 7.734253068154142, 0.0, 2.392615573582501, 2.7000000000000015 
64.43064309140595, 17.72181003835944, 0.0, 9.06386894390254, 2.7000000000000015 
59.540022189022466, 34.29858507408788, 0.0, 2.3437381109726574, 2.7000000000000015 
36.9820072745396, 49.83483963463838, 0.0, 2.6054585713130893, 2.7000000000000015 
45.52525284283501, 24.6852007972466, 0.0, 1.6563852789013764, 2.200000000000001 
30.496174422541827, 40.008399998773754, 0.0, 2.4497076948761976, 2.7000000000000015 
16.805805828982432, 62.47787244481011, 0.0, 3.392748702396009, 2.7000000000000015 
54.109681457450776, 37.68599594023248, 0.0, 8.364225476751603, 2.7000000000000015 
47.14601859237497, 49.99106385226767, 0.0, 2.671038687646429, 2.7000000000000015 
28.814156258621416, 52.71181564226313, 0.0, 3.018799137994411, 2.7000000000000015 
24.483505094293523, 8.445447369812179, 0.0, 2.498707409111436, 2.7000000000000015 
56.00420761845547, 31.850955428997388, 0.0, 2.1195715877013863, 2.7000000000000015 
44.30824213679661, 27.169030569411888, 0.0, 1.8463931071175865, 2.7000000000000015 
49.57278771311923, 46.38056512823405, 0.0, 8.75582387228581, 2.7000000000000015 
48.24190511653675, 66.55145748867825, 0.0, 3.6182681201097853, 2.7000000000000015 
7.8459316004479565, 17.26970052190285, 0.0, 2.913443512672437, 2.7000000000000015 
60.688044003321835, 72.25739802861683, 0.0, 2.9689616218309687, 2.7000000000000015 
45.4944630383151, 21.901615653758057, 0.0, 2.1250464459945255, 2.7000000000000015 
5.45164654275618, 52.23069844718903, 0.0, 2.369046544410614, 2.7000000000000015 
2.388597250659933, 19.366804269914038, 0.0, 2.697280964117454, 2.7000000000000015 
50.12793277676637, 22.596011476179452, 0.0, 2.2830876219598673, 2.7000000000000015 
73.46260540527803, 15.11210020885373, 0.0, 2.936621451070067, 2.7000000000000015 
41.85586886245562, 52.88258300756927, 0.0, 2.8921588979779043, 2.7000000000000015 
16.374927614124076, 22.805374628285406, 0.0, 2.6684409598229575, 2.7000000000000015 
1.535916721242902, 59.86709315037108, 0.0, 3.177214825842081, 2.7000000000000015 
6.380799715081114, 48.56228265201996, 0.0, 8.600863080653493, 2.7000000000000015 
70.2524362706557, 62.85911369921664, 0.0, 2.9981552241189235, 2.7000000000000015 
45.84709992040594, 45.197753644645864, 0.0, 2.358382727947344, 2.7000000000000015 
11.835398913543788, 57.60353633404273, 0.0, 3.2708634691803615, 2.7000000000000015 
43.08641317851545, 4.950398487564164, 0.0, 2.405763110546946, 2.7000000000000015 
17.843081722134343, 23.438168534784964, 0.0, 2.5505455384180307, 2.7000000000000015 
41.94137990985088, 62.94499081694534, 0.0, 2.268133518141807, 2.7000000000000015 
73.60580728507573, 62.42949477941296, 0.0, 3.094461160485113, 2.7000000000000015 
45.91237823627016, 61.979091141740724, 0.0, 2.4605183854791424, 2.7000000000000015 
63.14218090983336, 71.10575939807656, 0.0, 3.080343977235154, 2.7000000000000015 
50.99150590349131, 12.503764202267137, 0.0, 2.6698219753218706, 2.7000000000000015 
32.631863004025284, 50.0839856988154, 0.0, 2.8218681659614546, 2.7000000000000015 
41.21456657242227, 21.35437379934522, 0.0, 8.245259600164175, 2.7000000000000015 
25.51184488543572, 42.31654087343717, 0.0, 2.6941790115272903, 2.7000000000000015 
73.87024531049475, 50.61059730149714, 0.0, -4.2205056771987, 2.7000000000000015 
56.66617327502317, 60.45184509238395, 0.0, 9.254860909540517, 2.7000000000000015 
49.90921917264773, 69.54413467525212, 0.0, 3.4416047794313904, 2.7000000000000015 
19.846107276198165, 51.75641089133437, 0.0, 9.27646019182695, 2.7000000000000015 
52.45741956180544, 10.610013407576329, 0.0, 2.465781022217212, 2.7000000000000015 
28.335956620056688, 26.06110245369669, 0.0, 2.465684197458585, 2.7000000000000015 
0.9877159081073947, 62.860932168439724, 0.0, 3.40251712020977, 2.7000000000000015 
55.99452632821473, 70.54775269841954, 0.0, 3.352119344833949, 2.7000000000000015 
2.333289991488746, 71.0597725243926, 0.0, 2.8834355609772704, 2.7000000000000015 
45.304956893488885, 27.6289781980432, 0.0, 1.9497415198839272, 2.7000000000000015 
73.90961477123166, 5.33068911579764, 0.0, 2.6986300232413813, 2.7000000000000015 
34.639187157156556, 55.11740136556659, 0.0, 3.131973670366889, 2.7000000000000015 
7.002668228256064, 56.46024839570368, 0.0, 2.9756713210316383, 2.7000000000000015 
51.99039918901673, 48.921645656201136, 0.0, 8.52707455262948, 2.7000000000000015 
27.344810018945047, 34.531583021872464, 0.0, 2.3138535738164863, 2.7000000000000015 
57.182250305127326, 6.132766070026298, 0.0, 2.457488760411969, 2.7000000000000015 
56.68997016119887, 48.770493201778095, 0.0, 8.755112066748971, 2.7000000000000015 
15.138670208868849, 59.274870068291236, 0.0, 2.887532528957572, 2.7000000000000015 
43.81033107026009, 11.578160465955088, 0.0, 2.425814966026025, 2.7000000000000015 
4.956012594114934, 15.309008501299719, 0.0, 3.1755537532248246, 2.7000000000000015 
56.83398430571794, 54.12111520736777, 0.0, 3.0944284274860774, 2.7000000000000015 
36.71601534002387, 38.4078099862449, 0.0, 2.3921812664857507, 2.7000000000000015 
5.158777548123584, 66.3438695691501, 0.0, 3.0757701350546514, 2.7000000000000015 
64.98307829521792, 18.735381865193634, 0.0, 9.146828490451336, 2.7000000000000015 
41.00820234914202, 36.927814141619294, 0.0, 2.5801836873637947, 2.7000000000000015 
21.436932282676498, 9.74587154921207, 0.0, 9.089238250894283, 2.7000000000000015 
66.93148244142868, 19.44802920697451, 0.0, 3.1258366451690436, 2.7000000000000015 
18.201646409999746, 58.3553161859591, 0.0, 3.093987201564952, 2.7000000000000015 
39.39920005405398, 34.917127635426866, 0.0, 9.272871270753658, 2.7000000000000015 
43.235151131572394, 30.13661081048918, 0.0, 2.3032532349021353, 2.7000000000000015 
61.59873187539163, 20.566655750452963, 0.0, 3.127723767183116, 2.6000000000000014 
65.78236872815779, 9.491909819816655, 0.0, 2.540551653867608, 2.7000000000000015 
40.81797896621163, 16.121010603990012, 0.0, 2.2906330653530533, 2.7000000000000015 
61.38540835075342, 45.61422614611571, 0.0, 1.9993189577610184, 2.7000000000000015 
72.15569316236504, 56.66323928327134, 0.0, 2.4915694726343185, 2.7000000000000015 
33.001179956764396, 48.62007614171475, 0.0, 2.442837748141054, 2.7000000000000015 
46.145209135475675, 58.262970434402646, 0.0, 2.8495522774557087, 2.7000000000000015 
28.899605645554075, 45.21696978396795, 0.0, 3.0782089625970115, 2.7000000000000015 
57.90123117146952, 43.23954970787253, 0.0, 8.490521874613721, 2.7000000000000015 
21.871127700938494, 49.02974818798631, 0.0, 2.839249408971839, 2.7000000000000015 
72.34767392260666, 60.31739000727896, 0.0, 2.7691575649927804, 2.7000000000000015 
41.922346959857954, 51.50266412326994, 0.0, 2.5797271728113014, 2.7000000000000015 
36.128854362048386, 28.465699737509144, 0.0, 2.509051654037609, 2.7000000000000015 
38.611920720879006, 67.61947155384972, 0.0, 2.6689241472965692, 2.7000000000000015 
49.03803669964318, 32.725653317229465, 0.0, 2.744995197267043, 2.7000000000000015 
73.08619717522811, 63.56463423743919, 0.0, 3.3072819232218125, 2.7000000000000015 
49.69051459846966, 16.616767672080037, 0.0, 8.818666242176867, 2.7000000000000015 
67.12052761758281, 6.037569150067666, 0.0, 2.347902334595513, 2.7000000000000015 
75.64627063749077, 13.574690932716623, 0.0, 2.707054591993968, 2.7000000000000015 
9.376027721824954, 23.034608407677247, 0.0, 2.635198638515724, 2.7000000000000015 
59.185625748528516, 24.63684667475027, 0.0, 3.2839785472605323, 2.7000000000000015 
49.610872030879634, 62.781142970646805, 0.0, 2.9737719952054347, 2.7000000000000015 
3.594465177933002, 16.36590377931212, 0.0, 3.116477236435593, 2.7000000000000015 
40.44327477051991, 54.417721154236624, 0.0, 9.14581527234736, 2.7000000000000015 
37.02082919516208, 26.54063183246828, 0.0, 2.4336048577992777, 2.7000000000000015 
52.640864367478535, 9.048942499804822, 0.0, 2.375102169213057, 2.7000000000000015 
41.39993161807378, 19.017156848953135, 0.0, 2.3845732723671182, 2.7000000000000015 
20.24593726206234, 35.52073246871647, 0.0, 2.2552295753739737, 2.7000000000000015 
28.02345206531015, 12.710253839689527, 0.0, 8.822849576634635, 2.7000000000000015 
2.8261559878898614, 57.76797634015651, 0.0, 9.290345769515902, 2.7000000000000015 
20.989422962336292, 18.138721752161125, 0.0, 2.547392125064268, 2.7000000000000015 
71.41174875627148, 51.89991664512411, 0.0, 2.423727460705977, 2.7000000000000015 
24.736664127952874, 47.59367234816546, 0.0, 2.7660097617918042, 2.7000000000000015 
54.50514443500846, 12.357641292891538, 0.0, 2.5784218859219896, 2.7000000000000015 
32.82559068088661, 32.4787208184535, 0.0, 2.3184032760835236, 2.7000000000000015 
0.8733140738911479, 18.41453805974909, 0.0, 3.0432531305919124, 2.7000000000000015 
47.35062801933836, 29.351784384316662, 0.0, 2.487981798376675, 2.4000000000000012 
23.90936207335762, 59.701370875464484, 0.0, 2.9326281836867563, 2.7000000000000015 
72.09603608757392, 53.16204300864917, 0.0, 2.8844794006596532, 2.7000000000000015 
40.75822621083504, 17.877745460094165, 0.0, 2.302329807422708, 2.7000000000000015 
6.749837907503924, 16.273210796567508, 0.0, 2.868589454348556, 2.7000000000000015 
42.365077850385696, 13.77745545130249, 0.0, 2.6296383608482974, 2.7000000000000015 
49.3375407562188, 9.550656373071433, 0.0, 8.407132569363023, 2.7000000000000015 
20.377499054380582, 40.34828466520288, 0.0, 2.308130736094712, 2.7000000000000015 
29.005766477374067, 42.98819531291438, 0.0, 2.927421243238186, 2.7000000000000015 
54.98362670285291, 19.40405763404788, 0.0, 8.746440654908023, 2.7000000000000015 
17.056494934641993, 13.744527221991206, 0.0, 2.685202507359737, 1.3000000000000003 
2.5821401961245423, 0.8387276036616937, 0.0, 9.075341018609969, 2.7000000000000015 
40.07364035622828, 9.531521366201119, 0.0, 2.765414308771908, 2.7000000000000015 
35.725028239570634, 53.7294988008997, 0.0, 2.8606941244746134, 2.7000000000000015 
28.130176985639526, 18.791848130541975, 0.0, 3.00223366789521, 2.7000000000000015 
70.36445584461326, 60.15104540616237, 0.0, 2.5792325621265495, 2.7000000000000015 
55.59183614075705, 22.478043098073538, 0.0, 2.8024975252861717, 2.7000000000000015 
59.71032091917269, 30.65592440227831, 0.0, 2.3544727555845455, 2.7000000000000015 
30.48182294602701, 51.401760089362384, 0.0, 9.322556559955986, 2.6000000000000014 
28.288289425662693, 3.477357873623469, 0.0, 9.070035416123702, 2.7000000000000015 
76.49034002668778, 57.74331776803909, 0.0, 2.852415239850354, 2.7000000000000015 
44.734205090967436, 61.066584451498805, 0.0, 2.7604043401260134, 2.7000000000000015 
72.52563147280638, 19.77555559948304, 0.0, 3.3697159650208266, 2.7000000000000015 
78.40287973380636, 68.72148680240203, 0.0, 2.8268070040315334, 2.7000000000000015 
14.49522489723247, 46.39097736762207, 0.0, 2.2130727065174103, 2.7000000000000015 
47.413230830067555, 11.772007755725467, 0.0, 1.9819321511292394, 2.7000000000000015 
7.006515150277332, 8.599963862630615, 0.0, 8.866819144705664, 2.7000000000000015 
75.75975175690445, 69.85764358802554, 0.0, 3.2067991171052608, 2.7000000000000015 
28.32864212779462, 54.01051878096047, 0.0, 3.4638697348799004, 2.6000000000000014 
49.5969999415403, 28.633404421412248, 0.0, 2.4420130604153973, 2.7000000000000015 
53.90830487374454, 57.94276009510937, 0.0, 3.194004744208216, 2.7000000000000015 
18.60030899854174, 1.4101682775166304, 0.0, 2.7163015938189203, 2.7000000000000015 
58.618217987671194, 26.59903729862477, 0.0, 2.5936481099616335, 2.7000000000000015 
61.738338072522176, 70.04371125908195, 0.0, 3.1113478399285484, 2.7000000000000015 
53.53750744029605, 66.55191562305261, 0.0, 9.556281323523084, 2.7000000000000015 
35.66137744227865, 49.24116539044662, 0.0, 2.596613938767358, 2.7000000000000015 
19.916485286563184, 9.152842428527888, 0.0, 2.5304084024690314, 2.7000000000000015 
4.697724230415174, 10.530687384902983, 0.0, 2.754087583996051, 2.7000000000000015 
55.05822156181232, 14.652394439887757, 0.0, 2.636018888440895, 2.7000000000000015 
54.51107729300417, 67.83472456730014, 0.0, 3.30442563990903, 2.7000000000000015 
36.67866690942939, 21.733833671432976, 0.0, 2.126247517803243, 2.7000000000000015 
51.47344534781062, 7.029341794829902, 0.0, 2.414000864840043, 2.7000000000000015 
53.21202919273297, 6.911730488262524, 0.0, 2.311225700286017, 2.7000000000000015 
50.635058113016235, 18.744367118773887, 0.0, 2.635500153070747, 2.5000000000000013 
38.73219208160425, 27.780523232737583, 0.0, 2.545506434407515, 2.7000000000000015 
68.49140333722423, 55.65407315385252, 0.0, 3.1266858854500317, 2.7000000000000015 
29.55664540102572, 14.113597490519199, 0.0, 2.53007185713781, 2.7000000000000015 
25.021797371115685, 38.83233609876419, 0.0, 2.595244838997946, 2.7000000000000015 
70.22683519833205, 14.464442873534669, 0.0, 2.6427006565021567, 2.7000000000000015 
37.38376502463282, 29.922460747578764, 0.0, 2.3791629425234335, 2.7000000000000015 
47.075931499698726, 17.72382095661022, 0.0, 2.5082469180943097, 2.7000000000000015 
57.364748212249616, 28.39842679164413, 0.0, 2.764679000020959, 2.7000000000000015 
60.055441901051964, 35.5303194060123, 0.0, 2.474058371692632, 2.7000000000000015 
22.782855354879146, 76.95760669482178, 0.0, 2.8336319681392528, 2.7000000000000015 
25.550927563779343, 45.5974491163344, 0.0, 3.0924096296278902, 2.7000000000000015 
31.364462937617485, 24.373037302993286, 0.0, 2.359213342018135, 2.7000000000000015 
9.183802141308501, 10.20104479046313, 0.0, -3.497582682294273, 2.7000000000000015 
6.447596094729874, 14.022219817342854, 0.0, 2.9356099986675646, 2.7000000000000015 
21.246769343599908, 60.730582890127664, 0.0, 3.175834953487589, 2.7000000000000015 
17.164057745963326, 51.20775611222377, 0.0, 9.372296274760771, 2.7000000000000015 
17.36121882927919, 20.88940399170927, 0.0, 8.818744904448995, 2.7000000000000015 
24.428456918390392, 19.010862801098845, 0.0, 2.8778900101406193, 2.7000000000000015 
74.73887260982515, 57.21149670235827, 0.0, 2.670201653723049, 2.7000000000000015 
23.19032202994628, 15.847189797160024, 0.0, 2.435483630121082, 2.7000000000000015 
34.972050084016594, 35.12297311688591, 0.0, -3.8446016870494324, 2.7000000000000015 
60.08475296167781, 16.59171657054931, 0.0, 8.732115308457486, 2.7000000000000015 
21.146461194798, 54.96000438691237, 0.0, 3.1436651558134225, 2.6000000000000014 
55.5957509563927, 4.552283858779909, 0.0, 2.3395528624099784, 2.7000000000000015 
22.311601131276852, 52.186512529318165, 0.0, 2.98471358164073, 2.7000000000000015 
6.503927282494821, 7.494821194504303, 0.0, 2.616918041570905, 2.7000000000000015 
50.532075511325544, 53.075571069725065, 0.0, 2.242157084938641, 2.7000000000000015 
4.017804150316894, 6.522871190434098, 0.0, 2.488275866091318, 2.7000000000000015 
2.9289105509422004, 14.233170262195054, 0.0, 9.304221654330842, 2.7000000000000015 
38.847797394815736, 16.744100729338268, 0.0, 5.445144994726924, 2.7000000000000015 
41.071784064268975, 11.64912446366817, 0.0, 2.7917494591688556, 2.7000000000000015 
37.43795316711628, 55.61817767365901, 0.0, 2.9599100456049765, 2.7000000000000015 
75.3962248219778, 12.441320209992622, 0.0, 2.5365386847225557, 2.7000000000000015 
5.650567560402597, 65.07123128566059, 0.0, 3.3242719869106345, 2.7000000000000015 
10.037780027534254, 15.870040194428123, 0.0, 9.270349296174528, 2.7000000000000015 
44.03100824423973, 24.93059399160557, 0.0, 1.9539024288796285, 2.7000000000000015 
53.9501461346908, 50.677056274491214, 0.0, 2.6281746856339385, 2.7000000000000015 
34.35395414162027, 18.73261789228011, 0.0, 2.6466436368772754, 2.7000000000000015 
19.874292328546186, 56.0648045506918, 0.0, 3.2091494632775572, 2.7000000000000015 
12.057998330896272, 49.07022871764925, 0.0, 2.4963524980917677, 2.7000000000000015 
33.77017012100116, 56.67526288815954, 0.0, 2.7504171168498024, 2.7000000000000015 
8.564554347909558, 62.07114973466134, 0.0, 3.197741311209632, 2.7000000000000015 
20.251934585191563, 43.76357533256658, 0.0, 2.7960381969910193, 2.7000000000000015 
37.162081115333955, 31.694928840123456, 0.0, 15.059451549017245, 2.7000000000000015 
65.65486021247604, 53.83433803594394, 0.0, 2.859898884091635, 2.7000000000000015 
39.22256608704302, 14.969798780163684, 0.0, 2.783403063875262, 2.7000000000000015 
28.904383689676152, 38.60601001137203, 0.0, 2.3718270431303146, 2.7000000000000015 
29.906142965953688, 58.06553305837881, 0.0, 3.149487661940823, 2.7000000000000015 
77.64172226871526, 56.26046264866606, 0.0, 2.7645673096822807, 2.7000000000000015 
58.3079500902267, 19.40528248529055, 0.0, 2.724111909353299, 2.7000000000000015 
22.065354150965696, 12.429527946063212, 0.0, 8.63399938514524, 2.7000000000000015 
27.74384674964116, 58.98522573699683, 0.0, 9.445524165516547, 2.7000000000000015 
43.50119713333941, 63.07889082874788, 0.0, 2.453840035028351, 2.7000000000000015 
62.876923293935825, 10.755716305832324, 0.0, 2.576846630011076, 2.7000000000000015 
7.468435889911717, 51.610085898954864, 0.0, 2.313936523908622, 2.7000000000000015 
5.537120961782548, 58.52191336451049, 0.0, 9.574892135968648, 2.7000000000000015 
35.33021861111381, 69.38168795671102, 0.0, 2.4334188665444207, 2.7000000000000015 
64.31442732103521, 21.232077767992106, 0.0, 9.399457694074735, 2.7000000000000015 
37.82864564474101, 54.25768040294441, 0.0, 2.8664555315400553, 2.7000000000000015 
33.842227684826995, 27.028208840211366, 0.0, 2.1341463393834847, 2.7000000000000015 
51.95754715804119, 13.296589566555632, 0.0, 2.45692852314914, 2.7000000000000015 
67.77988503357383, 61.37483114000298, 0.0, 2.3603235216533687, 2.7000000000000015 
59.585090374194664, 45.95815873085013, 0.0, 2.1924839214542913, 2.7000000000000015 
29.659366970427545, 6.798775472950034, 0.0, 2.832086486378693, 2.7000000000000015 
38.481432789367716, 50.06588490941807, 0.0, 2.455487315857085, 2.7000000000000015 
30.45538697721549, 17.4694431189586, 0.0, 2.889878534320203, 2.7000000000000015 
35.164730194469186, 67.48033421356263, 0.0, 2.018750250859951, 2.7000000000000015 
42.83219329644191, 15.173134409416615, 0.0, 8.495752053027807, 2.7000000000000015 
1.9059589029709172, 52.51466900528607, 0.0, 2.438534627540869, 2.7000000000000015 
9.551737423457261, 63.448103946242504, 0.0, 3.258616235507485, 2.7000000000000015 
50.69215536120661, 37.32103618715778, 0.0, 2.2313714663631528, 2.7000000000000015 
20.71166987607752, 59.37739935339794, 0.0, 3.3365114868813257, 2.7000000000000015 
35.28840856237266, 40.59063201687454, 0.0, 2.594592270907673, 2.7000000000000015 
49.23778596022057, 20.577584263586292, 0.0, 2.4990040770247695, 2.5000000000000013 
55.05129439068327, 48.640262511617635, 0.0, 2.4159482744651557, 2.7000000000000015 
73.22420081263766, 18.24065110336468, 0.0, 2.911183025663451, 2.7000000000000015 
28.80952935298124, 55.55823561372106, 0.0, 2.901022458279364, 2.7000000000000015 
7.363428862565206, 64.16148602453315, 0.0, 3.261264900359561, 2.7000000000000015 
20.402023966124908, 50.49508187836331, 0.0, 2.903807276985427, 2.7000000000000015 
34.8577724330828, 32.16728349323973, 0.0, 2.4571080986258766, 2.7000000000000015 
72.58288492150434, 8.561299173582022, 0.0, 2.4175950318864046, 2.7000000000000015 
31.419480172111896, 18.531767220252142, 0.0, 2.9627682057684646, 2.7000000000000015 
57.53376416322652, 12.707069456157951, 0.0, 2.53011607834869, 2.7000000000000015 
11.09792182225489, 51.748768147390955, 0.0, 2.639110276129739, 2.7000000000000015 
28.55474691889354, 50.61782957822815, 0.0, 3.023473627450274, 2.7000000000000015 
25.075013757145697, 6.405102462849457, 0.0, 2.949439178649015, 2.7000000000000015 
56.57828083753938, 65.90220581782887, 0.0, 2.9189512591939106, 2.7000000000000015 
36.04368738267481, 14.403495177867198, 0.0, 2.703298355804311, 2.7000000000000015 
1.3121406704720746, 8.554052508020986, 0.0, 2.4148765987971124, 2.7000000000000015 
74.98307739842859, 19.20003826064597, 0.0, 3.1560626827663505, 2.7000000000000015 
16.146985501510756, 16.019294349317683, 0.0, 9.123576075501502, 2.7000000000000015 
70.01424880135365, 21.4406175369116, 0.0, 3.1348531319530735, 2.7000000000000015 
21.331209856862205, 2.7035944495697217, 0.0, 2.4173326536376956, 2.7000000000000015 
11.672653573090335, 52.87094053006785, 0.0, 2.8339390651005605, 2.7000000000000015 
1.9895222724183088, 58.77907678736276, 0.0, 3.0823961004168368, 2.7000000000000015 
63.2135804708537, 16.339867123445334, 0.0, 2.5072852651660402, 2.7000000000000015 
32.71852060843404, 37.56546299229718, 0.0, 2.2374146776603983, 2.7000000000000015 
39.88851477740653, 47.686981161550456, 0.0, 8.586290331712657, 2.7000000000000015 
26.179977191713387, 40.60369972834934, 0.0, 2.573988025477132, 2.7000000000000015 
7.395499463827644, 59.60710156954638, 0.0, 2.9057297319149766, 2.7000000000000015 
24.58039086017316, 61.02470552148218, 0.0, 3.206940208474016, 2.7000000000000015 
43.18701865040946, 39.845963138295154, 0.0, 2.433859652424095, 2.7000000000000015 
26.077842745761554, 29.02380780170577, 0.0, 2.4016364615269845, 2.7000000000000015 
57.53586655794468, 4.406344341245511, 0.0, 2.4903040764280484, 2.7000000000000015 
1.3054126357869333, 10.004782662514186, 0.0, 8.962893417973772, 2.7000000000000015 
9.320112990946196, 6.279863794760332, 0.0, 2.443256808044942, 2.7000000000000015 
38.93005741112272, 52.76497158081834, 0.0, 2.983064333256713, 2.7000000000000015 
54.020262440215554, 11.235827347054304, 0.0, 2.798745309937045, 2.7000000000000015 
45.094133877192874, 66.20327409119109, 0.0, 2.896187363904125, 2.7000000000000015 
11.721918873662148, 10.226382806138993, 0.0, 15.287719909282151, 2.7000000000000015 
16.784578104973562, 8.938093445525942, 0.0, 2.4748579188522117, 2.7000000000000015 
76.84845218080119, 30.12831328532348, 0.0, 2.630278707295765, 2.7000000000000015 
22.82570650157508, 10.432519054173094, 0.0, 2.7193197096896307, 2.7000000000000015 
67.80591739729896, 7.1309172752405825, 0.0, 2.3992778748370887, 2.7000000000000015 
17.90469095415093, 18.516799175250313, 0.0, 2.9639724593737906, 2.7000000000000015 
60.2456236489201, 23.200597663668784, 0.0, 2.8765415722521657, 2.7000000000000015 
39.14409073411405, 56.83285982583143, 0.0, 2.5052376181756855, 2.7000000000000015 
48.77632865882328, 45.36034786539361, 0.0, 2.279436930018136, 2.7000000000000015 
54.901565025422215, 13.476609453654232, 0.0, 2.578889163493412, 2.7000000000000015 
33.29278437715373, 68.05207057554485, 0.0, 2.252225067542714, 2.7000000000000015 
27.21051130469657, 51.81004275131404, 0.0, 3.0363966748010927, 2.7000000000000015 
55.84934163104925, 44.7224347610704, 0.0, 8.393610024263483, 2.7000000000000015 
2.586396600831956, 12.079144087463165, 0.0, 2.805150744973745, 2.7000000000000015 
32.28885869419031, 20.825751763574313, 0.0, 2.569427540176603, 2.7000000000000015 
62.4265877699217, 64.96664643003626, 0.0, 3.2561262508333986, 2.7000000000000015 
34.60616254328229, 42.303787106772006, 0.0, 3.091648221367246, 2.7000000000000015 
52.284085972767045, 63.001702700699475, 0.0, 2.8561517870379896, 2.7000000000000015 
20.055279638852436, 77.019539662507, 0.0, 9.077713538683712, 2.7000000000000015 
41.71511692517003, 39.24010469807156, 0.0, 8.987914366777812, 2.7000000000000015 
59.57998985705038, 5.436890135578482, 0.0, 2.454004884019357, 2.7000000000000015 
10.605038108865703, 54.301163211756524, 0.0, 2.9178821031331625, 2.7000000000000015 
55.130088810274906, 69.14936579955555, 0.0, 3.330375988886312, 2.7000000000000015 
35.55373571786468, 51.530388046982004, 0.0, 2.766062991407157, 2.7000000000000015 
7.8281793184649215, 19.417893258718156, 0.0, 3.1207878252998036, 2.7000000000000015 
7.647168226620116, 60.97571304994067, 0.0, 3.1753519547151767, 2.7000000000000015 
1.2301403581959764, 54.528058224616736, 0.0, 2.421237715851207, 2.7000000000000015 
52.63191632655466, 64.34320732762906, 0.0, 3.04050527058538, 2.7000000000000015 
19.10291259287456, 57.173057816832305, 0.0, 3.2097995848467513, 2.7000000000000015 
36.15034241157832, 57.04173319935593, 0.0, 2.932945636414649, 2.7000000000000015 
62.112669650697484, 23.931217878780203, 0.0, 2.9728404279188716, 2.7000000000000015 
15.381466325700409, 4.1104040319682795, 0.0, 2.2152052832612372, 2.7000000000000015 
12.959428483257456, 49.76534220407176, 0.0, 2.558567026578512, 2.7000000000000015 
38.04776542714733, 63.57116848280476, 0.0, 1.936471784613248, 2.7000000000000015 
25.040524210654805, 33.95886609057192, 0.0, 1.9601935104978794, 2.7000000000000015 
77.73572134987164, 5.967755334429603, 0.0, 2.594835687295165, 2.7000000000000015 
76.68471446422646, 53.539911358202914, 0.0, 2.4534696309607855, 2.7000000000000015 
47.65132554525738, 32.03167053611852, 0.0, 2.7073667889679593, 2.6000000000000014 
48.30934044834317, 38.979508714755106, 0.0, 2.3195988499529383, 2.7000000000000015 
4.526072220965275, 19.928211180398275, 0.0, 3.028458790157309, 2.7000000000000015 
23.8307349357716, 54.579150493651305, 0.0, 3.404576926605621, 2.7000000000000015 
22.79232279596291, 7.981043566798582, 0.0, 8.967119556492062, 2.7000000000000015 
60.52023948762652, 17.54086242055982, 0.0, 2.5755306837000753, 2.7000000000000015 
55.327469126785346, 20.479049954787662, 0.0, 8.872274264433031, 2.7000000000000015 
11.338868946279895, 47.04153592182219, 0.0, 2.1914343928277047, 2.7000000000000015 
35.08605626036686, 65.13227420045047, 0.0, 1.938963076819563, 2.7000000000000015 
50.380650346335365, 59.66266562726975, 0.0, 3.3506801413390446, 2.7000000000000015 
33.80934049654608, 40.08499438377792, 0.0, 2.699150969817367, 2.7000000000000015 
34.79142700225166, 8.579030186707321, 0.0, 2.5842191700561434, 2.7000000000000015 
6.057491483480072, 57.54207054326811, 0.0, 3.2888640126289745, 2.7000000000000015 
40.98969662278366, 65.3971206497953, 0.0, 2.357722377043014, 2.7000000000000015 
55.06488058819858, 62.99221505427024, 0.0, 2.878573499864078, 2.7000000000000015 
46.52136126442864, 63.51423289648024, 0.0, 3.162154025897126, 2.7000000000000015 
52.240171508501355, 50.4181628096264, 0.0, 2.3886283889566835, 2.7000000000000015 
38.85897203394843, 20.496552572612902, 0.0, 2.362578913382708, 2.7000000000000015 
39.83405767867232, 24.09058730838907, 0.0, 2.468938285459032, 2.7000000000000015 
29.878412576451304, 36.70679215813508, 0.0, 2.4990569613002083, 2.7000000000000015 
79.06763076203703, 63.71919533776553, 0.0, 3.373595201224352, 2.7000000000000015 
52.58367837691316, 28.894683560755514, 0.0, 2.7125300358915574, 2.7000000000000015 
62.6464732156884, 6.098471701999986, 0.0, 2.128285008584385, 2.7000000000000015 
41.20776560316889, 4.754257514471097, 0.0, 2.4726879653404037, 2.7000000000000015 
39.981260978965246, 51.27681153657199, 0.0, 2.705332353437751, 2.7000000000000015 
71.86594855445529, 67.06699076624881, 0.0, 3.039690907534991, 2.7000000000000015 
44.903878578466994, 49.041195872816495, 0.0, 8.649867936878541, 2.7000000000000015 
68.5359783860179, 53.63028366605322, 0.0, 8.982689093205835, 2.7000000000000015 
70.73027681996678, 31.458446082443473, 0.0, 2.832268852539944, 2.7000000000000015 
48.61565109798904, 11.992758923123066, 0.0, 2.2016756686647434, 2.7000000000000015 
5.994029308330362, 11.33708961214022, 0.0, 2.9278736618319536, 2.7000000000000015 
47.26988115316998, 56.829728360140805, 0.0, 3.3525158967029958, 2.7000000000000015 
39.893537201565955, 64.77703736354385, 0.0, 2.028524931796495, 2.7000000000000015 
17.827060851391916, 55.098731498886586, 0.0, 3.121736478220031, 2.7000000000000015 
31.94747242904942, 29.81301724025138, 0.0, 2.097452560809139, 2.7000000000000015 
57.736970492334564, 17.49724992647771, 0.0, 2.54939580318741, 2.7000000000000015 
32.21234052301379, 43.172103633263205, 0.0, 3.203570241165224, 2.7000000000000015 
78.73853904763554, 12.780841208952872, 0.0, 9.101466482397251, 2.7000000000000015 
74.24333396890887, 54.37937348978329, 0.0, 2.450448670796503, 2.7000000000000015 
36.04420900319399, 15.677704254588887, 0.0, 2.742969196009927, 2.7000000000000015 
33.55383209201983, 10.578008229188208, 0.0, 2.5777441090535045, 2.7000000000000015 
25.45464227521924, 51.12526146595828, 0.0, 8.98047707062552, 2.7000000000000015 
14.19247501327794, 13.538940650726877, 0.0, 9.29949771601286, 2.7000000000000015 
14.923835335713104, 47.899990192298354, 0.0, 2.754784996573716, 2.7000000000000015 
1.645533906713644, 20.920405606422058, 0.0, 2.9693218486166932, 2.7000000000000015 
49.2202466302897, 7.64334835468161, 0.0, 2.391781201173099, 2.7000000000000015 
65.78864023540588, 56.48390958796457, 0.0, 3.172519514249845, 2.7000000000000015 
41.3932317598639, 59.72161233283136, 0.0, 2.158289849649828, 2.7000000000000015 
77.99997924765613, 59.37506777882654, 0.0, 3.0038297499252105, 2.7000000000000015 
43.449286677021064, 64.45785395600673, 0.0, 8.84769004449286, 2.7000000000000015 
5.588592223614753, 70.57711975146431, 0.0, 2.9181510588092983, 2.7000000000000015 
22.05591475665974, 61.99439235726345, 0.0, 3.075631122764169, 2.7000000000000015 
55.99832426012933, 16.364026528299956, 0.0, 2.3684570848823445, 2.7000000000000015 
39.24278697121484, 36.6852903053102, 0.0, 2.4090880625726174, 2.7000000000000015 
16.855020444401525, 52.690002615283206, 0.0, 2.764317434266908, 2.7000000000000015 
69.0238751000757, 65.14207239284404, 0.0, 2.9688481526369688, 2.4000000000000012 
54.63692982015264, 61.6989370653098, 0.0, 3.0593960255568162, 2.7000000000000015 
21.608432034453138, 5.667818636457129, 0.0, 8.666964468728342, 2.7000000000000015 
17.218778679883616, 0.7216510937458694, 0.0, 2.641693708729877, 2.7000000000000015 
42.83224184229193, 21.492204566348427, 0.0, 2.4331430826726606, 2.7000000000000015 
75.48710839327174, 59.104261721424116, 0.0, 9.144745385579345, 2.7000000000000015 
54.863841279828186, 28.724689465777047, 0.0, 15.047802243996037, 2.7000000000000015 
36.6646198284701, 63.614509854592484, 0.0, 1.864385341690254, 2.7000000000000015 
41.12258264247115, 32.778335318223775, 0.0, 8.448405176017179, 2.7000000000000015 
36.6665377776823, 1.1757414957274626, 0.0, 2.535111750439304, 2.7000000000000015 
57.61527051080679, 13.990553840858789, 0.0, 2.525242883109124, 2.7000000000000015 
25.838140907410956, 20.01739563763929, 0.0, 3.029831010624759, 2.7000000000000015 
19.316170981557015, 6.532405098761662, 0.0, 8.725435678079611, 2.7000000000000015 
58.677433059429674, 9.302613503149763, 0.0, 2.3500187424277623, 2.7000000000000015 
65.75165491560925, 70.02384159187078, 0.0, 9.234120430329325, 2.7000000000000015 
44.53732867755409, 37.67315743418149, 0.0, 2.784561185129997, 2.7000000000000015 
27.650468446532372, 56.876035238688, 0.0, 9.668810829880233, 2.7000000000000015 
52.935321357422616, 52.477536349423325, 0.0, 8.933092909848387, 2.7000000000000015 
66.82753498909234, 21.92106131050134, 0.0, 3.0621835743144823, 2.7000000000000015 
36.379603787387836, 8.953104721507719, 0.0, 8.740925995725023, 2.7000000000000015 
19.37986434860881, 7.970663393902478, 0.0, 8.845800616055095, 2.7000000000000015 
31.84910130185223, 55.80861908754151, 0.0, 3.1735052914867414, 2.7000000000000015 
52.07265246243882, 5.046813600033453, 0.0, 2.4813812629376972, 2.7000000000000015 
43.29934577667341, 16.65976113221659, 0.0, 2.508138217464551, 2.7000000000000015 
33.079312358953324, 71.88997379379005, 0.0, 2.279437664209062, 2.7000000000000015 
3.157594049026671, 55.6806590865217, 0.0, 2.786560064936213, 2.7000000000000015 
26.8673537536966, 60.15425000344244, 0.0, 3.235758765335596, 2.7000000000000015 
56.13045035121718, 24.685232942527957, 0.0, 3.29670324991671, 2.7000000000000015 
69.59292185197322, 16.943515837226936, 0.0, 2.9132929105381375, 2.7000000000000015 
45.68189097798336, 41.09819886375786, 0.0, 2.554479129187235, 2.7000000000000015 
34.755993951013444, 24.456186958145324, 0.0, 2.365559980393042, 2.7000000000000015 
36.78332196050608, 16.79288223174505, 0.0, 2.650594353983129, 2.7000000000000015 
67.24798774166797, 17.119292367385043, 0.0, 8.947682210638131, 2.7000000000000015 
15.313157331963117, 17.457930455079616, 0.0, 3.124139117485543, 2.7000000000000015 
46.83882759296635, 22.34940990480235, 0.0, 2.3645959384573527, 2.7000000000000015 
46.09150269495591, 14.564953725495954, 0.0, 2.377273081090252, 2.7000000000000015 
9.962680204245375, 60.1529645847852, 0.0, 9.41975026221748, 2.7000000000000015 
4.570849468930432, 56.36795539042916, 0.0, 2.787005773353819, 2.7000000000000015 
14.271654993614836, 9.659754471292615, 0.0, 2.487369723357957, 2.7000000000000015 
35.14887313471911, 38.14695478469251, 0.0, 8.79623305462713, 2.7000000000000015 
50.296947518274216, 11.469540949520928, 0.0, 2.252855861270572, 2.7000000000000015 
3.66616826999988, 8.223652702014013, 0.0, 2.6593926878855716, 2.7000000000000015 
35.43392070617405, 30.379593102812198, 0.0, 2.4866524503982617, 2.7000000000000015 
18.175300489790217, 47.34717428385041, 0.0, 3.0843495274235684, 2.7000000000000015 
54.98126409132415, 9.784488229202108, 0.0, 2.6776100411539967, 2.7000000000000015 
16.766725806745246, 7.446662499019573, 0.0, 2.4856796187038914, 2.7000000000000015 
10.561864702591937, 8.40982503600204, 0.0, 2.5020989060875367, 2.7000000000000015 
17.802900292002253, 76.35687884033025, 0.0, 2.9516219133944843, 2.7000000000000015 
74.05466904939759, 10.401965821856184, 0.0, 2.544551179548024, 2.7000000000000015 
29.784294472392627, 32.390311176817384, 0.0, 2.3212809001662245, 2.7000000000000015 
5.248772735007006, 53.89560739959087, 0.0, 2.569200791140818, 2.7000000000000015 
16.68034576589708, 56.2712341763647, 0.0, 3.1143647945597865, 2.7000000000000015 
17.052463753494564, 3.9734698873683865, 0.0, 2.3268936559823046, 2.7000000000000015 
30.847330565079517, 53.44848052724431, 0.0, 3.061876054878711, 2.7000000000000015 
53.34529433701038, 60.60975298272281, 0.0, 3.0964952296608614, 2.7000000000000015 
23.410599085335814, 46.68867204473152, 0.0, 3.064365951888694, 2.7000000000000015 
1.8533056849016902, 66.29019590101693, 0.0, 3.0030090051533587, 2.7000000000000015 
47.189577446459474, 3.1715205964173396, 0.0, 2.3184012496438062, 2.7000000000000015 
9.952456457935787, 49.569103067734616, 0.0, 2.394801620800126, 2.7000000000000015 
16.64051318706028, 49.865846628295245, 0.0, 8.874170958767083, 2.7000000000000015 
62.53758381013109, 8.085756476285324, 0.0, 8.561678806828093, 2.7000000000000015 
73.19500450561114, 9.590438660641015, 0.0, 2.5090004249526245, 2.7000000000000015 
22.201327456358566, 18.830796198672783, 0.0, 8.893127887634503, 2.7000000000000015 
43.95940996388215, 60.17457457320652, 0.0, 8.816156723291147, 2.7000000000000015 
62.862112879384, 58.900326711130035, 0.0, 2.56728744158255, 2.7000000000000015 
27.942837712147185, 10.998909641998981, 0.0, 2.9804989999621014, 2.7000000000000015 
46.82891955115415, 24.783154852377724, 0.0, 1.935884186917463, 2.7000000000000015 
31.74946846042698, 10.322592898573633, 0.0, 2.560298620805671, 2.7000000000000015 
25.173657265839818, 57.10156357828301, 0.0, 3.43812470263654, 2.7000000000000015 
44.468011745263574, 56.05794647169786, 0.0, 2.97449078044275, 2.7000000000000015 
45.917672779828294, 11.68803103941582, 0.0, 0.0, 1.0 
71.58504461619277, 29.841514858779835, 0.0, 2.7510771123334687, 2.7000000000000015 
65.48502321593278, 65.40914582837738, 0.0, 3.0095109708458185, 2.7000000000000015 
57.128453156938704, 71.91657521656124, 0.0, 3.098053510797308, 2.7000000000000015 
41.318210167951534, 47.820873468404095, 0.0, 2.424954411309703, 2.7000000000000015 
25.80558795344282, 13.254085776067576, 0.0, 2.33994422705313, 2.7000000000000015 
23.156420970083015, 55.89812867485059, 0.0, 3.0564816571159907, 2.7000000000000015 
13.440071605223425, 2.8727431696819075, 0.0, 2.6427813704179566, 2.7000000000000015 
42.146317045516895, 35.020109680573356, 0.0, 2.683491579197678, 2.7000000000000015 
40.6966909907944, 7.200343113436552, 0.0, 2.0932561656273228, 2.7000000000000015 
60.91070066091694, 68.79228359475968, 0.0, 2.9592336347108046, 2.7000000000000015 
45.201075206831455, 29.67964686131296, 0.0, 2.482375268199105, 2.7000000000000015 
10.888694029926906, 61.404793884107185, 0.0, 3.2353730910245866, 2.7000000000000015 
30.738934855535167, 38.25532583606368, 0.0, 2.2909715822728143, 2.7000000000000015 
58.59225509565656, 21.323888735542123, 0.0, 2.9582747210385456, 2.7000000000000015 
1.27241240645345, 69.11416424584817, 0.0, 2.7973747206743242, 2.7000000000000015 
17.24921356009392, 45.06368977007073, 0.0, 2.7904990861551484, 2.7000000000000015 
34.78196729905159, 44.52302258514358, 0.0, 8.552224591473973, 2.7000000000000015 
24.68742216332384, 58.327639370285986, 0.0, 3.2468422341683376, 2.7000000000000015 
36.55650254038185, 12.853277919567313, 0.0, 2.8158121031339087, 2.7000000000000015 
51.63775830374908, 26.17817668372983, 0.0, 8.579539306394334, 2.7000000000000015 
52.351949056011065, 15.5949733782153, 0.0, 2.4916198129105926, 2.7000000000000015 
71.44635278614398, 17.604960670227506, 0.0, 2.978947659372568, 2.7000000000000015 
69.23322101684253, 13.885752450877082, 0.0, 2.5727553410990556, 2.7000000000000015 
49.28097468676004, 36.5648447451082, 0.0, 2.3000079731459206, 2.7000000000000015 
77.03607049485144, 28.447683207899523, 0.0, 2.5748735153806366, 2.7000000000000015 
24.001167151510607, 4.292903984242564, 0.0, 2.2066360095806563, 2.7000000000000015 
74.32651736502997, 55.913606126687526, 0.0, 2.36569596412624, 2.7000000000000015 
27.757710621633738, 36.90723322946025, 0.0, 2.4613284285369676, 2.7000000000000015 
8.810399568102662, 58.233162471749836, 0.0, 2.9322625195158154, 2.7000000000000015 
66.03164402798947, 57.85671446731279, 0.0, 2.974987610043594, 2.7000000000000015 
3.1798270669394753, 50.5964969512859, 0.0, 2.8624880459499535, 2.7000000000000015 
42.897428020576555, 19.32644087006538, 0.0, 1.9155787967472577, 2.7000000000000015 
18.268959521171666, 59.71394940224699, 0.0, 3.4295879474039737, 2.7000000000000015 
68.10565333546971, 18.18037702728399, 0.0, 9.23470208379257, 2.7000000000000015 
53.723322535503684, 31.365265723986433, 0.0, 2.36620984381782, 2.7000000000000015 
60.297888569053136, 26.88503465170661, 0.0, 8.708830099610623, 2.7000000000000015 
57.33336377497069, 33.91466095945959, 0.0, 1.9425614676902796, 2.7000000000000015 
76.96207126075646, 62.41802802244535, 0.0, 3.2076958239727413, 2.7000000000000015 
49.138879195197006, 39.93289686270405, 0.0, 8.680820319191932, 2.7000000000000015 
22.809774009261197, 21.253721264352873, 0.0, 2.571864441083267, 2.7000000000000015 
59.01742285181817, 66.51532222236273, 0.0, 3.136068231117588, 2.7000000000000015 
45.05468459597162, 7.653775548199408, 0.0, 2.3618457056552598, 2.7000000000000015 
53.92456173384667, 18.62455158641337, 0.0, 2.6686191533103987, 2.7000000000000015 
48.13263125404815, 14.007821915868034, 0.0, 8.680502338560151, 2.7000000000000015 
22.20352737109252, 6.911407935605598, 0.0, 2.506154808910589, 2.7000000000000015 
5.042865146128225, 41.22974796574728, 0.0, 2.1286065340748563, 2.7000000000000015 
41.91311865625295, 42.32491452814205, 0.0, 2.3339874215870577, 2.7000000000000015 
20.110659638764048, 46.482054570654384, 0.0, 3.2348896547398356, 2.7000000000000015 
35.75165691156351, 25.83783318793692, 0.0, 2.0849684084893134, 2.7000000000000015 
0.06885874882971874, 50.45661602661275, 0.0, 2.946884244529194, 2.7000000000000015 
3.0977058807144804, 29.252666677683898, 0.0, 8.637618682007139, 2.7000000000000015 
57.65713662296819, 46.54888670839167, 0.0, 2.2942727126888456, 2.7000000000000015 
72.68146299687471, 14.252298348548083, 0.0, 2.7521215266048578, 2.7000000000000015 
3.3880873374610965, 69.59971571309067, 0.0, 2.865150183307689, 2.7000000000000015 
27.18687378248297, 38.78391366481228, 0.0, 2.4802072181248414, 2.7000000000000015 
77.393393915201, 19.700173227233062, 0.0, -3.49440602370776, 2.7000000000000015 
57.20417777637692, 41.65946715343157, 0.0, 1.7928069858546856, 2.7000000000000015 
43.373132129319146, 47.50548618182578, 0.0, 8.68046323544958, 2.7000000000000015 
29.18629733588486, 9.560908938215874, 0.0, 2.8584446735008657, 2.7000000000000015 
54.82275591142501, 8.37141575184507, 0.0, 8.80947494663885, 2.7000000000000015 
23.929575478218954, 16.822399757380676, 0.0, 2.68236572067333, 2.7000000000000015 
67.22789811287278, 20.662699092688122, 0.0, 3.1816536774152255, 2.7000000000000015 
49.589980988023136, 52.18919336338479, 0.0, 8.687952396182693, 2.7000000000000015 
75.56039367231821, 61.36142311382365, 0.0, 3.0937155056541052, 2.7000000000000015 
6.253154094383463, 62.95590846603654, 0.0, 3.2020087011203593, 2.7000000000000015 
8.91793682188345, 70.22280892164883, 0.0, 3.053174937713414, 2.7000000000000015 
34.64246579873917, 46.38983213671562, 0.0, 8.722004455713785, 2.7000000000000015 
7.656599470958694, 75.11207661233907, 0.0, 2.8652210273560064, 2.7000000000000015 
67.87400529622175, 59.63548489468058, 0.0, 2.247978469678114, 2.7000000000000015 
58.94925570526647, 7.462742482531852, 0.0, 2.309860130422002, 2.7000000000000015 
31.04549849943529, 49.236514676893535, 0.0, 2.0608589871400516, 2.5000000000000013 
59.53792090975387, 15.526509998801345, 0.0, 8.90115047468606, 2.7000000000000015 
76.73938499615278, 9.082475884457237, 0.0, 2.43315636261051, 2.7000000000000015 
27.758395986917524, 46.513128785889855, 0.0, 3.059193705528471, 2.7000000000000015 
70.00457537666523, 9.940953383693824, 0.0, 2.4444909719155983, 2.7000000000000015 
5.569173559784381, 18.53267337458579, 0.0, 2.9736851485288143, 2.7000000000000015 
62.31698239184461, 66.2180262581498, 0.0, 2.9690353267687524, 2.7000000000000015 
52.28822774034949, 34.54876413044753, 0.0, 2.2529037470015294, 2.7000000000000015 
58.33203592822354, 69.86367182265734, 0.0, 3.192380707016774, 2.7000000000000015 
17.133897886378342, 10.128774366873108, 0.0, 8.88490157314647, 2.7000000000000015 
49.35618598277542, 15.57222274352954, 0.0, 2.601328048768408, 2.7000000000000015 
75.14761203369288, 11.164174739604228, 0.0, 8.987549352313309, 2.7000000000000015 
74.4153042946694, 65.02238347594148, 0.0, 3.517771740481473, 2.7000000000000015 
41.17061418713127, 28.72210886234376, 0.0, 2.289401637825024, 2.7000000000000015 
22.99370129508112, 50.921594573739625, 0.0, 3.008283152972245, 2.7000000000000015 
14.696513431191896, 55.55086804606339, 0.0, 2.8314626732883954, 2.7000000000000015 
46.950599293350564, 48.47239372642554, 0.0, 2.3796973677063646, 2.7000000000000015 
64.57200068187251, 7.52870612938748, 0.0, 2.4786720364986623, 2.7000000000000015 
44.89934822743314, 16.869784779376765, 0.0, 2.351910503752573, 2.7000000000000015 
42.52563990108675, 37.371496205722956, 0.0, 2.508053776731657, 2.7000000000000015 
51.811900213210606, 55.262559323731395, 0.0, 3.2642828566607713, 2.7000000000000015 
42.350790024815176, 33.60246311895813, 0.0, 15.206947962268682, 2.7000000000000015 
12.980411691620947, 59.030709738234, 0.0, 8.847976602815804, 2.7000000000000015 
48.68466995440196, 22.350782248518577, 0.0, 2.5257824422565642, 2.7000000000000015 
64.52745866067737, 5.098535084795329, 0.0, 2.156008248740939, 2.7000000000000015 
52.636588972017336, 16.751103551196135, 0.0, 2.470772632430174, 2.5000000000000013 
19.904534971888005, 14.858072632056665, 0.0, 8.646530113751124, 2.7000000000000015 
34.31861520871479, 28.52474217024158, 0.0, 2.4601947919621048, 2.7000000000000015 
24.34274688180234, 40.54164028901776, 0.0, 2.629423341184363, 2.7000000000000015 
19.581541917184335, 63.839115201755455, 0.0, 2.946407789633902, 2.7000000000000015 
48.670943537535805, 60.5570932688987, 0.0, 3.219457090028808, 2.7000000000000015 
58.37708332888627, 22.46712996219772, 0.0, 9.341756163573336, 2.7000000000000015 
9.20794918979923, 18.181339260772162, 0.0, 3.100916380743186, 2.7000000000000015 
12.110912412109714, 8.610781895115723, 0.0, 2.542326660543765, 2.7000000000000015 
63.53601141991483, 22.522184256261692, 0.0, 2.972526729546568, 2.7000000000000015 
32.80160930608939, 39.09622154088407, 0.0, 2.3746950309516555, 2.7000000000000015 
65.11169220942209, 13.271052273767236, 0.0, 8.862683448426978, 2.7000000000000015 
60.57414228985086, 61.078411045874276, 0.0, 2.5354567809144637, 2.7000000000000015 
11.467756109789942, 44.976175644805814, 0.0, 2.1528098054682805, 2.7000000000000015 
56.19567315687842, 21.15836373175763, 0.0, 2.7068378542895037, 2.7000000000000015 
12.056797462233979, 5.759168391499705, 0.0, 2.117002744977157, 2.7000000000000015 
33.5911193682544, 14.41182151649286, 0.0, 2.665962790841075, 2.7000000000000015 
25.654145352328463, 43.49251070859744, 0.0, 2.970773389522206, 2.7000000000000015 
23.28986765783541, 36.670885947417425, 0.0, 2.1143136041401855, 2.7000000000000015 
65.44147346215843, 23.351864025379207, 0.0, 2.9312305946202204, 2.7000000000000015 
33.21830703513465, 16.032619148268772, 0.0, 9.045170742329985, 2.7000000000000015 
47.575494785327585, 36.22528427076799, 0.0, 2.4906547006280184, 2.7000000000000015 
13.061304132448083, 54.74120332194357, 0.0, 9.306333825902968, 2.7000000000000015 
79.0968004952609, 70.6314712792607, 0.0, 2.985118457383786, 2.7000000000000015 
63.59529924471915, 11.605084363365567, 0.0, 8.879248053338776, 2.7000000000000015 
66.5182247953321, 10.320751114025311, 0.0, 2.56505727975567, 2.7000000000000015 
12.022720175420435, 14.675019008306702, 0.0, 9.357663239048284, 2.7000000000000015 
9.26364133468154, 3.1518491404074953, 0.0, 8.816003928101834, 2.7000000000000015 
22.465197817109097, 53.34279465335367, 0.0, 3.054942498977097, 2.7000000000000015 
64.57371267320745, 12.335408490547568, 0.0, 8.914332757429406, 2.4000000000000012 
74.15531376082085, 30.737982177775464, 0.0, 2.5322284787849774, 2.7000000000000015 
8.497672717119144, 5.232284655777357, 0.0, 2.4312412938034003, 2.7000000000000015 
7.674502307357868, 55.28397265495068, 0.0, 2.9058650268368145, 2.6000000000000014 
15.303929311496168, 11.953920014962428, 0.0, 2.747983154727259, 2.7000000000000015 
62.467372523354186, 9.739209582103928, 0.0, 2.5422308417555706, 2.7000000000000015 
56.725942714564255, 9.958990559366082, 0.0, 2.156538107896093, 2.7000000000000015 
63.56743993750011, 62.99556272314183, 0.0, 2.445030169527624, 2.7000000000000015 
50.03674328367594, 49.818219886414994, 0.0, 2.0736921866188602, 2.7000000000000015 
8.662780919202856, 12.759182917937228, 0.0, 9.277234699861227, 2.7000000000000015 
32.37652182973354, 59.63410437944811, 0.0, 2.865124896946105, 2.7000000000000015 
45.258123784916414, 51.93592607546286, 0.0, 2.6012839683164772, 2.7000000000000015 
8.229623565281452, 14.967473774873817, 0.0, 3.1115904202667424, 2.7000000000000015 
30.38320675238473, 34.77772872018006, 0.0, 2.411504915478569, 2.7000000000000015 
28.862261903853913, 19.98098916011767, 0.0, 2.7876999973966883, 2.7000000000000015 
63.42564886402482, 61.62308086749172, 0.0, 2.4481389382318226, 2.7000000000000015 
9.92060292388891, 51.02000344018399, 0.0, 2.732267270449675, 2.7000000000000015 
14.148224448569389, 61.62563940890414, 0.0, 2.926019496476336, 2.7000000000000015 
60.570718097351694, 8.772256786851152, 0.0, 2.358134828667752, 2.7000000000000015 
11.618592291980198, 11.492495919864373, 0.0, 9.034782385069706, 2.7000000000000015 
74.86892452159097, 20.95285307235732, 0.0, 3.194403873397055, 2.7000000000000015 
12.486967505706424, 47.39687318741827, 0.0, 2.3276649844528974, 2.7000000000000015 
44.911464114302476, 31.464378867826905, 0.0, 2.3796565139615713, 2.7000000000000015 
2.930417765202412, 62.35953981580247, 0.0, 3.429043567134088, 2.7000000000000015 
26.092235663843756, 36.97386642647098, 0.0, 2.4498881105001566, 2.7000000000000015 
37.20466118134684, 34.62596680329383, 0.0, 2.517494429972052, 2.7000000000000015 
51.89875461043096, 47.04164001194265, 0.0, 2.174726731214874, 2.7000000000000015 
9.979987057426273, 55.570297238171385, 0.0, 2.9078371978072473, 2.7000000000000015 
57.763975150533575, 68.58782619658258, 0.0, 3.1689157166233946, 2.7000000000000015 
19.07070436249763, 3.461421026216227, 0.0, 8.636264758856143, 2.7000000000000015 
32.97374859429739, 70.08101442749896, 0.0, 2.3460623960505456, 2.7000000000000015 
56.369344845401436, 46.057091638129606, 0.0, 2.233830009401065, 2.7000000000000015 
76.62995575250216, 65.01695679698899, 0.0, 3.6047275391415, 2.7000000000000015 
73.29654471810827, 58.802302334846694, 0.0, 9.076420583275233, 2.7000000000000015 
21.50887476681392, 58.31283685889918, 0.0, 9.630252114427746, 2.7000000000000015 
41.20133924427891, 44.83266506050955, 0.0, 2.103063134442014, 2.7000000000000015 
69.92710947214184, 18.828917965927175, 0.0, 3.0181234840263707, 2.7000000000000015 
30.588739742773434, 12.22354408274294, 0.0, 2.6792395990527003, 2.7000000000000015 
32.3442284994487, 52.27914654362205, 0.0, 3.0707304355784473, 2.6000000000000014 
53.59480878926608, 75.64237457456657, 0.0, 2.8534876639088615, 2.7000000000000015 
52.24491530087206, 44.454444119163995, 0.0, 8.264377480206479, 2.7000000000000015 
38.20001284380877, 9.181267259754476, 0.0, 2.614909377760509, 2.7000000000000015 
38.34930959345637, 47.562918220546806, 0.0, 2.3577787088735067, 2.7000000000000015 
8.858159445778147, 11.517654713078738, 0.0, 2.962651802049903, 2.7000000000000015 
44.789933598365565, 33.083168104886745, 0.0, 2.476120645948636, 2.7000000000000015 
32.37627899538936, 12.598605847219146, 0.0, 2.516974760544879, 2.7000000000000015 
14.367736801290791, 11.131925097892461, 0.0, 2.5780379972573617, 2.7000000000000015 
39.61207256509829, 60.53038809449294, 0.0, 8.397239483207573, 2.7000000000000015 
73.16487386875662, 12.946699687789287, 0.0, 2.61813158883303, 2.7000000000000015 
46.52078931620357, 8.894286233412455, 0.0, 2.6307398985709782, 2.7000000000000015 
45.89951776178846, 33.730123532006544, 0.0, 2.715750626133517, 2.7000000000000015 
65.50711954354648, 14.292620987093573, 0.0, 2.620712023912328, 2.7000000000000015 
34.81023442499157, 36.754485233302184, 0.0, 8.771232591598498, 2.7000000000000015 
39.37295931041935, 31.177480500091868, 0.0, 2.4999091019799415, 2.7000000000000015 
52.323413833049564, 30.995755779661785, 0.0, 2.315199415907741, 2.7000000000000015 
27.97840739386368, 41.95428859292304, 0.0, 2.6931577659556236, 2.7000000000000015 
59.78505020251706, 65.42552265391157, 0.0, 9.524979309421784, 2.7000000000000015 
47.64048109110628, 27.529138402416578, 0.0, 2.1132840679468465, 2.7000000000000015 
63.53943500167435, 67.24575644339436, 0.0, 2.651864564600304, 2.7000000000000015 
7.642986977023576, 20.623322305437465, 0.0, 3.057461711691623, 2.7000000000000015 
21.691759722131767, 4.048702190208408, 0.0, 2.5073329602818513, 2.7000000000000015 
26.75747733963153, 33.38932271733699, 0.0, 2.1538319017291507, 2.7000000000000015 
44.02321213789026, 35.44642660995666, 0.0, 2.7872700030509576, 2.7000000000000015 
1.6945117839321884, 6.8106390908461485, 0.0, 2.6527864676450266, 2.7000000000000015 
66.22995779793523, 15.118028597614126, 0.0, 2.7561085710737214, 2.7000000000000015 
54.08314039835536, 47.761056760110435, 0.0, 2.2519413617656445, 2.7000000000000015 
1.5939099669403947, 57.067904198692744, 0.0, 2.8400907634255277, 2.7000000000000015 
19.358345776202622, 48.502048083692856, 0.0, 3.1374500900362277, 2.7000000000000015 
44.57461808620781, 18.88521926171956, 0.0, 2.225291934443841, 2.7000000000000015 
59.30357880239995, 32.69463594379775, 0.0, 2.297534150663152, 2.7000000000000015 
62.64883371715055, 48.57627400695963, 0.0, 8.862352016775723, 2.7000000000000015 
46.818366585848764, 16.35571778347063, 0.0, 2.3618447451845226, 2.7000000000000015 
73.04444740281554, 65.80127469312977, 0.0, 3.4908527960885634, 2.7000000000000015 
57.79171892849259, 38.025696911045536, 0.0, 2.247941000507556, 2.7000000000000015 
67.39774302523834, 68.65579886996832, 0.0, 3.079860640756836, 2.7000000000000015 
38.62717836248274, 13.675573357502447, 0.0, 2.4021794934015546, 2.7000000000000015 
4.462559242715892, 59.42507667593533, 0.0, 3.1794313910910454, 2.6000000000000014 
60.62537693333337, 12.792497367253294, 0.0, 2.6426347721982744, 2.7000000000000015 
42.797914657811454, 49.438960795613674, 0.0, 2.4321623096397875, 2.7000000000000015 
56.76675661698513, 17.001168746951294, 0.0, 2.3986152153318208, 2.6000000000000014 
76.03342120484488, 63.49716857244468, 0.0, 3.358759077681338, 2.7000000000000015 
38.1937548975256, 65.74091790021495, 0.0, 8.263345147739274, 2.7000000000000015 
53.81998327932618, 43.85428301886691, 0.0, 1.9951222228735097, 2.7000000000000015 
0.2600635369062361, 31.32400139884451, 0.0, -3.745803337603913, 2.7000000000000015 
12.056922922708514, 12.772172135144716, 0.0, 3.030843906927889, 2.7000000000000015 
76.60771869590141, 55.06759247110702, 0.0, 2.3970596501588712, 2.7000000000000015 
49.62475007415256, 2.208984424109767, 0.0, 8.792574438406366, 2.7000000000000015 
52.160956367659935, 37.47920859168474, 0.0, 2.2928637913232883, 2.7000000000000015 
23.7580197836544, 44.66588597004808, 0.0, 3.069136735242686, 2.7000000000000015 
27.215897166570166, 31.173513283216632, 0.0, 2.3700843688158604, 2.7000000000000015 
3.393026145620329, 44.17835743149036, 0.0, 2.2559978257862663, 2.7000000000000015 
47.45066259233668, 34.417489136296425, 0.0, 2.828465096227353, 2.7000000000000015 
34.564947974287726, 33.820503991316045, 0.0, 2.483194768500862, 2.7000000000000015 
0.7484393067655493, 13.631161003933881, 0.0, 2.9394013196649422, 2.7000000000000015 
15.93765825901666, 57.76384304748674, 0.0, 2.7930234732755523, 2.6000000000000014 
12.229501431761602, 18.03923400361311, 0.0, 2.5131328746156525, 2.7000000000000015 
4.132479068561452, 9.381065098790415, 0.0, 8.958346974570448, 2.7000000000000015 
63.36705917614156, 60.066849770715486, 0.0, 2.6231705511687204, 2.7000000000000015 
19.024735444122737, 5.139981650115655, 0.0, 2.444140850368938, 2.7000000000000015 
9.76838202980381, 47.22585684632689, 0.0, 1.7024497269621042, 2.7000000000000015 
2.9354994058570036, 54.48038594426492, 0.0, 2.46729637358387, 2.7000000000000015 
21.492774421208473, 47.63900520961605, 0.0, 3.2450116147757795, 2.7000000000000015 
46.06854427756098, 38.278005761441655, 0.0, 2.6708138870917764, 2.7000000000000015 
30.510028649091037, 56.85042152614045, 0.0, 3.3729275214002246, 2.7000000000000015 
13.136111476848063, 6.441687150050758, 0.0, 8.484956295467148, 2.7000000000000015 
32.26868035273899, 41.75777408066722, 0.0, 9.00945674900002, 2.7000000000000015 
50.7196721474242, 57.24306001515144, 0.0, 3.2221174046563568, 2.7000000000000015 
33.79424387617472, 50.96802349613549, 0.0, 9.183958424894826, 2.7000000000000015 
12.11586272247817, 30.882848396206157, 0.0, 2.2272340980025374, 2.7000000000000015 
74.6353380810875, 68.67094361578604, 0.0, 3.0266611056630035, 2.7000000000000015 
64.69131530767064, 64.26163353733729, 0.0, 3.1765080664220773, 2.7000000000000015 
33.19350544733396, 58.18578407348082, 0.0, 2.9419828403723978, 2.7000000000000015 
51.18702979097192, 20.17877151421505, 0.0, 8.564015320835669, 2.7000000000000015 
22.28657058055774, 57.12189817399225, 0.0, 3.31373714438378, 2.7000000000000015 
77.63097386340802, 16.113062387680156, 0.0, 3.0186075424946566, 2.7000000000000015 
56.78330510102761, 67.29478756060637, 0.0, 9.602042642928454, 2.7000000000000015 
57.6065408606152, 18.61796956326654, 0.0, 2.7030527050688815, 2.7000000000000015 
30.781701145621312, 41.31254759928246, 0.0, 2.6269748570169846, 2.7000000000000015 
53.39375382822378, 70.95230039713663, 0.0, 3.3632215998026487, 2.7000000000000015 
30.456475419648985, 29.901436105189354, 0.0, 2.031825756200564, 2.7000000000000015 
59.68506412379422, 71.03493059735823, 0.0, 3.151362206417961, 2.7000000000000015 
53.65766603626315, 24.013266355178907, 0.0, 2.8103324476512683, 2.7000000000000015 
27.34550817528497, 6.721104930423171, 0.0, 2.6095581021981573, 2.7000000000000015 
43.902112220500506, 9.960965335070926, 0.0, 2.3670121209918897, 2.7000000000000015 
65.99579690478163, 5.397935996924449, 0.0, 2.479790339367964, 2.7000000000000015 
32.71755813738165, 46.73915728230301, 0.0, 1.98433090173251, 2.7000000000000015 
67.92608167340768, 64.24034637031482, 0.0, 2.89688582342567, 2.7000000000000015 
50.85174426032583, 9.202743418727833, 0.0, 2.237453465047626, 2.7000000000000015 
30.377699073560066, 44.143105738685776, 0.0, 9.490056777048602, 2.7000000000000015 
52.41925396491937, 58.984810649835026, 0.0, 3.3623051897852454, 2.7000000000000015 
16.782331761710967, 5.952029525175245, 0.0, 2.3952105902294663, 2.7000000000000015 
74.68080676017513, 16.99711947949178, 0.0, 9.331229817976796, 2.7000000000000015 
13.905667967514564, 45.08691218810166, 0.0, 2.5551487136448836, 2.7000000000000015 
22.186480827062976, 45.61361477102232, 0.0, 9.438376126561113, 2.7000000000000015 
19.18533572738495, 52.99529075962824, 0.0, 3.026233811658772, 2.7000000000000015 
1.645435845821902, 15.579701608040802, 0.0, 2.9702122957761206, 2.7000000000000015 
22.107703615979688, 40.50811437207994, 0.0, 2.6579556911577855, 2.7000000000000015 
13.739015323767472, 53.581612017412326, 0.0, 3.0905542193653828, 2.7000000000000015 
48.0476317084057, 62.11458928786449, 0.0, 2.8010745123956626, 2.7000000000000015 
67.81805986025483, 12.24063710425861, 0.0, 2.5313375297926592, 2.7000000000000015 
18.80658252252659, 49.85292522720634, 0.0, 2.8140700975455237, 2.7000000000000015 
78.77860550595312, 6.79619729398289, 0.0, 8.866074110614704, 2.7000000000000015 
37.08964145526064, 52.137324681537855, 0.0, 2.656159277936414, 2.7000000000000015 
67.59483995006116, 33.716433159938525, 0.0, 2.674727459820962, 2.7000000000000015 
71.1236298337149, 6.547128616898614, 0.0, 2.3513609153339825, 2.7000000000000015 
58.18900483136668, 62.843434304623635, 0.0, 2.9335501906668697, 2.7000000000000015 
47.02331812313002, 9.904623312509267, 0.0, 2.7007560393022785, 2.7000000000000015 
47.44514734953273, 18.953700790255247, 0.0, 2.323945677591289, 2.7000000000000015 
40.77740513172623, 49.63478935721046, 0.0, 8.840303322418967, 2.7000000000000015 
53.563032842437465, 40.258578583405026, 0.0, 2.2174739200595392, 2.7000000000000015 
8.947002683976605, 57.03069097875254, 0.0, 2.9489318964812, 2.7000000000000015 
78.06829192712104, 60.48301192899427, 0.0, 3.1254471632720864, 2.7000000000000015 
41.756967982539706, 66.4926051324703, 0.0, 2.677113523709647, 2.7000000000000015 
55.536380208052876, 39.82325749260374, 0.0, 2.151826046754915, 2.7000000000000015 
78.0337039509536, 11.820237487555847, 0.0, 8.98502943387961, 2.7000000000000015 
43.38921638589444, 58.84801983009809, 0.0, 2.324794004302273, 2.7000000000000015 
7.144798536045231, 71.55386659810625, 0.0, 3.0120464082738136, 2.7000000000000015 
37.063556570647734, 47.14150070551573, 0.0, 8.702395606032788, 2.7000000000000015 
39.55182931483164, 45.1294244875289, 0.0, 2.2910806251716136, 2.7000000000000015 
9.789572277608741, 13.786233505264283, 0.0, 9.381626034867967, 2.7000000000000015 
57.28970525441433, 11.447233862168629, 0.0, 8.86903986295063, 2.7000000000000015 
48.68666197027696, 68.09235461009335, 0.0, 3.3037934783728082, 2.7000000000000015 
41.75392506772412, 23.89523285636085, 0.0, 2.301126400480404, 2.7000000000000015 
25.379532991861165, 52.758473405239165, 0.0, 3.2866989860708737, 2.7000000000000015 
78.85919623709101, 14.87518541853226, 0.0, 9.285462852431051, 2.7000000000000015 
44.301953332716785, 51.01625653969989, 0.0, 15.039676430892532, 2.7000000000000015 
25.568084547363405, 53.96848276098895, 0.0, 3.392565006777247, 2.7000000000000015 
18.638225558098856, 14.294425165960098, 0.0, 8.251191074861046, 2.7000000000000015 
18.91227081189557, 42.85259535315328, 0.0, 8.610566171850436, 2.7000000000000015 
65.16375024716, 8.552958007631336, 0.0, 2.471897371881261, 2.7000000000000015 
56.8169856307063, 26.368065492495827, 0.0, 8.72806646402166, 2.7000000000000015 
45.545780031622776, 36.002424904932695, 0.0, 9.043897314277173, 2.7000000000000015 
1.0135409523923373, 29.332289887616085, 0.0, 2.417185853014264, 2.7000000000000015 
44.735793370610324, 43.1855434816218, 0.0, 8.67134330149198, 2.7000000000000015 
42.344831203843995, 45.564223474197476, 0.0, 2.30884232110264, 2.7000000000000015 
50.94067791919563, 39.93788641969511, 0.0, 2.423111410132677, 2.7000000000000015 
69.48100450907882, 61.83570191586505, 0.0, 2.750991968795005, 2.7000000000000015 
6.183610229350073, 6.082274757036219, 0.0, 2.39024527719118, 2.7000000000000015 
49.4004100363353, 3.777670572569217, 0.0, 2.800370900361297, 2.7000000000000015 
30.89333971915815, 47.34671169626968, 0.0, 2.3152618338869817, 2.7000000000000015 
58.63187918173298, 14.764648697795831, 0.0, 2.5564442988104226, 2.4000000000000012 
70.84519665875798, 1.203357113658965, 0.0, 2.704787744362655, 2.7000000000000015 
44.58753880514923, 5.271666489823753, 0.0, 2.4302074445619515, 2.7000000000000015 
63.16021281228705, 25.001027751477025, 0.0, 2.7850805573898625, 2.7000000000000015 
25.947862581911412, 49.649653885556816, 0.0, 2.6668300745233116, 2.7000000000000015 
65.78031205225133, 55.12452091778619, 0.0, 2.9287985685258175, 2.7000000000000015 
8.123883890264462, 52.76191577432022, 0.0, 2.6920521423895454, 2.7000000000000015 
57.904875388284225, 61.50633345699131, 0.0, 2.754854749124289, 2.7000000000000015 
16.466850463892644, 77.91973657870096, 0.0, -3.372102827226805, 2.7000000000000015 
75.59592246815001, 15.610813122225105, 0.0, 9.184969588661982, 2.7000000000000015 
41.054087606414335, 26.66612064133401, 0.0, 1.9092415176616833, 2.7000000000000015 
54.171075737454174, 65.27748715398712, 0.0, 3.091702917154711, 2.7000000000000015 
43.80348660770643, 22.770886643354128, 0.0, 1.961278748437357, 2.7000000000000015 
74.27476744144002, 32.1421564953593, 0.0, 2.670325831428409, 2.7000000000000015 
49.18964685901072, 25.414914077601402, 0.0, 1.9698014643313273, 2.7000000000000015 
34.9507405627288, 72.73679121625155, 0.0, 2.1138884946942063, 2.7000000000000015 
3.3475890081369597, 30.68232030766062, 0.0, 2.6102663418012857, 2.7000000000000015 
34.99267934980989, 47.9858593159174, 0.0, 2.157847611517482, 2.7000000000000015 
60.53290652960816, 67.62439394968992, 0.0, 2.9602646240226864, 2.7000000000000015 
53.2366366440784, 17.747077914079895, 0.0, 2.6249747531769025, 2.7000000000000015 
44.069514482903394, 45.31338884406584, 0.0, 8.611678431619229, 2.7000000000000015 
54.018978033665235, 34.57805705682694, 0.0, 2.205994209413893, 2.7000000000000015 
36.74919987620592, 66.54536542844087, 0.0, 1.7479513375976148, 2.7000000000000015 
33.97596929499852, 53.209753066045224, 0.0, 2.739566143582623, 2.7000000000000015 
31.229026916536185, 32.69701743479156, 0.0, 8.622846237952428, 2.7000000000000015 
58.96926918857891, 48.236211573616444, 0.0, 2.3937670885029285, 2.7000000000000015 
43.52242929433162, 7.49695033795105, 0.0, 2.361286593242963, 2.7000000000000015 
2.401631785425094, 64.93695103429846, 0.0, 3.3148149984657973, 2.7000000000000015 
77.92989092383274, 10.534543950556705, 0.0, 2.700946062539019, 2.7000000000000015 
55.71729302983414, 37.331632128593235, 0.0, 1.9479278697065712, 2.7000000000000015 
54.336670394803306, 25.37966358897461, 0.0, 3.3208607049841112, 2.6000000000000014 
25.498370698439903, 5.0009474339288555, 0.0, 2.798224062640051, 2.7000000000000015 
49.49192304343852, 64.1255688134847, 0.0, 3.1171989089249115, 2.7000000000000015 
45.49081607418185, 46.990396072145764, 0.0, 2.4672538211725397, 2.7000000000000015 
42.57961978604048, 67.50158132943695, 0.0, 2.9168567797097795, 2.7000000000000015 
42.20503631586356, 9.793343507104161, 0.0, 2.5519971124214726, 2.7000000000000015 
39.57710897171182, 21.650481603062293, 0.0, 2.233556338475745, 2.7000000000000015 
55.04010304456662, 6.668707913448729, 0.0, 2.3486067375721333, 2.7000000000000015 
37.09550218278688, 40.77029967436489, 0.0, 8.860964570451085, 2.7000000000000015 
16.31106974875695, 54.05198226061167, 0.0, 2.9516675135102473, 2.7000000000000015 
50.93050020457194, 65.29879649690596, 0.0, 3.338688380226324, 2.7000000000000015 
51.28230456587569, 61.60607271413984, 0.0, 9.550574964012723, 2.7000000000000015 
61.71247887832309, 27.41712308336795, 0.0, 2.5461065132294918, 2.7000000000000015 
23.119158027198598, 38.73428639625718, 0.0, 2.604738413282614, 2.7000000000000015 
70.06524644252907, 66.24346141208886, 0.0, 2.9790798338088873, 2.7000000000000015 
11.850574248057978, 62.68297114754117, 0.0, 3.2644899253237356, 2.7000000000000015 
20.478879042511185, 12.524713412170344, 0.0, 8.31679025275617, 2.7000000000000015 
55.94232252411919, 64.11344306071099, 0.0, 2.921618243433552, 2.7000000000000015 
34.202366464565436, 12.813261651759113, 0.0, 2.590135582546716, 2.7000000000000015 
3.7316054925337503, 72.0054287141833, 0.0, 2.9959673832936873, 2.7000000000000015 
13.948942545641662, 56.85706102820125, 0.0, 3.211974469327583, 2.7000000000000015 
45.878577651846676, 67.27643540418389, 0.0, 9.321297199512948, 2.7000000000000015 
44.79316420451862, 65.04303269824896, 0.0, 2.731323533118256, 2.7000000000000015 
37.21238136727242, 45.5038414824727, 0.0, 2.566286970294991, 2.7000000000000015 
24.967906568413092, 36.21777361112571, 0.0, 2.2259904257755574, 2.7000000000000015 
55.5346573394245, 42.935494337118506, 0.0, 2.019289327453249, 2.7000000000000015 
58.66964079096237, 40.24732005301607, 0.0, 1.8085080770847561, 2.7000000000000015 
11.361893620760318, 20.586510429738055, 0.0, 2.6143742142685316, 2.7000000000000015 
20.617947742776142, 16.807212622999916, 0.0, 2.45868311539178, 2.7000000000000015 
52.66973533027221, 21.607016660214228, 0.0, 2.5784502358909442, 2.7000000000000015 
7.62317844250707, 9.6383003869146, 0.0, 2.647570092909479, 2.7000000000000015 
8.911724953967887, 53.694742311817116, 0.0, 2.6455263197587233, 2.7000000000000015 
59.33808105727533, 20.05158255154556, 0.0, 2.7640723216447123, 2.7000000000000015 
42.562066520248564, 25.785769814885487, 0.0, 1.7708410914086021, 2.7000000000000015 
31.72229570350268, 54.535612471786365, 0.0, 3.1048551199200447, 2.7000000000000015 
4.50482154684412, 60.54910662182251, 0.0, 3.182521436638542, 2.7000000000000015 
70.07768514713625, 15.689450899031641, 0.0, 9.215468218081792, 2.7000000000000015 
71.99524018625058, 2.0492437708814712, 0.0, 2.7295453607066205, 2.7000000000000015 
25.615577344728273, 14.840445547825363, 0.0, 8.826711984925572, 2.7000000000000015 
44.88162736492676, 14.07930568821132, 0.0, 2.228692216877907, 2.7000000000000015 
71.154692054189, 64.2387701333315, 0.0, 3.379463196951984, 2.7000000000000015 
50.12467668859247, 5.424890714142763, 0.0, 2.2956295923687597, 2.7000000000000015 
62.11883641874323, 19.253711593070175, 0.0, 9.081734360800208, 2.7000000000000015 
61.30691077470997, 21.833269078406953, 0.0, 3.1457645832848873, 2.7000000000000015 
78.21368634042516, 22.044079726064474, 0.0, 3.0334820188767053, 2.7000000000000015 
61.39529027355875, 42.15671719651315, 0.0, 2.126894301284169, 2.7000000000000015 
49.300470567887714, 55.946129024270036, 0.0, 3.1860111695435314, 2.7000000000000015 
69.7157619274063, 58.69102819201368, 0.0, 2.089931193883421, 2.7000000000000015 
26.965938940692908, 8.254991665402224, 0.0, 2.8222941418912884, 2.7000000000000015 
21.37840915848487, 42.13285429374659, 0.0, 2.6547023784721455, 2.7000000000000015 
7.024854128775289, 3.5408108775939566, 0.0, 2.4707508125419735, 2.7000000000000015 
79.1026104046408, 52.82812769673857, 0.0, 2.4608525953646345, 2.7000000000000015 
75.9063082806608, 8.154414633667974, 0.0, 2.4852983603425383, 2.7000000000000015 
57.91576430220027, 30.901694861564586, 0.0, 2.1479274421540935, 2.7000000000000015 
70.20982497209182, 54.521295538125024, 0.0, 3.092200162396041, 2.7000000000000015 
3.832023421833102, 12.883002854557656, 0.0, 9.009535453833392, 2.7000000000000015 
68.5061481101796, 8.081839452722924, 0.0, 2.4248772464188977, 2.7000000000000015 
67.19617271254577, 15.967127140330197, 0.0, 8.906624356371871, 2.7000000000000015 
37.900789705449085, 24.29701653915395, 0.0, 2.335924753935094, 2.7000000000000015 
37.14043499249125, 11.167372195713028, 0.0, 15.108261430902939, 2.7000000000000015 
52.490241910343784, 20.42423403403673, 0.0, 2.517058142652744, 2.7000000000000015 
78.528442663877, 20.560221601815346, 0.0, 2.6792439269202815, 2.7000000000000015 
27.620501427248207, 17.646585919214917, 0.0, 9.026815814248637, 2.7000000000000015 
32.42196789966838, 34.476499761675505, 0.0, 2.419407432092424, 2.7000000000000015 
77.06134603256484, 4.839373606185384, 0.0, 2.7281455190576622, 2.7000000000000015 
38.1655443697822, 38.86470933436828, 0.0, 2.54868404092949, 2.7000000000000015 
41.03437224121606, 13.075005867144553, 0.0, 2.5889803512600924, 2.7000000000000015 
78.906069332327, 61.62613529474964, 0.0, 3.22933995661428, 2.7000000000000015 
61.46147484301344, 18.296674276081774, 0.0, 2.7266625358885834, 2.7000000000000015 
46.92625871839181, 59.50860403655196, 0.0, 2.9370054663698606, 2.7000000000000015 
31.3233574392471, 14.472469069293862, 0.0, 8.99143279522302, 2.7000000000000015 
61.01260450850706, 63.700123382437226, 0.0, 8.925881162086426, 2.7000000000000015 
16.357892470424453, 60.39801805863649, 0.0, 3.2408493381763157, 2.7000000000000015 
2.03537374600487, 61.03867194287541, 0.0, 3.315000345065158, 2.7000000000000015 
20.1812988064189, 78.34872787933078, 0.0, 2.9572068624365335, 2.7000000000000015 
2.6454195086743466, 43.041510360535526, 0.0, 2.1688805621450244, 2.7000000000000015 
