1000
 Lattice="60.97426611701555 0.0 0.0 0.0 60.97426611701555 0.0 0.0 0.0 1.0"Properties=species:S:1:pos:R:3:aspherical_shape:R:3:orientation:R:4:Color:R:1
cell 60.51698575873879 4.014876830148203 0.0 1.0 1.0 1 0 0 0.0 1.0 0.0
cell 18.50812067205682 51.60144366038824 0.0 1.0954451150103324 0.9128709291752768 1 0 0 0.2380268002541065 0.9712585867629648 0.4806675062241297
cell 44.54217694865477 48.76507020030932 0.0 1.0 1.0 1 0 0 0.0 1.0 0.0
cell 3.1378191284746273 22.28385395971567 0.0 1.0 1.0 1 0 0 0.0 1.0 0.0
cell 36.22922519025259 8.694288613382673 0.0 1.4832396974191329 0.6741998624632419 1 0 0 0.8211897567572556 0.570655222877141 1.9269855959443836
cell 20.052132974863966 22.81001397619445 0.0 1.0488088481701516 0.9534625892455922 1 0 0 0.16511066952093328 -0.986275046227141 5.951444867483077
cell 5.335373367864263 47.66302853975155 0.0 1.0 1.0 1 0 0 0.0 1.0 0.0
cell 3.562742144068442 50.61057540462006 0.0 1.0 1.0 1 0 0 0.0 1.0 0.0
cell 53.35105292766814 38.025265131816816 0.0 1.0 1.0 1 0 0 0.0 1.0 0.0
cell 36.24359607551618 52.12870169659487 0.0 1.0 1.0 1 0 0 0.0 1.0 0.0
cell 52.623567120301885 39.895183118739645 0.0 1.0 1.0 1 0 0 0.0 1.0 0.0
cell 13.426734734682016 18.93727042902331 0.0 1.0 1.0 1 0 0 0.0 1.0 0.0
cell 9.111033756390356 38.53303278531856 0.0 1.0 1.0 1 0 0 0.0 1.0 0.0
cell 32.56225497350517 24.580530501472428 0.0 1.140175425099138 0.8770580193070291 1 0 0 0.8468564992018532 -0.5318214641772007 4.2630925930807
cell 40.79801785244108 6.1496472763891905 0.0 1.5165750888103104 0.6593804733957869 1 0 0 0.8030549509712259 -0.5959049804462133 4.418376854273166
cell 1.8885124316505661 31.118831793427482 0.0 1.0 1.0 1 0 0 0.0 1.0 0.0
cell 30.65130048545614 30.463237726418804 0.0 1.0 1.0 1 0 0 0.0 1.0 0.0
cell 24.530191189661867 2.1755564600584796 0.0 1.0 1.0 1 0 0 0.0 1.0 0.0
cell 31.85830840964246 53.899243444676706 0.0 1.643167672515499 0.6085806194501844 1 0 0 -0.4380279958252038 -0.8989613311335228 0.9068077012425295
cell 36.037869876453385 28.507190174708025 0.0 1.0 1.0 1 0 0 0.0 1.0 0.0
cell 2.774168741437485 10.983736879208136 0.0 1.4142135623730954 0.7071067811865474 1 0 0 0.4684571671801162 0.8834862095797424 0.9750873338278379
cell 35.01378240001089 59.089371384580005 0.0 1.0 1.0 1 0 0 0.0 1.0 0.0
cell 38.4721257834585 54.26998723301083 0.0 1.643167672515499 0.6085806194501844 1 0 0 0.03793356152247781 -0.9992802634447557 6.20729997744565
cell 24.799633309935356 19.509429102494103 0.0 1.5165750888103104 0.6593804733957869 1 0 0 0.398992334800953 0.9169542610021965 0.8208353132635444
cell 7.383619015139365 53.812170069236295 0.0 1.0 1.0 1 0 0 0.0 1.0 0.0
cell 21.877158409257138 46.193359122521215 0.0 1.0 1.0 1 0 0 0.0 1.0 0.0
cell 50.377216642485365 47.363608915979306 0.0 1.0 1.0 1 0 0 0.0 1.0 0.0
cell 20.828896332153583 29.98835516862576 0.0 1.0 1.0 1 0 0 0.0 1.0 0.0
cell 54.691625395569396 6.638993793818302 0.0 1.0 1.0 1 0 0 0.0 1.0 0.0
cell 34.6566781969208 8.491483700116103 0.0 1.0 1.0 1 0 0 0.0 1.0 0.0
cell 37.308989355698984 17.949849074511853 0.0 1.1832159566199234 0.8451542547285166 1 0 0 0.9056757738001194 -0.4239709810252995 4.017243441409916
cell 11.49900284061642 35.78962770905567 0.0 1.0 1.0 1 0 0 0.0 1.0 0.0
cell 51.57186597127802 50.54443929543913 0.0 1.0 1.0 1 0 0 0.0 1.0 0.0
cell 33.95587357580718 57.4198020143893 0.0 1.0 1.0 1 0 0 0.0 1.0 0.0
cell 27.22077321982618 40.26462393890874 0.0 1.643167672515499 0.6085806194501844 1 0 0 0.8393984949148656 -0.5435164824866475 4.290834140690318
cell 11.873890567906551 44.03604240935457 0.0 1.0 1.0 1 0 0 0.0 1.0 0.0
cell 50.47742691647359 58.13228444813421 0.0 1.0 1.0 1 0 0 0.0 1.0 0.0
cell 26.260710213160483 35.242050149460574 0.0 1.0 1.0 1 0 0 0.0 1.0 0.0
cell 46.50481269971683 48.38377158727402 0.0 1.0 1.0 1 0 0 0.0 1.0 0.0
cell 47.54398686551698 53.872585682101644 0.0 1.0 1.0 1 0 0 0.0 1.0 0.0
cell 35.09958173402146 48.87298158433019 0.0 1.0 1.0 1 0 0 0.0 1.0 0.0
cell 25.99725144388007 59.298234307897786 0.0 1.0 1.0 1 0 0 0.0 1.0 0.0
cell 24.705511195981988 41.720136582282905 0.0 1.0 1.0 1 0 0 0.0 1.0 0.0
cell 59.31857936136872 60.58477999045266 0.0 1.1832159566199234 0.8451542547285166 1 0 0 0.7188999236328513 0.6951135876967739 1.6044368719250564
cell 58.87969154074269 51.07095222466713 0.0 1.0 1.0 1 0 0 0.0 1.0 0.0
cell 24.268434924904646 21.855099970348274 0.0 1.0488088481701516 0.9534625892455922 1 0 0 0.5264627151504745 -0.850198217803584 5.174316029888516
cell 27.59011624584386 9.639724290527644 0.0 1.643167672515499 0.6085806194501844 1 0 0 0.7896802454020788 -0.613518630541659 4.462610025394232
cell 14.784613939549272 29.674575868164666 0.0 1.0 1.0 1 0 0 0.0 1.0 0.0
cell 18.070066513515158 47.6049484772409 0.0 1.0 1.0 1 0 0 0.0 1.0 0.0
cell 41.2852118451386 30.109451489845977 0.0 1.643167672515499 0.6085806194501844 1 0 0 0.07500360615421078 -0.9971832625269359 6.133037092346152
cell 2.2779846936406822 41.72825783448984 0.0 1.0 1.0 1 0 0 0.0 1.0 0.0
cell 31.341564867200507 46.16122533486327 0.0 1.0 1.0 1 0 0 0.0 1.0 0.0
cell 16.250700425001646 35.840333785447285 0.0 1.0 1.0 1 0 0 0.0 1.0 0.0
cell 12.249314583557654 24.233359291019067 0.0 1.0 1.0 1 0 0 0.0 1.0 0.0
cell 6.0519323132982095 27.77875824341035 0.0 1.0 1.0 1 0 0 0.0 1.0 0.0
cell 41.69735144423466 58.489274106374005 0.0 1.0 1.0 1 0 0 0.0 1.0 0.0
cell 28.807558037824368 51.82911665476107 0.0 1.643167672515499 0.6085806194501844 1 0 0 0.5564189095311899 0.8309019178676396 1.1801393311700838
cell 41.09352221466359 35.59148527051218 0.0 1.0 1.0 1 0 0 0.0 1.0 0.0
cell 50.22412405195413 20.830779337496345 0.0 1.0 1.0 1 0 0 0.0 1.0 0.0
cell 14.345234928288269 6.757881285568024 0.0 1.6124515496597105 0.6201736729460421 1 0 0 -0.17450132947962554 -0.9846569382327244 0.3507986090781605
cell 48.33193800522781 60.8926309123505 0.0 1.0 1.0 1 0 0 0.0 1.0 0.0
cell 10.435479127354858 17.196356205436903 0.0 1.0 1.0 1 0 0 0.0 1.0 0.0
cell 39.02465228495281 4.884913511181127 0.0 1.264911064067352 0.7905694150420947 1 0 0 0.5084565983415025 0.8610876190045865 1.066782906989611
cell 53.337434639565444 32.97773936135721 0.0 1.0 1.0 1 0 0 0.0 1.0 0.0
cell 44.67355397911479 27.582025622801492 0.0 1.0 1.0 1 0 0 0.0 1.0 0.0
cell 8.848189480440464 33.281644713425145 0.0 1.0 1.0 1 0 0 0.0 1.0 0.0
cell 0.16659726441128878 0.3613604664400764 0.0 1.0488088481701516 0.9534625892455922 1 0 0 0.0822619507096617 -0.9966107421984981 6.118475282101909
cell 41.17649648070535 40.87084504054534 0.0 1.0 1.0 1 0 0 0.0 1.0 0.0
cell 11.110342123451565 29.84057844641166 0.0 1.0 1.0 1 0 0 0.0 1.0 0.0
cell 46.011618779939774 43.22135917909311 0.0 1.0 1.0 1 0 0 0.0 1.0 0.0
cell 21.583592728936576 18.893828453055203 0.0 1.0488088481701516 0.9534625892455922 1 0 0 0.8405196347936291 -0.5417810845040498 4.286702040834728
cell 16.41982671074787 56.00434208948357 0.0 1.0 1.0 1 0 0 0.0 1.0 0.0
cell 1.7906080499214716 49.33394111642307 0.0 1.0 1.0 1 0 0 0.0 1.0 0.0
cell 32.790770645804834 8.535110255769252 0.0 1.0 1.0 1 0 0 0.0 1.0 0.0
cell 49.96323210847645 49.26851262245736 0.0 1.0 1.0 1 0 0 0.0 1.0 0.0
cell 48.4959862004648 35.78646058808081 0.0 1.0 1.0 1 0 0 0.0 1.0 0.0
cell 31.44391101103528 13.239995018801592 0.0 1.643167672515499 0.6085806194501844 1 0 0 0.9953863413777368 0.09594806615374532 2.949400861165217
cell 34.11898688079015 5.142645673606881 0.0 1.0 1.0 1 0 0 0.0 1.0 0.0
cell 24.707718115388438 34.02474585520347 0.0 1.0 1.0 1 0 0 0.0 1.0 0.0
cell 8.002802611670637 55.41313842869425 0.0 1.0 1.0 1 0 0 0.0 1.0 0.0
cell 47.547357986622806 16.33004148839496 0.0 1.0 1.0 1 0 0 0.0 1.0 0.0
cell 6.96399113110843 43.275778675780884 0.0 1.643167672515499 0.6085806194501844 1 0 0 0.8610280504540818 0.5085574661051032 2.0745754585897442
cell 41.63254916721771 52.57458023669821 0.0 1.0 1.0 1 0 0 0.0 1.0 0.0
cell 14.712515038058935 47.16919426257534 0.0 1.0 1.0 1 0 0 0.0 1.0 0.0
cell 28.222096603615743 49.02479179157074 0.0 1.0 1.0 1 0 0 0.0 1.0 0.0
cell 16.324770295356455 24.301285775128257 0.0 1.0 1.0 1 0 0 0.0 1.0 0.0
cell 6.139641785235828 24.200662084257285 0.0 1.0 1.0 1 0 0 0.0 1.0 0.0
cell 55.9280499607845 57.73863711734133 0.0 1.0 1.0 1 0 0 0.0 1.0 0.0
cell 18.564317981524848 6.702098758983612 0.0 1.0 1.0 1 0 0 0.0 1.0 0.0
cell 47.00350409976145 28.82813584357902 0.0 1.643167672515499 0.6085806194501844 1 0 0 -0.08997183801289395 -0.9959443098710798 0.18018733661992847
cell 51.76834241565835 13.044222024112118 0.0 1.0 1.0 1 0 0 0.0 1.0 0.0
cell 25.071377221050447 24.9215476321814 0.0 1.0 1.0 1 0 0 0.0 1.0 0.0
cell 9.171385276971979 13.586862205910379 0.0 1.643167672515499 0.6085806194501844 1 0 0 0.8583367573995815 0.5130867479255062 2.0640383780983713
cell 19.405312611105888 33.33412287830439 0.0 1.0 1.0 1 0 0 0.0 1.0 0.0
cell 7.677499223102437 37.080597304255576 0.0 1.0 1.0 1 0 0 0.0 1.0 0.0
cell 22.242273365934697 14.090601895649254 0.0 1.0 1.0 1 0 0 0.0 1.0 0.0
cell 55.66912668099151 59.72801206655141 0.0 1.0 1.0 1 0 0 0.0 1.0 0.0
cell 13.876201236151427 8.923835150576613 0.0 1.30384048104053 0.7669649888473703 1 0 0 0.7825392350964518 0.6226012733159644 1.7974677148076583
cell 28.3452116085101 3.6122058852120063 0.0 1.0 1.0 1 0 0 0.0 1.0 0.0
cell 36.605387371824115 16.005039985214534 0.0 1.4832396974191329 0.6741998624632419 1 0 0 0.9775935922912623 -0.21050123113907254 3.565767955227215
cell 0.11447382882312952 20.42139974214976 0.0 1.0 1.0 1 0 0 0.0 1.0 0.0
cell 20.684004242002377 39.127323930884096 0.0 1.0 1.0 1 0 0 0.0 1.0 0.0
cell 26.89298369437758 15.650385668951287 0.0 1.643167672515499 0.6085806194501844 1 0 0 0.8271029495259685 -0.5620504522597977 4.3353182442044815
cell 5.8576636091090615 37.79601723706783 0.0 1.0 1.0 1 0 0 0.0 1.0 0.0
cell 2.6713259411695995 58.42935855985256 0.0 1.0488088481701516 0.9534625892455922 1 0 0 0.9698887379444767 0.2435484264134553 2.649547110888355
cell 43.08732838281747 8.899895281700667 0.0 1.0 1.0 1 0 0 0.0 1.0 0.0
cell 13.734957292944385 53.01741760077092 0.0 1.0488088481701516 0.9534625892455922 1 0 0 0.9469695577754674 -0.3213232899223702 3.795845755539583
cell 19.24143867778272 13.56072907227284 0.0 1.0 1.0 1 0 0 0.0 1.0 0.0
cell 20.228749405687324 37.34221997980519 0.0 1.0 1.0 1 0 0 0.0 1.0 0.0
cell 31.987785114670203 56.01131253830998 0.0 1.6124515496597105 0.6201736729460421 1 0 0 0.5016288278899264 -0.8650829549989866 5.232224092314028
cell 60.31316555209122 34.96439028165356 0.0 1.0 1.0 1 0 0 0.0 1.0 0.0
cell 51.358446771006754 4.2809918847436155 0.0 1.0 1.0 1 0 0 0.0 1.0 0.0
cell 51.71709464991836 22.171697912282976 0.0 1.0 1.0 1 0 0 0.0 1.0 0.0
cell 50.805849116126154 45.468685380436305 0.0 1.0 1.0 1 0 0 0.0 1.0 0.0
cell 45.47862262994771 45.13480031572631 0.0 1.0 1.0 1 0 0 0.0 1.0 0.0
cell 11.77039510670208 53.642219904203486 0.0 1.0 1.0 1 0 0 0.0 1.0 0.0
cell 32.610491006808125 44.69287829852575 0.0 1.0 1.0 1 0 0 0.0 1.0 0.0
cell 47.20889512986466 7.664501305446003 0.0 1.0 1.0 1 0 0 0.0 1.0 0.0
cell 9.34970104654255 46.189148451472086 0.0 1.2247448713915894 0.8164965809277259 1 0 0 0.968240568668001 0.25002040153848665 2.6361900019543083
cell 25.148446207801662 5.525498659709626 0.0 1.0 1.0 1 0 0 0.0 1.0 0.0
cell 53.83919066651817 48.17503822805812 0.0 1.0 1.0 1 0 0 0.0 1.0 0.0
cell 28.604572816144337 8.760848023630118 0.0 1.643167672515499 0.6085806194501844 1 0 0 0.7434610268723952 -0.6687792621798643 4.606723865950328
cell 10.587092872265023 39.54395416544278 0.0 1.58113883008419 0.6324555320336757 1 0 0 0.9826488294749984 0.1854758149501318 2.768480539789181
cell 12.221862281958606 10.403388633904026 0.0 1.643167672515499 0.6085806194501844 1 0 0 0.755256827174396 -0.6554289625935557 4.571093553132088
cell 39.713514028896405 15.987782840023174 0.0 1.0488088481701516 0.9534625892455922 1 0 0 0.9985241149260415 0.05431014556383839 3.032918893873253
cell 47.98829913909623 42.699819101983486 0.0 1.0 1.0 1 0 0 0.0 1.0 0.0
cell 42.02479383642596 50.854848282431824 0.0 1.0 1.0 1 0 0 0.0 1.0 0.0
cell 46.683756615383466 59.77945133928955 0.0 1.0 1.0 1 0 0 0.0 1.0 0.0
cell 49.087928202574254 34.04641684684135 0.0 1.0 1.0 1 0 0 0.0 1.0 0.0
cell 35.41985718712642 17.443277328618397 0.0 1.30384048104053 0.7669649888473703 1 0 0 0.7737290584711876 -0.6335166486188738 4.513772385660515
cell 55.81740738959712 30.34744697425898 0.0 1.0 1.0 1 0 0 0.0 1.0 0.0
cell 56.6499668995998 44.5003627540322 0.0 1.0 1.0 1 0 0 0.0 1.0 0.0
cell 28.957815472473648 6.1236225084123665 0.0 1.643167672515499 0.6085806194501844 1 0 0 0.7794848725888023 -0.6264210512149306 4.495499183491084
cell 48.137637481206895 12.50990921192421 0.0 1.0 1.0 1 0 0 0.0 1.0 0.0
cell 60.766397150433335 13.603084608142986 0.0 1.0 1.0 1 0 0 0.0 1.0 0.0
cell 16.90178194513603 40.27753389275136 0.0 1.341640786499874 0.7453559924999297 1 0 0 0.7635303392015715 0.6457719575196287 1.737524876345158
cell 9.064113542975457 29.709377252309473 0.0 1.0 1.0 1 0 0 0.0 1.0 0.0
cell 39.707698540539525 34.013500973914745 0.0 1.0 1.0 1 0 0 0.0 1.0 0.0
cell 54.69937280669005 10.344247585548809 0.0 1.0 1.0 1 0 0 0.0 1.0 0.0
cell 39.5669896938352 27.14245980040842 0.0 1.0 1.0 1 0 0 0.0 1.0 0.0
cell 14.714376901050038 54.911756724044785 0.0 1.0 1.0 1 0 0 0.0 1.0 0.0
cell 41.376090853853185 60.52188535558549 0.0 1.0 1.0 1 0 0 0.0 1.0 0.0
cell 41.80070018358605 38.986512768931966 0.0 1.0 1.0 1 0 0 0.0 1.0 0.0
cell 3.88930096070866 5.310809512439603 0.0 1.5165750888103104 0.6593804733957869 1 0 0 0.1593683605501111 0.987219188253333 0.3201016060684856
cell 43.56599454121018 57.67915983390528 0.0 1.0 1.0 1 0 0 0.0 1.0 0.0
cell 54.556730869323474 17.54528008769954 0.0 1.0 1.0 1 0 0 0.0 1.0 0.0
cell 10.664932341140801 4.634430179513151 0.0 1.643167672515499 0.6085806194501844 1 0 0 0.6805129146779775 -0.732736086839241 4.786260494116697
cell 45.60709578514604 6.442098307402441 0.0 1.0 1.0 1 0 0 0.0 1.0 0.0
cell 22.66086053516913 11.785721795640702 0.0 1.0 1.0 1 0 0 0.0 1.0 0.0
cell 31.02980126182125 28.310371604249703 0.0 1.0 1.0 1 0 0 0.0 1.0 0.0
cell 16.216994222783875 48.46570917345124 0.0 1.0 1.0 1 0 0 0.0 1.0 0.0
cell 55.36694128492857 50.65450325150012 0.0 1.0 1.0 1 0 0 0.0 1.0 0.0
cell 18.53188255850352 38.56251139637503 0.0 1.0 1.0 1 0 0 0.0 1.0 0.0
cell 11.291238821965408 55.380764479394124 0.0 1.5491933384829673 0.6454972243679027 1 0 0 0.890953649554327 -0.45409425711610313 4.08430335582921
cell 52.61602576911435 55.359363177766205 0.0 1.0 1.0 1 0 0 0.0 1.0 0.0
cell 55.998932362654344 40.97383822229643 0.0 1.0 1.0 1 0 0 0.0 1.0 0.0
cell 33.23131504849387 59.37156496454004 0.0 1.0 1.0 1 0 0 0.0 1.0 0.0
cell 46.26363759059697 13.173910798014282 0.0 1.0 1.0 1 0 0 0.0 1.0 0.0
cell 11.258765653974077 22.508870112527827 0.0 1.0 1.0 1 0 0 0.0 1.0 0.0
cell 16.552864597464175 42.65327350248287 0.0 1.643167672515499 0.6085806194501844 1 0 0 -0.0672302998864697 0.9977374838990342 6.148623209120125
cell 29.455761409699885 0.10542725346383679 0.0 1.643167672515499 0.6085806194501844 1 0 0 0.596956943854745 -0.8022732746287906 5.003779927247805
cell 43.984564739065846 5.305598841654834 0.0 1.0 1.0 1 0 0 0.0 1.0 0.0
cell 60.48783884430372 52.26629307259243 0.0 1.0 1.0 1 0 0 0.0 1.0 0.0
cell 27.89378365702565 29.861856687270254 0.0 1.0 1.0 1 0 0 0.0 1.0 0.0
cell 7.856145206081323 35.04239732844776 0.0 1.0 1.0 1 0 0 0.0 1.0 0.0
cell 37.63504602444193 1.1440101806458527 0.0 1.0 1.0 1 0 0 0.0 1.0 0.0
cell 38.08449386256516 23.592863411544837 0.0 1.140175425099138 0.8770580193070291 1 0 0 0.9835507019887045 -0.1806322690371975 3.5048511670044937
cell 31.09671379416588 35.82936128345991 0.0 1.0 1.0 1 0 0 0.0 1.0 0.0
cell 11.867265184067628 32.29569506440186 0.0 1.0 1.0 1 0 0 0.0 1.0 0.0
cell 59.4507022195864 36.81115803411825 0.0 1.0 1.0 1 0 0 0.0 1.0 0.0
cell 31.403426317173754 4.031367710968107 0.0 1.0 1.0 1 0 0 0.0 1.0 0.0
cell 53.01218985549079 5.460664463727818 0.0 1.0 1.0 1 0 0 0.0 1.0 0.0
cell 23.890039425635 32.17652678611423 0.0 1.0 1.0 1 0 0 0.0 1.0 0.0
cell 25.911053367740678 23.069496213949762 0.0 1.0 1.0 1 0 0 0.0 1.0 0.0
cell 47.614840342623616 51.70669664319113 0.0 1.0 1.0 1 0 0 0.0 1.0 0.0
cell 25.144833982138575 0.19394811496719483 0.0 1.0 1.0 1 0 0 0.0 1.0 0.0
cell 11.382627063450883 18.97665952509433 0.0 1.0 1.0 1 0 0 0.0 1.0 0.0
cell 29.1032516395977 37.13053862151549 0.0 1.0 1.0 1 0 0 0.0 1.0 0.0
cell 47.71363909445798 23.140445297354713 0.0 1.0 1.0 1 0 0 0.0 1.0 0.0
cell 39.173592961507694 41.32302716541926 0.0 1.0 1.0 1 0 0 0.0 1.0 0.0
cell 17.442085085738718 12.57832592421929 0.0 1.0 1.0 1 0 0 0.0 1.0 0.0
cell 42.417164936954805 2.7706219463895385 0.0 1.0 1.0 1 0 0 0.0 1.0 0.0
cell 4.6653283069902685 36.355047463720396 0.0 1.0 1.0 1 0 0 0.0 1.0 0.0
cell 18.0815406618087 27.854291506517573 0.0 1.0 1.0 1 0 0 0.0 1.0 0.0
cell 4.532334811394928 55.28585567826042 0.0 1.0 1.0 1 0 0 0.0 1.0 0.0
cell 13.301697422619288 57.17632841628802 0.0 1.643167672515499 0.6085806194501844 1 0 0 0.532016926831544 -0.8467337182164884 5.161223714919396
cell 59.49965334019138 47.26820735527588 0.0 1.0 1.0 1 0 0 0.0 1.0 0.0
cell 19.475647038987837 9.45637483221088 0.0 1.0 1.0 1 0 0 0.0 1.0 0.0
cell 11.545908210423837 59.27002781827965 0.0 1.643167672515499 0.6085806194501844 1 0 0 0.4633125669973429 -0.8861949363781835 5.319726250461641
cell 0.9407791443601002 57.3902714504982 0.0 1.0 1.0 1 0 0 0.0 1.0 0.0
cell 42.97378158960395 47.37355907634464 0.0 1.0 1.0 1 0 0 0.0 1.0 0.0
cell 44.66524446048827 20.486120995550483 0.0 1.0 1.0 1 0 0 0.0 1.0 0.0
cell 34.23009077610248 32.35976029423517 0.0 1.643167672515499 0.6085806194501844 1 0 0 0.007047037030286431 -0.9999751693262657 6.269091116462737
cell 31.47473176758066 5.737855528718836 0.0 1.4491376746189442 0.690065559342354 1 0 0 0.8896926853459763 -0.4565598817700319 4.089842070687502
cell 60.16867496672225 32.98273042211155 0.0 1.0 1.0 1 0 0 0.0 1.0 0.0
cell 49.16696652954825 6.9511027251533335 0.0 1.0 1.0 1 0 0 0.0 1.0 0.0
cell 10.876089006271684 57.13325161762337 0.0 1.0 1.0 1 0 0 0.0 1.0 0.0
cell 3.628598599679426 34.69684937147058 0.0 1.0 1.0 1 0 0 0.0 1.0 0.0
cell 21.259873085961736 15.884662360459378 0.0 1.0 1.0 1 0 0 0.0 1.0 0.0
cell 51.628006548340444 30.851623090320462 0.0 1.5491933384829673 0.6454972243679027 1 0 0 0.1685949564006404 -0.9856854166904704 5.944377214111183
cell 28.873692706462652 46.74324205743611 0.0 1.341640786499874 0.7453559924999297 1 0 0 0.876766567668681 -0.48091619417366294 4.144991418831227
cell 55.7682520867531 28.668503240919538 0.0 1.643167672515499 0.6085806194501844 1 0 0 0.23600697450616362 -0.9717513611950575 5.806675937196609
cell 56.574519308750084 55.92060930749192 0.0 1.0 1.0 1 0 0 0.0 1.0 0.0
cell 34.62960534034915 31.175951386639863 0.0 1.643167672515499 0.6085806194501844 1 0 0 -0.1277514339233563 -0.9918062165214162 0.25620300816346386
cell 11.284209313748473 14.922788755480411 0.0 1.0 1.0 1 0 0 0.0 1.0 0.0
cell 12.407818667321477 1.8370015600956702 0.0 1.0 1.0 1 0 0 0.0 1.0 0.0
cell 53.24157667521725 51.728433813442706 0.0 1.0 1.0 1 0 0 0.0 1.0 0.0
cell 6.869433602755853 33.159975201492024 0.0 1.0 1.0 1 0 0 0.0 1.0 0.0
cell 60.57900146248974 43.74481743637698 0.0 1.0 1.0 1 0 0 0.0 1.0 0.0
cell 41.377885259053706 26.57852505037094 0.0 1.0 1.0 1 0 0 0.0 1.0 0.0
cell 3.3848917416922157 16.89325585948709 0.0 1.0 1.0 1 0 0 0.0 1.0 0.0
cell 1.4417789446467437 4.383900997554303 0.0 1.643167672515499 0.6085806194501844 1 0 0 0.5659839188652696 0.824416280519685 1.2032524773653848
cell 5.150468500548912 22.404003965048553 0.0 1.0 1.0 1 0 0 0.0 1.0 0.0
cell 28.253273876672296 33.31089850754076 0.0 1.2247448713915894 0.8164965809277259 1 0 0 0.27960587403585646 0.9601148656304852 0.5667671717893666
cell 52.019209791002126 36.635986052064546 0.0 1.0 1.0 1 0 0 0.0 1.0 0.0
cell 55.22302489739635 32.3147266406565 0.0 1.0 1.0 1 0 0 0.0 1.0 0.0
cell 24.130993160135013 51.9509203002996 0.0 1.643167672515499 0.6085806194501844 1 0 0 0.21602374137277755 -0.9763881109289007 5.8477048934824705
cell 52.234011002700655 20.303294706077065 0.0 1.0 1.0 1 0 0 0.0 1.0 0.0
cell 40.41481570457721 37.48535950994653 0.0 1.0 1.0 1 0 0 0.0 1.0 0.0
cell 38.079091524432094 60.137957677658136 0.0 1.0 1.0 1 0 0 0.0 1.0 0.0
cell 15.820880697389086 53.640131034915264 0.0 1.0 1.0 1 0 0 0.0 1.0 0.0
cell 8.47834988706548 40.90132832777564 0.0 1.4142135623730954 0.7071067811865474 1 0 0 0.9952647884825755 -0.09720082719161495 3.336301734661675
cell 36.87274173966512 55.510497210002974 0.0 1.643167672515499 0.6085806194501844 1 0 0 0.15586411834911765 -0.9877785058459474 5.970180901344154
cell 18.99465079579293 40.262418806536594 0.0 1.0 1.0 1 0 0 0.0 1.0 0.0
cell 16.59207222760082 20.7297209117122 0.0 1.0954451150103324 0.9128709291752768 1 0 0 0.019653317809607513 -0.9998068548970219 6.243876140736782
cell 57.042173648255044 1.991611376157505 0.0 1.0 1.0 1 0 0 0.0 1.0 0.0
cell 31.690323670360197 49.63562155632232 0.0 1.0 1.0 1 0 0 0.0 1.0 0.0
cell 59.648899358377975 7.457004751082562 0.0 1.0 1.0 1 0 0 0.0 1.0 0.0
cell 17.43657142809637 16.746468142941744 0.0 1.140175425099138 0.8770580193070291 1 0 0 0.4775744488041772 -0.8785912848699253 5.287401493675955
cell 16.794943528555986 44.338276497731094 0.0 1.0 1.0 1 0 0 0.0 1.0 0.0
cell 55.439714706841976 0.728469031667983 0.0 1.0 1.0 1 0 0 0.0 1.0 0.0
cell 3.5158734601011497 1.0685072857844005 0.0 1.2247448713915894 0.8164965809277259 1 0 0 0.851070018506462 0.5250522103557039 2.036039736274127
cell 32.59541788936449 57.24056204539208 0.0 1.643167672515499 0.6085806194501844 1 0 0 0.6271375739833971 -0.7789085076555649 4.927439645446606
cell 54.91708582302422 4.704509088295681 0.0 1.0 1.0 1 0 0 0.0 1.0 0.0
cell 30.180620942780692 2.237410751134591 0.0 1.643167672515499 0.6085806194501844 1 0 0 0.9775708409075523 -0.21060686362818534 3.5659840649051864
cell 16.77591591958399 29.516009385231335 0.0 1.0 1.0 1 0 0 0.0 1.0 0.0
cell 19.263898604229688 15.582565989668888 0.0 1.0 1.0 1 0 0 0.0 1.0 0.0
cell 15.618853772115841 5.563796385744133 0.0 1.0 1.0 1 0 0 0.0 1.0 0.0
cell 15.018367825225505 45.00569863169463 0.0 1.0 1.0 1 0 0 0.0 1.0 0.0
cell 45.16806579805853 25.6205649588045 0.0 1.0 1.0 1 0 0 0.0 1.0 0.0
cell 44.27862419545079 13.795911006770858 0.0 1.0 1.0 1 0 0 0.0 1.0 0.0
cell 24.465474478185584 39.60696392576819 0.0 1.0 1.0 1 0 0 0.0 1.0 0.0
cell 32.46721288337456 29.748394777326762 0.0 1.0 1.0 1 0 0 0.0 1.0 0.0
cell 13.877065349199485 32.54505558950747 0.0 1.0 1.0 1 0 0 0.0 1.0 0.0
cell 37.53401286167769 11.625939375778351 0.0 1.0 1.0 1 0 0 0.0 1.0 0.0
cell 40.612494500983125 21.491637153773414 0.0 1.0 1.0 1 0 0 0.0 1.0 0.0
cell 38.620285745837236 19.831514619541135 0.0 1.0954451150103324 0.9128709291752768 1 0 0 0.9887665182312907 -0.1494682990629471 3.4416536720794624
cell 48.03212303351591 1.8496663686170818 0.0 1.0 1.0 1 0 0 0.0 1.0 0.0
cell 44.521909733766286 1.50449753853371 0.0 1.0 1.0 1 0 0 0.0 1.0 0.0
cell 36.242958369796796 24.12561679426271 0.0 1.264911064067352 0.7905694150420947 1 0 0 0.904697387461332 -0.4260547348881838 4.021847471092358
cell 27.6318895945432 27.795518227226154 0.0 1.0 1.0 1 0 0 0.0 1.0 0.0
cell 15.577281269497178 31.562091776810444 0.0 1.0 1.0 1 0 0 0.0 1.0 0.0
cell 51.72604443852822 27.392066679849393 0.0 1.0 1.0 1 0 0 0.0 1.0 0.0
cell 40.005646100257984 51.305178554053434 0.0 1.0 1.0 1 0 0 0.0 1.0 0.0
cell 14.054695734781737 27.780784645092876 0.0 1.0 1.0 1 0 0 0.0 1.0 0.0
cell 54.6713821721114 39.468214340561104 0.0 1.0 1.0 1 0 0 0.0 1.0 0.0
cell 4.114278179747301 24.105160365439705 0.0 1.0 1.0 1 0 0 0.0 1.0 0.0
cell 15.363064672470765 22.50157401863306 0.0 1.0 1.0 1 0 0 0.0 1.0 0.0
cell 13.932859389455716 60.1681204113971 0.0 1.6124515496597105 0.6201736729460421 1 0 0 -0.2823359759264288 -0.9593155876444784 0.5724565679221527
cell 40.01988898730762 53.14995645345044 0.0 1.0 1.0 1 0 0 0.0 1.0 0.0
cell 50.380333349120164 28.857502977382175 0.0 1.643167672515499 0.6085806194501844 1 0 0 0.005532416966506782 -0.9999846960641491 6.272120416801058
cell 26.909610371287407 31.274250974731842 0.0 1.0 1.0 1 0 0 0.0 1.0 0.0
cell 47.140925920390195 31.0923799185824 0.0 1.643167672515499 0.6085806194501844 1 0 0 0.17660555829086239 -0.984281706007367 5.928111850804826
cell 4.970762089871255 29.467316605369962 0.0 1.0 1.0 1 0 0 0.0 1.0 0.0
cell 1.5163744379048862 34.75287092313299 0.0 1.0 1.0 1 0 0 0.0 1.0 0.0
cell 13.684349500676422 43.75387984034282 0.0 1.6124515496597105 0.6201736729460421 1 0 0 0.6304810954021391 -0.7762046046890722 4.918839586093189
cell 53.76628448505816 21.791779037971743 0.0 1.0 1.0 1 0 0 0.0 1.0 0.0
cell 1.6451287828623862 47.14599843838471 0.0 1.0 1.0 1 0 0 0.0 1.0 0.0
cell 16.6624731541179 37.836562772893814 0.0 1.0 1.0 1 0 0 0.0 1.0 0.0
cell 44.43451278448895 36.657137752343644 0.0 1.0 1.0 1 0 0 0.0 1.0 0.0
cell 4.888874083996821 3.4322237558823825 0.0 1.140175425099138 0.8770580193070291 1 0 0 0.9492873607411337 0.3144097751933496 2.501922984990945
cell 12.973422621895716 55.177825380065904 0.0 1.0954451150103324 0.9128709291752768 1 0 0 0.731208613065263 -0.6821539153146997 4.64300124243879
cell 18.418074383695593 45.634614996268986 0.0 1.0 1.0 1 0 0 0.0 1.0 0.0
cell 54.01812972233889 36.1782925712674 0.0 1.0 1.0 1 0 0 0.0 1.0 0.0
cell 6.744421930784616 11.51552489159318 0.0 1.5165750888103104 0.6593804733957869 1 0 0 0.5637151075396856 0.8259692957559142 1.1977536171500098
cell 12.990512662007573 30.642774052734556 0.0 1.0 1.0 1 0 0 0.0 1.0 0.0
cell 19.66013910437383 58.84740126859594 0.0 1.0 1.0 1 0 0 0.0 1.0 0.0
cell 5.361213880868427 51.50147180050871 0.0 1.0 1.0 1 0 0 0.0 1.0 0.0
cell 47.74109187892699 32.56504595931156 0.0 1.0 1.0 1 0 0 0.0 1.0 0.0
cell 15.415961570702192 33.823813368937955 0.0 1.0488088481701516 0.9534625892455922 1 0 0 0.9167511786823174 0.3994587292632141 2.3197399589254846
cell 24.978979532043947 37.83877104920321 0.0 1.643167672515499 0.6085806194501844 1 0 0 0.9654877653134781 -0.26044841145606207 3.6685658819186613
cell 23.115436054673296 25.75174791438754 0.0 1.0 1.0 1 0 0 0.0 1.0 0.0
cell 12.355178091847431 17.254325763147406 0.0 1.0 1.0 1 0 0 0.0 1.0 0.0
cell 52.620762897210206 34.78640487635935 0.0 1.0 1.0 1 0 0 0.0 1.0 0.0
cell 11.73556298878395 13.13083546144752 0.0 1.4491376746189442 0.690065559342354 1 0 0 0.09080442563497422 -0.9958687445065753 6.101325951046063
cell 30.761229628425106 48.0446865652752 0.0 1.0 1.0 1 0 0 0.0 1.0 0.0
cell 52.343435248945134 57.316779012704664 0.0 1.0 1.0 1 0 0 0.0 1.0 0.0
cell 3.0310156930035674 25.856775733511295 0.0 1.0 1.0 1 0 0 0.0 1.0 0.0
cell 27.334683947228374 47.38530724820183 0.0 1.0 1.0 1 0 0 0.0 1.0 0.0
cell 42.80767469084402 10.8160533769247 0.0 1.0 1.0 1 0 0 0.0 1.0 0.0
cell 41.53372948760347 46.00355345487405 0.0 1.0 1.0 1 0 0 0.0 1.0 0.0
cell 33.305409812671336 16.510159465296624 0.0 1.5165750888103104 0.6593804733957869 1 0 0 0.9919661489654139 0.12650359404667658 2.887905739981958
cell 37.13894192323796 3.5334504839418828 0.0 1.140175425099138 0.8770580193070291 1 0 0 0.6911229966421149 0.7227371607385518 1.5260834225931823
cell 34.53305076837907 25.139775187065563 0.0 1.0 1.0 1 0 0 0.0 1.0 0.0
cell 42.071641250567865 44.18318955533142 0.0 1.0 1.0 1 0 0 0.0 1.0 0.0
cell 24.20941767077353 48.91022774653453 0.0 1.0 1.0 1 0 0 0.0 1.0 0.0
cell 39.9415901097733 59.30058196671183 0.0 1.0 1.0 1 0 0 0.0 1.0 0.0
cell 57.96930016401858 18.467525496822773 0.0 1.0 1.0 1 0 0 0.0 1.0 0.0
cell 39.05179006543756 35.99737570474989 0.0 1.0 1.0 1 0 0 0.0 1.0 0.0
cell 34.47504571852336 27.171320310135027 0.0 1.0 1.0 1 0 0 0.0 1.0 0.0
cell 54.78485034681616 44.75378082025283 0.0 1.0 1.0 1 0 0 0.0 1.0 0.0
cell 1.1207158194315556 9.047346591596098 0.0 1.0954451150103324 0.9128709291752768 1 0 0 0.02420211185180067 -0.9997070859916484 6.2347763568304515
cell 42.81653164703271 0.7207705819210729 0.0 1.0 1.0 1 0 0 0.0 1.0 0.0
cell 5.454619066606229 43.08287305326978 0.0 1.0 1.0 1 0 0 0.0 1.0 0.0
cell 24.03612784920689 9.155796222807941 0.0 1.0 1.0 1 0 0 0.0 1.0 0.0
cell 39.43738543616347 18.00158100451641 0.0 1.0488088481701516 0.9534625892455922 1 0 0 0.9243762275916818 0.3814820963864115 2.358794424325772
cell 29.685085171145012 45.08464643575464 0.0 1.0 1.0 1 0 0 0.0 1.0 0.0
cell 5.794096558936138 34.87909592497951 0.0 1.0 1.0 1 0 0 0.0 1.0 0.0
cell 7.3003036412855 45.21571638946484 0.0 1.4832396974191329 0.6741998624632419 1 0 0 0.9976727556390806 -0.06818410852627771 3.2780667566059596
cell 36.78587678075211 58.69408502194372 0.0 1.0 1.0 1 0 0 0.0 1.0 0.0
cell 16.474403351629178 0.7607007178112773 0.0 1.4491376746189442 0.690065559342354 1 0 0 0.27035524356393326 -0.9627606360240776 5.7356613138468795
cell 17.535080626528885 18.90522486898025 0.0 1.0488088481701516 0.9534625892455922 1 0 0 0.8167189384159275 -0.5770356796877992 4.371781592094897
cell 12.440054998330366 42.289382466297845 0.0 1.4832396974191329 0.6741998624632419 1 0 0 0.9814368996952474 0.19178532768848836 2.7556308134447427
cell 30.918869701096217 18.420765615933334 0.0 1.643167672515499 0.6085806194501844 1 0 0 0.882258996914968 0.47076433845672133 2.1612788126642655
cell 14.2478928372804 14.519431107493576 0.0 1.643167672515499 0.6085806194501844 1 0 0 0.5874967746694494 0.8092265070751169 1.255923997871109
cell 33.74932862057561 10.348650199669839 0.0 1.0 1.0 1 0 0 0.0 1.0 0.0
cell 53.57781317765519 27.22371261102701 0.0 1.0 1.0 1 0 0 0.0 1.0 0.0
cell 26.742483114043637 50.556037228042555 0.0 1.643167672515499 0.6085806194501844 1 0 0 0.12865300543424948 -0.9916896713149407 6.025164152672926
cell 60.14029974219109 56.29033214682431 0.0 1.0 1.0 1 0 0 0.0 1.0 0.0
cell 12.00736760341389 3.528655587123241 0.0 1.264911064067352 0.7905694150420947 1 0 0 0.8703914294696354 -0.49236039595585335 4.171191769651156
cell 58.4554334512544 55.12834617373501 0.0 1.0 1.0 1 0 0 0.0 1.0 0.0
cell 43.94369598421163 15.643692944430306 0.0 1.0 1.0 1 0 0 0.0 1.0 0.0
cell 60.00407588671895 40.29509766845287 0.0 1.0 1.0 1 0 0 0.0 1.0 0.0
cell 21.300194051378092 26.47753348465448 0.0 1.0 1.0 1 0 0 0.0 1.0 0.0
cell 14.924405862425496 56.94979693884434 0.0 1.0 1.0 1 0 0 0.0 1.0 0.0
cell 29.150108736569972 41.24586375720289 0.0 1.0 1.0 1 0 0 0.0 1.0 0.0
cell 32.736126708396725 18.40248523033046 0.0 1.4491376746189442 0.690065559342354 1 0 0 0.9583192757104431 0.2856994326242386 2.5621202489971653
cell 27.01845722658929 5.129768030549345 0.0 1.0 1.0 1 0 0 0.0 1.0 0.0
cell 29.89146679071309 39.48152261765572 0.0 1.0 1.0 1 0 0 0.0 1.0 0.0
cell 44.20531742730647 22.254064519210665 0.0 1.0 1.0 1 0 0 0.0 1.0 0.0
cell 38.601700844040835 43.1869328303464 0.0 1.0 1.0 1 0 0 0.0 1.0 0.0
cell 53.94760367857666 12.271294884191294 0.0 1.0 1.0 1 0 0 0.0 1.0 0.0
cell 5.214014813739117 18.73567241402393 0.0 1.0 1.0 1 0 0 0.0 1.0 0.0
cell 19.1928767596391 17.53647163598739 0.0 1.0 1.0 1 0 0 0.0 1.0 0.0
cell 6.39414721977442 41.289984745525636 0.0 1.0 1.0 1 0 0 0.0 1.0 0.0
cell 46.63269518943456 41.315248496760105 0.0 1.0 1.0 1 0 0 0.0 1.0 0.0
cell 9.933630457170452 31.553219503682147 0.0 1.0 1.0 1 0 0 0.0 1.0 0.0
cell 41.871140140680644 16.146124332416754 0.0 1.0 1.0 1 0 0 0.0 1.0 0.0
cell 20.43785898277111 60.63547304918763 0.0 1.0 1.0 1 0 0 0.0 1.0 0.0
cell 47.488702747659545 5.7391363331733745 0.0 1.0 1.0 1 0 0 0.0 1.0 0.0
cell 27.298668585961146 42.99903527819159 0.0 1.6124515496597105 0.6201736729460421 1 0 0 0.7834852730346005 -0.6214103530984156 4.482675698757141
cell 58.86312545835117 5.384040636905314 0.0 1.264911064067352 0.7905694150420947 1 0 0 0.6287344868657972 -0.7776200518412592 4.923335866399641
cell 25.784388530267794 43.720240526098095 0.0 1.0 1.0 1 0 0 0.0 1.0 0.0
cell 2.7655844557226774 56.383167881472104 0.0 1.0 1.0 1 0 0 0.0 1.0 0.0
cell 14.139796452655016 2.919535278794158 0.0 1.0 1.0 1 0 0 0.0 1.0 0.0
cell 24.10656543144241 50.65995495682608 0.0 1.643167672515499 0.6085806194501844 1 0 0 0.22938867920285094 -0.9733349032340162 5.820286171114624
cell 23.307031207507723 15.814549111932802 0.0 1.0 1.0 1 0 0 0.0 1.0 0.0
cell 52.16135435392623 11.21502653013237 0.0 1.0 1.0 1 0 0 0.0 1.0 0.0
cell 38.1390357333285 52.88406985623478 0.0 1.0 1.0 1 0 0 0.0 1.0 0.0
cell 17.935961138572257 49.68785283002025 0.0 1.0 1.0 1 0 0 0.0 1.0 0.0
cell 47.763225818068726 3.8203424554492513 0.0 1.0 1.0 1 0 0 0.0 1.0 0.0
cell 42.024713835784326 56.535747491714986 0.0 1.0 1.0 1 0 0 0.0 1.0 0.0
cell 20.037649246781307 3.078971075842824 0.0 1.0 1.0 1 0 0 0.0 1.0 0.0
cell 60.75469090250015 38.424846709339555 0.0 1.0 1.0 1 0 0 0.0 1.0 0.0
cell 60.904594947988286 27.528348223731882 0.0 1.0 1.0 1 0 0 0.0 1.0 0.0
cell 15.512495236640657 11.68710740838572 0.0 1.0 1.0 1 0 0 0.0 1.0 0.0
cell 19.919441019377956 50.276533566618355 0.0 1.0 1.0 1 0 0 0.0 1.0 0.0
cell 9.661621928797265 55.931824998629104 0.0 1.0 1.0 1 0 0 0.0 1.0 0.0
cell 51.875312854596636 48.71311870271267 0.0 1.0 1.0 1 0 0 0.0 1.0 0.0
cell 17.565029178451297 10.53087207642029 0.0 1.0 1.0 1 0 0 0.0 1.0 0.0
cell 31.10330436580892 8.196850888199226 0.0 1.643167672515499 0.6085806194501844 1 0 0 0.6522580540947649 -0.757996986055031 4.862066091741142
cell 40.01412926272902 44.617199949582215 0.0 1.0 1.0 1 0 0 0.0 1.0 0.0
cell 13.341866037837859 39.714709221543956 0.0 1.6124515496597105 0.6201736729460421 1 0 0 0.999014035095773 0.04439546915690383 3.0527725221793167
cell 9.113661152496437 26.09179814373938 0.0 1.0 1.0 1 0 0 0.0 1.0 0.0
cell 58.00384639283739 40.651963504582504 0.0 1.0 1.0 1 0 0 0.0 1.0 0.0
cell 37.07341305282751 36.38085416237364 0.0 1.0 1.0 1 0 0 0.0 1.0 0.0
cell 13.324695327664807 22.500228639233153 0.0 1.0 1.0 1 0 0 0.0 1.0 0.0
cell 12.300543439216199 0.001953587466871909 0.0 1.0 1.0 1 0 0 0.0 1.0 0.0
cell 37.74017913537196 27.706106065074994 0.0 1.0 1.0 1 0 0 0.0 1.0 0.0
cell 11.773075841451872 5.857248451495081 0.0 1.643167672515499 0.6085806194501844 1 0 0 0.4786901329143695 -0.8779839159406186 5.284860904557651
cell 56.06552875394614 35.72024099916984 0.0 1.0 1.0 1 0 0 0.0 1.0 0.0
cell 20.66887346087332 24.59872364111595 0.0 1.0954451150103324 0.9128709291752768 1 0 0 0.9806680094974259 0.19567895939103036 2.7476931612358437
cell 19.634891102492766 48.60827215356322 0.0 1.0 1.0 1 0 0 0.0 1.0 0.0
cell 14.73394079982091 41.14314745884913 0.0 1.643167672515499 0.6085806194501844 1 0 0 0.9848271768754924 -0.173537983414144 3.4904347178423043
cell 32.61872979324836 0.15140801532188394 0.0 1.0 1.0 1 0 0 0.0 1.0 0.0
cell 14.423270219679374 20.73911160981445 0.0 1.0 1.0 1 0 0 0.0 1.0 0.0
cell 47.86299959641752 37.6311961557445 0.0 1.0 1.0 1 0 0 0.0 1.0 0.0
cell 54.897457691239374 54.68826546549753 0.0 1.0 1.0 1 0 0 0.0 1.0 0.0
cell 34.001649036386105 33.96537967876501 0.0 1.0 1.0 1 0 0 0.0 1.0 0.0
cell 8.047192992379628 27.852839962634228 0.0 1.0 1.0 1 0 0 0.0 1.0 0.0
cell 35.92959643762928 53.66057419886259 0.0 1.643167672515499 0.6085806194501844 1 0 0 0.11538778161967532 -0.9933205222147029 6.05189454709604
cell 29.973726355903047 23.091346053055076 0.0 1.140175425099138 0.8770580193070291 1 0 0 0.5120944521985226 -0.8589291426115981 5.207942369999924
cell 3.774686197431371 48.86900781615353 0.0 1.0 1.0 1 0 0 0.0 1.0 0.0
cell 14.275982941788698 24.254348129238714 0.0 1.0 1.0 1 0 0 0.0 1.0 0.0
cell 31.64055586947425 31.90263642336864 0.0 1.643167672515499 0.6085806194501844 1 0 0 0.184333618732104 -0.9828637326736231 5.912397668147442
cell 20.38941316139227 7.668029442262208 0.0 1.0 1.0 1 0 0 0.0 1.0 0.0
cell 58.6862563863592 38.7231201247652 0.0 1.0 1.0 1 0 0 0.0 1.0 0.0
cell 51.87186638635137 0.29915184356326735 0.0 1.0 1.0 1 0 0 0.0 1.0 0.0
cell 26.031430196556308 40.49793748876991 0.0 1.58113883008419 0.6324555320336757 1 0 0 0.7649947061576231 -0.64403656693608 4.5411190859786545
cell 54.2223704321364 46.51052444104347 0.0 1.0 1.0 1 0 0 0.0 1.0 0.0
cell 26.35328453286402 1.752069488891655 0.0 1.0 1.0 1 0 0 0.0 1.0 0.0
cell 34.31482920586775 29.261843954926842 0.0 1.0 1.0 1 0 0 0.0 1.0 0.0
cell 23.16320188583383 0.6295693074363207 0.0 1.0 1.0 1 0 0 0.0 1.0 0.0
cell 29.931778949150296 56.16958198265914 0.0 1.0 1.0 1 0 0 0.0 1.0 0.0
cell 55.069581107551286 52.71120159838612 0.0 1.0 1.0 1 0 0 0.0 1.0 0.0
cell 24.945491641151037 57.62520042537925 0.0 1.0 1.0 1 0 0 0.0 1.0 0.0
cell 17.943739999761853 34.75516053611653 0.0 1.0 1.0 1 0 0 0.0 1.0 0.0
cell 47.26713976921116 39.436167359107195 0.0 1.0 1.0 1 0 0 0.0 1.0 0.0
cell 8.259681221281781 57.476236831408364 0.0 1.0 1.0 1 0 0 0.0 1.0 0.0
cell 20.944331924457153 12.630212127290116 0.0 1.0 1.0 1 0 0 0.0 1.0 0.0
cell 26.169397069323583 26.760809717560505 0.0 1.643167672515499 0.6085806194501844 1 0 0 0.7590724983298435 0.651006100032319 1.7237744175491325
cell 20.222863968656878 56.51409062260109 0.0 1.0488088481701516 0.9534625892455922 1 0 0 0.7282435129090296 -0.6853184558334293 4.651674457552878
cell 13.148114741750128 47.78918154281577 0.0 1.643167672515499 0.6085806194501844 1 0 0 0.5913917392459862 -0.80638440631724 5.017618004727417
cell 35.35123421553884 35.358448888968766 0.0 1.0 1.0 1 0 0 0.0 1.0 0.0
cell 8.63965193396357 3.3349269710213867 0.0 1.643167672515499 0.6085806194501844 1 0 0 0.7458508950165897 -0.666112935171621 4.599562641708839
cell 53.918260024880674 31.00579066679374 0.0 1.0 1.0 1 0 0 0.0 1.0 0.0
cell 57.845472197946954 30.054590414569688 0.0 1.0 1.0 1 0 0 0.0 1.0 0.0
cell 45.45185548989905 56.77702326174335 0.0 1.0 1.0 1 0 0 0.0 1.0 0.0
cell 19.236084461144344 26.172355737702535 0.0 1.0 1.0 1 0 0 0.0 1.0 0.0
cell 7.826613639677993 59.30852084388337 0.0 1.0 1.0 1 0 0 0.0 1.0 0.0
cell 41.751203611931146 33.706321395771255 0.0 1.0 1.0 1 0 0 0.0 1.0 0.0
cell 45.735118313623 54.76902203901168 0.0 1.0 1.0 1 0 0 0.0 1.0 0.0
cell 28.95229088520923 31.59701838908699 0.0 1.0 1.0 1 0 0 0.0 1.0 0.0
cell 6.266920822289524 56.348128769584285 0.0 1.0 1.0 1 0 0 0.0 1.0 0.0
cell 45.55474226765601 16.89813224203637 0.0 1.0 1.0 1 0 0 0.0 1.0 0.0
cell 56.82941566475849 6.03122765438758 0.0 1.0954451150103324 0.9128709291752768 1 0 0 0.09162261714156864 -0.995793801963102 6.099682717935077
cell 3.601479884068996 43.5407659122685 0.0 1.0 1.0 1 0 0 0.0 1.0 0.0
cell 36.51492599560411 19.8506014062658 0.0 1.341640786499874 0.7453559924999297 1 0 0 0.9259566709830991 -0.3776297703596695 3.916063039872347
cell 37.65702577857114 29.751881391663215 0.0 1.0 1.0 1 0 0 0.0 1.0 0.0
cell 34.539324001707854 43.97971544925283 0.0 1.0 1.0 1 0 0 0.0 1.0 0.0
cell 23.94339480934909 43.57007720556675 0.0 1.0 1.0 1 0 0 0.0 1.0 0.0
cell 16.0597196480993 7.782023489131591 0.0 1.643167672515499 0.6085806194501844 1 0 0 -0.9316205372898767 -0.3634324896039447 2.3976932804795013
cell 51.03535569680132 54.15666035301394 0.0 1.0 1.0 1 0 0 0.0 1.0 0.0
cell 10.225446848781315 24.328053733739775 0.0 1.0 1.0 1 0 0 0.0 1.0 0.0
cell 17.32442957250713 33.038737382248115 0.0 1.0 1.0 1 0 0 0.0 1.0 0.0
cell 9.726415359111416 2.6990334841560055 0.0 1.643167672515499 0.6085806194501844 1 0 0 0.7037677688575312 -0.7104301003739161 4.721810974823312
cell 40.124873919729964 57.24578363314965 0.0 1.0 1.0 1 0 0 0.0 1.0 0.0
cell 40.77786952505746 11.665883363822475 0.0 1.0 1.0 1 0 0 0.0 1.0 0.0
cell 54.19531497888 19.784078804199897 0.0 1.0 1.0 1 0 0 0.0 1.0 0.0
cell 44.239548419669816 3.3722523172465824 0.0 1.0 1.0 1 0 0 0.0 1.0 0.0
cell 41.148442134030596 55.361734371179914 0.0 1.643167672515499 0.6085806194501844 1 0 0 0.24318572531065138 -0.9699797436055726 5.791887652496387
cell 48.002195536889126 49.81693883745288 0.0 1.0 1.0 1 0 0 0.0 1.0 0.0
cell 48.62169801240915 40.83054062867028 0.0 1.0 1.0 1 0 0 0.0 1.0 0.0
cell 47.279559358898034 55.84103832350378 0.0 1.0 1.0 1 0 0 0.0 1.0 0.0
cell 57.9511143068938 45.96958329505405 0.0 1.0 1.0 1 0 0 0.0 1.0 0.0
cell 7.008100792479787 2.4909205104111862 0.0 1.0 1.0 1 0 0 0.0 1.0 0.0
cell 30.69126097539265 11.397109323200313 0.0 1.58113883008419 0.6324555320336757 1 0 0 0.585426499882463 -0.810725485744323 5.032373247610537
cell 49.26493854912845 38.965366247552545 0.0 1.0 1.0 1 0 0 0.0 1.0 0.0
cell 59.27688566714844 42.17596392134085 0.0 1.0 1.0 1 0 0 0.0 1.0 0.0
cell 1.572592749110611 43.61564852580632 0.0 1.0 1.0 1 0 0 0.0 1.0 0.0
cell 46.669294333800906 19.96939165534557 0.0 1.0 1.0 1 0 0 0.0 1.0 0.0
cell 27.783400150680997 59.10240318931666 0.0 1.0 1.0 1 0 0 0.0 1.0 0.0
cell 45.21975432881512 39.95552874989165 0.0 1.0 1.0 1 0 0 0.0 1.0 0.0
cell 4.511828471789931 45.2486042333793 0.0 1.643167672515499 0.6085806194501844 1 0 0 0.9444554441721877 0.3286394893702148 2.471867274490137
cell 18.70850763607261 21.115492510166437 0.0 1.0 1.0 1 0 0 0.0 1.0 0.0
cell 22.593985429852903 39.9140476050883 0.0 1.0 1.0 1 0 0 0.0 1.0 0.0
cell 17.5211115372183 14.61360492198343 0.0 1.0 1.0 1 0 0 0.0 1.0 0.0
cell 23.37325048720661 23.782851367130913 0.0 1.0 1.0 1 0 0 0.0 1.0 0.0
cell 18.287182168573878 36.61036288420286 0.0 1.0 1.0 1 0 0 0.0 1.0 0.0
cell 59.003141095248985 27.10125648045495 0.0 1.0 1.0 1 0 0 0.0 1.0 0.0
cell 0.5587260312286431 36.56224788306033 0.0 1.0 1.0 1 0 0 0.0 1.0 0.0
cell 9.260519717174684 22.526466803515696 0.0 1.0 1.0 1 0 0 0.0 1.0 0.0
cell 2.478186431151948 13.707638091099444 0.0 1.0488088481701516 0.9534625892455922 1 0 0 0.26773773831854325 0.9634918284448868 0.542088561201974
cell 32.89585761478406 42.67923581933052 0.0 1.0 1.0 1 0 0 0.0 1.0 0.0
cell 4.186968177903262 20.54467351775106 0.0 1.0 1.0 1 0 0 0.0 1.0 0.0
cell 43.506627699539116 17.403002531911756 0.0 1.0 1.0 1 0 0 0.0 1.0 0.0
cell 45.090216906288624 18.684062162603354 0.0 1.0 1.0 1 0 0 0.0 1.0 0.0
cell 11.63582033762744 45.86222462218218 0.0 1.643167672515499 0.6085806194501844 1 0 0 -0.346542544156355 0.9380342558188591 5.575419847302527
cell 52.459692485792324 9.33824212733287 0.0 1.0 1.0 1 0 0 0.0 1.0 0.0
cell 22.216596782899757 8.407812902325606 0.0 1.0954451150103324 0.9128709291752768 1 0 0 0.7920024565400666 0.6105179021408789 1.8281639714687086
cell 22.17483575791993 56.749968422231476 0.0 1.0 1.0 1 0 0 0.0 1.0 0.0
cell 21.18158385331503 51.35255592307469 0.0 1.643167672515499 0.6085806194501844 1 0 0 0.2028731463643072 -0.9792050278078879 5.8746029154249335
cell 34.44072928842119 52.53618435341143 0.0 1.0 1.0 1 0 0 0.0 1.0 0.0
cell 24.949584729364275 17.371453372893367 0.0 1.4142135623730954 0.7071067811865474 1 0 0 0.8195916498945203 -0.5729481018584303 4.361789432034022
cell 55.31772555053424 27.125297800104267 0.0 1.0 1.0 1 0 0 0.0 1.0 0.0
cell 45.71061138053425 32.8289310775306 0.0 1.0 1.0 1 0 0 0.0 1.0 0.0
cell 25.849898731003265 10.616593862652614 0.0 1.0 1.0 1 0 0 0.0 1.0 0.0
cell 2.9079319186104997 29.41686922440693 0.0 1.0 1.0 1 0 0 0.0 1.0 0.0
cell 10.43971072502881 58.477062009908884 0.0 1.6124515496597105 0.6201736729460421 1 0 0 0.18420597639616026 -0.9828876630927551 5.91265740055519
cell 24.70026693211638 36.018458793683756 0.0 1.6124515496597105 0.6201736729460421 1 0 0 0.9106830035390033 -0.41310587875892024 3.9933165106447164
cell 48.56250314146151 58.94689453080879 0.0 1.0 1.0 1 0 0 0.0 1.0 0.0
cell 19.542817685085325 19.283901091202083 0.0 1.0 1.0 1 0 0 0.0 1.0 0.0
cell 21.223283017156305 58.307362009783944 0.0 1.0 1.0 1 0 0 0.0 1.0 0.0
cell 6.610987047646316 4.36004504683505 0.0 1.643167672515499 0.6085806194501844 1 0 0 0.2192848094706399 -0.9756608900306628 5.8410225508516564
cell 54.29992606449446 56.540472503037165 0.0 1.0 1.0 1 0 0 0.0 1.0 0.0
cell 1.1668503322010857 53.32246782629112 0.0 1.0 1.0 1 0 0 0.0 1.0 0.0
cell 57.2783070644796 42.5317936308392 0.0 1.0 1.0 1 0 0 0.0 1.0 0.0
cell 57.66349468887774 13.06124932208682 0.0 1.0 1.0 1 0 0 0.0 1.0 0.0
cell 2.8567119911224004 3.3189316453034263 0.0 1.0954451150103324 0.9128709291752768 1 0 0 0.5814144994625249 0.8136075096843328 1.2409323310337397
cell 8.383567138979629 48.79412404676498 0.0 1.6124515496597105 0.6201736729460421 1 0 0 0.7355865800338813 0.677430722121501 1.6530643274816543
cell 39.49107566135654 46.39350526204973 0.0 1.0 1.0 1 0 0 0.0 1.0 0.0
cell 26.97540867955221 37.09283009841568 0.0 1.0954451150103324 0.9128709291752768 1 0 0 0.9391372791607152 0.34354209478695447 2.4402207422153936
cell 29.075804021998465 54.31244127070947 0.0 1.0 1.0 1 0 0 0.0 1.0 0.0
cell 38.065801021558435 51.37281113878716 0.0 1.0 1.0 1 0 0 0.0 1.0 0.0
cell 46.54650668233819 27.071456936822848 0.0 1.0 1.0 1 0 0 0.0 1.0 0.0
cell 45.569894959711924 51.70151170901158 0.0 1.0 1.0 1 0 0 0.0 1.0 0.0
cell 30.410039141184548 57.90345170214695 0.0 1.643167672515499 0.6085806194501844 1 0 0 0.57398663845623 -0.8188646645653463 5.060453126480073
cell 58.455585950412264 33.301138043926535 0.0 1.0 1.0 1 0 0 0.0 1.0 0.0
cell 40.548844335611335 3.5749755452769514 0.0 1.0 1.0 1 0 0 0.0 1.0 0.0
cell 1.0288631112462483 55.33068681958139 0.0 1.0 1.0 1 0 0 0.0 1.0 0.0
cell 13.160333043247919 25.963432925496882 0.0 1.0 1.0 1 0 0 0.0 1.0 0.0
cell 20.336892195099146 5.63266776530773 0.0 1.0 1.0 1 0 0 0.0 1.0 0.0
cell 37.49287088977494 46.76888234940392 0.0 1.0 1.0 1 0 0 0.0 1.0 0.0
cell 59.782917754172566 29.383415782525294 0.0 1.0 1.0 1 0 0 0.0 1.0 0.0
cell 18.779815427266808 4.662958797777691 0.0 1.0 1.0 1 0 0 0.0 1.0 0.0
cell 14.41211789823924 58.6577703468234 0.0 1.0 1.0 1 0 0 0.0 1.0 0.0
cell 22.17516010459533 22.257536456595655 0.0 1.0 1.0 1 0 0 0.0 1.0 0.0
cell 24.44356718082356 11.519873082235904 0.0 1.643167672515499 0.6085806194501844 1 0 0 0.45220236271209496 0.8919153677101874 0.938466097222289
cell 16.062361879253974 27.776882489224747 0.0 1.0 1.0 1 0 0 0.0 1.0 0.0
cell 8.471725419796039 17.32942848618648 0.0 1.0 1.0 1 0 0 0.0 1.0 0.0
cell 23.896112698599804 7.128070625399658 0.0 1.0 1.0 1 0 0 0.0 1.0 0.0
cell 2.4618771686456813 60.425491096572124 0.0 1.0 1.0 1 0 0 0.0 1.0 0.0
cell 20.75822160081572 20.890683773079243 0.0 1.0 1.0 1 0 0 0.0 1.0 0.0
cell 18.660087332099632 43.663482783297326 0.0 1.0 1.0 1 0 0 0.0 1.0 0.0
cell 10.664343478229009 33.96157128402447 0.0 1.0 1.0 1 0 0 0.0 1.0 0.0
cell 32.581637252275236 52.86536751405121 0.0 1.0 1.0 1 0 0 0.0 1.0 0.0
cell 42.863249241011154 6.946399263825087 0.0 1.0 1.0 1 0 0 0.0 1.0 0.0
cell 22.283744959849088 59.977652364230536 0.0 1.0 1.0 1 0 0 0.0 1.0 0.0
cell 49.41444933390936 5.02087592912593 0.0 1.0 1.0 1 0 0 0.0 1.0 0.0
cell 60.91029338376855 10.638015816558418 0.0 1.0 1.0 1 0 0 0.0 1.0 0.0
cell 26.674601223470706 19.611952729088266 0.0 1.4142135623730954 0.7071067811865474 1 0 0 0.9126895378509594 -0.4086536522501691 3.9835495155640683
cell 57.85429816391475 8.02821353480861 0.0 1.1832159566199234 0.8451542547285166 1 0 0 0.6384192970545208 0.7696887690153804 1.3848856419262898
cell 0.09251420940829523 48.270018295732626 0.0 1.0 1.0 1 0 0 0.0 1.0 0.0
cell 37.78470011611732 39.8151210885223 0.0 1.0 1.0 1 0 0 0.0 1.0 0.0
cell 23.70575244506395 4.432265344638622 0.0 1.0 1.0 1 0 0 0.0 1.0 0.0
cell 29.702954478838652 3.962871014924503 0.0 1.643167672515499 0.6085806194501844 1 0 0 0.7232833671527158 -0.6905513527611323 4.666094787839753
cell 32.116175397026566 10.534715486720689 0.0 1.643167672515499 0.6085806194501844 1 0 0 0.7471817356462215 -0.6646197814665916 4.59556231867084
cell 55.481113833303894 13.59129977247535 0.0 1.0 1.0 1 0 0 0.0 1.0 0.0
cell 1.05361720055969 15.10395931454923 0.0 1.0 1.0 1 0 0 0.0 1.0 0.0
cell 59.0089020100708 23.775065558507148 0.0 1.0 1.0 1 0 0 0.0 1.0 0.0
cell 10.995123878141637 37.737446000978224 0.0 1.0 1.0 1 0 0 0.0 1.0 0.0
cell 11.47541555052164 40.7905788586401 0.0 1.643167672515499 0.6085806194501844 1 0 0 0.9998023133838109 -0.019883011652666347 3.18136129750588
cell 2.6373072280318097 45.33784328315518 0.0 1.0 1.0 1 0 0 0.0 1.0 0.0
cell 35.82049406334358 40.302940564679695 0.0 1.0 1.0 1 0 0 0.0 1.0 0.0
cell 44.99295882889336 46.99715389847702 0.0 1.0 1.0 1 0 0 0.0 1.0 0.0
cell 45.99222939548206 50.11156576026637 0.0 1.0 1.0 1 0 0 0.0 1.0 0.0
cell 30.96656903683214 37.83154776816248 0.0 1.0 1.0 1 0 0 0.0 1.0 0.0
cell 59.25547504908329 9.522744890737604 0.0 1.0954451150103324 0.9128709291752768 1 0 0 0.4694681610609569 -0.8829494015797527 5.305808631438431
cell 10.148171768514128 42.11497900090628 0.0 1.4491376746189442 0.690065559342354 1 0 0 0.9901728985110868 0.13984860047262893 2.8609756316972077
cell 51.03149165461535 6.17426858162271 0.0 1.0 1.0 1 0 0 0.0 1.0 0.0
cell 33.76461108576882 1.8729351427863064 0.0 1.0 1.0 1 0 0 0.0 1.0 0.0
cell 4.942640935233528 10.065147755034745 0.0 1.3784048752090226 0.7254762501100115 1 0 0 0.26502591186750596 -0.9642412903619078 5.746723717129888
cell 42.36648099414183 14.445880764043844 0.0 1.0 1.0 1 0 0 0.0 1.0 0.0
cell 53.52831080750235 1.4964885210603447 0.0 1.0 1.0 1 0 0 0.0 1.0 0.0
cell 56.094579915990806 25.2433140656009 0.0 1.0 1.0 1 0 0 0.0 1.0 0.0
cell 20.904438180727155 42.996120381599866 0.0 1.0 1.0 1 0 0 0.0 1.0 0.0
cell 8.154848302104785 24.31305971395325 0.0 1.0 1.0 1 0 0 0.0 1.0 0.0
cell 5.384124852721907 1.386636383881426 0.0 1.0 1.0 1 0 0 0.0 1.0 0.0
cell 60.32310163320397 2.0390044025922336 0.0 1.341640786499874 0.7453559924999297 1 0 0 0.2907397450464308 0.9568021742504228 0.5899997803574939
cell 34.48483781543119 0.0810674083904248 0.0 1.0 1.0 1 0 0 0.0 1.0 0.0
cell 0.8963913882127172 32.9143541468303 0.0 1.0 1.0 1 0 0 0.0 1.0 0.0
cell 48.67407296220333 19.506951462901384 0.0 1.0 1.0 1 0 0 0.0 1.0 0.0
cell 12.941754928254234 37.20032223722505 0.0 1.0 1.0 1 0 0 0.0 1.0 0.0
cell 27.705630205286113 2.1454507756104135 0.0 1.643167672515499 0.6085806194501844 1 0 0 0.5198826626917468 -0.8542376818149264 5.189758135446617
cell 39.88236984260693 25.17408431981618 0.0 1.0 1.0 1 0 0 0.0 1.0 0.0
cell 19.299264927514404 11.53081924948316 0.0 1.0 1.0 1 0 0 0.0 1.0 0.0
cell 54.25106590169904 25.360521349041647 0.0 1.0 1.0 1 0 0 0.0 1.0 0.0
cell 26.89014334349599 57.48122390186338 0.0 1.0 1.0 1 0 0 0.0 1.0 0.0
cell 1.9664401592627696 27.617070860857485 0.0 1.0 1.0 1 0 0 0.0 1.0 0.0
cell 14.425481862585686 17.13688928528414 0.0 1.0 1.0 1 0 0 0.0 1.0 0.0
cell 10.77953196894452 1.2169191371569514 0.0 1.6124515496597105 0.6201736729460421 1 0 0 0.7076869701172741 -0.7065261158133026 4.710747284299714
cell 28.815096429702315 17.84936121365979 0.0 1.643167672515499 0.6085806194501844 1 0 0 0.8841192083198175 -0.4672614102190968 4.1139740514287375
cell 56.61979478317686 33.83377390823787 0.0 1.0 1.0 1 0 0 0.0 1.0 0.0
cell 58.63261149824292 53.052751636411706 0.0 1.0 1.0 1 0 0 0.0 1.0 0.0
cell 52.06648453961211 32.01302038999558 0.0 1.0 1.0 1 0 0 0.0 1.0 0.0
cell 25.74931729211036 3.6916779979657193 0.0 1.0 1.0 1 0 0 0.0 1.0 0.0
cell 33.65803985230483 54.68213301039006 0.0 1.643167672515499 0.6085806194501844 1 0 0 0.6964815891758612 -0.7175746622749906 4.742220196539749
cell 42.2310383347792 22.783077315909505 0.0 1.0 1.0 1 0 0 0.0 1.0 0.0
cell 41.47999422236396 17.856808026319076 0.0 1.0 1.0 1 0 0 0.0 1.0 0.0
cell 1.046982630694933 18.740170726081516 0.0 1.0 1.0 1 0 0 0.0 1.0 0.0
cell 50.77636599252433 8.148260070354914 0.0 1.0 1.0 1 0 0 0.0 1.0 0.0
cell 4.806518114505569 16.447085830883367 0.0 1.264911064067352 0.7905694150420947 1 0 0 0.5894316387023164 0.8078182613042998 1.2607101686619526
cell 36.2911315479224 60.70394179141109 0.0 1.0 1.0 1 0 0 0.0 1.0 0.0
cell 17.434770568181737 22.59004617233345 0.0 1.0 1.0 1 0 0 0.0 1.0 0.0
cell 40.525710616609736 49.52757266511529 0.0 1.0 1.0 1 0 0 0.0 1.0 0.0
cell 57.42180803262135 60.95411100612123 0.0 1.0488088481701516 0.9534625892455922 1 0 0 0.2948167002989903 0.9555538253938474 0.5985273747525546
cell 26.70483289895182 45.51691020356169 0.0 1.0 1.0 1 0 0 0.0 1.0 0.0
cell 38.43883465629601 37.91230596035118 0.0 1.0 1.0 1 0 0 0.0 1.0 0.0
cell 27.956696251025793 23.480647466024504 0.0 1.0 1.0 1 0 0 0.0 1.0 0.0
cell 35.45618166378119 47.21720484675015 0.0 1.0 1.0 1 0 0 0.0 1.0 0.0
cell 13.12285630030937 15.530647575002419 0.0 1.0 1.0 1 0 0 0.0 1.0 0.0
cell 57.099839619187854 31.881570775952916 0.0 1.0 1.0 1 0 0 0.0 1.0 0.0
cell 43.21331911862753 40.42867492899176 0.0 1.0 1.0 1 0 0 0.0 1.0 0.0
cell 54.646362238020004 34.28535716355113 0.0 1.0 1.0 1 0 0 0.0 1.0 0.0
cell 30.594493946535888 60.63892577096007 0.0 1.643167672515499 0.6085806194501844 1 0 0 0.6818413814017793 -0.7315000550978198 4.782631389981799
cell 42.451316113710305 37.07340437050429 0.0 1.0 1.0 1 0 0 0.0 1.0 0.0
cell 29.103563173237777 12.100308216585868 0.0 1.30384048104053 0.7669649888473703 1 0 0 0.5932093246562812 -0.8050482576472288 5.0131062812650695
cell 25.978329424606056 55.83206741498343 0.0 1.0 1.0 1 0 0 0.0 1.0 0.0
cell 2.8203381707558433 32.93852853798048 0.0 1.0 1.0 1 0 0 0.0 1.0 0.0
cell 1.0338375310857622 12.180489565069522 0.0 1.643167672515499 0.6085806194501844 1 0 0 0.9999296746810524 -0.011859413655183813 3.1653120369271672
cell 46.255469909455705 30.095258334581178 0.0 1.643167672515499 0.6085806194501844 1 0 0 0.0989627622641158 -0.9950911373763993 6.084935282320984
cell 32.756738651930476 27.69943403263232 0.0 1.0 1.0 1 0 0 0.0 1.0 0.0
cell 38.03530567104539 25.653614902670558 0.0 1.0 1.0 1 0 0 0.0 1.0 0.0
cell 38.13302577597235 14.660665070053069 0.0 1.0488088481701516 0.9534625892455922 1 0 0 0.7157394218665615 -0.6983674390935765 4.687820668851472
cell 58.093935842852865 35.26459780657466 0.0 1.0 1.0 1 0 0 0.0 1.0 0.0
cell 5.069571604963155 25.953201801302804 0.0 1.0 1.0 1 0 0 0.0 1.0 0.0
cell 48.223506490673145 21.319113640871436 0.0 1.0 1.0 1 0 0 0.0 1.0 0.0
cell 56.993078255113986 14.9443213692905 0.0 1.0 1.0 1 0 0 0.0 1.0 0.0
cell 50.68574702929466 18.92903371614444 0.0 1.0 1.0 1 0 0 0.0 1.0 0.0
cell 53.43907568475162 14.208108241945057 0.0 1.0 1.0 1 0 0 0.0 1.0 0.0
cell 22.12083833244066 28.328720688087444 0.0 1.0 1.0 1 0 0 0.0 1.0 0.0
cell 1.0458527529116666 40.06883390506272 0.0 1.0 1.0 1 0 0 0.0 1.0 0.0
cell 50.7271042727467 56.13220465963997 0.0 1.0 1.0 1 0 0 0.0 1.0 0.0
cell 25.881817622651628 32.62879924040933 0.0 1.0 1.0 1 0 0 0.0 1.0 0.0
cell 33.14779628567045 35.816184528439216 0.0 1.0 1.0 1 0 0 0.0 1.0 0.0
cell 53.23200704606768 28.58102443216074 0.0 1.643167672515499 0.6085806194501844 1 0 0 0.024731040644357667 -0.9996941410394717 6.233718182466912
cell 17.67826740119782 8.51091532670109 0.0 1.0 1.0 1 0 0 0.0 1.0 0.0
cell 0.3164912126814611 41.94117793781974 0.0 1.0 1.0 1 0 0 0.0 1.0 0.0
cell 41.8171169406306 24.702442547336876 0.0 1.0 1.0 1 0 0 0.0 1.0 0.0
cell 20.31986532827704 44.87135260135211 0.0 1.0 1.0 1 0 0 0.0 1.0 0.0
cell 55.831397959188344 21.796516170210815 0.0 1.0 1.0 1 0 0 0.0 1.0 0.0
cell 18.006769833620314 2.8362561852229375 0.0 1.0 1.0 1 0 0 0.0 1.0 0.0
cell 35.76890003589528 11.653342571433107 0.0 1.6124515496597105 0.6201736729460421 1 0 0 0.6392253589613204 -0.7690194668932452 4.896204240495687
cell 6.13098326419225 58.40798195614668 0.0 1.0 1.0 1 0 0 0.0 1.0 0.0
cell 46.07658804464758 53.01412297449698 0.0 1.643167672515499 0.6085806194501844 1 0 0 0.06019933675646618 -0.9981863753097823 6.162713794820665
cell 4.46609677920456 57.34877152319526 0.0 1.0 1.0 1 0 0 0.0 1.0 0.0
cell 31.774170497425796 1.5465917000256304 0.0 1.0 1.0 1 0 0 0.0 1.0 0.0
cell 26.189441630330034 49.018440656968586 0.0 1.0 1.0 1 0 0 0.0 1.0 0.0
cell 9.520101134007227 36.23569212110941 0.0 1.0 1.0 1 0 0 0.0 1.0 0.0
cell 0.9904926623767665 7.350059907675009 0.0 1.643167672515499 0.6085806194501844 1 0 0 0.9582348528305957 0.2859824589388772 2.5615295507051288
cell 58.05983410977725 28.54363915143688 0.0 1.643167672515499 0.6085806194501844 1 0 0 -0.16608023319118834 0.9861122431767899 5.949478593217634
cell 35.55742565468242 6.6284909745986855 0.0 1.0 1.0 1 0 0 0.0 1.0 0.0
cell 3.4169012229214273 47.325648429179324 0.0 1.5491933384829673 0.6454972243679027 1 0 0 0.9386720824609535 0.3448111390434144 2.4375174985545685
cell 42.5130145556423 49.11295178412923 0.0 1.0 1.0 1 0 0 0.0 1.0 0.0
cell 2.6071883412719234 36.43075517566946 0.0 1.0 1.0 1 0 0 0.0 1.0 0.0
cell 56.84872818763909 4.024944144095737 0.0 1.0488088481701516 0.9534625892455922 1 0 0 0.3221535312971057 0.9466874364185915 0.6560068331145862
cell 1.1094764543326452 22.220904557972815 0.0 1.0 1.0 1 0 0 0.0 1.0 0.0
cell 9.329349320666662 18.995349033167937 0.0 1.0 1.0 1 0 0 0.0 1.0 0.0
cell 60.027897722588015 25.587958653851846 0.0 1.0 1.0 1 0 0 0.0 1.0 0.0
cell 13.69813799018602 51.10244986367055 0.0 1.30384048104053 0.7669649888473703 1 0 0 0.25782386694915416 0.9661919341576936 0.521538491104811
cell 33.64031935819438 40.763538506825796 0.0 1.0 1.0 1 0 0 0.0 1.0 0.0
cell 49.544791132410836 15.67125329890937 0.0 1.0 1.0 1 0 0 0.0 1.0 0.0
cell 38.56824338750401 49.83923492267857 0.0 1.0 1.0 1 0 0 0.0 1.0 0.0
cell 24.56074253870119 45.42814083349999 0.0 1.0954451150103324 0.9128709291752768 1 0 0 0.18667551746467131 -0.9824216259729308 5.9076311387194895
cell 0.05111415815690794 23.917074981019038 0.0 1.0 1.0 1 0 0 0.0 1.0 0.0
cell 24.201091009925502 59.70896532911323 0.0 1.0 1.0 1 0 0 0.0 1.0 0.0
cell 48.82929791662139 56.962199538977906 0.0 1.0 1.0 1 0 0 0.0 1.0 0.0
cell 50.620209623889764 35.27277169484833 0.0 1.0 1.0 1 0 0 0.0 1.0 0.0
cell 4.353959791629261 59.66470521170626 0.0 1.2247448713915894 0.8164965809277259 1 0 0 0.7488614278963309 0.662726611665073 1.6926847911013494
cell 59.076816331162455 20.19256984885514 0.0 1.0 1.0 1 0 0 0.0 1.0 0.0
cell 2.7961210201730116 54.33085130823121 0.0 1.0 1.0 1 0 0 0.0 1.0 0.0
cell 15.17620522766751 26.029089751199216 0.0 1.0 1.0 1 0 0 0.0 1.0 0.0
cell 60.91326590082669 31.119331905552702 0.0 1.0 1.0 1 0 0 0.0 1.0 0.0
cell 50.240569460284156 60.10325508962586 0.0 1.0 1.0 1 0 0 0.0 1.0 0.0
cell 13.693030369468532 11.59908520403729 0.0 1.341640786499874 0.7453559924999297 1 0 0 0.7940339885023191 0.6078733627188305 1.8348335205312127
cell 18.269820171992535 58.3853678470911 0.0 1.643167672515499 0.6085806194501844 1 0 0 0.4174009080797424 -0.9087224449380605 5.422018758071607
cell 37.41868231466558 5.829805890688683 0.0 1.0488088481701516 0.9534625892455922 1 0 0 0.25590826289519136 0.9667010711600384 0.5175742707956058
cell 22.37605113752867 49.72891951703989 0.0 1.0 1.0 1 0 0 0.0 1.0 0.0
cell 56.50018966823553 16.9689682402902 0.0 1.0 1.0 1 0 0 0.0 1.0 0.0
cell 22.990511784879597 20.31751044657335 0.0 1.0954451150103324 0.9128709291752768 1 0 0 0.9574533581139066 0.28858805768153883 2.5560890053783583
cell 22.814443567207867 2.639441392349761 0.0 1.0 1.0 1 0 0 0.0 1.0 0.0
cell 60.92115684784777 50.287780344410244 0.0 1.0 1.0 1 0 0 0.0 1.0 0.0
cell 43.198914227539106 59.70964774741246 0.0 1.0 1.0 1 0 0 0.0 1.0 0.0
cell 18.21439140322594 56.5397101563003 0.0 1.0 1.0 1 0 0 0.0 1.0 0.0
cell 29.10775981845556 21.638154315288933 0.0 1.643167672515499 0.6085806194501844 1 0 0 0.9804270593789026 0.1968826585498015 2.745238004366164
cell 2.0757961454436047 24.04081482166832 0.0 1.0 1.0 1 0 0 0.0 1.0 0.0
cell 22.81870029261445 33.175792896367874 0.0 1.643167672515499 0.6085806194501844 1 0 0 0.8351496130757924 -0.5500228393251996 4.306375824005144
cell 43.597875489270486 52.221756559734054 0.0 1.0 1.0 1 0 0 0.0 1.0 0.0
cell 39.76150816744018 55.038274276304236 0.0 1.643167672515499 0.6085806194501844 1 0 0 0.22975072092654977 -0.9732495087251422 5.819542218338058
cell 27.70761565819854 6.721254079199463 0.0 1.643167672515499 0.6085806194501844 1 0 0 0.6103348972864238 -0.7921434927804245 4.970218715950366
cell 53.018117677122916 16.253982004589748 0.0 1.0 1.0 1 0 0 0.0 1.0 0.0
cell 40.93024814626716 1.6034576412308605 0.0 1.0 1.0 1 0 0 0.0 1.0 0.0
cell 33.48963474924326 6.789800926669004 0.0 1.0 1.0 1 0 0 0.0 1.0 0.0
cell 12.495118623339758 7.70667278189423 0.0 1.264911064067352 0.7905694150420947 1 0 0 0.692694529229543 -0.7212310927680959 4.752748514730457
cell 32.810608057380605 47.576109101933056 0.0 1.0 1.0 1 0 0 0.0 1.0 0.0
cell 34.77652216651524 50.727773582002385 0.0 1.0 1.0 1 0 0 0.0 1.0 0.0
cell 14.145573308285234 0.8848042938053503 0.0 1.0 1.0 1 0 0 0.0 1.0 0.0
cell 42.61467852693654 20.977686717690528 0.0 1.0 1.0 1 0 0 0.0 1.0 0.0
cell 9.35645295391071 15.492726506963743 0.0 1.0 1.0 1 0 0 0.0 1.0 0.0
cell 51.60409380103237 2.2741863223192134 0.0 1.0 1.0 1 0 0 0.0 1.0 0.0
cell 41.09076639296585 28.5502418801962 0.0 1.0 1.0 1 0 0 0.0 1.0 0.0
cell 16.508833409692866 52.263866254750894 0.0 1.6124515496597105 0.6201736729460421 1 0 0 0.16418215521908092 0.9864300380197359 0.32985771684918835
cell 46.456278421200146 36.198716020398884 0.0 1.0 1.0 1 0 0 0.0 1.0 0.0
cell 6.056581399402841 46.237720738747534 0.0 1.0488088481701516 0.9534625892455922 1 0 0 0.9891036176618409 -0.14722103629664798 3.437108860449058
cell 44.62099502934144 41.846621100631126 0.0 1.0 1.0 1 0 0 0.0 1.0 0.0
cell 47.16361380213928 18.17483393090902 0.0 1.0 1.0 1 0 0 0.0 1.0 0.0
cell 4.817430217235831 33.052649094677584 0.0 1.0 1.0 1 0 0 0.0 1.0 0.0
cell 43.0615239849984 19.21168811775488 0.0 1.0 1.0 1 0 0 0.0 1.0 0.0
cell 32.879252183310015 37.79231584261188 0.0 1.0 1.0 1 0 0 0.0 1.0 0.0
cell 42.84553211914095 28.016622944917707 0.0 1.0 1.0 1 0 0 0.0 1.0 0.0
cell 59.42621068819742 12.06855914453389 0.0 1.0 1.0 1 0 0 0.0 1.0 0.0
cell 9.79123281695041 49.57522174008254 0.0 1.264911064067352 0.7905694150420947 1 0 0 0.46734995016924225 -0.884072408842628 5.310603614419635
cell 31.389478832641757 26.1475703602538 0.0 1.0488088481701516 0.9534625892455922 1 0 0 0.798739466851999 -0.6016770430164212 4.4327907828582305
cell 7.94256425678901 31.444769025624684 0.0 1.0 1.0 1 0 0 0.0 1.0 0.0
cell 19.923579320916193 46.795228713562636 0.0 1.0 1.0 1 0 0 0.0 1.0 0.0
cell 18.370548130752518 60.3869440111265 0.0 1.0 1.0 1 0 0 0.0 1.0 0.0
cell 16.528905044478133 58.05458472160671 0.0 1.0 1.0 1 0 0 0.0 1.0 0.0
cell 45.86568334226938 4.54338629154523 0.0 1.0 1.0 1 0 0 0.0 1.0 0.0
cell 28.210737101759904 14.36737992346573 0.0 1.0 1.0 1 0 0 0.0 1.0 0.0
cell 58.4046040134237 16.505232538404666 0.0 1.0 1.0 1 0 0 0.0 1.0 0.0
cell 27.66852169271745 52.97227411856407 0.0 1.6124515496597105 0.6201736729460421 1 0 0 0.00938107455622143 0.9999559967519424 0.0187624243157873
cell 28.850638397378667 57.666973854534504 0.0 1.0 1.0 1 0 0 0.0 1.0 0.0
cell 38.320235538106026 7.413578977316895 0.0 1.643167672515499 0.6085806194501844 1 0 0 0.9254040665750128 0.3789819435889118 2.364200798872961
cell 39.001809727283565 48.12173629387022 0.0 1.0 1.0 1 0 0 0.0 1.0 0.0
cell 33.456293474626264 21.287182195936204 0.0 1.0954451150103324 0.9128709291752768 1 0 0 0.03660595972663345 0.9993297772569835 0.07322827993724411
cell 37.714869818089255 32.51779325352816 0.0 1.58113883008419 0.6324555320336757 1 0 0 -0.17910086877040926 -0.9838307165390215 0.3601449332149995
cell 12.101060381000758 47.05902043939011 0.0 1.643167672515499 0.6085806194501844 1 0 0 0.4371627129464887 -0.8993824339007661 5.378302227533362
cell 0.6881736093887189 59.38744771427389 0.0 1.0488088481701516 0.9534625892455922 1 0 0 0.11524711895206903 -0.9933368520160961 6.052177761844987
cell 35.123562813597346 42.145236462208096 0.0 1.0 1.0 1 0 0 0.0 1.0 0.0
cell 0.6962297657724484 45.449496264610154 0.0 1.0 1.0 1 0 0 0.0 1.0 0.0
cell 26.45768438207881 51.936308575577456 0.0 1.643167672515499 0.6085806194501844 1 0 0 0.21664289194436046 -0.9762509192671647 5.846436557571413
cell 27.898343246474884 18.82895117083219 0.0 1.643167672515499 0.6085806194501844 1 0 0 0.8337392821492509 -0.5521583191451993 4.311494148324075
cell 35.703677517875605 57.16239300804456 0.0 1.0 1.0 1 0 0 0.0 1.0 0.0
cell 53.19049420584917 53.58981077950897 0.0 1.0 1.0 1 0 0 0.0 1.0 0.0
cell 28.018471365776033 55.93067886161434 0.0 1.0 1.0 1 0 0 0.0 1.0 0.0
cell 19.86688406127332 35.32380616927126 0.0 1.0 1.0 1 0 0 0.0 1.0 0.0
cell 28.257203101725626 35.25344939051146 0.0 1.0 1.0 1 0 0 0.0 1.0 0.0
cell 5.123282309657281 39.701260354161164 0.0 1.0 1.0 1 0 0 0.0 1.0 0.0
cell 47.08572330764453 34.3188584228341 0.0 1.0 1.0 1 0 0 0.0 1.0 0.0
cell 42.798172099696444 53.72466251355024 0.0 1.643167672515499 0.6085806194501844 1 0 0 0.13991755350931545 -0.9901631573735552 6.002429009861593
cell 46.95323214575041 46.54244832994108 0.0 1.0 1.0 1 0 0 0.0 1.0 0.0
cell 35.77266877629663 1.7074881613541197 0.0 1.0 1.0 1 0 0 0.0 1.0 0.0
cell 48.4267135482334 47.9266501507513 0.0 1.0 1.0 1 0 0 0.0 1.0 0.0
cell 29.511960347041853 26.956792254432067 0.0 1.0 1.0 1 0 0 0.0 1.0 0.0
cell 45.06390563138246 58.718056126353176 0.0 1.0 1.0 1 0 0 0.0 1.0 0.0
cell 34.81363453979235 37.09291776800629 0.0 1.0 1.0 1 0 0 0.0 1.0 0.0
cell 6.459775964796915 17.087155346457312 0.0 1.0 1.0 1 0 0 0.0 1.0 0.0
cell 52.10945864873753 59.29491217642681 0.0 1.0 1.0 1 0 0 0.0 1.0 0.0
cell 21.347939598055643 34.020165616680885 0.0 1.0 1.0 1 0 0 0.0 1.0 0.0
cell 45.017484577717994 8.208191927856669 0.0 1.0 1.0 1 0 0 0.0 1.0 0.0
cell 16.10811969837094 2.73628133655615 0.0 1.1832159566199234 0.8451542547285166 1 0 0 0.8780255986791438 0.4786136730852256 2.1434424181997755
cell 50.4497668938836 25.804043448200883 0.0 1.0 1.0 1 0 0 0.0 1.0 0.0
cell 56.7062812783489 39.08170682998663 0.0 1.0 1.0 1 0 0 0.0 1.0 0.0
cell 40.21004352017172 23.336955103997273 0.0 1.0 1.0 1 0 0 0.0 1.0 0.0
cell 45.69708165885813 23.64947760547722 0.0 1.0 1.0 1 0 0 0.0 1.0 0.0
cell 49.84592419617129 13.747041398650241 0.0 1.0 1.0 1 0 0 0.0 1.0 0.0
cell 36.591339258199994 50.25108538225313 0.0 1.0 1.0 1 0 0 0.0 1.0 0.0
cell 44.00460926636421 50.447989880801615 0.0 1.0 1.0 1 0 0 0.0 1.0 0.0
cell 49.91625555240988 37.11557298309016 0.0 1.0 1.0 1 0 0 0.0 1.0 0.0
cell 57.611620170275046 58.98392945236995 0.0 1.0 1.0 1 0 0 0.0 1.0 0.0
cell 22.287714097243317 6.107897113014301 0.0 1.0 1.0 1 0 0 0.0 1.0 0.0
cell 53.24522904445197 3.52568428011942 0.0 1.0 1.0 1 0 0 0.0 1.0 0.0
cell 9.205615841582121 0.5484817699659409 0.0 1.6124515496597105 0.6201736729460421 1 0 0 0.3539808401218762 -0.9352526743220844 5.559537054861123
cell 42.58408138546646 12.639211597285778 0.0 1.0 1.0 1 0 0 0.0 1.0 0.0
cell 1.8167527438789859 38.24970433419267 0.0 1.0 1.0 1 0 0 0.0 1.0 0.0
cell 28.75495723242536 60.100949634091826 0.0 1.643167672515499 0.6085806194501844 1 0 0 0.5396440763977779 -0.8418932656868027 5.143156734415726
cell 24.941723055967753 30.707010095847068 0.0 1.0 1.0 1 0 0 0.0 1.0 0.0
cell 10.30031089728299 20.765855096254988 0.0 1.0 1.0 1 0 0 0.0 1.0 0.0
cell 44.026177231736135 43.72748146740664 0.0 1.0 1.0 1 0 0 0.0 1.0 0.0
cell 48.85113203540634 8.847798570258048 0.0 1.0 1.0 1 0 0 0.0 1.0 0.0
cell 32.08123223265593 34.05039225549699 0.0 1.0 1.0 1 0 0 0.0 1.0 0.0
cell 55.176206213232376 2.7479130893838333 0.0 1.0 1.0 1 0 0 0.0 1.0 0.0
cell 34.448346445019205 38.993450499909805 0.0 1.0 1.0 1 0 0 0.0 1.0 0.0
cell 32.9589475098074 51.15114545694906 0.0 1.0 1.0 1 0 0 0.0 1.0 0.0
cell 33.07703992760884 3.5129035181428128 0.0 1.0 1.0 1 0 0 0.0 1.0 0.0
cell 49.99871764910182 42.19310582828806 0.0 1.0 1.0 1 0 0 0.0 1.0 0.0
cell 54.97086238976859 23.512135561321873 0.0 1.0 1.0 1 0 0 0.0 1.0 0.0
cell 24.007768646237462 55.82796978366035 0.0 1.0 1.0 1 0 0 0.0 1.0 0.0
cell 46.48285934339393 11.304606815046338 0.0 1.0 1.0 1 0 0 0.0 1.0 0.0
cell 52.77367262852558 45.07614760655977 0.0 1.0 1.0 1 0 0 0.0 1.0 0.0
cell 22.99558274483279 35.61373971577127 0.0 1.6124515496597105 0.6201736729460421 1 0 0 0.8290879735501772 -0.5591181736578241 4.328236269542672
cell 45.0687320223184 34.76399577594799 0.0 1.0 1.0 1 0 0 0.0 1.0 0.0
cell 36.01299586125887 33.55433065625061 0.0 1.0 1.0 1 0 0 0.0 1.0 0.0
cell 7.27891574997164 18.953362649946524 0.0 1.0 1.0 1 0 0 0.0 1.0 0.0
cell 57.41258323273393 37.17501625877598 0.0 1.0 1.0 1 0 0 0.0 1.0 0.0
cell 28.010354572758352 38.77798235861736 0.0 1.0 1.0 1 0 0 0.0 1.0 0.0
cell 1.51949458144531 1.6284627611202982 0.0 1.264911064067352 0.7905694150420947 1 0 0 0.9058397998133086 0.4236204162622299 2.2667159463545676
cell 29.938836864192506 25.038778388614123 0.0 1.643167672515499 0.6085806194501844 1 0 0 0.9450344012911398 0.32697091671324063 2.47539959773018
cell 5.931875572841896 31.319850691909817 0.0 1.0 1.0 1 0 0 0.0 1.0 0.0
cell 36.37166139698763 38.32217080814236 0.0 1.0 1.0 1 0 0 0.0 1.0 0.0
cell 14.71494348696525 38.10975984575095 0.0 1.0 1.0 1 0 0 0.0 1.0 0.0
cell 22.676754862552276 41.98661823863365 0.0 1.0 1.0 1 0 0 0.0 1.0 0.0
cell 19.165943169578938 54.02082957954035 0.0 1.643167672515499 0.6085806194501844 1 0 0 0.4551696001318425 0.8904047591493537 0.9451253603561955
cell 53.05234069693719 23.717075801771585 0.0 1.0 1.0 1 0 0 0.0 1.0 0.0
cell 41.12111527113731 9.589584148810182 0.0 1.0 1.0 1 0 0 0.0 1.0 0.0
cell 36.11860881749556 21.949398108529213 0.0 1.341640786499874 0.7453559924999297 1 0 0 0.9160111641142411 -0.4011527729158466 3.967142593948514
cell 43.317652786394284 26.080338599159873 0.0 1.0 1.0 1 0 0 0.0 1.0 0.0
cell 51.11902450529912 16.983398766548518 0.0 1.0 1.0 1 0 0 0.0 1.0 0.0
cell 22.696381869508205 38.00468455281179 0.0 1.1832159566199234 0.8451542547285166 1 0 0 0.06101481190723365 0.9981368607199741 0.12210546640141726
cell 56.20925848433376 8.88410807784205 0.0 1.2247448713915894 0.8164965809277259 1 0 0 0.7230235404409993 0.6908233927482209 1.6163381479518466
cell 44.27566406909571 31.59517332321397 0.0 1.643167672515499 0.6085806194501844 1 0 0 0.17604417813610518 -0.9843822668782607 5.929252482517039
cell 6.227728465246705 20.646845014347015 0.0 1.0 1.0 1 0 0 0.0 1.0 0.0
cell 59.06454279657743 31.309187892087273 0.0 1.0 1.0 1 0 0 0.0 1.0 0.0
cell 53.404253416129286 43.270600040463066 0.0 1.0 1.0 1 0 0 0.0 1.0 0.0
cell 30.223420209015774 34.06096807040114 0.0 1.3784048752090226 0.7254762501100115 1 0 0 0.5164442165560579 -0.8563208342588656 5.19779864729636
cell 24.06419619458062 13.320456716866115 0.0 1.0 1.0 1 0 0 0.0 1.0 0.0
cell 5.67671010205397 49.49356207069442 0.0 1.0 1.0 1 0 0 0.0 1.0 0.0
cell 23.342478425294477 47.30042886019341 0.0 1.0 1.0 1 0 0 0.0 1.0 0.0
cell 5.494484444929103 53.508909281433084 0.0 1.0 1.0 1 0 0 0.0 1.0 0.0
cell 41.00758577593705 47.75710697730275 0.0 1.0 1.0 1 0 0 0.0 1.0 0.0
cell 21.26554470713652 1.4558304449518658 0.0 1.0 1.0 1 0 0 0.0 1.0 0.0
cell 49.68534372679933 3.039022438658447 0.0 1.0 1.0 1 0 0 0.0 1.0 0.0
cell 58.99747928488897 14.561862614468431 0.0 1.0 1.0 1 0 0 0.0 1.0 0.0
cell 26.11317770913229 29.16116104800314 0.0 1.0 1.0 1 0 0 0.0 1.0 0.0
cell 56.956697612818466 51.898198038383356 0.0 1.0 1.0 1 0 0 0.0 1.0 0.0
cell 55.39919314688044 37.57458638389395 0.0 1.0 1.0 1 0 0 0.0 1.0 0.0
cell 2.1164684465464587 20.46139405316514 0.0 1.0 1.0 1 0 0 0.0 1.0 0.0
cell 21.6893090792037 36.19460353582075 0.0 1.0 1.0 1 0 0 0.0 1.0 0.0
cell 35.6740805052554 54.88382270229721 0.0 1.643167672515499 0.6085806194501844 1 0 0 0.25410973744384563 -0.9671753932644378 5.769331077381231
cell 46.203476397115544 21.811511725341415 0.0 1.0 1.0 1 0 0 0.0 1.0 0.0
cell 10.976739145825265 8.93911048673136 0.0 1.643167672515499 0.6085806194501844 1 0 0 0.6709689064763511 -0.7414854864000574 4.812155854875957
cell 40.99316511958793 19.63317455145246 0.0 1.0 1.0 1 0 0 0.0 1.0 0.0
cell 56.05460424876045 46.577821102332884 0.0 1.0 1.0 1 0 0 0.0 1.0 0.0
cell 21.182457960588987 10.491042683799385 0.0 1.0954451150103324 0.9128709291752768 1 0 0 0.9039238092943951 0.4276935199306977 2.2577134517286526
cell 4.250898246885895 6.940848857808206 0.0 1.4832396974191329 0.6741998624632419 1 0 0 0.17489563005791442 -0.9845869786802206 5.931585780409853
cell 44.04575017019994 54.32314824569895 0.0 1.643167672515499 0.6085806194501844 1 0 0 0.21427574943335995 -0.9767732097087696 5.851284713447706
cell 40.6064198558233 42.757935208159964 0.0 1.0 1.0 1 0 0 0.0 1.0 0.0
cell 17.145402843061262 4.940545698734578 0.0 1.30384048104053 0.7669649888473703 1 0 0 0.5812262260127925 0.8137420194354757 1.24046955780519
cell 12.356948445796542 20.7250221237951 0.0 1.0 1.0 1 0 0 0.0 1.0 0.0
cell 44.75743207319676 10.112857390266496 0.0 1.0 1.0 1 0 0 0.0 1.0 0.0
cell 49.42664223641575 44.06779786414701 0.0 1.0 1.0 1 0 0 0.0 1.0 0.0
cell 31.504884015064953 58.99372683624488 0.0 1.6124515496597105 0.6201736729460421 1 0 0 0.7157361743484 -0.6983707673787019 4.687829969143099
cell 58.247212954818174 57.0779498365168 0.0 1.0 1.0 1 0 0 0.0 1.0 0.0
cell 15.722505567267719 13.68361946423821 0.0 1.0 1.0 1 0 0 0.0 1.0 0.0
cell 51.067279101650776 24.08759702540998 0.0 1.0 1.0 1 0 0 0.0 1.0 0.0
cell 46.71295343826978 9.444780034187486 0.0 1.0 1.0 1 0 0 0.0 1.0 0.0
cell 7.00158925140444 29.602795360185297 0.0 1.0 1.0 1 0 0 0.0 1.0 0.0
cell 48.85998163358958 45.999305315132254 0.0 1.0 1.0 1 0 0 0.0 1.0 0.0
cell 38.952477941950484 2.4340080665049784 0.0 1.0 1.0 1 0 0 0.0 1.0 0.0
cell 21.441426562731916 52.50336841465511 0.0 1.5491933384829673 0.6454972243679027 1 0 0 0.25458837394738465 -0.9670495126159915 5.76834125144669
cell 21.284692032050344 31.955133913012304 0.0 1.0 1.0 1 0 0 0.0 1.0 0.0
cell 60.293750999611696 54.240646242372286 0.0 1.0 1.0 1 0 0 0.0 1.0 0.0
cell 43.86116875467901 38.552774523470156 0.0 1.0 1.0 1 0 0 0.0 1.0 0.0
cell 54.057974234229434 58.50531171830869 0.0 1.0 1.0 1 0 0 0.0 1.0 0.0
cell 34.01973868746645 45.94215268778106 0.0 1.0 1.0 1 0 0 0.0 1.0 0.0
cell 9.744811449498552 51.847155170226905 0.0 1.0 1.0 1 0 0 0.0 1.0 0.0
cell 14.211612513349609 35.57284102297219 0.0 1.0 1.0 1 0 0 0.0 1.0 0.0
cell 6.107521330476133 60.429569136218355 0.0 1.0 1.0 1 0 0 0.0 1.0 0.0
cell 59.864982137783045 45.534738869879405 0.0 1.0 1.0 1 0 0 0.0 1.0 0.0
cell 58.02669680706955 21.979721818252436 0.0 1.0 1.0 1 0 0 0.0 1.0 0.0
cell 13.792110195019392 4.900302625363335 0.0 1.0 1.0 1 0 0 0.0 1.0 0.0
cell 5.941411834990573 13.249979204473021 0.0 1.0 1.0 1 0 0 0.0 1.0 0.0
cell 17.243364745370425 26.028691118744824 0.0 1.0 1.0 1 0 0 0.0 1.0 0.0
cell 29.33556206180894 28.989494821458592 0.0 1.0 1.0 1 0 0 0.0 1.0 0.0
cell 26.787447027381106 21.596212673363596 0.0 1.5491933384829673 0.6454972243679027 1 0 0 0.19294902415229898 0.9812087821043366 0.38833352921401204
cell 31.100723636750956 51.49761290241899 0.0 1.0 1.0 1 0 0 0.0 1.0 0.0
cell 21.36897691967212 53.960025936591194 0.0 1.643167672515499 0.6085806194501844 1 0 0 0.3715780348949473 -0.9284017255389012 5.52176895401472
cell 15.708835236189337 9.719428402209772 0.0 1.0 1.0 1 0 0 0.0 1.0 0.0
cell 31.368155243221498 14.643142718658495 0.0 1.5165750888103104 0.6593804733957869 1 0 0 0.991622755893756 -0.1291677591106707 3.400651977691523
cell 57.68232192922097 10.66971097952393 0.0 1.341640786499874 0.7453559924999297 1 0 0 0.5312235381833015 0.8472316994069653 1.120088145300825
cell 44.493873721015234 11.983839341314516 0.0 1.0 1.0 1 0 0 0.0 1.0 0.0
cell 59.85938490799892 58.359420059176216 0.0 1.0488088481701516 0.9534625892455922 1 0 0 0.9216071679263657 0.388123985379342 2.3444023981616375
cell 49.31358139248495 52.962189285603074 0.0 1.0 1.0 1 0 0 0.0 1.0 0.0
cell 30.830531263887444 54.90601477073532 0.0 1.264911064067352 0.7905694150420947 1 0 0 -0.04789368753436112 -0.9988524388989402 0.09582403251780658
cell 39.00904455895457 12.742601426693039 0.0 1.0 1.0 1 0 0 0.0 1.0 0.0
cell 45.93141653263829 15.054261145155017 0.0 1.0 1.0 1 0 0 0.0 1.0 0.0
cell 60.006316645552644 18.36193464333443 0.0 1.0488088481701516 0.9534625892455922 1 0 0 0.9440676663809 -0.32975178740095046 3.813673943286261
cell 51.43715789165806 14.99482977696141 0.0 1.0 1.0 1 0 0 0.0 1.0 0.0
cell 25.31075036352595 53.90067832063681 0.0 1.0 1.0 1 0 0 0.0 1.0 0.0
cell 7.235464009327498 5.615490538045642 0.0 1.643167672515499 0.6085806194501844 1 0 0 0.137376564368062 -0.9905188940966385 6.007560550777784
cell 49.72446003995057 22.65218648875909 0.0 1.0 1.0 1 0 0 0.0 1.0 0.0
cell 40.39692507948061 14.069992475176145 0.0 1.0 1.0 1 0 0 0.0 1.0 0.0
cell 50.61575775256075 40.31493571252814 0.0 1.0 1.0 1 0 0 0.0 1.0 0.0
cell 56.75273026110949 53.89527549998907 0.0 1.0 1.0 1 0 0 0.0 1.0 0.0
cell 1.6763725049942697 51.39366949746487 0.0 1.0 1.0 1 0 0 0.0 1.0 0.0
cell 34.29853205253533 23.088542753787156 0.0 1.0954451150103324 0.9128709291752768 1 0 0 0.8882269693533584 0.45940488777694566 2.1869424892567677
cell 44.288343200054975 29.29815898520728 0.0 1.643167672515499 0.6085806194501844 1 0 0 0.03642226664891177 -0.9993364891227356 6.210324658557874
cell 46.40536819187149 0.67942078288698 0.0 1.0 1.0 1 0 0 0.0 1.0 0.0
cell 53.79014595290081 60.4910212046481 0.0 1.0 1.0 1 0 0 0.0 1.0 0.0
cell 51.28560508391358 52.34092501265194 0.0 1.0 1.0 1 0 0 0.0 1.0 0.0
cell 19.1280963995826 41.989381096322 0.0 1.0 1.0 1 0 0 0.0 1.0 0.0
cell 30.30789284967704 15.651634597510357 0.0 1.4832396974191329 0.6741998624632419 1 0 0 0.9572647951269653 -0.28921291812526145 3.7284016854066055
cell 58.00185871514815 25.318442142008927 0.0 1.0 1.0 1 0 0 0.0 1.0 0.0
cell 22.83763882894875 17.53296801252886 0.0 1.4832396974191329 0.6741998624632419 1 0 0 -0.13459462750518267 -0.9909007449016985 0.2700087122682664
cell 50.120696551658355 11.839028176007615 0.0 1.0 1.0 1 0 0 0.0 1.0 0.0
cell 25.98838030743509 8.923990176005065 0.0 1.0 1.0 1 0 0 0.0 1.0 0.0
cell 49.14794516068765 17.616174656531122 0.0 1.0 1.0 1 0 0 0.0 1.0 0.0
cell 27.39715538248088 12.734242651307238 0.0 1.643167672515499 0.6085806194501844 1 0 0 0.4662048407880348 -0.8846768033727362 5.313193261868377
cell 57.25410017064701 49.86033162646167 0.0 1.0 1.0 1 0 0 0.0 1.0 0.0
cell 31.372572735143933 20.17301917324487 0.0 1.643167672515499 0.6085806194501844 1 0 0 0.9955642702110148 0.09408391934443115 2.953146099753684
cell 37.14881527072072 41.73907412976279 0.0 1.0 1.0 1 0 0 0.0 1.0 0.0
cell 38.53298791408535 58.140965186079065 0.0 1.0 1.0 1 0 0 0.0 1.0 0.0
cell 38.03765583390438 45.00381880182531 0.0 1.0 1.0 1 0 0 0.0 1.0 0.0
cell 55.648277637655326 48.612977433639756 0.0 1.0 1.0 1 0 0 0.0 1.0 0.0
cell 3.846588656552925 38.10533491699425 0.0 1.0 1.0 1 0 0 0.0 1.0 0.0
cell 43.749034360761 24.149471127469734 0.0 1.0 1.0 1 0 0 0.0 1.0 0.0
cell 9.146458744833215 60.23419692831006 0.0 1.643167672515499 0.6085806194501844 1 0 0 0.27118947184772146 -0.9625259842513104 5.733928110649404
cell 10.09846931724738 27.94285231582034 0.0 1.0 1.0 1 0 0 0.0 1.0 0.0
cell 6.980505261502988 50.68241682563034 0.0 1.643167672515499 0.6085806194501844 1 0 0 0.7877914047517798 0.6159421260144637 1.814430021258177
cell 43.487484235726825 45.56800007808905 0.0 1.0 1.0 1 0 0 0.0 1.0 0.0
cell 35.97733678834846 45.3716928043597 0.0 1.0 1.0 1 0 0 0.0 1.0 0.0
cell 26.23403553167692 16.984448346263605 0.0 1.643167672515499 0.6085806194501844 1 0 0 0.8283796072764453 -0.5601671413502601 4.330767764130012
cell 49.41899451791922 29.807113928881087 0.0 1.643167672515499 0.6085806194501844 1 0 0 0.03206118988029484 -0.9994859079063895 6.21905193688942
cell 46.97688965174875 57.83303460861597 0.0 1.0 1.0 1 0 0 0.0 1.0 0.0
cell 4.272495302245492 41.52321076765985 0.0 1.0 1.0 1 0 0 0.0 1.0 0.0
cell 1.0196383224724184 25.751931670777868 0.0 1.0 1.0 1 0 0 0.0 1.0 0.0
cell 51.288336091671304 38.48032170784514 0.0 1.0 1.0 1 0 0 0.0 1.0 0.0
cell 27.11918336412503 54.380053695232085 0.0 1.0 1.0 1 0 0 0.0 1.0 0.0
cell 49.11078708776284 54.96067898987423 0.0 1.0 1.0 1 0 0 0.0 1.0 0.0
cell 18.833770971936573 29.658195426141294 0.0 1.0 1.0 1 0 0 0.0 1.0 0.0
cell 19.228277800203788 1.262183132062941 0.0 1.0 1.0 1 0 0 0.0 1.0 0.0
cell 60.42772166008917 16.355357969234724 0.0 1.0 1.0 1 0 0 0.0 1.0 0.0
cell 3.8789126652649415 31.239463137450784 0.0 1.0 1.0 1 0 0 0.0 1.0 0.0
cell 56.1524234581699 11.662209133998036 0.0 1.0 1.0 1 0 0 0.0 1.0 0.0
cell 50.51463166445872 10.04625515542854 0.0 1.0 1.0 1 0 0 0.0 1.0 0.0
cell 45.86143752609589 38.0596179171409 0.0 1.0 1.0 1 0 0 0.0 1.0 0.0
cell 31.03042824254993 43.53492366708475 0.0 1.0 1.0 1 0 0 0.0 1.0 0.0
cell 5.963153403645921 15.095780789485483 0.0 1.0 1.0 1 0 0 0.0 1.0 0.0
cell 36.18414072325474 26.321161195815066 0.0 1.0 1.0 1 0 0 0.0 1.0 0.0
cell 8.269664476576626 20.729277328440816 0.0 1.0 1.0 1 0 0 0.0 1.0 0.0
cell 15.984155033284468 59.96476057664428 0.0 1.0 1.0 1 0 0 0.0 1.0 0.0
cell 21.48518596144817 48.14280541777933 0.0 1.0 1.0 1 0 0 0.0 1.0 0.0
cell 30.253120653156543 6.429733305086756 0.0 1.643167672515499 0.6085806194501844 1 0 0 0.7058617601350635 -0.7083496139471173 4.715907338801615
cell 3.671291111408484 52.61319688492332 0.0 1.0 1.0 1 0 0 0.0 1.0 0.0
cell 60.06416791291038 22.10715231177508 0.0 1.0 1.0 1 0 0 0.0 1.0 0.0
cell 7.940004574078908 52.049823226000115 0.0 1.0 1.0 1 0 0 0.0 1.0 0.0
cell 14.3588007066276 49.26283323745967 0.0 1.0488088481701516 0.9534625892455922 1 0 0 0.7788722697430313 -0.6271825790193305 4.497453877246695
cell 31.997825337455918 39.639445798657476 0.0 1.0 1.0 1 0 0 0.0 1.0 0.0
cell 25.936723716446526 7.126043974874285 0.0 1.0 1.0 1 0 0 0.0 1.0 0.0
cell 59.17792700096922 49.18329949555444 0.0 1.0 1.0 1 0 0 0.0 1.0 0.0
cell 22.114228552790223 55.15034079877011 0.0 1.0 1.0 1 0 0 0.0 1.0 0.0
cell 49.78625133827616 32.40288309347797 0.0 1.0 1.0 1 0 0 0.0 1.0 0.0
cell 18.447129812455792 24.354329276396463 0.0 1.0488088481701516 0.9534625892455922 1 0 0 0.9965658844945118 0.08280361019708886 2.9757956009665607
cell 55.37788943911387 42.859830087442255 0.0 1.0 1.0 1 0 0 0.0 1.0 0.0
cell 11.78084267897691 51.70960480314775 0.0 1.0 1.0 1 0 0 0.0 1.0 0.0
cell 39.50238913029468 0.36149741535256674 0.0 1.0 1.0 1 0 0 0.0 1.0 0.0
cell 21.71017312171464 4.163749433637837 0.0 1.0 1.0 1 0 0 0.0 1.0 0.0
cell 17.528861450778066 31.230156858085206 0.0 1.0 1.0 1 0 0 0.0 1.0 0.0
cell 52.26014964253812 46.85983890203846 0.0 1.0 1.0 1 0 0 0.0 1.0 0.0
cell 47.43545173142105 44.58648757379538 0.0 1.0 1.0 1 0 0 0.0 1.0 0.0
cell 11.144617027410456 26.158806854146054 0.0 1.0 1.0 1 0 0 0.0 1.0 0.0
cell 36.75608704090194 30.897593490608184 0.0 1.643167672515499 0.6085806194501844 1 0 0 -0.23828727171783384 -0.971194715871782 0.48120388248977886
cell 39.292693764076816 29.151603966053084 0.0 1.0 1.0 1 0 0 0.0 1.0 0.0
cell 12.718948903601584 34.20285251964576 0.0 1.0 1.0 1 0 0 0.0 1.0 0.0
cell 52.381354711069044 25.593329225779716 0.0 1.0 1.0 1 0 0 0.0 1.0 0.0
cell 48.42552035572651 10.626924510730174 0.0 1.0 1.0 1 0 0 0.0 1.0 0.0
cell 23.467241253736177 53.85859607071013 0.0 1.0 1.0 1 0 0 0.0 1.0 0.0
cell 17.637603677095544 54.57029740324604 0.0 1.0 1.0 1 0 0 0.0 1.0 0.0
cell 37.702517018992346 56.74448539919687 0.0 1.0 1.0 1 0 0 0.0 1.0 0.0
cell 34.59378482580298 19.52486708351588 0.0 1.5165750888103104 0.6593804733957869 1 0 0 0.7890904471976903 -0.6142770271964834 4.464531511776122
cell 52.004327134031534 41.76851269023173 0.0 1.0 1.0 1 0 0 0.0 1.0 0.0
cell 43.94073491468725 55.82925584286412 0.0 1.0 1.0 1 0 0 0.0 1.0 0.0
cell 34.841206623396864 14.582206393103181 0.0 1.5165750888103104 0.6593804733957869 1 0 0 0.9454022213684453 0.32590587572427876 2.4776531318894617
cell 16.026070597628895 50.47010684883713 0.0 1.0 1.0 1 0 0 0.0 1.0 0.0
cell 42.13688799430315 4.792873313673912 0.0 1.0 1.0 1 0 0 0.0 1.0 0.0
cell 20.06775024621975 28.060810613549627 0.0 1.0 1.0 1 0 0 0.0 1.0 0.0
cell 29.797639996881625 49.96269367925713 0.0 1.0 1.0 1 0 0 0.0 1.0 0.0
cell 7.584451241294425 15.280888163345143 0.0 1.643167672515499 0.6085806194501844 1 0 0 -0.6699277272354299 -0.7424263197659222 1.4682228729213902
cell 58.58758471037153 44.050207946668884 0.0 1.0 1.0 1 0 0 0.0 1.0 0.0
cell 39.80043433165724 8.148488182480575 0.0 1.140175425099138 0.8770580193070291 1 0 0 0.3092517966298235 -0.9509801923706015 5.654372985248002
cell 22.816059375650777 30.44309747831661 0.0 1.0 1.0 1 0 0 0.0 1.0 0.0
cell 9.427733981027362 53.891987729231616 0.0 1.0 1.0 1 0 0 0.0 1.0 0.0
cell 33.38667134665557 49.254147125116454 0.0 1.0 1.0 1 0 0 0.0 1.0 0.0
cell 57.018355205685786 20.310071512214623 0.0 1.0 1.0 1 0 0 0.0 1.0 0.0
cell 41.09363880791479 32.320048249630084 0.0 1.643167672515499 0.6085806194501844 1 0 0 0.119380994509203 -0.992848517222035 6.043852517581204
cell 25.220638659127797 14.707466784446295 0.0 1.341640786499874 0.7453559924999297 1 0 0 0.5078032156992256 -0.8614730954159426 5.217919635792696
cell 57.11803180493784 26.987033037815394 0.0 1.0 1.0 1 0 0 0.0 1.0 0.0
cell 52.76317892361682 29.668250146255055 0.0 1.643167672515499 0.6085806194501844 1 0 0 0.03302673707601534 -0.9994544685167562 6.217119818989325
cell 52.64648065211407 18.302716176122257 0.0 1.0 1.0 1 0 0 0.0 1.0 0.0
cell 7.141616149108849 26.033106466585238 0.0 1.0 1.0 1 0 0 0.0 1.0 0.0
cell 52.71383034116551 7.3753497012618325 0.0 1.0 1.0 1 0 0 0.0 1.0 0.0
cell 30.061303978029283 52.58600627810278 0.0 1.6124515496597105 0.6201736729460421 1 0 0 0.5785901022131699 0.8156184730748524 1.2339980089695093
cell 49.055916145371114 24.47259726632774 0.0 1.0 1.0 1 0 0 0.0 1.0 0.0
cell 29.01614036843153 43.20371407066734 0.0 1.0 1.0 1 0 0 0.0 1.0 0.0
cell 37.03783733949561 48.51030780111035 0.0 1.0 1.0 1 0 0 0.0 1.0 0.0
cell 36.55331204854577 43.57384892336688 0.0 1.0 1.0 1 0 0 0.0 1.0 0.0
cell 42.620950039589275 42.28748208522682 0.0 1.0 1.0 1 0 0 0.0 1.0 0.0
cell 7.2121533114968095 39.23843249219001 0.0 1.0 1.0 1 0 0 0.0 1.0 0.0
cell 29.067007392824102 16.363940789759777 0.0 1.643167672515499 0.6085806194501844 1 0 0 0.956818761479315 -0.29068515215124036 3.7314783196121932
cell 25.34890987195401 47.17205243013952 0.0 1.0 1.0 1 0 0 0.0 1.0 0.0
cell 31.209869195215095 41.492400266851504 0.0 1.0 1.0 1 0 0 0.0 1.0 0.0
cell 0.036620064868000395 5.9523185337562605 0.0 1.0 1.0 1 0 0 0.0 1.0 0.0
cell 56.97990667681884 23.523544311442766 0.0 1.0 1.0 1 0 0 0.0 1.0 0.0
cell 49.963575409000335 1.0944504386879466 0.0 1.0 1.0 1 0 0 0.0 1.0 0.0
cell 27.789725685277865 25.522070564268347 0.0 1.0 1.0 1 0 0 0.0 1.0 0.0
cell 48.43722192457533 26.197149639687865 0.0 1.0 1.0 1 0 0 0.0 1.0 0.0
cell 3.1511296179890746 18.79723389986116 0.0 1.0 1.0 1 0 0 0.0 1.0 0.0
cell 54.998579436757964 15.559507374028355 0.0 1.0 1.0 1 0 0 0.0 1.0 0.0
cell 37.73696049439203 34.44408554260481 0.0 1.0 1.0 1 0 0 0.0 1.0 0.0
cell 8.331187225772725 43.47236636772934 0.0 1.5491933384829673 0.6454972243679027 1 0 0 0.7804905363796417 0.62516759562682 1.790900162348725
cell 26.479804422150153 12.084938721742091 0.0 1.643167672515499 0.6085806194501844 1 0 0 0.42308691446092606 -0.9060891031305547 5.409486354292271
cell 31.75161973424986 22.246177203997107 0.0 1.5165750888103104 0.6593804733957869 1 0 0 0.9280154728119717 -0.3725416516600158 3.9050853001209993
cell 47.864080524356204 14.425321333357461 0.0 1.0 1.0 1 0 0 0.0 1.0 0.0
cell 16.49169862464193 46.37411271568474 0.0 1.0 1.0 1 0 0 0.0 1.0 0.0
cell 1.5427486972833926 16.90706678617051 0.0 1.0 1.0 1 0 0 0.0 1.0 0.0
cell 15.514524743967517 18.87393034854506 0.0 1.0488088481701516 0.9534625892455922 1 0 0 0.8679057283750802 0.4967289468651103 2.1019410751110668
cell 54.00010105566879 41.38866589497102 0.0 1.0 1.0 1 0 0 0.0 1.0 0.0
cell 24.07595393998012 28.833694575293993 0.0 1.0 1.0 1 0 0 0.0 1.0 0.0
cell 57.61052635771238 47.92193760547141 0.0 1.0 1.0 1 0 0 0.0 1.0 0.0
cell 7.2058058783156955 22.450450779337224 0.0 1.0 1.0 1 0 0 0.0 1.0 0.0
cell 39.90212831775655 31.411767689874353 0.0 1.643167672515499 0.6085806194501844 1 0 0 0.09557525443943742 -0.9954222072763078 6.091742580676396
cell 43.055649299535 35.19057281792301 0.0 1.0 1.0 1 0 0 0.0 1.0 0.0
cell 53.48669274998376 49.925168792910824 0.0 1.0 1.0 1 0 0 0.0 1.0 0.0
cell 51.389336094318125 43.62424585447122 0.0 1.0 1.0 1 0 0 0.0 1.0 0.0
cell 48.170044849902396 27.864517221441503 0.0 1.0 1.0 1 0 0 0.0 1.0 0.0
cell 0.8779034576555709 29.293109186461216 0.0 1.0 1.0 1 0 0 0.0 1.0 0.0
cell 39.20954448060659 10.332911026990178 0.0 1.0 1.0 1 0 0 0.0 1.0 0.0
cell 49.58380927395447 51.14281780774315 0.0 1.0 1.0 1 0 0 0.0 1.0 0.0
cell 3.0794478342068383 39.87849157441417 0.0 1.0 1.0 1 0 0 0.0 1.0 0.0
cell 49.73388236707835 30.787485000846974 0.0 1.643167672515499 0.6085806194501844 1 0 0 0.2150146483795094 -0.9766108237072922 5.849771649148485
cell 29.861267562332312 9.406323501037274 0.0 1.4832396974191329 0.6741998624632419 1 0 0 0.7206949377349562 -0.6932523398613291 4.673576850252897
cell 54.352514717570955 8.544378612616502 0.0 1.0 1.0 1 0 0 0.0 1.0 0.0
cell 55.92888694923718 18.873737018756017 0.0 1.0 1.0 1 0 0 0.0 1.0 0.0
cell 38.264559537754295 21.73454443090572 0.0 1.140175425099138 0.8770580193070291 1 0 0 0.9999996720750504 0.0008098455357047872 3.139972962341338
cell 27.02515764036115 0.027036967709161412 0.0 1.0 1.0 1 0 0 0.0 1.0 0.0
cell 4.508839692559661 12.311199021845345 0.0 1.643167672515499 0.6085806194501844 1 0 0 0.5035333654071503 -0.8639757808652678 5.227818141937728
cell 24.623163376847906 26.92913640769479 0.0 1.0 1.0 1 0 0 0.0 1.0 0.0
cell 3.6841689824379276 8.52453981813045 0.0 1.4491376746189442 0.690065559342354 1 0 0 0.17120952525276242 -0.9852346413229306 5.939070926202059
cell 12.121788636650082 28.058037366153634 0.0 1.0 1.0 1 0 0 0.0 1.0 0.0
cell 51.25159171550544 33.516718367549245 0.0 1.0 1.0 1 0 0 0.0 1.0 0.0
cell 46.1902080883681 2.6170565100531937 0.0 1.0 1.0 1 0 0 0.0 1.0 0.0
cell 49.94723349882998 27.516449408097767 0.0 1.0 1.0 1 0 0 0.0 1.0 0.0
cell 22.328631022297618 44.439743915241515 0.0 1.0 1.0 1 0 0 0.0 1.0 0.0
cell 47.095795170799754 25.081688489448457 0.0 1.0 1.0 1 0 0 0.0 1.0 0.0
cell 19.462229556676213 31.497513092710186 0.0 1.0 1.0 1 0 0 0.0 1.0 0.0
cell 3.985686028221001 27.665019389089093 0.0 1.0 1.0 1 0 0 0.0 1.0 0.0
cell 43.160511163309614 30.810728478869667 0.0 1.643167672515499 0.6085806194501844 1 0 0 0.17843311075866355 -0.9839520440473644 5.9243977554794345
cell 15.891512949313517 15.771145604433414 0.0 1.0 1.0 1 0 0 0.0 1.0 0.0
cell 39.804963893422595 39.39586815960551 0.0 1.0 1.0 1 0 0 0.0 1.0 0.0
cell 35.20110811119737 3.5688338705247484 0.0 1.140175425099138 0.8770580193070291 1 0 0 0.8818575397549863 -0.47151593777653233 4.12361068867418
cell 44.80940073939388 60.6030505712065 0.0 1.0 1.0 1 0 0 0.0 1.0 0.0
cell 20.893676639312822 41.06531015507499 0.0 1.0 1.0 1 0 0 0.0 1.0 0.0
cell 37.43878682984974 9.619610499710197 0.0 1.30384048104053 0.7669649888473703 1 0 0 0.9147772686620352 0.40395859780332266 2.309912408624643
cell 6.018587819045975 7.757410284856373 0.0 1.30384048104053 0.7669649888473703 1 0 0 0.6159440341313615 -0.787789912868897 4.956017830624758
cell 34.13634764990863 12.571579286557473 0.0 1.643167672515499 0.6085806194501844 1 0 0 0.8475670909449583 0.530688257216137 2.022767858138905
cell 8.2405756603898 12.329146914196158 0.0 1.643167672515499 0.6085806194501844 1 0 0 0.7548512442899273 0.6558960275790275 1.710854584392149
cell 58.69481728395076 3.096991527873848 0.0 1.0 1.0 1 0 0 0.0 1.0 0.0
cell 23.221462769750566 58.18058010424449 0.0 1.0 1.0 1 0 0 0.0 1.0 0.0
cell 9.817146879935583 44.12867080951614 0.0 1.140175425099138 0.8770580193070291 1 0 0 0.8469248423728764 0.5317126210385443 2.020349755868883
cell 43.709696289727766 33.29208862365106 0.0 1.0 1.0 1 0 0 0.0 1.0 0.0
