1000
 Lattice="60.97426611701555 0.0 0.0 0.0 60.97426611701555 0.0 0.0 0.0 1.0"Properties=species:S:1:pos:R:3:aspherical_shape:R:3:orientation:R:4:Color:R:1
cell 43.42825431271856 30.273701002498306 0.0 1.0 1.0 1 0 0 0.0 1.0 0.0
cell 5.794678277834335 10.540046289796612 0.0 1.0 1.0 1 0 0 0.0 1.0 0.0
cell 51.92334298106412 50.06304816578766 0.0 1.0 1.0 1 0 0 0.0 1.0 0.0
cell 41.40427952901873 44.59536489913831 0.0 1.0 1.0 1 0 0 0.0 1.0 0.0
cell 53.598847294148406 41.0783381147858 0.0 1.0 1.0 1 0 0 0.0 1.0 0.0
cell 8.782943424005643 45.209995831712355 0.0 1.0 1.0 1 0 0 0.0 1.0 0.0
cell 1.7368953832810794 10.572746494001137 0.0 1.0 1.0 1 0 0 0.0 1.0 0.0
cell 34.29557019163585 39.23111697289158 0.0 1.0 1.0 1 0 0 0.0 1.0 0.0
cell 38.31744616872216 35.65280530189301 0.0 1.0 1.0 1 0 0 0.0 1.0 0.0
cell 3.813994998411517 28.549674651755986 0.0 1.0 1.0 1 0 0 0.0 1.0 0.0
cell 45.476860757765174 33.89019888244773 0.0 1.0 1.0 1 0 0 0.0 1.0 0.0
cell 2.3452468199889203 57.50779353237338 0.0 1.264911064067352 0.7905694150420947 1 0 0 0.8921403909608399 -0.4517582570537474 4.079063029356593
cell 0.7288266927366098 19.57998891549444 0.0 1.0 1.0 1 0 0 0.0 1.0 0.0
cell 41.47441647264172 55.34800415024449 0.0 1.0 1.0 1 0 0 0.0 1.0 0.0
cell 5.730968526656467 3.392672751263398 0.0 1.0 1.0 1 0 0 0.0 1.0 0.0
cell 59.6743996423246 30.37084817878232 0.0 1.0 1.0 1 0 0 0.0 1.0 0.0
cell 22.102856477087283 35.57867748842564 0.0 1.0 1.0 1 0 0 0.0 1.0 0.0
cell 12.947698367798802 33.90071248605233 0.0 1.0 1.0 1 0 0 0.0 1.0 0.0
cell 46.459272851148405 17.73062393541197 0.0 1.0 1.0 1 0 0 0.0 1.0 0.0
cell 43.41491921869547 12.351515056475112 0.0 1.0 1.0 1 0 0 0.0 1.0 0.0
cell 42.400919223781095 17.70650260807387 0.0 1.0 1.0 1 0 0 0.0 1.0 0.0
cell 49.55092756746552 23.13910920515268 0.0 1.0 1.0 1 0 0 0.0 1.0 0.0
cell 22.087955843265302 14.083554147054173 0.0 1.0 1.0 1 0 0 0.0 1.0 0.0
cell 33.269295373477306 1.519651487342492 0.0 1.0 1.0 1 0 0 0.0 1.0 0.0
cell 35.28874300423416 23.06819974091886 0.0 1.0 1.0 1 0 0 0.0 1.0 0.0
cell 55.66740596245924 23.14422462738936 0.0 1.0 1.0 1 0 0 0.0 1.0 0.0
cell 45.606500835149966 54.63472429282778 0.0 1.0 1.0 1 0 0 0.0 1.0 0.0
cell 10.589423627052568 42.41896489474178 0.0 1.0 1.0 1 0 0 0.0 1.0 0.0
cell 52.577375807808295 28.533837351718876 0.0 1.0 1.0 1 0 0 0.0 1.0 0.0
cell 38.33811907702907 14.101432268594442 0.0 1.0 1.0 1 0 0 0.0 1.0 0.0
cell 5.825828931985847 14.136904918417263 0.0 1.0 1.0 1 0 0 0.0 1.0 0.0
cell 21.028274470503305 5.090140702863507 0.0 1.0 1.0 1 0 0 0.0 1.0 0.0
cell 43.44635289269265 59.03924600921047 0.0 1.0 1.0 1 0 0 0.0 1.0 0.0
cell 26.15176850795431 21.264816638510766 0.0 1.0 1.0 1 0 0 0.0 1.0 0.0
cell 55.62572086825165 5.2368632754502205 0.0 1.0 1.0 1 0 0 0.0 1.0 0.0
cell 0.7605997369865961 26.750381025117687 0.0 1.0 1.0 1 0 0 0.0 1.0 0.0
cell 38.372770653648296 39.234001676822295 0.0 1.0 1.0 1 0 0 0.0 1.0 0.0
cell 40.364395062530505 10.53307842226574 0.0 1.0 1.0 1 0 0 0.0 1.0 0.0
cell 3.7981190209887337 21.39301183426419 0.0 1.0 1.0 1 0 0 0.0 1.0 0.0
cell 16.938835769611885 5.140455926107518 0.0 1.0 1.0 1 0 0 0.0 1.0 0.0
cell 21.00441044436267 55.07076621649701 0.0 1.140175425099138 0.8770580193070291 1 0 0 0.5419335552181593 -0.8404213358361425 5.137713097643196
cell 58.65279502596885 32.15846914713014 0.0 1.0 1.0 1 0 0 0.0 1.0 0.0
cell 28.181260805589503 28.439843058035613 0.0 1.0 1.0 1 0 0 0.0 1.0 0.0
cell 26.13678378702986 35.64660610645723 0.0 1.0 1.0 1 0 0 0.0 1.0 0.0
cell 57.65493700191849 5.203762885880822 0.0 1.0 1.0 1 0 0 0.0 1.0 0.0
cell 54.668786755308325 42.85188293986403 0.0 1.0 1.0 1 0 0 0.0 1.0 0.0
cell 8.670508958871315 43.24684175531901 0.0 1.0 1.0 1 0 0 0.0 1.0 0.0
cell 15.93763117661869 47.50337223914928 0.0 1.0 1.0 1 0 0 0.0 1.0 0.0
cell 33.26037781794945 12.2791682383565 0.0 1.0 1.0 1 0 0 0.0 1.0 0.0
cell 50.56103226053744 28.482956280560654 0.0 1.0 1.0 1 0 0 0.0 1.0 0.0
cell 17.998535976543895 6.927123580854758 0.0 1.0 1.0 1 0 0 0.0 1.0 0.0
cell 48.25822635860545 50.05115377236294 0.0 1.0 1.0 1 0 0 0.0 1.0 0.0
cell 56.738026532799424 60.63442142852054 0.0 1.0488088481701516 0.9534625892455922 1 0 0 0.7188317243861949 -0.6951841137540253 4.678944650055232
cell 10.856803552658656 8.748128450167867 0.0 1.0 1.0 1 0 0 0.0 1.0 0.0
cell 1.773396949853537 24.963769747348298 0.0 1.0 1.0 1 0 0 0.0 1.0 0.0
cell 25.109531330580605 5.097977637553669 0.0 1.0 1.0 1 0 0 0.0 1.0 0.0
cell 3.427514613956295 60.67093761372274 0.0 1.0488088481701516 0.9534625892455922 1 0 0 0.23781786468143248 0.9713097668809698 0.48023728080328126
cell 23.049800200690527 37.351905075195425 0.0 1.0 1.0 1 0 0 0.0 1.0 0.0
cell 23.079260721891966 12.319347462682577 0.0 1.0 1.0 1 0 0 0.0 1.0 0.0
cell 36.30730080036621 10.521546890663336 0.0 1.0 1.0 1 0 0 0.0 1.0 0.0
cell 51.53991525835477 15.985838694119128 0.0 1.0 1.0 1 0 0 0.0 1.0 0.0
cell 12.958413128024173 26.728986098400622 0.0 1.0 1.0 1 0 0 0.0 1.0 0.0
cell 11.680339559507397 53.586136363501055 0.0 1.0 1.0 1 0 0 0.0 1.0 0.0
cell 34.28781335008986 32.0730294687207 0.0 1.0 1.0 1 0 0 0.0 1.0 0.0
cell 28.15743987722831 21.302601892887896 0.0 1.0 1.0 1 0 0 0.0 1.0 0.0
cell 51.567027414604205 33.8863839835811 0.0 1.0 1.0 1 0 0 0.0 1.0 0.0
cell 33.26723687856431 37.444255518702114 0.0 1.0 1.0 1 0 0 0.0 1.0 0.0
cell 9.913369399655057 32.14849961074009 0.0 1.0 1.0 1 0 0 0.0 1.0 0.0
cell 2.771897052443203 26.749448896301434 0.0 1.0 1.0 1 0 0 0.0 1.0 0.0
cell 28.156149330645587 10.489096347803272 0.0 1.0 1.0 1 0 0 0.0 1.0 0.0
cell 15.861093962740092 53.58082290078878 0.0 1.0 1.0 1 0 0 0.0 1.0 0.0
cell 23.078345594491005 23.060816248706338 0.0 1.0 1.0 1 0 0 0.0 1.0 0.0
cell 40.3690686602559 14.13055738266689 0.0 1.0 1.0 1 0 0 0.0 1.0 0.0
cell 26.148321275845166 6.89614089956033 0.0 1.0 1.0 1 0 0 0.0 1.0 0.0
cell 29.177275479128507 5.094270586290442 0.0 1.0 1.0 1 0 0 0.0 1.0 0.0
cell 31.182671097024354 8.697532069918914 0.0 1.0 1.0 1 0 0 0.0 1.0 0.0
cell 1.7484608254161789 42.93004891286317 0.0 1.0 1.0 1 0 0 0.0 1.0 0.0
cell 6.43381752865477 51.986520823833104 0.0 1.0 1.0 1 0 0 0.0 1.0 0.0
cell 44.43661010106527 10.540495009320214 0.0 1.0 1.0 1 0 0 0.0 1.0 0.0
cell 40.38322656126399 60.70863578943355 0.0 1.0 1.0 1 0 0 0.0 1.0 0.0
cell 28.16290079104526 3.284884295031915 0.0 1.0 1.0 1 0 0 0.0 1.0 0.0
cell 27.16440324792819 15.888402664574858 0.0 1.0 1.0 1 0 0 0.0 1.0 0.0
cell 57.69463369943028 37.540844861362636 0.0 1.0 1.0 1 0 0 0.0 1.0 0.0
cell 33.276840795814465 30.2856840113198 0.0 1.0 1.0 1 0 0 0.0 1.0 0.0
cell 26.917586954512974 41.029274181085476 0.0 1.140175425099138 0.8770580193070291 1 0 0 0.3150630174136601 -0.9490707534521332 5.642139202407515
cell 22.885918463234482 39.26022051630428 0.0 1.0 1.0 1 0 0 0.0 1.0 0.0
cell 35.27046412800093 55.30066470122442 0.0 1.0 1.0 1 0 0 0.0 1.0 0.0
cell 50.52897675864759 32.09563710270173 0.0 1.0 1.0 1 0 0 0.0 1.0 0.0
cell 33.28079249962652 15.917452593818078 0.0 1.0 1.0 1 0 0 0.0 1.0 0.0
cell 54.61988817924422 3.437949177010762 0.0 1.0 1.0 1 0 0 0.0 1.0 0.0
cell 60.70116788773426 14.175278239733892 0.0 1.0 1.0 1 0 0 0.0 1.0 0.0
cell 28.14630314716097 60.6898655612151 0.0 1.0 1.0 1 0 0 0.0 1.0 0.0
cell 19.4076854570813 39.27754368932046 0.0 1.0 1.0 1 0 0 0.0 1.0 0.0
cell 19.429957516505507 43.4147032996033 0.0 1.0 1.0 1 0 0 0.0 1.0 0.0
cell 45.40547606667838 8.791003104858817 0.0 1.0 1.0 1 0 0 0.0 1.0 0.0
cell 53.6239092758785 26.745168039536523 0.0 1.0 1.0 1 0 0 0.0 1.0 0.0
cell 6.818998705247645 23.12911445066217 0.0 1.0 1.0 1 0 0 0.0 1.0 0.0
cell 42.404381974350116 24.917817226364292 0.0 1.0 1.0 1 0 0 0.0 1.0 0.0
cell 30.04783551139328 53.55798494768959 0.0 1.0 1.0 1 0 0 0.0 1.0 0.0
cell 18.97998882804155 5.125355476680235 0.0 1.0 1.0 1 0 0 0.0 1.0 0.0
cell 34.27804223138024 21.317400774948396 0.0 1.0 1.0 1 0 0 0.0 1.0 0.0
cell 8.956197568743722 37.655384167372226 0.0 1.0 1.0 1 0 0 0.0 1.0 0.0
cell 24.099132367448394 14.111336284065697 0.0 1.0 1.0 1 0 0 0.0 1.0 0.0
cell 46.33977847893216 50.74059850482712 0.0 1.0 1.0 1 0 0 0.0 1.0 0.0
cell 57.36386259159899 52.72843825822044 0.0 1.2247448713915894 0.8164965809277259 1 0 0 0.5388247505675037 0.8424178821558025 1.1380827903193327
cell 46.46156169477654 32.04157900793505 0.0 1.0 1.0 1 0 0 0.0 1.0 0.0
cell 5.835799620985278 24.929551923894937 0.0 1.0 1.0 1 0 0 0.0 1.0 0.0
cell 51.559984224519816 19.562418612823148 0.0 1.0 1.0 1 0 0 0.0 1.0 0.0
cell 19.566150955357873 51.578354496029256 0.0 1.0 1.0 1 0 0 0.0 1.0 0.0
cell 52.38973214697563 52.06613069442706 0.0 1.0 1.0 1 0 0 0.0 1.0 0.0
cell 47.473947788296464 19.55303562863032 0.0 1.0 1.0 1 0 0 0.0 1.0 0.0
cell 24.869977823393427 48.439199189616104 0.0 1.0 1.0 1 0 0 0.0 1.0 0.0
cell 54.60980205285434 14.197195856477158 0.0 1.0 1.0 1 0 0 0.0 1.0 0.0
cell 54.62767762817434 28.545795176940437 0.0 1.0 1.0 1 0 0 0.0 1.0 0.0
cell 45.45432962137276 41.03880305177559 0.0 1.0 1.0 1 0 0 0.0 1.0 0.0
cell 56.60929205148684 17.800693477547114 0.0 1.0 1.0 1 0 0 0.0 1.0 0.0
cell 25.117775118743644 8.724771920036574 0.0 1.0 1.0 1 0 0 0.0 1.0 0.0
cell 28.16550328833382 14.082162604042951 0.0 1.0 1.0 1 0 0 0.0 1.0 0.0
cell 31.18036634233974 5.104173795681939 0.0 1.0 1.0 1 0 0 0.0 1.0 0.0
cell 46.466161710472115 24.90139906190339 0.0 1.0 1.0 1 0 0 0.0 1.0 0.0
cell 31.249040749112368 19.49747887687418 0.0 1.0 1.0 1 0 0 0.0 1.0 0.0
cell 27.167803238614646 23.078022138467563 0.0 1.0 1.0 1 0 0 0.0 1.0 0.0
cell 17.72411169668607 52.75157348959921 0.0 1.0488088481701516 0.9534625892455922 1 0 0 0.8924519613691834 -0.4511424349895471 4.077682720763535
cell 8.610112532568504 55.47099780010187 0.0 1.0 1.0 1 0 0 0.0 1.0 0.0
cell 22.076592056079022 28.450306025753452 0.0 1.0 1.0 1 0 0 0.0 1.0 0.0
cell 47.47291997124775 12.37728694201988 0.0 1.0 1.0 1 0 0 0.0 1.0 0.0
cell 26.114595328416062 3.293017469048468 0.0 1.0 1.0 1 0 0 0.0 1.0 0.0
cell 37.32531457485472 44.604785242594964 0.0 1.0 1.0 1 0 0 0.0 1.0 0.0
cell 42.48516887911004 57.13547238372561 0.0 1.0 1.0 1 0 0 0.0 1.0 0.0
cell 5.906588121849705 35.755095500062765 0.0 1.0 1.0 1 0 0 0.0 1.0 0.0
cell 23.094812110961534 30.202868743461302 0.0 1.0 1.0 1 0 0 0.0 1.0 0.0
cell 57.9244410081027 50.35122833499081 0.0 1.0 1.0 1 0 0 0.0 1.0 0.0
cell 18.031056162952996 32.02709088737241 0.0 1.0 1.0 1 0 0 0.0 1.0 0.0
cell 3.804359718290498 10.587254613636604 0.0 1.0 1.0 1 0 0 0.0 1.0 0.0
cell 31.225814925614827 37.43005988417802 0.0 1.0 1.0 1 0 0 0.0 1.0 0.0
cell 1.2730884289622495 50.26464808404588 0.0 1.0 1.0 1 0 0 0.0 1.0 0.0
cell 51.54613148974758 5.238668905500777 0.0 1.0 1.0 1 0 0 0.0 1.0 0.0
cell 44.42288391321733 3.3940611092371475 0.0 1.0 1.0 1 0 0 0.0 1.0 0.0
cell 13.970911822904334 35.651191362831284 0.0 1.0 1.0 1 0 0 0.0 1.0 0.0
cell 16.969414256867697 8.743233784233128 0.0 1.0 1.0 1 0 0 0.0 1.0 0.0
cell 34.28206786177777 42.83002657534355 0.0 1.0 1.0 1 0 0 0.0 1.0 0.0
cell 15.958945168996888 49.5394421125263 0.0 1.0 1.0 1 0 0 0.0 1.0 0.0
cell 30.221444420238043 3.30608418934734 0.0 1.0 1.0 1 0 0 0.0 1.0 0.0
cell 1.7969495882117512 32.179560845078555 0.0 1.0 1.0 1 0 0 0.0 1.0 0.0
cell 55.91045275685687 50.439987380047015 0.0 1.0 1.0 1 0 0 0.0 1.0 0.0
cell 54.606098369855694 32.12800554448955 0.0 1.0 1.0 1 0 0 0.0 1.0 0.0
cell 40.42457632693355 35.6735244568901 0.0 1.0 1.0 1 0 0 0.0 1.0 0.0
cell 14.974655146239432 15.921024671377475 0.0 1.0 1.0 1 0 0 0.0 1.0 0.0
cell 8.44082157419656 51.92232354469783 0.0 1.0 1.0 1 0 0 0.0 1.0 0.0
cell 13.92702630984382 6.935096551231672 0.0 1.0 1.0 1 0 0 0.0 1.0 0.0
cell 38.340610290041816 42.812348944329564 0.0 1.0 1.0 1 0 0 0.0 1.0 0.0
cell 1.1854699085190208 53.8214884379649 0.0 1.0 1.0 1 0 0 0.0 1.0 0.0
cell 56.64649047198891 21.37971371713963 0.0 1.0 1.0 1 0 0 0.0 1.0 0.0
cell 10.735855699235204 58.96742780960892 0.0 1.0 1.0 1 0 0 0.0 1.0 0.0
cell 21.195776334037244 44.41471022046877 0.0 1.0 1.0 1 0 0 0.0 1.0 0.0
cell 55.604608847677255 33.92594628039299 0.0 1.0 1.0 1 0 0 0.0 1.0 0.0
cell 26.095899780338588 57.13360105801325 0.0 1.0 1.0 1 0 0 0.0 1.0 0.0
cell 52.60517900266044 48.22339097844564 0.0 1.0954451150103324 0.9128709291752768 1 0 0 0.06862716377801377 0.9976423770027943 0.13736229403362793
cell 5.54569979323522 60.67435759386829 0.0 1.0488088481701516 0.9534625892455922 1 0 0 0.9575163249626494 -0.28837906898736937 3.7266597649825273
cell 51.56514343284512 30.323760386896996 0.0 1.0 1.0 1 0 0 0.0 1.0 0.0
cell 43.420049591490674 19.482162222636266 0.0 1.0 1.0 1 0 0 0.0 1.0 0.0
cell 58.74496231647411 60.88156820553729 0.0 1.0 1.0 1 0 0 0.0 1.0 0.0
cell 16.979805970334258 15.92808482945166 0.0 1.0 1.0 1 0 0 0.0 1.0 0.0
cell 0.7340316039470218 8.788893723489561 0.0 1.0 1.0 1 0 0 0.0 1.0 0.0
cell 36.287859121359695 53.48912198841954 0.0 1.0 1.0 1 0 0 0.0 1.0 0.0
cell 16.977062747089157 12.34099539283294 0.0 1.0 1.0 1 0 0 0.0 1.0 0.0
cell 8.915384317488579 33.94404677098808 0.0 1.0 1.0 1 0 0 0.0 1.0 0.0
cell 59.68852852201247 37.55817158540876 0.0 1.0 1.0 1 0 0 0.0 1.0 0.0
cell 55.62081531267296 15.988429429569324 0.0 1.0 1.0 1 0 0 0.0 1.0 0.0
cell 7.487307854399724 53.70895910105496 0.0 1.0 1.0 1 0 0 0.0 1.0 0.0
cell 54.51459593326483 46.342811660943454 0.0 1.0954451150103324 0.9128709291752768 1 0 0 0.36803120910470005 -0.9298134378061722 5.5294038534664285
cell 0.7773100472758784 37.53681669621725 0.0 1.0 1.0 1 0 0 0.0 1.0 0.0
cell 20.03506649770021 14.074565212244385 0.0 1.0 1.0 1 0 0 0.0 1.0 0.0
cell 52.541815325555234 7.030422798244679 0.0 1.0 1.0 1 0 0 0.0 1.0 0.0
cell 11.898035359250864 14.120423698797987 0.0 1.0 1.0 1 0 0 0.0 1.0 0.0
cell 23.019988158078547 43.33684803744655 0.0 1.0 1.0 1 0 0 0.0 1.0 0.0
cell 42.435790269615666 53.57217075445437 0.0 1.0 1.0 1 0 0 0.0 1.0 0.0
cell 4.795411592391168 23.131240375229332 0.0 1.0 1.0 1 0 0 0.0 1.0 0.0
cell 1.734342056133996 7.00186320922654 0.0 1.0 1.0 1 0 0 0.0 1.0 0.0
cell 43.43392139441588 37.45240227515899 0.0 1.0 1.0 1 0 0 0.0 1.0 0.0
cell 3.2922579697265837 50.24104423780355 0.0 1.0 1.0 1 0 0 0.0 1.0 0.0
cell 29.207838206723377 37.40496595152375 0.0 1.0 1.0 1 0 0 0.0 1.0 0.0
cell 52.74362207575811 57.35593825598925 0.0 1.0 1.0 1 0 0 0.0 1.0 0.0
cell 14.179459519137138 50.580906833781405 0.0 1.0 1.0 1 0 0 0.0 1.0 0.0
cell 27.116801100877062 8.71674429731734 0.0 1.0 1.0 1 0 0 0.0 1.0 0.0
cell 21.029359061946735 12.319970906438618 0.0 1.0 1.0 1 0 0 0.0 1.0 0.0
cell 10.862488616772346 15.929236276964742 0.0 1.0 1.0 1 0 0 0.0 1.0 0.0
cell 31.248203650695263 33.861845463963476 0.0 1.0 1.0 1 0 0 0.0 1.0 0.0
cell 12.290647763380573 49.737974660237875 0.0 1.0954451150103324 0.9128709291752768 1 0 0 0.18789677341303396 -0.9821887815185892 5.905144628851885
cell 50.55842828735701 35.658513169697564 0.0 1.0 1.0 1 0 0 0.0 1.0 0.0
cell 41.419542160450916 58.94737091891375 0.0 1.0 1.0 1 0 0 0.0 1.0 0.0
cell 56.644253876236334 39.33757423850488 0.0 1.0 1.0 1 0 0 0.0 1.0 0.0
cell 41.377614068190404 12.327565904363004 0.0 1.0 1.0 1 0 0 0.0 1.0 0.0
cell 37.309262014845984 41.05036651995959 0.0 1.0 1.0 1 0 0 0.0 1.0 0.0
cell 0.7642488853663032 33.98632178286408 0.0 1.0 1.0 1 0 0 0.0 1.0 0.0
cell 39.39742101819002 51.74826289116428 0.0 1.0 1.0 1 0 0 0.0 1.0 0.0
cell 19.45108771871385 45.42079505108419 0.0 1.0 1.0 1 0 0 0.0 1.0 0.0
cell 26.159285874589777 24.87964001116644 0.0 1.0 1.0 1 0 0 0.0 1.0 0.0
cell 44.54112313774455 49.87953440931205 0.0 1.0 1.0 1 0 0 0.0 1.0 0.0
cell 2.7692481462012304 44.66720743261946 0.0 1.0 1.0 1 0 0 0.0 1.0 0.0
cell 32.227371387959735 39.23381365033515 0.0 1.0 1.0 1 0 0 0.0 1.0 0.0
cell 18.04884142061971 35.592210132922006 0.0 1.0 1.0 1 0 0 0.0 1.0 0.0
cell 38.311436489266015 17.717594076984405 0.0 1.0 1.0 1 0 0 0.0 1.0 0.0
cell 14.005110314479788 40.21828091179123 0.0 1.0488088481701516 0.9534625892455922 1 0 0 0.4182644881102653 0.9083252820360433 0.8630676108196387
cell 3.8386970481673286 42.935878261723595 0.0 1.0 1.0 1 0 0 0.0 1.0 0.0
cell 52.62546866872747 24.93793604893287 0.0 1.0 1.0 1 0 0 0.0 1.0 0.0
cell 59.68588852503271 8.793810032822105 0.0 1.0 1.0 1 0 0 0.0 1.0 0.0
cell 6.889624395456082 44.696190196430386 0.0 1.0 1.0 1 0 0 0.0 1.0 0.0
cell 21.124975145519436 40.261393822746925 0.0 1.0 1.0 1 0 0 0.0 1.0 0.0
cell 14.943420591032037 8.750927326935058 0.0 1.0 1.0 1 0 0 0.0 1.0 0.0
cell 17.053319051038706 37.58956973789145 0.0 1.0488088481701516 0.9534625892455922 1 0 0 0.6352484994211308 0.7723078039118869 1.3766604792508415
cell 49.50061569448666 8.828573333429691 0.0 1.0 1.0 1 0 0 0.0 1.0 0.0
cell 17.62984701005571 40.24294972721886 0.0 1.0 1.0 1 0 0 0.0 1.0 0.0
cell 17.982310561977066 10.520703394311292 0.0 1.0 1.0 1 0 0 0.0 1.0 0.0
cell 60.71718057560245 21.358183464367833 0.0 1.0 1.0 1 0 0 0.0 1.0 0.0
cell 46.48355349550148 6.98018265262792 0.0 1.0 1.0 1 0 0 0.0 1.0 0.0
cell 38.34903398954863 6.935579203229483 0.0 1.0 1.0 1 0 0 0.0 1.0 0.0
cell 45.496368376272606 1.6635731854242248 0.0 1.0 1.0 1 0 0 0.0 1.0 0.0
cell 5.821205654550134 28.57329692500279 0.0 1.0 1.0 1 0 0 0.0 1.0 0.0
cell 49.53627411569401 26.71660585324391 0.0 1.0 1.0 1 0 0 0.0 1.0 0.0
cell 51.60326580387096 37.456796295717744 0.0 1.0 1.0 1 0 0 0.0 1.0 0.0
cell 46.13015505989289 55.96432252310163 0.0 1.643167672515499 0.6085806194501844 1 0 0 0.9982831914870006 0.05857191813939918 3.0243817333955163
cell 56.07525702886006 55.6479734736342 0.0 1.341640786499874 0.7453559924999297 1 0 0 0.9186349046782059 -0.3951074688067331 3.9539623248316977
cell 35.269549098024456 8.716326501323392 0.0 1.0 1.0 1 0 0 0.0 1.0 0.0
cell 24.145201645640046 32.018815407389475 0.0 1.0 1.0 1 0 0 0.0 1.0 0.0
cell 43.45083438977069 23.10557284217543 0.0 1.0 1.0 1 0 0 0.0 1.0 0.0
cell 32.25102120067503 24.896751152296847 0.0 1.0 1.0 1 0 0 0.0 1.0 0.0
cell 11.932837575526246 17.726988585266255 0.0 1.0 1.0 1 0 0 0.0 1.0 0.0
cell 34.2429801256762 10.496944546428692 0.0 1.0 1.0 1 0 0 0.0 1.0 0.0
cell 55.68513354815243 53.5082554574519 0.0 1.0 1.0 1 0 0 0.0 1.0 0.0
cell 2.7805145168100744 12.366606892949395 0.0 1.0 1.0 1 0 0 0.0 1.0 0.0
cell 47.50927193329438 26.705968262184772 0.0 1.0 1.0 1 0 0 0.0 1.0 0.0
cell 54.62504421150956 35.73124269479306 0.0 1.0 1.0 1 0 0 0.0 1.0 0.0
cell 42.414343664210854 3.3606040585184624 0.0 1.0 1.0 1 0 0 0.0 1.0 0.0
cell 8.456815527524368 48.36492583043525 0.0 1.0 1.0 1 0 0 0.0 1.0 0.0
cell 2.749746039430793 8.798656814368536 0.0 1.0 1.0 1 0 0 0.0 1.0 0.0
cell 15.076267267828396 37.458736616578726 0.0 1.0 1.0 1 0 0 0.0 1.0 0.0
cell 17.777157040513796 50.59858894490718 0.0 1.0 1.0 1 0 0 0.0 1.0 0.0
cell 16.005078351342245 24.889354349290176 0.0 1.0 1.0 1 0 0 0.0 1.0 0.0
cell 57.63542709929025 8.827587865763665 0.0 1.0 1.0 1 0 0 0.0 1.0 0.0
cell 28.729288873032615 52.07149097081533 0.0 1.0488088481701516 0.9534625892455922 1 0 0 0.5023822576806836 -0.8646456309770258 5.230481784881019
cell 26.62155565882948 47.36919618890381 0.0 1.0 1.0 1 0 0 0.0 1.0 0.0
cell 46.551694711601236 46.45660040286549 0.0 1.0488088481701516 0.9534625892455922 1 0 0 0.6536241998238986 -0.7568192686530703 4.858458669772951
cell 36.311544435205484 24.89300077067756 0.0 1.0 1.0 1 0 0 0.0 1.0 0.0
cell 12.93790381535133 23.102106988553196 0.0 1.0 1.0 1 0 0 0.0 1.0 0.0
cell 57.67445867938864 30.390841160254134 0.0 1.0 1.0 1 0 0 0.0 1.0 0.0
cell 38.33059281597756 60.69883904733059 0.0 1.0 1.0 1 0 0 0.0 1.0 0.0
cell 48.525361234486944 39.2542548826651 0.0 1.0 1.0 1 0 0 0.0 1.0 0.0
cell 44.43237643409004 17.728217208748482 0.0 1.0 1.0 1 0 0 0.0 1.0 0.0
cell 41.405045161542695 19.503832305880028 0.0 1.0 1.0 1 0 0 0.0 1.0 0.0
cell 29.18859244009981 1.508231749605888 0.0 1.0 1.0 1 0 0 0.0 1.0 0.0
cell 12.896403455963346 12.3393950775125 0.0 1.0 1.0 1 0 0 0.0 1.0 0.0
cell 59.74921711077793 33.951036576857156 0.0 1.0 1.0 1 0 0 0.0 1.0 0.0
cell 8.648557428264336 59.00170466299229 0.0 1.0 1.0 1 0 0 0.0 1.0 0.0
cell 29.256111618834833 30.22243302828612 0.0 1.0 1.0 1 0 0 0.0 1.0 0.0
cell 21.460993864702292 52.67410135526928 0.0 1.0488088481701516 0.9534625892455922 1 0 0 0.6722675649880047 0.7403082608380774 1.474535090471092
cell 28.15629284458797 6.888057080551992 0.0 1.0 1.0 1 0 0 0.0 1.0 0.0
cell 59.69946554545385 26.744735271247034 0.0 1.0 1.0 1 0 0 0.0 1.0 0.0
cell 43.41060740400684 5.179882807625186 0.0 1.0 1.0 1 0 0 0.0 1.0 0.0
cell 39.339860112043326 8.71116608746613 0.0 1.0 1.0 1 0 0 0.0 1.0 0.0
cell 8.898591216042545 41.25261332500929 0.0 1.0 1.0 1 0 0 0.0 1.0 0.0
cell 3.2829261790627355 46.66603709358199 0.0 1.0 1.0 1 0 0 0.0 1.0 0.0
cell 14.111988681908773 46.47894669902737 0.0 1.0 1.0 1 0 0 0.0 1.0 0.0
cell 12.348517266104022 47.53768020329839 0.0 1.0 1.0 1 0 0 0.0 1.0 0.0
cell 19.005013002835142 15.892207415805636 0.0 1.0 1.0 1 0 0 0.0 1.0 0.0
cell 30.99135381295095 48.3201308133477 0.0 1.2247448713915894 0.8164965809277259 1 0 0 0.4149184467579194 -0.9098586057954255 5.427478970645375
cell 26.795949891125428 51.34283032404698 0.0 1.0 1.0 1 0 0 0.0 1.0 0.0
cell 2.7359906675909427 5.194273741355944 0.0 1.0 1.0 1 0 0 0.0 1.0 0.0
cell 21.068152563070374 8.709466806947129 0.0 1.0 1.0 1 0 0 0.0 1.0 0.0
cell 50.536329076426995 17.74404480535323 0.0 1.0 1.0 1 0 0 0.0 1.0 0.0
cell 31.999935186767885 49.97913209327758 0.0 1.0488088481701516 0.9534625892455922 1 0 0 0.010437941557189636 -0.9999455232041637 6.262309044973206
cell 32.294545853849414 28.45433938368552 0.0 1.0 1.0 1 0 0 0.0 1.0 0.0
cell 29.164609914945686 40.990915227848596 0.0 1.0 1.0 1 0 0 0.0 1.0 0.0
cell 7.8165600472730254 6.939083060783466 0.0 1.0 1.0 1 0 0 0.0 1.0 0.0
cell 21.058301841153256 15.90314351808973 0.0 1.0 1.0 1 0 0 0.0 1.0 0.0
cell 31.084382182211623 44.66545177214574 0.0 1.0488088481701516 0.9534625892455922 1 0 0 0.9727668948656789 0.23178560838280118 2.673766893500821
cell 46.47972453452433 21.315174845692333 0.0 1.0 1.0 1 0 0 0.0 1.0 0.0
cell 1.7339368697168276 3.4136568535170366 0.0 1.0 1.0 1 0 0 0.0 1.0 0.0
cell 20.041943955751552 21.29276983265365 0.0 1.0 1.0 1 0 0 0.0 1.0 0.0
cell 27.052058393156933 49.355283517121386 0.0 1.0488088481701516 0.9534625892455922 1 0 0 0.2131649818202248 0.9770162181486974 0.42962651551725706
cell 39.38461254083517 44.60357013314866 0.0 1.0 1.0 1 0 0 0.0 1.0 0.0
cell 48.53320239409338 24.901821024192806 0.0 1.0 1.0 1 0 0 0.0 1.0 0.0
cell 15.828309356782952 57.14761307239751 0.0 1.0 1.0 1 0 0 0.0 1.0 0.0
cell 37.37710327689187 55.29787440805591 0.0 1.0 1.0 1 0 0 0.0 1.0 0.0
cell 35.299069639773045 33.85425521104216 0.0 1.0 1.0 1 0 0 0.0 1.0 0.0
cell 44.432812064932136 6.989912940059446 0.0 1.0 1.0 1 0 0 0.0 1.0 0.0
cell 28.192813748034407 32.07696525712259 0.0 1.0 1.0 1 0 0 0.0 1.0 0.0
cell 1.0246640521479422 46.65493336345038 0.0 1.1832159566199234 0.8451542547285166 1 0 0 0.05133477323328368 -0.9986815013091448 6.180470613680732
cell 52.58576781191445 32.08781246884904 0.0 1.0 1.0 1 0 0 0.0 1.0 0.0
cell 45.49517706158799 59.099373535592164 0.0 1.0 1.0 1 0 0 0.0 1.0 0.0
cell 9.946969860513475 35.805320573953026 0.0 1.0488088481701516 0.9534625892455922 1 0 0 0.6924799262265521 0.7214371433280026 1.5298417755324512
cell 50.42630503862394 52.60807774015993 0.0 1.0 1.0 1 0 0 0.0 1.0 0.0
cell 40.394107733545226 32.07930135003356 0.0 1.0 1.0 1 0 0 0.0 1.0 0.0
cell 45.47606791271806 5.2271148372607 0.0 1.0 1.0 1 0 0 0.0 1.0 0.0
cell 39.31893560448143 12.317400804578092 0.0 1.0 1.0 1 0 0 0.0 1.0 0.0
cell 17.00695863255347 26.682795473015197 0.0 1.0 1.0 1 0 0 0.0 1.0 0.0
cell 21.073232681278697 23.0743214402209 0.0 1.0 1.0 1 0 0 0.0 1.0 0.0
cell 35.30931844144075 58.869849113880804 0.0 1.0 1.0 1 0 0 0.0 1.0 0.0
cell 54.70596425233106 56.799111539969495 0.0 1.0 1.0 1 0 0 0.0 1.0 0.0
cell 34.265407115446614 46.438279922371635 0.0 1.0 1.0 1 0 0 0.0 1.0 0.0
cell 45.4661416418122 26.676812739795327 0.0 1.0 1.0 1 0 0 0.0 1.0 0.0
cell 26.091993978366798 60.696174175621415 0.0 1.0 1.0 1 0 0 0.0 1.0 0.0
cell 29.62161858696544 50.19145693040879 0.0 1.264911064067352 0.7905694150420947 1 0 0 0.0544836223769315 -0.9985146643353255 6.174164079372876
cell 51.68504912345117 54.178879616462325 0.0 1.0 1.0 1 0 0 0.0 1.0 0.0
cell 49.52988752518022 41.01758668693779 0.0 1.0 1.0 1 0 0 0.0 1.0 0.0
cell 56.69169929136841 28.565705807210946 0.0 1.0 1.0 1 0 0 0.0 1.0 0.0
cell 12.722438609761323 55.34362994275541 0.0 1.0 1.0 1 0 0 0.0 1.0 0.0
cell 21.171440945610595 42.327358395585186 0.0 1.0 1.0 1 0 0 0.0 1.0 0.0
cell 14.940816253342843 19.531448709936846 0.0 1.0 1.0 1 0 0 0.0 1.0 0.0
cell 47.52517179321432 41.02131853281809 0.0 1.0 1.0 1 0 0 0.0 1.0 0.0
cell 48.5566447346685 42.80334189589152 0.0 1.0 1.0 1 0 0 0.0 1.0 0.0
cell 25.1504921513704 26.646266821953404 0.0 1.0 1.0 1 0 0 0.0 1.0 0.0
cell 48.46615505103701 6.982846587166884 0.0 1.0 1.0 1 0 0 0.0 1.0 0.0
cell 15.88661419956049 45.42161087041283 0.0 1.0 1.0 1 0 0 0.0 1.0 0.0
cell 46.51582451007851 3.3974885781632675 0.0 1.0 1.0 1 0 0 0.0 1.0 0.0
cell 30.21682270757186 35.64171378514733 0.0 1.0 1.0 1 0 0 0.0 1.0 0.0
cell 45.638472895364124 48.41926392158824 0.0 1.5491933384829673 0.6454972243679027 1 0 0 0.9375597959379627 -0.34782413521888583 3.8520913080232617
cell 17.96804477558465 3.32805708087168 0.0 1.0 1.0 1 0 0 0.0 1.0 0.0
cell 24.08149963417917 17.69552874980343 0.0 1.0 1.0 1 0 0 0.0 1.0 0.0
cell 37.30097033598013 15.911634063777916 0.0 1.0 1.0 1 0 0 0.0 1.0 0.0
cell 7.62562023611624 60.73374950237739 0.0 1.0 1.0 1 0 0 0.0 1.0 0.0
cell 22.976628228740324 55.38500722226697 0.0 1.0 1.0 1 0 0 0.0 1.0 0.0
cell 42.46638041457583 46.35669551604106 0.0 1.0 1.0 1 0 0 0.0 1.0 0.0
cell 57.79339231298385 58.882953938602434 0.0 1.0 1.0 1 0 0 0.0 1.0 0.0
cell 1.7243806056010471 14.180612890076173 0.0 1.0 1.0 1 0 0 0.0 1.0 0.0
cell 4.2876291055542 48.402936752632016 0.0 1.0 1.0 1 0 0 0.0 1.0 0.0
cell 15.93694227669206 6.908781366600093 0.0 1.0 1.0 1 0 0 0.0 1.0 0.0
cell 55.644643266283786 30.320881037930743 0.0 1.0 1.0 1 0 0 0.0 1.0 0.0
cell 10.923837942223209 30.325431257176955 0.0 1.0 1.0 1 0 0 0.0 1.0 0.0
cell 32.20846596559314 6.893162078309782 0.0 1.0 1.0 1 0 0 0.0 1.0 0.0
cell 12.334288303580289 41.34025118075588 0.0 1.0 1.0 1 0 0 0.0 1.0 0.0
cell 2.807534097344227 37.54199929559734 0.0 1.0 1.0 1 0 0 0.0 1.0 0.0
cell 36.34276224365127 32.04948621235621 0.0 1.0 1.0 1 0 0 0.0 1.0 0.0
cell 0.6891885636179733 57.77657804276861 0.0 1.4142135623730954 0.7071067811865474 1 0 0 0.6753051833017962 -0.7375384121560906 4.8004284868321285
cell 16.047081268387373 35.63593749870984 0.0 1.0 1.0 1 0 0 0.0 1.0 0.0
cell 35.30849968660483 19.505311969582046 0.0 1.0 1.0 1 0 0 0.0 1.0 0.0
cell 48.524504763346286 21.292812288520555 0.0 1.0 1.0 1 0 0 0.0 1.0 0.0
cell 35.28745128310415 41.04888460810648 0.0 1.0 1.0 1 0 0 0.0 1.0 0.0
cell 24.968983252555592 55.132833215372784 0.0 1.140175425099138 0.8770580193070291 1 0 0 0.7962982164996113 0.6049042489514668 1.8423014201519707
cell 14.86707257491451 1.5324128586242645 0.0 1.0 1.0 1 0 0 0.0 1.0 0.0
cell 38.35143799505317 53.546774235672224 0.0 1.0 1.0 1 0 0 0.0 1.0 0.0
cell 27.138785299310477 58.94284416604822 0.0 1.0 1.0 1 0 0 0.0 1.0 0.0
cell 21.31311925089675 50.56282348891697 0.0 1.0 1.0 1 0 0 0.0 1.0 0.0
cell 32.17986994766158 42.855032160708056 0.0 1.0 1.0 1 0 0 0.0 1.0 0.0
cell 50.63945314132103 60.8685268894411 0.0 1.0 1.0 1 0 0 0.0 1.0 0.0
cell 28.63748682841424 44.53308722386423 0.0 1.1832159566199234 0.8451542547285166 1 0 0 0.9999246232002903 -0.012277944362046487 3.1661491593139246
cell 36.31088992141802 28.46037407385815 0.0 1.0 1.0 1 0 0 0.0 1.0 0.0
cell 42.433274122865555 39.235507692940146 0.0 1.0 1.0 1 0 0 0.0 1.0 0.0
cell 53.66865614441306 53.826340062202625 0.0 1.0 1.0 1 0 0 0.0 1.0 0.0
cell 60.737518963998085 28.577635878233867 0.0 1.0 1.0 1 0 0 0.0 1.0 0.0
cell 45.43590938893423 23.08535491513308 0.0 1.0 1.0 1 0 0 0.0 1.0 0.0
cell 49.5775051799263 1.6934082166873965 0.0 1.0 1.0 1 0 0 0.0 1.0 0.0
cell 31.24624146023982 58.9041941904124 0.0 1.0 1.0 1 0 0 0.0 1.0 0.0
cell 39.40810142880869 58.92882470308778 0.0 1.0 1.0 1 0 0 0.0 1.0 0.0
cell 6.924114806195224 37.57558329646832 0.0 1.0 1.0 1 0 0 0.0 1.0 0.0
cell 25.10403899630505 52.528805709689436 0.0 1.0488088481701516 0.9534625892455922 1 0 0 0.7526753156028767 -0.6583918812395168 4.578953097335309
cell 32.132612472508626 53.49086041504234 0.0 1.0 1.0 1 0 0 0.0 1.0 0.0
cell 30.238890927713253 39.219888080959116 0.0 1.0 1.0 1 0 0 0.0 1.0 0.0
cell 48.64945387471435 57.4328183783119 0.0 1.0 1.0 1 0 0 0.0 1.0 0.0
cell 47.596751025054836 54.38515175556894 0.0 1.0 1.0 1 0 0 0.0 1.0 0.0
cell 56.61548902057226 7.018796395287149 0.0 1.0 1.0 1 0 0 0.0 1.0 0.0
cell 16.896284274479047 55.3393670725835 0.0 1.0 1.0 1 0 0 0.0 1.0 0.0
cell 32.296734177736624 35.64493238962782 0.0 1.0 1.0 1 0 0 0.0 1.0 0.0
cell 56.68649048886009 35.70133974103918 0.0 1.0 1.0 1 0 0 0.0 1.0 0.0
cell 41.38191429097167 15.935469281998735 0.0 1.0 1.0 1 0 0 0.0 1.0 0.0
cell 30.20195489961403 6.90062866592229 0.0 1.0 1.0 1 0 0 0.0 1.0 0.0
cell 58.65462606430257 21.37829675351847 0.0 1.0 1.0 1 0 0 0.0 1.0 0.0
cell 2.77977232294161 23.157749550693236 0.0 1.0 1.0 1 0 0 0.0 1.0 0.0
cell 57.66662198747916 19.57502785994493 0.0 1.0 1.0 1 0 0 0.0 1.0 0.0
cell 30.259309755482303 46.53332994790039 0.0 1.0 1.0 1 0 0 0.0 1.0 0.0
cell 19.02761029401831 30.262267461069193 0.0 1.0 1.0 1 0 0 0.0 1.0 0.0
cell 1.7699581114818153 35.771799752234706 0.0 1.0 1.0 1 0 0 0.0 1.0 0.0
cell 31.246900581561718 30.26119936191857 0.0 1.0 1.0 1 0 0 0.0 1.0 0.0
cell 5.8301910109299815 21.38426018177076 0.0 1.0 1.0 1 0 0 0.0 1.0 0.0
cell 39.368165255225314 30.279886188200322 0.0 1.0 1.0 1 0 0 0.0 1.0 0.0
cell 42.46513062275097 49.901526325336356 0.0 1.0 1.0 1 0 0 0.0 1.0 0.0
cell 47.502213575643296 23.089600434187 0.0 1.0 1.0 1 0 0 0.0 1.0 0.0
cell 6.8005544471298105 5.169786218575841 0.0 1.0 1.0 1 0 0 0.0 1.0 0.0
cell 20.04473540442914 24.873816656632826 0.0 1.0 1.0 1 0 0 0.0 1.0 0.0
cell 40.383843742398795 24.885490628438948 0.0 1.0 1.0 1 0 0 0.0 1.0 0.0
cell 39.34588560089039 19.47597459701938 0.0 1.0 1.0 1 0 0 0.0 1.0 0.0
cell 44.522853671095504 57.29778141376775 0.0 1.0 1.0 1 0 0 0.0 1.0 0.0
cell 52.42478064205287 46.321575248833646 0.0 1.0 1.0 1 0 0 0.0 1.0 0.0
cell 37.315984118999474 51.77009633630004 0.0 1.0 1.0 1 0 0 0.0 1.0 0.0
cell 43.592757000444465 55.33821330730281 0.0 1.0488088481701516 0.9534625892455922 1 0 0 0.2249743988190873 -0.9743646749939112 5.829351784466905
cell 55.6105475536429 26.751531285478872 0.0 1.0 1.0 1 0 0 0.0 1.0 0.0
cell 54.584176984334405 10.612545556107273 0.0 1.0 1.0 1 0 0 0.0 1.0 0.0
cell 27.09855755235678 1.5336571615302368 0.0 1.0 1.0 1 0 0 0.0 1.0 0.0
cell 0.7537841214608964 15.954883694572297 0.0 1.0 1.0 1 0 0 0.0 1.0 0.0
cell 38.33818826513696 24.895105271946967 0.0 1.0 1.0 1 0 0 0.0 1.0 0.0
cell 39.36406579473508 15.918624597983742 0.0 1.0 1.0 1 0 0 0.0 1.0 0.0
cell 10.94406031969868 33.93936417187858 0.0 1.0 1.0 1 0 0 0.0 1.0 0.0
cell 18.049954748341474 28.444284920412 0.0 1.0 1.0 1 0 0 0.0 1.0 0.0
cell 52.58191257088758 35.70797364117946 0.0 1.0 1.0 1 0 0 0.0 1.0 0.0
cell 38.3678030905353 49.96405846038138 0.0 1.0 1.0 1 0 0 0.0 1.0 0.0
cell 21.100809030493714 30.197239851358155 0.0 1.0 1.0 1 0 0 0.0 1.0 0.0
cell 39.33637150978323 5.151236202898389 0.0 1.0 1.0 1 0 0 0.0 1.0 0.0
cell 45.48891140180402 37.43615868599825 0.0 1.0 1.0 1 0 0 0.0 1.0 0.0
cell 49.97297034633884 48.81786044437742 0.0 1.140175425099138 0.8770580193070291 1 0 0 0.9997082787498851 -0.024152792777276708 3.1899029369477994
cell 50.584680444368665 3.467195130438783 0.0 1.0 1.0 1 0 0 0.0 1.0 0.0
cell 24.03983695907179 57.1427501322473 0.0 1.0 1.0 1 0 0 0.0 1.0 0.0
cell 55.66517102709878 1.614591374159442 0.0 1.0 1.0 1 0 0 0.0 1.0 0.0
cell 47.5024057333798 33.8926072633937 0.0 1.0 1.0 1 0 0 0.0 1.0 0.0
cell 36.30388187055915 3.308362892405798 0.0 1.0 1.0 1 0 0 0.0 1.0 0.0
cell 52.68668117244304 60.86605276321467 0.0 1.0 1.0 1 0 0 0.0 1.0 0.0
cell 13.964845166207086 32.083293086597486 0.0 1.0 1.0 1 0 0 0.0 1.0 0.0
cell 5.7652448290993785 6.971359309037294 0.0 1.0 1.0 1 0 0 0.0 1.0 0.0
cell 28.850414051558136 48.34697860174424 0.0 1.0488088481701516 0.9534625892455922 1 0 0 0.020937906369592852 0.9997807780092884 0.041878873040551975
cell 42.39848186777917 14.100457562560765 0.0 1.0 1.0 1 0 0 0.0 1.0 0.0
cell 13.763123551210423 57.12597538754092 0.0 1.0 1.0 1 0 0 0.0 1.0 0.0
cell 37.303957976278774 5.109192796806269 0.0 1.0 1.0 1 0 0 0.0 1.0 0.0
cell 30.208994399564325 24.89524822106302 0.0 1.0 1.0 1 0 0 0.0 1.0 0.0
cell 35.29440260297095 44.61233553756943 0.0 1.0 1.0 1 0 0 0.0 1.0 0.0
cell 2.7127636897462692 1.5664913784218806 0.0 1.0 1.0 1 0 0 0.0 1.0 0.0
cell 41.373233226256005 1.5826883255235025 0.0 1.0 1.0 1 0 0 0.0 1.0 0.0
cell 44.43417474931992 60.830524771850044 0.0 1.0 1.0 1 0 0 0.0 1.0 0.0
cell 10.450895486864473 40.2582670731617 0.0 1.1832159566199234 0.8451542547285166 1 0 0 0.5187183356091126 0.8549451960815453 1.090702297952437
cell 24.123661036230125 28.458393892770445 0.0 1.0 1.0 1 0 0 0.0 1.0 0.0
cell 30.18693011847645 60.71468472342804 0.0 1.0 1.0 1 0 0 0.0 1.0 0.0
cell 22.950904625699895 41.30780381579866 0.0 1.0 1.0 1 0 0 0.0 1.0 0.0
cell 11.924557180306056 28.501579358572837 0.0 1.0 1.0 1 0 0 0.0 1.0 0.0
cell 44.48021836903545 35.64944355734301 0.0 1.0 1.0 1 0 0 0.0 1.0 0.0
cell 6.883943425854649 41.11610511716608 0.0 1.0 1.0 1 0 0 0.0 1.0 0.0
cell 15.955804887238232 14.092721460831934 0.0 1.0 1.0 1 0 0 0.0 1.0 0.0
cell 26.47858605981937 43.25551329544342 0.0 1.0 1.0 1 0 0 0.0 1.0 0.0
cell 22.050699112208218 6.925472406574984 0.0 1.0 1.0 1 0 0 0.0 1.0 0.0
cell 22.095007866581245 24.84356215606838 0.0 1.0 1.0 1 0 0 0.0 1.0 0.0
cell 48.359285425740566 52.27968332296297 0.0 1.0488088481701516 0.9534625892455922 1 0 0 0.18095114061724943 0.9834920867548027 0.3639069417642687
cell 13.937609548425732 14.114819827891862 0.0 1.0 1.0 1 0 0 0.0 1.0 0.0
cell 15.977968669913995 21.289436244889263 0.0 1.0 1.0 1 0 0 0.0 1.0 0.0
cell 59.57605718518224 46.873643436447104 0.0 1.2247448713915894 0.8164965809277259 1 0 0 0.10557766624978929 0.9944110600698527 0.2115495921944579
cell 6.798516253652962 12.355059190591446 0.0 1.0 1.0 1 0 0 0.0 1.0 0.0
cell 19.035839832177107 26.703464092100205 0.0 1.0 1.0 1 0 0 0.0 1.0 0.0
cell 60.68210480050805 17.76228564230073 0.0 1.0 1.0 1 0 0 0.0 1.0 0.0
cell 13.036468637167474 37.47328591997618 0.0 1.0 1.0 1 0 0 0.0 1.0 0.0
cell 25.157738238019338 30.22609331304981 0.0 1.0 1.0 1 0 0 0.0 1.0 0.0
cell 2.3404794633381676 52.07683422303877 0.0 1.0 1.0 1 0 0 0.0 1.0 0.0
cell 53.64962713780777 44.622203882350036 0.0 1.0 1.0 1 0 0 0.0 1.0 0.0
cell 4.716505386708349 1.5758618762004772 0.0 1.0 1.0 1 0 0 0.0 1.0 0.0
cell 21.308763479387018 48.50858299911453 0.0 1.0 1.0 1 0 0 0.0 1.0 0.0
cell 3.8317152863676265 35.767324707037794 0.0 1.0 1.0 1 0 0 0.0 1.0 0.0
cell 35.28550861107685 26.679924704291466 0.0 1.0 1.0 1 0 0 0.0 1.0 0.0
cell 42.42322147572002 6.952294152716145 0.0 1.0 1.0 1 0 0 0.0 1.0 0.0
cell 9.873931318572273 6.951660028683201 0.0 1.0 1.0 1 0 0 0.0 1.0 0.0
cell 3.8701614071893875 39.345885747078434 0.0 1.0 1.0 1 0 0 0.0 1.0 0.0
cell 53.96355508826968 49.8348697160703 0.0 1.0 1.0 1 0 0 0.0 1.0 0.0
cell 34.20625131671667 53.50491782791576 0.0 1.0 1.0 1 0 0 0.0 1.0 0.0
cell 53.59075875804983 19.544303896237764 0.0 1.0 1.0 1 0 0 0.0 1.0 0.0
cell 47.77487408390903 48.16551298480176 0.0 1.140175425099138 0.8770580193070291 1 0 0 0.9999990703827718 -0.0013635371619921427 3.144319728758823
cell 29.183420612619457 23.072363119099137 0.0 1.0 1.0 1 0 0 0.0 1.0 0.0
cell 26.989063971309047 53.370403313176304 0.0 1.0 1.0 1 0 0 0.0 1.0 0.0
cell 7.856548960142244 14.154199957954035 0.0 1.0 1.0 1 0 0 0.0 1.0 0.0
cell 53.5985306898848 5.254263601719586 0.0 1.0 1.0 1 0 0 0.0 1.0 0.0
cell 8.792946859212966 5.13953866285361 0.0 1.0 1.0 1 0 0 0.0 1.0 0.0
cell 6.864420911386538 30.346430460445863 0.0 1.0 1.0 1 0 0 0.0 1.0 0.0
cell 24.661513034317455 40.24377844599926 0.0 1.0 1.0 1 0 0 0.0 1.0 0.0
cell 48.501741396360785 14.16427081053038 0.0 1.0 1.0 1 0 0 0.0 1.0 0.0
cell 38.31788401685173 21.29317431943516 0.0 1.0 1.0 1 0 0 0.0 1.0 0.0
cell 6.88816724021808 33.94001681911695 0.0 1.0 1.0 1 0 0 0.0 1.0 0.0
cell 12.892472909103091 5.142046266403269 0.0 1.0 1.0 1 0 0 0.0 1.0 0.0
cell 34.25487868313432 17.706813208724462 0.0 1.0 1.0 1 0 0 0.0 1.0 0.0
cell 14.153037308640213 48.5114555994253 0.0 1.0 1.0 1 0 0 0.0 1.0 0.0
cell 13.942779189896195 24.90956919797857 0.0 1.0 1.0 1 0 0 0.0 1.0 0.0
cell 23.109950482694117 26.64936587983931 0.0 1.0 1.0 1 0 0 0.0 1.0 0.0
cell 12.777362708407898 58.93169495707616 0.0 1.0 1.0 1 0 0 0.0 1.0 0.0
cell 48.51762798732444 3.442515387507361 0.0 1.0 1.0 1 0 0 0.0 1.0 0.0
cell 38.31847596558623 10.53663977923619 0.0 1.0 1.0 1 0 0 0.0 1.0 0.0
cell 46.513514527983986 28.481121163747396 0.0 1.0 1.0 1 0 0 0.0 1.0 0.0
cell 8.8884301906386 15.911614714991098 0.0 1.0 1.0 1 0 0 0.0 1.0 0.0
cell 51.52770466879429 12.400976139338319 0.0 1.0 1.0 1 0 0 0.0 1.0 0.0
cell 10.89527301347074 12.342167424854274 0.0 1.0 1.0 1 0 0 0.0 1.0 0.0
cell 0.6053729344611821 55.45152610189286 0.0 1.5491933384829673 0.6454972243679027 1 0 0 0.9765079029080121 -0.2154815898358749 3.575962610776919
cell 13.963460506098642 28.50508079673576 0.0 1.0 1.0 1 0 0 0.0 1.0 0.0
cell 45.45370475055745 12.32624124068279 0.0 1.0 1.0 1 0 0 0.0 1.0 0.0
cell 54.599797395153004 17.78522231138911 0.0 1.0 1.0 1 0 0 0.0 1.0 0.0
cell 19.94909097433036 57.17367749940559 0.0 1.0 1.0 1 0 0 0.0 1.0 0.0
cell 56.67859363023604 32.156142984182985 0.0 1.0 1.0 1 0 0 0.0 1.0 0.0
cell 32.23655095070954 17.714561608677176 0.0 1.0 1.0 1 0 0 0.0 1.0 0.0
cell 45.47665754108045 15.928543401686989 0.0 1.0 1.0 1 0 0 0.0 1.0 0.0
cell 46.61428300871833 57.438386886709274 0.0 1.0 1.0 1 0 0 0.0 1.0 0.0
cell 39.36360039583228 26.679292669646998 0.0 1.0 1.0 1 0 0 0.0 1.0 0.0
cell 11.881812597401604 21.31906091763968 0.0 1.0 1.0 1 0 0 0.0 1.0 0.0
cell 59.72183383632293 1.6184727204796021 0.0 1.0 1.0 1 0 0 0.0 1.0 0.0
cell 11.842821245525835 3.3483214893200395 0.0 1.0 1.0 1 0 0 0.0 1.0 0.0
cell 24.73894742189314 42.27680008840019 0.0 1.0 1.0 1 0 0 0.0 1.0 0.0
cell 47.45815157678572 5.263902703415517 0.0 1.0 1.0 1 0 0 0.0 1.0 0.0
cell 50.547592782398546 21.326347188407453 0.0 1.0 1.0 1 0 0 0.0 1.0 0.0
cell 46.55274742613809 60.859343969067176 0.0 1.0 1.0 1 0 0 0.0 1.0 0.0
cell 10.990047094087704 37.5868749658067 0.0 1.0 1.0 1 0 0 0.0 1.0 0.0
cell 49.57138607181184 37.450743881725295 0.0 1.0 1.0 1 0 0 0.0 1.0 0.0
cell 23.18888736322672 51.523533600648754 0.0 1.0 1.0 1 0 0 0.0 1.0 0.0
cell 56.61092442464412 14.17223153274647 0.0 1.0 1.0 1 0 0 0.0 1.0 0.0
cell 41.385215333694525 5.140741467570486 0.0 1.0 1.0 1 0 0 0.0 1.0 0.0
cell 41.375835411454766 41.036214286049606 0.0 1.0 1.0 1 0 0 0.0 1.0 0.0
cell 12.609374528584416 51.76972963026446 0.0 1.0 1.0 1 0 0 0.0 1.0 0.0
cell 3.784556026332561 24.911527533852137 0.0 1.0 1.0 1 0 0 0.0 1.0 0.0
cell 24.090680267998806 3.3426366792582387 0.0 1.0 1.0 1 0 0 0.0 1.0 0.0
cell 33.22477008004136 44.61439171503605 0.0 1.0 1.0 1 0 0 0.0 1.0 0.0
cell 37.296201194557 12.312080152113971 0.0 1.0 1.0 1 0 0 0.0 1.0 0.0
cell 32.25502127401366 60.68822608302027 0.0 1.0 1.0 1 0 0 0.0 1.0 0.0
cell 29.192481608523654 33.83497892860715 0.0 1.0 1.0 1 0 0 0.0 1.0 0.0
cell 11.734731835761693 57.15668739600569 0.0 1.0 1.0 1 0 0 0.0 1.0 0.0
cell 5.309042918463618 46.66360310346764 0.0 1.0 1.0 1 0 0 0.0 1.0 0.0
cell 14.92767290041384 5.136593091796113 0.0 1.0 1.0 1 0 0 0.0 1.0 0.0
cell 15.979907270089338 28.462795699029094 0.0 1.0 1.0 1 0 0 0.0 1.0 0.0
cell 58.67135443834092 7.000604249719874 0.0 1.0 1.0 1 0 0 0.0 1.0 0.0
cell 41.3969345577835 33.85831446339626 0.0 1.0 1.0 1 0 0 0.0 1.0 0.0
cell 7.858215848494013 24.97044788339649 0.0 1.0 1.0 1 0 0 0.0 1.0 0.0
cell 52.58870218256687 21.368639954956567 0.0 1.0 1.0 1 0 0 0.0 1.0 0.0
cell 55.64671770959214 8.788809355426444 0.0 1.0 1.0 1 0 0 0.0 1.0 0.0
cell 47.60255944283123 44.64172929815919 0.0 1.0 1.0 1 0 0 0.0 1.0 0.0
cell 4.837334963967057 37.55875342243447 0.0 1.0 1.0 1 0 0 0.0 1.0 0.0
cell 10.675034006587648 55.397238034592746 0.0 1.0 1.0 1 0 0 0.0 1.0 0.0
cell 53.59313955810049 12.38991578532558 0.0 1.0 1.0 1 0 0 0.0 1.0 0.0
cell 44.45351125535833 32.055191884488615 0.0 1.0 1.0 1 0 0 0.0 1.0 0.0
cell 19.046664317692695 23.080955395544198 0.0 1.0 1.0 1 0 0 0.0 1.0 0.0
cell 30.162780590304312 57.09809060043127 0.0 1.0 1.0 1 0 0 0.0 1.0 0.0
cell 36.30082373229558 39.2279321457402 0.0 1.0 1.0 1 0 0 0.0 1.0 0.0
cell 40.40140635365268 42.8220610966267 0.0 1.0 1.0 1 0 0 0.0 1.0 0.0
cell 51.60365062272073 41.045327716457386 0.0 1.0 1.0 1 0 0 0.0 1.0 0.0
cell 4.824909269030346 26.76010894395168 0.0 1.0 1.0 1 0 0 0.0 1.0 0.0
cell 24.992380565710466 50.43628097020724 0.0 1.0 1.0 1 0 0 0.0 1.0 0.0
cell 33.27561398906499 33.881933796189216 0.0 1.0 1.0 1 0 0 0.0 1.0 0.0
cell 48.514511682134184 35.69013716021038 0.0 1.0 1.0 1 0 0 0.0 1.0 0.0
cell 22.05303957398595 10.500695216547728 0.0 1.0 1.0 1 0 0 0.0 1.0 0.0
cell 44.504038508795496 46.3510520786944 0.0 1.0 1.0 1 0 0 0.0 1.0 0.0
cell 46.43590365356891 10.564647831157433 0.0 1.0 1.0 1 0 0 0.0 1.0 0.0
cell 20.010247919441998 60.729072922818446 0.0 1.0 1.0 1 0 0 0.0 1.0 0.0
cell 24.74620494474116 44.337804858675305 0.0 1.0 1.0 1 0 0 0.0 1.0 0.0
cell 48.482840303550546 28.475075165394443 0.0 1.0 1.0 1 0 0 0.0 1.0 0.0
cell 15.897825191086895 60.7360450614104 0.0 1.0 1.0 1 0 0 0.0 1.0 0.0
cell 52.56327691726082 14.19391066322182 0.0 1.0 1.0 1 0 0 0.0 1.0 0.0
cell 51.635958319742755 1.6767797431417732 0.0 1.0 1.0 1 0 0 0.0 1.0 0.0
cell 39.37227551158294 33.8598970764537 0.0 1.0 1.0 1 0 0 0.0 1.0 0.0
cell 39.404326139656725 23.09866095958167 0.0 1.0 1.0 1 0 0 0.0 1.0 0.0
cell 7.365565151963238 46.67073419470295 0.0 1.0 1.0 1 0 0 0.0 1.0 0.0
cell 35.29745429504724 12.325576813304737 0.0 1.0 1.0 1 0 0 0.0 1.0 0.0
cell 23.023833530602644 1.5380267544151096 0.0 1.0 1.0 1 0 0 0.0 1.0 0.0
cell 48.49659114238332 10.548044365479878 0.0 1.0 1.0 1 0 0 0.0 1.0 0.0
cell 28.901682490095244 55.105625737257725 0.0 1.341640786499874 0.7453559924999297 1 0 0 0.4507849442055073 0.8926325862736794 0.9352890053310801
cell 28.181608472111794 35.63603095929764 0.0 1.0 1.0 1 0 0 0.0 1.0 0.0
cell 4.791599772645982 12.361431571037688 0.0 1.0 1.0 1 0 0 0.0 1.0 0.0
cell 15.980920547667539 10.513660793331828 0.0 1.0 1.0 1 0 0 0.0 1.0 0.0
cell 55.17791755445256 48.19256838196402 0.0 1.0 1.0 1 0 0 0.0 1.0 0.0
cell 4.770470418211715 5.187897740152433 0.0 1.0 1.0 1 0 0 0.0 1.0 0.0
cell 60.733330038756314 39.366872448202336 0.0 1.0 1.0 1 0 0 0.0 1.0 0.0
cell 57.652011379666114 12.392583870880783 0.0 1.0 1.0 1 0 0 0.0 1.0 0.0
cell 34.28403390611014 24.866807555127 0.0 1.0 1.0 1 0 0 0.0 1.0 0.0
cell 27.130960389785294 37.38971699587047 0.0 1.0 1.0 1 0 0 0.0 1.0 0.0
cell 6.81483102657059 8.792680679137579 0.0 1.0 1.0 1 0 0 0.0 1.0 0.0
cell 14.105699520118558 42.28934420979931 0.0 1.0 1.0 1 0 0 0.0 1.0 0.0
cell 56.667860137013264 10.60044965848649 0.0 1.0 1.0 1 0 0 0.0 1.0 0.0
cell 49.64715180614857 54.294627327584884 0.0 1.0 1.0 1 0 0 0.0 1.0 0.0
cell 27.11649009717536 19.50130084452481 0.0 1.0 1.0 1 0 0 0.0 1.0 0.0
cell 59.086457523782315 52.01629068949343 0.0 1.0 1.0 1 0 0 0.0 1.0 0.0
cell 34.26500347400964 3.284690720711637 0.0 1.0 1.0 1 0 0 0.0 1.0 0.0
cell 46.45520460669403 14.173778000139588 0.0 1.0 1.0 1 0 0 0.0 1.0 0.0
cell 30.20827219984682 14.10862583345325 0.0 1.0 1.0 1 0 0 0.0 1.0 0.0
cell 48.64520626891215 46.317284952061584 0.0 1.0954451150103324 0.9128709291752768 1 0 0 0.3917786511398636 -0.9200595027013356 5.478057326599558
cell 58.661603208171826 14.188619921457901 0.0 1.0 1.0 1 0 0 0.0 1.0 0.0
cell 2.7692332008759797 15.989065492006604 0.0 1.0 1.0 1 0 0 0.0 1.0 0.0
cell 30.204422460125205 21.26949717012453 0.0 1.0 1.0 1 0 0 0.0 1.0 0.0
cell 9.82146221531583 3.3536057931316043 0.0 1.0 1.0 1 0 0 0.0 1.0 0.0
cell 37.330949238072634 30.287806101069233 0.0 1.0 1.0 1 0 0 0.0 1.0 0.0
cell 20.096304587107497 35.603951754978766 0.0 1.0 1.0 1 0 0 0.0 1.0 0.0
cell 33.24934344515684 41.060906071794605 0.0 1.0 1.0 1 0 0 0.0 1.0 0.0
cell 57.63479016779907 1.6352572840383208 0.0 1.0 1.0 1 0 0 0.0 1.0 0.0
cell 37.30573046331453 8.728337654642488 0.0 1.0 1.0 1 0 0 0.0 1.0 0.0
cell 52.565115039902956 17.760660913960088 0.0 1.0 1.0 1 0 0 0.0 1.0 0.0
cell 8.853997067985494 23.120663453228293 0.0 1.0 1.0 1 0 0 0.0 1.0 0.0
cell 12.865961685186955 1.5476720764093517 0.0 1.0 1.0 1 0 0 0.0 1.0 0.0
cell 7.839361562889051 10.540462992619897 0.0 1.0 1.0 1 0 0 0.0 1.0 0.0
cell 4.789169245646813 8.79410307612845 0.0 1.0 1.0 1 0 0 0.0 1.0 0.0
cell 28.201441854996656 17.697654346664244 0.0 1.0 1.0 1 0 0 0.0 1.0 0.0
cell 2.7833294490479017 30.35774659067394 0.0 1.0 1.0 1 0 0 0.0 1.0 0.0
cell 41.353989638075824 23.115784665906293 0.0 1.0 1.0 1 0 0 0.0 1.0 0.0
cell 11.878436086188023 10.542204192391402 0.0 1.0 1.0 1 0 0 0.0 1.0 0.0
cell 24.131757712477754 24.886469554530123 0.0 1.0 1.0 1 0 0 0.0 1.0 0.0
cell 60.11753774316267 56.346148929616234 0.0 1.2247448713915894 0.8164965809277259 1 0 0 0.5013533824775186 0.865242616771938 1.0503244666961393
cell 17.72276347503533 48.526160664940434 0.0 1.0 1.0 1 0 0 0.0 1.0 0.0
cell 35.2383569082199 48.19699911470549 0.0 1.0 1.0 1 0 0 0.0 1.0 0.0
cell 36.26099089432993 6.946392990941709 0.0 1.0 1.0 1 0 0 0.0 1.0 0.0
cell 49.55517892212675 33.859816104626866 0.0 1.0 1.0 1 0 0 0.0 1.0 0.0
cell 13.930261384099731 21.268044216394586 0.0 1.0 1.0 1 0 0 0.0 1.0 0.0
cell 23.10880881608515 19.4796175311903 0.0 1.0 1.0 1 0 0 0.0 1.0 0.0
cell 41.43167459475942 37.46740153382796 0.0 1.0 1.0 1 0 0 0.0 1.0 0.0
cell 50.49003194433581 46.61374900741739 0.0 1.264911064067352 0.7905694150420947 1 0 0 0.7397637622602126 -0.6728666851959723 4.617746908982307
cell 45.531601261918496 44.59031826167423 0.0 1.0 1.0 1 0 0 0.0 1.0 0.0
cell 31.13604281723156 55.32960102902867 0.0 1.0 1.0 1 0 0 0.0 1.0 0.0
cell 55.6666636774046 41.08192159898233 0.0 1.0 1.0 1 0 0 0.0 1.0 0.0
cell 38.29643162595114 3.3237568698272426 0.0 1.0 1.0 1 0 0 0.0 1.0 0.0
cell 27.144126453106015 33.83209348452643 0.0 1.0 1.0 1 0 0 0.0 1.0 0.0
cell 3.786437276855202 17.750998322624984 0.0 1.0 1.0 1 0 0 0.0 1.0 0.0
cell 4.823306216911449 44.64667458691945 0.0 1.0 1.0 1 0 0 0.0 1.0 0.0
cell 27.174426186606198 30.240643506713003 0.0 1.0 1.0 1 0 0 0.0 1.0 0.0
cell 55.614120488902735 12.421732629901467 0.0 1.0 1.0 1 0 0 0.0 1.0 0.0
cell 12.925367355721063 30.31953810785693 0.0 1.0 1.0 1 0 0 0.0 1.0 0.0
cell 32.280686743215256 32.031766306522805 0.0 1.0 1.0 1 0 0 0.0 1.0 0.0
cell 58.687904243987624 35.747150661422694 0.0 1.0 1.0 1 0 0 0.0 1.0 0.0
cell 50.050524415613694 50.79378420404845 0.0 1.0 1.0 1 0 0 0.0 1.0 0.0
cell 58.69575023690937 39.38930232595407 0.0 1.0 1.0 1 0 0 0.0 1.0 0.0
cell 42.395011465705444 32.09138022674225 0.0 1.0 1.0 1 0 0 0.0 1.0 0.0
cell 49.525701489723325 15.984450912616033 0.0 1.0 1.0 1 0 0 0.0 1.0 0.0
cell 13.882722575925252 3.3463504988940906 0.0 1.0 1.0 1 0 0 0.0 1.0 0.0
cell 12.371077251019996 45.486686475763925 0.0 1.0 1.0 1 0 0 0.0 1.0 0.0
cell 20.082770998247703 28.435314928783907 0.0 1.0 1.0 1 0 0 0.0 1.0 0.0
cell 60.64704243237184 43.00585305220897 0.0 1.0 1.0 1 0 0 0.0 1.0 0.0
cell 43.46518818715888 44.59570649458462 0.0 1.0 1.0 1 0 0 0.0 1.0 0.0
cell 32.215350379261864 3.3186024771107414 0.0 1.0 1.0 1 0 0 0.0 1.0 0.0
cell 36.29621709576623 14.113877404033591 0.0 1.0 1.0 1 0 0 0.0 1.0 0.0
cell 3.753035119044859 14.154049381876325 0.0 1.0 1.0 1 0 0 0.0 1.0 0.0
cell 44.431658189084004 21.31514328927587 0.0 1.0 1.0 1 0 0 0.0 1.0 0.0
cell 40.36423896634098 21.325391469043584 0.0 1.0 1.0 1 0 0 0.0 1.0 0.0
cell 1.783759049451838 39.337829697433435 0.0 1.0 1.0 1 0 0 0.0 1.0 0.0
cell 4.796734016346333 19.52478298416886 0.0 1.0 1.0 1 0 0 0.0 1.0 0.0
cell 30.206781395808317 17.691224181281545 0.0 1.0 1.0 1 0 0 0.0 1.0 0.0
cell 36.355611471117086 35.67192214549357 0.0 1.0 1.0 1 0 0 0.0 1.0 0.0
cell 0.7409912252865051 44.767791069501364 0.0 1.0 1.0 1 0 0 0.0 1.0 0.0
cell 11.90471015991472 24.926993408652677 0.0 1.0 1.0 1 0 0 0.0 1.0 0.0
cell 17.010701176177133 33.85420986435327 0.0 1.0 1.0 1 0 0 0.0 1.0 0.0
cell 28.1941119739746 42.643028811615565 0.0 1.0 1.0 1 0 0 0.0 1.0 0.0
cell 58.67926493528271 28.54985954471732 0.0 1.0 1.0 1 0 0 0.0 1.0 0.0
cell 18.94701263759234 58.919844295407124 0.0 1.0 1.0 1 0 0 0.0 1.0 0.0
cell 27.165061801314007 12.286826391233054 0.0 1.0 1.0 1 0 0 0.0 1.0 0.0
cell 14.996294424603485 30.28457157730577 0.0 1.0 1.0 1 0 0 0.0 1.0 0.0
cell 36.313396980087575 46.43464161247142 0.0 1.0 1.0 1 0 0 0.0 1.0 0.0
cell 25.1123880439621 1.5190323123828895 0.0 1.0 1.0 1 0 0 0.0 1.0 0.0
cell 60.68674810642642 10.60661651979617 0.0 1.0 1.0 1 0 0 0.0 1.0 0.0
cell 43.421231770914936 1.6098085673371527 0.0 1.0 1.0 1 0 0 0.0 1.0 0.0
cell 17.01552279226415 19.50051788113549 0.0 1.0 1.0 1 0 0 0.0 1.0 0.0
cell 15.895856130945297 43.366924364530355 0.0 1.0 1.0 1 0 0 0.0 1.0 0.0
cell 2.7413147580256645 19.55751890576125 0.0 1.0 1.0 1 0 0 0.0 1.0 0.0
cell 25.095287637864104 12.299369069390423 0.0 1.0 1.0 1 0 0 0.0 1.0 0.0
cell 23.07111630771869 58.94360103839652 0.0 1.0 1.0 1 0 0 0.0 1.0 0.0
cell 10.818743225349685 1.5657651107393455 0.0 1.0 1.0 1 0 0 0.0 1.0 0.0
cell 59.902015826247535 53.781251498598174 0.0 1.0954451150103324 0.9128709291752768 1 0 0 0.2021743557955657 -0.9793495442683618 5.876030071040718
cell 29.217241086754534 15.891296529878009 0.0 1.0 1.0 1 0 0 0.0 1.0 0.0
cell 19.016562509581412 19.483609311250362 0.0 1.0 1.0 1 0 0 0.0 1.0 0.0
cell 34.24900354668722 60.703300755712036 0.0 1.0 1.0 1 0 0 0.0 1.0 0.0
cell 12.348993490599325 43.39781487828589 0.0 1.0 1.0 1 0 0 0.0 1.0 0.0
cell 9.869714554552264 28.504315214379535 0.0 1.0 1.0 1 0 0 0.0 1.0 0.0
cell 10.604767722985112 48.52866512370093 0.0 1.0488088481701516 0.9534625892455922 1 0 0 0.3187898999306683 0.947825405706238 0.6489050014303468
cell 54.66150188705686 39.28483856717847 0.0 1.0 1.0 1 0 0 0.0 1.0 0.0
cell 10.584616274641716 51.83071240016001 0.0 1.0 1.0 1 0 0 0.0 1.0 0.0
cell 50.71477285518814 57.29732882363403 0.0 1.0488088481701516 0.9534625892455922 1 0 0 0.3902230270895556 -0.9207203642415345 5.481437684474857
cell 60.750813383874274 32.15709731114967 0.0 1.0 1.0 1 0 0 0.0 1.0 0.0
cell 3.7289819527319863 3.3501696313094382 0.0 1.0 1.0 1 0 0 0.0 1.0 0.0
cell 41.38258220221092 8.740164879559238 0.0 1.0 1.0 1 0 0 0.0 1.0 0.0
cell 0.7732576601006328 30.369578617039604 0.0 1.0 1.0 1 0 0 0.0 1.0 0.0
cell 14.100852201932895 44.42388542148216 0.0 1.0 1.0 1 0 0 0.0 1.0 0.0
cell 55.855587422422886 44.53305746935857 0.0 1.0 1.0 1 0 0 0.0 1.0 0.0
cell 41.46776510224412 51.756131151384885 0.0 1.0 1.0 1 0 0 0.0 1.0 0.0
cell 44.44526048014976 39.239654943649604 0.0 1.0 1.0 1 0 0 0.0 1.0 0.0
cell 9.45404567083483 50.10719595929703 0.0 1.0 1.0 1 0 0 0.0 1.0 0.0
cell 60.682338771396864 24.97114643744287 0.0 1.0 1.0 1 0 0 0.0 1.0 0.0
cell 7.804899996340521 3.352636172919577 0.0 1.0 1.0 1 0 0 0.0 1.0 0.0
cell 36.32116767001627 17.7195265988793 0.0 1.0 1.0 1 0 0 0.0 1.0 0.0
cell 59.75069024406511 58.90964799986564 0.0 1.58113883008419 0.6324555320336757 1 0 0 0.8997517465032754 0.4364021020392841 2.238400633721487
cell 42.41838392428765 28.46352938893409 0.0 1.0 1.0 1 0 0 0.0 1.0 0.0
cell 34.18828354382101 49.93290457001754 0.0 1.0 1.0 1 0 0 0.0 1.0 0.0
cell 29.180408581618956 8.74766534803174 0.0 1.0 1.0 1 0 0 0.0 1.0 0.0
cell 54.621232831575156 6.999248392879663 0.0 1.0 1.0 1 0 0 0.0 1.0 0.0
cell 29.146565888544373 12.286780021081825 0.0 1.0 1.0 1 0 0 0.0 1.0 0.0
cell 4.784584403205564 15.967360310256884 0.0 1.0 1.0 1 0 0 0.0 1.0 0.0
cell 26.18507817588394 32.039375828179686 0.0 1.0 1.0 1 0 0 0.0 1.0 0.0
cell 53.63361891885351 1.6719551653338716 0.0 1.0 1.0 1 0 0 0.0 1.0 0.0
cell 49.55137996827227 5.238455031344721 0.0 1.0 1.0 1 0 0 0.0 1.0 0.0
cell 24.083143955320626 60.73066955249456 0.0 1.0 1.0 1 0 0 0.0 1.0 0.0
cell 43.41248328975573 26.688489908396402 0.0 1.0 1.0 1 0 0 0.0 1.0 0.0
cell 44.44780192414845 24.883424301679927 0.0 1.0 1.0 1 0 0 0.0 1.0 0.0
cell 7.830179212312012 17.720618467163625 0.0 1.0 1.0 1 0 0 0.0 1.0 0.0
cell 35.275241659977176 5.104450854645147 0.0 1.0 1.0 1 0 0 0.0 1.0 0.0
cell 56.55325977199168 46.466374946805324 0.0 1.0 1.0 1 0 0 0.0 1.0 0.0
cell 39.36572800575155 41.00352024119713 0.0 1.0 1.0 1 0 0 0.0 1.0 0.0
cell 8.75847815985421 1.5628365689310122 0.0 1.0 1.0 1 0 0 0.0 1.0 0.0
cell 14.962586825752345 12.366759123364666 0.0 1.0 1.0 1 0 0 0.0 1.0 0.0
cell 42.41605569586432 60.75295161402195 0.0 1.0 1.0 1 0 0 0.0 1.0 0.0
cell 37.30081786323862 58.89436292135085 0.0 1.0 1.0 1 0 0 0.0 1.0 0.0
cell 6.841614900938213 15.95138243259624 0.0 1.0 1.0 1 0 0 0.0 1.0 0.0
cell 3.845846017518636 32.171009297007586 0.0 1.0 1.0 1 0 0 0.0 1.0 0.0
cell 7.892533152824092 32.14664735282268 0.0 1.0 1.0 1 0 0 0.0 1.0 0.0
cell 0.7407727533804164 23.14687435229576 0.0 1.0 1.0 1 0 0 0.0 1.0 0.0
cell 60.92722404856155 60.45326279964511 0.0 1.0954451150103324 0.9128709291752768 1 0 0 0.3445981653569296 0.9387502886458349 0.7036213973963494
cell 59.70767932935734 23.1683737917287 0.0 1.0 1.0 1 0 0 0.0 1.0 0.0
cell 1.7343054363449988 59.64191238067878 0.0 1.341640786499874 0.7453559924999297 1 0 0 0.6930158966057932 -0.7209223030616188 4.7518571605323245
cell 1.7232608596234513 21.354935553162033 0.0 1.0 1.0 1 0 0 0.0 1.0 0.0
cell 54.60878824476623 24.970690474061428 0.0 1.0 1.0 1 0 0 0.0 1.0 0.0
cell 51.60954703514885 23.13598615626972 0.0 1.0 1.0 1 0 0 0.0 1.0 0.0
cell 31.23588651690318 23.069945361843597 0.0 1.0 1.0 1 0 0 0.0 1.0 0.0
cell 17.678648367399415 44.38304600533837 0.0 1.0 1.0 1 0 0 0.0 1.0 0.0
cell 57.908729262957245 45.133234570442895 0.0 1.264911064067352 0.7905694150420947 1 0 0 0.45763880873196827 0.8891381899021013 0.9506755652934514
cell 30.198781500391874 42.88709201250599 0.0 1.0488088481701516 0.9534625892455922 1 0 0 0.7850245575576766 0.6194646430841506 1.805471538474265
cell 10.908560582696436 23.127945627511505 0.0 1.0 1.0 1 0 0 0.0 1.0 0.0
cell 52.649547922543455 55.650216283796055 0.0 1.58113883008419 0.6324555320336757 1 0 0 0.9923821238939121 0.12319789030583288 2.894569289376147
cell 31.199941134046796 15.876863956183549 0.0 1.0 1.0 1 0 0 0.0 1.0 0.0
cell 57.491935429830946 43.12664786538851 0.0 1.58113883008419 0.6324555320336757 1 0 0 0.9995783708923264 0.02903584757231706 3.083512795496113
cell 50.59070620595049 39.227750529314164 0.0 1.0 1.0 1 0 0 0.0 1.0 0.0
cell 19.66180450546813 53.60890909794462 0.0 1.0 1.0 1 0 0 0.0 1.0 0.0
cell 12.940001857790355 19.506595777002538 0.0 1.0 1.0 1 0 0 0.0 1.0 0.0
cell 50.52234398518339 14.171655843555206 0.0 1.0 1.0 1 0 0 0.0 1.0 0.0
cell 32.22815103806054 14.089166898225853 0.0 1.0 1.0 1 0 0 0.0 1.0 0.0
cell 18.01239565863372 21.29779381978326 0.0 1.0 1.0 1 0 0 0.0 1.0 0.0
cell 21.270086406493064 46.45309411582344 0.0 1.0 1.0 1 0 0 0.0 1.0 0.0
cell 9.835896599957792 10.563761804962953 0.0 1.0 1.0 1 0 0 0.0 1.0 0.0
cell 15.907768813405733 3.36166712228798 0.0 1.0 1.0 1 0 0 0.0 1.0 0.0
cell 19.075711363957094 33.830175730011334 0.0 1.0 1.0 1 0 0 0.0 1.0 0.0
cell 38.341895833552464 28.433375005642354 0.0 1.0 1.0 1 0 0 0.0 1.0 0.0
cell 26.59427837996704 45.30819098457733 0.0 1.0 1.0 1 0 0 0.0 1.0 0.0
cell 40.45176908147191 53.533439751188766 0.0 1.0 1.0 1 0 0 0.0 1.0 0.0
cell 33.19651445856628 55.32634487639924 0.0 1.0 1.0 1 0 0 0.0 1.0 0.0
cell 44.38461871592619 53.41448899383957 0.0 1.0 1.0 1 0 0 0.0 1.0 0.0
cell 43.53768849056429 51.66230600627151 0.0 1.0 1.0 1 0 0 0.0 1.0 0.0
cell 46.520833761923406 35.6563804389506 0.0 1.0 1.0 1 0 0 0.0 1.0 0.0
cell 37.36809587986747 33.888568893306825 0.0 1.0 1.0 1 0 0 0.0 1.0 0.0
cell 8.874535399516082 30.336107976284023 0.0 1.0 1.0 1 0 0 0.0 1.0 0.0
cell 32.20731446489916 57.11509948084395 0.0 1.0 1.0 1 0 0 0.0 1.0 0.0
cell 44.51193229401367 42.81624655635259 0.0 1.0 1.0 1 0 0 0.0 1.0 0.0
cell 33.26723473085374 23.07903510669907 0.0 1.0 1.0 1 0 0 0.0 1.0 0.0
cell 34.286439814489945 35.64898046118428 0.0 1.0 1.0 1 0 0 0.0 1.0 0.0
cell 11.761579947216692 60.70522009552672 0.0 1.0 1.0 1 0 0 0.0 1.0 0.0
cell 59.132935772163925 48.70324576668659 0.0 1.0 1.0 1 0 0 0.0 1.0 0.0
cell 40.41740421632617 57.124931615003504 0.0 1.0 1.0 1 0 0 0.0 1.0 0.0
cell 56.65791754058359 3.4204466648846057 0.0 1.0 1.0 1 0 0 0.0 1.0 0.0
cell 14.984459111060868 26.690806448469097 0.0 1.0 1.0 1 0 0 0.0 1.0 0.0
cell 13.911203540506147 17.71658972212608 0.0 1.0 1.0 1 0 0 0.0 1.0 0.0
cell 47.531404297301435 1.687630706084979 0.0 1.0 1.0 1 0 0 0.0 1.0 0.0
cell 5.901087914724842 42.90951414525375 0.0 1.0 1.0 1 0 0 0.0 1.0 0.0
cell 15.994899736597588 17.667970839246514 0.0 1.0 1.0 1 0 0 0.0 1.0 0.0
cell 60.24225332530997 50.34505960662705 0.0 1.0 1.0 1 0 0 0.0 1.0 0.0
cell 51.71601818157484 59.09794298591446 0.0 1.0 1.0 1 0 0 0.0 1.0 0.0
cell 0.7323137597081142 41.17077522485246 0.0 1.0 1.0 1 0 0 0.0 1.0 0.0
cell 9.684332049836906 57.17330546367497 0.0 1.0 1.0 1 0 0 0.0 1.0 0.0
cell 46.513268455175165 42.82018671501897 0.0 1.0 1.0 1 0 0 0.0 1.0 0.0
cell 40.336853442247424 6.9492659839133655 0.0 1.0 1.0 1 0 0 0.0 1.0 0.0
cell 50.55116522381658 7.001125077541414 0.0 1.0 1.0 1 0 0 0.0 1.0 0.0
cell 58.58338905911077 57.13631102918935 0.0 1.2247448713915894 0.8164965809277259 1 0 0 0.3684906750183159 0.9296314444039346 0.7547698474185276
cell 9.724969375968369 60.747356018710555 0.0 1.0 1.0 1 0 0 0.0 1.0 0.0
cell 26.19679028055682 39.20168361346752 0.0 1.0 1.0 1 0 0 0.0 1.0 0.0
cell 22.083416116688245 21.244072412148366 0.0 1.0 1.0 1 0 0 0.0 1.0 0.0
cell 24.103528315111365 35.63609477106874 0.0 1.0 1.0 1 0 0 0.0 1.0 0.0
cell 39.3648751550792 1.553578591701353 0.0 1.0 1.0 1 0 0 0.0 1.0 0.0
cell 41.38998639471282 30.246119866755347 0.0 1.0 1.0 1 0 0 0.0 1.0 0.0
cell 40.377097511123466 39.22967065573895 0.0 1.0 1.0 1 0 0 0.0 1.0 0.0
cell 31.218163933690292 12.287524345305268 0.0 1.0 1.0 1 0 0 0.0 1.0 0.0
cell 21.184919329841847 38.0593857194718 0.0 1.140175425099138 0.8770580193070291 1 0 0 0.629793393369586 0.7767626932776972 1.3625743972768078
cell 11.907619323442415 35.71206574515655 0.0 1.0 1.0 1 0 0 0.0 1.0 0.0
cell 26.972685605530657 55.36135430513262 0.0 1.0 1.0 1 0 0 0.0 1.0 0.0
cell 58.64768094488952 17.76229602259669 0.0 1.0 1.0 1 0 0 0.0 1.0 0.0
cell 35.269027045721735 1.5242566946180718 0.0 1.0 1.0 1 0 0 0.0 1.0 0.0
cell 4.824723556377681 54.551419427833764 0.0 1.0954451150103324 0.9128709291752768 1 0 0 0.7805187523020005 0.6251323678269494 1.7909904316382677
cell 21.999791231369265 60.74379186902654 0.0 1.0 1.0 1 0 0 0.0 1.0 0.0
cell 55.62032639451792 19.55148090898161 0.0 1.0 1.0 1 0 0 0.0 1.0 0.0
cell 37.30600637062966 23.076246849154924 0.0 1.0 1.0 1 0 0 0.0 1.0 0.0
cell 6.83806275326885 19.52813641656532 0.0 1.0 1.0 1 0 0 0.0 1.0 0.0
cell 12.92001225714346 8.754075652190961 0.0 1.0 1.0 1 0 0 0.0 1.0 0.0
cell 18.000739602487464 14.09645354574987 0.0 1.0 1.0 1 0 0 0.0 1.0 0.0
cell 13.729501926834807 53.47321295178066 0.0 1.0488088481701516 0.9534625892455922 1 0 0 0.9067090106789747 0.4217567663399783 2.270828716735648
cell 19.40791974369102 41.32755936726598 0.0 1.0 1.0 1 0 0 0.0 1.0 0.0
cell 22.044059579779628 3.3262942395813466 0.0 1.0 1.0 1 0 0 0.0 1.0 0.0
cell 43.4026778702267 8.769562016274312 0.0 1.0 1.0 1 0 0 0.0 1.0 0.0
cell 33.23534006900575 58.88149347662657 0.0 1.0 1.0 1 0 0 0.0 1.0 0.0
cell 26.12503707307291 17.715895110702697 0.0 1.0 1.0 1 0 0 0.0 1.0 0.0
cell 46.34575515919844 52.7663299026143 0.0 1.0 1.0 1 0 0 0.0 1.0 0.0
cell 40.44832841183947 49.95589286892258 0.0 1.0 1.0 1 0 0 0.0 1.0 0.0
cell 47.49667120266424 30.287890231764575 0.0 1.0 1.0 1 0 0 0.0 1.0 0.0
cell 35.25425919464916 51.72890036265506 0.0 1.0 1.0 1 0 0 0.0 1.0 0.0
cell 33.16503894914895 51.69277896364554 0.0 1.0488088481701516 0.9534625892455922 1 0 0 0.2374595399990156 0.9713974299242591 0.4794994965835229
cell 31.239011572710897 26.662207647842873 0.0 1.0 1.0 1 0 0 0.0 1.0 0.0
cell 35.28841119521344 30.288239327415372 0.0 1.0 1.0 1 0 0 0.0 1.0 0.0
cell 58.64152112503486 10.594177663855369 0.0 1.0 1.0 1 0 0 0.0 1.0 0.0
cell 53.59500455041778 33.90286541375406 0.0 1.0 1.0 1 0 0 0.0 1.0 0.0
cell 55.637317230428 37.52511830855539 0.0 1.0 1.0 1 0 0 0.0 1.0 0.0
cell 0.706323583233639 1.4530137822771054 0.0 1.0 1.0 1 0 0 0.0 1.0 0.0
cell 9.887428304176535 14.164930405172242 0.0 1.0 1.0 1 0 0 0.0 1.0 0.0
cell 34.24163907613815 6.928818387380464 0.0 1.0 1.0 1 0 0 0.0 1.0 0.0
cell 57.65400172166515 15.977923697005714 0.0 1.0 1.0 1 0 0 0.0 1.0 0.0
cell 32.212615696843905 21.296975593106673 0.0 1.0 1.0 1 0 0 0.0 1.0 0.0
cell 30.214266959070077 32.04136627319499 0.0 1.0 1.0 1 0 0 0.0 1.0 0.0
cell 6.317922655295364 48.44857873884982 0.0 1.0 1.0 1 0 0 0.0 1.0 0.0
cell 19.53402564137563 49.51914617353222 0.0 1.0 1.0 1 0 0 0.0 1.0 0.0
cell 1.7639232449925766 28.564433796404295 0.0 1.0 1.0 1 0 0 0.0 1.0 0.0
cell 37.306440670146486 19.521327355892073 0.0 1.0 1.0 1 0 0 0.0 1.0 0.0
cell 52.605729684465004 39.28171901359587 0.0 1.0 1.0 1 0 0 0.0 1.0 0.0
cell 51.55142279492488 8.807228623238618 0.0 1.0 1.0 1 0 0 0.0 1.0 0.0
cell 47.47227092119694 15.951583968330478 0.0 1.0 1.0 1 0 0 0.0 1.0 0.0
cell 53.6115990020741 23.140213695739437 0.0 1.0 1.0 1 0 0 0.0 1.0 0.0
cell 53.58485690119566 30.320093829823104 0.0 1.0 1.0 1 0 0 0.0 1.0 0.0
cell 21.090595267120666 33.77182972308616 0.0 1.0 1.0 1 0 0 0.0 1.0 0.0
cell 31.22366983479888 41.027067040535066 0.0 1.0 1.0 1 0 0 0.0 1.0 0.0
cell 33.28348777825238 8.69567745432062 0.0 1.0 1.0 1 0 0 0.0 1.0 0.0
cell 25.133551979607695 15.887563317349368 0.0 1.0 1.0 1 0 0 0.0 1.0 0.0
cell 18.018237096769173 17.706492701322638 0.0 1.0 1.0 1 0 0 0.0 1.0 0.0
cell 4.33737549634078 58.88963655314684 0.0 1.0954451150103324 0.9128709291752768 1 0 0 0.9649687072093661 -0.2623650016802634 3.672537149070784
cell 37.30902118839447 26.676528588606516 0.0 1.0 1.0 1 0 0 0.0 1.0 0.0
cell 0.26479689023495895 52.08442028926576 0.0 1.0 1.0 1 0 0 0.0 1.0 0.0
cell 3.095311684126969 53.99832138833409 0.0 1.1832159566199234 0.8451542547285166 1 0 0 0.5503241922569827 -0.8349510664803654 5.117680376855503
cell 60.73888216920189 35.76790239878517 0.0 1.0 1.0 1 0 0 0.0 1.0 0.0
cell 54.1252476236945 58.794582636024266 0.0 1.0954451150103324 0.9128709291752768 1 0 0 0.25279350794000754 -0.9675202542290189 5.772052392855264
cell 51.550954751785895 26.743209441617157 0.0 1.0 1.0 1 0 0 0.0 1.0 0.0
cell 24.853485165132938 46.38794345317515 0.0 1.0 1.0 1 0 0 0.0 1.0 0.0
cell 37.31856838108491 1.526771127981489 0.0 1.0 1.0 1 0 0 0.0 1.0 0.0
cell 42.409581699879105 21.30586246603359 0.0 1.0 1.0 1 0 0 0.0 1.0 0.0
cell 36.29787009454836 57.09241582970254 0.0 1.0 1.0 1 0 0 0.0 1.0 0.0
cell 21.061179079912833 19.498298137001836 0.0 1.0 1.0 1 0 0 0.0 1.0 0.0
cell 33.237287484259134 19.502541300112505 0.0 1.0 1.0 1 0 0 0.0 1.0 0.0
cell 15.877495153820947 41.29982122458614 0.0 1.0 1.0 1 0 0 0.0 1.0 0.0
cell 42.42694127801672 35.644471738792134 0.0 1.0 1.0 1 0 0 0.0 1.0 0.0
cell 38.37666095324542 57.09524775679918 0.0 1.0 1.0 1 0 0 0.0 1.0 0.0
cell 37.340056600966754 37.46730436168015 0.0 1.0 1.0 1 0 0 0.0 1.0 0.0
cell 59.671999654959535 41.20110255993202 0.0 1.0 1.0 1 0 0 0.0 1.0 0.0
cell 49.65964621960749 59.10804933392182 0.0 1.0 1.0 1 0 0 0.0 1.0 0.0
cell 57.66100865106863 23.172277186407204 0.0 1.0 1.0 1 0 0 0.0 1.0 0.0
cell 9.877474928365494 21.321814005877716 0.0 1.0 1.0 1 0 0 0.0 1.0 0.0
cell 49.39541779641325 55.89651147346836 0.0 1.643167672515499 0.6085806194501844 1 0 0 0.9992187739597111 0.039520143806061135 3.0625317767666247
cell 20.96264923136824 58.943083914370135 0.0 1.0 1.0 1 0 0 0.0 1.0 0.0
cell 13.849310752600857 60.743732532251364 0.0 1.0 1.0 1 0 0 0.0 1.0 0.0
cell 7.385352437003235 50.167627874010364 0.0 1.0 1.0 1 0 0 0.0 1.0 0.0
cell 16.944017761040588 1.5335847468131785 0.0 1.0 1.0 1 0 0 0.0 1.0 0.0
cell 8.86570832715422 12.338802812401337 0.0 1.0 1.0 1 0 0 0.0 1.0 0.0
cell 30.226278970179585 28.49155958271109 0.0 1.0 1.0 1 0 0 0.0 1.0 0.0
cell 60.67406895279772 7.015444249473743 0.0 1.0 1.0 1 0 0 0.0 1.0 0.0
cell 57.21441749869815 48.38176342343154 0.0 1.0 1.0 1 0 0 0.0 1.0 0.0
cell 38.35799299175669 46.38610646671524 0.0 1.0 1.0 1 0 0 0.0 1.0 0.0
cell 10.593931453524942 44.475549839423955 0.0 1.0 1.0 1 0 0 0.0 1.0 0.0
cell 20.018144615904895 10.530751529171152 0.0 1.0 1.0 1 0 0 0.0 1.0 0.0
cell 45.468448081355525 19.488373049343327 0.0 1.0 1.0 1 0 0 0.0 1.0 0.0
cell 33.292116539974586 26.678666381382047 0.0 1.0 1.0 1 0 0 0.0 1.0 0.0
cell 26.114709537750507 10.492374791260996 0.0 1.0 1.0 1 0 0 0.0 1.0 0.0
cell 21.04556552830227 26.683232901290882 0.0 1.0 1.0 1 0 0 0.0 1.0 0.0
cell 24.06767393604099 6.89838373728967 0.0 1.0 1.0 1 0 0 0.0 1.0 0.0
cell 30.194622587132613 10.506909140505897 0.0 1.0 1.0 1 0 0 0.0 1.0 0.0
cell 23.010053289893364 45.374116778721984 0.0 1.0 1.0 1 0 0 0.0 1.0 0.0
cell 17.70034818909157 46.46306847723019 0.0 1.0 1.0 1 0 0 0.0 1.0 0.0
cell 19.05410395610577 37.38705722030322 0.0 1.0 1.0 1 0 0 0.0 1.0 0.0
cell 35.25867377639359 15.890004163902145 0.0 1.0 1.0 1 0 0 0.0 1.0 0.0
cell 53.61612295055125 37.486330269317236 0.0 1.0 1.0 1 0 0 0.0 1.0 0.0
cell 25.071133891012717 58.940780233462064 0.0 1.0 1.0 1 0 0 0.0 1.0 0.0
cell 5.329297155705056 50.25330579949091 0.0 1.0 1.0 1 0 0 0.0 1.0 0.0
cell 57.76508733333452 55.00355075021531 0.0 1.0488088481701516 0.9534625892455922 1 0 0 0.4323554294431278 0.9017032675060286 0.894206692434267
cell 43.4029765012287 33.86930729451209 0.0 1.0 1.0 1 0 0 0.0 1.0 0.0
cell 45.46247433363411 30.31868718023996 0.0 1.0 1.0 1 0 0 0.0 1.0 0.0
cell 16.974141517818826 23.113188558121628 0.0 1.0 1.0 1 0 0 0.0 1.0 0.0
cell 56.185724621978636 58.05630295285544 0.0 1.341640786499874 0.7453559924999297 1 0 0 0.4895291363635936 -0.8719869406425271 5.260085943752707
cell 0.7136355156421119 12.382522593257486 0.0 1.0 1.0 1 0 0 0.0 1.0 0.0
cell 23.059506455617537 8.691035425774738 0.0 1.0 1.0 1 0 0 0.0 1.0 0.0
cell 29.172638913341 19.472664206858294 0.0 1.0 1.0 1 0 0 0.0 1.0 0.0
cell 40.37421034184235 46.37001287537201 0.0 1.0 1.0 1 0 0 0.0 1.0 0.0
cell 60.71636904599097 3.4059635140514777 0.0 1.0 1.0 1 0 0 0.0 1.0 0.0
cell 29.209799533003082 26.673464654447322 0.0 1.0 1.0 1 0 0 0.0 1.0 0.0
cell 59.7026912207303 44.780836168115414 0.0 1.0488088481701516 0.9534625892455922 1 0 0 0.829278606781691 -0.5588353893001208 4.3275541903008055
cell 52.57487513552698 3.4387401321873448 0.0 1.0 1.0 1 0 0 0.0 1.0 0.0
cell 58.69807529989691 24.98401459183727 0.0 1.0 1.0 1 0 0 0.0 1.0 0.0
cell 0.7273522380153068 5.195776395563862 0.0 1.0 1.0 1 0 0 0.0 1.0 0.0
cell 21.003812458378718 1.5085500577910798 0.0 1.0 1.0 1 0 0 0.0 1.0 0.0
cell 4.847384056296373 33.95052642907768 0.0 1.0 1.0 1 0 0 0.0 1.0 0.0
cell 16.99698635628121 30.299029863252915 0.0 1.0 1.0 1 0 0 0.0 1.0 0.0
cell 5.813920250330349 32.17734139628093 0.0 1.0 1.0 1 0 0 0.0 1.0 0.0
cell 54.62320904927527 21.383017322840434 0.0 1.0 1.0 1 0 0 0.0 1.0 0.0
cell 37.31083477427871 48.201834278785675 0.0 1.0 1.0 1 0 0 0.0 1.0 0.0
cell 52.601598010969965 42.86129889588096 0.0 1.0 1.0 1 0 0 0.0 1.0 0.0
cell 3.7930692201004566 6.983890197134441 0.0 1.0 1.0 1 0 0 0.0 1.0 0.0
cell 9.923485381017143 24.923648014400584 0.0 1.0 1.0 1 0 0 0.0 1.0 0.0
cell 59.67021501022289 16.004426316168825 0.0 1.0 1.0 1 0 0 0.0 1.0 0.0
cell 48.610586592204136 60.8769378641302 0.0 1.0 1.0 1 0 0 0.0 1.0 0.0
cell 15.999106659402623 32.036545650088605 0.0 1.0 1.0 1 0 0 0.0 1.0 0.0
cell 11.904368409957362 32.08430252370275 0.0 1.0 1.0 1 0 0 0.0 1.0 0.0
cell 4.810935241251165 30.375114744331565 0.0 1.0 1.0 1 0 0 0.0 1.0 0.0
cell 9.596340669287414 53.63096303244908 0.0 1.0 1.0 1 0 0 0.0 1.0 0.0
cell 24.11423074173215 10.513625328282604 0.0 1.0 1.0 1 0 0 0.0 1.0 0.0
cell 39.37047058888046 48.1904091565421 0.0 1.0 1.0 1 0 0 0.0 1.0 0.0
cell 11.887200515164372 6.926010536970492 0.0 1.0 1.0 1 0 0 0.0 1.0 0.0
cell 31.2123118276086 1.536136683620217 0.0 1.0 1.0 1 0 0 0.0 1.0 0.0
cell 28.352450960689655 46.382817818020825 0.0 1.0 1.0 1 0 0 0.0 1.0 0.0
cell 2.7776281932701954 41.14284842684344 0.0 1.0 1.0 1 0 0 0.0 1.0 0.0
cell 57.6773701509231 41.206472524995974 0.0 1.0 1.0 1 0 0 0.0 1.0 0.0
cell 5.822192851790175 17.766187293035916 0.0 1.0 1.0 1 0 0 0.0 1.0 0.0
cell 25.119959406657813 23.060914382334776 0.0 1.0 1.0 1 0 0 0.0 1.0 0.0
cell 23.05165598122879 5.125703571406575 0.0 1.0 1.0 1 0 0 0.0 1.0 0.0
cell 38.35076674078472 32.07547664482543 0.0 1.0 1.0 1 0 0 0.0 1.0 0.0
cell 23.12378539268005 49.45911155212287 0.0 1.0 1.0 1 0 0 0.0 1.0 0.0
cell 43.4048920489575 15.955116120252601 0.0 1.0 1.0 1 0 0 0.0 1.0 0.0
cell 19.98817590983618 6.940521759919988 0.0 1.0 1.0 1 0 0 0.0 1.0 0.0
cell 49.52713755594976 30.325556823623675 0.0 1.0 1.0 1 0 0 0.0 1.0 0.0
cell 54.44149234694835 51.87449592820694 0.0 1.0 1.0 1 0 0 0.0 1.0 0.0
cell 23.087708140292268 33.801789053098375 0.0 1.0 1.0 1 0 0 0.0 1.0 0.0
cell 1.7560982970495254 17.77205987213472 0.0 1.0 1.0 1 0 0 0.0 1.0 0.0
cell 10.909284680748188 26.720034597974056 0.0 1.0 1.0 1 0 0 0.0 1.0 0.0
cell 7.903632072780145 35.75616311680728 0.0 1.0 1.0 1 0 0 0.0 1.0 0.0
cell 18.957044716313376 55.41070101140163 0.0 1.0 1.0 1 0 0 0.0 1.0 0.0
cell 43.47820717706263 41.03303481732744 0.0 1.0 1.0 1 0 0 0.0 1.0 0.0
cell 54.72939280254318 60.71715616237908 0.0 1.0 1.0 1 0 0 0.0 1.0 0.0
cell 2.212014435081983 48.38145239243742 0.0 1.0 1.0 1 0 0 0.0 1.0 0.0
cell 17.92869116547372 57.163484731416006 0.0 1.0 1.0 1 0 0 0.0 1.0 0.0
cell 26.13314375538685 14.076901932856005 0.0 1.0 1.0 1 0 0 0.0 1.0 0.0
cell 47.59240634548148 59.169324425310016 0.0 1.0 1.0 1 0 0 0.0 1.0 0.0
cell 15.944971785267787 51.59512393275089 0.0 1.0 1.0 1 0 0 0.0 1.0 0.0
cell 14.810038469697876 55.36616867756087 0.0 1.0 1.0 1 0 0 0.0 1.0 0.0
cell 10.891610807231443 19.553706434917373 0.0 1.0 1.0 1 0 0 0.0 1.0 0.0
cell 15.859585651567397 39.26597897202395 0.0 1.0 1.0 1 0 0 0.0 1.0 0.0
cell 28.136300112089057 57.08002927142232 0.0 1.0 1.0 1 0 0 0.0 1.0 0.0
cell 43.485248077390054 48.12786058959861 0.0 1.0 1.0 1 0 0 0.0 1.0 0.0
cell 6.4683990664918705 58.97275235541357 0.0 1.0 1.0 1 0 0 0.0 1.0 0.0
cell 14.846836817935777 58.89938585296952 0.0 1.0 1.0 1 0 0 0.0 1.0 0.0
cell 40.37761310284919 28.464077711717618 0.0 1.0 1.0 1 0 0 0.0 1.0 0.0
cell 50.52298611516433 10.602782475939435 0.0 1.0 1.0 1 0 0 0.0 1.0 0.0
cell 40.3877539175813 17.719929815331458 0.0 1.0 1.0 1 0 0 0.0 1.0 0.0
cell 22.09163315975007 32.0512771759463 0.0 1.0 1.0 1 0 0 0.0 1.0 0.0
cell 53.58040542279554 15.95706870989522 0.0 1.0 1.0 1 0 0 0.0 1.0 0.0
cell 12.91016281898963 15.94734647499487 0.0 1.0 1.0 1 0 0 0.0 1.0 0.0
cell 5.921367218999487 39.340913822741015 0.0 1.0 1.0 1 0 0 0.0 1.0 0.0
cell 9.84502199185252 17.7283573678765 0.0 1.0 1.0 1 0 0 0.0 1.0 0.0
cell 14.991345123168248 23.109091811007374 0.0 1.0 1.0 1 0 0 0.0 1.0 0.0
cell 59.673098329323956 5.237471080815688 0.0 1.0 1.0 1 0 0 0.0 1.0 0.0
cell 59.645247559372464 19.560482730108014 0.0 1.0 1.0 1 0 0 0.0 1.0 0.0
cell 8.87247781721289 19.51224626219692 0.0 1.0 1.0 1 0 0 0.0 1.0 0.0
cell 32.22371373924941 46.40218300269066 0.0 1.0 1.0 1 0 0 0.0 1.0 0.0
cell 19.05202422055812 12.329065999390052 0.0 1.0 1.0 1 0 0 0.0 1.0 0.0
cell 14.972536205772633 33.868565700760776 0.0 1.0 1.0 1 0 0 0.0 1.0 0.0
cell 10.857105576636982 5.1535253488606765 0.0 1.0 1.0 1 0 0 0.0 1.0 0.0
cell 52.59571905858101 10.592185087653782 0.0 1.0 1.0 1 0 0 0.0 1.0 0.0
cell 42.39199284608808 10.527702264063477 0.0 1.0 1.0 1 0 0 0.0 1.0 0.0
cell 0.18202463931881632 48.514419807154226 0.0 1.0 1.0 1 0 0 0.0 1.0 0.0
cell 25.06502726151458 37.5024884728967 0.0 1.0488088481701516 0.9534625892455922 1 0 0 0.8454061821535351 0.5341239436465883 2.0146503485040763
cell 47.51014597006137 37.45594692479778 0.0 1.0 1.0 1 0 0 0.0 1.0 0.0
cell 7.871141777088701 28.521450668289923 0.0 1.0 1.0 1 0 0 0.0 1.0 0.0
cell 22.070012034108345 17.6568614354122 0.0 1.0 1.0 1 0 0 0.0 1.0 0.0
cell 33.22281112633636 5.098781286447683 0.0 1.0 1.0 1 0 0 0.0 1.0 0.0
cell 6.4863454071828155 55.53442906962311 0.0 1.0 1.0 1 0 0 0.0 1.0 0.0
cell 22.011046813954895 57.160753518323126 0.0 1.0 1.0 1 0 0 0.0 1.0 0.0
cell 40.365832613142835 3.3489581489671774 0.0 1.0 1.0 1 0 0 0.0 1.0 0.0
cell 34.25573610849078 57.09066054787908 0.0 1.0 1.0 1 0 0 0.0 1.0 0.0
cell 34.272837359157066 28.447755613121984 0.0 1.0 1.0 1 0 0 0.0 1.0 0.0
cell 17.985971951931948 24.870632675735482 0.0 1.0 1.0 1 0 0 0.0 1.0 0.0
cell 28.198708258024613 24.861044546732522 0.0 1.0 1.0 1 0 0 0.0 1.0 0.0
cell 3.3573762730774335 56.03870249735523 0.0 1.2247448713915894 0.8164965809277259 1 0 0 0.9948475743583186 -0.10138196976469588 3.3447055544645723
cell 36.32457056071068 42.8418307455554 0.0 1.0 1.0 1 0 0 0.0 1.0 0.0
cell 13.917710274849153 10.506444918442385 0.0 1.0 1.0 1 0 0 0.0 1.0 0.0
cell 44.41656689299075 14.114507040679172 0.0 1.0 1.0 1 0 0 0.0 1.0 0.0
cell 36.29548327194578 49.93350466429201 0.0 1.0 1.0 1 0 0 0.0 1.0 0.0
cell 27.132377971102084 5.10878406959022 0.0 1.0 1.0 1 0 0 0.0 1.0 0.0
cell 27.179074238599718 26.6707834219454 0.0 1.0 1.0 1 0 0 0.0 1.0 0.0
cell 19.95790549034478 3.3397308050658054 0.0 1.0 1.0 1 0 0 0.0 1.0 0.0
cell 12.116392296267351 39.280850881107575 0.0 1.0 1.0 1 0 0 0.0 1.0 0.0
cell 59.69404193963313 12.405246101343963 0.0 1.0 1.0 1 0 0 0.0 1.0 0.0
cell 25.146168661249657 33.82675166126822 0.0 1.0 1.0 1 0 0 0.0 1.0 0.0
cell 25.13785541182621 19.478089754825643 0.0 1.0 1.0 1 0 0 0.0 1.0 0.0
cell 30.96959404564079 51.70760455270968 0.0 1.0488088481701516 0.9534625892455922 1 0 0 0.19789998315660612 0.9802222180029461 0.39843013417087264
cell 7.56516251361718 57.245365110386345 0.0 1.0488088481701516 0.9534625892455922 1 0 0 0.9874463190831462 0.1579549522146913 2.824354131094282
cell 8.870675906978656 26.730700282173895 0.0 1.0 1.0 1 0 0 0.0 1.0 0.0
cell 34.27847072258882 14.102751097662926 0.0 1.0 1.0 1 0 0 0.0 1.0 0.0
cell 46.5217043986501 39.2318201919872 0.0 1.0 1.0 1 0 0 0.0 1.0 0.0
cell 53.603977816479016 8.822383845468455 0.0 1.0 1.0 1 0 0 0.0 1.0 0.0
cell 23.333940418815484 53.52368631293968 0.0 1.0 1.0 1 0 0 0.0 1.0 0.0
cell 51.44733679812821 44.60097120821093 0.0 1.0488088481701516 0.9534625892455922 1 0 0 0.14350323448995989 -0.9896498480224809 5.995184533640163
cell 56.68375979207084 24.943689614578677 0.0 1.0 1.0 1 0 0 0.0 1.0 0.0
cell 9.919572771710879 46.72418514859119 0.0 1.1832159566199234 0.8451542547285166 1 0 0 0.9672955174165883 0.25365208847114756 2.6286847269105666
cell 2.8005335414046706 33.9743775744127 0.0 1.0 1.0 1 0 0 0.0 1.0 0.0
cell 16.91075190117141 58.922772962925585 0.0 1.0 1.0 1 0 0 0.0 1.0 0.0
cell 18.96645100799108 1.5553204544860764 0.0 1.0 1.0 1 0 0 0.0 1.0 0.0
cell 7.842955668169107 21.33666767350326 0.0 1.0 1.0 1 0 0 0.0 1.0 0.0
cell 39.36557440966901 37.45905970816586 0.0 1.0 1.0 1 0 0 0.0 1.0 0.0
cell 20.054429564454026 32.047347468309326 0.0 1.0 1.0 1 0 0 0.0 1.0 0.0
cell 35.29801840927599 37.444846955339756 0.0 1.0 1.0 1 0 0 0.0 1.0 0.0
cell 36.31865388498521 21.286003425530062 0.0 1.0 1.0 1 0 0 0.0 1.0 0.0
cell 48.51025098665295 17.72271278101439 0.0 1.0 1.0 1 0 0 0.0 1.0 0.0
cell 57.671786404525655 33.946574235625704 0.0 1.0 1.0 1 0 0 0.0 1.0 0.0
cell 48.53560946604917 32.0614353352213 0.0 1.0 1.0 1 0 0 0.0 1.0 0.0
cell 33.10992185298817 48.200915966478654 0.0 1.0488088481701516 0.9534625892455922 1 0 0 0.09539046020430547 -0.9954399329452335 6.092113865520018
cell 19.458038673334645 47.480874061444574 0.0 1.0 1.0 1 0 0 0.0 1.0 0.0
cell 44.46114145687763 28.521571452266187 0.0 1.0 1.0 1 0 0 0.0 1.0 0.0
cell 8.05717687658228 39.410513840676984 0.0 1.0488088481701516 0.9534625892455922 1 0 0 0.9998777998123882 -0.01563283219182321 3.172859591592379
cell 41.41867009164302 26.68013961531232 0.0 1.0 1.0 1 0 0 0.0 1.0 0.0
cell 23.063433122161996 15.892907898147993 0.0 1.0 1.0 1 0 0 0.0 1.0 0.0
cell 49.52058579441626 12.398858035639924 0.0 1.0 1.0 1 0 0 0.0 1.0 0.0
cell 47.49123408143575 8.7720024914713 0.0 1.0 1.0 1 0 0 0.0 1.0 0.0
cell 6.75293280306186 1.5744981486024638 0.0 1.0 1.0 1 0 0 0.0 1.0 0.0
cell 39.39318265908982 55.341998702913195 0.0 1.0 1.0 1 0 0 0.0 1.0 0.0
cell 58.62805849539822 3.4080382594465544 0.0 1.0 1.0 1 0 0 0.0 1.0 0.0
cell 57.6807480192272 26.747072701690797 0.0 1.0 1.0 1 0 0 0.0 1.0 0.0
cell 50.57626141809484 42.81342316097168 0.0 1.0 1.0 1 0 0 0.0 1.0 0.0
cell 41.425127483855164 48.173420339074575 0.0 1.0 1.0 1 0 0 0.0 1.0 0.0
cell 17.947904619223536 60.703854610418425 0.0 1.0 1.0 1 0 0 0.0 1.0 0.0
cell 19.011939163543122 8.713401297252178 0.0 1.0 1.0 1 0 0 0.0 1.0 0.0
cell 4.419858148903819 52.30805866072277 0.0 1.0954451150103324 0.9128709291752768 1 0 0 0.4301654600969557 0.9027500633838662 0.889352106874301
cell 29.131400909010633 58.91107460480141 0.0 1.0 1.0 1 0 0 0.0 1.0 0.0
cell 23.030522306874925 47.46579049149648 0.0 1.0 1.0 1 0 0 0.0 1.0 0.0
cell 17.62734414273496 42.32544239542124 0.0 1.0 1.0 1 0 0 0.0 1.0 0.0
cell 49.534139916123856 19.557968321321496 0.0 1.0 1.0 1 0 0 0.0 1.0 0.0
cell 5.314523476158802 57.24453416981031 0.0 1.0954451150103324 0.9128709291752768 1 0 0 0.9998233893901749 -0.01879335064172219 3.1791815677663116
cell 20.014114785986283 17.6747230219026 0.0 1.0 1.0 1 0 0 0.0 1.0 0.0
cell 26.174090227516714 28.46476140200414 0.0 1.0 1.0 1 0 0 0.0 1.0 0.0
cell 24.096517952384108 21.278510135301087 0.0 1.0 1.0 1 0 0 0.0 1.0 0.0
cell 32.234150007026635 10.50772378146891 0.0 1.0 1.0 1 0 0 0.0 1.0 0.0
cell 36.30663287614401 60.67032321163816 0.0 1.0 1.0 1 0 0 0.0 1.0 0.0
cell 4.869973744826784 41.11060938617244 0.0 1.0 1.0 1 0 0 0.0 1.0 0.0
cell 8.854287940338972 8.768125101558786 0.0 1.0 1.0 1 0 0 0.0 1.0 0.0
cell 28.19254923668534 39.22275239745211 0.0 1.0 1.0 1 0 0 0.0 1.0 0.0
cell 42.43338877537151 42.81072397591516 0.0 1.0 1.0 1 0 0 0.0 1.0 0.0
cell 6.848930157079017 26.7400927666296 0.0 1.0 1.0 1 0 0 0.0 1.0 0.0
cell 50.5465920152641 24.917078596618484 0.0 1.0 1.0 1 0 0 0.0 1.0 0.0
