position_x,position_y,position_z,orientation,aspect_ratio
54.64182850552931, 59.07295596633528, 0.0, 6.306456230572519, 2.7000000000000015 
6.167701166432388, 49.83819850956132, 0.0, 0.0, 1.0 
47.611209882376926, 50.62018516101077, 0.0, 6.129695478948266, 2.6000000000000014 
42.20896924193048, 46.60493695257903, 0.0, 0.2914125998503464, 2.300000000000001 
22.378215497211528, 34.75373446383074, 0.0, 2.8544769405811263, 2.300000000000001 
41.52053789902321, 50.230354724737374, 0.0, 5.824635956699535, 2.7000000000000015 
51.81487227472931, 6.886046567581385, 0.0, 4.419747701658712, 2.7000000000000015 
59.36995251120121, 60.599771128063935, 0.0, 6.037299569695388, 2.7000000000000015 
59.7164985203215, 5.488003843294594, 0.0, 0.0, 1.0 
57.31490712143417, 9.959177949698722, 0.0, 4.2175885046907435, 2.100000000000001 
45.34550452054713, 40.72747286114384, 0.0, 1.2244325164349785, 2.7000000000000015 
41.41142282724883, 0.7083577819801916, 0.0, -0.626865409651334, 2.7000000000000015 
52.096861779464625, 25.859951498035464, 0.0, 3.4002127645445284, 2.7000000000000015 
58.946446846045575, 25.364362968463002, 0.0, 5.103149011870871, 1.5000000000000004 
45.333033729511016, 57.71748296411236, 0.0, 0.0, 1.0 
61.212535892404134, 56.01661138469141, 0.0, 0.686979953253585, 2.7000000000000015 
0.698357279571261, 51.69935821480993, 0.0, 0.0, 1.0 
3.901815942498236, 61.63307309170311, 0.0, 0.6485058104785779, 2.5000000000000013 
53.14045871723472, 47.76705904618352, 0.0, 0.0, 1.0 
47.38533812627639, 53.34277131959988, 0.0, -0.23395599199639008, 2.7000000000000015 
11.697181906314523, 52.98723142890189, 0.0, -1.847578805612116, 2.7000000000000015 
55.48558259024158, 54.114402443810505, 0.0, 6.284472150248365, 2.7000000000000015 
18.854557192135612, 33.85283603192716, 0.0, 0.0, 1.0 
23.82810375952377, 7.545939422928591, 0.0, -0.19680181331995436, 2.7000000000000015 
24.556771762549374, 23.042191714342838, 0.0, 1.0521331031398584, 2.7000000000000015 
2.670921576752943, 55.81612737123875, 0.0, 1.1871959556949214, 2.5000000000000013 
54.00173135264115, 56.41558012657155, 0.0, 0.0, 1.0 
12.931655445378835, 53.05555676375476, 0.0, 0.0, 1.0 
7.594400975819412, 0.8556778907504146, 0.0, 5.416819919009533, 2.7000000000000015 
17.65411020262405, 59.79841989512095, 0.0, 6.012962537919516, 1.9000000000000008 
15.916491008768034, 19.719458495151457, 0.0, 3.95861888994929, 2.7000000000000015 
9.478813028670178, 6.211849421421145, 0.0, 5.445106781151134, 2.7000000000000015 
0.9307735046720514, 0.8460234486395202, 0.0, 0.0, 1.0 
29.61287112637602, 12.735024579075649, 0.0, 7.374223033621685, 2.7000000000000015 
59.848510181697755, 38.50187396979748, 0.0, 1.4709598091606424, 2.7000000000000015 
33.136070585254835, 29.52307505336141, 0.0, 0.2084499315100673, 2.4000000000000012 
20.491844602272213, 35.895154423776034, 0.0, 3.1795560793824653, 2.6000000000000014 
19.359212781580354, 38.74723396543222, 0.0, 0.0, 1.0 
60.36861289111245, 32.82372404276637, 0.0, 0.0, 1.0 
1.5620207343134693, 44.599644922765165, 0.0, 0.0, 1.0 
13.447036802582204, 47.89516579956985, 0.0, 0.0, 1.0 
42.63703707820079, 13.98944417946624, 0.0, 5.865801012595059, 2.7000000000000015 
39.35213267830936, 40.08615265837906, 0.0, 0.0, 1.0 
7.526684485324347, 51.02744826044184, 0.0, 0.0, 1.0 
30.014917757492146, 51.87087553813613, 0.0, -0.28905134242757324, 2.6000000000000014 
10.369144521643868, 32.57661597291123, 0.0, 4.857049148175808, 1.1 
55.074793155543766, 37.683286576993616, 0.0, 0.0, 1.0 
34.64270839402275, 37.55705403619848, 0.0, 0.0, 1.0 
5.1397856265802755, 35.188279531506744, 0.0, 0.0, 1.0 
2.316390687397837, 61.8217589829149, 0.0, 7.0011539853080285, 2.5000000000000013 
12.72888844591209, 35.094257153521085, 0.0, 0.0, 1.0 
33.77462865167145, 47.70502078849886, 0.0, 0.0, 1.0 
55.306596210594115, 29.853248289051223, 0.0, 0.0, 1.0 
7.121414680200974, 35.862338668371436, 0.0, 0.0, 1.0 
51.12726722732952, 3.635185626044647, 0.0, 4.551875389558578, 2.7000000000000015 
45.75963714805572, 34.59762383605867, 0.0, 6.317952643058437, 2.7000000000000015 
9.148812504595794, 2.6083602154465657, 0.0, 5.01681818459776, 2.7000000000000015 
45.70802935854762, 4.364588007306488, 0.0, 0.0, 1.0 
58.65763003933307, 55.021362448448535, 0.0, 6.365579869965237, 2.7000000000000015 
48.640050147837385, 56.42106003135172, 0.0, 0.0, 1.0 
1.6284424391287855, 62.47473719384034, 0.0, 7.100928568205972, 2.7000000000000015 
12.098010040568683, 62.32437314740386, 0.0, 4.998564788215607, 2.4000000000000012 
37.81677406869859, 59.023529108653115, 0.0, -0.3758084622097396, 2.7000000000000015 
3.2085955395768524, 24.86724351703981, 0.0, 2.9039267269252407, 1.2000000000000002 
2.5851647591356604, 31.987740641921967, 0.0, 4.597947279383793, 1.4000000000000004 
24.954747720705143, 51.12852223964429, 0.0, 0.0, 1.0 
57.72473468584559, 59.898444354460594, 0.0, 6.3589541300892405, 2.7000000000000015 
31.798216051225673, 48.16128609238362, 0.0, 0.0, 1.0 
45.60558433325872, 56.01288080883345, 0.0, 0.0, 1.0 
3.439875251347439, 59.8176967129687, 0.0, 0.6955331270212709, 2.7000000000000015 
9.85451773762728, 58.05431968103717, 0.0, -0.4238190351288887, 2.7000000000000015 
59.65324046142345, 44.61277173037078, 0.0, 3.976785239967611, 1.5000000000000004 
45.26206457291037, 25.98431444504336, 0.0, 3.569606421797106, 2.7000000000000015 
57.47438771809428, 56.02679870741117, 0.0, 6.449842079927713, 2.7000000000000015 
2.700334336013549, 4.2337822482795975, 0.0, 0.0, 1.0 
8.30957772067277, 32.56855613898441, 0.0, 0.0, 1.0 
61.52810264935706, 38.43932755434422, 0.0, 0.0, 1.0 
49.499504191816044, 47.71738494306592, 0.0, 0.33465592249248843, 2.6000000000000014 
50.055060906281554, 27.239429537242575, 0.0, 4.19617919007293, 2.7000000000000015 
5.49068099005295, 58.955162470406464, 0.0, 1.042744351594022, 2.7000000000000015 
37.58722501391061, 54.01414352012621, 0.0, 5.396618548791096, 2.5000000000000013 
35.07450284778037, 59.82767424854142, 0.0, -0.6693995642427154, 2.7000000000000015 
28.13129050033806, 26.89267105774706, 0.0, 0.43117215540251613, 2.7000000000000015 
47.30030036899075, 46.31940408815767, 0.0, 0.43313343547080835, 2.200000000000001 
6.605875508861568, 15.591616920534689, 0.0, 4.387712791360049, 2.7000000000000015 
24.294210925770066, 44.24453103071439, 0.0, 0.0, 1.0 
37.704787829556935, 43.87028407121317, 0.0, 0.0, 1.0 
25.048886040451887, 8.573508536497123, 0.0, 6.062521202090069, 2.7000000000000015 
58.313583617155466, 8.701070947265237, 0.0, 4.520983035405498, 2.6000000000000014 
32.45289887428731, 59.52387091492418, 0.0, 3.008768399029912, 2.7000000000000015 
11.630879760943202, 3.6684348638585136, 0.0, -0.7872246211452717, 2.7000000000000015 
15.263223556798062, 21.828317451548102, 0.0, 4.8842331022809375, 2.000000000000001 
41.18286117927443, 21.149499710715148, 0.0, 5.73634907793497, 2.7000000000000015 
11.234142352885366, 61.012163933611156, 0.0, 5.482233678262929, 2.7000000000000015 
36.01993806886035, 54.59639389766607, 0.0, -1.0316249992468047, 2.7000000000000015 
58.26543271498136, 51.420696400679546, 0.0, 6.5809621276700945, 2.7000000000000015 
28.278389306765117, 12.968017994609262, 0.0, 7.265786295758361, 2.7000000000000015 
49.425510252411485, 57.81971283091292, 0.0, 0.0, 1.0 
8.000965336981347, 57.587509494794695, 0.0, 0.0, 1.0 
22.464820682369837, 37.18828021878704, 0.0, 0.0, 1.0 
50.56331303479416, 55.10985392555197, 0.0, 6.186200184746055, 2.7000000000000015 
54.81687007314487, 0.056502191992466005, 0.0, 0.0, 1.0 
4.5439242121807055, 42.32371326578016, 0.0, 0.0, 1.0 
58.066014230772616, 33.99663731526737, 0.0, 0.0, 1.0 
12.532513123224877, 56.9999057806255, 0.0, 5.4999959116851, 2.7000000000000015 
48.04394751182083, 59.18215032880316, 0.0, 5.704920597439011, 2.7000000000000015 
49.935040979458776, 2.4909957028412637, 0.0, 4.506793585503647, 2.7000000000000015 
48.017344814162776, 0.18241394618845613, 0.0, 5.252189154583111, 2.7000000000000015 
13.417074035647849, 30.31005144155339, 0.0, 0.0, 1.0 
35.60056229002926, 61.080326145380965, 0.0, 5.622393541818008, 2.7000000000000015 
57.50439252754434, 41.27438134550098, 0.0, 0.0, 1.0 
40.43784421387485, 36.584646079898576, 0.0, 6.0753109993598855, 2.7000000000000015 
0.9497757052118436, 56.50388490689634, 0.0, 0.7971769538901137, 2.7000000000000015 
10.935048431835423, 21.699662429608477, 0.0, 3.2213570807127265, 1.6000000000000005 
53.618527500741465, 61.010488964607426, 0.0, 6.331494853941202, 2.7000000000000015 
49.30668953078072, 54.154064234958746, 0.0, 6.28511787577981, 2.7000000000000015 
34.07554955805134, 57.24089337770554, 0.0, 5.291350332775977, 2.5000000000000013 
26.245854754191562, 55.41568909971233, 0.0, 6.18678642069425, 2.7000000000000015 
61.34602218854288, 18.713525385370303, 0.0, 4.264323797543426, 2.7000000000000015 
7.4035718424271115, 37.83054146721103, 0.0, 0.0, 1.0 
8.216934229346238, 15.63536879869117, 0.0, 4.002294423153825, 2.5000000000000013 
23.46051032490348, 49.506211306236814, 0.0, 0.0, 1.0 
25.351974738665934, 38.91669011701073, 0.0, 0.0, 1.0 
24.75852551936307, 56.87145588281139, 0.0, 0.0, 1.0 
38.41818180473442, 14.457776216716928, 0.0, 0.4481881579951028, 2.7000000000000015 
19.98327356498846, 51.91114313449164, 0.0, 0.8149505206720004, 2.6000000000000014 
3.66327547751907, 58.575376431934735, 0.0, 0.825430498778868, 2.7000000000000015 
53.06930703582747, 55.170604082888, 0.0, 6.053415691381171, 2.7000000000000015 
23.629448494173328, 52.94832565969406, 0.0, 5.952387335755924, 2.5000000000000013 
32.71249564360983, 22.612101624294073, 0.0, 0.5317236809810673, 2.4000000000000012 
62.742609428271, 2.516765060477713, 0.0, 7.760442080249419, 2.7000000000000015 
0.8544909666400526, 3.350718189449895, 0.0, 0.0, 1.0 
24.484379591160387, 47.780926949410635, 0.0, 0.0, 1.0 
54.34427684468311, 43.81550626771243, 0.0, 0.0, 1.0 
45.34839676948042, 60.429162928121606, 0.0, 5.547995262013306, 2.7000000000000015 
6.791073987958178, 44.55854776336557, 0.0, 0.0, 1.0 
0.8478677671787102, 46.923280369435346, 0.0, 0.0, 1.0 
60.44307711497857, 61.993315371870004, 0.0, 6.011741004368566, 2.6000000000000014 
29.212671404332383, 42.05404975761919, 0.0, 0.0, 1.0 
1.604793759481025, 12.85370002216889, 0.0, 1.8666177163453426, 2.7000000000000015 
60.48802008116144, 50.59153284439514, 0.0, 0.7038016153596506, 2.7000000000000015 
18.587725117325505, 27.98538907263452, 0.0, 4.021706823471407, 1.2000000000000002 
51.9578709112375, 9.208118723152857, 0.0, 4.237655264924397, 2.7000000000000015 
6.207855310012729, 27.748937130663037, 0.0, 0.0, 1.0 
46.752081224872114, 61.296579129985695, 0.0, 5.173743004468447, 2.100000000000001 
12.961497833078742, 59.01560326042798, 0.0, 4.971443563505131, 2.7000000000000015 
12.21528322376056, 46.65873678991758, 0.0, 0.0, 1.0 
1.9547170405199181, 37.71520995478796, 0.0, 0.0, 1.0 
61.436266362071166, 54.60650667678519, 0.0, 6.9999125062113565, 2.7000000000000015 
54.792315196265896, 52.3899469710087, 0.0, 0.12364105377767833, 2.7000000000000015 
17.78598757846257, 54.143223438722686, 0.0, 0.5627967221075857, 2.7000000000000015 
25.19079548331305, 33.56979951319488, 0.0, 0.0, 1.0 
39.26181435502575, 46.53972519368575, 0.0, -0.07672943608450479, 2.100000000000001 
41.92149321522058, 55.93202053507962, 0.0, 5.48030397146794, 2.7000000000000015 
15.913469926303343, 61.370291872444064, 0.0, 5.731741155756657, 2.200000000000001 
20.893217622114797, 3.3729467578961554, 0.0, 1.637180381546597, 2.7000000000000015 
61.63341914423721, 3.5083842446820452, 0.0, 0.0, 1.0 
50.38362209345446, 41.87768655156985, 0.0, 0.0, 1.0 
41.44760449201124, 17.561772963818623, 0.0, -0.872597046461418, 2.7000000000000015 
53.27587650496207, 46.50235360828524, 0.0, 0.7448155269522023, 2.7000000000000015 
50.600648930872026, 49.74206615982617, 0.0, 6.170612780928992, 2.7000000000000015 
38.08068707285945, 38.628534950156016, 0.0, 0.0, 1.0 
38.91819276526238, 62.942065499302714, 0.0, 0.0, 1.0 
20.332271624570723, 43.837127261178615, 0.0, 0.0, 1.0 
37.890598326076116, 61.777836232758105, 0.0, 5.6876896165862885, 2.7000000000000015 
37.353224156863746, 3.1799122195797214, 0.0, 5.74151344917208, 2.7000000000000015 
60.96896224786286, 36.494587635040475, 0.0, 3.2298580219545063, 1.2000000000000002 
55.370768694899596, 16.50277245153441, 0.0, 4.356666868739699, 2.000000000000001 
6.017547527789479, 20.740668512237814, 0.0, 0.0, 1.0 
36.12521883062109, 16.044019032726595, 0.0, -0.06129289232218191, 2.7000000000000015 
12.981329113140234, 45.39525474714933, 0.0, 0.0, 1.0 
1.5235820957545159, 30.02870270930655, 0.0, 0.0, 1.0 
22.39560222162446, 61.920296275113074, 0.0, 6.03088799166503, 2.7000000000000015 
15.908982724991304, 51.976455694513454, 0.0, 0.7553124489477692, 2.5000000000000013 
31.210779461271624, 24.834062556745735, 0.0, 7.319020586211491, 2.7000000000000015 
26.44300657494845, 57.70705665228192, 0.0, 5.800045448356599, 2.7000000000000015 
27.183638514157593, 33.888429679753145, 0.0, 0.0, 1.0 
59.64133181268039, 48.57535989688973, 0.0, 0.8280652190567966, 2.7000000000000015 
51.407099703139494, 60.850571568793406, 0.0, 3.8572079455098596, 2.5000000000000013 
26.490459282867768, 31.9120663619639, 0.0, 0.0, 1.0 
17.963027989547296, 4.796814540449377, 0.0, 5.242963973342475, 2.7000000000000015 
2.2603005002214354, 51.736438079434315, 0.0, 0.0, 1.0 
12.418572899749638, 32.27589297792216, 0.0, 0.0, 1.0 
46.26230755751238, 18.691078123040825, 0.0, 4.593846992420917, 2.7000000000000015 
20.923498862030737, 55.02259152198195, 0.0, 6.227201238927984, 2.7000000000000015 
54.532868600335654, 61.871816666338745, 0.0, 6.212162807089983, 2.7000000000000015 
37.356047658261616, 50.74145501185019, 0.0, -0.5009312922286414, 2.7000000000000015 
30.361751943213367, 43.579343653837824, 0.0, 0.0, 1.0 
0.36000906721169873, 19.843655742280273, 0.0, 0.8681307100061343, 1.1 
2.1443650709737323, 2.454286786644378, 0.0, 6.700741904165198, 2.7000000000000015 
36.90750020827676, 57.817351098006114, 0.0, 2.4028932300493175, 1.8000000000000007 
21.788926751145077, 25.730519530485306, 0.0, 3.9424800753441724, 1.7000000000000006 
47.94982428440979, 61.11043689408212, 0.0, 5.206946525746396, 1.9000000000000008 
16.466328418604448, 50.95604569609006, 0.0, 0.7728524475867029, 2.7000000000000015 
44.51041195980036, 29.484228106892584, 0.0, 4.128571324236598, 2.7000000000000015 
1.5409230229723239, 28.126139440524003, 0.0, 3.0317244882144836, 1.5000000000000004 
22.425206219959936, 47.742271176522394, 0.0, 0.0, 1.0 
19.702424674875232, 6.386127256834386, 0.0, 1.375812174095737, 2.7000000000000015 
38.868613430401304, 49.40948671267398, 0.0, -0.19643138654317543, 2.7000000000000015 
20.554393613740896, 48.3599134361401, 0.0, 0.0, 1.0 
11.150832092171505, 44.93391107615313, 0.0, 0.0, 1.0 
52.46711157096455, 48.85252206359996, 0.0, 0.12518242600005963, 2.7000000000000015 
29.856300284957953, 29.326367596374553, 0.0, 0.09602098269057315, 2.5000000000000013 
54.064809837071316, 2.3266429524673082, 0.0, 4.002135285997243, 2.7000000000000015 
5.075450815446674, 14.444212222468368, 0.0, 4.344820289038019, 2.7000000000000015 
55.289771430631546, 47.765735831071545, 0.0, 0.6961655850240487, 2.100000000000001 
40.44194631029231, 48.34803133309451, 0.0, -0.050708123379116635, 2.6000000000000014 
51.63265176253184, 10.854168153986647, 0.0, 4.289607306631479, 2.7000000000000015 
43.024931387023315, 8.476750888166901, 0.0, 5.5140486361873995, 2.7000000000000015 
16.43205025040021, 4.4960021794813265, 0.0, 0.0, 1.0 
28.853791711945508, 0.9884805887496548, 0.0, 5.783471163169194, 2.7000000000000015 
57.30182100654613, 12.054924317723225, 0.0, 4.192056628669573, 2.7000000000000015 
3.9825446000854825, 62.814528527333024, 0.0, 6.478350653971205, 1.7000000000000006 
54.027335625743696, 45.49981856140894, 0.0, 0.8399356073380156, 2.100000000000001 
21.408491609555718, 38.91127255846577, 0.0, 0.0, 1.0 
13.9179505205502, 0.5958675692385538, 0.0, 5.402285182931962, 2.6000000000000014 
4.078751809797241, 27.68176290559487, 0.0, 3.60326896766636, 1.1 
36.28811840127968, 14.783109511029147, 0.0, 6.550831449063878, 2.7000000000000015 
15.287796667299402, 1.9459097348310392, 0.0, 5.301089173292492, 2.7000000000000015 
38.51069361344811, 41.956778618748494, 0.0, 0.0, 1.0 
49.07937432848021, 60.996874029270174, 0.0, 5.213867635990454, 2.7000000000000015 
10.438307006924775, 23.493575095905534, 0.0, 0.0, 1.0 
60.024301997681384, 2.4167642551609356, 0.0, 0.0, 1.0 
58.76534427680445, 36.79281137938622, 0.0, -4.6524228589742895, 2.7000000000000015 
62.95786001516513, 58.25132642849912, 0.0, 6.954431778731137, 2.7000000000000015 
15.547686044473958, 43.0397840476009, 0.0, 0.0, 1.0 
18.169858515505975, 10.919383355982836, 0.0, 0.03704954169267322, 2.7000000000000015 
50.842028956433936, 35.5131631123404, 0.0, 4.306933771471017, 1.4000000000000004 
18.259835753446538, 40.2707756060241, 0.0, 0.0, 1.0 
62.16075827667165, 58.679539037502, 0.0, 0.5228228924561747, 2.5000000000000013 
8.425779775470874, 43.45619818751177, 0.0, 0.0, 1.0 
39.105268725150246, 6.549622333509552, 0.0, -0.9920075833761768, 2.7000000000000015 
17.36343533085177, 57.21180212991757, 0.0, 0.348552551654397, 2.6000000000000014 
41.79960019830654, 4.272150180553948, 0.0, 4.720052696525891, 2.7000000000000015 
56.90668158360524, 0.06962159197830196, 0.0, 5.859003396388832, 2.300000000000001 
32.646664277227686, 33.832297269269226, 0.0, 0.0, 1.0 
10.578492900252675, 1.7590537435471851, 0.0, 5.124167522474693, 2.7000000000000015 
5.304943008461011, 53.558980115926296, 0.0, 0.0, 1.0 
61.59011695492609, 8.743040033837365, 0.0, 3.603203571595393, 2.7000000000000015 
6.20382841916497, 62.26461163740747, 0.0, 0.0, 1.0 
56.25882035242168, 60.65850296938738, 0.0, 6.154413437437735, 2.7000000000000015 
10.503813817033352, 49.19372489724092, 0.0, -1.1687307215225786, 2.7000000000000015 
23.328029951759845, 42.4382470087769, 0.0, 0.0, 1.0 
51.03875854969958, 46.20350361178497, 0.0, 0.0, 1.0 
29.85607789673981, 24.851436753864053, 0.0, 0.9552646877216798, 2.6000000000000014 
14.990578762947667, 41.07813404190674, 0.0, 0.0, 1.0 
17.751181633123053, 46.20473695747297, 0.0, 0.0, 1.0 
42.628824569690664, 27.771557166203834, 0.0, 0.0, 1.0 
27.57305862815129, 28.037937503708758, 0.0, 0.2851977439126195, 2.7000000000000015 
59.82504291516211, 0.756591296656044, 0.0, 0.0, 1.0 
34.83198118625304, 4.905501344043904, 0.0, 6.305463903039446, 2.7000000000000015 
37.51068062235039, 23.92757327377882, 0.0, 5.975115343795513, 2.5000000000000013 
9.308040844597842, 25.43661612273448, 0.0, 3.3658782602594512, 2.6000000000000014 
47.544135045146305, 4.02071456066783, 0.0, 4.424168245596009, 2.7000000000000015 
32.62915942419589, 31.28816039133408, 0.0, 0.0, 1.0 
9.609180090240347, 46.05394597625583, 0.0, 0.0, 1.0 
38.21075058160411, 13.029211691708023, 0.0, 0.3617497915725578, 2.7000000000000015 
2.055185781723322, 53.24048709392801, 0.0, 0.0, 1.0 
51.18886433333835, 31.02246995717532, 0.0, 4.895303932562592, 1.1 
36.40068961603005, 27.163494400172233, 0.0, 6.764911912471956, 2.7000000000000015 
54.045407180535214, 5.127195027140011, 0.0, 4.344424256332334, 2.7000000000000015 
51.90848235692066, 28.77307258529399, 0.0, 1.591809753639162, 2.7000000000000015 
48.65648350919435, 40.846036063371834, 0.0, 5.094849271453486, 1.2000000000000002 
20.332413452198544, 40.53174499317121, 0.0, 0.0, 1.0 
14.943243926534272, 24.23760351395651, 0.0, 3.933450415521515, 2.7000000000000015 
22.425409192137217, 56.920998126013636, 0.0, 6.037913204224014, 2.7000000000000015 
58.205970032440774, 27.684579536541623, 0.0, 4.853089326211843, 1.2000000000000002 
57.78048603917822, 43.2783620302431, 0.0, 0.0, 1.0 
13.397056355563485, 6.940579821293038, 0.0, 5.124205500067976, 2.7000000000000015 
23.221959300532017, 33.10417506214305, 0.0, 0.0, 1.0 
53.96803719873526, 33.80352488541921, 0.0, 0.0, 1.0 
60.73378317117072, 52.89097928025126, 0.0, 0.5878947980482574, 2.7000000000000015 
13.379858950719418, 54.65962393834631, 0.0, 5.304065181358749, 2.7000000000000015 
12.993943957459162, 19.26541968428756, 0.0, 3.6880916986477814, 2.4000000000000012 
14.796387586331754, 35.48092083533916, 0.0, 0.0, 1.0 
51.297950562107864, 21.555354254056375, 0.0, 4.961545960342745, 2.7000000000000015 
0.10209338391192198, 53.949689164174885, 0.0, 0.9979889408780029, 2.7000000000000015 
36.686451296099, 37.26433802466708, 0.0, 0.0, 1.0 
9.239998965748478, 56.50077581937251, 0.0, 0.0, 1.0 
12.526283749277189, 17.514223221704615, 0.0, 3.683840159513836, 2.7000000000000015 
37.04774484562764, 18.676296818707158, 0.0, 0.0, 1.0 
25.240990991733188, 42.47725002963569, 0.0, 0.0, 1.0 
36.092763152303064, 30.134308103028538, 0.0, 6.033645198559825, 2.7000000000000015 
0.21799187378611287, 49.96178948316554, 0.0, 0.0, 1.0 
28.349439082874355, 43.90640102047893, 0.0, 0.0, 1.0 
57.3142179969484, 29.781090213616075, 0.0, 0.0, 1.0 
21.158457939208525, 6.5224351345794815, 0.0, 1.0886049006996148, 2.7000000000000015 
49.3325613193757, 43.10269444117087, 0.0, 0.6134704569006448, 2.7000000000000015 
2.334779884756226, 39.717778669095885, 0.0, 0.0, 1.0 
54.78992249175222, 35.66444988725886, 0.0, 0.0, 1.0 
37.7976186828197, 35.58424610378554, 0.0, 0.0, 1.0 
17.788515985723524, 29.756010334166074, 0.0, 4.3005170011343035, 1.1 
35.11312292402509, 46.34379227290209, 0.0, 0.0, 1.0 
21.369939281856226, 17.542232605872904, 0.0, 5.558577242316091, 2.7000000000000015 
27.82099118397755, 30.343754641309626, 0.0, 0.0, 1.0 
3.6459071092803237, 50.9252291334711, 0.0, 0.0, 1.0 
36.63262072988688, 52.45768134246934, 0.0, 5.585824831107039, 2.6000000000000014 
42.9358064856456, 56.42958756329039, 0.0, 5.302864879928921, 2.7000000000000015 
21.885503257045823, 9.573370648343312, 0.0, 5.543709965144601, 2.7000000000000015 
39.991618773382655, 56.00004649809455, 0.0, 0.0, 1.0 
33.36615114913596, 35.84941672477218, 0.0, 1.6386184102662782, 1.1 
48.46471425996445, 33.77655614430855, 0.0, 5.015259098028073, 2.000000000000001 
18.21438430271326, 24.942538198366023, 0.0, 0.4884763510636666, 2.7000000000000015 
49.56041782942178, 39.1446669398473, 0.0, 4.010442846932426, 2.200000000000001 
30.983548439825526, 50.45551479846366, 0.0, 6.311247861478295, 2.7000000000000015 
19.952252899574454, 15.174288888532594, 0.0, 3.0471468867768694, 2.7000000000000015 
34.737915628100794, 8.560599870806596, 0.0, 0.2983220803469725, 2.7000000000000015 
56.24432110024928, 4.373670164914968, 0.0, 4.228421865249849, 2.7000000000000015 
51.843115480172145, 40.625918425019975, 0.0, 0.0, 1.0 
46.845086870877715, 42.327671115994065, 0.0, 7.762742047829344, 2.200000000000001 
41.84208539284973, 22.32138177296985, 0.0, -0.24383885050110163, 2.6000000000000014 
3.122496320869339, 34.400303909416245, 0.0, 0.0, 1.0 
49.95972240465267, 51.965055795319415, 0.0, 5.9784050161256435, 2.7000000000000015 
17.376377099833984, 38.3655183684117, 0.0, 0.0, 1.0 
53.00172353823933, 2.5621532890621785, 0.0, 4.101834451029688, 2.7000000000000015 
44.73587328813593, 36.33258809519672, 0.0, 4.20506494403492, 2.7000000000000015 
25.336886425463074, 60.81491052351142, 0.0, 5.6384396575818725, 2.200000000000001 
27.404825275084946, 58.588826062334014, 0.0, 5.60626708038388, 2.7000000000000015 
23.284250774801844, 55.61705522468325, 0.0, 6.125585159766709, 2.7000000000000015 
6.172317678913567, 24.309255500924028, 0.0, 0.0, 1.0 
39.3549334213233, 34.35222493049935, 0.0, 4.758058465354277, 1.2000000000000002 
9.636037617913177, 40.6457634024726, 0.0, 0.0, 1.0 
50.36820282227889, 7.783587365918486, 0.0, 4.464996286247707, 2.7000000000000015 
9.260991223737282, 19.739570641649866, 0.0, 4.062056766695607, 1.9000000000000008 
42.07017618500643, 49.0042950647467, 0.0, 6.064154402825389, 2.7000000000000015 
21.50000571068422, 50.09632240605806, 0.0, 0.0, 1.0 
14.203377086021723, 44.28680698921788, 0.0, 0.0, 1.0 
6.3293125938008234, 31.899617370453463, 0.0, 0.0, 1.0 
55.930330288317506, 46.720348790905476, 0.0, 1.046426117540262, 2.000000000000001 
20.23312744160505, 30.64667359596869, 0.0, 0.0, 1.0 
9.215201573265862, 38.69697549156655, 0.0, 0.0, 1.0 
32.555284669681996, 17.615508216515703, 0.0, 6.805575912681324, 2.7000000000000015 
32.43183483828215, 43.22970680453626, 0.0, 0.0, 1.0 
4.019616461130975, 21.09655627636737, 0.0, 0.0, 1.0 
49.03438512753531, 45.885964641061385, 0.0, 0.0, 1.0 
11.644298649588729, 50.160351784426446, 0.0, -1.776784442368296, 2.7000000000000015 
45.206914860135186, 7.441727331580316, 0.0, -0.8392809420300846, 2.7000000000000015 
63.05842396232244, 14.565534409484236, 0.0, 0.0, 1.0 
28.12722300197824, 40.545645048021896, 0.0, 0.0, 1.0 
34.90632691317681, 28.783039411475368, 0.0, 0.24093955875482986, 2.7000000000000015 
41.87414940037663, 29.469855318036387, 0.0, 4.279682714838756, 2.6000000000000014 
9.900067171432159, 42.38912217733552, 0.0, 0.0, 1.0 
34.16604776039187, 49.95801640018881, 0.0, -0.310681081773783, 2.4000000000000012 
25.834707945137573, 9.678265404934326, 0.0, 6.01912455824174, 2.7000000000000015 
3.9096842018083833, 52.601510862521216, 0.0, 0.0, 1.0 
39.21033991659448, 3.1133443672117003, 0.0, -0.7826665012479097, 2.7000000000000015 
31.44697142530948, 45.07109703947591, 0.0, 0.0, 1.0 
57.10897209543388, 37.558278404770086, 0.0, 0.0, 1.0 
50.12051254197999, 20.85459907661968, 0.0, 5.075220171644518, 2.7000000000000015 
11.79873572428225, 25.022472302289724, 0.0, 3.2784535843355656, 2.7000000000000015 
29.43396037990464, 56.43232252550418, 0.0, -0.5521190517127404, 2.6000000000000014 
36.17512443861471, 32.424111496677426, 0.0, 0.9917613325270681, 2.7000000000000015 
8.688267694098176, 34.54673396309362, 0.0, 0.0, 1.0 
52.14479311709254, 3.2187562334550717, 0.0, 4.134752590015274, 2.7000000000000015 
53.98467586716514, 41.95582533871792, 0.0, 0.0, 1.0 
46.53293112796507, 31.080295502556005, 0.0, 0.0, 1.0 
43.80624157405109, 6.354399561865766, 0.0, 0.0, 1.0 
35.96986007412926, 17.37118763927207, 0.0, -0.27481337493381125, 2.7000000000000015 
0.7501954408104937, 5.43877040855138, 0.0, 2.2800569195673557, 1.5000000000000004 
47.74753951717941, 1.7986009142058712, 0.0, 5.0601022191991465, 2.300000000000001 
22.192816157383813, 30.0272037030451, 0.0, 0.0, 1.0 
36.457199871649614, 42.40803342964647, 0.0, 0.0, 1.0 
26.914696837497047, 61.204971841600944, 0.0, 5.7266074856513685, 2.7000000000000015 
52.474138910872874, 54.124550945519296, 0.0, 6.308221103442588, 2.7000000000000015 
23.785446817654876, 35.46679982060719, 0.0, 8.93836976380129, 2.200000000000001 
8.065070604210437, 45.21970236196278, 0.0, 5.510607508514808, 2.7000000000000015 
62.35733444894768, 51.51049195911618, 0.0, 0.9037638352728312, 2.7000000000000015 
20.676998045463126, 59.388480761680995, 0.0, -0.39130436694312287, 2.7000000000000015 
47.285554764544045, 14.718330898989903, 0.0, 5.159443109510563, 2.7000000000000015 
10.453876319624666, 17.315852297639285, 0.0, 4.05604256507515, 2.7000000000000015 
34.96476383902292, 52.29409226440229, 0.0, 5.664985958022648, 2.7000000000000015 
26.04270502902811, 29.671730511857767, 0.0, 1.744163448942993, 1.8000000000000007 
5.057448670272066, 22.719545138534826, 0.0, 5.552504142136687, 1.2000000000000002 
34.41957267401398, 42.918172668047085, 0.0, 0.0, 1.0 
10.654212715754339, 51.63878067275963, 0.0, 4.790683342125662, 2.7000000000000015 
38.72085404264964, 52.03007863125364, 0.0, 5.676956519435561, 2.7000000000000015 
43.477928937434484, 61.316517107657354, 0.0, -0.9059498378153296, 2.7000000000000015 
18.183089671694187, 6.828471249546529, 0.0, 5.078940952131262, 2.7000000000000015 
8.64318717414697, 12.290295608025628, 0.0, 3.489305447532113, 2.7000000000000015 
43.67810894575969, 62.796896910101246, 0.0, 5.325905591151485, 2.7000000000000015 
43.89208038650603, 59.53689541143025, 0.0, 0.0, 1.0 
10.737592276264747, 46.929949363701326, 0.0, -1.2266303302070967, 2.6000000000000014 
40.87337567972702, 8.699065483743157, 0.0, -0.4131086225571016, 2.7000000000000015 
15.533266738993529, 33.6105397822957, 0.0, 0.0, 1.0 
3.421744568157362, 29.527123699823743, 0.0, 0.0, 1.0 
1.5524784537333078, 35.757938137941004, 0.0, 0.0, 1.0 
7.9009328003343775, 54.49130258746699, 0.0, -1.4614072125134425, 2.6000000000000014 
58.11056762128596, 2.9673318889877884, 0.0, 0.0, 1.0 
32.2288457642625, 57.89804886311039, 0.0, 5.451903729074724, 2.7000000000000015 
39.478731193503634, 24.112164802538857, 0.0, 5.703337978375412, 2.7000000000000015 
52.270809801486685, 5.437965526977584, 0.0, 4.449397779805739, 2.7000000000000015 
43.94938752549869, 40.49686802068981, 0.0, 1.2688297582058512, 2.7000000000000015 
44.82194003478144, 27.640287790859833, 0.0, 0.0, 1.0 
9.612885094069888, 61.52224383529855, 0.0, 5.431982304047251, 2.7000000000000015 
21.386495458850316, 60.82643533690067, 0.0, 6.228409000663264, 2.7000000000000015 
10.34978070164948, 43.7696169814853, 0.0, 5.492312976263327, 2.7000000000000015 
7.715871466054244, 39.82675030442324, 0.0, 0.0, 1.0 
55.30726635753252, 39.75230921044793, 0.0, 4.019141106389522, 2.7000000000000015 
32.583483946863524, 61.1207189727093, 0.0, 0.4077423952596228, 2.7000000000000015 
18.52914506438838, 36.8833983525087, 0.0, 0.0, 1.0 
45.58638996051817, 61.40208947412282, 0.0, 5.367990420329844, 2.7000000000000015 
55.93969561615883, 11.904029397256096, 0.0, 4.372161958883024, 2.7000000000000015 
19.368653933825573, 41.98303005725443, 0.0, 0.0, 1.0 
18.282885434415675, 61.289132757007444, 0.0, 5.752787086662932, 1.5000000000000004 
35.73397149984755, 44.342851433486615, 0.0, 0.0, 1.0 
22.468628684134057, 27.95036122188393, 0.0, 4.170347274735588, 1.3000000000000003 
50.483978564686545, 50.75155587691306, 0.0, 6.075166234767605, 2.6000000000000014 
20.95800497494247, 12.190716431393188, 0.0, 5.16078092229153, 2.7000000000000015 
52.22145174731289, 38.926052151530754, 0.0, 3.0272920943053667, 2.7000000000000015 
6.945130411401251, 60.64943279564512, 0.0, 1.1640873551377204, 2.7000000000000015 
11.35732918923859, 19.775225150708362, 0.0, 3.7019517634409795, 2.5000000000000013 
11.640235225478484, 41.59901206477781, 0.0, 0.0, 1.0 
45.643909592935266, 43.259931288068614, 0.0, 1.017217638713703, 2.7000000000000015 
38.16369682975242, 60.230013034543106, 0.0, -0.5548981441908597, 2.7000000000000015 
2.0773682799271955, 58.185715241244345, 0.0, 7.015252867276716, 2.7000000000000015 
62.981961899050056, 62.96585863650858, 0.0, 0.0, 1.0 
57.47095898217943, 19.276191732406698, 0.0, 3.81757222408294, 2.7000000000000015 
4.264624169843766, 56.42391771076537, 0.0, 7.176708785028393, 2.7000000000000015 
38.17067190694086, 22.373475552844734, 0.0, 0.30010455566814453, 2.100000000000001 
58.75960921330097, 62.992487282311586, 0.0, 5.866221987137237, 2.7000000000000015 
56.90241724668344, 22.983118984050613, 0.0, 2.608803531721815, 2.000000000000001 
21.677483290452507, 23.063621908636303, 0.0, 5.165742167879131, 2.7000000000000015 
52.5105604300774, 37.357308174703604, 0.0, 3.20629477991686, 1.1 
25.413058793478793, 45.94744069358615, 0.0, 0.0, 1.0 
35.44701474040515, 13.002006776079144, 0.0, 6.594152986651964, 2.7000000000000015 
25.66330388787675, 22.33360780498915, 0.0, 7.667502892478562, 2.7000000000000015 
40.96470107305683, 45.12946939515961, 0.0, 0.0, 1.0 
53.47980894826592, 49.79093179351153, 0.0, 6.168526005224206, 2.7000000000000015 
56.990736091818874, 61.44417101427031, 0.0, 5.902460398165542, 2.7000000000000015 
8.01317261569219, 41.676301853344086, 0.0, 0.0, 1.0 
9.00658222807557, 27.08706296130864, 0.0, 0.0, 1.0 
32.73121755517705, 63.00530822346238, 0.0, 3.7965144476492183, 2.7000000000000015 
23.106381722170088, 51.34311090145975, 0.0, 0.0, 1.0 
42.63280428232991, 2.185596445647572, 0.0, 4.775214981161123, 2.7000000000000015 
60.25000773557594, 34.724836729480714, 0.0, 2.8116561312504285, 1.4000000000000004 
44.23515592042953, 51.230172835524044, 0.0, 5.948950101375771, 2.4000000000000012 
7.160016919438554, 22.37413553680578, 0.0, 0.0, 1.0 
55.0509302495933, 22.867529502084416, 0.0, 5.45019581708353, 2.7000000000000015 
13.765540885999828, 33.66762181496011, 0.0, 0.0, 1.0 
4.37139317417868, 31.31091104841053, 0.0, 0.0, 1.0 
53.64737560801822, 20.164836197393097, 0.0, 5.664204311669656, 2.7000000000000015 
55.5394681449674, 49.04427846882038, 0.0, 0.33327681430679984, 2.6000000000000014 
7.613263714766393, 59.44212173380147, 0.0, 1.316267685153022, 2.300000000000001 
24.51265277788842, 16.02413528966637, 0.0, 3.6453591108198293, 2.7000000000000015 
62.60750473944721, 60.57077991845195, 0.0, 6.238474591333243, 2.7000000000000015 
52.29559672365293, 52.071406537914996, 0.0, 6.127253234776938, 2.6000000000000014 
35.3423660494478, 35.93743695608211, 0.0, 0.0, 1.0 
49.20316976313525, 59.46417443770056, 0.0, -0.5045097896627412, 2.7000000000000015 
35.18587136034198, 40.970764870755744, 0.0, 0.0, 1.0 
18.449901385826905, 8.890090750280836, 0.0, 2.6589057189265577, 2.7000000000000015 
61.39181938642346, 46.391118380047814, 0.0, 0.0, 1.0 
59.19422391396465, 11.788957052830384, 0.0, 4.254365770622289, 2.5000000000000013 
36.47845079978728, 25.71674042453998, 0.0, 0.7398192762028836, 2.7000000000000015 
10.698993225072789, 62.80853422794375, 0.0, 5.322102502342522, 2.6000000000000014 
23.130940902408074, 58.02155411798958, 0.0, -0.06963052784414045, 2.5000000000000013 
3.942706368751469, 2.097724194922459, 0.0, 0.0, 1.0 
33.73250496022244, 44.80992784587558, 0.0, 0.0, 1.0 
41.907870538926986, 60.69843818610034, 0.0, 0.0, 1.0 
62.609462446098185, 54.647725525522404, 0.0, 7.136750401120372, 2.7000000000000015 
45.775491948741504, 59.10433432142337, 0.0, 0.0, 1.0 
58.98514828908905, 58.95915659346383, 0.0, 6.508428787607778, 2.7000000000000015 
27.12467553239815, 19.94386847914016, 0.0, 4.8353680682007, 2.7000000000000015 
57.32853814697378, 24.870551885308917, 0.0, 5.067694595525387, 2.5000000000000013 
54.163698050164605, 57.862778063491156, 0.0, 6.503556928767336, 2.4000000000000012 
57.82188487458958, 4.314789164562166, 0.0, 0.0, 1.0 
7.217523169742292, 26.07136108942193, 0.0, 0.0, 1.0 
1.206656155631832, 33.76496952306912, 0.0, 0.0, 1.0 
8.826672950873386, 51.39416896794635, 0.0, -1.2402703557422825, 2.7000000000000015 
15.51012304532957, 37.58366710479645, 0.0, 0.0, 1.0 
44.214787980721425, 54.12016170630124, 0.0, 5.864026701111402, 2.7000000000000015 
43.66691772545183, 47.954863232439976, 0.0, -0.008795171766138296, 2.7000000000000015 
46.66685058469279, 12.97787329308308, 0.0, 4.912517523578519, 2.7000000000000015 
27.8931350449361, 49.24616075834843, 0.0, 0.0, 1.0 
11.119688265100217, 39.683231705764285, 0.0, 0.0, 1.0 
18.535713268836105, 31.775975894513618, 0.0, 0.0, 1.0 
44.48814325324193, 46.71747840565336, 0.0, 0.4618695963869026, 2.6000000000000014 
15.158026929409116, 48.52055630932752, 0.0, 0.0, 1.0 
6.669719705326833, 56.58915515681753, 0.0, 0.0, 1.0 
18.804943721276672, 19.58604328858405, 0.0, 4.38983599295873, 2.7000000000000015 
52.885604363749245, 32.08307155199556, 0.0, 0.0, 1.0 
55.71158948619262, 9.124594490987116, 0.0, 4.363611267003534, 2.7000000000000015 
11.033680965852218, 26.99365419048386, 0.0, 0.0, 1.0 
41.98656633407305, 37.40946521513971, 0.0, 5.7144466389817685, 2.7000000000000015 
61.13207087359023, 28.349191727824262, 0.0, 2.3066024455119662, 1.2000000000000002 
0.8459561140446251, 58.05422232802583, 0.0, 7.01489378893714, 2.7000000000000015 
48.53916035528711, 2.8572629759158263, 0.0, -1.570395813306259, 2.7000000000000015 
62.2794940392561, 33.17509318841945, 0.0, 0.0, 1.0 
39.78770816273449, 54.225807713514484, 0.0, 5.413343330684593, 2.7000000000000015 
41.4244886103064, 24.02846360521497, 0.0, 5.618079578129656, 2.7000000000000015 
40.330262486167946, 16.00695871539901, 0.0, 5.052449340429326, 2.6000000000000014 
44.57874756909115, 53.06251637789912, 0.0, 5.96034763478095, 2.7000000000000015 
42.6614051987877, 52.87099558512604, 0.0, 5.8303943201698445, 2.7000000000000015 
5.547924988300679, 60.44893690384614, 0.0, 7.174372661470175, 2.6000000000000014 
14.402579554635212, 39.066985494700866, 0.0, 0.0, 1.0 
45.63387538206333, 50.031809808323125, 0.0, 6.168748085239448, 2.7000000000000015 
54.161539461383995, 11.105026214706763, 0.0, 5.2962447425793675, 2.7000000000000015 
40.09931715192761, 27.87248504099818, 0.0, 5.989806353758185, 2.7000000000000015 
61.43279051286829, 44.52238812708254, 0.0, 0.0, 1.0 
11.253784310704923, 56.598936544567444, 0.0, -0.46584703028449925, 2.7000000000000015 
6.281813402881921, 0.8489426291045049, 0.0, 5.499414542267711, 2.7000000000000015 
41.40675348567176, 54.57384168919952, 0.0, 0.0, 1.0 
16.660476536027808, 55.40350406654831, 0.0, 0.0, 1.0 
33.283179429315396, 52.44355757840251, 0.0, -0.6452754145620926, 2.6000000000000014 
40.23647955926689, 10.23215250700265, 0.0, -0.4734291723746514, 2.7000000000000015 
55.91251494196396, 42.53081993351515, 0.0, 0.0, 1.0 
58.331912749047284, 16.184591664100076, 0.0, 3.5141022581856403, 2.7000000000000015 
41.165421986635444, 11.235806387157208, 0.0, 5.399249324441943, 2.7000000000000015 
42.55391895747918, 15.298421274597562, 0.0, -0.5829219162531704, 2.7000000000000015 
56.68965441354951, 2.044369104204372, 0.0, 4.9798240446563256, 2.4000000000000012 
60.08431360350002, 58.343297406877106, 0.0, 0.20105679025789172, 2.6000000000000014 
2.6821233927814467, 41.62031889006274, 0.0, 0.0, 1.0 
24.70828447159435, 59.7261304044719, 0.0, 5.689716657672738, 2.7000000000000015 
36.17688464297075, 34.55846965183846, 0.0, 2.8078214193425035, 2.6000000000000014 
20.607487620922548, 16.478030972403886, 0.0, -0.45459416781887024, 2.7000000000000015 
44.65775062172465, 49.12630225796338, 0.0, 6.151586114161242, 2.7000000000000015 
4.756795062472919, 0.7375277766382344, 0.0, 0.0, 1.0 
44.819092129434104, 18.874508507904387, 0.0, 4.9714070260715415, 2.7000000000000015 
26.054055157563578, 35.62198388374523, 0.0, 2.8847681124116744, 2.7000000000000015 
32.66556113229987, 37.82600722104002, 0.0, 0.0, 1.0 
13.022132749409385, 40.37525881380445, 0.0, 0.0, 1.0 
7.210725312093005, 13.57452634318376, 0.0, 3.3613466258044062, 2.6000000000000014 
40.50620942424375, 59.68909415312195, 0.0, 5.61132026016489, 2.7000000000000015 
46.6352153642677, 10.508958309066758, 0.0, 5.1249722896922485, 2.7000000000000015 
24.201027176583352, 29.560994787247797, 0.0, 0.0, 1.0 
9.756704502149422, 15.238979631935429, 0.0, 3.647032990657092, 2.7000000000000015 
30.78843026714152, 28.311530695897382, 0.0, 0.18965439400776596, 2.5000000000000013 
50.140182327281636, 37.09783168290734, 0.0, 4.313471111045332, 2.7000000000000015 
6.5336685785297846, 3.242671295312201, 0.0, -0.9067544017401784, 2.7000000000000015 
34.22113322921217, 32.16776995641571, 0.0, 0.0, 1.0 
56.90068175918499, 59.006905772524796, 0.0, 6.458692243382289, 2.7000000000000015 
58.27570645212529, 48.45244796613756, 0.0, 0.6812490710623883, 2.6000000000000014 
53.858614862090576, 40.28886099268407, 0.0, 3.622981545479708, 1.7000000000000006 
0.01845444729889323, 37.09446096297446, 0.0, 0.0, 1.0 
43.73281726538428, 57.641695790966544, 0.0, 0.0, 1.0 
18.559480979515833, 53.36376172599643, 0.0, 6.9504231753368275, 2.7000000000000015 
37.2283009065416, 48.828354195717296, 0.0, -0.32245204739629024, 2.7000000000000015 
34.31362903769175, 25.420811986868483, 0.0, 1.3675114571659877, 1.1 
9.284353319305083, 49.03067170776677, 0.0, 5.232133253267851, 2.7000000000000015 
2.0887091589613163, 21.230248944418047, 0.0, 5.379401385988157, 2.5000000000000013 
39.123199168070464, 20.848641464399048, 0.0, 6.009164225880851, 1.7000000000000006 
42.68447415801724, 50.657731717459164, 0.0, -0.4592469432865834, 2.7000000000000015 
19.633911056273604, 3.1126812554245897, 0.0, 1.6329368329770713, 2.5000000000000013 
38.297700139007404, 30.546088273790364, 0.0, 0.0, 1.0 
3.993234663127873, 57.73212501951313, 0.0, 0.9819417879357316, 2.4000000000000012 
5.457179053866345, 37.14200620682534, 0.0, 0.0, 1.0 
35.74676844460143, 2.7508213624313553, 0.0, 2.192431232465959, 2.6000000000000014 
48.39746732539697, 7.271667454249491, 0.0, 4.525184143254155, 2.7000000000000015 
14.483869747773022, 10.784059376163512, 0.0, 1.8805100765750846, 2.7000000000000015 
45.67003105896647, 5.710855101259848, 0.0, 5.469193168867136, 2.6000000000000014 
13.528907308109721, 60.59568494039968, 0.0, 5.14574676244358, 1.8000000000000007 
29.05352620779452, 34.28799269123353, 0.0, 0.0, 1.0 
9.594355808824588, 8.016405558144827, 0.0, 5.392704544569813, 2.100000000000001 
5.8341610065319385, 51.84360291358326, 0.0, 0.0, 1.0 
1.9465449109252089, 26.308090150276175, 0.0, 3.415578954730587, 1.8000000000000007 
11.600111379280204, 36.455658179835936, 0.0, 0.0, 1.0 
36.740504586048516, 20.674698980962706, 0.0, 0.0, 1.0 
14.470146242249719, 52.376818573681646, 0.0, 0.0, 1.0 
16.936905654760253, 41.76418143244488, 0.0, 0.0, 1.0 
41.43871213036257, 39.66828722295689, 0.0, 2.3306458702447452, 1.3000000000000003 
39.3409642120945, 50.522734089587416, 0.0, -0.5632806513995615, 2.7000000000000015 
59.8140052860699, 54.03377905294583, 0.0, 0.5169048299422578, 2.7000000000000015 
49.70484222571081, 61.95049133351237, 0.0, 4.765348417842784, 2.7000000000000015 
44.17596808826819, 12.293396741360834, 0.0, 5.820851713820327, 2.7000000000000015 
23.84702487319917, 24.21983261205331, 0.0, 0.7600811329092266, 2.7000000000000015 
47.67656073685916, 51.94811855422878, 0.0, 5.828965955405539, 2.7000000000000015 
60.96175352551396, 42.79182048910505, 0.0, 7.0505362250919505, 2.6000000000000014 
29.38813498764034, 60.77812342044309, 0.0, 5.785022223769729, 2.7000000000000015 
6.7956679096429875, 33.91830299202596, 0.0, 0.0, 1.0 
30.611129944495538, 34.75253807582672, 0.0, 2.117077103726463, 2.6000000000000014 
43.84930559416535, 23.04209842230726, 0.0, 5.560693597626137, 2.7000000000000015 
2.7246593338944964, 19.235731238069796, 0.0, 3.1879597686162335, 2.300000000000001 
6.863064451186755, 8.96476747145938, 0.0, 4.289822593169057, 2.7000000000000015 
8.841725770740593, 54.39964203705141, 0.0, 4.821008182552707, 2.7000000000000015 
6.115887872525603, 41.00730930338833, 0.0, 0.0, 1.0 
27.197822652196876, 39.002181045293234, 0.0, 0.0, 1.0 
46.65990875365472, 47.15110541299103, 0.0, 6.836110283189512, 2.7000000000000015 
56.89743908355974, 16.974437090038446, 0.0, 4.186371303955907, 2.7000000000000015 
61.2949389351277, 52.197301391193534, 0.0, 6.81926163786942, 2.7000000000000015 
62.592759870304775, 56.30817273905427, 0.0, 7.030137138558828, 2.7000000000000015 
43.878208674097024, 1.551973732863075, 0.0, 4.98102099215017, 2.7000000000000015 
40.629063995562454, 58.15252925768827, 0.0, 5.646131571043049, 2.7000000000000015 
43.13898709288159, 4.477790798122307, 0.0, 5.091043084906897, 2.7000000000000015 
8.826561199726864, 47.711650163916715, 0.0, 0.0, 1.0 
49.27500342853054, 31.32073147753051, 0.0, 4.803779056930929, 1.1 
14.643052233681365, 7.417877117018001, 0.0, 5.1860186027655235, 2.7000000000000015 
37.04614111206073, 45.78491051426699, 0.0, 0.0, 1.0 
61.77696000867317, 49.55071963621668, 0.0, 0.0, 1.0 
7.529302069468536, 18.771584663554254, 0.0, 4.569968646720327, 2.6000000000000014 
29.74720090984044, 57.68683138743973, 0.0, 5.512235875142072, 2.7000000000000015 
11.804437357764382, 1.9037663249470596, 0.0, 5.3032553082784535, 1.6000000000000005 
21.28781174464572, 45.7959348238016, 0.0, 0.0, 1.0 
37.247232349708085, 40.510718437482396, 0.0, 0.0, 1.0 
20.652658768080318, 28.705782050964665, 0.0, 0.0, 1.0 
35.528088636454676, 48.366620138646496, 0.0, -0.3324557729173255, 2.5000000000000013 
26.321862988407986, 44.19130104336946, 0.0, 0.0, 1.0 
5.024120172629726, 25.986009867148233, 0.0, 0.6338630853525843, 1.1 
12.146221443509251, 48.64712538764044, 0.0, 4.288217400032913, 2.100000000000001 
1.1598245649586978, 54.12117338881614, 0.0, 1.0087563685019623, 2.7000000000000015 
27.965328170087783, 55.939261760776745, 0.0, 5.7952326330367505, 2.7000000000000015 
42.18765957905259, 32.91356535875204, 0.0, 3.7075706096288563, 2.6000000000000014 
3.423503608194508, 49.280372546690636, 0.0, 0.0, 1.0 
13.7323823047579, 2.4711875305750044, 0.0, 5.303790886322339, 2.5000000000000013 
11.805940604738542, 59.02789767439352, 0.0, 5.357658831965531, 2.7000000000000015 
17.318228764537594, 0.4932028695757385, 0.0, 0.0, 1.0 
3.887946393464599, 38.37907239845281, 0.0, 0.0, 1.0 
28.584680857802475, 47.35188349088965, 0.0, 0.0, 1.0 
56.02398024538539, 33.73778511584629, 0.0, 0.0, 1.0 
47.09245125106071, 0.18279619700779387, 0.0, 5.1262555789929705, 2.7000000000000015 
29.900394252219158, 48.94856784401386, 0.0, 0.0, 1.0 
46.97955093188314, 56.463949590192854, 0.0, 0.0, 1.0 
33.45923458709604, 3.4996695041903094, 0.0, 6.587044714892958, 2.7000000000000015 
62.733434224221064, 29.351027994397313, 0.0, 0.0, 1.0 
1.1330281697651743, 42.772687033117606, 0.0, 0.0, 1.0 
33.91536245472922, 39.44568271056784, 0.0, 0.0, 1.0 
25.459901895781368, 13.697769634627038, 0.0, 6.5786255554087285, 2.7000000000000015 
55.879486984794674, 55.06199174973138, 0.0, -0.12707867682754986, 2.7000000000000015 
5.034217192525736, 44.091215548045916, 0.0, 0.0, 1.0 
15.912161417612456, 62.83573978013439, 0.0, 5.479447559511505, 2.7000000000000015 
23.246645479329715, 59.29148845435431, 0.0, 5.85474159120841, 2.7000000000000015 
34.192765524335094, 27.26877171505655, 0.0, 0.4628843553128987, 2.7000000000000015 
3.51625723259255, 36.40340855296469, 0.0, 0.0, 1.0 
27.805449463549706, 24.277128972002846, 0.0, 0.7325182958004773, 2.7000000000000015 
8.098289620195564, 28.68946454867076, 0.0, 0.0, 1.0 
55.26770234645155, 1.7786477502348603, 0.0, 0.0, 1.0 
62.748937479828435, 61.28785027712757, 0.0, 6.137274234237036, 2.7000000000000015 
52.15792208404489, 58.119708963226934, 0.0, 6.483027495771318, 2.4000000000000012 
1.5987786634165464, 48.42700441213862, 0.0, 0.0, 1.0 
42.343261048374295, 18.518877996126513, 0.0, 5.207660243475947, 2.7000000000000015 
53.18811597917472, 8.871607693082353, 0.0, 4.512727021253333, 2.7000000000000015 
25.248989767040342, 14.942508903708445, 0.0, 3.3803833491996946, 2.7000000000000015 
20.984328175167004, 53.718768302109, 0.0, 0.36134032847049846, 2.200000000000001 
1.5096210784992463, 17.69856103081304, 0.0, 3.5365440716038905, 2.100000000000001 
11.732117903662765, 10.496531065568496, 0.0, 3.733642580193683, 2.7000000000000015 
49.55213498420472, 4.3097731417415615, 0.0, -1.7554078440186307, 2.7000000000000015 
40.84171353797807, 47.42254473724205, 0.0, 0.0016851665771584912, 2.7000000000000015 
59.250663332352765, 57.309718313416155, 0.0, 0.0, 1.0 
40.953992028336906, 30.989121692412517, 0.0, 5.217975240564186, 2.000000000000001 
0.6952617498418392, 16.15664113255877, 0.0, 2.8223943184719493, 2.7000000000000015 
20.29414714422627, 56.65502537490796, 0.0, -0.6103852635325885, 2.7000000000000015 
31.389142420827376, 36.26594401075859, 0.0, 0.0, 1.0 
51.20201783921884, 0.7969331227960696, 0.0, 4.231152821703427, 2.7000000000000015 
41.60251233712817, 52.24379848392443, 0.0, -0.6046644458934706, 2.7000000000000015 
62.68105113166721, 7.3733546490552575, 0.0, 0.0, 1.0 
16.7646571007916, 2.4721348295070817, 0.0, 0.0, 1.0 
5.926230915823878, 47.92733280294308, 0.0, 0.0, 1.0 
44.78612382163045, 55.154685452775446, 0.0, 5.334765984782202, 2.6000000000000014 
39.89453528349791, 52.482746752355425, 0.0, 5.450924747137352, 2.7000000000000015 
53.8973871497807, 27.73927783534994, 0.0, 4.351971353857955, 1.4000000000000004 
47.37146858045284, 54.9012519637251, 0.0, 6.577517791222555, 2.7000000000000015 
59.838970588568536, 3.990097458731213, 0.0, 0.0, 1.0 
38.5467596870829, 1.4718533523994735, 0.0, 0.0, 1.0 
49.06530225126875, 0.9099460081703844, 0.0, -1.6319439293712479, 2.7000000000000015 
39.73280789446223, 43.536478740191036, 0.0, 0.0, 1.0 
37.991052460101784, 55.27703424103863, 0.0, 5.2983469519833415, 2.7000000000000015 
50.58145610762539, 56.583098445387044, 0.0, 0.0, 1.0 
19.71827282817879, 46.75327280498496, 0.0, 0.0, 1.0 
25.84158935122295, 49.50531368096294, 0.0, 0.0, 1.0 
48.727848666570566, 24.215748937804516, 0.0, 4.130966590609687, 2.7000000000000015 
61.00298504969103, 41.38469018491494, 0.0, 0.8649466412456316, 2.7000000000000015 
50.3965377845109, 11.079729097064252, 0.0, 4.721715504723368, 2.7000000000000015 
27.241154178654906, 42.34417655761114, 0.0, 0.0, 1.0 
31.929238727470395, 56.43728155009686, 0.0, 5.421315850027494, 2.7000000000000015 
8.732426420998815, 21.503832891258014, 0.0, 4.284142305173687, 2.000000000000001 
27.339736257522876, 5.779225294343536, 0.0, 5.520709321511677, 2.7000000000000015 
24.503745771307543, 37.1566337235694, 0.0, 0.0, 1.0 
62.79538462851227, 26.94344981178547, 0.0, 3.1820941639179625, 1.6000000000000005 
51.78986543712015, 43.82323748527469, 0.0, 0.5867316128354483, 2.000000000000001 
62.839391481916756, 43.441834976592915, 0.0, 1.2780512958226344, 2.7000000000000015 
45.781926063635254, 9.98470839377527, 0.0, 5.359990915075482, 2.7000000000000015 
61.01012491241726, 57.165998881124054, 0.0, 6.542135321284166, 2.6000000000000014 
26.584024251753092, 37.2082479193082, 0.0, 0.0, 1.0 
41.19028116000431, 2.320838008929141, 0.0, 5.392599038703109, 2.7000000000000015 
31.089430197754023, 15.514182715834524, 0.0, 0.6264734368117684, 2.7000000000000015 
16.465860019984426, 27.917860954794662, 0.0, 3.6577070961410603, 1.3000000000000003 
4.797317215912155, 33.270605200990275, 0.0, 0.0, 1.0 
25.05427807247425, 2.0436216075232605, 0.0, 5.956343213952726, 2.7000000000000015 
7.12989354992043, 52.920290807347484, 0.0, 0.0, 1.0 
13.517958100551981, 62.44553757258497, 0.0, 5.3772262421667, 2.7000000000000015 
45.11841931621075, 13.255973541609842, 0.0, 5.379117882083174, 2.7000000000000015 
3.0657628394689636, 43.51677454706379, 0.0, 0.0, 1.0 
29.911887984037698, 40.045551851134135, 0.0, 0.0, 1.0 
45.50083059470116, 24.741902796947016, 0.0, 3.5327805394785963, 2.7000000000000015 
10.151508824038972, 28.90662487567569, 0.0, 0.0, 1.0 
48.798708188398344, 44.130250970359256, 0.0, 0.4471134253696635, 2.7000000000000015 
53.77949956755764, 15.907112579699222, 0.0, 5.122351590537678, 2.7000000000000015 
56.83367770108446, 35.63175735486385, 0.0, 0.0, 1.0 
34.09512846682964, 54.00156524457696, 0.0, 5.605424977407165, 2.7000000000000015 
59.96304670901272, 27.431989764974873, 0.0, 2.0341903680743285, 2.7000000000000015 
57.7387496783827, 49.20752238375161, 0.0, 0.6063792025486228, 2.7000000000000015 
56.230351217436144, 44.606336549649484, 0.0, 0.0, 1.0 
14.84907345457892, 57.02472853703362, 0.0, 4.069976108549003, 1.5000000000000004 
5.028615693040715, 55.46932552659242, 0.0, 0.0, 1.0 
46.71501037904168, 7.434566609680996, 0.0, 4.669365477101182, 2.7000000000000015 
43.90428768937319, 15.737611694297923, 0.0, -0.8037459838975558, 2.7000000000000015 
60.03532233883395, 61.1924341556395, 0.0, 5.976007015938086, 2.5000000000000013 
4.239966084151094, 40.358029563504175, 0.0, 0.0, 1.0 
30.124056772984108, 21.464480698778463, 0.0, 0.46559935397214774, 1.4000000000000004 
47.29495912671821, 5.849882267555482, 0.0, 4.535047137000499, 2.7000000000000015 
59.78502513458884, 22.715260826303954, 0.0, -0.7564027637569419, 2.7000000000000015 
7.361263163784944, 30.44818793270096, 0.0, 0.0, 1.0 
47.37418777659151, 58.0484305654319, 0.0, 0.0, 1.0 
9.00840399208813, 36.58732010886027, 0.0, 0.0, 1.0 
40.71835214186896, 5.2459708898560615, 0.0, -1.4893735975483517, 2.7000000000000015 
59.49370903538774, 46.61650581123355, 0.0, 0.0, 1.0 
47.55312247029517, 32.429925630166295, 0.0, 5.170247153726819, 2.7000000000000015 
43.23327124178486, 11.435751339116532, 0.0, 5.792055420815676, 2.7000000000000015 
57.53873769499235, 62.091761809158946, 0.0, 5.983164861896741, 2.7000000000000015 
45.049596642893, 0.36952278517320625, 0.0, -1.2198786767421719, 2.7000000000000015 
20.43853615234364, 34.46845426812256, 0.0, 2.5924212976216525, 1.8000000000000007 
17.051311431110005, 49.3336083013772, 0.0, 0.0, 1.0 
19.967229580007082, 26.735005849554348, 0.0, 3.5355225401124453, 1.7000000000000006 
2.956365672191092, 22.894554281500973, 0.0, 0.21950441136708104, 1.1 
12.304647482311777, 43.51287591089926, 0.0, 0.0, 1.0 
38.60921621156429, 16.54416583556234, 0.0, 5.110768222261058, 1.4000000000000004 
26.43920708582648, 12.722912077815188, 0.0, 6.94706166033739, 2.7000000000000015 
26.878981021902224, 25.22792099817793, 0.0, 0.33006591301117033, 2.7000000000000015 
59.60013743425301, 55.966204065325535, 0.0, 6.517857326568181, 2.6000000000000014 
8.392642652239662, 23.859286962871863, 0.0, 0.0, 1.0 
12.509288083309666, 38.41710789581523, 0.0, 0.0, 1.0 
42.06439250333351, 26.211842841195423, 0.0, 3.323759553728994, 2.7000000000000015 
56.84031749042386, 31.85333378938332, 0.0, 0.0, 1.0 
26.82648312563615, 52.18129818400204, 0.0, -0.19156292562467622, 2.7000000000000015 
30.899046560066193, 30.513269695342224, 0.0, -0.17756487045843847, 2.7000000000000015 
35.77119289616579, 50.46038359822798, 0.0, -0.5169774848639799, 2.5000000000000013 
51.25858651480878, 44.94019022162, 0.0, 6.458531578271849, 2.7000000000000015 
59.05667430345849, 40.16513237565512, 0.0, 7.460647584499408, 2.7000000000000015 
45.75167061339322, 15.455489805039312, 0.0, 4.691858650170039, 2.7000000000000015 
25.938231308765417, 63.05488668228422, 0.0, 5.724064098165858, 2.7000000000000015 
48.398855063056374, 26.75355057552384, 0.0, 4.163476660729381, 2.7000000000000015 
10.123333214815242, 54.62457614754429, 0.0, 4.543699513498509, 2.5000000000000013 
63.00977390817824, 45.65850662082272, 0.0, 0.0, 1.0 
35.90782213872239, 56.727181056883026, 0.0, 5.331745945702088, 2.7000000000000015 
4.903058113317217, 50.5069979386014, 0.0, 1.6021166413979777, 2.5000000000000013 
26.19534157792802, 40.73927139049442, 0.0, 0.0, 1.0 
46.49548394087359, 48.303689457819345, 0.0, 0.15762701994794034, 2.7000000000000015 
0.7194514159323301, 41.02343251565041, 0.0, 0.0, 1.0 
35.93781633681177, 39.12787556175607, 0.0, 0.0, 1.0 
38.38347226196506, 26.918412030793412, 0.0, 0.0, 1.0 
18.52869707960686, 51.77283909620111, 0.0, 0.9143342092710729, 2.7000000000000015 
61.25370522262507, 14.749247633616068, 0.0, 4.099168028977753, 2.7000000000000015 
53.372418664306224, 6.222635769122268, 0.0, 4.508497110001687, 2.6000000000000014 
44.450299815385584, 3.551944777026637, 0.0, -1.390491533747819, 2.7000000000000015 
16.336085687001706, 39.794250886001464, 0.0, 0.0, 1.0 
28.02235626174809, 50.93130350800423, 0.0, 0.07680563395962851, 2.6000000000000014 
17.23000038757232, 33.36345689084591, 0.0, 0.0, 1.0 
54.93787845907852, 12.949330836502904, 0.0, 4.7087051734960115, 2.7000000000000015 
5.812277832284202, 11.435760968241222, 0.0, 3.8511412443079, 2.7000000000000015 
46.03109907231933, 2.773029029734459, 0.0, 0.0, 1.0 
6.484853340186579, 54.78195664733829, 0.0, 0.0, 1.0 
51.99504514608717, 0.022830349426469332, 0.0, 4.174739245771791, 2.7000000000000015 
18.57922637472955, 1.7428794286226903, 0.0, 4.986921437664635, 2.7000000000000015 
16.566823423646152, 58.49649010777574, 0.0, 0.0, 1.0 
24.4990608235108, 31.54844719988764, 0.0, 0.0, 1.0 
62.03712244530488, 40.4155243183649, 0.0, 0.0, 1.0 
58.94177010022363, 30.244058054852037, 0.0, 2.268309249228233, 2.7000000000000015 
23.41452604276646, 38.90753978913146, 0.0, 0.0, 1.0 
20.280507487665197, 32.70263428905434, 0.0, 0.0, 1.0 
56.2141957113017, 50.167811219761376, 0.0, 6.320032052075014, 2.7000000000000015 
59.19219192900776, 7.5230466884022205, 0.0, 4.426767293060923, 2.7000000000000015 
10.39380560935262, 59.421598268953225, 0.0, 5.388477046669111, 2.7000000000000015 
27.65876671826589, 0.04688740518464054, 0.0, 5.434016632729579, 2.7000000000000015 
39.18110872717197, 4.648430293170851, 0.0, 5.608571273082885, 2.7000000000000015 
38.967831948988305, 45.19022653278425, 0.0, 0.0, 1.0 
52.27195329569286, 13.742634567945707, 0.0, 5.136537305378061, 2.7000000000000015 
46.14002071856507, 23.11135319063109, 0.0, 5.954373800033416, 2.7000000000000015 
17.16581406729538, 44.25777583526845, 0.0, 0.0, 1.0 
13.969434302773692, 57.83487412808992, 0.0, 4.525561220007862, 2.7000000000000015 
11.372526896677863, 30.550042932450154, 0.0, 0.0, 1.0 
51.745776854468026, 23.63047349291352, 0.0, 2.3571281044940617, 2.7000000000000015 
50.93250637527015, 13.643481156794847, 0.0, 5.049740325565593, 2.7000000000000015 
56.779028995839745, 57.97453932652635, 0.0, 6.393190899749512, 2.7000000000000015 
0.4112357850193226, 39.037868425352464, 0.0, 0.0, 1.0 
41.1752629897383, 13.354308966077573, 0.0, -0.49596463058951545, 2.7000000000000015 
55.38789716167669, 26.144589224440637, 0.0, 1.832469110207405, 2.7000000000000015 
15.120382877200853, 59.625880096783206, 0.0, 4.9545985761879505, 2.7000000000000015 
48.67189479488589, 21.220438573900214, 0.0, 5.171393284983612, 2.7000000000000015 
37.47208999992607, 28.69686143142477, 0.0, 6.60867240571098, 2.7000000000000015 
8.014736118442405, 46.58927985648455, 0.0, -0.9250103252540495, 2.7000000000000015 
46.34289724734494, 21.59794264727942, 0.0, -0.06332407262844159, 1.9000000000000008 
13.095806288066143, 51.15510819087229, 0.0, 0.0, 1.0 
19.018363794551576, 22.71522290540666, 0.0, 4.845369910957089, 2.000000000000001 
58.904206418498084, 52.676314690563615, 0.0, 6.656880799074979, 2.7000000000000015 
13.582902016089268, 36.99644478028479, 0.0, 0.0, 1.0 
17.397641004232568, 35.0622203467183, 0.0, 3.355086351106174, 2.6000000000000014 
40.078176789278274, 29.569282668894257, 0.0, 0.0, 1.0 
16.61189012104504, 31.488711565734658, 0.0, 0.0, 1.0 
16.09394994523538, 18.154677262191523, 0.0, 0.6380718372563003, 2.7000000000000015 
58.80906072500162, 50.66462378379108, 0.0, 0.45728879235520964, 2.7000000000000015 
59.08561315337452, 18.001577787260235, 0.0, 3.855156225342606, 2.7000000000000015 
62.683551171777886, 47.99584515624623, 0.0, 0.0, 1.0 
13.398026686317973, 4.6475041118829985, 0.0, 5.329215190988989, 2.000000000000001 
55.67558734526625, 56.693490483270836, 0.0, 0.0, 1.0 
14.089053729638302, 49.88402990813004, 0.0, 0.629542957100561, 1.2000000000000002 
57.14072931086633, 20.92010589363379, 0.0, 6.254048346986618, 2.7000000000000015 
21.374047153050217, 42.32486415857876, 0.0, 0.0, 1.0 
14.627310598929933, 25.92960649860624, 0.0, 4.1528266834385255, 2.100000000000001 
43.397419934078734, 30.147821750489754, 0.0, 4.324203282288266, 2.7000000000000015 
53.333956745444965, 30.126620579361912, 0.0, 0.0, 1.0 
5.376016764944807, 5.441860260997371, 0.0, 6.248734885772191, 2.7000000000000015 
32.57522581158261, 46.41202482284983, 0.0, 0.0, 1.0 
14.256491052153278, 28.401252832930822, 0.0, 0.0, 1.0 
22.36013327832428, 40.62401007187763, 0.0, 0.0, 1.0 
9.345612478839655, 30.807256701643173, 0.0, 0.0, 1.0 
14.60270878821537, 46.51626388177147, 0.0, 0.0, 1.0 
25.38275547892852, 26.33069471817567, 0.0, 6.728478992606865, 2.7000000000000015 
11.760204238373598, 7.241412102931511, 0.0, 5.403999513913279, 2.7000000000000015 
56.977275826880714, 53.150338764934, 0.0, 0.04193202441534638, 2.7000000000000015 
41.97444761657445, 7.050910769135475, 0.0, 0.0, 1.0 
2.3601004614413528, 46.2001443588028, 0.0, 0.0, 1.0 
37.6498807688045, 32.58892545507585, 0.0, 1.1726304535850132, 2.7000000000000015 
15.906891794325052, 45.351366554536966, 0.0, 0.0, 1.0 
12.237090590444112, 28.709206098324085, 0.0, 0.0, 1.0 
34.879565294727364, 23.117299484604565, 0.0, 0.9888863381313274, 2.7000000000000015 
49.15024210837491, 10.96270063207461, 0.0, 4.466163973678335, 2.7000000000000015 
27.432062238084942, 45.82926700471087, 0.0, 0.0, 1.0 
56.40297240218718, 51.8397742463485, 0.0, 6.408436651354024, 1.9000000000000008 
60.69206832365586, 6.993359329305332, 0.0, 0.0, 1.0 
48.868382748895776, 13.461756821248656, 0.0, 4.575953111014712, 2.7000000000000015 
7.67337846899809, 3.576942889346206, 0.0, 5.086066866078642, 2.7000000000000015 
5.490210064361762, 29.655423569315825, 0.0, 0.0, 1.0 
51.14848496754612, 47.49617910947453, 0.0, 0.3708842431845745, 2.7000000000000015 
62.508548526466676, 24.057733063718327, 0.0, 0.0, 1.0 
32.900709591454614, 51.30897425220864, 0.0, -0.2901833055524825, 2.4000000000000012 
53.55843007184186, 13.86069159822511, 0.0, 5.084007642396777, 2.6000000000000014 
16.637407367331953, 36.34216957022153, 0.0, 0.0, 1.0 
4.237370037666722, 46.84506381017962, 0.0, 0.0, 1.0 
49.99745746377513, 33.36304324262335, 0.0, 5.076275900698484, 2.7000000000000015 
43.342530083320646, 9.880497927257824, 0.0, -0.7740940622273046, 2.000000000000001 
29.852864836931104, 26.582549111163804, 0.0, 0.606388758623123, 2.7000000000000015 
12.897837129832043, 22.694992720792662, 0.0, 5.000811206534295, 1.3000000000000003 
39.62829166551397, 26.057940194538855, 0.0, 3.723493510318502, 2.300000000000001 
28.51735892173615, 32.31446393440163, 0.0, 0.0, 1.0 
52.74717346315113, 35.43216650705791, 0.0, 0.0, 1.0 
31.395009434363136, 13.739034453768898, 0.0, 1.0725606786309303, 2.7000000000000015 
32.10203421118923, 54.6787117238909, 0.0, 5.458599272036798, 2.7000000000000015 
61.20548572307902, 10.025709864736298, 0.0, 3.8303755325979387, 2.7000000000000015 
37.66934574334898, 47.48638421341444, 0.0, 0.21238068351415257, 2.5000000000000013 
47.02585774497725, 37.932993932908104, 0.0, 3.407151514280581, 1.6000000000000005 
8.4864589515504, 5.184637320762129, 0.0, 5.824751241365041, 2.7000000000000015 
50.67768576407742, 53.17170128857002, 0.0, 6.28295693040436, 2.7000000000000015 
0.6880158885665274, 31.789454755819794, 0.0, 0.0, 1.0 
32.58070418261085, 24.364666290988044, 0.0, 0.0, 1.0 
56.297119504153414, 28.01262571157714, 0.0, 0.0, 1.0 
58.20167709911361, 1.496069620153355, 0.0, 0.0, 1.0 
46.7912555670486, 39.723295766512585, 0.0, 3.5034781486666566, 1.4000000000000004 
57.98460724993667, 5.934235895140291, 0.0, 4.824857386421334, 2.200000000000001 
37.154095173788726, 6.993606896441238, 0.0, -0.7093861705407373, 2.7000000000000015 
47.91483687663603, 8.995007311259448, 0.0, -1.7938683908536022, 2.7000000000000015 
13.594538609128763, 42.31531709631741, 0.0, 0.0, 1.0 
21.638097645139464, 52.16775693457978, 0.0, 0.0, 1.0 
13.056059577108869, 26.71638468299792, 0.0, 0.0, 1.0 
2.4295014676841493, 14.363779801909303, 0.0, 2.5404485088036957, 2.7000000000000015 
54.41385696599566, 8.199759445301074, 0.0, 4.7543363528541995, 2.6000000000000014 
62.5094817920568, 17.7487334072362, 0.0, 0.633439853040856, 2.7000000000000015 
10.739538618094794, 34.62804362143792, 0.0, 2.179736647179129, 1.1 
55.02858208491728, 18.354119980115584, 0.0, 4.013816453926361, 2.7000000000000015 
1.5181942872940766, 60.208589458113735, 0.0, 7.0271640127969, 2.6000000000000014 
10.57524064699855, 37.77594520705851, 0.0, 0.0, 1.0 
45.89166627295004, 0.7399762125154897, 0.0, 5.148909406137221, 2.7000000000000015 
28.111209415040936, 53.16762194824376, 0.0, 6.22056834167215, 2.5000000000000013 
15.412736785370557, 53.87455106594514, 0.0, 0.0, 1.0 
53.72059523836312, 53.210325363134345, 0.0, 0.10511147075687735, 2.7000000000000015 
56.5024839775122, 14.71104225675259, 0.0, 3.082798027100464, 2.5000000000000013 
16.48723617101667, 47.33675639645812, 0.0, 0.0, 1.0 
44.99555073541038, 45.08396218858178, 0.0, 0.0, 1.0 
11.446300647417633, 5.653790470208179, 0.0, 5.374939859239051, 2.200000000000001 
17.10403696309564, 26.301901563726073, 0.0, 3.2383359099143227, 2.200000000000001 
4.920595325954103, 61.34909277613921, 0.0, 0.9910335983974408, 2.7000000000000015 
61.78480172631024, 5.425985809231827, 0.0, 0.0, 1.0 
14.590892188579673, 31.836055129869848, 0.0, 0.0, 1.0 
9.015848459397105, 0.5897318802387423, 0.0, 5.3228034886426965, 2.7000000000000015 
48.55041954585587, 36.53221857464934, 0.0, 4.4692596852798, 1.8000000000000007 
4.410952901571344, 11.924195902941635, 0.0, 3.8068005276986936, 2.7000000000000015 
44.234147782030476, 17.24614416927823, 0.0, 5.204548200156626, 2.7000000000000015 
9.030867342708397, 59.6190224584326, 0.0, -0.8058833168507757, 2.7000000000000015 
60.97935167932821, 23.371481976232594, 0.0, 5.225033919126107, 2.300000000000001 
6.520326633427021, 42.78468745574088, 0.0, 0.0, 1.0 
61.88462176707197, 62.45278541014711, 0.0, 5.8911730147042105, 2.7000000000000015 
41.15852591017169, 62.6823051168084, 0.0, 5.646918961292725, 2.200000000000001 
30.9466319481049, 52.75250170958353, 0.0, -0.3869289255226291, 2.7000000000000015 
11.250937848807608, 54.48200290422575, 0.0, -2.085005020718989, 2.7000000000000015 
40.503667881769196, 41.64444926434733, 0.0, 0.0, 1.0 
58.1438229779895, 45.1781038016461, 0.0, 0.0, 1.0 
42.47793418016914, 41.31875895762728, 0.0, 0.0, 1.0 
33.14607173714974, 41.362592863752774, 0.0, 0.0, 1.0 
60.469963298730825, 59.722937611593906, 0.0, 6.39720745761913, 2.7000000000000015 
18.348693237471032, 43.15262616156802, 0.0, 0.0, 1.0 
57.126388837758064, 39.44531144793864, 0.0, 0.0, 1.0 
39.14634007011125, 19.026164365627288, 0.0, 0.0481986478418752, 1.1 
39.04010825215383, 57.406099782621, 0.0, 0.0, 1.0 
56.87154073635884, 7.270954730048488, 0.0, 4.5131738862817015, 1.9000000000000008 
24.404662231063188, 27.63094491692489, 0.0, 0.0, 1.0 
8.867866670444304, 17.754223564049664, 0.0, 3.7581236348106537, 2.7000000000000015 
24.329524015384766, 40.64361466737853, 0.0, 0.0, 1.0 
14.980951021117269, 4.506360641628167, 0.0, -1.305401670739306, 2.7000000000000015 
61.458496466361964, 1.2206845884678883, 0.0, 0.0, 1.0 
32.19582247420708, 27.390637827484966, 0.0, 0.7945099354713205, 2.6000000000000014 
28.789434803533545, 38.19128363033742, 0.0, 0.0, 1.0 
59.239303072534064, 42.43764271487107, 0.0, 4.068831180354401, 2.7000000000000015 
8.242850974853095, 61.73703648403217, 0.0, -0.8546413005360801, 2.7000000000000015 
52.313907608354626, 42.56831338026801, 0.0, 0.0, 1.0 
0.19240042318586487, 11.789312868083938, 0.0, 5.294689763527762, 2.7000000000000015 
52.99975461493384, 50.81226389366524, 0.0, 6.050457663596787, 2.7000000000000015 
49.413921538431964, 16.807758499055765, 0.0, 4.406692083322383, 2.7000000000000015 
35.69509427505043, 22.081383696565627, 0.0, 1.04415920056912, 2.7000000000000015 
60.88223758174519, 48.05510994591233, 0.0, 0.0, 1.0 
55.01045826909342, 51.13492955153353, 0.0, 6.1297593233841745, 2.6000000000000014 
47.85906144930652, 28.36427073095145, 0.0, 4.320992916416666, 2.7000000000000015 
40.19374868109289, 61.523911466305236, 0.0, 0.0, 1.0 
47.78979915529797, 11.519945285403159, 0.0, 4.707820486680199, 2.7000000000000015 
5.811920951671459, 39.11952270368063, 0.0, 0.0, 1.0 
57.35257424077216, 46.482477016042694, 0.0, 0.0, 1.0 
34.59216414382214, 34.00125795050834, 0.0, 2.271303283705176, 1.1 
9.686937307641315, 52.08570771112397, 0.0, 4.8334804645025145, 2.7000000000000015 
57.69126364223938, 57.16628450985041, 0.0, 0.0, 1.0 
19.398626220974155, 49.919122162460205, 0.0, 0.0, 1.0 
33.345755640918725, 16.24459153927441, 0.0, 7.326789195715555, 2.7000000000000015 
40.90346999001301, 33.79475160259729, 0.0, 4.347990619433946, 2.5000000000000013 
28.46456488216818, 36.222815692127284, 0.0, 6.202097752697625, 1.1 
30.525016952818895, 32.41735508329441, 0.0, 5.034687846547855, 1.1 
18.561370615405824, 55.96592350345044, 0.0, 0.0, 1.0 
39.52296871724187, 8.038653069562484, 0.0, 5.687977236089761, 2.7000000000000015 
20.481074500246457, 37.33883625677693, 0.0, 0.0, 1.0 
19.986038970470492, 58.3223920904255, 0.0, -0.2574144059980375, 2.7000000000000015 
62.81278542980567, 21.9467719929026, 0.0, 0.6469470284528858, 1.9000000000000008 
23.29653017849259, 45.99616065915839, 0.0, 0.0, 1.0 
59.97110733076239, 10.586494753922997, 0.0, 4.196534376532229, 2.7000000000000015 
17.961267070389226, 16.441867526484824, 0.0, 1.200134901243205, 2.7000000000000015 
6.186866387574856, 58.052540672885016, 0.0, 1.0423277811178273, 2.6000000000000014 
47.80060707475196, 16.34459522359271, 0.0, 5.174480539271094, 2.7000000000000015 
61.37565130218592, 30.64225814908576, 0.0, 4.097240319951191, 2.000000000000001 
4.708184037701158, 17.211945785444854, 0.0, 1.6365540725135292, 2.200000000000001 
41.78857203048766, 43.253781946150326, 0.0, 0.0, 1.0 
32.51925050151774, 49.3531107490142, 0.0, -0.1811121461084642, 2.5000000000000013 
52.16661512217555, 59.87478407463938, 0.0, 0.04155151918701037, 2.7000000000000015 
5.31631382879283, 8.068600195351111, 0.0, 4.493408525111403, 2.7000000000000015 
30.66701522809933, 38.11201814735149, 0.0, 0.0, 1.0 
62.64137166127528, 35.17366301406343, 0.0, 0.0, 1.0 
54.84241022435708, 31.93905055916935, 0.0, 4.64339957325031, 1.1 
3.055341460716894, 16.57583479283549, 0.0, 0.0, 1.0 
55.15422585635837, 4.705910322239187, 0.0, 4.073843024945175, 2.5000000000000013 
3.832145339888246, 48.07912385331797, 0.0, 0.46439758439175316, 2.6000000000000014 
54.805091313405356, 59.96582791222143, 0.0, 6.166742437720414, 2.7000000000000015 
43.434293088076, 20.287054655110005, 0.0, 4.6079834273900016, 2.7000000000000015 
55.56897174296976, 6.917346141502888, 0.0, 4.28824827209863, 2.7000000000000015 
24.076529949078974, 54.33185050270515, 0.0, 0.1431290059723428, 2.7000000000000015 
21.8802430619193, 19.76299245979187, 0.0, 2.6271899867438013, 2.7000000000000015 
21.84436631573123, 31.961227265566976, 0.0, 0.0, 1.0 
50.61054177241652, 61.46412521979598, 0.0, 4.433017073485525, 2.7000000000000015 
30.574658759521846, 46.90780798741546, 0.0, 0.0, 1.0 
30.01911056092641, 61.96761634152212, 0.0, 5.529834671170016, 2.7000000000000015 
42.29796061788173, 58.968430411833886, 0.0, 0.0, 1.0 
3.8431892467903817, 45.19765606275653, 0.0, 0.0, 1.0 
1.8903986663327346, 56.335310485420536, 0.0, 0.9050580873160884, 2.7000000000000015 
46.30029823381583, 29.049333950880833, 0.0, 0.0, 1.0 
22.295251399632768, 44.19518988237786, 0.0, 0.0, 1.0 
43.73252499633674, 43.07453909811564, 0.0, 0.0, 1.0 
36.2049012281676, 5.963556224338795, 0.0, -0.3078562930886138, 2.7000000000000015 
5.894375763036804, 18.723827505791924, 0.0, 0.0, 1.0 
42.409113477558144, 25.04380568512328, 0.0, 2.965639385760381, 2.7000000000000015 
1.8833951711669403, 50.080495496103886, 0.0, 0.0, 1.0 
19.09857062614402, 45.025450272850875, 0.0, 0.0, 1.0 
29.46643557798299, 45.4655325303018, 0.0, 0.0, 1.0 
45.75184472407972, 51.73362964990882, 0.0, -0.31387845842191336, 2.7000000000000015 
3.515023931410699, 54.238616483420216, 0.0, 0.0, 1.0 
26.122963802532116, 53.926973278815495, 0.0, 6.708805099694655, 2.7000000000000015 
58.86880845256949, 31.966070497636323, 0.0, 2.43228837447097, 2.000000000000001 
15.739913901286283, 29.74652904325433, 0.0, 0.0, 1.0 
7.600565905524263, 49.00193065042429, 0.0, 0.0, 1.0 
42.96562879254164, 44.9498467218686, 0.0, 0.0, 1.0 
51.64681560123047, 58.98081061750934, 0.0, 0.09495331824548792, 2.7000000000000015 
1.2985061071188404, 23.934429122765007, 0.0, 4.292462919119, 1.2000000000000002 
18.446396526674498, 48.13348887980122, 0.0, 0.0, 1.0 
58.09453458568214, 54.148034756044744, 0.0, 0.16174875008948483, 2.7000000000000015 
52.214045707485475, 56.57831062914837, 0.0, 0.0, 1.0 
28.77947061623287, 54.314578074470774, 0.0, 6.03790438285402, 2.7000000000000015 
31.14610571042166, 41.63596058873067, 0.0, 0.0, 1.0 
31.90274823778908, 39.75701442258953, 0.0, 0.0, 1.0 
2.6365194382330777, 60.1149366253407, 0.0, 0.7119084601313256, 2.7000000000000015 
34.233355046393356, 55.31713734462224, 0.0, 5.465758587253501, 2.7000000000000015 
50.682099059622104, 5.6917774522172575, 0.0, 4.523662890706291, 2.7000000000000015 
26.57090218262782, 47.63715154914932, 0.0, 0.0, 1.0 
46.579651809372585, 36.13394366537889, 0.0, 3.3025501912591633, 1.2000000000000002 
5.784313086133998, 46.01479616250825, 0.0, 0.0, 1.0 
14.77990249390751, 55.49745568167684, 0.0, 0.0, 1.0 
49.388810928268086, 48.703017489350536, 0.0, 6.478966039130889, 2.7000000000000015 
30.743812930400132, 54.40137015182466, 0.0, -0.6880303849863059, 2.4000000000000012 
47.848238506325195, 49.41176914213375, 0.0, 6.391916999997244, 2.7000000000000015 
47.22364432172776, 44.86227628529488, 0.0, 0.0, 1.0 
50.37625336146905, 0.928734733002275, 0.0, 4.4368117628085715, 2.7000000000000015 
62.22765386456982, 59.56797270628877, 0.0, 0.30695497774010233, 2.7000000000000015 
51.700567744693004, 33.70271956941083, 0.0, 0.0, 1.0 
5.138970811923671, 3.0951089003309673, 0.0, 5.5169121413661415, 2.7000000000000015 
2.756459562200166, 0.9078617501669319, 0.0, 0.0, 1.0 
48.9518312209357, 5.666091488814587, 0.0, -1.87455312290936, 2.7000000000000015 
29.42049063755806, 59.410200135805795, 0.0, 5.923414767742432, 2.7000000000000015 
49.49073400158808, 8.672931728031969, 0.0, 4.567287947186891, 2.7000000000000015 
45.24837998037337, 8.983366284082065, 0.0, 5.314845410013188, 2.7000000000000015 
53.117368607386126, 62.99716710354885, 0.0, 4.033389507886768, 2.7000000000000015 
39.197305971193586, 32.232541568085324, 0.0, 0.0, 1.0 
