position_x,position_y,position_z,orientation,aspect_ratio
21.971222350159984, 35.035690760230494, 0.0, 0.0, 1.0 
3.6226487258571405, 51.61836255864252, 0.0, 0.0, 1.0 
29.400038766297907, 44.18191989754638, 0.0, 0.0, 1.0 
19.294719086523678, 42.174498282962375, 0.0, -0.003086286739696036, 2.7000000000000015 
54.986320428026275, 27.879070757657875, 0.0, 1.044948926966374, 2.7000000000000015 
23.900435857004496, 61.32947786025242, 0.0, 0.0, 1.0 
29.447996583754932, 61.88731717384521, 0.0, 4.4025269708215164, 2.7000000000000015 
18.067584226150036, 39.771785522492706, 0.0, 0.2831903771971287, 2.7000000000000015 
58.12836217639239, 7.597603986278033, 0.0, 0.0, 1.0 
30.84213775577872, 8.695332650216598, 0.0, 3.8830146424329794, 2.7000000000000015 
10.783461889253473, 21.5370439570015, 0.0, 0.6121304141338275, 2.4000000000000012 
2.354304749343895, 39.08419622730135, 0.0, 0.09706048112757547, 2.7000000000000015 
26.757794432809753, 13.937063332134482, 0.0, 4.5009817469244195, 2.5000000000000013 
0.06872212404293958, 6.698511807236564, 0.0, 0.9522990610503752, 1.1 
37.57261358010851, 2.566962078933133, 0.0, 0.0, 1.0 
28.32151568416602, 34.120947157792436, 0.0, 0.0, 1.0 
56.97243792563376, 16.578431907789042, 0.0, 1.9495266665691056, 1.1 
22.405765342142942, 38.17967096094347, 0.0, 0.0955369992532067, 2.4000000000000012 
30.254781148981667, 9.949058264201517, 0.0, 4.111478647489069, 2.7000000000000015 
42.413405856789616, 44.724543686354465, 0.0, 3.382499885193764, 2.7000000000000015 
57.00133046339085, 2.6484607590175746, 0.0, 2.468197717607258, 2.7000000000000015 
21.650666513122257, 12.97283738338121, 0.0, 0.0, 1.0 
28.98275309183895, 14.954273346992522, 0.0, 4.603110357160805, 2.7000000000000015 
1.9430139398679862, 29.30006204296933, 0.0, 6.360925961001094, 2.7000000000000015 
31.159031244980387, 61.94577521832349, 0.0, 4.344724547485916, 2.7000000000000015 
33.54916153702628, 38.79927089334801, 0.0, 5.139361616879036, 2.7000000000000015 
22.84453676724634, 56.65472731530117, 0.0, 2.620188213532661, 1.8000000000000007 
28.48191968804392, 0.5893603579547381, 0.0, 4.4456404450627085, 2.7000000000000015 
0.2733222579674523, 45.93937653875116, 0.0, 1.4708028314605879, 2.7000000000000015 
50.984633828804384, 4.386135935365863, 0.0, 4.630638949763382, 1.1 
10.702732915274318, 43.80479982044049, 0.0, 0.09189107881322622, 2.7000000000000015 
23.001438879940782, 53.05661588784698, 0.0, 0.0, 1.0 
36.04604084265486, 10.884402387669748, 0.0, 0.0, 1.0 
32.84553270051762, 0.38862324425356665, 0.0, 0.0, 1.0 
49.15048493064387, 1.6010910432154652, 0.0, 2.803978066839283, 1.1 
40.113011010087405, 6.262061898357858, 0.0, 0.0, 1.0 
14.774635625920649, 44.248181550977385, 0.0, 0.7930662112183978, 2.7000000000000015 
34.71061280597648, 42.199028964781384, 0.0, -1.5880115378721826, 2.7000000000000015 
27.847726954682393, 39.02033450937581, 0.0, 0.4584462228729316, 2.7000000000000015 
37.14059860047892, 60.3461166961551, 0.0, 0.0, 1.0 
62.06877647866492, 4.815180345569712, 0.0, 0.0, 1.0 
7.030764134313842, 38.13032717869689, 0.0, 4.013973104256154, 2.7000000000000015 
32.75748879155862, 38.296351484323694, 0.0, 5.200420969501378, 2.6000000000000014 
49.36606007675498, 54.740478147653945, 0.0, 3.6261686699276314, 2.7000000000000015 
30.10158559981763, 21.066619330525356, 0.0, 0.0, 1.0 
34.74042868505708, 7.464233493653009, 0.0, 0.0, 1.0 
47.264482071264744, 25.347626526768483, 0.0, 0.0, 1.0 
47.22702509752923, 19.12952941131382, 0.0, 0.7280529050460312, 2.100000000000001 
56.20609837940663, 42.16649010756144, 0.0, 2.2367700344534387, 2.4000000000000012 
38.70922341071516, 0.9229400281684645, 0.0, 0.0, 1.0 
18.625786810766417, 8.933120178736694, 0.0, 0.0, 1.0 
27.481285473422098, 41.055609171463104, 0.0, 6.217923356124893, 2.7000000000000015 
4.137523146936268, 7.258836209213838, 0.0, 0.0, 1.0 
61.21326948357463, 33.880053826342376, 0.0, 2.3253503108113796, 2.7000000000000015 
59.38014783030619, 21.679707459802867, 0.0, 3.29788879778661, 1.1 
28.735747497633316, 7.864632139832081, 0.0, 4.1412990602920265, 2.7000000000000015 
58.18528545545674, 37.1216703933784, 0.0, 2.329549080511308, 2.7000000000000015 
56.71460956501772, 9.120741092722714, 0.0, 0.0, 1.0 
34.177553544953774, 12.444172929736737, 0.0, 4.02532093844521, 2.7000000000000015 
31.190241873730166, 38.42524140419666, 0.0, 0.0, 1.0 
63.05444122498396, 55.597785437706186, 0.0, 4.8865716993743105, 2.7000000000000015 
20.474224050093092, 27.25022073448776, 0.0, 3.520302474991324, 1.1 
3.2117142388698063, 31.62110070664346, 0.0, 2.989898842661137, 2.7000000000000015 
48.277731134021025, 49.57417324009106, 0.0, 3.9310319230952744, 2.7000000000000015 
25.20138960365626, 53.483036650548414, 0.0, 0.0, 1.0 
62.62986243346485, 38.36457278516292, 0.0, 2.924778860971764, 2.7000000000000015 
23.871867110576577, 5.291306338564097, 0.0, 0.0, 1.0 
35.915935596011494, 17.60821911622023, 0.0, 3.9289211639712285, 2.7000000000000015 
25.419550436302067, 24.2333093297071, 0.0, 0.0, 1.0 
50.04041939459368, 7.9950208659189315, 0.0, 0.0, 1.0 
23.829297668134664, 7.100616298042181, 0.0, 0.0, 1.0 
41.18404447538088, 18.849136097805424, 0.0, 0.0, 1.0 
25.76529130773902, 57.0216337487693, 0.0, 5.189105270720449, 2.7000000000000015 
57.32346603668144, 11.190167858878233, 0.0, 1.1062372563310239, 1.1 
62.79783297012186, 58.91620341192477, 0.0, 3.5041955205012316, 2.7000000000000015 
15.685636856270348, 4.013995207102682, 0.0, 0.0, 1.0 
36.650855081255536, 52.03810363292745, 0.0, 0.0, 1.0 
14.043607201465475, 11.350978792709022, 0.0, 0.0, 1.0 
62.62283876288031, 60.182370720682805, 0.0, 3.5804932049069196, 2.7000000000000015 
21.909117605697237, 15.740639352502754, 0.0, 0.0, 1.0 
29.625205280180555, 12.515907146542519, 0.0, 4.08900423968705, 2.7000000000000015 
40.34900126997264, 11.500389983032536, 0.0, 0.0, 1.0 
50.99463662159735, 26.236523411822944, 0.0, 4.0450996304262645, 2.7000000000000015 
38.55026311596494, 37.42399832505167, 0.0, 4.632015401823771, 2.7000000000000015 
2.1774225971136345, 49.98989972696207, 0.0, 0.0, 1.0 
29.225372607344546, 32.311301742782106, 0.0, 0.0, 1.0 
36.255383784097084, 19.684398829695457, 0.0, 4.225881599518242, 2.7000000000000015 
24.060729603774753, 22.90361697266154, 0.0, 0.0, 1.0 
16.904136394173207, 20.064195837812456, 0.0, 2.6806544689782488, 2.300000000000001 
24.22559192584034, 27.690910684313007, 0.0, 0.0, 1.0 
63.00249068294939, 35.28706857458149, 0.0, 2.506411923642223, 2.7000000000000015 
49.41669700279926, 22.17398364356977, 0.0, 0.0, 1.0 
5.226723307638327, 14.751039182045817, 0.0, 0.0, 1.0 
48.931940054623475, 60.77784811742676, 0.0, 6.777412167607819, 2.7000000000000015 
24.270908491024862, 15.623132906856595, 0.0, 0.0, 1.0 
6.846735110098756, 53.075959602777715, 0.0, 4.602300765064658, 1.7000000000000006 
62.01090201334841, 45.5275881952809, 0.0, 1.4545669573748243, 2.7000000000000015 
14.775007495491062, 22.803810956999207, 0.0, 1.4714125560143931, 2.7000000000000015 
32.85088889952062, 36.37854591600223, 0.0, 5.265502944160211, 2.7000000000000015 
35.11606087844221, 60.195559327731225, 0.0, 0.0, 1.0 
30.940764705738875, 44.33233227977294, 0.0, 0.0, 1.0 
19.944298525822404, 19.249393107090285, 0.0, 0.0, 1.0 
59.08405963333469, 52.28421329595532, 0.0, 2.326107403854039, 2.7000000000000015 
20.070026927409113, 61.11811347448355, 0.0, 0.0, 1.0 
51.020560382751114, 18.932776585296242, 0.0, 3.790152173119619, 1.3000000000000003 
39.52154252193827, 43.01816014489316, 0.0, 3.6192675681003754, 2.7000000000000015 
28.58829804276856, 25.019534532305382, 0.0, 0.0, 1.0 
33.01481806261666, 17.141605004374615, 0.0, 4.07366946076825, 2.7000000000000015 
41.1819969133807, 38.40269736880496, 0.0, 0.0, 1.0 
34.498264892365256, 25.328618821362152, 0.0, 4.394230510831436, 2.6000000000000014 
49.53179474406194, 33.01420682454227, 0.0, 0.0, 1.0 
10.214764044021416, 42.612455703579606, 0.0, 3.0942994788321347, 2.7000000000000015 
20.227166025265213, 48.452937247891334, 0.0, 0.0, 1.0 
15.10320064155473, 7.638994838511228, 0.0, 0.0, 1.0 
14.596860658615592, 49.569779936075946, 0.0, 0.0, 1.0 
49.13083014169237, 30.29658209873452, 0.0, 0.0, 1.0 
25.937928726377578, 22.464093196182443, 0.0, 0.0, 1.0 
27.794323030170553, 35.884533717064336, 0.0, 0.0, 1.0 
39.19229569867629, 12.993575567843035, 0.0, 0.0, 1.0 
20.261271552571802, 5.013454962200364, 0.0, 0.0, 1.0 
11.379115608058745, 50.7705790730579, 0.0, 0.0, 1.0 
44.07446153732483, 22.99552780839464, 0.0, 0.0, 1.0 
19.301032688206973, 2.0306301269173126, 0.0, 0.0, 1.0 
28.424998717047227, 48.812722352628576, 0.0, 3.1293073034981647, 2.7000000000000015 
3.8808328646788652, 16.38473861792826, 0.0, 0.0, 1.0 
58.057809484007194, 13.249836730165125, 0.0, 0.7614738278081341, 1.2000000000000002 
17.967982123398684, 1.0311293121247815, 0.0, 0.0, 1.0 
32.367419492812736, 61.492992009358, 0.0, 0.0, 1.0 
7.363413605487044, 29.53633693385644, 0.0, 1.5575585508065375, 2.6000000000000014 
30.75739766794811, 46.13750208896881, 0.0, 0.0, 1.0 
53.623940693290805, 28.1336011193069, 0.0, 3.9541440646384696, 2.7000000000000015 
44.962717281651244, 3.0871997395269455, 0.0, 0.0, 1.0 
60.08644844297207, 53.17209070809067, 0.0, 2.5925008348269474, 2.7000000000000015 
55.08227192197205, 16.021809857635397, 0.0, 0.0, 1.0 
6.521015925399474, 3.817375898423332, 0.0, 4.349496505705813, 1.3000000000000003 
7.601368834141668, 51.131211640386844, 0.0, 3.870372454568644, 1.5000000000000004 
25.14149082853185, 51.690764343821776, 0.0, 2.6935014140829443, 2.7000000000000015 
44.70884252990426, 48.4483671438543, 0.0, 4.300888517397673, 2.7000000000000015 
25.876382860653397, 36.54094557559598, 0.0, 0.0, 1.0 
33.41026098151807, 2.1068759875271437, 0.0, 0.0, 1.0 
25.43988559673549, 13.362141393635335, 0.0, 5.134372540296277, 2.000000000000001 
23.87643222610661, 39.264708078495566, 0.0, 0.006923893535893524, 2.7000000000000015 
27.486989810503065, 23.469276857280676, 0.0, 0.0, 1.0 
51.29679807350858, 38.1049142702481, 0.0, 0.8951824615028895, 2.7000000000000015 
29.09016212525277, 28.89407968045683, 0.0, 0.0, 1.0 
35.233190160456495, 22.129645927170426, 0.0, 4.32934374672887, 2.7000000000000015 
56.24841034835054, 7.120731083023901, 0.0, 0.0, 1.0 
38.1212399005035, 6.1627769304752515, 0.0, 0.0, 1.0 
39.50453253584946, 34.01237144246544, 0.0, 0.0, 1.0 
19.69069379955554, 0.003586740834026268, 0.0, 0.0, 1.0 
20.547967408751262, 39.08515769597014, 0.0, -0.0054041775312094805, 2.7000000000000015 
41.85191415320897, 61.391692453591546, 0.0, 2.989743847465585, 2.7000000000000015 
36.4278605734611, 58.66463213268501, 0.0, 0.0, 1.0 
55.79435971088525, 36.6955584824009, 0.0, 4.173760380178639, 2.7000000000000015 
40.48262086713337, 27.681025526803904, 0.0, 0.0, 1.0 
23.21685618453581, 21.555993960914428, 0.0, 0.0, 1.0 
59.37123112705111, 11.626256959678535, 0.0, 5.887662010880508, 1.1 
13.452916221775707, 16.67041091676843, 0.0, 0.8104098445976684, 1.4000000000000004 
7.364718842179934, 5.977886210385681, 0.0, 0.0, 1.0 
23.980051298035487, 31.643192115098458, 0.0, 0.0, 1.0 
37.559230450029254, 17.47194206629988, 0.0, 4.496228163141758, 2.7000000000000015 
35.11067448747259, 44.7848030752048, 0.0, 4.853969837448194, 1.7000000000000006 
39.45219975332843, 41.891248298027236, 0.0, 3.615957196518172, 2.7000000000000015 
35.92682429692577, 38.82155849892934, 0.0, 4.548680792591994, 2.7000000000000015 
58.06639106124453, 32.56401533038881, 0.0, 4.695287847954458, 1.1 
56.52961850044107, 35.436586982669084, 0.0, 4.305944633631611, 2.7000000000000015 
31.68004199547469, 31.909144691574856, 0.0, 5.07963762176025, 2.7000000000000015 
22.422719764671466, 26.510290981823353, 0.0, 0.0, 1.0 
40.80750778729095, 0.9058647396498599, 0.0, 0.0, 1.0 
41.217800352206744, 57.257151396285636, 0.0, 5.487061624107566, 2.100000000000001 
44.640445042192006, 34.34590502807674, 0.0, 0.0, 1.0 
55.31100726213896, 10.610267959441085, 0.0, 0.0, 1.0 
20.691285076555314, 46.16480863516663, 0.0, 2.1176221518776046, 1.2000000000000002 
52.68404651545259, 3.3320479485261036, 0.0, 0.0, 1.0 
24.134316398334683, 41.37016424507383, 0.0, 6.235725317786814, 2.7000000000000015 
0.1365824231180595, 40.12221335543683, 0.0, 1.3645565026167619, 1.2000000000000002 
62.03356274980819, 42.74092882632581, 0.0, 1.0188673884064818, 2.7000000000000015 
10.520911579329812, 22.93928546962024, 0.0, 6.760618963167929, 2.7000000000000015 
37.81858751901293, 22.45338086620577, 0.0, 4.317245089867903, 2.7000000000000015 
8.75265204680703, 0.3289841390390601, 0.0, 3.99920829064929, 1.2000000000000002 
30.136646201711237, 60.19877922563191, 0.0, 4.684443144602769, 2.7000000000000015 
28.183109386083014, 12.008551010130361, 0.0, 4.308752850229471, 2.7000000000000015 
16.092338624774364, 48.1258486887163, 0.0, 0.0, 1.0 
49.582303333558926, 11.33666163711681, 0.0, 0.0, 1.0 
25.760752804503664, 29.069430078714312, 0.0, 0.0, 1.0 
12.554875257232016, 46.95206599933725, 0.0, 0.0, 1.0 
21.049837512099074, 11.139576769931033, 0.0, 0.0, 1.0 
47.683505770915644, 43.208191941043886, 0.0, 3.708335176210933, 2.7000000000000015 
29.59019394398432, 54.84580422282359, 0.0, 5.476967282726674, 2.7000000000000015 
15.04118697661883, 15.84991686352443, 0.0, 0.8562620422217834, 1.3000000000000003 
49.29740567767261, 24.135136577999766, 0.0, 0.0, 1.0 
19.855297057748707, 24.430542676005924, 0.0, 5.939813241459752, 2.7000000000000015 
35.345402177447674, 51.2433951181959, 0.0, 5.095356105081569, 2.6000000000000014 
25.002952003405046, 1.8879216779838497, 0.0, 0.0, 1.0 
44.36364307710485, 37.7792753212212, 0.0, 0.0, 1.0 
52.48555042751081, 21.00062248320546, 0.0, 1.3682952029875015, 2.000000000000001 
40.9127789175892, 59.61830249729634, 0.0, 4.5595897771959395, 1.4000000000000004 
14.455299137208605, 60.53178736577226, 0.0, 0.0, 1.0 
30.166295712812943, 16.637988258781956, 0.0, 4.4598615090099845, 2.7000000000000015 
41.09715863318541, 13.417311996021434, 0.0, 0.0, 1.0 
5.808901533787538, 29.836394434012927, 0.0, 0.9170956153829242, 2.7000000000000015 
29.35548058283041, 53.72117652095525, 0.0, 5.743888028151955, 2.7000000000000015 
38.471672813296664, 58.703815901861155, 0.0, 0.0, 1.0 
7.589056622441393, 24.24414397446704, 0.0, 6.555822648860757, 2.7000000000000015 
22.5059317372727, 28.543718965101974, 0.0, 0.0, 1.0 
16.288401501131798, 14.079519043638403, 0.0, 0.0, 1.0 
28.363100085777965, 2.5037289900804645, 0.0, 4.544774841628941, 2.7000000000000015 
10.664093034266575, 10.143133576157508, 0.0, 0.0, 1.0 
42.60427655457551, 16.92170600896387, 0.0, 0.0, 1.0 
51.73450440144252, 35.08801612037903, 0.0, 4.733386858793843, 2.6000000000000014 
7.115307459684677, 57.5917530263431, 0.0, 3.187638822151028, 1.9000000000000008 
49.45763486531976, 57.939253719923116, 0.0, 3.979182582551899, 2.7000000000000015 
28.131882978204356, 51.20213172877692, 0.0, 0.0, 1.0 
53.4880516796027, 19.30639281419988, 0.0, 1.509537984357295, 2.100000000000001 
17.958313294290054, 48.9466545690522, 0.0, 0.0, 1.0 
39.4531366609683, 39.92474842672472, 0.0, 4.203684084225548, 2.300000000000001 
32.19191215828143, 25.41539877820023, 0.0, 5.252981856467867, 2.5000000000000013 
23.954671766535537, 57.96853515432099, 0.0, 0.0, 1.0 
34.984820603750904, 19.687208707678113, 0.0, 4.241461970494854, 2.7000000000000015 
46.123131668572796, 51.18950284247384, 0.0, 10.742812521994809, 2.7000000000000015 
62.012969867230574, 2.7605670076121713, 0.0, 3.5897286644775313, 1.1 
31.393775919132484, 54.143591838903816, 0.0, 5.170372104375022, 2.7000000000000015 
33.82241284083906, 53.526711166986566, 0.0, 5.034793142560212, 2.7000000000000015 
31.01998400952313, 0.5291319416780259, 0.0, 4.124189577067101, 2.7000000000000015 
42.85812591954649, 8.346195896557933, 0.0, 0.0, 1.0 
31.28233517940985, 13.262081135265358, 0.0, 3.989485910090483, 2.7000000000000015 
7.228110384822348, 48.902364706725905, 0.0, 2.1430386747285146, 2.5000000000000013 
1.1926193635729025, 14.16315312490884, 0.0, 0.0, 1.0 
36.08104887015863, 5.984184290205015, 0.0, 0.0, 1.0 
0.9082886681172089, 57.8512984848212, 0.0, 3.236422344796358, 2.100000000000001 
54.49069185011113, 14.053839248584783, 0.0, 0.0, 1.0 
7.24654706356738, 15.10000225350262, 0.0, 0.0, 1.0 
4.903741658192242, 9.231373797659007, 0.0, 0.0, 1.0 
48.352070560763565, 12.89009991598074, 0.0, 0.0, 1.0 
39.13507738589798, 25.431644643760183, 0.0, 4.447482821817649, 2.7000000000000015 
38.55151794360514, 53.42782905025839, 0.0, 0.0, 1.0 
17.76402703311421, 12.52861666968876, 0.0, 0.0, 1.0 
41.760565264099334, 35.229629380396055, 0.0, 0.0, 1.0 
17.295160802086126, 10.571416485348431, 0.0, 0.0, 1.0 
48.45947081993597, 58.65462329502266, 0.0, 4.130473218970342, 2.7000000000000015 
54.368367446215096, 61.17652293854801, 0.0, 3.550073519850971, 2.7000000000000015 
13.334706767219604, 62.33762506287647, 0.0, 0.0, 1.0 
58.81748410087331, 15.764255689405873, 0.0, 1.4458277956781056, 1.2000000000000002 
35.50321362676797, 2.3891997002792253, 0.0, 0.0, 1.0 
17.84159593239914, 53.42449689958114, 0.0, 0.0, 1.0 
42.46337465242799, 51.68757566438917, 0.0, 4.438999828248128, 2.7000000000000015 
37.94182734246039, 29.103977025613357, 0.0, 4.17116356890444, 2.5000000000000013 
33.32901395165985, 42.52366807187643, 0.0, 0.0, 1.0 
61.57520193237084, 49.89220084730546, 0.0, 2.3630153322898253, 2.7000000000000015 
34.47457827603795, 23.143768535252253, 0.0, 4.289913754260415, 2.7000000000000015 
41.59510488047513, 9.892373225855664, 0.0, 0.0, 1.0 
59.22288502054235, 30.892885553446895, 0.0, 1.0382766144461888, 2.7000000000000015 
34.49222896211217, 28.074186768452126, 0.0, 4.655109672325894, 1.7000000000000006 
43.1070300626176, 39.12049058558172, 0.0, 0.0, 1.0 
15.474886272018715, 10.040852466001216, 0.0, 0.0, 1.0 
27.069502794048912, 54.36861944590976, 0.0, -0.8948548585797238, 2.7000000000000015 
18.081928051545816, 51.01098369381731, 0.0, 0.0, 1.0 
1.5280720480198362, 43.84508817997069, 0.0, 1.8945866078399038, 2.7000000000000015 
48.357738489074016, 27.0988911657356, 0.0, 0.0, 1.0 
59.44358100793484, 54.85423591080572, 0.0, 3.0062301430339344, 2.7000000000000015 
37.732278006905766, 15.310509875343426, 0.0, 3.7791194802462877, 2.7000000000000015 
3.6076462856257527, 47.4128401615151, 0.0, 2.9831339523667033, 1.1 
6.764068357813494, 25.88855181222078, 0.0, 1.3155643944085984, 1.2000000000000002 
19.037824151255418, 29.757557947248113, 0.0, 1.4931923614159717, 2.7000000000000015 
48.78303166191535, 18.299789648139924, 0.0, 0.0, 1.0 
26.785720296638186, 17.864013087300414, 0.0, 4.49303410128757, 2.6000000000000014 
27.799038434447503, 20.793883461080583, 0.0, 4.565462879757947, 2.7000000000000015 
10.563223637662663, 4.637281080440311, 0.0, 0.0, 1.0 
43.36864664246651, 28.915680357153416, 0.0, 0.0, 1.0 
11.222356302699895, 57.13017223234248, 0.0, 0.0, 1.0 
60.412285831622135, 17.32859442766903, 0.0, 0.0, 1.0 
6.5261513681770325, 13.125859996834695, 0.0, 0.0, 1.0 
22.93754114379897, 62.92732444282078, 0.0, 0.0, 1.0 
47.465437621697376, 40.381540756297376, 0.0, 1.6034206628069998, 2.7000000000000015 
43.23085960089275, 3.9578745563735445, 0.0, 4.503054352983749, 1.4000000000000004 
37.92987036636708, 39.41102704660617, 0.0, 4.17059208390754, 2.7000000000000015 
48.125610265986616, 7.332937864497809, 0.0, 0.0, 1.0 
48.82778392871749, 55.92607502882687, 0.0, 3.806437121905727, 2.7000000000000015 
10.911666665789, 47.26728834627981, 0.0, 1.06394649958235, 2.7000000000000015 
49.22376416967009, 25.88206365315697, 0.0, 3.9944454517299155, 2.7000000000000015 
17.28589578852796, 25.429033147266228, 0.0, 4.65106978342391, 2.7000000000000015 
49.87196500741734, 53.61036208863411, 0.0, 3.57862312274825, 2.5000000000000013 
37.849369876372876, 20.295414799557143, 0.0, 4.19153674159469, 2.7000000000000015 
12.718236890943052, 14.585594932048899, 0.0, 0.0, 1.0 
46.86035520931283, 8.945598362438412, 0.0, 0.0, 1.0 
4.877876190283609, 62.749157224555134, 0.0, 3.9133212998383886, 1.1 
53.47200821161749, 42.32802753715813, 0.0, 3.5785568112279313, 2.7000000000000015 
40.5244314598505, 36.42498706174336, 0.0, 0.0, 1.0 
49.84560120591728, 28.225060354127383, 0.0, 0.0, 1.0 
53.209426314835895, 44.48837040135161, 0.0, 3.281026226512057, 2.7000000000000015 
2.414962928032086, 30.53006853989066, 0.0, 2.930450711560771, 2.7000000000000015 
2.1644248121673018, 32.95146122516626, 0.0, 3.633091001048708, 2.7000000000000015 
25.158274532239805, 42.346099786142176, 0.0, 5.974822677429198, 2.7000000000000015 
12.63993680060944, 38.714922474470576, 0.0, 2.2446522746403463, 2.7000000000000015 
2.436314522979428, 12.510740187101684, 0.0, 0.0, 1.0 
38.48900521512252, 47.366096356587896, 0.0, 3.810349002365165, 2.7000000000000015 
61.33721657524831, 61.65198082663835, 0.0, 4.521891901064417, 2.7000000000000015 
50.909527736354114, 0.15133155715322993, 0.0, 0.0, 1.0 
35.785211603724754, 48.85880837728355, 0.0, 4.369737787770223, 2.7000000000000015 
35.47180301062064, 15.964631011136007, 0.0, 3.8956738923687895, 2.7000000000000015 
15.917665751471922, 54.083378713948555, 0.0, 0.0, 1.0 
32.09093151758123, 10.945896015084868, 0.0, 3.9978818271373076, 2.7000000000000015 
53.88124736370699, 12.065023422777541, 0.0, 0.0, 1.0 
2.643158506995306, 60.502853820723, 0.0, 2.2460399790312686, 2.7000000000000015 
31.70287119666921, 50.498398439793554, 0.0, 5.97735898846788, 2.6000000000000014 
35.56397962326591, 29.376495280575647, 0.0, 4.50291604457558, 2.7000000000000015 
23.7479952562065, 8.833164461455187, 0.0, 0.0, 1.0 
24.989354636742135, 55.99460809133947, 0.0, 2.095121333675095, 2.7000000000000015 
41.42490524396559, 40.26893383686109, 0.0, 0.0, 1.0 
42.544708998653626, 30.88242327581366, 0.0, 0.0, 1.0 
33.594182112299244, 25.7383398929, 0.0, 4.583824623675986, 2.7000000000000015 
15.911929761522897, 12.046302279152, 0.0, 0.0, 1.0 
33.27208131453924, 20.6038247383155, 0.0, 4.05632631460026, 2.7000000000000015 
61.05549521507601, 32.076809244662016, 0.0, 2.068222465445875, 2.6000000000000014 
39.09743084362636, 31.942199479612537, 0.0, 4.191023519637553, 2.4000000000000012 
16.35329907891445, 52.118926136855706, 0.0, 0.0, 1.0 
19.775651757309912, 12.737278635506287, 0.0, 0.0, 1.0 
57.962242835924194, 34.86795962952762, 0.0, 0.0, 1.0 
47.5700545787138, 23.168654776400327, 0.0, 0.0, 1.0 
2.921271883017715, 8.915487334661295, 0.0, 0.0, 1.0 
43.75587190372431, 52.07243746870988, 0.0, 4.658289220185584, 2.7000000000000015 
26.80249253370757, 39.58979023433747, 0.0, 6.766685107188274, 2.7000000000000015 
59.664626781233736, 19.61683738510128, 0.0, 0.0, 1.0 
22.380408117174326, 54.95825953877228, 0.0, 0.0, 1.0 
47.79508091649088, 28.975481700338296, 0.0, 0.0, 1.0 
30.71934598492492, 41.76741597275614, 0.0, 6.620240926741694, 2.7000000000000015 
6.176291292432662, 41.222617526949634, 0.0, 0.9725391287266989, 2.200000000000001 
62.98048681855449, 21.92149133074447, 0.0, 7.234206586515656, 2.5000000000000013 
29.8554638932508, 56.14837820680941, 0.0, 5.11080619979538, 2.7000000000000015 
57.03522980590347, 54.71609749915589, 0.0, 1.884646529102518, 2.7000000000000015 
5.118936293142895, 46.30647235843511, 0.0, 0.40524492843113463, 2.7000000000000015 
39.35210824918557, 23.303053271215756, 0.0, 4.241219545880311, 2.7000000000000015 
26.4808308936609, 59.80780401902083, 0.0, 5.37080193664342, 2.7000000000000015 
36.09876563005857, 28.083633822888917, 0.0, 4.145334871368672, 2.5000000000000013 
25.788535032226797, 10.305185464097505, 0.0, 4.712010528615175, 2.7000000000000015 
22.149970746925657, 42.53307289353238, 0.0, 6.1284502043472, 2.5000000000000013 
31.287720374218726, 49.051844322593155, 0.0, 0.0, 1.0 
36.974576200235454, 44.792503170351175, 0.0, 4.068543365804566, 2.7000000000000015 
39.680423989072835, 49.364909951340714, 0.0, 4.0467806011098375, 2.7000000000000015 
25.8664183627977, 48.03371869497492, 0.0, 0.0, 1.0 
32.706780485095265, 7.4345100164904805, 0.0, 3.8814107924440604, 2.7000000000000015 
61.98518171861115, 8.356343604376539, 0.0, 0.0, 1.0 
50.80045469383429, 9.91283432162032, 0.0, 0.0, 1.0 
39.79714674562749, 62.36055583767328, 0.0, 0.0, 1.0 
20.521689473453694, 31.325342748661868, 0.0, 0.0, 1.0 
8.67041919961764, 23.28704341970325, 0.0, 6.728434315041628, 2.7000000000000015 
59.78331563650333, 39.979583531329226, 0.0, 0.7599746802432409, 2.7000000000000015 
28.143106307443787, 8.659614297274418, 0.0, 3.975757088834437, 2.7000000000000015 
51.809685026308195, 11.664603594196326, 0.0, 0.0, 1.0 
56.634163884691596, 14.59512136256153, 0.0, 0.2160863963441977, 1.2000000000000002 
49.35465233057425, 5.707923645152084, 0.0, 0.0, 1.0 
41.77167247788054, 15.264053946463168, 0.0, 0.0, 1.0 
45.18981381517857, 54.39038270456869, 0.0, 4.265448281682685, 2.6000000000000014 
30.52346461745288, 57.33129736834506, 0.0, 4.894194837979436, 2.7000000000000015 
20.285377913109926, 21.61282970761855, 0.0, -0.5602649971556579, 2.7000000000000015 
55.099101660408515, 17.994615487937743, 0.0, 3.1515572421375486, 1.3000000000000003 
41.68933630078696, 2.581335094889329, 0.0, 0.0, 1.0 
49.612675560698925, 47.99543503912291, 0.0, 4.579515780585449, 2.7000000000000015 
21.99574180155242, 1.8830620395656779, 0.0, 4.866200695449714, 2.7000000000000015 
12.739649978336963, 1.2243285028592883, 0.0, 0.0, 1.0 
43.07430282335796, 13.701333252954134, 0.0, 0.0, 1.0 
58.95349367177392, 44.686221089431704, 0.0, 4.025192486256374, 2.7000000000000015 
27.489307796997366, 57.30860239315437, 0.0, 5.292226582928438, 2.7000000000000015 
60.71671475801955, 1.2686980857544432, 0.0, 5.441902879978243, 1.5000000000000004 
11.53680758580854, 24.772227438842265, 0.0, 6.559353268112546, 2.6000000000000014 
33.20701103969683, 32.99200102140579, 0.0, 5.127996487689492, 2.7000000000000015 
4.237964502647012, 20.120669783843642, 0.0, 1.9651542813605336, 2.100000000000001 
4.441450261441464, 12.804242662603519, 0.0, 0.0, 1.0 
20.64955120942031, 3.0870980368785825, 0.0, 0.0, 1.0 
50.65155429959014, 60.63741333403981, 0.0, 4.069254129822688, 2.7000000000000015 
29.426811930934996, 0.9805836515627566, 0.0, 4.435972427818594, 2.7000000000000015 
31.988814216142938, 21.144362815820866, 0.0, 4.703118275184718, 2.7000000000000015 
8.30770591653028, 26.664959934066342, 0.0, 1.830491863356834, 2.4000000000000012 
61.13658615763144, 48.50063401532069, 0.0, 2.3378459368656266, 2.7000000000000015 
38.31831486811385, 11.108810025195021, 0.0, 0.0, 1.0 
33.55040427041947, 19.216280638434924, 0.0, 4.129733557575972, 2.7000000000000015 
53.08525744794437, 37.75451343457288, 0.0, 4.933634352540383, 2.7000000000000015 
26.737494264742402, 46.159389719594735, 0.0, 0.0, 1.0 
34.26536337366814, 17.17124110352589, 0.0, 4.072755580285293, 2.7000000000000015 
31.86795077381468, 15.017529207475452, 0.0, 3.905723585882647, 2.7000000000000015 
45.57821315525424, 19.744745183077377, 0.0, 4.503220854558155, 1.4000000000000004 
35.90672851361815, 61.97431287477712, 0.0, 0.0, 1.0 
36.48716766721104, 22.420194326458518, 0.0, 4.459298507580611, 2.4000000000000012 
3.3516534690006896, 5.310617472200006, 0.0, 4.479792024515412, 1.1 
59.96356949311587, 8.10436708868436, 0.0, 0.0, 1.0 
18.95559544023716, 3.9477441201358676, 0.0, 0.0, 1.0 
54.755918491793, 0.07309041996387598, 0.0, 0.0, 1.0 
47.89742339308082, 32.49992268359855, 0.0, 5.585169533728723, 2.7000000000000015 
42.32581574508579, 27.13721383086607, 0.0, 0.0, 1.0 
13.030049859433436, 44.07633482775693, 0.0, 4.298134876835564, 2.300000000000001 
31.49512999775048, 28.21830191361799, 0.0, -1.194576672765706, 2.7000000000000015 
38.952541940521954, 46.35949788325288, 0.0, 3.9300847201495075, 2.7000000000000015 
0.3681199052802564, 61.93921847673843, 0.0, 3.678623219595259, 2.7000000000000015 
51.29215201533722, 6.458806131159749, 0.0, 0.0, 1.0 
31.815234453355952, 18.259363403935364, 0.0, 4.140459258594086, 2.7000000000000015 
33.71235084316874, 13.561855894039475, 0.0, 3.9973574841895703, 2.7000000000000015 
57.01988849665596, 28.31385518063584, 0.0, 2.5929287117639674, 2.7000000000000015 
12.500900608370033, 59.40736750690531, 0.0, 3.07694336722221, 2.4000000000000012 
37.40422399839253, 43.62302789323419, 0.0, 4.12546581304741, 2.7000000000000015 
17.65917314389793, 28.665093986259162, 0.0, 5.35525759573755, 2.7000000000000015 
39.08668660772961, 17.535586413542468, 0.0, 4.034840697323538, 2.000000000000001 
10.55449050245634, 49.04844950615432, 0.0, 0.0, 1.0 
18.425797881651935, 14.34168701551413, 0.0, 0.0, 1.0 
9.999434308996461, 55.533240955096936, 0.0, 0.0, 1.0 
13.931730259314241, 54.64003170604983, 0.0, 0.0, 1.0 
56.29685231057201, 47.73584869851556, 0.0, 5.132938173677121, 2.100000000000001 
27.204061920198225, 32.63689408049346, 0.0, 0.0, 1.0 
26.187677716696705, 6.843211888403822, 0.0, 4.782166619342427, 2.7000000000000015 
45.628582115212744, 45.70129645222473, 0.0, 3.5082844166821983, 2.7000000000000015 
37.15225163126702, 39.967519247028605, 0.0, 4.288152222048047, 2.7000000000000015 
19.21654163517957, 37.84128992331882, 0.0, 0.25511480147740895, 2.6000000000000014 
24.741432339133876, 25.99558491539528, 0.0, 0.0, 1.0 
61.049931773011124, 26.247205491571904, 0.0, 3.1689144531211304, 2.7000000000000015 
37.133689021198684, 53.90178486101072, 0.0, 0.0, 1.0 
42.04478704882639, 43.381471089768745, 0.0, 0.0, 1.0 
28.42625889172979, 57.76778551528878, 0.0, 4.999017384082865, 2.7000000000000015 
50.39003831582225, 34.70641927769352, 0.0, 0.0, 1.0 
52.12190597305115, 17.336675330846, 0.0, 0.5940865763598275, 1.1 
37.20705062136974, 12.41916661926479, 0.0, 0.0, 1.0 
38.542945460773524, 55.402001640457264, 0.0, 0.0, 1.0 
29.909802261175717, 19.26499232926938, 0.0, 0.0, 1.0 
2.281026505011341, 17.963560269164457, 0.0, 2.974484428909528, 1.6000000000000005 
39.48461526005417, 45.40356665252871, 0.0, 3.6390362512432746, 2.6000000000000014 
27.084003436813934, 6.464551354665784, 0.0, 4.597946550125032, 2.7000000000000015 
50.89608318211766, 29.686558983502565, 0.0, 0.0, 1.0 
30.37669931193026, 51.60543454701657, 0.0, 6.076392122187846, 2.6000000000000014 
36.6659598561027, 33.862231591938745, 0.0, 4.7745330525715595, 2.6000000000000014 
23.953526174902404, 47.419104911702156, 0.0, 0.0, 1.0 
29.85635350233695, 30.39172589259782, 0.0, 0.0, 1.0 
6.7350125231388045, 59.343238594171694, 0.0, 0.0, 1.0 
58.20588137509285, 46.34287071882062, 0.0, 4.286275937104092, 2.7000000000000015 
21.575084227319238, 7.983002934649641, 0.0, 4.707870908588568, 2.7000000000000015 
23.3916232927758, 50.99053683954305, 0.0, 0.0, 1.0 
43.73534406961711, 35.85735779526909, 0.0, 0.0, 1.0 
31.822221605757726, 12.350693390452536, 0.0, 4.0274946978153014, 2.7000000000000015 
1.4936100077109178, 52.06638997753875, 0.0, 5.509974201922049, 1.9000000000000008 
3.4858518476030906, 28.331494804998734, 0.0, 7.10829956814091, 2.7000000000000015 
20.807876749153365, 41.13981269956216, 0.0, 6.565473851939848, 2.7000000000000015 
39.75464197447096, 14.972097541960565, 0.0, 0.0, 1.0 
23.863304956977714, 18.95320473037, 0.0, 0.0, 1.0 
60.90082687281325, 35.544502621052885, 0.0, 2.516829831511465, 2.7000000000000015 
34.11895417774564, 33.170577453016634, 0.0, 5.001227190892934, 2.7000000000000015 
49.04587158485748, 62.69712742761681, 0.0, 0.0, 1.0 
25.372868539260306, 5.980338331839816, 0.0, 5.082638469856828, 2.7000000000000015 
51.20268347038074, 21.86871173588336, 0.0, 0.9980298912381489, 1.8000000000000007 
32.20870132702415, 35.61738972885842, 0.0, 5.428160405954406, 2.5000000000000013 
58.65987853519655, 9.70870054541259, 0.0, 0.0, 1.0 
7.056380989232813, 40.00744816805963, 0.0, 3.7746097699003425, 2.300000000000001 
9.374242469580041, 47.270246090063786, 0.0, 1.5568508403055246, 2.7000000000000015 
62.72216101740042, 10.29661234417416, 0.0, 0.0, 1.0 
42.15003142261354, 6.41183538724279, 0.0, 0.0, 1.0 
51.98746191869222, 43.0614918036011, 0.0, 0.22661731899664322, 2.7000000000000015 
52.45508532049449, 13.575021198704782, 0.0, 0.0, 1.0 
41.66980465013171, 29.082076945265364, 0.0, 0.0, 1.0 
22.48015654098371, 6.564718896975807, 0.0, 4.588967007780092, 2.7000000000000015 
30.190996781020605, 26.256969151522114, 0.0, 0.0, 1.0 
11.911274468948008, 8.559184406081794, 0.0, 0.0, 1.0 
1.6643101044339426, 10.60448225180102, 0.0, 0.0, 1.0 
8.035768387765453, 45.10956542233028, 0.0, 0.5960852233217702, 2.7000000000000015 
27.702569113822758, 16.446851503956424, 0.0, 0.0, 1.0 
45.87838672599866, 21.96847766332312, 0.0, 0.0, 1.0 
43.345396292486235, 57.97842749856346, 0.0, 5.738869513270046, 2.5000000000000013 
40.12611237563113, 22.50601723079863, 0.0, 4.186389382021729, 2.7000000000000015 
35.61693939548363, 4.2623258153909225, 0.0, 0.0, 1.0 
46.50038033488158, 53.74279023875992, 0.0, 3.7438066452519805, 2.7000000000000015 
22.155710560043776, 44.05018294076129, 0.0, 0.0, 1.0 
44.88398670369542, 51.34513624656159, 0.0, 4.559210991832546, 2.7000000000000015 
36.05920434147561, 26.480985199824815, 0.0, 4.135457285957988, 2.7000000000000015 
39.12743307032865, 52.04119575885906, 0.0, 7.309056139767829, 2.7000000000000015 
11.324675957236163, 16.055187625899514, 0.0, 1.2405529599768286, 1.1 
26.289796424878585, 34.53996216292784, 0.0, 0.0, 1.0 
30.29616865964137, 27.813730569980034, 0.0, 0.0, 1.0 
26.805701210839082, 25.431730464801888, 0.0, 0.0, 1.0 
52.344467310623955, 32.15048064320692, 0.0, 4.708805691800748, 2.7000000000000015 
30.16788042061766, 24.394554230648847, 0.0, 0.0, 1.0 
6.828633340651034, 0.5160499653083384, 0.0, 1.907938060316538, 1.8000000000000007 
4.748054589215803, 32.6015923316441, 0.0, 3.1952404402954886, 2.7000000000000015 
8.226604848498505, 61.27502049099142, 0.0, 3.540879752009854, 2.100000000000001 
5.770687574348337, 11.199429141078559, 0.0, 0.0, 1.0 
36.44115850263697, 45.69516609207153, 0.0, 4.180701682048325, 2.7000000000000015 
44.19896239434882, 55.695237554135005, 0.0, 4.5649006527962515, 1.8000000000000007 
43.91882050020938, 26.870639331750198, 0.0, 4.240427502766228, 2.7000000000000015 
6.1668030804997604, 18.638294872564607, 0.0, 2.906704753883692, 1.3000000000000003 
35.05369970613652, 34.178813631077, 0.0, 4.758325077745973, 2.6000000000000014 
29.867034706295886, 42.85445649024117, 0.0, 6.188558922383766, 2.5000000000000013 
51.074684611237814, 15.137370597171453, 0.0, 0.0, 1.0 
32.238418514783, 3.3139060664741162, 0.0, 4.236470508151002, 2.4000000000000012 
27.491330456405095, 55.76741572048549, 0.0, 5.337350087398002, 2.7000000000000015 
49.50927774859293, 20.168127197932165, 0.0, 6.216829201244109, 1.1 
19.90834581429551, 34.99979480000944, 0.0, 0.0, 1.0 
52.425545617130645, 28.972156480589454, 0.0, 4.475801946537436, 2.7000000000000015 
22.142345195457338, 23.422682567962593, 0.0, 0.0, 1.0 
45.415121464250554, 1.0891373911097388, 0.0, 3.999199401796119, 1.1 
18.8749706820021, 23.387047409029, 0.0, 6.1512630857658905, 2.7000000000000015 
13.56970204082729, 56.62136248268877, 0.0, 0.0, 1.0 
56.65599949253791, 0.9108385246069385, 0.0, 5.624511740441929, 2.000000000000001 
34.0059838279312, 61.77596284601385, 0.0, 0.0, 1.0 
51.390812719847005, 58.08223490555225, 0.0, 3.8065725988075223, 2.7000000000000015 
34.74589997472576, 49.11505475135988, 0.0, 4.770462538022831, 2.7000000000000015 
51.217817008139434, 23.994645953982143, 0.0, 0.0, 1.0 
28.063315343784456, 5.562528415368984, 0.0, 4.692267230822804, 2.6000000000000014 
48.59377410665531, 35.17841470326955, 0.0, 0.0, 1.0 
18.90691324912272, 56.71511958879961, 0.0, 0.0, 1.0 
16.631523734711084, 60.66833751817001, 0.0, 0.0, 1.0 
43.486113055087756, 1.5767102792330756, 0.0, 0.0, 1.0 
57.61243013794672, 24.434484728321998, 0.0, 3.344849386530719, 2.7000000000000015 
5.535775617538794, 51.94787612730872, 0.0, 0.0, 1.0 
25.896252936172374, 31.047650628494022, 0.0, 0.0, 1.0 
34.20328406722766, 35.719190117774495, 0.0, 4.83129240053648, 2.7000000000000015 
54.637677715999175, 3.9280083833498134, 0.0, 0.0, 1.0 
33.473909473493556, 56.58363467702821, 0.0, 0.0, 1.0 
40.857039756565385, 8.024885219481675, 0.0, 0.0, 1.0 
53.88739904312469, 22.175761015021376, 0.0, 1.670467184319414, 2.000000000000001 
7.396408840828977, 20.55914038675043, 0.0, 0.7525393150191695, 1.6000000000000005 
30.163877619242083, 33.83330250288066, 0.0, 0.0, 1.0 
32.17668237327832, 5.188023584428407, 0.0, 4.21386149679912, 2.7000000000000015 
22.31799865689073, 30.553858083989624, 0.0, 0.0, 1.0 
38.88628732562658, 28.004497826965732, 0.0, 4.474281107004322, 2.4000000000000012 
21.83322638500567, 49.707493790997425, 0.0, 0.0, 1.0 
47.182293180500686, 34.40712404278052, 0.0, 5.638083361699226, 2.7000000000000015 
17.65383565078828, 31.677204793030477, 0.0, 1.749279645215705, 2.4000000000000012 
31.525871691705632, 34.55729995301639, 0.0, -1.135149371563562, 2.4000000000000012 
31.17092315434368, 19.533109351580823, 0.0, 4.613658210101086, 2.7000000000000015 
4.887901960857777, 1.8784941086892972, 0.0, 3.2868953833796857, 2.000000000000001 
6.2743730289200785, 56.06506721198427, 0.0, 2.795691299256673, 1.5000000000000004 
11.266078304837738, 6.601930828794169, 0.0, 0.0, 1.0 
45.15579717333657, 46.838338958377165, 0.0, 3.7016887102943667, 2.7000000000000015 
28.296928658803328, 19.097229436705437, 0.0, 4.3105790877551495, 2.4000000000000012 
44.792630108192206, 29.822861499172834, 0.0, 0.0, 1.0 
56.057309149783684, 31.118211658657124, 0.0, 3.8398012860066184, 1.8000000000000007 
6.895253312711214, 9.545652669230824, 0.0, 0.0, 1.0 
12.903132093600647, 23.170088187493366, 0.0, 1.461395103506543, 2.7000000000000015 
22.547263701015456, 20.13885578675482, 0.0, -0.07952601045668908, 2.7000000000000015 
2.574591999918404, 19.820106611481215, 0.0, 5.3490366710603166, 1.2000000000000002 
16.741113004360653, 8.547776493059546, 0.0, 0.0, 1.0 
21.98888312172009, 60.47359831801959, 0.0, 0.0, 1.0 
26.804579987674856, 52.53904917613872, 0.0, 0.0, 1.0 
3.210061708633433, 14.441964555486273, 0.0, 0.0, 1.0 
17.357171050430708, 55.431116648737635, 0.0, 0.0, 1.0 
20.82828894157947, 36.695380484446986, 0.0, 0.0, 1.0 
35.31293025383391, 40.32167478822479, 0.0, 4.589528943692738, 2.7000000000000015 
53.221955829349284, 7.245042619144139, 0.0, 0.0, 1.0 
31.072859697120837, 47.781144010726386, 0.0, 2.8955690938290966, 2.5000000000000013 
6.120185599749126, 7.611729498376813, 0.0, 0.0, 1.0 
49.08548997998469, 3.639877334035651, 0.0, 0.0, 1.0 
37.646430737300314, 36.784907121955726, 0.0, 4.845768043514293, 2.7000000000000015 
8.160212062217918, 55.15108319792903, 0.0, 4.395941452135274, 2.7000000000000015 
36.74660939544998, 36.60140702364936, 0.0, 4.862154826026191, 2.7000000000000015 
36.50198605159691, 55.39088013521502, 0.0, 0.0, 1.0 
14.487424116406688, 5.639263549756258, 0.0, 0.0, 1.0 
14.328125279956291, 13.366790602473438, 0.0, 0.0, 1.0 
31.72250174679003, 56.23912103757198, 0.0, 4.818824974805251, 2.5000000000000013 
17.46556693658249, 22.19434393556692, 0.0, -0.28918857886148347, 2.5000000000000013 
35.430548914041715, 53.616068100272386, 0.0, 0.0, 1.0 
15.367076350554361, 58.968607820282344, 0.0, 3.3281069899475635, 2.5000000000000013 
59.69599313595343, 41.80118044490821, 0.0, 0.0, 1.0 
8.578944129766969, 13.551082311022132, 0.0, 0.149153925869952, 1.1 
36.155617992676554, 24.76756627163607, 0.0, 0.0, 1.0 
10.706145065278527, 13.880458260753361, 0.0, 0.8785574909287762, 1.1 
38.73666712867809, 34.94587988692783, 0.0, 4.421729824116167, 2.7000000000000015 
27.425943057170993, 28.90546037787668, 0.0, 0.0, 1.0 
54.01697418295649, 59.303186813777465, 0.0, 2.644917698935367, 2.7000000000000015 
16.640970902947476, 0.02508110506536005, 0.0, 0.0, 1.0 
32.11341995340492, 40.99931920401099, 0.0, 0.0, 1.0 
37.20510612159986, 41.80149246060643, 0.0, 4.065818987366213, 2.7000000000000015 
19.239637373831652, 20.719136876993854, 0.0, 6.078655969482327, 2.7000000000000015 
26.324400249790898, 0.8263948013831609, 0.0, 4.943558796775519, 2.6000000000000014 
23.551472303014698, 49.006934529408625, 0.0, 0.0, 1.0 
41.22338231448128, 41.7118026676458, 0.0, 3.5454480203431458, 2.7000000000000015 
4.955428818972205, 59.12893506656734, 0.0, 2.006933852176164, 2.5000000000000013 
19.10967609971117, 16.10128150156559, 0.0, 0.0, 1.0 
26.599672811485686, 9.373675032727476, 0.0, 4.665563979889164, 2.7000000000000015 
21.4659293962426, 22.03145424703201, 0.0, 5.440624099458546, 2.300000000000001 
23.25565557184787, 33.47518629743932, 0.0, 0.0, 1.0 
60.40817176631524, 58.48759299169641, 0.0, 4.737779846094763, 2.7000000000000015 
29.268287677974794, 58.984785085967324, 0.0, 4.8719014778279295, 2.7000000000000015 
5.6227083019783715, 50.08860094472124, 0.0, 0.0, 1.0 
16.971528965481827, 46.310593124820905, 0.0, 0.0, 1.0 
43.8542062208306, 15.6360287823522, 0.0, 0.0, 1.0 
56.91323416306407, 19.20117303918591, 0.0, 0.0, 1.0 
55.10189874666281, 46.008736533217075, 0.0, 3.8158980001504856, 1.2000000000000002 
37.648173844617006, 33.678873752227204, 0.0, 4.771590440508813, 2.7000000000000015 
0.7120474730610944, 42.50189903300556, 0.0, 1.8476707684655966, 2.7000000000000015 
48.98491503032217, 51.711662406509774, 0.0, 3.8328146133388374, 2.7000000000000015 
4.8699712780992055, 25.750319796762668, 0.0, 0.8477697370481287, 2.7000000000000015 
1.3655858663218228, 47.81279266258999, 0.0, 2.405580055464215, 2.200000000000001 
37.58403750599053, 57.03737436925058, 0.0, 0.0, 1.0 
26.233513545910224, 27.24902195627738, 0.0, 0.0, 1.0 
47.495359231619695, 36.8968023956371, 0.0, 1.191048974116223, 1.1 
34.89918290218419, 30.934631449021225, 0.0, 4.668217807584401, 2.4000000000000012 
22.500958040567227, 3.9728975343933737, 0.0, 4.642687697591267, 2.7000000000000015 
21.419562735108236, 5.200541454980883, 0.0, 4.903545608680794, 2.7000000000000015 
47.10449603685307, 55.82840412663515, 0.0, 4.073681628110393, 2.5000000000000013 
33.945044439388695, 3.7662031365420057, 0.0, 0.0, 1.0 
43.55677297559051, 48.8807770509632, 0.0, 4.393538888895571, 2.7000000000000015 
20.69258114288006, 55.704503289472655, 0.0, 0.0, 1.0 
25.943771196155918, 15.397700104037034, 0.0, 4.682169239022287, 2.5000000000000013 
29.282189612872088, 6.616779949557007, 0.0, 4.2560189481564406, 2.7000000000000015 
23.423068583351423, 1.5658695885468736, 0.0, 0.0, 1.0 
45.832940781790725, 41.481727415830385, 0.0, 0.0, 1.0 
26.90187443248688, 49.8682773130487, 0.0, 0.0, 1.0 
60.98697517103182, 6.439286033623731, 0.0, 0.0, 1.0 
19.446454777638824, 32.788186446138525, 0.0, 7.291917540350746, 2.7000000000000015 
45.10548980535911, 39.6526855862558, 0.0, 0.0, 1.0 
37.02141479357152, 48.234528298425786, 0.0, 0.0, 1.0 
5.540622678680069, 54.29838944917197, 0.0, 1.3396606179425479, 1.1 
9.693866805460104, 57.94685015052269, 0.0, 3.9476538438169473, 2.7000000000000015 
39.6864345685585, 37.84831465182001, 0.0, 4.444146027334524, 2.7000000000000015 
53.10697220588401, 15.57747497655112, 0.0, 0.0, 1.0 
19.083607644787882, 10.94128668183144, 0.0, 0.0, 1.0 
3.486802629081781, 22.841622876146022, 0.0, 1.5825974529978528, 1.8000000000000007 
8.489188311312262, 49.41876541468667, 0.0, 2.1657989695487974, 1.1 
56.62980476887436, 44.6709957250523, 0.0, 4.597027649297493, 2.7000000000000015 
26.64320734964755, 3.512697519600968, 0.0, 4.796188298169164, 2.7000000000000015 
58.61177665801724, 26.289124495820314, 0.0, 0.6885707404309436, 2.7000000000000015 
27.72397048863579, 47.53587777220473, 0.0, 0.0, 1.0 
60.94885284446215, 15.39666356972592, 0.0, 0.27824981514127367, 1.1 
16.800033148481, 57.352333440943994, 0.0, 0.0, 1.0 
19.28345158656385, 54.645604855898426, 0.0, 0.0, 1.0 
31.737465964825155, 52.27769379896585, 0.0, 5.384132237849561, 2.7000000000000015 
14.389427165414967, 2.429622512030827, 0.0, 0.0, 1.0 
20.705261763055585, 29.30431752253175, 0.0, 0.0, 1.0 
37.52002167461661, 50.860545061979565, 0.0, 7.420843917298653, 2.7000000000000015 
5.365700225481984, 5.6123478813415995, 0.0, 0.0, 1.0 
32.33700796037207, 45.166846907981714, 0.0, 0.0, 1.0 
30.15115246080148, 39.36183565242317, 0.0, 0.5042099259004588, 2.5000000000000013 
7.521916171056157, 36.00804208865812, 0.0, 1.830145430830968, 1.4000000000000004 
52.01438191310173, 8.583335647641197, 0.0, 0.0, 1.0 
18.818659854992067, 47.17639415267462, 0.0, 0.0, 1.0 
26.568514153624292, 20.739042159586187, 0.0, 0.0, 1.0 
44.82755927633656, 17.46169885067815, 0.0, 0.0, 1.0 
38.82306323613433, 19.548213191016636, 0.0, 4.421315444866944, 2.7000000000000015 
37.7015980839887, 30.910130955313925, 0.0, 4.36731485905472, 2.7000000000000015 
52.6006366307821, 25.943421542822463, 0.0, 0.6930415767121811, 1.8000000000000007 
33.60272237498602, 51.859954331024234, 0.0, 5.4227445359151565, 2.7000000000000015 
12.318063234448598, 12.604567549501935, 0.0, 0.0, 1.0 
29.419509235183252, 47.238885400305186, 0.0, 0.0, 1.0 
2.73730537813078, 2.9255283030613075, 0.0, 4.628658501804887, 1.5000000000000004 
55.11386000152831, 20.053616158255185, 0.0, 1.6831730179674533, 1.1 
45.586631893525464, 57.40763709489068, 0.0, 4.525894982424156, 2.7000000000000015 
54.78109638545011, 8.567547956448491, 0.0, 0.0, 1.0 
12.61424111002746, 41.771050529311424, 0.0, 0.7601402821710832, 2.7000000000000015 
50.402476338338374, 13.226565797764836, 0.0, 0.0, 1.0 
1.3873750926743613, 5.078635820368295, 0.0, 5.266419863118019, 1.1 
47.473829928280274, 4.92631042677243, 0.0, 1.2801395673081448, 1.1 
54.25572947331416, 38.987605266811904, 0.0, 4.608504334709354, 2.7000000000000015 
32.671330450176235, 27.32828319211927, 0.0, -1.3373623990445163, 2.7000000000000015 
4.074468023858364, 49.36592293489632, 0.0, 0.0, 1.0 
33.48843885308386, 10.491780483934091, 0.0, 3.626150613800983, 2.7000000000000015 
43.466767384272046, 40.88143922509876, 0.0, 0.0, 1.0 
8.705825508569816, 19.034786727025125, 0.0, 3.427950519679328, 1.1 
41.07832053412084, 33.24029597155566, 0.0, 0.0, 1.0 
20.64310303458313, 57.412230939392344, 0.0, 2.5443827316008707, 1.7000000000000006 
42.02303158655555, 24.624683761440583, 0.0, 4.235399125317601, 2.7000000000000015 
30.990091235337268, 4.985821740202759, 0.0, 4.393606742381578, 2.7000000000000015 
33.028146535323046, 9.136599045352318, 0.0, 3.6401080068591174, 2.7000000000000015 
17.690628650494034, 40.96470642328965, 0.0, 0.14622641222628138, 2.7000000000000015 
34.74487741022221, 38.03739691596397, 0.0, 4.867410455255833, 2.200000000000001 
45.12190009879088, 14.0752435994772, 0.0, 0.0, 1.0 
13.502703660141211, 18.748099088951385, 0.0, 0.0, 1.0 
23.263035299574188, 12.296055642006834, 0.0, 0.0, 1.0 
40.5465263683172, 16.867484692488592, 0.0, 0.0, 1.0 
11.530952275912524, 45.356445452987, 0.0, 0.0, 1.0 
37.42437835412275, 4.403811031731173, 0.0, 0.0, 1.0 
5.900014348745351, 45.21742092238199, 0.0, 0.32631747587436827, 2.7000000000000015 
59.54010165527452, 37.64870701347569, 0.0, 2.521899849562984, 2.7000000000000015 
29.61054233769698, 10.86437534768027, 0.0, 4.010264594905609, 2.7000000000000015 
22.934779069549293, 17.19616180389613, 0.0, 0.0, 1.0 
42.32955051786818, 49.342440027956755, 0.0, 4.128575257602876, 2.7000000000000015 
30.676975844301733, 22.74513256492239, 0.0, 0.0, 1.0 
2.0660687286424024, 53.766943382673084, 0.0, 5.102785859255221, 2.7000000000000015 
54.92557618566314, 33.52229628222334, 0.0, 4.467152611316454, 2.7000000000000015 
7.760620805280505, 43.563292565905975, 0.0, 0.49838787703296367, 2.7000000000000015 
45.794662066699075, 24.03319259844298, 0.0, 0.0, 1.0 
27.791413088431874, 9.834137201438883, 0.0, 4.19461139581467, 2.7000000000000015 
33.15643903771756, 22.632285476050402, 0.0, 4.4609034582104305, 2.7000000000000015 
47.56847437745494, 10.949200226935536, 0.0, 0.0, 1.0 
9.3341225807606, 6.263314730030302, 0.0, 0.0, 1.0 
12.459810078991435, 60.84643007975368, 0.0, 0.0, 1.0 
54.092932126313165, 2.120125140541798, 0.0, 3.3482993753036645, 2.7000000000000015 
28.286428508827058, 27.04592843148651, 0.0, 0.0, 1.0 
43.87837824319858, 24.723473390726827, 0.0, 0.0, 1.0 
62.92135783610074, 0.9789164558879293, 0.0, 3.6750304772680797, 1.6000000000000005 
44.33670157731878, 12.119160745633831, 0.0, 0.0, 1.0 
24.98780202643403, 17.336756284682956, 0.0, 0.0, 1.0 
46.76371228069646, 57.67154766166834, 0.0, 4.378839791243718, 2.7000000000000015 
24.657980064302937, 3.5711606877457927, 0.0, 0.0, 1.0 
33.476588288427166, 15.055611945779557, 0.0, 4.006746901340995, 2.7000000000000015 
2.4741147129744965, 45.565163472852305, 0.0, 2.1215930771772293, 1.2000000000000002 
39.89259740960672, 31.027239757365983, 0.0, 4.135685928974054, 2.000000000000001 
23.431317185815818, 24.76194167397748, 0.0, 0.0, 1.0 
43.0753481124048, 19.684580018438712, 0.0, 0.0, 1.0 
33.480905509799754, 50.39498805830166, 0.0, -1.02044216959969, 2.7000000000000015 
46.47630424501048, 49.20230988542472, 0.0, 4.092264546521723, 2.7000000000000015 
20.64679183833677, 17.322680535292676, 0.0, 0.0, 1.0 
31.359743137305117, 59.284272918782186, 0.0, 4.654069805228745, 2.300000000000001 
43.60566313282105, 10.223042264391307, 0.0, 0.0, 1.0 
54.07068637228635, 30.29899799021935, 0.0, 4.254871560003177, 2.7000000000000015 
12.579992032210734, 58.28481236968716, 0.0, 2.9687968646969334, 2.7000000000000015 
59.14412191149834, 59.968999967593405, 0.0, 1.6764634778679488, 2.7000000000000015 
16.28272131734705, 50.16177937705205, 0.0, 0.0, 1.0 
31.269412748365646, 30.6324359488064, 0.0, 5.246717634560165, 2.200000000000001 
41.41663189798022, 4.566347401655681, 0.0, 0.0, 1.0 
24.676008194077465, 63.05448282435516, 0.0, 0.0, 1.0 
7.8492930225895865, 17.0971778867389, 0.0, 4.900158187314644, 1.1 
43.12809931096579, 18.33327122102045, 0.0, 3.4883447881151617, 2.7000000000000015 
42.33806913558182, 11.837709202839761, 0.0, 0.0, 1.0 
17.52157652557309, 3.0168179729492164, 0.0, 0.0, 1.0 
42.12332354116527, 45.712520973451475, 0.0, 3.4236616026014985, 2.6000000000000014 
1.4357728632265465, 36.37411371932404, 0.0, 2.4282804958222814, 2.7000000000000015 
41.37245608226913, 54.42628660214193, 0.0, 4.378786137836945, 2.7000000000000015 
60.22889477812011, 4.4686735760819865, 0.0, 1.9045222411358704, 1.4000000000000004 
51.75955491841201, 60.141230893322465, 0.0, 4.081237490387178, 2.7000000000000015 
24.354508855493638, 35.19464660486491, 0.0, 0.0, 1.0 
47.56353424013272, 52.23640467779524, 0.0, 4.4721570233679415, 2.6000000000000014 
47.642288763143526, 21.12673890527257, 0.0, 0.0, 1.0 
46.61828006814961, 27.314897425550026, 0.0, 0.0, 1.0 
23.43439207307487, 3.265128522596648, 0.0, 0.0, 1.0 
2.093718310931413, 6.96347519308002, 0.0, 0.0, 1.0 
20.334619554236227, 59.26027934505187, 0.0, 0.0, 1.0 
27.645248931400864, 44.34265932075007, 0.0, 0.0, 1.0 
39.392639575974584, 4.529049619933685, 0.0, 0.0, 1.0 
3.7306467152222313, 10.8992543285235, 0.0, 0.0, 1.0 
39.92329083501467, 51.4010079774882, 0.0, 4.247556090588096, 2.7000000000000015 
13.372835199833844, 51.028809710469524, 0.0, 0.0, 1.0 
18.830629921216158, 45.394721249017465, 0.0, 0.0, 1.0 
24.84091823422464, 20.787180019851633, 0.0, 0.0, 1.0 
4.570932672027171, 3.665564715081631, 0.0, 0.0, 1.0 
9.32228053376991, 15.427747289596443, 0.0, 2.743790456657195, 1.1 
42.33009641440866, 46.79999122661418, 0.0, 3.4292808907309618, 2.7000000000000015 
8.398699321311371, 41.771659235918015, 0.0, 2.770713317887129, 2.7000000000000015 
13.813717244674477, 9.110305520216246, 0.0, 0.0, 1.0 
4.710196662111533, 39.35428407848825, 0.0, 2.2900960051880026, 2.7000000000000015 
59.797088341161405, 43.700535556226335, 0.0, 3.838238459151761, 2.7000000000000015 
14.087272173136846, 47.79638725857723, 0.0, 0.0, 1.0 
29.635425159736755, 50.08229310912163, 0.0, 0.0, 1.0 
14.601371581429895, 40.741007291106335, 0.0, 0.3843433534476508, 2.7000000000000015 
17.099996717118604, 15.92827852003636, 0.0, 0.0, 1.0 
38.83773073072509, 7.865782065094291, 0.0, 0.0, 1.0 
16.633984392614032, 17.958717206475754, 0.0, 0.0, 1.0 
56.0398140056497, 32.84921589070423, 0.0, 4.080503708354603, 2.7000000000000015 
41.88116423010959, 20.86824472192262, 0.0, 0.0, 1.0 
16.215992324107052, 2.0012835988372233, 0.0, 0.0, 1.0 
16.593882726034696, 44.2888908712101, 0.0, 0.0, 1.0 
51.04537165648683, 2.2268085342862323, 0.0, 5.197932099063772, 1.1 
8.126452327152878, 7.90049358808461, 0.0, 0.0, 1.0 
54.7961567702465, 5.937701403403317, 0.0, 0.0, 1.0 
43.77461930975573, 32.501530040616956, 0.0, 0.0, 1.0 
12.508094543832328, 5.192382819018096, 0.0, 0.0, 1.0 
32.80138211212295, 31.5613385710247, 0.0, 5.025702002463993, 2.7000000000000015 
33.94423028633315, 30.145692426319677, 0.0, 4.752935463009866, 2.7000000000000015 
9.44178289541966, 50.763898034407255, 0.0, 0.0, 1.0 
61.2346654035296, 20.296222955562918, 0.0, 1.9186581428871379, 2.6000000000000014 
53.78767365834541, 47.02446649368324, 0.0, 1.1272053556820874, 2.7000000000000015 
31.52443477035345, 16.55185020814619, 0.0, 4.071015704943945, 2.7000000000000015 
29.684660067190116, 35.666558046837764, 0.0, 0.0, 1.0 
24.647072985889142, 37.68350583311783, 0.0, 0.0, 1.0 
61.39246951858777, 40.11652428072431, 0.0, 0.9855953110637099, 2.7000000000000015 
44.047773085251244, 21.160743474454353, 0.0, 0.0, 1.0 
14.72189749952718, 0.6697740921569149, 0.0, 0.0, 1.0 
55.65324757245052, 22.044704098202182, 0.0, 0.0, 1.0 
40.58075484316488, 30.000981578246787, 0.0, 4.187473383230005, 2.7000000000000015 
19.58857517355135, 52.38606619040089, 0.0, 0.0, 1.0 
51.50225411323068, 56.67606764324423, 0.0, 3.594199248508738, 2.7000000000000015 
46.1344037786216, 6.979992141496712, 0.0, 0.0, 1.0 
2.3446842123685245, 56.222873679861145, 0.0, 2.658469677811612, 2.4000000000000012 
32.39769773974686, 43.438318777863294, 0.0, 6.682858187497582, 2.7000000000000015 
40.13893847206683, 54.618993237366524, 0.0, 4.647641515859357, 2.5000000000000013 
44.40906287248925, 59.201945758080974, 0.0, 5.055148086441677, 2.7000000000000015 
15.364213170592343, 61.994347519873926, 0.0, 0.0, 1.0 
58.36918564229784, 5.6749357655825206, 0.0, 3.1295222164561536, 1.3000000000000003 
48.34327194794835, 46.685634540814284, 0.0, 4.8752394954074765, 2.7000000000000015 
20.984008531672558, 25.354288559557297, 0.0, 5.855627190720674, 2.7000000000000015 
33.343316783683505, 48.74735516122033, 0.0, 5.616909657066836, 2.7000000000000015 
32.57202877828492, 58.130944960210165, 0.0, 0.0, 1.0 
25.723619518181557, 19.04234920259016, 0.0, 0.0, 1.0 
5.302143943345834, 43.48826842081878, 0.0, 0.6981469654099436, 2.7000000000000015 
52.941112128830305, 34.81422624560048, 0.0, 4.815391236093603, 2.7000000000000015 
43.285465002939716, 62.76624909810872, 0.0, 5.903142237139184, 2.300000000000001 
47.04122113301972, 2.8464153147818014, 0.0, 2.540144856998492, 1.2000000000000002 
37.85285744808302, 24.891728104945482, 0.0, 4.377730874581637, 2.7000000000000015 
27.911701735051395, 30.75019278418423, 0.0, 0.0, 1.0 
45.367791815309474, 26.020140263709187, 0.0, 0.0, 1.0 
10.412533163697606, 60.58758998862413, 0.0, 0.0, 1.0 
25.85237189447658, 44.498488324692204, 0.0, 0.0, 1.0 
10.030185000968336, 8.20289782862355, 0.0, 0.0, 1.0 
2.3190306477983915, 0.8583100950077969, 0.0, 3.319548247544283, 2.200000000000001 
30.7079755369814, 2.1004638056628884, 0.0, 4.350177360995639, 2.7000000000000015 
22.01391819753658, 47.65074256454092, 0.0, 0.0, 1.0 
19.98441341582687, 7.441179671949359, 0.0, 0.0, 1.0 
45.457249484764205, 5.1152818219061675, 0.0, 0.0, 1.0 
22.146151310229236, 58.55366727135551, 0.0, 0.0, 1.0 
9.37771151637053, 31.676524908626103, 0.0, 4.071105227656887, 2.7000000000000015 
29.266259468509137, 52.70651126546192, 0.0, 5.98603445342464, 2.6000000000000014 
60.13563881471141, 13.523303647154364, 0.0, 0.0, 1.0 
1.8626037453983526, 16.136742713729188, 0.0, 1.9041885667412974, 1.2000000000000002 
62.73162300075168, 17.881278066036707, 0.0, 3.0036702130387587, 1.9000000000000008 
61.85188187262406, 37.2381044953594, 0.0, 2.6192656186749974, 2.7000000000000015 
20.48117219880073, 14.597215687972302, 0.0, 0.0, 1.0 
46.9977844007868, 30.9219369063328, 0.0, 3.394197042551632, 2.7000000000000015 
24.0390507397315, 54.76302696049201, 0.0, 0.0, 1.0 
25.64188972503458, 3.9269321016973504, 0.0, 5.0370430082713185, 2.300000000000001 
10.007765730849021, 52.544253448255894, 0.0, 0.0, 1.0 
55.47055244574019, 38.323940826561355, 0.0, 4.235951888975814, 2.7000000000000015 
60.68467951745106, 10.030244669669425, 0.0, 0.0, 1.0 
34.58285139471375, 55.19943910152756, 0.0, 0.0, 1.0 
24.797068637115864, 45.99913631600092, 0.0, 0.0, 1.0 
23.145783912015155, 14.203791958629706, 0.0, 0.0, 1.0 
0.6973416368948119, 3.288972284144886, 0.0, 2.0478093129500086, 2.7000000000000015 
17.437908904562754, 5.085230558921686, 0.0, 0.0, 1.0 
22.110649868317036, 40.29548947823988, 0.0, 0.1345755068763872, 2.100000000000001 
33.84536442079825, 47.22098383712471, 0.0, 5.637573035831459, 2.5000000000000013 
26.97031976623118, 11.587491290460312, 0.0, 4.655313141997305, 2.6000000000000014 
46.442761831884525, 44.04718822195916, 0.0, 4.286810625622111, 2.7000000000000015 
24.76918923008747, 12.245444033322137, 0.0, 5.028262410169762, 2.7000000000000015 
42.08579937443765, 22.665291443303808, 0.0, 0.0, 1.0 
28.19480114477275, 60.70389387883194, 0.0, 4.5038921349132, 2.7000000000000015 
47.35861836656419, 0.6101021618274222, 0.0, 0.0, 1.0 
35.96422420509158, 42.35103501035765, 0.0, 4.689982904988856, 2.7000000000000015 
35.722657991482905, 35.77845072817859, 0.0, 4.797096453689601, 2.7000000000000015 
14.427123058280282, 52.65098476762633, 0.0, 0.0, 1.0 
38.21329882684299, 49.24658475128591, 0.0, 4.4317854875394795, 2.200000000000001 
12.59473696801373, 49.17391221104854, 0.0, 0.0, 1.0 
41.37827081394976, 51.93176571416337, 0.0, 4.395583818535747, 2.200000000000001 
21.490654141383374, 51.67156415496081, 0.0, 0.0, 1.0 
0.7838265558576532, 27.96218714890256, 0.0, 0.1812873070494581, 2.7000000000000015 
5.322512177980553, 27.773019546039695, 0.0, 0.6662508940755776, 2.7000000000000015 
45.85042887419303, 28.709779726802488, 0.0, 4.146457544307811, 2.4000000000000012 
42.73972486156435, 33.790671840015555, 0.0, 0.0, 1.0 
27.87487597787524, 13.96771892694349, 0.0, 4.547455657443716, 2.7000000000000015 
12.392895243111846, 10.55803159255269, 0.0, 0.0, 1.0 
27.51931596693105, 3.7471658102198355, 0.0, 4.775820063844287, 2.7000000000000015 
36.68612089372184, 0.7696785583201583, 0.0, 0.0, 1.0 
62.18420417414687, 23.170397543680146, 0.0, 7.287936336247654, 2.7000000000000015 
35.86167195775631, 32.3967252076236, 0.0, 4.707942666126563, 2.7000000000000015 
13.191595462269973, 7.122745222152437, 0.0, 0.0, 1.0 
32.93989735596009, 46.405673512309995, 0.0, 2.8381650309647943, 1.6000000000000005 
18.20145879098308, 61.97371810291956, 0.0, 0.0, 1.0 
28.73021271513288, 45.74452486149808, 0.0, 0.0, 1.0 
19.923910187141498, 50.37110835933276, 0.0, 0.0, 1.0 
25.13624695738508, 49.923015527574854, 0.0, 0.0, 1.0 
45.684045672975095, 36.66005815637325, 0.0, 4.27153073322497, 2.7000000000000015 
17.880040572170984, 7.082816344439516, 0.0, 0.0, 1.0 
55.94265987754803, 12.636846216014598, 0.0, 0.650516963748461, 1.1 
22.78462788489838, 45.78293032022916, 0.0, 0.0, 1.0 
21.014141732437118, 53.68041052400539, 0.0, 0.0, 1.0 
14.968166143641174, 46.14560363783649, 0.0, 0.0, 1.0 
44.84411041588925, 8.625130597325349, 0.0, 0.0, 1.0 
44.592130216981936, 44.0645772448454, 0.0, 0.0, 1.0 
42.855504046858975, 54.81384837005704, 0.0, 4.911317669739422, 2.5000000000000013 
25.24285734490901, 33.05831056241634, 0.0, 0.0, 1.0 
52.874379197815195, 5.240065311279108, 0.0, 0.0, 1.0 
29.958053248229184, 40.50065501722512, 0.0, 6.51181311578131, 2.7000000000000015 
11.654999332230384, 18.16164151049034, 0.0, 0.0, 1.0 
40.84406105771813, 49.108173631873775, 0.0, 4.2311803221377735, 2.7000000000000015 
53.00615696521073, 24.11932917817464, 0.0, 1.2328891085785025, 2.7000000000000015 
49.17502097345288, 37.43205461403129, 0.0, 4.7396350856082865, 2.7000000000000015 
5.9112666544939865, 16.700829798303108, 0.0, 0.0, 1.0 
47.6886497505812, 16.616147306676663, 0.0, 0.0, 1.0 
37.918355463620614, 14.003047768939322, 0.0, 0.0, 1.0 
35.78699803021081, 46.86850800477284, 0.0, 0.0, 1.0 
52.81237779077102, 0.5539510792548366, 0.0, 0.0, 1.0 
33.82253654674103, 44.608433489619415, 0.0, 0.0, 1.0 
49.10550187183082, 14.885577446283989, 0.0, 0.0, 1.0 
49.212426712153594, 42.82345011154898, 0.0, 0.886831675508948, 2.7000000000000015 
11.265607404078464, 62.425768995545866, 0.0, 0.0, 1.0 
27.611563735432085, 37.55199488915112, 0.0, 0.0, 1.0 
18.62930608148, 17.983411170866052, 0.0, 0.0, 1.0 
7.558548957629509, 46.80885785049016, 0.0, 0.0, 1.0 
0.24718381249280685, 19.770179500870505, 0.0, 2.672825243304258, 1.3000000000000003 
56.668205263780514, 26.438906712098802, 0.0, 0.4295965406771698, 2.7000000000000015 
13.670611504803954, 3.865301305855593, 0.0, 0.0, 1.0 
34.07070914236927, 5.674286919366164, 0.0, 0.0, 1.0 
47.03759740219231, 61.906514884070326, 0.0, -0.25818546902255685, 2.7000000000000015 
61.430356732846825, 11.913442668487209, 0.0, 0.0, 1.0 
27.35110791686876, 0.9439644842598625, 0.0, 4.850308232453916, 2.7000000000000015 
58.97987439652677, 3.209512293206584, 0.0, 5.521677581319179, 1.7000000000000006 
45.75963575179572, 33.0311370452857, 0.0, 0.0, 1.0 
7.78687965927284, 11.565467315749961, 0.0, 0.0, 1.0 
1.8935497523480058, 24.13956444195696, 0.0, 6.586586943590478, 2.7000000000000015 
62.93939930236692, 15.93273713540333, 0.0, 1.9055315853191348, 1.2000000000000002 
50.06832614584207, 16.81805684547687, 0.0, 0.749839262988864, 1.1 
15.094540671609712, 19.243495314728925, 0.0, 1.6068409870169136, 2.7000000000000015 
37.48501838980779, 9.432605673468249, 0.0, 0.0, 1.0 
22.893462179771706, 36.65626247425293, 0.0, 0.0, 1.0 
9.827940207033127, 11.967946971278145, 0.0, 0.0, 1.0 
36.738915471387976, 7.712933537272429, 0.0, 0.0, 1.0 
33.06584849382905, 28.914861900390424, 0.0, 5.060764431756474, 2.7000000000000015 
53.49182260211646, 32.045829077464965, 0.0, 4.483914851179425, 2.5000000000000013 
39.18005117447211, 60.50648852138819, 0.0, 0.0, 1.0 
8.869420106149033, 36.775796044262165, 0.0, 2.0867091375804603, 2.7000000000000015 
5.749757681437136, 48.06758264615662, 0.0, 0.0, 1.0 
30.848945977981586, 7.240346668029188, 0.0, 3.919255726001211, 2.7000000000000015 
12.526373843503304, 27.45930155953438, 0.0, 1.6964975614724698, 2.7000000000000015 
53.30799078430475, 10.125819218750056, 0.0, 2.279950283002311, 1.1 
23.831554107013545, 59.607838764811106, 0.0, 0.0, 1.0 
27.28222810094488, 61.32171733107131, 0.0, 4.748122895482872, 2.7000000000000015 
56.3483832198183, 50.36930820370861, 0.0, 6.033264762255239, 2.7000000000000015 
20.35025551655821, 9.338685354257846, 0.0, 0.0, 1.0 
35.43339062958303, 9.205555041647257, 0.0, 0.0, 1.0 
21.84562824411652, 18.768778677064997, 0.0, 0.0, 1.0 
4.0017702144253775, 57.698996057071035, 0.0, 2.1369159731882035, 2.7000000000000015 
54.50177578901791, 24.829249915125263, 0.0, 1.7061144834949058, 2.4000000000000012 
0.04267307964310248, 50.114776954364935, 0.0, 2.39768507800818, 2.7000000000000015 
14.472203033081069, 30.279547035329706, 0.0, 4.8283527140276865, 2.7000000000000015 
40.853359583914674, 25.688855443458664, 0.0, 0.0, 1.0 
34.4160998953301, 58.42923537935796, 0.0, 0.0, 1.0 
8.757380925428894, 59.44711811858778, 0.0, 0.0, 1.0 
31.79480094811122, 24.111283896502517, 0.0, 5.133992630767867, 2.7000000000000015 
62.64038836973829, 52.52247416795796, 0.0, 2.1816844784116265, 2.7000000000000015 
47.08458967776641, 14.455907652600619, 0.0, 0.0, 1.0 
29.613386769510488, 37.42663603466858, 0.0, 0.0, 1.0 
37.861077477190875, 62.12417446932285, 0.0, 0.0, 1.0 
43.904215672994106, 42.387650047850144, 0.0, 3.3638418208150602, 2.7000000000000015 
11.804976813847274, 3.0064443506329184, 0.0, 0.0, 1.0 
15.990506287858118, 24.595897826108356, 0.0, 4.835660360048138, 2.7000000000000015 
24.151369121701116, 29.737881257581307, 0.0, 0.0, 1.0 
11.400001285535062, 30.229831005179513, 0.0, 2.5888154984796055, 2.7000000000000015 
58.52768465349284, 17.921948622977062, 0.0, 0.0, 1.0 
15.429631850927281, 56.05831934906023, 0.0, 0.0, 1.0 
56.52640660093817, 4.727015781025848, 0.0, 2.3861074807800846, 1.1 
40.1934593667567, 20.288343880938168, 0.0, 4.372816391282888, 2.7000000000000015 
20.97276240836226, 1.0715333242219551, 0.0, 0.0, 1.0 
55.82179617933332, 59.98443826114719, 0.0, 3.012342559771768, 2.7000000000000015 
11.688725965195415, 20.09230996815857, 0.0, 3.066831686182863, 1.6000000000000005 
45.574784933870845, 10.553360034369083, 0.0, 0.0, 1.0 
3.7422510097157264, 53.69850426127451, 0.0, 0.0, 1.0 
30.116621701844462, 14.403224741734489, 0.0, 4.083297364571248, 2.7000000000000015 
35.63704502774784, 12.769936870499595, 0.0, 4.11394953744105, 2.7000000000000015 
25.204964248556617, 8.462101751148897, 0.0, -1.432029300427954, 2.5000000000000013 
37.43558548765519, 26.65930730964518, 0.0, 4.343749567337513, 2.5000000000000013 
26.06107375586412, 61.96861866801017, 0.0, 5.034434872473397, 2.7000000000000015 
35.529521019616816, 56.957270943417235, 0.0, 0.0, 1.0 
25.623971624584797, 59.1160652571047, 0.0, 5.188291152202952, 2.7000000000000015 
9.766504585593264, 2.7558978728202037, 0.0, 0.0, 1.0 
24.062697316372716, 10.666900302232566, 0.0, 0.0, 1.0 
57.926106595031435, 41.80986833891483, 0.0, 4.968621338328087, 2.7000000000000015 
18.164696007529816, 33.957177278867675, 0.0, 0.0, 1.0 
39.671272911401694, 2.6417583772840336, 0.0, 0.0, 1.0 
51.29916224342892, 31.463570296222738, 0.0, 5.087185807001412, 2.5000000000000013 
9.792049821355338, 17.372220737524138, 0.0, 0.0, 1.0 
46.33254443900437, 12.504641470935713, 0.0, 0.0, 1.0 
29.076260005154925, 17.725237657254056, 0.0, 0.0, 1.0 
41.18333290724192, 47.37661439648691, 0.0, 3.697690935303643, 2.7000000000000015 
16.156947051557115, 6.135075829340826, 0.0, 0.0, 1.0 
18.010087982855797, 58.479113922704904, 0.0, 2.9968293070275536, 2.6000000000000014 
28.967924176365422, 22.2622355089388, 0.0, -1.6815366732103576, 2.6000000000000014 
11.212764064768736, 27.765380124283897, 0.0, 1.5817698405603455, 2.7000000000000015 
39.39528857994955, 44.137365548776025, 0.0, 3.668170935427554, 2.5000000000000013 
29.55505699497357, 5.169510495286832, 0.0, 3.9007712937245627, 2.7000000000000015 
57.296296917143096, 30.402300517339793, 0.0, 0.6310301984462839, 2.7000000000000015 
57.60358419423583, 23.137065314461427, 0.0, 3.075377085453367, 2.7000000000000015 
20.29345029089548, 44.007743905035625, 0.0, 0.0, 1.0 
48.79090231001233, 9.453575466279846, 0.0, 0.0, 1.0 
12.03768190105431, 55.401781399217086, 0.0, 0.0, 1.0 
29.69256466541554, 3.6726552222629874, 0.0, 0.0, 1.0 
59.44896669039859, 34.14075386678099, 0.0, 1.5963075623409664, 2.4000000000000012 
5.188738141929553, 21.732071367844025, 0.0, 2.296148573027365, 1.3000000000000003 
34.76012452910611, 0.5806781983144035, 0.0, 0.0, 1.0 
9.74665987796274, 38.01157490971322, 0.0, 2.6613363765571405, 2.7000000000000015 
60.575205663163544, 24.980655007094207, 0.0, 2.8010969883192174, 2.7000000000000015 
19.072378437276583, 6.004243841791835, 0.0, 0.0, 1.0 
0.42415512639406655, 12.196072787219622, 0.0, 0.0, 1.0 
12.09850082856842, 52.53845161438178, 0.0, 0.0, 1.0 
10.00352037574826, 28.591664399591256, 0.0, 1.4561293167159117, 2.7000000000000015 
42.41595862495639, 37.17271652255434, 0.0, 0.0, 1.0 
44.15873996963835, 6.685432590401948, 0.0, 0.0, 1.0 
0.8857458707355252, 8.642872845983234, 0.0, 0.0, 1.0 
5.776703501347088, 61.03227204253241, 0.0, 3.722721740566836, 1.2000000000000002 
54.17245506367974, 35.38305437952126, 0.0, 4.586026625162271, 2.7000000000000015 
26.838902338061853, 43.021879599676765, 0.0, -0.13646863123080724, 2.7000000000000015 
62.209244872940204, 13.836008665436282, 0.0, 0.0, 1.0 
3.150764177510044, 61.85327278956301, 0.0, 2.3427341598890767, 2.7000000000000015 
36.72989174772388, 30.937644990218608, 0.0, 4.493544946043537, 2.7000000000000015 
22.459241488705455, 9.797883877128916, 0.0, 4.7173078416210465, 2.7000000000000015 
10.734204656468973, 1.205211250285273, 0.0, 0.0, 1.0 
33.81473047827408, 40.5835247347962, 0.0, 0.0, 1.0 
33.06619651538903, 59.961595003699095, 0.0, 0.0, 1.0 
7.8051415814767005, 2.2552953185809033, 0.0, 0.0, 1.0 
44.91616841176641, 31.332944466283987, 0.0, 3.474207452036915, 2.7000000000000015 
21.347489837353066, 33.161383870674904, 0.0, 0.0, 1.0 
8.85812369376055, 9.83507110840857, 0.0, 0.0, 1.0 
16.00346093635724, 42.19426318944139, 0.0, 6.138875752108169, 2.7000000000000015 
8.431293299191578, 53.157537430810905, 0.0, 4.022167238382449, 2.7000000000000015 
17.212647528939215, 35.539292643314546, 0.0, 3.5519538623586944, 2.7000000000000015 
25.26151376457128, 40.30925413862651, 0.0, 0.05039983973210783, 2.7000000000000015 
45.87817033536488, 15.92520355829337, 0.0, 0.0, 1.0 
18.30459887853188, 43.5890634384266, 0.0, 0.0, 1.0 
8.499369518726132, 4.334052582290024, 0.0, 0.0, 1.0 
11.194358778095157, 53.97272632755842, 0.0, 3.096737441174406, 2.7000000000000015 
32.60986844279103, 54.34423303881802, 0.0, 4.767957861828274, 2.7000000000000015 
28.370113832523266, 41.97238689491954, 0.0, -0.06644842967847317, 2.7000000000000015 
21.52833461866079, 62.214649950354186, 0.0, 0.0, 1.0 
39.57653431487289, 9.593482458211547, 0.0, 0.0, 1.0 
1.7873670925839416, 21.846884095539437, 0.0, 1.5379371846302132, 1.1 
57.788758568315345, 20.878059572875003, 0.0, 5.223274197960079, 2.7000000000000015 
24.00750740478743, 44.152297834930344, 0.0, 0.0, 1.0 
16.35861688197153, 32.736827592062845, 0.0, 4.587847717968797, 2.7000000000000015 
18.45538183884799, 59.986558127595494, 0.0, 0.0, 1.0 
35.954828184590255, 14.925355122663582, 0.0, 3.9990733469004103, 2.6000000000000014 
