position_x,position_y,position_z,orientation,aspect_ratio
44.0337429754853, 43.677279805952296, 0.0, 0.0, 1.0 
33.121203012593945, 27.143887960665367, 0.0, 0.0, 1.0 
37.14518182338585, 45.26092612678252, 0.0, 0.0, 1.0 
26.24870484429636, 19.075966227769083, 0.0, 0.0, 1.0 
53.337121918541754, 14.923601682738102, 0.0, 0.0, 1.0 
59.2058117671943, 46.530711058927366, 0.0, 0.0, 1 
47.65397316826612, 35.49957682027348, 0.0, 0.0, 1.0 
35.8745455761051, 39.18939894585167, 0.0, 0.0, 1.0 
57.9847920345121, 57.314806187050145, 0.0, 0.0, 1.0 
19.36277931102138, 51.10170351977656, 0.0, 0.0, 1 
29.544447460316846, 4.7459755034358455, 0.0, 0.0, 1.0 
40.72763168517861, 0.7387101848446453, 0.0, 0.0, 1.0 
33.04696485636762, 34.588073198962256, 0.0, 0.0, 1.0 
24.011379549289764, 14.12821046149908, 0.0, 0.0, 1.0 
13.670876273660967, 25.064426320101614, 0.0, 0.0, 1.0 
10.407318216153238, 57.63928914525769, 0.0, 3.9277438039643386, 1.7000000000000006 
18.254234795096902, 20.94896689561161, 0.0, 0.0, 1.0 
2.432820806778255, 23.57971177173915, 0.0, 0.0, 1 
39.07831977152925, 45.81504011380372, 0.0, 0.0, 1.0 
13.193736552222326, 23.128387318270235, 0.0, 0.0, 1 
13.97888571387746, 49.188892882080275, 0.0, 0.0, 1.0 
14.20158960037373, 3.7226830311702632, 0.0, 0.0, 1.0 
3.56334374865415, 44.3391576110367, 0.0, 0.0, 1.0 
48.390043033920826, 46.90283104117127, 0.0, 0.0, 1.0 
28.683056355499126, 31.373126964298475, 0.0, 0.0, 1.0 
41.6855885382584, 57.85354533407331, 0.0, 0.0, 1.0 
26.72418301320204, 30.81299673356036, 0.0, 0.0, 1.0 
42.430622268984216, 28.259130619687227, 0.0, 0.0, 1.0 
9.758926643053197, 55.50018333422055, 0.0, 0.0, 1.0 
27.49279266283062, 58.27554275101959, 0.0, 0.0, 1 
3.0733047260735975, 42.32130268774111, 0.0, 0.0, 1 
32.220940864744954, 8.40892556723904, 0.0, 0.0, 1.0 
21.42823715670882, 16.51869638292456, 0.0, 0.0, 1.0 
6.83581799617469, 50.90500768309403, 0.0, 0.0, 1.0 
42.512196202272605, 45.11918272996518, 0.0, 0.0, 1.0 
25.976138941381443, 34.17515753364755, 0.0, 0.0, 1.0 
27.44082178347529, 4.733134371974872, 0.0, 0.0, 1.0 
40.86898606917929, 17.805479391186974, 0.0, 0.0, 1.0 
44.71885955525058, 5.500744513669493, 0.0, 0.0, 1.0 
24.1524345030747, 28.468440173590185, 0.0, 0.0, 1.0 
48.82137431702985, 48.945792781417, 0.0, 0.0, 1.0 
4.772066197149415, 33.563773568653495, 0.0, 0.0, 1 
53.50459820326876, 6.876212452168646, 0.0, 0.0, 1.0 
14.865747130741548, 19.970313897185182, 0.0, 0.0, 1.0 
40.83551957406777, 53.85806943416588, 0.0, 0.0, 1.0 
59.50834169660728, 55.961001136113545, 0.0, 0.0, 1.0 
19.721540436912665, 36.99959769942008, 0.0, 0.0, 1.0 
39.203990022918994, 12.603697856848216, 0.0, 0.0, 1.0 
7.785396208100079, 54.90393174307573, 0.0, 0.0, 1.0 
1.0343168814338282, 10.530123971362821, 0.0, 0.0, 1.0 
12.706247462521045, 28.49175633401732, 0.0, 0.0, 1.0 
43.15593086968757, 39.69075222566844, 0.0, 0.0, 1.0 
29.702836287914014, 44.263479345903875, 0.0, 0.0, 1 
44.33941471673374, 28.87164028989643, 0.0, 0.0, 1.0 
21.984213915643995, 33.54212993424299, 0.0, 0.0, 1.0 
22.23723804132827, 19.930157606013342, 0.0, 0.0, 1.0 
35.39436841592954, 37.19019438799634, 0.0, 0.0, 1.0 
32.8027780229299, 42.01662084743739, 0.0, 0.0, 1.0 
39.47973067983358, 47.890451737253834, 0.0, 0.0, 1.0 
20.08430020126201, 27.958049708425392, 0.0, 0.0, 1.0 
32.076703963709086, 16.767772433879365, 0.0, 0.0, 1.0 
9.294766118714078, 29.357785345125517, 0.0, 0.0, 1.0 
57.659711518943276, 23.808776590572847, 0.0, 0.0, 1 
5.215783028186213, 35.5232713132556, 0.0, 0.0, 1.0 
34.617002621264035, 3.0273344760790093, 0.0, 0.0, 1.0 
60.116030849153, 50.56424005821261, 0.0, 0.0, 1.0 
28.52383886038696, 12.476582753029929, 0.0, 0.0, 1.0 
1.2840045785508971, 15.852992128888104, 0.0, 0.0, 1 
54.03439857243612, 56.0940065917915, 0.0, 0.0, 1.0 
12.813468489019424, 20.495213932668527, 0.0, 5.616741059084685, 1.1 
10.00921845712878, 59.935276012655414, 0.0, 0.0, 1.0 
24.923611709337877, 22.890740274312645, 0.0, 0.0, 1.0 
33.49860956590773, 36.57972625587933, 0.0, 0.0, 1.0 
17.43123121506809, 17.51598620489345, 0.0, 0.0, 1 
59.79156152410503, 41.134771614644436, 0.0, 0.0, 1 
53.43325967939483, 12.840047343993565, 0.0, 1.8202087759039292, 1.1 
24.232021277006236, 19.51831005330264, 0.0, 0.0, 1.0 
12.164824142326971, 4.2602628687869695, 0.0, 0.0, 1 
45.756172898877814, 34.89829821219306, 0.0, 0.0, 1.0 
21.534618964584407, 26.011595750491605, 0.0, 0.0, 1.0 
45.35166620066564, 49.666482056360366, 0.0, 0.0, 1.0 
43.40036704428811, 49.078847982113665, 0.0, 0.0, 1.0 
48.996915823174994, 41.53559307418664, 0.0, 0.0, 1.0 
49.75336350040311, 16.887039222070477, 0.0, 0.0, 1.0 
50.754759406307734, 49.528271350482704, 0.0, 0.0, 1.0 
3.0020930980337255, 18.132468454790814, 0.0, 0.0, 1.0 
44.47128800444981, 15.716592932709895, 0.0, 0.0, 1 
25.13996023106787, 10.19749464456378, 0.0, 0.0, 1.0 
2.7610980864190857, 32.921370885854266, 0.0, 0.0, 1.0 
28.543210970740102, 2.9510429096628834, 0.0, 0.0, 1.0 
25.25692657775456, 24.89641706042546, 0.0, 0.0, 1.0 
3.8331840345702366, 53.689083775188166, 0.0, 0.0, 1.0 
20.415960735843367, 49.36687154278922, 0.0, 0.0, 1 
29.86067793091371, 19.967671846752175, 0.0, 2.7920049862078655, 1.2000000000000002 
16.676281789342177, 29.42461242352688, 0.0, 0.0, 1.0 
51.684752944242156, 29.3440666800421, 0.0, 0.0, 1 
47.55973914423971, 59.70597782827487, 0.0, 0.0, 1.0 
16.10269780369232, 27.494883738021308, 0.0, 0.0, 1.0 
0.4705611136456693, 12.455343225438419, 0.0, 0.0, 1.0 
11.839246307773886, 11.598828036733565, 0.0, 0.0, 1 
32.59576227262451, 2.9566186281457787, 0.0, 0.0, 1.0 
21.414830999222637, 51.13169721952509, 0.0, 0.0, 1 
28.56290905391955, 56.53533498415783, 0.0, 0.0, 1 
44.807681022025896, 30.88675481331972, 0.0, 0.0, 1.0 
57.50271786667664, 55.317652015622194, 0.0, 0.0, 1.0 
56.27267357092574, 17.776543816894144, 0.0, 0.0, 1.0 
35.613407896238215, 46.600181817554514, 0.0, 0.0, 1.0 
42.74662835132044, 54.4771693128514, 0.0, 0.0, 1.0 
0.9627938708656475, 49.141876772633275, 0.0, 0.0, 1 
17.201787076869348, 58.13016832129778, 0.0, 0.0, 1.0 
25.833725846722665, 21.12850730687064, 0.0, 0.6787211979545796, 1.2000000000000002 
36.929071281947955, 35.837684963794906, 0.0, 0.0, 1.0 
52.7192789947054, 50.120115314242526, 0.0, 0.0, 1.0 
18.43068407250656, 45.74117629309772, 0.0, 0.0, 1 
23.37778631045984, 58.23054775675193, 0.0, 0.0, 1 
32.67381108862214, 60.066219300656364, 0.0, 0.0, 1.0 
56.06525038415763, 32.53831718416694, 0.0, 0.0, 1 
35.70155208815136, 22.499397640152736, 0.0, 0.0, 1.0 
12.045858190036583, 17.00450156003489, 0.0, 0.0, 1.0 
35.518375018386635, 29.7519207729651, 0.0, 0.0, 1.0 
42.956220200776336, 47.08109822187372, 0.0, 0.0, 1.0 
3.4231176622427926, 2.683551236662747, 0.0, 0.0, 1 
2.863074290246029, 57.22033777051912, 0.0, 1.285707458818784, 1.1 
28.692515787263694, 45.9626872185674, 0.0, 0.0, 1 
30.128565353756148, 29.95909763830613, 0.0, 0.0, 1.0 
4.581808646713011, 40.94582228428149, 0.0, 0.0, 1 
17.218008832290558, 12.122026058337827, 0.0, 0.0, 1.0 
16.177403759881656, 3.2507536026286514, 0.0, 0.0, 1.0 
39.35062301517945, 55.28324433725897, 0.0, 0.0, 1.0 
56.50240412813329, 34.5905996588362, 0.0, 0.0, 1 
23.606066218627035, 44.154540824005394, 0.0, 0.0, 1.0 
5.230655193564379, 14.95959985960558, 0.0, 0.0, 1.0 
23.715557801779312, 26.5995985686515, 0.0, 0.0, 1.0 
15.998219103571246, 16.036116384991047, 0.0, 0.0, 1.0 
7.242653671317918, 14.485178494182898, 0.0, 0.0, 1.0 
8.198467670449046, 5.177375362961682, 0.0, 0.0, 1 
39.35178300962422, 8.526274041454654, 0.0, 0.0, 1.0 
48.711879233915646, 32.161546429499325, 0.0, 0.0, 1.0 
30.395936402729266, 22.34453221871721, 0.0, 0.0, 1.0 
5.985868830736172, 46.91169445697214, 0.0, 0.0, 1.0 
26.83348272528508, 23.426168699147308, 0.0, 0.0, 1.0 
54.79819883715105, 16.3573007084604, 0.0, 0.0, 1.0 
51.66705643577707, 7.746307301413945, 0.0, 0.0, 1.0 
39.38449127284893, 2.3277653339242286, 0.0, 0.0, 1.0 
41.06981184131534, 9.501613479324725, 0.0, 0.0, 1.0 
30.836769522620358, 42.46822241119704, 0.0, 0.0, 1.0 
0.8372782707529317, 32.371481063578884, 0.0, 0.0, 1.0 
20.259169183906867, 20.430605604427203, 0.0, 0.0, 1.0 
1.4205802826343492, 51.09780282089616, 0.0, 0.0, 1.0 
20.696699849405228, 29.910168068844612, 0.0, 0.0, 1.0 
58.05377030238492, 4.040038866291676, 0.0, 0.0, 1.0 
39.53278625238306, 23.43069102014882, 0.0, 0.0, 1.0 
33.58994167188042, 29.176228947274385, 0.0, 0.0, 1.0 
57.193062781878076, 21.82295095888663, 0.0, 0.0, 1 
46.154306496872124, 18.737331939163376, 0.0, 0.0, 1 
32.784410644093825, 49.513969692473545, 0.0, 0.0, 1.0 
17.77795577027607, 36.87229344754304, 0.0, 0.0, 1.0 
51.63754805553527, 13.83713621433541, 0.0, 0.0, 1.0 
51.577906107477055, 36.72522464162162, 0.0, 0.0, 1.0 
37.56293911326672, 54.78452537428589, 0.0, 0.0, 1.0 
8.53476219167069, 42.118870183563004, 0.0, 0.0, 1 
6.312606806912308, 24.751020101837728, 0.0, 0.0, 1 
20.772835954201405, 35.223197639588335, 0.0, 0.0, 1.0 
5.643271407937594, 37.55426873914667, 0.0, 0.0, 1 
37.51030258942468, 11.586077903656756, 0.0, 0.0, 1.0 
10.40780164189088, 50.118364166549945, 0.0, 0.0, 1.0 
22.59186160474976, 42.34548755542414, 0.0, 0.0, 1 
23.338448310588966, 1.1554830387588966, 0.0, 0.0, 1.0 
28.540272631658038, 60.04675528314926, 0.0, 0.0, 1 
18.465627875135443, 42.24391043629382, 0.0, 0.0, 1.0 
56.93856698587739, 36.56216641139083, 0.0, 0.0, 1 
47.03314449895329, 40.94446618786472, 0.0, 0.0, 1.0 
11.026440171664348, 37.34514321335559, 0.0, 0.0, 1 
37.33013950613291, 37.818460176586164, 0.0, 0.0, 1.0 
51.254520819353715, 27.342435920428393, 0.0, 0.0, 1 
34.8092765718925, 56.60313138328154, 0.0, 0.0, 1.0 
31.682803970411726, 54.82782566363227, 0.0, 0.0, 1.0 
43.192028663892785, 56.50755277693781, 0.0, 0.0, 1.0 
49.87722185441041, 10.730380233609024, 0.0, 0.0, 1.0 
47.2908657798631, 50.295295940678294, 0.0, 0.0, 1.0 
51.13874630936925, 34.72980526842503, 0.0, 0.0, 1.0 
16.380195536599054, 8.677001665105838, 0.0, 0.0, 1 
48.044682481723186, 13.761756534216383, 0.0, 0.0, 1.0 
13.341227142643735, 0.432177387298474, 0.0, 0.0, 1 
41.90252879876405, 26.228796905216402, 0.0, 0.0, 1.0 
19.15328547368017, 1.0776824145462318, 0.0, 0.0, 1.0 
5.389201938559546, 2.209724210425241, 0.0, 0.0, 1 
7.814796343457442, 23.339985349077057, 0.0, 0.0, 1 
26.526047404177977, 52.99693752583362, 0.0, 0.0, 1.0 
5.837921208095492, 54.2931004330263, 0.0, 0.0, 1 
10.706025174006218, 20.584312831287086, 0.0, 0.0, 1 
29.16507849097623, 33.382550320821096, 0.0, 0.0, 1.0 
33.72617028320313, 58.328544483077145, 0.0, 0.0, 1.0 
15.18541484023788, 30.983810523971393, 0.0, 0.0, 1.0 
42.73918175434648, 12.624203749346727, 0.0, 0.0, 1.0 
8.07364695846729, 17.92694091912684, 0.0, 0.0, 1 
44.69292397767377, 38.27953520456513, 0.0, 0.0, 1.0 
33.834705442679784, 17.71225861071524, 0.0, 0.0, 1.0 
1.9049524594192975, 53.120317419598315, 0.0, 0.0, 1.0 
22.45470962224744, 52.97712908735054, 0.0, 0.0, 1 
2.6131851077329817, 59.840895488313635, 0.0, 0.0, 1.0 
53.96981973261446, 10.816499950467607, 0.0, 0.0, 1.0 
33.7587597032728, 51.273723373091094, 0.0, 0.0, 1.0 
2.903351375805764, 25.58578559316886, 0.0, 0.0, 1 
20.2808595515825, 2.7365387110017183, 0.0, 0.0, 1 
3.8824954863340255, 13.486054734709558, 0.0, 0.0, 1.0 
19.536438544133677, 26.003577125653496, 0.0, 0.0, 1.0 
37.44873087560782, 13.63367956344628, 0.0, 0.0, 1.0 
30.655839407251367, 53.031287753980436, 0.0, 0.0, 1.0 
52.74933165803567, 25.97125766085247, 0.0, 0.0, 1 
18.134452628172866, 59.95563902538821, 0.0, 0.0, 1.0 
31.5764446916568, 1.2269175914076116, 0.0, 0.0, 1.0 
30.53737197550536, 2.966753597473682, 0.0, 0.0, 1.0 
55.72741340620018, 47.32827164663594, 0.0, 0.0, 1 
38.53710203721649, 27.01262821441968, 0.0, 0.0, 1.0 
53.21317611315506, 27.963725784454553, 0.0, 0.0, 1 
3.445902837525441, 20.177372796481553, 0.0, 0.0, 1.0 
30.694468719157584, 39.22910004206189, 0.0, 0.0, 1.0 
58.895001680403446, 37.17490959515562, 0.0, 0.0, 1 
49.833504258365515, 1.7944003571683227, 0.0, 0.0, 1.0 
15.042406736371992, 43.6778850598446, 0.0, 0.361936908584644, 1.1 
7.368082239095201, 21.36098898858208, 0.0, 0.0, 1.0 
58.78022769083001, 44.52204520213135, 0.0, 0.0, 1 
41.24673679019657, 39.05160248474914, 0.0, 0.0, 1.0 
56.85218182023155, 7.9506071028036, 0.0, 0.0, 1 
47.719499198365114, 52.31881787692904, 0.0, 0.0, 1.0 
33.999486401247324, 31.17458093447345, 0.0, 0.0, 1.0 
48.26236827148164, 30.14124492489972, 0.0, 0.0, 1.0 
35.60878042540603, 16.70106024882673, 0.0, 0.0, 1.0 
41.04682571972467, 11.618766347539477, 0.0, 0.0, 1.0 
3.970107338920462, 46.331374473858325, 0.0, 0.0, 1 
54.80832717396909, 43.335175682984776, 0.0, 0.0, 1 
46.74068576623287, 31.516112356801816, 0.0, 0.0, 1.0 
22.36152786893282, 59.97471141374907, 0.0, 0.0, 1 
4.604084823662753, 16.90749666239995, 0.0, 0.0, 1 
60.069709680727414, 3.594294257061839, 0.0, 0.0, 1 
32.65923697317853, 25.15421556683633, 0.0, 0.0, 1.0 
40.94355847332533, 22.000813173281248, 0.0, 3.8466174929779444, 1.1 
37.550982910716726, 9.483636331625561, 0.0, 0.0, 1.0 
29.680080218879677, 51.26618154704392, 0.0, 0.0, 1.0 
15.174045090448878, 12.599201592532145, 0.0, 0.0, 1 
55.48767949970279, 6.4368017976602925, 0.0, 0.0, 1.0 
22.699771906225, 29.926724996983125, 0.0, 0.0, 1.0 
42.83262146080065, 10.573278537857654, 0.0, 0.0, 1.0 
29.603799702408033, 35.365131093717224, 0.0, 0.0, 1.0 
18.193573218220862, 2.8265241067037903, 0.0, 0.0, 1.0 
19.699435529691254, 22.39701008592099, 0.0, 0.0, 1.0 
32.558994289343325, 32.549239219005194, 0.0, 0.0, 1.0 
12.476463674398069, 35.910928421339385, 0.0, 0.0, 1 
2.329786170696002, 30.995267112222827, 0.0, 0.0, 1.0 
20.33906339563004, 7.78229236119989, 0.0, 0.0, 1 
13.209906485906265, 30.457878147107802, 0.0, 0.0, 1.0 
0.018609855210890862, 20.98969087871948, 0.0, 0.0, 1.0 
42.11192100941079, 43.05121159978568, 0.0, 0.0, 1.0 
46.86918599304947, 48.314031338160014, 0.0, 0.0, 1.0 
18.12150885903977, 27.55623850835685, 0.0, 0.0, 1.0 
56.20077036630074, 49.33057358425635, 0.0, 0.0, 1 
60.225171162818356, 9.036264129413436, 0.0, 0.0, 1.0 
19.9107684490498, 33.360549066604314, 0.0, 0.0, 1.0 
52.02929806527173, 38.735600973705125, 0.0, 0.0, 1.0 
6.649632899679551, 16.510200523284944, 0.0, 0.0, 1.0 
30.71094537192414, 49.48615958477884, 0.0, 0.0, 1.0 
57.104296716251376, 29.15700127272984, 0.0, 0.0, 1 
51.38186923572418, 44.12457482200144, 0.0, 0.0, 1.0 
55.717956914502714, 23.18320774146452, 0.0, 0.0, 1 
21.208140181424895, 11.18470401161486, 0.0, 0.0, 1.0 
28.70017553048889, 10.436610076763095, 0.0, 0.0, 1.0 
39.893641787619565, 33.006411702054926, 0.0, 0.0, 1.0 
21.222459538686184, 31.757247786738116, 0.0, 0.0, 1.0 
50.902806887662514, 42.15618748744338, 0.0, 0.0, 1 
32.15173889845719, 14.582863264131047, 0.0, 0.0, 1.0 
56.75117326347727, 19.80537315487101, 0.0, 0.0, 1.0 
16.99537546832122, 1.0933279070187585, 0.0, 3.098593295502324, 1.1 
7.012354184048842, 43.50429062325138, 0.0, 0.0, 1.0 
44.88762377765878, 23.531577255948026, 0.0, 0.0, 1 
20.603551918811597, 13.099574801950252, 0.0, 0.0, 1.0 
6.363736787435392, 11.047561008361653, 0.0, 0.0, 1 
26.186816344034586, 28.905816693772326, 0.0, 0.0, 1.0 
16.331085332365486, 21.49966658537203, 0.0, 0.0, 1.0 
58.854600149834006, 7.5000417288828265, 0.0, 0.0, 1 
53.78213085231378, 46.727437798229964, 0.0, 0.0, 1 
1.2056827535453154, 58.38258659719122, 0.0, 0.0, 1 
51.83076472478112, 21.98247974662351, 0.0, 0.0, 1.0 
57.48670039633915, 6.010938831339462, 0.0, 0.0, 1.0 
42.930347156443226, 22.85963146070145, 0.0, 0.0, 1.0 
53.95662681889292, 39.338323311349, 0.0, 0.0, 1.0 
0.6120817706637448, 60.306791512420034, 0.0, 0.0, 1.0 
12.787139912356198, 2.295644813312243, 0.0, 0.0, 1 
58.22205921263975, 9.484892810821028, 0.0, 0.0, 1.0 
13.221027247220897, 54.523944436748124, 0.0, 0.0, 1.0 
54.20670054910248, 48.70874547429278, 0.0, 0.0, 1 
46.426480948379385, 8.5964186860478, 0.0, 0.0, 1.0 
24.645652176057105, 42.42470062157785, 0.0, 0.0, 1 
42.478759382406885, 1.7294007874950534, 0.0, 0.0, 1.0 
46.330842856748426, 10.623666846289849, 0.0, 0.0, 1 
36.58278321786068, 26.406227398402923, 0.0, 0.0, 1.0 
39.28272638881191, 10.56331668021441, 0.0, 0.0, 1.0 
24.511881053053187, 52.954043374120836, 0.0, 0.0, 1 
37.89477716537844, 32.40887507523025, 0.0, 0.0, 1.0 
17.18267655131718, 31.361820134450603, 0.0, 0.0, 1.0 
16.394915584568523, 45.75417036465595, 0.0, 0.0, 1 
8.41865367796932, 10.56859402609187, 0.0, 0.0, 1 
9.772284003963257, 12.056629835305195, 0.0, 0.0, 1.0 
25.69677334693514, 8.269442773529171, 0.0, 0.0, 1.0 
36.7733435563727, 60.15357703713858, 0.0, 0.0, 1.0 
44.065974864585634, 60.488553434938744, 0.0, 0.0, 1.0 
14.367020970933426, 34.369326013941304, 0.0, 0.0, 1.0 
41.00317101452742, 46.502452235156575, 0.0, 0.0, 1.0 
12.376152485131366, 9.625198900244829, 0.0, 0.0, 1.0 
14.820696810653486, 38.37154094803164, 0.0, 0.0, 1 
30.389045969685153, 13.540401750363255, 0.0, 0.0, 1 
42.28692260707256, 35.64489412188149, 0.0, 0.0, 1.0 
33.76226663860268, 54.81359675690022, 0.0, 0.0, 1.0 
51.42854370368153, 0.2527682456944908, 0.0, 0.0, 1.0 
47.33682473688184, 26.14623925598752, 0.0, 0.0, 1.0 
26.718972485830076, 42.43269998534703, 0.0, 0.0, 1.0 
55.57967540988343, 54.705393596398274, 0.0, 0.0, 1.0 
45.56458237349275, 42.3523176743798, 0.0, 0.0, 1.0 
2.49517337194879, 47.73362133938105, 0.0, 0.0, 1.0 
59.38700324225687, 39.18117884560523, 0.0, 0.0, 1 
42.30088338733645, 52.50373604709874, 0.0, 0.0, 1.0 
59.646512834440685, 24.41650749619831, 0.0, 0.0, 1 
49.87966113445944, 8.667308287771807, 0.0, 0.0, 1.0 
34.33165081182168, 40.61074462846128, 0.0, 0.0, 1.0 
15.840900956107244, 32.9055895311853, 0.0, 0.0, 1.0 
55.06278117724198, 35.958093297772514, 0.0, 0.0, 1 
10.917672619582593, 44.70802388229272, 0.0, 0.0, 1.0 
6.891544216908578, 19.384582305700995, 0.0, 0.0, 1.0 
18.587521567805712, 13.611455146583102, 0.0, 0.0, 1 
21.98645209309288, 14.59580518054703, 0.0, 0.0, 1.0 
15.207023320834601, 58.065462382099334, 0.0, 0.0, 1 
5.834434373181073, 12.980269851678372, 0.0, 0.0, 1.0 
5.620996006287077, 7.595915768907364, 0.0, 0.0, 1.0 
1.4343358318884247, 3.15609719416055, 0.0, 0.0, 1 
1.000904698114063, 17.643160660501895, 0.0, 0.0, 1 
14.946063317264146, 7.212379861876902, 0.0, 0.0, 1.0 
15.360662608270312, 23.53635282298363, 0.0, 6.110619834877093, 1.1 
50.34010348691475, 23.318186253529074, 0.0, 0.0, 1.0 
25.284616180688797, 32.27583934032459, 0.0, 0.0, 1.0 
11.88476649728203, 48.66616250303488, 0.0, 0.0, 1.0 
10.01692334667424, 40.773738887722956, 0.0, 0.0, 1.0 
36.75199137204661, 43.209838120248236, 0.0, 0.0, 1.0 
42.83961643005956, 30.237754588888752, 0.0, 0.0, 1.0 
18.32317027679285, 8.255391544843702, 0.0, 0.0, 1 
35.6137718508127, 18.755132182290424, 0.0, 0.0, 1.0 
20.834506910215996, 18.50785333537442, 0.0, 0.0, 1.0 
49.16291715752084, 34.11959807829006, 0.0, 0.0, 1.0 
14.056516160157003, 41.84079970539215, 0.0, 0.0, 1.0 
49.066909242783325, 58.28822796455295, 0.0, 0.0, 1.0 
9.101364286608009, 36.72551099374036, 0.0, 0.0, 1.0 
26.79140298816778, 17.199889170027248, 0.0, 0.0, 1.0 
57.09281940888025, 53.34094267645474, 0.0, 0.0, 1.0 
42.91553958553802, 6.453264837396959, 0.0, 0.0, 1.0 
3.0195673428314613, 10.031336647175548, 0.0, 0.0, 1.0 
55.60379856938488, 30.56626151519013, 0.0, 0.0, 1 
42.72256944664158, 37.66982152006522, 0.0, 0.0, 1.0 
20.435535475513646, 45.829763752141076, 0.0, 0.0, 1 
40.35974793210373, 51.865670182518556, 0.0, 0.0, 1.0 
8.310064565419225, 25.355340775582263, 0.0, 0.0, 1 
31.71598846786897, 51.25978830832963, 0.0, 0.0, 1.0 
2.2116915156409944, 6.602088618251684, 0.0, 0.0, 1.0 
2.649071080742943, 40.363367825481404, 0.0, 0.0, 1 
54.673124220145525, 50.7412919663527, 0.0, 0.0, 1.0 
14.953618056775312, 1.651056866009824, 0.0, 0.0, 1.0 
15.553220692966184, 25.517779625904545, 0.0, 0.0, 1 
33.94461948854867, 13.582892237064963, 0.0, 0.0, 1.0 
9.762506226068831, 31.32804249635895, 0.0, 0.0, 1.0 
5.346471847374902, 52.30210488409549, 0.0, 0.0, 1.0 
46.0838565762341, 0.45781447500812494, 0.0, 0.0, 1.0 
1.5625924023458666, 43.70931438435644, 0.0, 0.0, 1 
33.76523875681562, 19.75479767783382, 0.0, 0.0, 1.0 
27.055670651165446, 9.649631875228371, 0.0, 0.0, 1.0 
51.83026852706734, 2.1957391308349203, 0.0, 0.0, 1.0 
9.33878825158687, 1.2771067623697245, 0.0, 0.0, 1.0 
32.16458698696038, 10.452887354796895, 0.0, 0.0, 1.0 
44.88906653370066, 47.679762135911325, 0.0, 0.0, 1.0 
15.255947914903276, 54.535107565021335, 0.0, 0.0, 1.0 
10.604403677114606, 35.320265228981874, 0.0, 0.0, 1.0 
28.721046787287058, 14.475700219915796, 0.0, 0.0, 1.0 
37.52788260828991, 1.422001510001367, 0.0, 0.0, 1.0 
53.67255639608158, 29.957371092213002, 0.0, 0.0, 1 
45.96722775922071, 44.27684956322492, 0.0, 0.0, 1.0 
50.63598855886473, 32.72393132915035, 0.0, 0.0, 1.0 
49.26305260391207, 50.89263031449775, 0.0, 0.0, 1.0 
58.623032115855096, 51.94695306194435, 0.0, 0.0, 1 
8.034058762100642, 40.117376595376236, 0.0, 0.0, 1 
15.45725239723176, 40.30986745736977, 0.0, 0.0, 1.0 
6.130882980245527, 39.486219046321615, 0.0, 0.0, 1.0 
0.06966605842813928, 1.6710880250640745, 0.0, 0.0, 1.0 
10.205201365946486, 25.9435667357472, 0.0, 0.0, 1 
6.2721468396431845, 56.251533067359055, 0.0, 0.0, 1 
44.50367754424675, 21.626342579447225, 0.0, 0.0, 1 
21.00820575301256, 23.981889148415686, 0.0, 0.0, 1.0 
25.61901435542694, 47.7191396026045, 0.0, 0.0, 1.0 
11.007045414171557, 8.21024471190435, 0.0, 0.0, 1 
39.98201141615346, 25.599962259164673, 0.0, 0.0, 1.0 
48.20462178140872, 54.283008871067295, 0.0, 0.0, 1.0 
53.560951710398314, 54.10584575747441, 0.0, 0.0, 1.0 
38.83526209399355, 36.41430285994398, 0.0, 0.0, 1.0 
59.96649559990426, 33.809954117500375, 0.0, 0.0, 1.0 
39.1571953038688, 14.6575464060311, 0.0, 0.0, 1 
52.15259556086984, 31.368382587259553, 0.0, 0.0, 1 
28.146196339629004, 29.42422170006013, 0.0, 0.0, 1.0 
11.673814671086962, 24.502736883718296, 0.0, 0.0, 1.0 
42.58894849716461, 20.852675366984453, 0.0, 0.0, 1.0 
17.512494878040563, 4.799715729017117, 0.0, 0.0, 1.0 
1.8204123596348147, 13.913636345689202, 0.0, 0.0, 1.0 
34.76194579488649, 49.626210256764686, 0.0, 0.0, 1.0 
14.345966927899834, 52.70179427209167, 0.0, 0.0, 1.0 
16.36403917460254, 42.17023784341483, 0.0, 0.0, 1.0 
4.896474110896252, 50.30635828163603, 0.0, 0.0, 1.0 
17.903592070057996, 33.23228313718746, 0.0, 0.0, 1.0 
35.676545397655, 1.2455899233398586, 0.0, 0.0, 1.0 
27.662578514224702, 47.738620815699235, 0.0, 0.0, 1.0 
13.473411205145485, 39.9086888322058, 0.0, 0.0, 1.0 
27.97587231009337, 37.01571393078002, 0.0, 0.0, 1.0 
56.179023350797905, 25.156829590582795, 0.0, 0.0, 1 
54.944760880500255, 8.385234175038521, 0.0, 0.0, 1.0 
6.7995312549716305, 26.769516451008837, 0.0, 0.0, 1 
24.842761742875844, 35.61028088495715, 0.0, 0.0, 1.0 
9.217967593218422, 14.036509702829498, 0.0, 0.0, 1.0 
26.63321797833085, 45.96874974981296, 0.0, 0.0, 1 
4.320869110617931, 55.687045780999775, 0.0, 0.0, 1.0 
35.214553188476806, 44.59083647022349, 0.0, 0.0, 1.0 
42.93118438320049, 4.394492974642916, 0.0, 0.0, 1.0 
17.319110064295423, 51.10649863413687, 0.0, 0.0, 1.0 
16.680298555377572, 38.64872673490582, 0.0, 0.0, 1 
20.380739041839405, 52.90514418907408, 0.0, 0.0, 1 
55.08749829657522, 52.69630752514431, 0.0, 0.0, 1.0 
23.2329468904026, 24.83348146999046, 0.0, 0.0, 1.0 
40.92847464027329, 15.718569514156783, 0.0, 0.0, 1.0 
32.27094329643348, 6.410169688142975, 0.0, 0.0, 1.0 
21.310206833959185, 58.231134903543605, 0.0, 0.0, 1.0 
50.779353011011835, 25.35144117070644, 0.0, 0.0, 1 
29.57037403360033, 58.315200836513, 0.0, 0.0, 1 
56.72264408597236, 2.564165421697985, 0.0, 0.0, 1.0 
35.676288751166425, 12.57187597576756, 0.0, 0.0, 1.0 
52.90333667277822, 42.74169569239942, 0.0, 0.0, 1.0 
24.541671852268845, 49.48338236575904, 0.0, 0.0, 1 
37.56809707687715, 7.474799748542472, 0.0, 0.0, 1.0 
25.716160043346747, 26.886852811594313, 0.0, 0.0, 1.0 
27.228558026780203, 25.471031803806262, 0.0, 0.0, 1.0 
41.6520273169892, 41.030662082118425, 0.0, 0.0, 1.0 
53.407378924051784, 0.857225969843844, 0.0, 0.0, 1.0 
18.7169384540938, 35.090904152486885, 0.0, 0.0, 1.0 
38.21189633300581, 58.652330671033596, 0.0, 0.0, 1.0 
30.2856871011896, 17.78088411700936, 0.0, 0.0, 1.0 
51.85507897796566, 46.15910060511522, 0.0, 0.0, 1.0 
5.795676633092035, 30.139612464678294, 0.0, 0.0, 1 
31.588458167080777, 28.543416452962884, 0.0, 0.0, 1.0 
54.129912828380085, 31.993324448973567, 0.0, 0.0, 1 
43.82622009854764, 51.07809505776065, 0.0, 0.0, 1.0 
48.37523622505753, 3.3722782633893202, 0.0, 2.6412755667364407, 1.1 
27.70700046167492, 20.438499161429288, 0.0, 0.0, 1.0 
26.511594650393757, 56.504762140898045, 0.0, 0.0, 1 
54.22891486854593, 24.579965587380073, 0.0, 0.0, 1 
25.40909169054289, 1.206331118437603, 0.0, 0.0, 1.0 
57.08579700995245, 13.400808278732528, 0.0, 0.0, 1.0 
30.647235613999367, 56.551765374568106, 0.0, 0.0, 1.0 
24.465624662783537, 6.653238248729917, 0.0, 5.09923623120121, 1.1 
44.220895696996536, 36.29334545454985, 0.0, 0.0, 1.0 
36.1124018347417, 24.399162405300324, 0.0, 0.0, 1.0 
38.93426257084926, 28.99901712084624, 0.0, 0.0, 1.0 
44.56949888504468, 11.625369186680723, 0.0, 0.0, 1 
33.95483690675706, 11.536569746336363, 0.0, 0.0, 1.0 
3.7304108527849227, 36.98412216818765, 0.0, 0.0, 1 
53.35675579606817, 44.73030010981279, 0.0, 0.0, 1 
15.556105267436804, 5.2296308813382915, 0.0, 0.0, 1.0 
55.621221202207145, 11.977765879006713, 0.0, 0.0, 1.0 
58.14336386304719, 25.803978140701613, 0.0, 0.0, 1 
33.87163023645511, 15.661141656781478, 0.0, 0.0, 1.0 
45.60806112605835, 59.087677626159305, 0.0, 0.0, 1.0 
59.243328686814785, 0.20013797062788305, 0.0, 0.0, 1.0 
45.85217039380503, 27.485701650946215, 0.0, 0.0, 1.0 
39.13616055539792, 18.867145776132705, 0.0, 0.0, 1.0 
40.79220861387752, 37.06168773172399, 0.0, 0.0, 1.0 
9.262582660095157, 21.94997405283429, 0.0, 0.0, 1 
40.34372553437167, 35.0499630755622, 0.0, 0.0, 1.0 
2.000244642317702, 1.1734133007487024, 0.0, 0.0, 1.0 
54.892881171953725, 60.08587406660469, 0.0, 0.0, 1.0 
60.06871880134234, 26.38644666880224, 0.0, 0.0, 1 
36.48570268313644, 33.773595488221275, 0.0, 0.0, 1.0 
57.596940245770774, 11.442233140423431, 0.0, 0.0, 1.0 
22.460518601339643, 7.1752244884474825, 0.0, 0.0, 1.0 
9.57317565956893, 38.733101475827375, 0.0, 0.0, 1 
59.89185806680819, 58.07659539035146, 0.0, 4.746530187376895, 1.3000000000000003 
18.349761264317827, 52.85096773656678, 0.0, 0.0, 1 
25.370267090625266, 15.612153539874463, 0.0, 0.0, 1 
42.59882038293522, 18.79424957447496, 0.0, 0.0, 1.0 
33.90031397429353, 38.59975771487976, 0.0, 0.0, 1.0 
31.12339396171796, 26.541298026432543, 0.0, 0.0, 1.0 
51.665240982085685, 11.831653579112707, 0.0, 0.0, 1.0 
20.53973504208156, 42.28175916483845, 0.0, 0.0, 1.0 
1.9807403359162912, 21.595813901008565, 0.0, 0.0, 1 
22.460957833590818, 49.404593475192044, 0.0, 0.0, 1 
3.4021765669941693, 51.73877052773499, 0.0, 0.0, 1.0 
15.405302758636555, 18.010577050597455, 0.0, 0.0, 1 
40.91330120915455, 29.625345065438392, 0.0, 0.0, 1.0 
6.419962073136381, 48.94353004917592, 0.0, 0.0, 1.0 
25.464272354910527, 4.760654374919912, 0.0, 0.0, 1.0 
48.05949580019213, 11.746063364298431, 0.0, 0.0, 1 
60.465670538582486, 14.431738349001607, 0.0, 0.0, 1.0 
1.4892874569368197, 19.62761009832593, 0.0, 0.0, 1.0 
37.41932468039709, 19.931355205561953, 0.0, 0.0, 1.0 
8.966151395617937, 44.096627896984444, 0.0, 0.0, 1.0 
4.282641390894476, 31.570506697339063, 0.0, 0.0, 1.0 
9.310296302523575, 53.52873040140923, 0.0, 0.0, 1.0 
47.90551064390054, 44.94025299539897, 0.0, 0.0, 1.0 
43.6451691087, 58.459981447372215, 0.0, 0.0, 1.0 
51.42370580793811, 19.932509445883742, 0.0, 0.0, 1.0 
58.023504473455304, 16.689157524628435, 0.0, 0.0, 1.0 
48.14272530321273, 9.634757827506721, 0.0, 0.0, 1 
40.9718213412738, 13.633878708173178, 0.0, 0.0, 1.0 
26.0113427639019, 13.60871323278416, 0.0, 0.0, 1.0 
53.04282362651051, 35.358696138579226, 0.0, 0.0, 1.0 
48.15058749628518, 37.51299088749375, 0.0, 0.0, 1.0 
38.38549047028632, 34.42585819240437, 0.0, 0.0, 1.0 
6.716543058712839, 34.13236705239879, 0.0, 0.0, 1.0 
5.485395613163727, 44.947546861281985, 0.0, 0.0, 1.0 
36.82921891623794, 52.8472912351121, 0.0, 0.0, 1.0 
58.160174688880865, 49.928073971854126, 0.0, 0.0, 1 
59.63340843240631, 10.949316578679086, 0.0, 0.0, 1.0 
0.8478374244692025, 56.47766196164531, 0.0, 0.0, 1.0 
55.47369600491407, 37.97878700832836, 0.0, 0.0, 1.0 
41.272700257531646, 55.87526056284404, 0.0, 0.0, 1.0 
19.397990467982368, 17.022755549114642, 0.0, 0.0, 1.0 
39.62807965492555, 57.259188995951995, 0.0, 3.5601840099529225, 1.1 
13.57722806797196, 5.677698546736338, 0.0, 0.0, 1.0 
50.004709123203426, 6.610823388622572, 0.0, 0.0, 1.0 
23.51998000871006, 47.660651260713635, 0.0, 0.0, 1.0 
58.492885264905404, 35.177022198430464, 0.0, 0.0, 1.0 
56.19759254866918, 10.037501755629341, 0.0, 0.0, 1.0 
47.22116440578825, 33.533798622568106, 0.0, 0.0, 1.0 
9.5862981932053, 6.672255046155059, 0.0, 0.0, 1 
24.430148679064327, 56.514643668969924, 0.0, 0.0, 1 
37.466532046002825, 56.804599775984485, 0.0, 0.0, 1.0 
46.32016760504076, 12.70436990725718, 0.0, 0.0, 1.0 
31.70734972085461, 44.31291258274121, 0.0, 0.0, 1.0 
8.81999738904404, 51.46697833998728, 0.0, 0.0, 1.0 
6.7628746193905735, 58.508489181426384, 0.0, 5.260713884262554, 1.3000000000000003 
12.966744581393716, 7.714009100555199, 0.0, 0.0, 1.0 
60.23407817364024, 43.16673035977728, 0.0, 0.0, 1 
17.359544780828127, 47.58148135787077, 0.0, 0.0, 1.0 
21.678501727749026, 21.88604036977078, 0.0, 0.0, 1.0 
56.673369969426716, 27.206032523319397, 0.0, 0.0, 1 
58.283679721449296, 42.55429673223767, 0.0, 0.0, 1 
4.859492520677372, 57.634067457644925, 0.0, 0.0, 1.0 
54.07460659767428, 4.9574797225962755, 0.0, 0.0, 1.0 
22.82717812527423, 35.39808328442426, 0.0, 0.0, 1 
10.721338532657729, 27.953214108073485, 0.0, 0.0, 1 
12.574563868668948, 52.572070747103446, 0.0, 0.0, 1.0 
13.777565179806297, 11.142508696393563, 0.0, 0.0, 1 
49.44578187659459, 43.53482637120562, 0.0, 0.0, 1 
4.405461610920676, 24.189594579678097, 0.0, 0.0, 1 
20.253582685307588, 59.94178158436833, 0.0, 0.0, 1.0 
50.34187727392933, 3.8430699995184474, 0.0, 2.4879718012091803, 1.1 
3.284805042854983, 15.453536581833163, 0.0, 0.0, 1.0 
23.413027444377878, 54.71750223791837, 0.0, 0.0, 1 
14.294277987905561, 36.386427037977484, 0.0, 0.0, 1 
8.739990611370084, 58.505739102636994, 0.0, 0.0, 1.0 
6.280749101534726, 32.14900205797584, 0.0, 0.0, 1.0 
26.421903004194128, 2.999054404055725, 0.0, 0.0, 1.0 
8.286506497969638, 32.73264374609954, 0.0, 0.0, 1.0 
2.9085598278458185, 49.71546325299874, 0.0, 0.0, 1.0 
21.404646015537306, 54.69470278698812, 0.0, 0.0, 1 
41.4284671221013, 48.49992709943034, 0.0, 0.0, 1.0 
10.777588253926995, 52.11244139063329, 0.0, 0.0, 1.0 
42.12024508195167, 59.89362833590513, 0.0, 0.0, 1.0 
52.53964566551691, 57.477360998085445, 0.0, 0.0, 1.0 
20.013726054081335, 15.09448752250502, 0.0, 0.0, 1.0 
0.1984142988281737, 7.052619458517487, 0.0, 0.0, 1.0 
57.23459371275907, 45.94576017216908, 0.0, 0.0, 1 
6.0039313155755325, 0.24334217011553572, 0.0, 0.0, 1.0 
49.31399657058125, 26.719526620423373, 0.0, 0.0, 1.0 
11.232419405881268, 13.577104378155807, 0.0, 0.0, 1.0 
37.35595111844649, 17.796661862954718, 0.0, 0.0, 1.0 
20.671611503575562, 38.776694566109626, 0.0, 0.0, 1 
23.39396287000406, 16.08448412206411, 0.0, 0.0, 1 
41.14616382643906, 5.391468899001669, 0.0, 0.0, 1.0 
44.46589675584938, 45.72456391977396, 0.0, 0.0, 1.0 
30.431696054011454, 6.948233088690973, 0.0, 4.639066561764994, 1.6000000000000005 
40.443201370524704, 27.626238107305074, 0.0, 0.0, 1.0 
44.54012093966514, 13.72564874239594, 0.0, 0.0, 1 
31.78460384774618, 47.698442885736924, 0.0, 0.0, 1.0 
23.69140817177517, 21.355554156039105, 0.0, 0.0, 1.0 
22.34488168544723, 2.8369181676882462, 0.0, 0.0, 1.0 
52.583067867454766, 33.33391994023084, 0.0, 0.0, 1 
46.21578064229316, 53.721274349476616, 0.0, 0.0, 1.0 
27.523173008247884, 54.7664552919484, 0.0, 0.0, 1.0 
35.77621542744548, 54.82124156178456, 0.0, 0.0, 1.0 
14.384344475342726, 9.149737147336314, 0.0, 0.0, 1 
57.591911588092415, 31.188085013321967, 0.0, 0.0, 1 
32.108235601240885, 30.58406701529423, 0.0, 0.0, 1.0 
54.78712678827243, 19.189963372730137, 0.0, 0.0, 1.0 
12.22019981480592, 33.904397298709284, 0.0, 3.0770873509733034, 1.1 
46.20352121668237, 20.50822159740548, 0.0, 0.0, 1 
30.451513145238554, 9.386636632473877, 0.0, 0.0, 1.0 
18.241761584622274, 56.40276400100228, 0.0, 0.0, 1.0 
57.00670258036804, 0.28859205171750085, 0.0, 3.731574635511708, 1.4000000000000004 
40.549365634765635, 44.46183220018675, 0.0, 0.0, 1.0 
6.209028596733695, 5.659691127619827, 0.0, 0.0, 1.0 
3.861834072131173, 29.568838222069417, 0.0, 0.0, 1 
6.559097843371306, 41.552854812526974, 0.0, 0.0, 1 
40.81044490653642, 19.901653200509354, 0.0, 1.959640395990612, 1.1 
35.53422961733758, 20.708327805744265, 0.0, 0.0, 1.0 
41.84722826306786, 33.66348344289409, 0.0, 0.0, 1.0 
53.28005641391718, 8.931211470943806, 0.0, 0.0, 1.0 
30.72296892236433, 24.49300341775324, 0.0, 0.0, 1.0 
49.87986956475836, 12.79128481558027, 0.0, 0.0, 1.0 
44.65945191569097, 7.4874800728089, 0.0, 0.0, 1.0 
57.41052478036616, 38.58404463978339, 0.0, 0.0, 1.0 
39.08754790631479, 21.102337495172854, 0.0, 2.1756763278171998, 1.1 
49.85345615730007, 45.51732823855835, 0.0, 0.0, 1.0 
60.5509181474141, 28.406517066175567, 0.0, 0.0, 1 
47.799178733183474, 28.137363753373638, 0.0, 0.0, 1.0 
29.1675292639412, 26.02314651419707, 0.0, 0.0, 1.0 
40.210052965129584, 59.282082230762725, 0.0, 0.0, 1.0 
4.012362544540904, 0.6990235853616801, 0.0, 0.0, 1.0 
36.3211052026786, 41.1948347479393, 0.0, 0.0, 1.0 
56.79803053252666, 43.899448719621056, 0.0, 0.0, 1 
59.03327571874655, 12.927862753457493, 0.0, 0.0, 1.0 
32.416491825157586, 40.031480697232965, 0.0, 0.0, 1.0 
44.50658188143391, 1.7743937813377921, 0.0, 0.0, 1.0 
46.481939755252874, 6.490340361419387, 0.0, 0.0, 1.0 
16.581304402100937, 14.098770504229227, 0.0, 0.0, 1.0 
52.44756620206605, 40.7229886903632, 0.0, 0.0, 1.0 
45.80375453077198, 51.697726512092565, 0.0, 0.0, 1.0 
43.88447707074757, 26.87834672834394, 0.0, 0.0, 1.0 
26.77806126509892, 38.907348614468155, 0.0, 0.0, 1 
33.83989292304846, 47.68584580626139, 0.0, 3.8575349893796513, 1.1 
26.600554544255477, 49.43835615532939, 0.0, 0.0, 1 
46.61119948202364, 4.491026662953069, 0.0, 0.0, 1.0 
51.00138048458338, 58.89294923296946, 0.0, 0.0, 1.0 
23.75822341707231, 8.711915525491227, 0.0, 0.0, 1.0 
41.13343270560891, 7.483199698455859, 0.0, 0.0, 1.0 
21.757395790235716, 9.20663711508095, 0.0, 0.0, 1.0 
44.301331814536596, 53.1140335925675, 0.0, 0.0, 1.0 
2.3573484148657227, 55.10283255973493, 0.0, 0.0, 1.0 
5.3211954373682815, 28.20724730278501, 0.0, 0.0, 1 
27.710755997468826, 34.99837733946255, 0.0, 0.0, 1.0 
32.18047659336883, 12.523781646157138, 0.0, 0.0, 1.0 
16.215446504882657, 49.35786549394926, 0.0, 2.732950511050262, 1.1 
34.5681788986516, 25.788260844922878, 0.0, 0.0, 1.0 
28.755310102011673, 38.919855813779684, 0.0, 0.0, 1.0 
11.464839664406679, 39.33593520932356, 0.0, 0.0, 1.0 
60.394105052831385, 35.76708765862506, 0.0, 0.0, 1.0 
51.19146020362033, 51.49997292324521, 0.0, 0.0, 1.0 
14.172250933690792, 56.25860188965094, 0.0, 0.0, 1.0 
18.973126650960044, 24.125942832484743, 0.0, 0.0, 1.0 
50.11289440236792, 54.88843637404297, 0.0, 0.0, 1.0 
35.97320869973644, 58.28265207938274, 0.0, 6.09788108537376, 1.1 
25.709797798227207, 40.66619097848898, 0.0, 0.0, 1.0 
8.67008502027479, 34.73432237325235, 0.0, 0.0, 1.0 
38.283958898358705, 51.297131632848, 0.0, 6.097997090757372, 1.2000000000000002 
18.80404991880251, 18.992711566901693, 0.0, 0.0, 1.0 
11.266942889379173, 22.508128190942116, 0.0, 0.0, 1.0 
8.202229940103276, 56.82835420399235, 0.0, 0.0, 1 
59.04011314171257, 53.902363806238114, 0.0, 0.0, 1.0 
50.23689754359944, 30.745384386474505, 0.0, 0.0, 1 
27.585356099589973, 51.25244762858979, 0.0, 0.0, 1.0 
13.314542223617774, 47.24223699775421, 0.0, 0.0, 1.0 
42.857038956791015, 8.50174345608137, 0.0, 0.0, 1.0 
35.725674779151554, 10.549091936810946, 0.0, 0.0, 1.0 
56.01372973854242, 56.734503526278644, 0.0, 0.0, 1.0 
58.68315953583376, 20.44696612970747, 0.0, 0.0, 1.0 
4.777400775204824, 4.129555884268365, 0.0, 0.0, 1.0 
44.757326985967495, 55.08444080854417, 0.0, 0.0, 1.0 
32.71235780594341, 56.57397491245344, 0.0, 0.0, 1.0 
32.24556592680717, 23.100076779918876, 0.0, 0.0, 1.0 
22.536204269579446, 45.87820326965263, 0.0, 0.0, 1.0 
19.451929961809885, 44.05848909656123, 0.0, 0.0, 1.0 
36.00153839470974, 31.793764806924596, 0.0, 0.0, 1.0 
19.267787407217813, 58.20701053260342, 0.0, 0.0, 1.0 
27.737716636548942, 44.217448006455705, 0.0, 0.0, 1.0 
12.54021329216641, 43.27271943296926, 0.0, 0.0, 1.0 
41.16049018197524, 3.3234582783154893, 0.0, 0.0, 1.0 
0.49500720957047595, 47.11992703985997, 0.0, 0.0, 1.0 
39.89566958362413, 49.8827493160478, 0.0, 0.0, 1.0 
16.312000981839798, 52.79532799729341, 0.0, 0.0, 1.0 
33.64788428495455, 1.2183386760902382, 0.0, 0.0, 1.0 
29.62452100632031, 54.79121134449434, 0.0, 0.0, 1 
7.782369628632117, 30.766233001511573, 0.0, 0.0, 1 
49.66257073160269, 52.905351015177345, 0.0, 0.0, 1.0 
35.08097694159666, 27.813107982892348, 0.0, 0.0, 1.0 
46.26369944308663, 14.717586807925192, 0.0, 0.0, 1 
34.74197730916076, 60.07518008015343, 0.0, 0.0, 1.0 
26.532574750469443, 6.497185522595721, 0.0, 0.0, 1.0 
19.764113783702363, 9.694879906842473, 0.0, 0.0, 1.0 
0.049160668128609614, 45.129142424282406, 0.0, 0.0, 1 
54.60137659757851, 33.95608677297313, 0.0, 0.0, 1 
49.617898723541586, 36.15064300386741, 0.0, 0.0, 1.0 
43.389723270282154, 24.884483075215392, 0.0, 0.0, 1.0 
13.753601391103203, 32.43534016456787, 0.0, 0.0, 1.0 
44.40764672067139, 17.738000274315088, 0.0, 0.0, 1 
4.93650149834449, 18.802485106337098, 0.0, 0.0, 1.0 
14.631789402520488, 29.019395671006272, 0.0, 0.0, 1.0 
29.72586842227192, 47.78371555141668, 0.0, 0.0, 1.0 
4.8335421168557025, 26.138258493355355, 0.0, 0.0, 1 
30.737015803136778, 45.988476457732766, 0.0, 0.0, 1.0 
17.421639450945666, 23.040810069194233, 0.0, 5.307321302448439, 1.4000000000000004 
10.241758003687206, 33.331560140720576, 0.0, 0.0, 1.0 
0.8536365778713058, 5.089304976654064, 0.0, 0.0, 1.0 
30.016509315477073, 37.329842913194874, 0.0, 0.0, 1.0 
21.304613919743566, 1.0895183493719132, 0.0, 0.0, 1 
16.023829261423394, 36.7230347092386, 0.0, 0.0, 1 
21.523077645062756, 44.10695486866275, 0.0, 0.0, 1.0 
21.632323995826518, 40.591584584266165, 0.0, 0.0, 1.0 
27.67727566853559, 27.434925625835568, 0.0, 0.0, 1.0 
31.996448401109863, 37.92700649354053, 0.0, 0.0, 1.0 
28.641328024843503, 53.03015417272434, 0.0, 0.0, 1.0 
33.71224591739502, 4.986266418916336, 0.0, 3.453063757957686, 1.2000000000000002 
31.542231616985973, 35.94817324207742, 0.0, 0.0, 1.0 
27.762279899851706, 40.732712099366516, 0.0, 0.0, 1.0 
46.48980100192274, 22.28369779498592, 0.0, 0.0, 1.0 
10.795108785923532, 2.783152412405829, 0.0, 0.0, 1 
24.70573576798317, 30.38675456198373, 0.0, 0.0, 1.0 
4.615138607257781, 59.43030831135053, 0.0, 0.0, 1.0 
19.445373619217406, 47.559896165162385, 0.0, 0.0, 1 
47.92879564975979, 17.87029413484006, 0.0, 0.0, 1.0 
0.8914652718944437, 24.994317565425344, 0.0, 0.0, 1 
46.15900212704368, 36.926091327871, 0.0, 0.0, 1.0 
24.79344641686816, 17.578201139795677, 0.0, 0.0, 1.0 
8.779704284473542, 27.376656737245927, 0.0, 0.0, 1 
58.28949549983432, 59.306558978239664, 0.0, 0.0, 1.0 
38.67582502543292, 43.8539439284256, 0.0, 0.0, 1.0 
33.447434324271754, 45.88138063623062, 0.0, 6.145096459456378, 1.8000000000000007 
55.268805397538955, 21.164341119843666, 0.0, 0.0, 1 
7.985181870618729, 60.39072693948733, 0.0, 0.0, 1.0 
12.60956068077047, 15.015529698845286, 0.0, 0.0, 1.0 
26.468379619812083, 60.05460414307031, 0.0, 0.0, 1.0 
17.506238339487666, 25.58204814495014, 0.0, 0.0, 1.0 
59.07193040562101, 29.77685073387018, 0.0, 0.0, 1.0 
44.62109905375631, 9.578247105160187, 0.0, 0.0, 1 
36.972752230047945, 28.38084384777255, 0.0, 0.0, 1.0 
15.759728107941779, 10.63963137419186, 0.0, 0.0, 1 
23.977791892584033, 33.77622740780943, 0.0, 0.0, 1.0 
14.328244497103222, 21.78536553360136, 0.0, 0.0, 1 
58.58985550450862, 27.808721906922333, 0.0, 0.0, 1.0 
31.876184748666336, 20.933906874362066, 0.0, 0.9751801794557735, 1.1 
24.602550742645615, 12.152355340728423, 0.0, 0.0, 1.0 
8.965806932612102, 8.665551231920244, 0.0, 0.0, 1 
52.4228187890685, 3.898596413214878, 0.0, 0.0, 1.0 
7.160478049871658, 36.08824713892164, 0.0, 0.0, 1.0 
14.152547560028154, 27.01719498937255, 0.0, 0.0, 1.0 
0.3967848176425506, 54.528827654345235, 0.0, 0.0, 1.0 
50.307791554971296, 47.50811280696263, 0.0, 0.0, 1.0 
21.737918860777818, 37.06488168809464, 0.0, 0.0, 1 
36.20995935638593, 50.86612992185814, 0.0, 5.312712239868262, 1.6000000000000005 
53.17829343414659, 52.1362358985412, 0.0, 0.0, 1.0 
4.202634181306606, 6.13654588165922, 0.0, 0.0, 1.0 
17.370167506367693, 43.99516975447743, 0.0, 0.0, 1.0 
1.1347353320158555, 41.76055761043268, 0.0, 0.0, 1 
41.42190626060344, 24.180100158890987, 0.0, 0.0, 1.0 
38.21548867496086, 41.845951596848515, 0.0, 0.0, 1.0 
24.4122513408988, 3.0116553391464933, 0.0, 0.0, 1.0 
24.596435389210384, 45.90441396995565, 0.0, 0.0, 1.0 
6.809525807099227, 3.6910837364844498, 0.0, 0.0, 1 
50.488050906158065, 40.147137736216834, 0.0, 0.0, 1.0 
44.34222530671192, 19.73432795709589, 0.0, 0.0, 1 
9.753185117211393, 23.951338165704104, 0.0, 0.0, 1 
24.76041202029256, 38.88985756910566, 0.0, 0.0, 1.0 
10.058060701505728, 17.506433451101937, 0.0, 0.0, 1.0 
49.75804485093805, 28.741700931223598, 0.0, 0.0, 1.0 
53.7402812994328, 22.60289839870502, 0.0, 0.0, 1 
1.7455229953886666, 36.38788715253474, 0.0, 0.0, 1 
1.8827344649260112, 28.95688892104411, 0.0, 0.0, 1 
50.5492316010278, 56.90634552252783, 0.0, 0.0, 1.0 
38.874031029719916, 53.22857224216311, 0.0, 0.0, 1.0 
29.676305504463695, 27.99896451118097, 0.0, 0.0, 1.0 
9.126694576817695, 19.54754582185697, 0.0, 5.491897100758541, 1.7000000000000006 
3.6033167995337494, 8.040553780711504, 0.0, 0.0, 1.0 
39.73195009860182, 40.43559472980326, 0.0, 0.0, 1.0 
58.22056004173475, 18.4631907144412, 0.0, 0.0, 1.0 
56.552969684510934, 15.39777728296056, 0.0, 0.0, 1.0 
38.06293582332182, 24.95312514451368, 0.0, 0.0, 1.0 
51.567740330921076, 15.928234008965982, 0.0, 0.0, 1.0 
25.919367324011617, 37.1704178359295, 0.0, 0.0, 1.0 
7.321757884845089, 52.898171892526804, 0.0, 0.0, 1.0 
34.80316613787504, 53.04358998556201, 0.0, 0.0, 1.0 
46.635507118776594, 55.684024869971935, 0.0, 0.0, 1.0 
49.83603768939105, 14.841972823290421, 0.0, 0.0, 1.0 
52.96841283006231, 59.492144225603525, 0.0, 0.0, 1.0 
16.243710423959023, 56.331141382841004, 0.0, 0.0, 1 
7.437726515728576, 45.536770804888256, 0.0, 0.0, 1.0 
59.62977193646047, 48.50745088198043, 0.0, 0.0, 1.0 
2.0342102669812836, 45.74299467001255, 0.0, 0.0, 1 
23.503817137851303, 51.20517141122078, 0.0, 0.0, 1.0 
60.16625445670031, 18.996305613226887, 0.0, 0.0, 1.0 
10.632350461594816, 15.491707658993985, 0.0, 0.0, 1.0 
8.6303513974206, 15.96858224166723, 0.0, 0.0, 1.0 
8.398526450516872, 49.54480370477296, 0.0, 0.0, 1.0 
55.148809759387156, 28.608669033497637, 0.0, 0.0, 1.0 
23.289066084711042, 31.87327709781314, 0.0, 0.0, 1.0 
2.4304098425128613, 11.957249115815502, 0.0, 0.0, 1.0 
18.375239462225533, 49.33094967370837, 0.0, 0.0, 1.0 
11.367849693620652, 46.72228556065678, 0.0, 0.0, 1.0 
9.869972533110673, 48.10402852552065, 0.0, 0.0, 1.0 
35.79096289457633, 8.483012806932413, 0.0, 0.0, 1.0 
1.4305812547339527, 26.994135810076347, 0.0, 0.0, 1 
10.40519577210976, 10.108350887237325, 0.0, 0.0, 1 
42.67354070974557, 16.74831091261545, 0.0, 0.0, 1.0 
22.89158303575217, 23.217665173349154, 0.0, 0.0, 1 
31.060088518825204, 33.96235527628869, 0.0, 0.0, 1.0 
19.147560102148212, 11.684496433327686, 0.0, 0.0, 1.0 
28.743686320464292, 42.47668142448001, 0.0, 0.0, 1.0 
48.387339719071406, 5.383293390886881, 0.0, 0.0, 1.0 
40.16801633360927, 42.47582046318954, 0.0, 0.0, 1.0 
25.45641960269697, 58.31439435406693, 0.0, 0.0, 1 
31.957535913227588, 18.830220971124792, 0.0, 0.0, 1.0 
11.782261968225793, 56.069066506501066, 0.0, 5.826222861176913, 1.1 
37.412495419314006, 15.672228118689398, 0.0, 0.0, 1.0 
46.32152535386566, 29.540388238792634, 0.0, 0.0, 1.0 
37.458245219366745, 30.410398749726333, 0.0, 0.0, 1.0 
45.36954702405601, 25.522568653139594, 0.0, 0.0, 1.0 
35.670922257327774, 14.673037264048236, 0.0, 0.0, 1 
31.569237416172893, 4.704461902467992, 0.0, 0.0, 1 
47.985107293322095, 1.0904818644097733, 0.0, 0.0, 1.0 
4.148303654232495, 38.92173617257802, 0.0, 0.0, 1.0 
39.37170273703109, 6.42783397673785, 0.0, 0.0, 1.0 
46.591378636500764, 38.883683973387456, 0.0, 0.0, 1.0 
28.691492499444333, 16.517403447727986, 0.0, 0.0, 1.0 
52.264309948617196, 23.94339054428667, 0.0, 0.0, 1.0 
29.541176804581212, 1.2179277205747356, 0.0, 0.0, 1.0 
46.412552926918295, 46.298536747401634, 0.0, 0.0, 1.0 
31.660298668340566, 58.3435791065095, 0.0, 0.0, 1 
8.749869178833604, 3.2197122283214568, 0.0, 0.0, 1 
25.515380940768278, 54.76424435290841, 0.0, 0.0, 1.0 
55.28340832501828, 45.30162630527016, 0.0, 0.0, 1 
37.67351410565016, 22.69391712803084, 0.0, 0.0, 1.0 
10.496677012557448, 42.71237053215392, 0.0, 0.0, 1.0 
23.793657955852858, 37.15139030324924, 0.0, 0.0, 1.0 
39.42364244518865, 31.03506385399473, 0.0, 0.0, 1.0 
53.34937015494511, 20.54107049072241, 0.0, 0.0, 1.0 
16.909533190894862, 6.747910297582535, 0.0, 0.0, 1 
52.311385357243495, 48.12041400430737, 0.0, 0.0, 1.0 
28.38045446642779, 18.561315729186486, 0.0, 0.0, 1.0 
56.070736469574165, 4.501217511326271, 0.0, 0.0, 1.0 
48.56802493555056, 39.52723354612255, 0.0, 0.0, 1.0 
47.449734984066104, 42.905837478965594, 0.0, 0.0, 1.0 
13.191365745446273, 13.066469198386566, 0.0, 0.0, 1.0 
45.15740745727125, 57.09339898961065, 0.0, 0.0, 1.0 
57.838227164428275, 40.511239991031594, 0.0, 0.0, 1.0 
34.509264918691485, 33.18248028287769, 0.0, 0.0, 1.0 
37.76942329329006, 39.8245023190931, 0.0, 0.0, 1.0 
30.406180086088824, 11.497360639692058, 0.0, 0.0, 1 
22.368641326575627, 56.45677899040286, 0.0, 0.0, 1 
0.49577376040220666, 23.019982219223294, 0.0, 0.0, 1 
4.431978469952432, 48.355643191834126, 0.0, 0.0, 1.0 
17.79280506546525, 10.18057786969533, 0.0, 0.0, 1 
43.754491346821034, 34.25512315620666, 0.0, 0.0, 1.0 
58.68447536535392, 2.094661022573491, 0.0, 0.0, 1 
39.382445799694054, 4.366768931641448, 0.0, 0.0, 1.0 
18.034741239263276, 15.606071645175378, 0.0, 0.0, 1.0 
33.79386920820719, 21.762931126560638, 0.0, 0.0, 1.0 
46.88522368149157, 24.15307638207987, 0.0, 0.0, 1 
24.390959441596465, 60.0091617504708, 0.0, 0.0, 1 
19.31362483833698, 54.634506677997614, 0.0, 0.0, 1 
46.49832503824085, 2.447834676968199, 0.0, 0.0, 1.0 
52.09203665418403, 55.493212956140134, 0.0, 0.0, 1.0 
16.541766375011647, 34.81269268012891, 0.0, 0.0, 1.0 
12.014340016143763, 41.34689409655287, 0.0, 0.0, 1.0 
42.72176508678385, 14.712169851234698, 0.0, 0.0, 1.0 
12.20099423191595, 26.484785211111877, 0.0, 0.0, 1.0 
7.804706993841248, 12.56116386224256, 0.0, 0.0, 1.0 
44.774118622471114, 3.552609861854263, 0.0, 0.0, 1.0 
11.741242459546173, 31.933224681839185, 0.0, 0.0, 1.0 
32.763562627448096, 53.07572327995261, 0.0, 0.0, 1.0 
51.63953892038014, 53.527870616581396, 0.0, 0.0, 1.0 
27.45867504916469, 1.2064361745530885, 0.0, 0.0, 1 
28.766932751443214, 24.10672277150126, 0.0, 0.0, 1.0 
21.478932833221105, 47.65225482481253, 0.0, 0.0, 1 
14.02413654708084, 16.55433977040686, 0.0, 0.0, 1.0 
25.52939127132337, 51.27979412051298, 0.0, 0.0, 1.0 
3.271014850388054, 34.93332876068612, 0.0, 0.0, 1 
30.62458197513363, 31.97507617881162, 0.0, 0.0, 1.0 
1.3083199926604185, 34.388896665757564, 0.0, 0.0, 1.0 
22.57894867650997, 12.634574662092623, 0.0, 0.0, 1.0 
19.553789096405957, 40.53266836206321, 0.0, 0.0, 1 
33.40361435037028, 44.038660588840855, 0.0, 0.0, 1.0 
37.56471211105838, 47.234367450835244, 0.0, 0.0, 1.0 
12.912191873890558, 37.898063742139534, 0.0, 0.0, 1.0 
5.044160455212919, 42.90972810968035, 0.0, 0.0, 1.0 
3.894349907432896, 22.17136732368179, 0.0, 0.0, 1 
12.48536130787887, 50.588862333847544, 0.0, 0.0, 1.0 
56.34699096695104, 41.89094419076264, 0.0, 0.0, 1.0 
20.366027125288827, 56.44366197005569, 0.0, 0.0, 1 
39.312223130398166, 38.44989019626462, 0.0, 0.0, 1.0 
43.33887252208111, 32.28654029966611, 0.0, 0.0, 1.0 
23.150851549594904, 10.666120571441187, 0.0, 0.0, 1.0 
28.58750297174318, 6.470363717556633, 0.0, 0.0, 1.0 
18.845304327439635, 6.316014653262866, 0.0, 0.0, 1 
11.474617035641256, 18.91329164941315, 0.0, 0.0, 1 
34.02977734650072, 7.416547611140898, 0.0, 0.0, 1.0 
26.63400976649278, 11.650394758572617, 0.0, 0.0, 1.0 
34.97629355991362, 35.20396734871433, 0.0, 0.0, 1.0 
11.386287959222857, 0.8444113083665511, 0.0, 0.0, 1 
0.2660275304339525, 37.76935735679387, 0.0, 0.0, 1 
19.498173704615915, 4.45088956249621, 0.0, 0.0, 1 
7.420922774459062, 1.7465637634833666, 0.0, 0.0, 1 
48.202085258387996, 7.589943268538006, 0.0, 0.0, 1.0 
9.41958024223168, 46.131249020485605, 0.0, 0.0, 1.0 
55.06166177159304, 13.964951494933054, 0.0, 0.0, 1.0 
7.013853681406623, 9.072711839232063, 0.0, 0.0, 1 
5.885530075011032, 22.800840643063385, 0.0, 0.0, 1 
36.12172841926765, 48.55331643787324, 0.0, 0.0, 1.0 
16.86092020827696, 19.525429556308772, 0.0, 0.0, 1.0 
48.64944033658607, 56.288429899814645, 0.0, 0.0, 1.0 
43.588644505110324, 41.68871734409515, 0.0, 0.0, 1.0 
29.81013502267032, 40.74170903039479, 0.0, 0.0, 1.0 
47.07832176876977, 57.70672424469515, 0.0, 0.0, 1.0 
48.117040863758106, 20.292642190673032, 0.0, 0.0, 1.0 
11.215826617149, 29.94316217853598, 0.0, 0.0, 1.0 
23.419320617197766, 4.88360680981087, 0.0, 0.0, 1.0 
51.42482307683278, 17.968703368688438, 0.0, 0.0, 1 
19.193785888464006, 31.46221182776768, 0.0, 0.0, 1.0 
14.950500839960918, 50.93995554736625, 0.0, 3.3053988672368027, 1.5000000000000004 
39.16066316739308, 16.726801236448264, 0.0, 0.0, 1.0 
58.000801082514435, 33.167728610133736, 0.0, 0.0, 1.0 
23.6680325089799, 40.644541852537486, 0.0, 0.0, 1.0 
48.42293708546307, 22.70193940217969, 0.0, 0.0, 1.0 
35.80885494653496, 6.41850322571452, 0.0, 0.0, 1.0 
46.250395137708836, 16.78227941671676, 0.0, 0.0, 1 
45.2363156315308, 32.88454763986863, 0.0, 0.0, 1.0 
59.975532303990065, 16.447586561359824, 0.0, 0.0, 1.0 
45.125459245654426, 40.29338266971626, 0.0, 0.0, 1.0 
5.402759261416932, 20.77459642722301, 0.0, 0.0, 1 
56.42490835568418, 58.694302887006074, 0.0, 0.0, 1.0 
59.50842404333054, 31.752457288992396, 0.0, 0.0, 1 
30.613329434044832, 60.01957696285642, 0.0, 0.0, 1 
37.96556626887046, 49.35429666525015, 0.0, 0.0, 1.0 
22.82186638315773, 18.01164688223909, 0.0, 0.0, 1.0 
18.679834592395324, 29.45058642592055, 0.0, 0.0, 1.0 
7.5603903142791165, 7.143105451958327, 0.0, 0.0, 1 
60.517750138759496, 52.535587226647294, 0.0, 0.0, 1.0 
33.972702731457915, 9.479252014396158, 0.0, 0.0, 1.0 
34.80612122653822, 42.60682589185269, 0.0, 0.0, 1.0 
38.7520493170006, 0.05046916566160087, 0.0, 0.0, 1.0 
14.032475778835476, 59.408729350415825, 0.0, 0.0, 1 
21.49584643982756, 4.374831242120922, 0.0, 0.0, 1.0 
4.442386041928013, 11.541285141241648, 0.0, 0.0, 1.0 
58.53788125486332, 14.841212310666466, 0.0, 0.0, 1.0 
25.644045250764698, 44.18987826043349, 0.0, 0.0, 1 
48.874088981444814, 24.744943304815553, 0.0, 0.0, 1.0 
27.27197030066468, 32.79641921338064, 0.0, 0.0, 1.0 
54.43272279005809, 58.061694477926245, 0.0, 0.0, 1.0 
28.652955130607914, 49.46754235918394, 0.0, 0.0, 1 
15.354916486354677, 47.55668589485963, 0.0, 0.0, 1.0 
59.44740485697619, 5.588687880838214, 0.0, 0.0, 1.0 
54.660264050011236, 26.596886953052632, 0.0, 0.0, 1 
17.533968991681306, 40.48073190855038, 0.0, 0.0, 1.0 
53.34047199760802, 17.764113734246237, 0.0, 0.0, 1.0 
11.560975418903789, 6.201935734770644, 0.0, 0.0, 1 
16.04048003058992, 59.96806472610494, 0.0, 5.3838249506708165, 1.1 
18.643043117180685, 38.738380125880035, 0.0, 0.0, 1 
12.786386881023237, 45.279391532411026, 0.0, 0.0, 1.0 
10.18370403146976, 4.734358706339633, 0.0, 0.0, 1 
35.83690050339892, 4.411225849694251, 0.0, 0.0, 1.0 
2.820936617504036, 4.623256400222162, 0.0, 0.0, 1.0 
59.14084371891345, 22.397218742869825, 0.0, 0.0, 1 
54.41594444609884, 41.33060877322896, 0.0, 0.0, 1.0 
49.68872872722859, 18.967604421095842, 0.0, 0.0, 1.0 
41.33926635858075, 31.668940713843448, 0.0, 0.0, 1.0 
22.70176766001083, 38.85873080680323, 0.0, 0.0, 1.0 
51.63812684395383, 9.773473803209685, 0.0, 0.0, 1.0 
12.811738444658278, 57.747966113771994, 0.0, 0.0, 1 
0.6836996611147902, 39.72299432947086, 0.0, 0.0, 1 
14.568171362022175, 45.63260825412319, 0.0, 0.0, 1.0 
37.58440796907755, 3.4067504178878028, 0.0, 0.0, 1.0 
20.85658493113943, 5.948654072915196, 0.0, 0.0, 1 
7.939820007293459, 47.50021316019208, 0.0, 0.0, 1.0 
53.482166319743605, 37.34660778453731, 0.0, 0.0, 1.0 
22.171283767778064, 27.96988627641353, 0.0, 0.0, 1.0 
30.42856731472258, 15.597155383309897, 0.0, 0.0, 1.0 
14.620756828177752, 14.568251605418006, 0.0, 0.0, 1 
11.216940262974836, 54.08519960118072, 0.0, 0.0, 1.0 
49.50587984792841, 60.340545578268035, 0.0, 0.0, 1.0 
47.98640846638644, 15.82763344285058, 0.0, 0.0, 1.0 
5.0252312615431345, 9.558597155635612, 0.0, 0.0, 1 
51.83425647516763, 5.691936943428955, 0.0, 0.0, 1.0 
17.282353835217876, 54.59918306022706, 0.0, 0.0, 1.0 
55.36280116386807, 1.364317959171523, 0.0, 0.0, 1.0 
1.619264261672116, 8.541079894262236, 0.0, 0.0, 1.0 
27.133241201143083, 15.224535170296766, 0.0, 0.0, 1.0 
13.459449904211251, 18.47997534993254, 0.0, 0.0, 1.0 
0.33256357036975775, 30.358782504125937, 0.0, 0.0, 1.0 
7.267663763597892, 28.768113401778486, 0.0, 0.0, 1 
28.40189378969161, 22.139261743073376, 0.0, 0.0, 1.0 
34.14254426713428, 23.815341016514093, 0.0, 0.0, 1.0 
12.023183502256492, 59.525401182230866, 0.0, 0.0, 1.0 
2.1841469649735425, 38.34430842544978, 0.0, 0.0, 1.0 
49.89774193316876, 21.301818156388546, 0.0, 0.0, 1.0 
28.705030974491258, 8.40072473705788, 0.0, 0.0, 1.0 
50.028025492378774, 38.14223530566374, 0.0, 0.0, 1.0 
57.67106226507108, 47.93182510002442, 0.0, 0.0, 1.0 
54.12188446698008, 2.867914980841292, 0.0, 0.0, 1.0 
37.62041294437568, 5.401544538734365, 0.0, 0.0, 1.0 
56.6094457451075, 51.32287867186813, 0.0, 0.0, 1 
41.87618435736846, 50.50030663970464, 0.0, 0.0, 1.0 
7.594936540554175, 38.15489877103456, 0.0, 0.0, 1 
3.3457904493723953, 27.575901693337354, 0.0, 0.0, 1 
