position_x,position_y,position_z,orientation,aspect_ratio
48.491104728644586, 8.10636934257053, 0.0, 0.0, 1.0 
34.13012235325619, 13.738988073623325, 0.0, 0.0, 1.0 
11.001967594887013, 20.042963223269943, 0.0, 0.0, 1.0 
14.981223314756825, 3.9987134076776667, 0.0, 0.0, 1.0 
13.285216223813224, 2.902825397404223, 0.0, 0.0, 1.0 
43.704778801240586, 50.722668428119114, 0.0, 0.0, 1.0 
55.831121796440726, 58.275341371259294, 0.0, 0.0, 1.0 
27.401132245880024, 1.2833363898732835, 0.0, 0.0, 1 
44.92831275571283, 7.973573934741958, 0.0, 0.0, 1.0 
24.67651153718387, 34.80569241581158, 0.0, 0.0, 1.0 
17.094706441684203, 52.854747160522, 0.0, 0.0, 1 
13.299535471871225, 0.8661229359013187, 0.0, 0.0, 1.0 
22.794254336425848, 39.789490038473694, 0.0, 0.0, 1 
12.705704463844226, 21.14059398141375, 0.0, 0.0, 1.0 
15.750497306363126, 37.58122728947203, 0.0, 0.0, 1.0 
49.5613538774603, 31.60461861020289, 0.0, 0.0, 1 
1.6433820869137374, 37.08723287011943, 0.0, 0.0, 1.0 
39.67399946833107, 6.800664273583613, 0.0, 0.0, 1.0 
0.06325942260653014, 31.922811372676623, 0.0, 0.0, 1.0 
40.193508694583464, 48.55029785454617, 0.0, 0.0, 1.0 
38.25909253912638, 53.58482331578753, 0.0, 0.0, 1 
2.8803276488854683, 56.4661524679315, 0.0, 0.0, 1.0 
56.59753956447713, 31.82808084861295, 0.0, 0.0, 1.0 
28.63302065262236, 20.698073575530255, 0.0, 0.0, 1.0 
58.51105060068325, 26.799852138770227, 0.0, 0.0, 1.0 
49.816873245647734, 21.398695125056896, 0.0, 0.0, 1 
41.93198226272033, 49.654723322237196, 0.0, 0.0, 1 
53.49377766877015, 17.442296894131402, 0.0, 0.0, 1.0 
16.652669567431246, 5.030622181861142, 0.0, 0.0, 1.0 
50.14250349266905, 11.22767306802347, 0.0, 0.0, 1.0 
23.415579877361264, 19.493955717306157, 0.0, 0.0, 1.0 
3.8609764406035096, 21.860669880352816, 0.0, 0.0, 1.0 
14.145237616503263, 32.421673829598056, 0.0, 0.0, 1.0 
53.61194727376918, 13.368740198568247, 0.0, 0.0, 1.0 
29.592035704943164, 48.178176721739575, 0.0, 0.0, 1.0 
41.03200331761543, 20.042777565907535, 0.0, 0.0, 1 
37.31470559576317, 26.047182769402585, 0.0, 0.0, 1 
19.336075031352138, 35.635672929978895, 0.0, 0.0, 1 
12.841250316622359, 17.07420314024326, 0.0, 0.0, 1.0 
35.95621612088392, 12.781123250419961, 0.0, 0.0, 1.0 
48.91019742405925, 51.954170743655716, 0.0, 0.0, 1.0 
41.55431280505417, 1.7852712655308822, 0.0, 0.0, 1.0 
45.57732370809833, 45.70276147996203, 0.0, 0.0, 1.0 
26.069179325066784, 48.07861824275092, 0.0, 0.0, 1 
26.29503784780376, 39.95731582300567, 0.0, 0.0, 1 
10.05075771083302, 52.655124368477665, 0.0, 0.0, 1.0 
31.969396021035212, 26.90954785506253, 0.0, 0.0, 1.0 
55.86170822776291, 56.25876208432178, 0.0, 0.0, 1.0 
25.908079507349996, 54.220173896426466, 0.0, 0.0, 1.0 
21.7268978712775, 14.282554716009862, 0.0, 0.0, 1 
52.01350834241254, 8.20362055190556, 0.0, 0.0, 1.0 
19.13272971163631, 43.795023777266294, 0.0, 0.0, 1 
32.10646100186087, 22.832079560628213, 0.0, 0.0, 1.0 
15.457543581387494, 47.71515924829259, 0.0, 0.0, 1.0 
25.459310703817504, 8.339831844523795, 0.0, 0.0, 1.0 
33.88482989029303, 21.891982364947886, 0.0, 0.0, 1.0 
44.20751088446872, 32.37548258208892, 0.0, 0.0, 1 
11.72711640985904, 55.78129261632502, 0.0, 0.0, 1.0 
34.99688148519893, 45.37083711967749, 0.0, 0.0, 1 
6.559070467901975, 50.46433487212147, 0.0, 0.0, 1 
56.75569794615605, 25.691334009057712, 0.0, 0.0, 1.0 
4.995380774875946, 43.31816138101446, 0.0, 0.0, 1.0 
11.305510970973929, 9.866457777440884, 0.0, 0.0, 1.0 
2.9219576761264574, 54.449657309494036, 0.0, 0.0, 1.0 
21.101129725940282, 36.732730957951816, 0.0, 0.0, 1 
0.23911571482627875, 25.82334881486958, 0.0, 0.0, 1.0 
46.008609170153996, 31.45932784163399, 0.0, 0.0, 1 
58.109147774677204, 41.06992775685159, 0.0, 0.0, 1.0 
44.974048773300126, 6.001314775507578, 0.0, 0.0, 1.0 
42.116185592090794, 43.51523112422048, 0.0, 0.0, 1.0 
19.485075017589278, 31.547120330119473, 0.0, 0.0, 1.0 
56.91506773445213, 21.607437236747256, 0.0, 0.0, 1 
1.7489910391518033, 32.99166634927038, 0.0, 0.0, 1.0 
36.309109999663164, 0.5854464960267359, 0.0, 0.0, 1.0 
9.79539598364579, 0.7271324039385865, 0.0, 0.0, 1.0 
8.772619051864803, 35.31400199917301, 0.0, 0.0, 1.0 
22.246478629685857, 58.129616656955186, 0.0, 0.0, 1.0 
3.7031617595963877, 27.950908505123127, 0.0, 0.0, 1.0 
14.549495378994752, 18.12360178439601, 0.0, 0.0, 1 
19.785697654671395, 21.403174017848745, 0.0, 0.0, 1.0 
38.36105681199826, 49.49822474764918, 0.0, 0.0, 1.0 
35.15664473014397, 39.24161626654278, 0.0, 0.0, 1 
41.377747201492085, 7.8547992004485065, 0.0, 0.0, 1 
55.447326456771165, 10.3784012685822, 0.0, 0.0, 1 
0.28052775190616674, 23.77256882724733, 0.0, 0.0, 1 
0.5538545020965187, 15.63895156052227, 0.0, 0.0, 1.0 
44.556434515944964, 20.182652237806586, 0.0, 0.0, 1 
51.331999906607614, 30.614405023178232, 0.0, 0.0, 1.0 
57.813612182462066, 51.18113317268879, 0.0, 0.0, 1 
32.28496478325041, 16.723812458733207, 0.0, 0.0, 1.0 
14.206945799063707, 30.34485393361913, 0.0, 0.0, 1.0 
7.838379182156909, 7.764084924882138, 0.0, 0.0, 1.0 
54.7216479834445, 36.825953555429486, 0.0, 0.0, 1.0 
21.827601236407116, 10.239484362328676, 0.0, 0.0, 1.0 
9.614081737285169, 6.79909248960039, 0.0, 0.0, 1.0 
30.726380174550048, 7.5141496181694984, 0.0, 0.0, 1.0 
33.19387429357933, 46.28733620279206, 0.0, 0.0, 1.0 
13.621574066708762, 50.71661622377763, 0.0, 0.0, 1 
32.54282853654173, 8.586789815314514, 0.0, 0.0, 1.0 
30.544093175086367, 15.629114483722287, 0.0, 0.0, 1.0 
33.66074946112652, 32.027841821522536, 0.0, 0.0, 1.0 
5.398200338962914, 29.029462122053697, 0.0, 0.0, 1.0 
8.42117103740366, 47.52718032927312, 0.0, 0.0, 1 
21.455216812251017, 24.504472194779723, 0.0, 0.0, 1.0 
1.5978639051307513, 39.15730648643814, 0.0, 0.0, 1.0 
38.67734519112124, 39.34241521813879, 0.0, 0.0, 1 
6.0317751721286195, 8.725707815281991, 0.0, 0.0, 1.0 
32.98059689490829, 54.4241763164653, 0.0, 0.0, 1.0 
40.67337434646287, 32.25000624504418, 0.0, 0.0, 1 
8.80143493865485, 33.23476645359611, 0.0, 0.0, 1.0 
25.193642541661077, 16.45957034907086, 0.0, 0.0, 1 
23.09306827127138, 29.660540536781113, 0.0, 0.0, 1.0 
5.535067066514009, 24.95312809390124, 0.0, 0.0, 1.0 
39.847496792525845, 0.701442172849806, 0.0, 0.0, 1.0 
3.022229961131946, 50.38721990802098, 0.0, 0.0, 1 
33.75862238263116, 27.985992481353506, 0.0, 0.0, 1.0 
39.94443768226668, 56.698808057146444, 0.0, 0.0, 1.0 
11.764411854160818, 53.7170691263415, 0.0, 0.0, 1 
30.083208812183234, 31.954127784255732, 0.0, 0.0, 1.0 
42.19564282091766, 39.44065120961845, 0.0, 0.0, 1 
2.6170270377465914, 4.492344920244428, 0.0, 0.0, 1.0 
4.766872401952568, 51.46276136337108, 0.0, 0.0, 1 
23.891559387898305, 1.1860253443317146, 0.0, 0.0, 1.0 
45.12218669943801, 1.8752350857411395, 0.0, 0.0, 1.0 
17.868669442747443, 26.41822444639553, 0.0, 0.0, 1 
5.937961843729753, 10.747431105074192, 0.0, 0.0, 1.0 
2.678184122885381, 2.5141568082907693, 0.0, 0.0, 1.0 
56.4812073061376, 35.90848164960708, 0.0, 0.0, 1.0 
17.99295938898902, 22.368509912422386, 0.0, 0.0, 1 
9.251590449526704, 18.96097723158092, 0.0, 0.0, 1 
3.5237972834060685, 34.08861059404951, 0.0, 0.0, 1.0 
25.835388659283073, 56.22658066166773, 0.0, 0.0, 1.0 
29.665346918171867, 46.154881647360526, 0.0, 0.0, 1.0 
44.84382418514848, 10.01445684527613, 0.0, 0.0, 1.0 
16.53366922214408, 9.021074451842276, 0.0, 0.0, 1.0 
8.347170571219003, 49.50920124909604, 0.0, 0.0, 1 
1.0739278492018556, 57.414497289318405, 0.0, 0.0, 1.0 
52.396760327786524, 56.07824211227332, 0.0, 0.0, 1.0 
0.5952455677042109, 13.605663681192928, 0.0, 0.0, 1.0 
26.556277324210914, 31.781529428297603, 0.0, 0.0, 1.0 
7.480889247150235, 19.959654863678033, 0.0, 0.0, 1.0 
16.31674297011489, 19.257586412542576, 0.0, 0.0, 1.0 
49.154035427072, 43.787330782210574, 0.0, 0.0, 1.0 
38.149119444121986, 57.68699604866105, 0.0, 0.0, 1.0 
59.9086618818951, 38.01974531388579, 0.0, 0.0, 1.0 
19.438071519042, 33.57086802803957, 0.0, 0.0, 1.0 
10.754373694221094, 28.2096294433295, 0.0, 0.0, 1.0 
20.118993083347306, 7.139219880451775, 0.0, 0.0, 1.0 
12.846886288686612, 14.99988437936119, 0.0, 0.0, 1 
6.085878848433606, 6.656708921164715, 0.0, 0.0, 1.0 
13.802185598468537, 44.63326363155283, 0.0, 0.0, 1 
16.21137372156868, 21.25657585391616, 0.0, 0.0, 1 
42.14766516007575, 41.51563274485346, 0.0, 0.0, 1 
24.123594171083294, 53.087046024637274, 0.0, 0.0, 1 
45.27612853768057, 55.90508893695869, 0.0, 0.0, 1 
33.0730020996672, 50.33506262555156, 0.0, 0.0, 1 
58.923792368935395, 12.520154645382735, 0.0, 0.0, 1.0 
39.197749844988415, 23.068506212845985, 0.0, 0.0, 1 
23.759377920071408, 5.24970357062903, 0.0, 0.0, 1.0 
14.431467747547572, 22.23200310144597, 0.0, 0.0, 1 
51.15525279384038, 36.687663127028316, 0.0, 0.0, 1 
25.180493017676756, 18.53721438837589, 0.0, 0.0, 1.0 
58.81525104001803, 16.59749364347913, 0.0, 0.0, 1.0 
5.124476308750619, 39.22693977608389, 0.0, 0.0, 1.0 
59.45175202830395, 54.35137770270039, 0.0, 0.0, 1.0 
49.425722269043106, 35.64555733239889, 0.0, 0.0, 1.0 
5.719253585146525, 18.883499108663, 0.0, 0.0, 1 
3.845491974793895, 23.91189190742203, 0.0, 0.0, 1.0 
49.06452453552419, 45.791462794774574, 0.0, 0.0, 1.0 
6.513628183948876, 52.55245224748146, 0.0, 0.0, 1 
43.83244791781122, 46.68070917941924, 0.0, 0.0, 1.0 
57.71583186892935, 53.27148082107761, 0.0, 0.0, 1.0 
15.06514924036081, 1.923969522183337, 0.0, 0.0, 1.0 
19.924873058766597, 15.243144431261753, 0.0, 0.0, 1 
21.032601293836105, 38.71603690298328, 0.0, 0.0, 1 
47.43886831114145, 42.69847732094617, 0.0, 0.0, 1.0 
44.53409314489219, 22.23552975327168, 0.0, 0.0, 1 
24.972569798783493, 24.604852107462474, 0.0, 0.0, 1 
35.01425113133625, 43.28592457495261, 0.0, 0.0, 1.0 
26.840809522703996, 21.633199054379503, 0.0, 0.0, 1.0 
44.34631566228989, 28.2886495514894, 0.0, 0.0, 1 
34.379841708443436, 5.61310568376352, 0.0, 0.0, 1 
3.3870523430276447, 38.19529756474411, 0.0, 0.0, 1.0 
25.58973176707405, 4.283736193847937, 0.0, 0.0, 1 
46.810679324083694, 4.996257430080524, 0.0, 0.0, 1.0 
34.732857924687806, 53.46853295430045, 0.0, 0.0, 1.0 
8.643747510060292, 39.37081460854327, 0.0, 0.0, 1.0 
13.421865759640665, 56.86698193755367, 0.0, 0.0, 1.0 
34.77117487330265, 51.43437923398076, 0.0, 0.0, 1.0 
45.68066286563817, 41.60741413406324, 0.0, 0.0, 1.0 
18.960591165989797, 49.8883315914557, 0.0, 0.0, 1 
59.31446018722726, 0.3189759962243859, 0.0, 0.0, 1.0 
36.71023681081882, 46.411814518029026, 0.0, 0.0, 1 
27.23702309397465, 7.389803466000798, 0.0, 0.0, 1 
9.103414448400553, 23.05815789574849, 0.0, 0.0, 1.0 
41.19932845170368, 13.95130747215994, 0.0, 0.0, 1 
59.135327948580425, 6.466571994763834, 0.0, 0.0, 1.0 
42.7667696143253, 21.135292383002053, 0.0, 0.0, 1 
39.822377227142056, 2.7406881706717843, 0.0, 0.0, 1 
52.571525104732174, 47.96203194817107, 0.0, 0.0, 1.0 
10.239825245478851, 44.47274446292877, 0.0, 0.0, 1 
52.52682809835654, 50.03694034646636, 0.0, 0.0, 1.0 
14.371878854598991, 24.2790419066964, 0.0, 0.0, 1 
38.08459881173452, 59.71117139509971, 0.0, 0.0, 1.0 
21.505526356142937, 22.437345893022766, 0.0, 0.0, 1.0 
44.65620058383281, 18.173111114690556, 0.0, 0.0, 1 
15.632853065143788, 41.64104514351094, 0.0, 0.0, 1.0 
38.722022931090585, 37.29858911203232, 0.0, 0.0, 1.0 
50.07342021457091, 13.225293465496836, 0.0, 0.0, 1.0 
56.2867749562325, 41.96201348404481, 0.0, 0.0, 1.0 
6.964206541329187, 36.26585841120146, 0.0, 0.0, 1.0 
48.1653357288582, 18.26628661137836, 0.0, 0.0, 1 
57.468404386675644, 3.3296619110768377, 0.0, 0.0, 1.0 
50.025096123026245, 15.2771664295686, 0.0, 0.0, 1 
33.81205790103407, 25.958529716209693, 0.0, 0.0, 1 
12.257845863169411, 37.425787201544495, 0.0, 0.0, 1.0 
29.458296081731604, 54.30831603087545, 0.0, 0.0, 1 
53.01846072378677, 33.75958966790055, 0.0, 0.0, 1 
28.859027904792246, 12.523203256285212, 0.0, 0.0, 1 
2.5151171051564334, 8.566577441574038, 0.0, 0.0, 1.0 
5.33806433202534, 31.10203276814507, 0.0, 0.0, 1.0 
46.579820172601345, 13.12786519715712, 0.0, 0.0, 1.0 
5.1837201260454355, 37.24106794157198, 0.0, 0.0, 1.0 
44.27131949177244, 30.357457220437325, 0.0, 0.0, 1 
1.8083383705897462, 30.98229216025473, 0.0, 0.0, 1.0 
48.6604214365061, 1.9852308172992323, 0.0, 0.0, 1.0 
57.06587591651415, 15.548854435113105, 0.0, 0.0, 1 
38.96743316982598, 29.156642888592664, 0.0, 0.0, 1.0 
55.61271494938761, 4.2990324470143495, 0.0, 0.0, 1.0 
36.10066283886936, 6.6590479493714065, 0.0, 0.0, 1.0 
22.036544409436615, 4.140326876330762, 0.0, 0.0, 1.0 
5.272889865721073, 33.14305606717709, 0.0, 0.0, 1.0 
32.78800843028811, 0.4456054615011619, 0.0, 0.0, 1 
36.93784194752158, 40.3082897763207, 0.0, 0.0, 1.0 
31.012112276896897, 59.46592378996886, 0.0, 0.0, 1 
16.339298971258746, 17.175907612870525, 0.0, 0.0, 1.0 
1.8727584779971334, 28.93307867969039, 0.0, 0.0, 1.0 
34.82443286168504, 49.41248082311746, 0.0, 0.0, 1.0 
10.384083255249678, 40.42164612906921, 0.0, 0.0, 1.0 
18.02744158172369, 20.2789580997115, 0.0, 0.0, 1.0 
20.475328188329144, 57.08200671166073, 0.0, 0.0, 1.0 
4.5401503453195176, 59.556907412618116, 0.0, 0.0, 1.0 
7.364625762471333, 24.014808902334114, 0.0, 0.0, 1.0 
6.792361466436366, 42.32748200038726, 0.0, 0.0, 1 
12.009286060214903, 45.5824488111573, 0.0, 0.0, 1.0 
59.329955539572964, 58.398100724331236, 0.0, 0.0, 1.0 
12.953740682132977, 12.964489833769349, 0.0, 0.0, 1.0 
29.265849587584825, 0.32575570213268, 0.0, 0.0, 1.0 
57.936114518857444, 47.11087063355003, 0.0, 0.0, 1 
5.807076486211772, 16.79548721900171, 0.0, 0.0, 1.0 
26.02357367541092, 50.122471424256545, 0.0, 0.0, 1.0 
40.52643140583767, 36.309789358313765, 0.0, 0.0, 1 
4.128291224246026, 13.706537612188386, 0.0, 0.0, 1.0 
46.094654620058186, 29.41575038778607, 0.0, 0.0, 1 
8.038760535341972, 1.6683972652955965, 0.0, 0.0, 1.0 
53.84908081192594, 5.223321492510836, 0.0, 0.0, 1.0 
51.8541736648587, 12.279928448199186, 0.0, 0.0, 1.0 
9.57758325061558, 8.822359118514186, 0.0, 0.0, 1.0 
37.87204001680546, 7.750875900866253, 0.0, 0.0, 1.0 
46.842403162438075, 2.9455079205183266, 0.0, 0.0, 1.0 
15.990226177083569, 31.459553728784755, 0.0, 0.0, 1 
52.25913007012283, 0.06974287073499857, 0.0, 0.0, 1.0 
54.31606294824066, 49.07252704393208, 0.0, 0.0, 1 
27.78541139755165, 49.172478620227245, 0.0, 0.0, 1 
35.43816639466384, 29.063602013117034, 0.0, 0.0, 1 
52.182938671121065, 2.1344472069864975, 0.0, 0.0, 1.0 
25.065584332507548, 22.574271116496302, 0.0, 0.0, 1 
2.605434090453486, 6.573979361008683, 0.0, 0.0, 1.0 
26.661133060100408, 27.740514117964608, 0.0, 0.0, 1.0 
52.09300280884084, 4.152180814785818, 0.0, 0.0, 1.0 
57.22344872983934, 11.501411744962331, 0.0, 0.0, 1.0 
46.171593266340565, 25.333215270719062, 0.0, 0.0, 1.0 
20.796279510653946, 46.856016301964104, 0.0, 0.0, 1 
42.55822059105846, 27.218629418534526, 0.0, 0.0, 1 
28.140642958203156, 36.980565281397965, 0.0, 0.0, 1.0 
49.60576927969571, 29.502447535969093, 0.0, 0.0, 1 
7.1053325272278745, 32.20034630800278, 0.0, 0.0, 1.0 
10.541535427291882, 34.35084515844817, 0.0, 0.0, 1.0 
7.763510106077081, 9.802594785798671, 0.0, 0.0, 1.0 
1.9296604631226386, 26.89981494788338, 0.0, 0.0, 1.0 
15.372564691591727, 49.79123127428769, 0.0, 0.0, 1.0 
37.28972149793215, 28.091908998744145, 0.0, 0.0, 1 
39.54141768070381, 10.853471217636747, 0.0, 0.0, 1 
23.631910551553457, 9.309447072173155, 0.0, 0.0, 1 
18.34588639389781, 8.094980535611592, 0.0, 0.0, 1.0 
24.39327207128862, 44.969095119422406, 0.0, 0.0, 1 
35.390805015156275, 31.115193498887162, 0.0, 0.0, 1.0 
19.322478571889256, 37.68252471106289, 0.0, 0.0, 1.0 
51.025321954571055, 40.742458454432565, 0.0, 0.0, 1.0 
31.186326152798024, 53.33643743702538, 0.0, 0.0, 1.0 
31.350218462817082, 47.24113412389422, 0.0, 0.0, 1.0 
57.571182005508426, 59.338289497580796, 0.0, 0.0, 1.0 
56.07184522016184, 50.117047990160266, 0.0, 0.0, 1.0 
43.49890866041181, 56.848178995680165, 0.0, 0.0, 1.0 
12.624756570969142, 23.15989965455908, 0.0, 0.0, 1.0 
48.39533853436689, 10.112451103531376, 0.0, 0.0, 1 
27.897273029857487, 45.11020132919793, 0.0, 0.0, 1 
9.344988553395039, 14.897766806623132, 0.0, 0.0, 1.0 
36.266270231375024, 2.61779128529495, 0.0, 0.0, 1 
8.19413668153184, 55.67856567317738, 0.0, 0.0, 1 
11.674196852966297, 57.83506588851947, 0.0, 0.0, 1.0 
54.62996601291205, 38.8594896388667, 0.0, 0.0, 1.0 
21.25160992722533, 30.58075077445064, 0.0, 0.0, 1.0 
50.72005083532207, 52.99032694240682, 0.0, 0.0, 1.0 
18.768256511927934, 55.96935626259389, 0.0, 0.0, 1.0 
26.392578308769966, 35.86845526822053, 0.0, 0.0, 1 
24.474595616946132, 40.88534005256778, 0.0, 0.0, 1.0 
51.914602845845366, 10.271846705058259, 0.0, 0.0, 1 
51.69227491315073, 18.441607168801475, 0.0, 0.0, 1 
43.92984095449107, 42.60197024744615, 0.0, 0.0, 1 
43.15847946079639, 8.943585315386978, 0.0, 0.0, 1 
24.796819153162772, 30.702912871891844, 0.0, 0.0, 1.0 
18.851398822878576, 51.92839360947407, 0.0, 0.0, 1 
28.83213278799551, 14.576687252252388, 0.0, 0.0, 1 
58.27064524178866, 34.90676829389721, 0.0, 0.0, 1.0 
43.747004788748676, 48.68184458852031, 0.0, 0.0, 1.0 
17.602083112537674, 34.571875501120246, 0.0, 0.0, 1.0 
17.493339693367794, 38.6308945264291, 0.0, 0.0, 1 
34.18567002015876, 11.681077734640867, 0.0, 0.0, 1.0 
11.167036938918622, 13.954361447233094, 0.0, 0.0, 1.0 
47.72750264879423, 32.55123259748835, 0.0, 0.0, 1.0 
14.667543240095338, 14.06360531940385, 0.0, 0.0, 1.0 
54.235661339849564, 53.154973144043524, 0.0, 0.0, 1.0 
1.4134515944267063, 45.21246738731689, 0.0, 0.0, 1 
47.02213096871485, 56.922645033571584, 0.0, 0.0, 1.0 
9.675699752573227, 4.763942995153649, 0.0, 0.0, 1.0 
48.50815963296003, 6.051291465314243, 0.0, 0.0, 1 
33.3129703171416, 42.2344209924455, 0.0, 0.0, 1.0 
16.106319201336472, 25.317300962075155, 0.0, 0.0, 1 
50.74109592472293, 51.01482161817192, 0.0, 0.0, 1.0 
37.98357491410525, 3.7308647007368303, 0.0, 0.0, 1 
9.870661351513741, 58.7355023055427, 0.0, 0.0, 1.0 
43.20285100889015, 6.929868230443899, 0.0, 0.0, 1.0 
18.669327973942966, 60.074200036127145, 0.0, 0.0, 1.0 
29.564646018044066, 50.24029978236619, 0.0, 0.0, 1.0 
22.296917082136694, 56.106136184059395, 0.0, 0.0, 1.0 
21.156089348418377, 34.6571991037493, 0.0, 0.0, 1 
55.7362081869584, 0.25423898385372795, 0.0, 0.0, 1.0 
6.864685149298595, 40.359511930415806, 0.0, 0.0, 1.0 
19.556591674053404, 29.499659354339723, 0.0, 0.0, 1.0 
31.553046711032543, 41.13562394387143, 0.0, 0.0, 1 
47.76394353458086, 30.48692508269599, 0.0, 0.0, 1 
28.392149292618793, 28.820707066417068, 0.0, 0.0, 1.0 
26.96288964844653, 17.558806736087632, 0.0, 0.0, 1.0 
4.909189256792197, 45.38238108799839, 0.0, 0.0, 1 
0.10928548464419245, 29.90949425612072, 0.0, 0.0, 1.0 
39.30083426019104, 19.028480141239758, 0.0, 0.0, 1 
49.47557803576435, 33.599319869972504, 0.0, 0.0, 1 
16.075405684170363, 27.380173719069905, 0.0, 0.0, 1 
26.506189932511997, 33.852880490444775, 0.0, 0.0, 1.0 
17.674704240581242, 32.519607446753966, 0.0, 0.0, 1 
25.326935607790055, 12.414023569034262, 0.0, 0.0, 1 
6.183694629386717, 2.5908866101425487, 0.0, 0.0, 1.0 
37.613358866031895, 15.893874209568915, 0.0, 0.0, 1.0 
52.682567210612476, 43.88372539976854, 0.0, 0.0, 1 
29.09658189686071, 4.383814494513763, 0.0, 0.0, 1.0 
3.7542907545349404, 25.95292091531784, 0.0, 0.0, 1.0 
7.687431860219229, 11.845133624280505, 0.0, 0.0, 1.0 
51.827111254958304, 14.343647816178503, 0.0, 0.0, 1.0 
0.6102803488130171, 11.568474093917096, 0.0, 0.0, 1 
53.77328942184254, 7.287324479796624, 0.0, 0.0, 1.0 
47.26978444091997, 48.84894912936015, 0.0, 0.0, 1 
50.30186887671797, 5.1079266920557425, 0.0, 0.0, 1.0 
46.33063546206612, 21.26246704961627, 0.0, 0.0, 1 
24.44290538235274, 42.949922041564314, 0.0, 0.0, 1 
44.453087292668975, 24.23596674400153, 0.0, 0.0, 1.0 
36.83743822397718, 42.352304850120696, 0.0, 0.0, 1 
45.33192343125405, 53.83365518791292, 0.0, 0.0, 1 
5.59213380691096, 22.951136350833597, 0.0, 0.0, 1.0 
18.56560240731192, 2.0300160085435937, 0.0, 0.0, 1.0 
59.63652144365096, 48.23087518196694, 0.0, 0.0, 1 
8.076704727635217, 59.71336548791521, 0.0, 0.0, 1.0 
47.163101165696624, 52.89239722511127, 0.0, 0.0, 1 
27.65774755744219, 53.27207879124596, 0.0, 0.0, 1.0 
30.827907703482815, 5.452192264400211, 0.0, 0.0, 1 
31.77452093132457, 35.01137917579651, 0.0, 0.0, 1.0 
32.58967466175991, 6.549235154892578, 0.0, 0.0, 1.0 
51.39295924657526, 28.560648742451747, 0.0, 0.0, 1.0 
23.828580980450806, 3.2044263034879292, 0.0, 0.0, 1 
36.80301595402095, 44.40140899938238, 0.0, 0.0, 1 
59.43239343365943, 56.36750086170332, 0.0, 0.0, 1.0 
4.875745739536725, 47.393465111752086, 0.0, 0.0, 1 
34.49258527745847, 1.5350735875767691, 0.0, 0.0, 1 
2.824643225361808, 58.49949270203744, 0.0, 0.0, 1.0 
7.243327543222669, 28.08701614096455, 0.0, 0.0, 1.0 
48.972607325950065, 49.90863596762826, 0.0, 0.0, 1 
14.657250268887436, 16.112568551916578, 0.0, 0.0, 1.0 
20.5172582745855, 55.018532843639356, 0.0, 0.0, 1 
41.6101571016804, 59.79928516654144, 0.0, 0.0, 1.0 
23.128802528073063, 27.600510855533834, 0.0, 0.0, 1.0 
20.030333542947336, 11.180012860355815, 0.0, 0.0, 1 
24.02122973165512, 57.17133259239175, 0.0, 0.0, 1 
27.181928351309992, 9.392995383901829, 0.0, 0.0, 1 
11.200484662059322, 11.898927559437567, 0.0, 0.0, 1.0 
38.492494587999005, 45.42233001989799, 0.0, 0.0, 1 
16.032245056422013, 29.42530405058622, 0.0, 0.0, 1 
37.65302758361208, 13.846653269819477, 0.0, 0.0, 1 
27.707214747190562, 51.1730104742453, 0.0, 0.0, 1 
49.0772753513685, 47.88842734559488, 0.0, 0.0, 1 
30.595685371458174, 13.613423270525082, 0.0, 0.0, 1 
22.819130906288652, 37.80645853380112, 0.0, 0.0, 1 
54.57809446833246, 40.90161862392804, 0.0, 0.0, 1 
58.77441719446074, 18.663084222853957, 0.0, 0.0, 1.0 
39.48125323248681, 12.897000052042072, 0.0, 0.0, 1 
34.90140106024028, 47.34701793966026, 0.0, 0.0, 1 
6.601670702870572, 48.490237150344846, 0.0, 0.0, 1 
22.552166748601554, 47.951444749956366, 0.0, 0.0, 1.0 
27.10713726271344, 11.443993196907504, 0.0, 0.0, 1 
49.69028363834067, 27.508822836733508, 0.0, 0.0, 1 
10.92870912649335, 22.099996413821458, 0.0, 0.0, 1.0 
18.72156821228706, 58.062976131928664, 0.0, 0.0, 1.0 
29.744732654417955, 44.131242859572446, 0.0, 0.0, 1.0 
5.074015155161058, 41.28212824212045, 0.0, 0.0, 1.0 
49.925675420357514, 17.29846738697359, 0.0, 0.0, 1.0 
19.180836137033626, 41.74800059031051, 0.0, 0.0, 1.0 
19.612137866587425, 27.48755844219672, 0.0, 0.0, 1 
11.899629015826958, 49.64732137551479, 0.0, 0.0, 1.0 
10.338108203433652, 42.476384964451086, 0.0, 0.0, 1.0 
57.006478655417695, 17.540264112340736, 0.0, 0.0, 1 
4.006398502827752, 17.796867653695838, 0.0, 0.0, 1.0 
7.196802395729368, 30.13564327046116, 0.0, 0.0, 1.0 
40.883661714148175, 26.196023468509665, 0.0, 0.0, 1 
57.65497990377451, 55.261845348786416, 0.0, 0.0, 1.0 
43.28621901527646, 2.844780023757933, 0.0, 0.0, 1.0 
16.422430891521866, 15.131362346568597, 0.0, 0.0, 1.0 
21.31394325381282, 28.568357885246837, 0.0, 0.0, 1 
22.88496562786383, 35.72000471918921, 0.0, 0.0, 1.0 
31.448217559948315, 45.19615844681301, 0.0, 0.0, 1.0 
25.720058716617725, 0.19025569246195972, 0.0, 0.0, 1.0 
17.531732432385144, 36.58660786776707, 0.0, 0.0, 1 
5.49977029267181, 27.040928913854724, 0.0, 0.0, 1.0 
6.42230693687754, 56.61930562652681, 0.0, 0.0, 1.0 
44.766841879613615, 12.056034274265146, 0.0, 0.0, 1 
6.741241011767644, 44.420791396970635, 0.0, 0.0, 1.0 
16.471421416076264, 13.076970050025281, 0.0, 0.0, 1.0 
47.39230170561683, 44.76137760557995, 0.0, 0.0, 1 
54.45058839678472, 45.01269270069524, 0.0, 0.0, 1.0 
3.607498828437199, 32.052441740086984, 0.0, 0.0, 1.0 
17.120007361378704, 50.873341297740375, 0.0, 0.0, 1.0 
28.943721049111595, 10.502699180584246, 0.0, 0.0, 1.0 
37.374779034707736, 24.03033905381893, 0.0, 0.0, 1.0 
54.032022805079826, 59.20653114592627, 0.0, 0.0, 1.0 
54.24552667585346, 51.10106591504399, 0.0, 0.0, 1.0 
0.4200996722214175, 19.69570312535798, 0.0, 0.0, 1.0 
18.389288191749372, 6.089362142663645, 0.0, 0.0, 1.0 
42.03406978561507, 45.58844919336082, 0.0, 0.0, 1.0 
12.48934705037161, 29.289687863663133, 0.0, 0.0, 1.0 
40.39036707194496, 42.45497330343686, 0.0, 0.0, 1.0 
43.27697249771723, 4.888554226610166, 0.0, 0.0, 1.0 
52.45279747410349, 52.03471500787038, 0.0, 0.0, 1.0 
12.539440412049249, 27.25252350593362, 0.0, 0.0, 1.0 
19.719276289872713, 23.38526555942842, 0.0, 0.0, 1.0 
15.205787023726668, 57.93084201461899, 0.0, 0.0, 1.0 
24.61074918188001, 36.793146755685974, 0.0, 0.0, 1 
22.66302649224992, 43.900911045594555, 0.0, 0.0, 1.0 
35.56441237663961, 25.01241838619938, 0.0, 0.0, 1.0 
10.209440977645961, 46.558895622697044, 0.0, 0.0, 1 
11.101739635566798, 15.95378250661105, 0.0, 0.0, 1.0 
15.579579134357108, 43.65445711587936, 0.0, 0.0, 1.0 
31.692438216010025, 37.081341995244266, 0.0, 0.0, 1.0 
51.44196419804511, 26.56092637824236, 0.0, 0.0, 1.0 
0.8963859208174862, 3.451105721901437, 0.0, 0.0, 1.0 
25.52100504461134, 6.308230226916472, 0.0, 0.0, 1 
54.74679456798775, 34.80057728097124, 0.0, 0.0, 1.0 
10.676954167766402, 30.2759613700437, 0.0, 0.0, 1.0 
40.09525413069684, 52.62100482453485, 0.0, 0.0, 1.0 
35.62727616912472, 22.940692247785215, 0.0, 0.0, 1.0 
52.82577816982314, 39.82132433678545, 0.0, 0.0, 1.0 
13.667056984222581, 48.716800657495206, 0.0, 0.0, 1.0 
28.593020611803485, 22.6988639941512, 0.0, 0.0, 1.0 
50.811022328946954, 48.91595491831486, 0.0, 0.0, 1.0 
41.17187763134008, 15.998326639750005, 0.0, 0.0, 1 
48.803366949424266, 56.00588556499551, 0.0, 0.0, 1.0 
12.610408851367804, 25.224920460754788, 0.0, 0.0, 1.0 
12.991495748259473, 10.912503557426236, 0.0, 0.0, 1.0 
20.679226098005, 50.964771384823216, 0.0, 0.0, 1 
20.20934775468455, 5.1138640288569785, 0.0, 0.0, 1 
39.61978506899148, 8.81192698403804, 0.0, 0.0, 1 
23.694462493331606, 7.234318805053391, 0.0, 0.0, 1.0 
24.826089155298533, 28.67419280489967, 0.0, 0.0, 1.0 
55.539780222243735, 8.328625616530696, 0.0, 0.0, 1 
16.525966715132977, 11.081751461794658, 0.0, 0.0, 1.0 
38.80763167380642, 35.263414374717826, 0.0, 0.0, 1.0 
14.785295566669074, 9.924796094575427, 0.0, 0.0, 1.0 
36.39344922953206, 58.61414630073117, 0.0, 0.0, 1.0 
45.04151641921721, 3.9346134885510047, 0.0, 0.0, 1.0 
1.9904668644655978, 24.850224186753877, 0.0, 0.0, 1.0 
11.388919397093945, 7.8513980604832865, 0.0, 0.0, 1.0 
8.977080760621304, 27.14271397681644, 0.0, 0.0, 1.0 
39.353906297299524, 16.940783899510954, 0.0, 0.0, 1 
54.94320775561345, 26.645773418229215, 0.0, 0.0, 1.0 
59.89085687263116, 40.097385889440986, 0.0, 0.0, 1.0 
33.837748969847425, 23.89689972338236, 0.0, 0.0, 1 
20.63418551454424, 53.006274294530584, 0.0, 0.0, 1 
30.30528200247127, 23.778823029589613, 0.0, 0.0, 1 
8.697874389937406, 37.303906615155256, 0.0, 0.0, 1.0 
32.16147553762397, 20.791628443375924, 0.0, 0.0, 1.0 
9.722152808386225, 2.745316700223195, 0.0, 0.0, 1.0 
34.297253018733606, 7.603801003318986, 0.0, 0.0, 1 
26.734194426245335, 23.648021036876028, 0.0, 0.0, 1 
38.46678764280158, 47.4975458118809, 0.0, 0.0, 1.0 
46.221147880534325, 23.309300421718863, 0.0, 0.0, 1 
42.54258504736318, 29.266566318161036, 0.0, 0.0, 1 
36.9575816691575, 38.27817929585589, 0.0, 0.0, 1 
41.98587004026821, 47.60054500523029, 0.0, 0.0, 1 
16.4723764689795, 7.015268495953034, 0.0, 0.0, 1.0 
7.4949138671222, 17.875550047859193, 0.0, 0.0, 1.0 
31.50376269188052, 43.169540880550485, 0.0, 0.0, 1.0 
29.960113869564925, 36.0098805852044, 0.0, 0.0, 1.0 
40.28679789462501, 46.527506416970475, 0.0, 0.0, 1 
45.41654312241402, 51.80072644778074, 0.0, 0.0, 1.0 
44.68232268101919, 16.10773046549584, 0.0, 0.0, 1 
48.32072797572608, 12.16010943208714, 0.0, 0.0, 1.0 
31.288678326207265, 49.27855549436816, 0.0, 0.0, 1.0 
36.41235620622534, 56.60376639930642, 0.0, 0.0, 1.0 
32.85691304309248, 58.51134670566452, 0.0, 0.0, 1.0 
52.87875173668896, 37.80004471375944, 0.0, 0.0, 1 
11.022622220988506, 18.050002426301166, 0.0, 0.0, 1 
27.464805229008736, 59.34856788385478, 0.0, 0.0, 1.0 
37.13857739229806, 32.16663518970003, 0.0, 0.0, 1 
47.21542214571655, 50.837011118417344, 0.0, 0.0, 1 
37.07764726681147, 34.18088679409048, 0.0, 0.0, 1 
45.87242469116608, 35.51562717563687, 0.0, 0.0, 1 
13.843734726167517, 42.57586584738225, 0.0, 0.0, 1 
42.65041945427709, 25.205822628606242, 0.0, 0.0, 1.0 
46.672987466741105, 9.082134944890022, 0.0, 0.0, 1.0 
7.4247611399155256, 21.958208990327943, 0.0, 0.0, 1.0 
43.096717164096574, 11.000607790832499, 0.0, 0.0, 1 
37.56125016948087, 17.879570962403058, 0.0, 0.0, 1.0 
45.80709743046199, 37.50215428494551, 0.0, 0.0, 1 
22.970430478600807, 33.72698958222113, 0.0, 0.0, 1 
2.320952738111438, 14.694099334105115, 0.0, 0.0, 1.0 
13.52464785273393, 54.813748834463624, 0.0, 0.0, 1 
34.52843097700842, 59.59217788945652, 0.0, 0.0, 1 
26.191061654469863, 44.00293385240808, 0.0, 0.0, 1 
31.069569847562278, 57.42026769280023, 0.0, 0.0, 1 
15.513673828713111, 45.727466648593634, 0.0, 0.0, 1.0 
59.8050692957024, 42.11046416761558, 0.0, 0.0, 1.0 
24.923870964450433, 26.654992544942342, 0.0, 0.0, 1.0 
28.030821953056737, 41.01630363809657, 0.0, 0.0, 1.0 
28.497217636570713, 24.74264045635078, 0.0, 0.0, 1 
12.049522042970525, 43.543565243779945, 0.0, 0.0, 1.0 
31.12857791010391, 55.384827779703905, 0.0, 0.0, 1.0 
34.66459699395915, 55.523949412951914, 0.0, 0.0, 1.0 
10.080405801784645, 50.62195419574512, 0.0, 0.0, 1 
47.49973157792392, 40.68861774409751, 0.0, 0.0, 1 
4.28207038401708, 7.646924152936812, 0.0, 0.0, 1.0 
47.62853187008226, 36.607524043379684, 0.0, 0.0, 1 
1.5267773751488545, 41.17108338277088, 0.0, 0.0, 1.0 
56.68406733830843, 29.77011274025336, 0.0, 0.0, 1.0 
7.565892916474065, 15.838635710545129, 0.0, 0.0, 1.0 
56.42435882384027, 37.9142154480495, 0.0, 0.0, 1.0 
19.218300815105753, 39.71786630788648, 0.0, 0.0, 1.0 
20.408681670028958, 59.11134289524242, 0.0, 0.0, 1.0 
7.974056973944877, 3.663532100818801, 0.0, 0.0, 1.0 
56.11630669283477, 48.14107203666976, 0.0, 0.0, 1 
21.382149293579594, 26.512598428644555, 0.0, 0.0, 1.0 
2.702272527993549, 0.45155014400207244, 0.0, 0.0, 1.0 
24.18892008552918, 51.085463805102016, 0.0, 0.0, 1 
17.169899625778708, 48.80011685790484, 0.0, 0.0, 1.0 
38.64390917150844, 41.394125540988455, 0.0, 0.0, 1 
23.310780768568716, 21.476627440361447, 0.0, 0.0, 1.0 
40.925542566765685, 24.11412577246462, 0.0, 0.0, 1 
42.29398954747789, 37.424828194161904, 0.0, 0.0, 1 
42.41720276945938, 33.35392732473984, 0.0, 0.0, 1 
19.689293543630814, 25.464161518213352, 0.0, 0.0, 1.0 
12.740190959319756, 19.06855933028423, 0.0, 0.0, 1 
52.91717471354136, 35.75004945930934, 0.0, 0.0, 1 
36.018221190142285, 10.716303820640555, 0.0, 0.0, 1 
19.84476909370771, 19.352783943792964, 0.0, 0.0, 1.0 
55.4209797327801, 12.433119417300736, 0.0, 0.0, 1.0 
51.6264969149139, 20.42064076160352, 0.0, 0.0, 1.0 
60.08838755873497, 33.97805129065736, 0.0, 0.0, 1.0 
11.812652825717148, 51.679212762436975, 0.0, 0.0, 1 
43.979619763302004, 40.55656508818052, 0.0, 0.0, 1 
26.877917252197527, 19.599221422567563, 0.0, 0.0, 1.0 
39.94026274060753, 58.7462747327209, 0.0, 0.0, 1.0 
1.229127249539878, 51.3817587686764, 0.0, 0.0, 1 
4.592326233392304, 57.571662245931435, 0.0, 0.0, 1.0 
30.27522807560783, 25.849326198324096, 0.0, 0.0, 1.0 
59.51105896920706, 52.273916820955165, 0.0, 0.0, 1 
53.39340983378615, 21.522840505329626, 0.0, 0.0, 1 
9.97089836368743, 54.69579457529959, 0.0, 0.0, 1 
3.292609142340236, 42.2731484132179, 0.0, 0.0, 1.0 
33.70097381341195, 30.01331387514117, 0.0, 0.0, 1.0 
8.449435914076458, 45.46465603946423, 0.0, 0.0, 1 
17.782527978001166, 28.418487768415872, 0.0, 0.0, 1 
54.111777801173886, 57.17863609931354, 0.0, 0.0, 1.0 
22.47756078377068, 49.98173415606016, 0.0, 0.0, 1.0 
59.17210746968629, 4.42026738751959, 0.0, 0.0, 1.0 
7.292238664595512, 26.055616597537075, 0.0, 0.0, 1.0 
49.29505997532352, 39.71674777990383, 0.0, 0.0, 1 
6.92278935186482, 38.27072593669713, 0.0, 0.0, 1.0 
44.10750024042674, 36.474724876869786, 0.0, 0.0, 1 
15.289030989331513, 53.8605746140869, 0.0, 0.0, 1.0 
51.1178835606497, 38.76157971071226, 0.0, 0.0, 1 
3.9393209823528483, 19.825617266964098, 0.0, 0.0, 1.0 
55.10356692907122, 22.57124152774197, 0.0, 0.0, 1 
13.908992536642307, 40.55777360214109, 0.0, 0.0, 1.0 
58.65633358918986, 22.7142817291975, 0.0, 0.0, 1 
1.1741235414073843, 53.36944258745363, 0.0, 0.0, 1.0 
49.712229177328425, 25.442465040791586, 0.0, 0.0, 1 
2.4098073949075562, 10.633779676040438, 0.0, 0.0, 1.0 
24.331886914903013, 47.002961203230086, 0.0, 0.0, 1 
32.4094215076344, 12.633813199925097, 0.0, 0.0, 1 
58.19671799589047, 36.99300930105739, 0.0, 0.0, 1.0 
23.503665621965517, 13.382222202131326, 0.0, 0.0, 1.0 
18.150709289642023, 16.203190704947442, 0.0, 0.0, 1 
24.716541664172475, 32.7363006281344, 0.0, 0.0, 1.0 
47.09727131364624, 54.935452703131936, 0.0, 0.0, 1.0 
15.883835973181862, 33.528416020157245, 0.0, 0.0, 1.0 
57.130117234420965, 13.494630688363818, 0.0, 0.0, 1 
37.20652947802078, 30.12810867266479, 0.0, 0.0, 1 
12.349576110855699, 33.330249657549594, 0.0, 0.0, 1.0 
28.993962196275497, 8.477778725883914, 0.0, 0.0, 1.0 
11.626627823546533, 59.850374377662426, 0.0, 0.0, 1 
16.187765362430603, 23.307626918811977, 0.0, 0.0, 1 
17.74074901573802, 30.492170274154372, 0.0, 0.0, 1 
40.80686055881403, 28.181934448059398, 0.0, 0.0, 1 
30.354103019929635, 21.780584504545082, 0.0, 0.0, 1.0 
40.52845077792418, 38.40493570267708, 0.0, 0.0, 1 
2.3703983482360096, 12.66229335210941, 0.0, 0.0, 1.0 
28.43683047923986, 26.76383886975956, 0.0, 0.0, 1.0 
14.502536504656039, 20.19386633742657, 0.0, 0.0, 1 
0.5097491987968493, 17.655317998982284, 0.0, 0.0, 1.0 
58.5599972961027, 24.710229977140592, 0.0, 0.0, 1.0 
42.71317825915868, 23.175044290721836, 0.0, 0.0, 1 
34.05762003788122, 15.77065987165862, 0.0, 0.0, 1.0 
25.103206872177967, 20.539009914759248, 0.0, 0.0, 1.0 
4.4370120427382576, 3.5566765825165794, 0.0, 0.0, 1.0 
52.05589812687887, 6.197206172810661, 0.0, 0.0, 1.0 
35.70426358783189, 20.93635360680483, 0.0, 0.0, 1.0 
13.252523239069827, 5.0734847106449505, 0.0, 0.0, 1.0 
15.348248740792082, 51.80958270559142, 0.0, 0.0, 1 
41.10639035408271, 18.041791372908772, 0.0, 0.0, 1 
21.59791347909671, 18.38179206609374, 0.0, 0.0, 1 
57.2996765935173, 7.4244866675735155, 0.0, 0.0, 1.0 
41.330051886983675, 9.895945252100109, 0.0, 0.0, 1.0 
55.97992348285266, 52.20687637659441, 0.0, 0.0, 1.0 
31.271384953787962, 51.29969953906336, 0.0, 0.0, 1.0 
29.478288173555846, 52.27074821520592, 0.0, 0.0, 1.0 
32.04763691012555, 24.87683166118929, 0.0, 0.0, 1.0 
8.955801686260832, 29.209817512074334, 0.0, 0.0, 1.0 
0.9558294096583321, 1.3607426704807275, 0.0, 0.0, 1.0 
42.945654102761374, 15.062496009102604, 0.0, 0.0, 1 
50.621861493006776, 55.04266296117697, 0.0, 0.0, 1.0 
39.1153029680289, 25.079526983949076, 0.0, 0.0, 1 
33.23201673263204, 44.25501525800812, 0.0, 0.0, 1.0 
30.86360291922045, 3.456245196526965, 0.0, 0.0, 1 
47.8917320745455, 26.366585358954907, 0.0, 0.0, 1 
41.521506965882246, 3.785517692513502, 0.0, 0.0, 1 
51.24225580591684, 34.7281154841961, 0.0, 0.0, 1 
41.47011421593627, 5.852273450199843, 0.0, 0.0, 1.0 
29.88674433900661, 38.01306608110095, 0.0, 0.0, 1.0 
39.71830490511145, 4.738721741929087, 0.0, 0.0, 1.0 
8.156558621031827, 57.68220096140409, 0.0, 0.0, 1.0 
50.56414429710877, 57.04782634343194, 0.0, 0.0, 1.0 
35.285325267934425, 35.13193574849143, 0.0, 0.0, 1.0 
0.8201454538799672, 5.441356096695168, 0.0, 0.0, 1.0 
49.80230882795331, 23.42776429701175, 0.0, 0.0, 1 
44.009032985428355, 38.469974290275516, 0.0, 0.0, 1 
48.02180720692174, 22.327146290224555, 0.0, 0.0, 1 
44.40331820578088, 26.298933306172415, 0.0, 0.0, 1.0 
6.457983072335021, 54.54552308154037, 0.0, 0.0, 1 
56.327533901661056, 39.990871350142235, 0.0, 0.0, 1.0 
23.947199840897564, 59.20285662108001, 0.0, 0.0, 1.0 
36.49548894904904, 54.55350359863802, 0.0, 0.0, 1.0 
2.0773230610953597, 22.790627042391232, 0.0, 0.0, 1.0 
41.85353199842748, 51.68040116712878, 0.0, 0.0, 1.0 
7.894090946717076, 5.72059822481289, 0.0, 0.0, 1.0 
39.39462818969631, 14.937504323910755, 0.0, 0.0, 1.0 
17.903619182949203, 24.366338993239463, 0.0, 0.0, 1 
5.853831544132619, 14.79111028714967, 0.0, 0.0, 1.0 
30.452363538351754, 19.727668467199756, 0.0, 0.0, 1.0 
50.51848426184914, 59.106841008960025, 0.0, 0.0, 1.0 
33.483480331291176, 36.067744900801515, 0.0, 0.0, 1 
10.790024444011689, 26.189987697965687, 0.0, 0.0, 1.0 
55.594336219985024, 6.333735922486549, 0.0, 0.0, 1.0 
56.85837715834441, 23.663353612721863, 0.0, 0.0, 1.0 
32.324819645304004, 14.730154109683635, 0.0, 0.0, 1.0 
3.226228373755194, 44.25521019685548, 0.0, 0.0, 1 
40.34077606453334, 44.49574744112148, 0.0, 0.0, 1 
16.756888854083627, 3.041673923420397, 0.0, 0.0, 1.0 
8.567307706275606, 41.39357232817964, 0.0, 0.0, 1 
25.787791506345695, 58.27933215442576, 0.0, 0.0, 1 
39.20491965761964, 21.00181578830258, 0.0, 0.0, 1.0 
57.50879654995464, 1.2749931016807299, 0.0, 0.0, 1.0 
43.3656462006234, 0.8217301163457831, 0.0, 0.0, 1.0 
0.6904405428443771, 9.553084960373074, 0.0, 0.0, 1.0 
46.11838775110168, 27.35558986315294, 0.0, 0.0, 1 
32.7315542254255, 2.4779944114536376, 0.0, 0.0, 1.0 
58.428878608771456, 28.768110225914644, 0.0, 0.0, 1.0 
4.454643534084442, 1.532865075455256, 0.0, 0.0, 1.0 
47.54643873922399, 38.621203635530364, 0.0, 0.0, 1 
37.78376333602618, 9.772851283122241, 0.0, 0.0, 1 
13.590196561308815, 52.79606690669698, 0.0, 0.0, 1.0 
35.08863513070499, 41.227796459205926, 0.0, 0.0, 1 
15.256645022517917, 55.85425691629719, 0.0, 0.0, 1.0 
53.5314503668321, 15.40259955968264, 0.0, 0.0, 1 
43.02854947011962, 13.008646644868747, 0.0, 0.0, 1 
24.08299549946926, 55.17474875971437, 0.0, 0.0, 1 
43.86950699438427, 44.601632117589865, 0.0, 0.0, 1.0 
27.341716402207798, 3.34660294165504, 0.0, 0.0, 1.0 
25.413181769777065, 10.375771563054343, 0.0, 0.0, 1 
29.045162970560337, 6.424314574421062, 0.0, 0.0, 1 
45.60691219945875, 43.69762188466826, 0.0, 0.0, 1 
11.926550886133231, 47.6190050056871, 0.0, 0.0, 1 
34.43430480337043, 3.5451524406085846, 0.0, 0.0, 1.0 
29.297960408942593, 58.37768233698621, 0.0, 0.0, 1 
22.16337340731704, 0.08974294369990593, 0.0, 0.0, 1.0 
32.48683689787024, 10.631851314317144, 0.0, 0.0, 1.0 
18.962968478764385, 47.818473972508805, 0.0, 0.0, 1.0 
58.152705262791656, 38.975405659304684, 0.0, 0.0, 1.0 
56.16744647407659, 46.02337415966764, 0.0, 0.0, 1.0 
16.816591019489177, 0.9373016454175337, 0.0, 0.0, 1.0 
45.94995367067252, 33.46299516503907, 0.0, 0.0, 1.0 
46.98805747129561, 59.01292048530148, 0.0, 0.0, 1 
41.73758506017502, 55.717406955058706, 0.0, 0.0, 1.0 
49.92189121537588, 19.353296019164485, 0.0, 0.0, 1 
22.114959469018824, 2.1150595091543645, 0.0, 0.0, 1.0 
35.748856595066954, 18.85813348917482, 0.0, 0.0, 1.0 
58.711300254293015, 20.654842007289997, 0.0, 0.0, 1 
6.656425679654933, 46.39186535854422, 0.0, 0.0, 1 
57.96211814055881, 45.10253304956329, 0.0, 0.0, 1 
12.277643883309366, 35.415497427841004, 0.0, 0.0, 1.0 
47.877116217721365, 28.454174510658557, 0.0, 0.0, 1.0 
1.287405007000896, 49.285016540372695, 0.0, 0.0, 1 
4.194344110380408, 11.725744184497078, 0.0, 0.0, 1.0 
27.26477887434428, 5.340979351983473, 0.0, 0.0, 1.0 
36.21355924403284, 4.670075172255958, 0.0, 0.0, 1.0 
59.574517427252765, 50.269582886454224, 0.0, 0.0, 1 
33.5326021025703, 34.11664732732521, 0.0, 0.0, 1.0 
58.38302453329271, 30.82657034987634, 0.0, 0.0, 1.0 
37.50089212282546, 19.967148731467837, 0.0, 0.0, 1.0 
36.556097327443105, 52.5161908011843, 0.0, 0.0, 1.0 
30.638270405420243, 11.576973153196542, 0.0, 0.0, 1 
17.378367856482196, 42.71982870501437, 0.0, 0.0, 1 
53.984199089967504, 1.1947389674866546, 0.0, 0.0, 1.0 
20.919984731569134, 42.7865688409006, 0.0, 0.0, 1 
36.071548440877976, 8.709351897051187, 0.0, 0.0, 1 
41.70007678427506, 57.81205051688757, 0.0, 0.0, 1.0 
40.02038503461794, 54.67418408213794, 0.0, 0.0, 1.0 
19.880997877125058, 17.3104653462442, 0.0, 0.0, 1 
18.25283818101773, 14.206074914432474, 0.0, 0.0, 1.0 
0.7441790221313795, 7.524144088800189, 0.0, 0.0, 1.0 
32.21501770656852, 18.755092951000005, 0.0, 0.0, 1.0 
34.23759486970282, 9.701478454328072, 0.0, 0.0, 1.0 
37.43403232950531, 21.959722178519158, 0.0, 0.0, 1.0 
50.96540599353373, 42.83295193713431, 0.0, 0.0, 1.0 
31.784942240913267, 32.989927717258865, 0.0, 0.0, 1.0 
3.3157697559930623, 40.2132643402885, 0.0, 0.0, 1.0 
9.292434608831652, 16.946697799332266, 0.0, 0.0, 1 
28.27784773429095, 32.898420147438046, 0.0, 0.0, 1.0 
54.813355526965665, 32.794092045112684, 0.0, 0.0, 1.0 
14.455554552799896, 6.9818010230402185, 0.0, 2.019050969925259, 1.2000000000000002 
3.450580916567599, 36.131202777827326, 0.0, 0.0, 1.0 
43.66400719335574, 52.78186089445436, 0.0, 0.0, 1.0 
23.249037548853888, 23.547549355309414, 0.0, 0.0, 1.0 
27.0195855289344, 15.528057090574261, 0.0, 0.0, 1 
35.23785686673723, 37.21484610505307, 0.0, 0.0, 1.0 
26.35899943266047, 37.91675523263102, 0.0, 0.0, 1 
14.305834597472527, 26.25897846491493, 0.0, 0.0, 1.0 
46.356588832471154, 19.22245012838947, 0.0, 0.0, 1.0 
21.89673756431752, 8.239926646524957, 0.0, 0.0, 1 
44.12453717080714, 34.420152465060106, 0.0, 0.0, 1 
19.10313956964653, 45.81948976720967, 0.0, 0.0, 1 
46.470141432377815, 15.128996995087881, 0.0, 0.0, 1.0 
12.150164094692322, 41.511170321952015, 0.0, 0.0, 1.0 
10.52515752694146, 36.363747278337364, 0.0, 0.0, 1.0 
23.563522564147657, 11.348540070178688, 0.0, 0.0, 1 
46.40649311142767, 17.229429053195876, 0.0, 0.0, 1 
8.251993357498542, 53.60013474253238, 0.0, 0.0, 1 
48.57263659485454, 4.038570665505168, 0.0, 0.0, 1 
53.28257714069376, 25.604417843783914, 0.0, 0.0, 1.0 
38.53381238437201, 43.43192276478329, 0.0, 0.0, 1 
21.958960931977185, 6.193901869961521, 0.0, 0.0, 1 
14.087729113146741, 34.40089737679531, 0.0, 0.0, 1.0 
45.737151025329375, 39.61803329755945, 0.0, 0.0, 1.0 
45.464638541757175, 49.796360661969615, 0.0, 0.0, 1.0 
17.301878537743317, 44.72216475902238, 0.0, 0.0, 1.0 
9.166090175119237, 21.03856779729081, 0.0, 0.0, 1.0 
28.6692253970741, 18.63538586261597, 0.0, 0.0, 1.0 
32.61931604169237, 4.527349611743123, 0.0, 0.0, 1.0 
48.875222954768475, 53.9514958033242, 0.0, 0.0, 1.0 
32.87914218093243, 56.467195326635974, 0.0, 0.0, 1.0 
4.058051556620755, 15.72472170072996, 0.0, 0.0, 1.0 
56.99963832293688, 19.60978059689665, 0.0, 0.0, 1 
7.053494708515115, 34.18086876436649, 0.0, 0.0, 1.0 
38.316487967734275, 51.53332785257472, 0.0, 0.0, 1 
10.474001402641607, 38.408278359461754, 0.0, 0.0, 1.0 
41.78694742536147, 53.73156137111006, 0.0, 0.0, 1.0 
2.200991587241588, 18.736986400572725, 0.0, 0.0, 1 
26.64331156186929, 29.80192761753418, 0.0, 0.0, 1.0 
1.7043259902497414, 35.04271495180666, 0.0, 0.0, 1.0 
56.54062701949918, 33.8051464843445, 0.0, 0.0, 1.0 
23.029465702519964, 31.669972761455497, 0.0, 0.0, 1.0 
29.865988571137922, 40.03521230208382, 0.0, 0.0, 1 
38.01773818191207, 1.6646522939537138, 0.0, 0.0, 1.0 
50.85425709740424, 46.91844329718076, 0.0, 0.0, 1.0 
54.48569498812894, 42.9302993083202, 0.0, 0.0, 1.0 
55.91119765834097, 54.21270717792971, 0.0, 0.0, 1.0 
21.173770289979068, 32.64918590431674, 0.0, 0.0, 1.0 
42.482927811818925, 31.28947213018388, 0.0, 0.0, 1 
20.086729999571297, 9.17989913376234, 0.0, 0.0, 1.0 
1.0827622408842168, 55.42727405115456, 0.0, 0.0, 1.0 
9.06279627169901, 25.10759306997391, 0.0, 0.0, 1.0 
25.62631946816592, 2.2283468261427877, 0.0, 0.0, 1 
31.634215951304114, 39.114579530151154, 0.0, 0.0, 1 
41.251587413817404, 11.920393685641223, 0.0, 0.0, 1 
27.57754082365728, 55.26533523804629, 0.0, 0.0, 1.0 
51.252530102198556, 32.65493920525706, 0.0, 0.0, 1 
4.715243469131896, 53.49897980077851, 0.0, 0.0, 1.0 
28.755581101798196, 16.596134111992377, 0.0, 0.0, 1.0 
26.155614860097852, 46.0804113633482, 0.0, 0.0, 1.0 
18.107434710510887, 18.25764037907105, 0.0, 0.0, 1.0 
53.421369155091, 19.449018484626816, 0.0, 0.0, 1.0 
57.83657386695159, 49.17110809643212, 0.0, 0.0, 1.0 
24.262059950655658, 49.03755036060163, 0.0, 0.0, 1 
55.30183924261316, 16.53129497772193, 0.0, 0.0, 1 
20.845339728310996, 44.87995021582915, 0.0, 0.0, 1.0 
26.72600807243699, 25.7077836641688, 0.0, 0.0, 1.0 
4.648415221636803, 55.49028666302817, 0.0, 0.0, 1.0 
53.91353055993037, 3.235999138025654, 0.0, 0.0, 1.0 
53.76070520714555, 9.33762146356033, 0.0, 0.0, 1.0 
21.589941842855907, 20.416035555831563, 0.0, 0.0, 1.0 
50.41342129419387, 3.054299453775813, 0.0, 0.0, 1.0 
48.779335257269416, 58.04519296196759, 0.0, 0.0, 1.0 
0.36166497041747714, 21.763498280577227, 0.0, 0.0, 1 
46.58325474955924, 11.089365909569562, 0.0, 0.0, 1 
57.39894049205734, 5.3442594373666505, 0.0, 0.0, 1.0 
2.958845904756774, 52.40284279001864, 0.0, 0.0, 1 
21.710564241880235, 16.344745744429634, 0.0, 0.0, 1.0 
33.40374753914414, 38.13974158872918, 0.0, 0.0, 1 
20.257403467324423, 3.083879679078183, 0.0, 0.0, 1.0 
13.361977169204424, 58.88933680936036, 0.0, 0.0, 1.0 
40.95022695486311, 22.110877644284763, 0.0, 0.0, 1 
23.43715091314079, 17.40343961408962, 0.0, 0.0, 1 
21.824033925515085, 12.299210134160557, 0.0, 0.0, 1 
35.89582550522295, 14.78298542295168, 0.0, 0.0, 1.0 
40.61335242995608, 34.326536815606126, 0.0, 0.0, 1 
38.230729298718344, 55.619858692411086, 0.0, 0.0, 1.0 
6.2624472545269505, 0.6100120923851312, 0.0, 0.0, 1.0 
51.517198454694835, 24.47140002827941, 0.0, 0.0, 1.0 
3.648019859196025, 30.011274368688778, 0.0, 0.0, 1.0 
56.25421772184371, 44.0340612775329, 0.0, 0.0, 1.0 
50.17937491272762, 9.17496851603298, 0.0, 0.0, 1.0 
42.88275651536549, 17.040758619640634, 0.0, 0.0, 1 
38.88749797247332, 31.206124886127515, 0.0, 0.0, 1 
53.07824878402503, 31.665182808135654, 0.0, 0.0, 1 
1.3565386662782568, 47.304460156267155, 0.0, 0.0, 1 
6.132008172428186, 4.644089658474, 0.0, 0.0, 1.0 
17.265650914469177, 46.81771148995689, 0.0, 0.0, 1 
35.321446523864395, 33.105710919230646, 0.0, 0.0, 1.0 
10.883122999693578, 24.110096069300287, 0.0, 0.0, 1.0 
51.74162823905966, 16.344395017846004, 0.0, 0.0, 1.0 
28.20125083367858, 34.89137300732228, 0.0, 0.0, 1.0 
43.54606505028387, 54.76035487764986, 0.0, 0.0, 1.0 
18.289734669696937, 10.113555603068884, 0.0, 0.0, 1 
40.165181167843606, 50.59027493521322, 0.0, 0.0, 1.0 
27.55389920263567, 57.30618787513439, 0.0, 0.0, 1.0 
28.081931774227968, 38.961901951370024, 0.0, 0.0, 1 
29.806527682435547, 42.094866753954136, 0.0, 0.0, 1.0 
16.973986315183964, 56.95281192853068, 0.0, 0.0, 1.0 
54.892254220627876, 28.68988551662582, 0.0, 0.0, 1.0 
25.949899298782192, 52.159205319075554, 0.0, 0.0, 1.0 
52.42744391650667, 54.08616026657265, 0.0, 0.0, 1.0 
33.97833779120811, 19.81283455118302, 0.0, 0.0, 1.0 
50.26895439688958, 7.194122126763979, 0.0, 0.0, 1.0 
27.052862437673905, 13.474508010242245, 0.0, 0.0, 1 
20.728328644413963, 48.92875467211813, 0.0, 0.0, 1 
59.80042750482079, 44.16252130877118, 0.0, 0.0, 1.0 
40.75426151997434, 30.254186455759633, 0.0, 0.0, 1 
8.884845668014755, 31.184419573277143, 0.0, 0.0, 1.0 
40.46279498200597, 40.38496923801613, 0.0, 0.0, 1 
55.685234705435214, 2.232077199102429, 0.0, 0.0, 1.0 
55.35464926505821, 14.458097665827458, 0.0, 0.0, 1.0 
39.06101569556475, 27.140179646955303, 0.0, 0.0, 1 
9.377156486481237, 12.887816302936374, 0.0, 0.0, 1.0 
11.502740175157367, 3.8357818796916012, 0.0, 0.0, 1.0 
5.639763841340157, 20.874883723245613, 0.0, 0.0, 1.0 
35.839291410871816, 16.86719174808378, 0.0, 0.0, 1.0 
54.82998038097966, 30.733040765772525, 0.0, 0.0, 1.0 
59.08026297445053, 8.461616129320563, 0.0, 0.0, 1.0 
49.20235390610383, 41.726395496298636, 0.0, 0.0, 1 
50.890693789685216, 44.84459646269711, 0.0, 0.0, 1.0 
10.627259588028638, 32.28237814454117, 0.0, 0.0, 1.0 
58.33180031066227, 32.89616316140316, 0.0, 0.0, 1.0 
45.51073932736858, 47.740889737556834, 0.0, 0.0, 1 
52.28436631650863, 58.16230383660974, 0.0, 0.0, 1.0 
30.931847511968762, 1.412104801649311, 0.0, 0.0, 1 
47.996959177248556, 24.39179143568054, 0.0, 0.0, 1.0 
15.15735635701611, 59.979751305907634, 0.0, 0.0, 1.0 
13.164161466272603, 8.747432575605533, 0.0, 0.0, 1.0 
45.20831209794411, 57.8819893892601, 0.0, 0.0, 1 
37.04018719733506, 36.23817541273278, 0.0, 0.0, 1 
28.3190012024618, 30.842718131731274, 0.0, 0.0, 1.0 
22.431863482598864, 52.045778029471975, 0.0, 0.0, 1.0 
46.71351009319826, 7.00662105840917, 0.0, 0.0, 1 
30.213150281114924, 27.8825583859816, 0.0, 0.0, 1.0 
52.77953756729709, 41.8838397370276, 0.0, 0.0, 1 
8.30241709344211, 51.59258854936107, 0.0, 0.0, 1 
36.60991240896918, 50.47094272569657, 0.0, 0.0, 1.0 
11.562198817405573, 1.782185107477523, 0.0, 0.0, 1.0 
15.818559680013516, 35.51224210961972, 0.0, 0.0, 1.0 
36.648884594273525, 48.440677409008295, 0.0, 0.0, 1 
58.874429368733786, 14.577366138687916, 0.0, 0.0, 1.0 
48.276468033709044, 14.195434203822307, 0.0, 0.0, 1.0 
13.7317329646708, 46.6332001073252, 0.0, 0.0, 1.0 
18.50604425981423, 4.077708839837309, 0.0, 0.0, 1.0 
20.35368442835947, 1.035918377394368, 0.0, 0.0, 1.0 
60.02167984544664, 36.039244821953154, 0.0, 0.0, 1.0 
58.99230002338363, 10.523207458686745, 0.0, 0.0, 1 
30.14883200312906, 29.917027045159518, 0.0, 0.0, 1.0 
56.74217076221665, 27.746532692381418, 0.0, 0.0, 1.0 
44.75517490704124, 14.107325520896245, 0.0, 0.0, 1.0 
22.336154121968168, 54.063229683372505, 0.0, 0.0, 1.0 
6.308088508910467, 58.61619720079732, 0.0, 0.0, 1.0 
48.099724704856875, 20.344242865033152, 0.0, 0.0, 1.0 
22.6072484019703, 45.95548685472651, 0.0, 0.0, 1.0 
51.60235763126634, 22.49138236870063, 0.0, 0.0, 1 
46.92539803144582, 0.9114975787452096, 0.0, 0.0, 1.0 
37.89856366623075, 5.682397400095108, 0.0, 0.0, 1 
43.4422731524776, 58.85281710430759, 0.0, 0.0, 1.0 
12.379599563693992, 31.35710566686158, 0.0, 0.0, 1 
9.491047506678074, 10.858501470859158, 0.0, 0.0, 1.0 
27.84585171524799, 47.12717725301758, 0.0, 0.0, 1 
33.39254543883998, 40.167582478146, 0.0, 0.0, 1 
53.21945369013263, 27.620971298032256, 0.0, 0.0, 1 
23.186111998974052, 25.557127371811458, 0.0, 0.0, 1.0 
27.96746721461904, 43.026769937417136, 0.0, 0.0, 1 
26.266263760886922, 42.00629361258073, 0.0, 0.0, 1.0 
42.34648652901818, 35.34848486312568, 0.0, 0.0, 1 
4.227939740848568, 9.66953152670203, 0.0, 0.0, 1.0 
2.243052896644618, 16.728653718029197, 0.0, 0.0, 1 
29.182070182083976, 2.385074389604873, 0.0, 0.0, 1 
0.17996057325531162, 27.87735680156058, 0.0, 0.0, 1.0 
22.702169591055238, 41.887857491875714, 0.0, 0.0, 1 
52.65217514370805, 45.94615150889939, 0.0, 0.0, 1 
1.4733623354902918, 43.23391173928914, 0.0, 0.0, 1 
5.226657912589871, 35.16403925095744, 0.0, 0.0, 1.0 
13.948723848027704, 38.504127598987836, 0.0, 0.0, 1 
53.63351337489236, 11.351741954900396, 0.0, 0.0, 1.0 
57.645386075578045, 57.332569291011716, 0.0, 0.0, 1.0 
30.019287524032055, 33.91279870001153, 0.0, 0.0, 1.0 
20.95311269958723, 40.80763774699062, 0.0, 0.0, 1 
37.70890378870141, 11.81258387405974, 0.0, 0.0, 1 
55.23019730562246, 18.513653947230658, 0.0, 0.0, 1 
54.38595464487298, 46.99714907675727, 0.0, 0.0, 1.0 
58.05098708808981, 43.05897016595368, 0.0, 0.0, 1.0 
47.66653857682013, 34.54982129796505, 0.0, 0.0, 1 
30.68133978571592, 9.527468933904238, 0.0, 0.0, 1 
10.144559648111734, 48.54657451872988, 0.0, 0.0, 1 
49.32343785182656, 37.66014365553232, 0.0, 0.0, 1.0 
31.85291971379138, 30.95760436053896, 0.0, 0.0, 1.0 
17.023170498752545, 54.95176063925845, 0.0, 0.0, 1.0 
55.04630116940397, 24.62279498660862, 0.0, 0.0, 1 
3.150790832835111, 46.32479608710523, 0.0, 0.0, 1 
19.99999943781315, 13.268861443918489, 0.0, 0.0, 1 
18.80742518659689, 53.97141244462191, 0.0, 0.0, 1 
53.30964113376399, 23.52744303395935, 0.0, 0.0, 1.0 
0.9764112554113223, 59.487190532566274, 0.0, 0.0, 1.0 
48.71043430420195, 60.03783655288853, 0.0, 0.0, 1 
4.794069745997349, 49.46040325854916, 0.0, 0.0, 1 
15.727419377624564, 39.57995968819104, 0.0, 0.0, 1.0 
55.1784783474667, 20.553477630058513, 0.0, 0.0, 1 
33.133820089702915, 48.34129351695941, 0.0, 0.0, 1 
14.76095026359797, 12.008746823140418, 0.0, 0.0, 1.0 
2.135409423744826, 20.823464797838756, 0.0, 0.0, 1.0 
12.174725633153056, 39.48727008727271, 0.0, 0.0, 1 
17.430760081667923, 40.67647488819169, 0.0, 0.0, 1 
35.50780821890638, 26.99908440548082, 0.0, 0.0, 1 
4.3817327989064125, 5.585907407543456, 0.0, 0.0, 1.0 
48.22893530865129, 16.261627027734974, 0.0, 0.0, 1.0 
59.22403606059954, 2.371802812620944, 0.0, 0.0, 1.0 
59.68331268123244, 46.202454857116805, 0.0, 0.0, 1 
34.614569809003264, 57.510580107864854, 0.0, 0.0, 1 
45.19833789402224, 59.96318527761438, 0.0, 0.0, 1.0 
5.901668428191583, 12.811185163104904, 0.0, 0.0, 1.0 
14.025653209666842, 36.47630835347129, 0.0, 0.0, 1.0 
47.34380529417578, 46.822957091978246, 0.0, 0.0, 1.0 
42.810272838019245, 19.1177897125405, 0.0, 0.0, 1 
9.909018807543855, 56.72162335154779, 0.0, 0.0, 1.0 
8.576559315962628, 43.43189904605789, 0.0, 0.0, 1 
50.46714737937197, 1.0696988762299875, 0.0, 0.0, 1.0 
14.292358218680718, 28.336205994012694, 0.0, 0.0, 1.0 
11.456759788775459, 5.868362472035071, 0.0, 0.0, 1.0 
18.22383515069061, 12.125857365730152, 0.0, 0.0, 1.0 
38.844059009588335, 33.21205582031702, 0.0, 0.0, 1.0 
23.46607151865959, 15.421732983304793, 0.0, 0.0, 1 
25.28890104454119, 14.437406690354186, 0.0, 0.0, 1 
31.894294125273877, 28.92179498052915, 0.0, 0.0, 1.0 
30.491071454137675, 17.713944148588684, 0.0, 0.0, 1.0 
33.02054727982242, 52.41216614169719, 0.0, 0.0, 1 
57.238038518214765, 9.421162088211124, 0.0, 0.0, 1.0 
33.99576418036895, 17.786105810683125, 0.0, 0.0, 1.0 
16.89162508875794, 59.01569486014891, 0.0, 0.0, 1.0 
3.061262077039342, 48.3558556582893, 0.0, 0.0, 1 
24.538759138964004, 38.89886853595393, 0.0, 0.0, 1 
29.386515446332183, 56.33414521604528, 0.0, 0.0, 1 
53.131690578560594, 29.69380827429341, 0.0, 0.0, 1.0 
