position_x,position_y,position_z,orientation,aspect_ratio
50.30055836753705, 25.386090173916998, 0.0, 6.887600117483014, 2.7000000000000015 
38.38442665203316, 58.76448621331958, 0.0, -1.5543765087997605, 2.6000000000000014 
42.345751458343095, 28.054178393778223, 0.0, -0.2945312630574007, 2.7000000000000015 
2.2081594699623524, 33.596985286282425, 0.0, 1.5681366554409664, 2.7000000000000015 
44.55262854867824, 41.60642159695542, 0.0, 5.070422159748368, 2.7000000000000015 
37.745525609120314, 26.272836033928048, 0.0, 6.236142509194204, 2.7000000000000015 
13.166687016823364, 17.861449362341258, 0.0, 3.2067997418785503, 2.7000000000000015 
46.661942519900954, 45.49785258888239, 0.0, 4.318859267627569, 2.7000000000000015 
40.92063491485428, 42.897988457563876, 0.0, 5.034624399578015, 2.6000000000000014 
40.640817453328786, 58.64563368002796, 0.0, 4.708047483238, 2.7000000000000015 
64.63998229157546, 23.833830620329262, 0.0, 6.985855089455648, 2.7000000000000015 
22.264497594399856, 63.00154423148739, 0.0, -0.6286639072490537, 2.7000000000000015 
30.682279705072144, 31.240972506172653, 0.0, 5.724981565078259, 2.7000000000000015 
10.33384304157129, 63.29100285435701, 0.0, 6.166026845264592, 2.7000000000000015 
0.8827574675595388, 40.213803668658834, 0.0, 7.680439193327616, 2.7000000000000015 
65.26360519082981, 45.421219333084245, 0.0, 7.445292847164441, 2.7000000000000015 
34.68426855714051, 2.8267211886157044, 0.0, 5.381077346097743, 2.7000000000000015 
50.338178481614165, 47.40923907310469, 0.0, 0.0, 1.0 
28.180857059651817, 10.594808799420086, 0.0, 5.507986787868131, 2.7000000000000015 
40.26503752394581, 61.78265703228525, 0.0, -1.6134196083350436, 2.7000000000000015 
62.086767943031916, 59.56546396133137, 0.0, 8.017428304556827, 2.7000000000000015 
41.8697349782576, 38.57385242873696, 0.0, -0.8505525996901087, 2.7000000000000015 
51.81204373319481, 54.33175856220091, 0.0, 0.0, 1.0 
8.063129874180282, 60.71797809769897, 0.0, 0.16845792255827288, 2.7000000000000015 
33.9939843910778, 33.534311356238256, 0.0, 5.340714761121489, 2.7000000000000015 
50.372103275503264, 1.6223421199613384, 0.0, 2.1230259245134504, 2.7000000000000015 
37.818148512543125, 47.81256419836661, 0.0, 4.789000883429803, 2.7000000000000015 
65.02662409495153, 41.070809917627265, 0.0, 1.1914357925141332, 2.7000000000000015 
33.57760757650383, 31.26835049578293, 0.0, 5.497652235549475, 2.7000000000000015 
3.4741459529714915, 60.47679859080459, 0.0, 0.35847260806312925, 2.7000000000000015 
1.333788418213833, 42.71939968178286, 0.0, 1.5387277197918963, 2.7000000000000015 
2.4303677731946376, 53.10306672606494, 0.0, 1.4948504326545886, 2.7000000000000015 
25.916170959599864, 38.18213232556361, 0.0, -1.0620551467876194, 2.7000000000000015 
52.34699971982569, 58.64396085714222, 0.0, 5.386854299292216, 2.7000000000000015 
1.471589296240511, 51.19991406729527, 0.0, 1.3190043326027112, 2.7000000000000015 
0.678151742502127, 53.677442090368515, 0.0, 6.915013034228116, 2.7000000000000015 
18.223030856710118, 11.279207546969435, 0.0, -0.2822529597804769, 2.7000000000000015 
26.518235068189913, 63.14393339602888, 0.0, -1.0257429864899863, 2.7000000000000015 
54.498598915718134, 32.72736587990928, 0.0, 0.2541494334586395, 2.7000000000000015 
22.79190003487096, 51.84184774475095, 0.0, 6.1320114959353615, 2.6000000000000014 
59.47397410069475, 59.84248077685512, 0.0, 7.454242885758555, 2.7000000000000015 
37.48777289379478, 57.615043227366755, 0.0, -1.4156732660912212, 2.7000000000000015 
39.275787271284315, 47.053883749522605, 0.0, 4.642316665112548, 2.7000000000000015 
14.350957333555842, 53.32110939117113, 0.0, 0.28330964212850723, 2.7000000000000015 
32.42049588044773, 25.953865334142463, 0.0, 6.370917381721931, 2.7000000000000015 
31.923776481045742, 7.887170754428003, 0.0, -1.0405891525270576, 2.7000000000000015 
9.907439588907035, 0.6732806240473282, 0.0, 5.754838439443547, 2.7000000000000015 
21.280716356538772, 0.5992579697937882, 0.0, -0.9220628685142561, 2.7000000000000015 
45.84127565830663, 46.891022280108544, 0.0, 4.619861697994771, 2.7000000000000015 
21.266976801494973, 45.79569785040851, 0.0, -0.9063814254994823, 2.7000000000000015 
43.14199430928248, 5.0608454606665285, 0.0, -0.8262074814903965, 2.7000000000000015 
62.117160014719204, 41.253586900446976, 0.0, 7.34665095978645, 2.7000000000000015 
49.171883746455585, 20.526451700065003, 0.0, 0.1286931351927291, 2.7000000000000015 
64.09471644837208, 56.73749082524328, 0.0, 7.158928623593935, 2.4000000000000012 
62.950849196039705, 62.09718275975901, 0.0, 8.468901969068686, 2.7000000000000015 
42.94848464392253, 33.62789987472139, 0.0, -0.17875797043376088, 2.7000000000000015 
41.402355092225854, 50.74113838860078, 0.0, 4.479109289522398, 2.7000000000000015 
47.88320265175, 19.14690806860747, 0.0, 0.27522204204183776, 2.7000000000000015 
53.398941580918354, 55.256938992777286, 0.0, 5.815021929031958, 2.7000000000000015 
22.169739693048093, 36.553741107050165, 0.0, -0.7940822069635749, 2.7000000000000015 
21.680562982532393, 58.11907952917179, 0.0, -0.3523825512931035, 2.7000000000000015 
51.569641396295395, 23.608764016353916, 0.0, 0.40081432906945874, 2.7000000000000015 
25.203709564385264, 43.983940721199055, 0.0, -1.4499927871398115, 2.7000000000000015 
8.93138530413646, 59.547492336560744, 0.0, 6.971072948277689, 2.7000000000000015 
24.61059601354913, 8.030449273505708, 0.0, 0.12176985211087551, 2.7000000000000015 
59.82276589968435, 42.625481826592925, 0.0, 6.411371353797734, 2.7000000000000015 
3.766848085230126, 44.55100750397769, 0.0, 1.747414572962674, 2.7000000000000015 
27.013218577144794, 64.24767762554264, 0.0, -1.1917245063187463, 2.7000000000000015 
28.91539808905182, 49.178022252466626, 0.0, 4.672676682734662, 2.7000000000000015 
40.117753614416166, 40.70431478351584, 0.0, -1.0121105365233374, 2.7000000000000015 
29.005680431856618, 6.081797798172707, 0.0, 5.961354460842483, 2.7000000000000015 
23.043734027527677, 34.25116379778756, 0.0, 5.542951175090613, 2.7000000000000015 
47.585016078709245, 27.95592651852805, 0.0, 0.036960109226702655, 2.7000000000000015 
47.85170633972721, 49.60669164704949, 0.0, -1.7879371395818855, 2.6000000000000014 
35.061068592873916, 6.363296023949923, 0.0, 5.0123514283465616, 2.7000000000000015 
25.915747382855397, 55.41346858094019, 0.0, -0.7718971597891445, 2.7000000000000015 
17.653956348479017, 0.2079414944583387, 0.0, 5.842172900780525, 2.7000000000000015 
53.87203533403428, 30.92824601431509, 0.0, 0.11685030388672085, 2.5000000000000013 
21.459225679988997, 55.010457446282174, 0.0, 5.79293035215044, 2.7000000000000015 
34.0746866336416, 61.79141906524778, 0.0, -0.9662648955490365, 2.7000000000000015 
65.48011700286237, 29.061602025950943, 0.0, 7.368238452821917, 2.7000000000000015 
63.21497963238872, 46.21539123988839, 0.0, 7.533172015973432, 2.7000000000000015 
21.76536190644394, 38.43127977885782, 0.0, -0.8304990066343215, 2.300000000000001 
60.29355943394572, 43.96882611404653, 0.0, 0.0, 1.0 
22.973767346907287, 66.89298160846339, 0.0, -1.0467921816772765, 2.7000000000000015 
1.060079052637709, 37.4314478542032, 0.0, 7.643953490777609, 2.7000000000000015 
33.647893054579946, 1.269134729334316, 0.0, 5.646226705236438, 2.7000000000000015 
32.09099426630816, 34.672638912348084, 0.0, -1.1861294261815016, 2.7000000000000015 
32.90384121114294, 28.691204466998304, 0.0, -0.05410370092926286, 2.7000000000000015 
59.94988882668914, 57.952789015124374, 0.0, 1.3444794895676868, 2.7000000000000015 
5.041707610093981, 59.426780441937595, 0.0, 0.47054000044079064, 2.7000000000000015 
29.161052653232655, 41.898697100199705, 0.0, -1.8024280914856075, 2.7000000000000015 
3.943401150628045, 37.09188101127585, 0.0, 1.7169657278194137, 2.7000000000000015 
54.230922879231045, 46.27700619643746, 0.0, 0.0, 1.0 
5.674240985713442, 60.64037882081661, 0.0, 6.687723143843212, 2.7000000000000015 
26.238704932019928, 51.64261147041561, 0.0, -1.2204260472985928, 2.7000000000000015 
39.423859729674156, 35.61484436175737, 0.0, 0.0, 1.0 
55.394965079012565, 63.739245214710024, 0.0, 8.93938488573643, 2.300000000000001 
2.0831929444809147, 65.56802134874808, 0.0, 0.08055506357300835, 2.7000000000000015 
48.92642908619455, 18.184216560936726, 0.0, 0.45623315271268217, 2.7000000000000015 
28.18711708851452, 32.98575944479113, 0.0, -0.7529079744684998, 2.7000000000000015 
31.93220275240844, 31.605541650433192, 0.0, -0.8707247773642954, 2.7000000000000015 
53.68929737230071, 48.06257338208239, 0.0, 0.0, 1.0 
2.4545951211535133, 30.570482587418283, 0.0, 1.2639844881297206, 2.7000000000000015 
50.081749660449596, 29.539590091195866, 0.0, 6.269545191096802, 2.7000000000000015 
34.19058193718362, 57.83155538843236, 0.0, 5.108160538057325, 2.7000000000000015 
6.994161558479455, 52.183691927514275, 0.0, 1.702314422828986, 2.7000000000000015 
35.35854568982546, 14.64505126165337, 0.0, 5.625850721047489, 2.7000000000000015 
65.56710775694681, 31.163487573771434, 0.0, 1.0953389470787411, 2.7000000000000015 
63.925902550859284, 48.751402049787835, 0.0, 7.573531379358789, 2.7000000000000015 
44.2922402221422, 32.53692280567761, 0.0, -0.3462413922278819, 1.5000000000000004 
27.740224260437536, 43.591131092572496, 0.0, -1.6755501719517871, 2.7000000000000015 
40.311820251029815, 49.250506902752356, 0.0, -1.7278000238605045, 2.7000000000000015 
66.72544832837424, 39.754705167333704, 0.0, 7.443408017928821, 2.7000000000000015 
64.96595236585583, 47.66762947120533, 0.0, 1.3891815915764407, 2.7000000000000015 
9.963212878084086, 65.43993536729059, 0.0, 5.908116359362545, 2.7000000000000015 
28.509916504872987, 8.685839282867688, 0.0, 5.621546670129762, 2.7000000000000015 
54.28935966250922, 20.32286334202868, 0.0, 0.5306824522741339, 2.6000000000000014 
50.74567248846217, 49.42647586414749, 0.0, 0.0, 1.0 
16.060589453891513, 47.68398302403987, 0.0, 4.420822845102032, 2.7000000000000015 
41.93989936391954, 56.023212868104096, 0.0, 4.547217663404507, 2.7000000000000015 
52.851342722373474, 33.15974010142474, 0.0, 6.610047800561649, 2.6000000000000014 
33.195526127959376, 0.21115120814236554, 0.0, -0.6464893381182972, 2.7000000000000015 
0.7200086637217475, 28.196395281666593, 0.0, 7.353951575573726, 2.7000000000000015 
25.76716001607124, 56.85810673756463, 0.0, -0.8961832230952036, 2.7000000000000015 
65.28848437484389, 35.588224630270616, 0.0, 0.8629186758696955, 2.7000000000000015 
58.789050958579274, 32.90822289205603, 0.0, 0.3700642883928214, 2.7000000000000015 
35.47291991071355, 25.542461576010826, 0.0, 6.21378671901518, 2.5000000000000013 
8.581327520002514, 0.15103640978909688, 0.0, 5.830703382769046, 2.7000000000000015 
28.14792887838371, 3.0368950976240057, 0.0, -0.07859239930225992, 2.7000000000000015 
66.41475769337852, 55.906104887987475, 0.0, 6.934967563378936, 2.6000000000000014 
16.04411734464043, 50.83266867036394, 0.0, 3.1309008232283126, 1.1 
24.06758877897576, 41.54746870610546, 0.0, -1.3425628876556426, 2.7000000000000015 
31.950230031009433, 64.34569482467249, 0.0, -0.7601753265250615, 2.7000000000000015 
5.923264692157375, 45.3062143462425, 0.0, 1.8424895090567333, 2.7000000000000015 
36.35633637326396, 43.01278980436379, 0.0, -1.3295451829216467, 2.7000000000000015 
35.143231136295014, 39.54942880763088, 0.0, -0.6691476872968937, 2.7000000000000015 
57.60656695236153, 35.28177644199059, 0.0, 6.65537202642862, 2.7000000000000015 
33.514487894903155, 54.272469779366304, 0.0, -1.4139248280885197, 2.7000000000000015 
52.30056626847969, 37.9011454196531, 0.0, -0.072728749576377, 2.7000000000000015 
40.33923015589619, 3.4191761002259056, 0.0, 4.927515446212638, 2.7000000000000015 
20.30681334220078, 9.86315968375455, 0.0, 6.177990758464525, 2.7000000000000015 
63.76376652890432, 2.170757215206393, 0.0, 5.65922651631639, 2.7000000000000015 
1.1195026828083239, 45.39436342690768, 0.0, 1.66255013820947, 2.7000000000000015 
26.12833020537097, 42.58813485677727, 0.0, 4.6383047302304306, 2.7000000000000015 
43.74287155996208, 39.11515832754609, 0.0, -1.0132473178399959, 2.7000000000000015 
39.11017558823624, 32.129630965084054, 0.0, 5.976179606951459, 2.6000000000000014 
31.27656736307051, 41.84923461666398, 0.0, 4.4132257232956285, 2.7000000000000015 
32.03078115303985, 29.852854504329727, 0.0, 5.866796804498317, 2.7000000000000015 
35.93753050280086, 63.003514541677816, 0.0, -1.115405082411874, 2.7000000000000015 
57.03290069491008, 24.940026645379206, 0.0, 6.972103663013359, 2.7000000000000015 
35.975139220005886, 20.519101645148922, 0.0, 5.921394597961426, 2.7000000000000015 
5.520346366008172, 48.59834242324853, 0.0, 7.941646801795837, 2.7000000000000015 
33.79516202917306, 65.43866952111932, 0.0, -0.7371282659475178, 2.7000000000000015 
53.35849882059365, 25.529081329744983, 0.0, 6.87560727326716, 2.7000000000000015 
30.125254440415613, 23.861452541972834, 0.0, -0.8616735918504491, 2.7000000000000015 
55.72524141116952, 42.0419902187626, 0.0, 0.0, 1.0 
61.86011601946581, 22.388929409453922, 0.0, 0.6163760463954213, 2.7000000000000015 
4.8227920063396565, 55.738988137850676, 0.0, 0.9710024440612016, 2.7000000000000015 
30.064382561032517, 44.330561770684575, 0.0, -1.9532053387174506, 2.7000000000000015 
35.790269079040925, 55.36709136137117, 0.0, 5.147616289006224, 2.7000000000000015 
56.535768392854884, 25.852835452235805, 0.0, 0.7477151917478091, 2.6000000000000014 
5.935751193110181, 42.123265625472, 0.0, 7.910359610599685, 2.7000000000000015 
42.06233681162265, 3.838078556089758, 0.0, -0.9071366076411544, 2.7000000000000015 
52.80713275799994, 39.74706018583756, 0.0, 6.295959134299379, 2.7000000000000015 
19.919011405588815, 38.98289382774182, 0.0, 5.298469340092537, 2.7000000000000015 
43.94480385536968, 16.316492036871498, 0.0, 6.338547646395401, 2.7000000000000015 
48.80473774892883, 28.805807020074578, 0.0, -0.12816310100802814, 2.7000000000000015 
10.34405074656612, 48.42386429684537, 0.0, 2.408029507673009, 2.7000000000000015 
18.536190714944496, 55.709648310598546, 0.0, 0.006351864963503066, 2.7000000000000015 
24.78819394998013, 53.486444143366654, 0.0, -0.956545777307087, 2.7000000000000015 
36.0698173619641, 31.72798164748786, 0.0, 5.666256111091771, 2.7000000000000015 
22.46985541633107, 41.09099243765484, 0.0, -1.1508578837148014, 2.7000000000000015 
47.31551807450821, 26.873394944308764, 0.0, -0.10614745770768495, 2.7000000000000015 
13.340397738568626, 58.95819603333281, 0.0, 0.7989885510896266, 2.7000000000000015 
32.731456037884186, 43.39669336759495, 0.0, 4.469545372064412, 2.6000000000000014 
39.53385386635926, 50.23382608145572, 0.0, -1.6229686359633357, 2.7000000000000015 
7.99042021456695, 54.54118273623882, 0.0, 7.607953703165043, 2.7000000000000015 
34.14249701790327, 55.92975183939268, 0.0, -0.9402480684156059, 2.7000000000000015 
26.815644043315825, 60.19527848004258, 0.0, -0.7913169675932259, 2.7000000000000015 
20.203455226436002, 61.41587526968225, 0.0, -0.5000836754387985, 2.7000000000000015 
6.83847995868409, 66.67638431734528, 0.0, -0.37218049258622565, 2.7000000000000015 
57.45103418971686, 47.3395307894201, 0.0, 6.887844797442308, 2.7000000000000015 
31.182382986952515, 20.980345256914685, 0.0, -0.8793134881999235, 2.7000000000000015 
6.404423042956152, 61.94092309357633, 0.0, 0.3420911861444007, 2.7000000000000015 
23.243547386147227, 59.71627266167137, 0.0, -0.7029377403537981, 2.6000000000000014 
29.40756221257755, 29.078198875172752, 0.0, 5.936292186130014, 2.7000000000000015 
55.942322911773125, 13.22440281898226, 0.0, -0.16930093586204334, 2.7000000000000015 
66.37666055712396, 47.68700452160097, 0.0, 1.0311861240986246, 2.7000000000000015 
61.893602456247656, 46.70301506245666, 0.0, 0.8023915197672369, 2.7000000000000015 
33.29291547839423, 46.577652920106146, 0.0, 4.4085042638157645, 2.7000000000000015 
4.788308557732738, 41.76785143226174, 0.0, 7.974930324227404, 2.7000000000000015 
46.01966409592466, 42.880484007572406, 0.0, 4.649932546197039, 2.7000000000000015 
26.72140180881523, 46.574400518597116, 0.0, -1.656227721149284, 2.7000000000000015 
46.400728119465704, 38.88792325590757, 0.0, 5.41444206324179, 2.7000000000000015 
42.55022342550081, 45.48061010685911, 0.0, -1.7396585783662635, 2.7000000000000015 
26.595692633514705, 27.71038310718041, 0.0, 5.947551921937939, 2.7000000000000015 
41.64891495559683, 27.346628978154207, 0.0, 6.119183926946601, 2.7000000000000015 
34.8070661634006, 53.18583513864719, 0.0, 5.002089940093987, 2.7000000000000015 
7.68133649907194, 64.005539874709, 0.0, 6.275761541824576, 2.5000000000000013 
23.822552655347334, 53.19599513596154, 0.0, -0.9000646011457133, 2.7000000000000015 
36.41387238573616, 5.26700726203792, 0.0, -1.4938262387034276, 2.7000000000000015 
23.49721713859474, 10.958676438083154, 0.0, -0.42539151020776156, 2.7000000000000015 
54.211939334090204, 65.85189609589641, 0.0, 2.4273539221727765, 2.7000000000000015 
49.40209859063612, 27.482057327024506, 0.0, 6.385753359347501, 2.7000000000000015 
35.01732644153343, 11.66805993017237, 0.0, -0.8984948079627831, 2.7000000000000015 
29.9056034849395, 10.531371282704628, 0.0, -0.7341805756453136, 2.7000000000000015 
21.144025309559684, 56.662780400805126, 0.0, 6.461617128216943, 2.5000000000000013 
5.821075263815779, 53.54451202377173, 0.0, 1.4444815668136426, 2.7000000000000015 
48.51076756598085, 44.28758957583704, 0.0, 0.0, 1.0 
7.80262244132047, 65.18333412966648, 0.0, 6.015889692022469, 2.7000000000000015 
65.0127708974467, 53.93176930764842, 0.0, 6.770537309635912, 2.7000000000000015 
8.860430707707021, 40.29473141730559, 0.0, 4.377813679523317, 2.7000000000000015 
55.56859672441851, 27.65242611889258, 0.0, 6.901610690931593, 2.7000000000000015 
27.91940230030549, 4.459956248444358, 0.0, 5.861648235904711, 2.7000000000000015 
27.431539635971667, 50.25336967133292, 0.0, 4.8987497005450935, 2.6000000000000014 
58.69958698685394, 28.21908182834923, 0.0, 0.7068219306510014, 2.7000000000000015 
35.11945045644864, 40.78572744275052, 0.0, 5.532526248944832, 2.7000000000000015 
56.96012244848307, 8.211237025717717, 0.0, 7.767294857670254, 2.7000000000000015 
43.04888215695249, 57.241657879388484, 0.0, -1.7570571422621746, 2.7000000000000015 
55.558215074047666, 5.616191030043668, 0.0, 6.683551734072616, 2.7000000000000015 
52.028409582508424, 48.357388433508085, 0.0, 0.0, 1.0 
56.25371676605614, 50.957026412763575, 0.0, 0.0, 1.0 
26.3139501218208, 9.182565012910024, 0.0, -0.5412708498607214, 2.7000000000000015 
40.292175488299584, 52.479850676759185, 0.0, -1.5909854185446521, 2.7000000000000015 
22.776048669829667, 63.88949253391958, 0.0, -0.8476560328317001, 2.7000000000000015 
11.159547926966862, 61.17105496455989, 0.0, -0.15963484999253671, 2.7000000000000015 
26.247721791659362, 6.219437588425088, 0.0, 5.921789164567592, 2.7000000000000015 
23.702621015269823, 46.62304952510212, 0.0, -0.8914806131160811, 2.300000000000001 
18.34598473124036, 63.44648936298866, 0.0, 5.630440349440998, 2.7000000000000015 
2.7811987339896787, 44.403671946263735, 0.0, 1.7507863636923409, 2.7000000000000015 
44.74135728823054, 22.127478589985827, 0.0, 0.2922244716566433, 2.6000000000000014 
7.814908963884432, 44.232936973498404, 0.0, 3.793335925712998, 2.7000000000000015 
15.311258212245763, 0.0021614719226552516, 0.0, 0.0, 1.0 
51.2722171093802, 32.00315677135744, 0.0, 0.2274898582564391, 2.6000000000000014 
30.424681591907333, 8.334863652188101, 0.0, 5.35707210191057, 2.7000000000000015 
52.115230747389845, 0.9860855866514264, 0.0, 8.040233565687519, 2.7000000000000015 
48.0606578601509, 56.25055127620625, 0.0, -1.9666579417463677, 2.7000000000000015 
17.673469945753293, 53.887354762636555, 0.0, 6.320853273272276, 2.7000000000000015 
40.16855133888899, 36.48849835681573, 0.0, 5.678867372961514, 2.7000000000000015 
10.80956581585242, 64.11534501870409, 0.0, 6.061399024200173, 2.7000000000000015 
39.84075629944429, 28.94570544857252, 0.0, 5.974919332748897, 2.7000000000000015 
19.882419649419454, 57.62383038247821, 0.0, -0.01991840483644418, 2.7000000000000015 
20.754685562351483, 50.92878121374239, 0.0, 0.0, 1.0 
10.641550312367167, 55.6485827548297, 0.0, 1.5152513517124657, 2.7000000000000015 
45.34958621124709, 37.92493806419994, 0.0, 5.264659815917911, 2.7000000000000015 
17.461768090215163, 52.276160148278855, 0.0, 0.0, 1.0 
38.012211496386065, 36.84954934655702, 0.0, 5.74657436738688, 2.7000000000000015 
40.73807082855882, 30.75946354661635, 0.0, -0.43258043861137463, 2.7000000000000015 
39.54280491517906, 27.00443148354339, 0.0, -0.0987562082707322, 2.7000000000000015 
49.291594723159605, 36.804021617306915, 0.0, 6.0615993439532, 2.7000000000000015 
22.542473476507634, 48.83427748382487, 0.0, -0.6932689815516789, 2.7000000000000015 
37.399011610445186, 38.32852662182025, 0.0, -0.7300502482374622, 2.7000000000000015 
62.2802226083341, 38.38193464656114, 0.0, 6.955700545972851, 2.6000000000000014 
47.233383973646596, 44.329285093001424, 0.0, 4.378559177242508, 2.7000000000000015 
28.414919955887488, 62.943323257236564, 0.0, -1.1977605688818884, 2.7000000000000015 
61.06957188829075, 62.82866012570983, 0.0, 8.483291212110515, 2.7000000000000015 
40.51522251727902, 15.636745132753823, 0.0, 2.184158708766761, 2.7000000000000015 
62.32109130108579, 48.18888555733989, 0.0, 7.069514898128015, 2.5000000000000013 
35.15621720537922, 44.52380278413453, 0.0, -1.435413304472597, 2.7000000000000015 
63.85396991839238, 43.09524851252605, 0.0, 1.223079717882576, 2.6000000000000014 
66.72480613304334, 35.86640201989212, 0.0, 7.367388698500043, 2.7000000000000015 
59.45603768053134, 54.584113945622946, 0.0, 1.4996071416481513, 2.7000000000000015 
60.929146024700906, 50.11917992521827, 0.0, 1.1880308940012352, 2.7000000000000015 
41.68709624417533, 43.90313212948638, 0.0, 4.700769152324369, 2.7000000000000015 
36.110656169002176, 47.22810362406988, 0.0, -1.1270532241892661, 2.7000000000000015 
1.947166446316704, 40.22927247756072, 0.0, 1.4703548369831707, 2.7000000000000015 
29.721091131716964, 65.46073584897404, 0.0, -0.9238215964998727, 2.7000000000000015 
44.843812050691035, 27.35450876061179, 0.0, 6.090661557998763, 2.7000000000000015 
33.25681237958893, 2.83763619809385, 0.0, -0.6816963217227608, 2.7000000000000015 
40.42773639185675, 24.389097835400122, 0.0, 6.327825288185912, 2.7000000000000015 
9.562346652342585, 33.27601473812729, 0.0, 0.6583874167861753, 2.7000000000000015 
55.583803031019315, 54.9489380313083, 0.0, 5.594183557432931, 2.7000000000000015 
19.17120393754177, 41.7018665104907, 0.0, 3.1693736926998053, 1.5000000000000004 
54.20814445291452, 57.73196479329017, 0.0, 5.113653116300302, 2.7000000000000015 
17.013794746097737, 23.663632023687185, 0.0, 6.238087865412873, 2.7000000000000015 
51.81638232023083, 40.67165057778216, 0.0, 6.357101758387362, 2.100000000000001 
24.730859584256777, 62.15566191190032, 0.0, -0.8990313088211335, 2.7000000000000015 
3.6213741722500243, 47.66928529915078, 0.0, 8.063085137001728, 2.7000000000000015 
30.236759039234588, 34.0719548951154, 0.0, 5.184140357803321, 2.7000000000000015 
37.3560906530328, 60.793529742683205, 0.0, -1.359258772212804, 2.7000000000000015 
32.88337391372335, 48.12997239554743, 0.0, -1.9506655624067208, 2.7000000000000015 
52.88594346661544, 56.71012767288979, 0.0, -0.3981933887230528, 2.7000000000000015 
39.030635609003554, 3.7963873131293764, 0.0, 4.892063118634385, 2.7000000000000015 
57.178634082474176, 37.05206210984127, 0.0, 6.956869438660894, 2.7000000000000015 
57.001659310200026, 20.97672956422577, 0.0, 0.5415991868739229, 2.7000000000000015 
15.368207026689879, 55.7183935512768, 0.0, 0.31371525037504494, 2.7000000000000015 
51.59898302741091, 43.74291192397545, 0.0, 0.0, 1.0 
65.33813447371243, 52.96298868016046, 0.0, 0.5946153496981094, 2.7000000000000015 
31.502290651757814, 55.35331113992308, 0.0, 5.0125804418621565, 2.7000000000000015 
12.883290909219125, 59.98508814050286, 0.0, 0.6606118867702748, 2.6000000000000014 
15.297229629225914, 60.58108100919045, 0.0, -0.02325825968079658, 2.7000000000000015 
57.17090459825044, 60.724076361400094, 0.0, 7.032107193984013, 2.7000000000000015 
39.425024314051996, 20.10008533792347, 0.0, 6.384418751066134, 2.7000000000000015 
61.21219808464363, 38.91694997661186, 0.0, 0.6173763300728896, 2.4000000000000012 
36.74627110584358, 0.594580735663617, 0.0, -1.120921221671992, 2.7000000000000015 
19.735306555741374, 63.93283003814106, 0.0, 5.843497663278604, 1.5000000000000004 
0.9447743330799853, 54.82528253808892, 0.0, 0.4675289860705314, 2.7000000000000015 
13.433588009766902, 47.01103513571852, 0.0, 2.885679095050647, 2.7000000000000015 
13.809792815879964, 56.25260258833824, 0.0, 0.7799449731167765, 2.7000000000000015 
18.1162767273624, 1.3429458330761206, 0.0, 5.858513616517599, 2.7000000000000015 
29.09253909421218, 52.30310660349796, 0.0, -1.3583704003102284, 2.7000000000000015 
43.76530968315997, 46.38950457255779, 0.0, 4.564629790761796, 2.7000000000000015 
31.920157044518792, 63.01506960791277, 0.0, -0.7022017424541888, 2.6000000000000014 
48.01787807284686, 53.8205094697429, 0.0, 4.2957895834826285, 2.7000000000000015 
15.875705538779291, 35.49991486973884, 0.0, 4.927806080884128, 2.7000000000000015 
55.03681369620174, 38.19612894934814, 0.0, 6.551985206415084, 2.7000000000000015 
13.505991885351811, 57.611125415730804, 0.0, 0.5423740810897417, 2.7000000000000015 
25.371179301254674, 50.81779093029306, 0.0, -1.2206620815231257, 2.7000000000000015 
26.279056938125418, 39.78685037376636, 0.0, -1.3838822043587942, 2.7000000000000015 
65.61126430436433, 26.687055466744752, 0.0, 1.3156499661232772, 2.7000000000000015 
46.90132308818379, 41.44368028277911, 0.0, -1.6598318262355607, 1.9000000000000008 
1.9539144610095125, 49.55963181998104, 0.0, 7.795846500543281, 2.7000000000000015 
20.804699669003746, 61.991955586536605, 0.0, -0.7708531360015083, 2.7000000000000015 
42.599864417787025, 17.43699031971838, 0.0, 0.17749975497347623, 2.7000000000000015 
13.522025654678693, 0.4215382780962785, 0.0, 5.344443888601383, 2.5000000000000013 
36.27939892657445, 33.78110594272796, 0.0, 5.520002551244065, 2.7000000000000015 
13.122240617900738, 43.00926333984574, 0.0, 0.8174723789307263, 2.7000000000000015 
13.10707598429388, 48.44764194915782, 0.0, 3.2456970225368162, 2.7000000000000015 
27.971563515663213, 60.24060764350525, 0.0, -0.9869545377407214, 2.7000000000000015 
58.203919014086594, 29.202839843526032, 0.0, 7.066344041850337, 2.6000000000000014 
46.620271660771245, 32.94479026698647, 0.0, 0.14942094589467342, 2.7000000000000015 
53.95563177922146, 51.43853743340467, 0.0, 0.0, 1.0 
53.8068229609449, 29.983099099807603, 0.0, 0.11994748233388994, 2.7000000000000015 
40.25897556625303, 34.198939773369304, 0.0, 0.0, 1.0 
3.5325003778948676, 4.970265944275019, 0.0, 6.9285700028915445, 2.7000000000000015 
24.33839359159833, 43.74709819311571, 0.0, -1.3816177142853323, 2.7000000000000015 
55.679263898335606, 36.98277535944242, 0.0, 0.4873914063635305, 2.7000000000000015 
27.170386841604106, 55.9537507833637, 0.0, 5.242668021690195, 2.7000000000000015 
2.713448343800965, 58.998841084180555, 0.0, 6.774448835748016, 2.7000000000000015 
49.42907294910746, 31.09804961912482, 0.0, -0.04333101515973975, 2.7000000000000015 
30.780136628339374, 0.5733510186527864, 0.0, -0.390222178223043, 2.7000000000000015 
44.58686782657372, 39.99385790659445, 0.0, 5.1889989961380785, 1.5000000000000004 
43.42982060682985, 48.506249469135334, 0.0, 4.471115526100391, 2.7000000000000015 
16.154414820740804, 62.73314382852033, 0.0, -0.46142718771844304, 2.7000000000000015 
11.616898126887447, 57.88397272664521, 0.0, 7.639176042518337, 2.100000000000001 
55.5094170088289, 29.206823303477346, 0.0, 0.49215168101255863, 2.7000000000000015 
3.509469073287204, 53.4749684933829, 0.0, 1.3844354442130384, 2.7000000000000015 
50.337618915853156, 3.5375465685500447, 0.0, 5.6591424870077045, 2.7000000000000015 
21.131246833496803, 2.431854286288006, 0.0, 5.746424722281572, 2.7000000000000015 
18.094729149109497, 60.312701164426755, 0.0, 6.095827170527794, 2.7000000000000015 
37.7152386116749, 64.54814832413554, 0.0, 5.134596090984248, 2.7000000000000015 
56.10222552005778, 53.42636323993744, 0.0, 5.75577769411853, 2.7000000000000015 
2.9278335528231882, 39.5100156207248, 0.0, 1.6003861828789032, 2.7000000000000015 
21.463410324220632, 60.09446187477413, 0.0, 5.880091824772871, 2.7000000000000015 
19.057817271847913, 60.98149388785381, 0.0, -0.5678050330472856, 2.7000000000000015 
57.112660780624836, 29.41041514839524, 0.0, 6.888132466775213, 2.7000000000000015 
22.863614204276217, 28.52427710706392, 0.0, 6.469501124203297, 2.7000000000000015 
38.00156591691319, 51.14826601434411, 0.0, -1.4403481320183822, 2.7000000000000015 
35.48782962827288, 41.993132982747106, 0.0, -1.10127373929175, 2.7000000000000015 
20.763523882914996, 12.624512202479725, 0.0, 5.863840581918397, 2.7000000000000015 
47.63829689459497, 22.54234609836134, 0.0, 6.712915201157483, 2.6000000000000014 
60.11512028695197, 52.39422666573915, 0.0, 1.280515096904006, 2.7000000000000015 
49.94221486744667, 43.63740957773695, 0.0, 0.0, 1.0 
25.454853851445552, 18.67539544319588, 0.0, 5.838074144238376, 2.7000000000000015 
43.2498019889859, 60.03307709374616, 0.0, -1.9053261357694933, 2.7000000000000015 
31.41941504707284, 46.532032687654166, 0.0, 4.410794866295046, 2.7000000000000015 
38.50334636374616, 45.58537697637831, 0.0, 4.827847847442498, 2.7000000000000015 
49.864386191916324, 32.468708915698215, 0.0, 0.3150816169316844, 2.6000000000000014 
42.18175893155533, 40.670968187894275, 0.0, 5.165646258146839, 2.7000000000000015 
3.0193812576821233, 62.350296255945466, 0.0, 6.593223351011865, 2.7000000000000015 
59.67306412397066, 26.527928773991942, 0.0, 0.7182915740405306, 2.7000000000000015 
31.714975166239746, 33.397700025103426, 0.0, -1.0365126950401082, 2.7000000000000015 
33.59270458984097, 9.258576798431422, 0.0, -1.1563807546250078, 2.7000000000000015 
27.10418971067397, 44.83908289542329, 0.0, -1.7882448119482983, 2.7000000000000015 
40.047020088090115, 55.797144150655654, 0.0, -1.560601717945424, 2.7000000000000015 
33.37024463638416, 51.16606691543516, 0.0, -1.5318436219214357, 2.7000000000000015 
50.657355283669084, 56.6794700389892, 0.0, 5.447690689316251, 2.7000000000000015 
28.275835809736478, 51.237664017825836, 0.0, 4.842028456412868, 2.7000000000000015 
66.8647854185573, 29.46089641311668, 0.0, 1.2625937339353743, 2.7000000000000015 
32.08679503205085, 4.869524167682028, 0.0, 5.729831196886549, 2.7000000000000015 
62.12261310944987, 52.788663427429, 0.0, 0.6104671099989639, 2.7000000000000015 
20.43218990430115, 48.53020726297314, 0.0, 4.393395684445905, 1.8000000000000007 
37.489622972208196, 45.13756840326618, 0.0, -1.30432914187825, 2.7000000000000015 
23.660403297555977, 60.86537911854704, 0.0, -0.8961992180890416, 2.7000000000000015 
32.35680543104566, 38.566439601463124, 0.0, -1.6328115030955654, 2.7000000000000015 
42.49215636621132, 32.60883451913841, 0.0, -0.541619812319122, 2.7000000000000015 
31.996217878778005, 44.94712188043939, 0.0, -1.787079482701966, 2.7000000000000015 
47.61877778968892, 23.550284460591868, 0.0, 6.656161585715545, 2.7000000000000015 
32.17745458707285, 11.86702141046175, 0.0, -0.5031415835498354, 2.7000000000000015 
48.14617831401154, 42.608751425615836, 0.0, 0.0, 1.0 
60.83993012802092, 60.74365518288077, 0.0, 7.918770135347706, 2.7000000000000015 
62.59125842022028, 56.7377298989421, 0.0, 1.1075776013676257, 2.6000000000000014 
26.25849676861097, 30.193956159071735, 0.0, -0.385565785993982, 2.7000000000000015 
2.030917997137301, 37.01721288686953, 0.0, 7.750704222426361, 2.7000000000000015 
39.37456017347257, 28.14628751962525, 0.0, 6.121997037795542, 2.6000000000000014 
45.08143042652661, 26.023960269524853, 0.0, 0.1570350440198282, 2.7000000000000015 
65.90018574491476, 16.246629053211247, 0.0, 6.165456378142664, 2.7000000000000015 
54.17600911359304, 37.017797984537694, 0.0, 6.686417332153353, 2.7000000000000015 
27.62800589596946, 53.9056936742805, 0.0, 5.250771215768706, 2.300000000000001 
12.578978133448919, 62.425429900861154, 0.0, -0.21001987413901244, 2.7000000000000015 
42.45721907676798, 23.70111315292045, 0.0, 0.12813739754115142, 2.7000000000000015 
42.29154200845078, 53.960950955761206, 0.0, 4.478195133313423, 2.7000000000000015 
33.53992100534163, 32.559195701360444, 0.0, -0.8931460394198264, 2.7000000000000015 
34.037411202969466, 35.4909001227982, 0.0, -1.1428343658767333, 2.5000000000000013 
57.1174102218957, 57.448966469086216, 0.0, 0.0, 1.0 
30.963258578409413, 3.0998545006240064, 0.0, -0.3696261986793143, 2.7000000000000015 
9.661996446225237, 12.57379931451087, 0.0, 7.205181651546007, 2.7000000000000015 
28.105429602895203, 40.66632009135075, 0.0, 4.7132178012839026, 2.7000000000000015 
41.79070842127338, 58.657823022514265, 0.0, -1.7491078932611863, 2.7000000000000015 
40.93760570025463, 26.1570894883938, 0.0, 0.07561336821263907, 2.7000000000000015 
35.595572525171335, 59.54084095900221, 0.0, 5.101568240434754, 2.7000000000000015 
36.77857481501191, 17.29765012460212, 0.0, 2.2689109647667904, 2.7000000000000015 
57.62416037389011, 36.25292293559121, 0.0, 0.45237592707330254, 2.7000000000000015 
24.163086326079416, 39.34894911100697, 0.0, -1.0976573302925356, 2.7000000000000015 
23.67281839767284, 1.1671917898223556, 0.0, 5.311446651668395, 2.7000000000000015 
34.32088307700309, 51.282484723633566, 0.0, 4.852216011441454, 2.7000000000000015 
32.36172888329263, 60.31735270684266, 0.0, 0.0, 1.0 
25.939066706672257, 32.537066135264794, 0.0, -0.5085198975639924, 2.7000000000000015 
11.767458336174021, 55.33329060097108, 0.0, 1.3650839406423463, 2.7000000000000015 
57.386865505089446, 55.08838006507147, 0.0, 0.0, 1.0 
10.404805195315864, 57.952125608761314, 0.0, 0.9854075200365993, 2.7000000000000015 
55.60048723311763, 47.76267433963164, 0.0, 0.0, 1.0 
57.33553134591413, 62.37169578777058, 0.0, 6.938606853145671, 2.7000000000000015 
23.726151443515892, 21.18635109062325, 0.0, 4.888975567008354, 2.7000000000000015 
60.6418286087883, 55.45400910564787, 0.0, 7.9297127731328585, 2.7000000000000015 
29.07735907774128, 64.05761475930524, 0.0, -1.2472938099611952, 2.7000000000000015 
58.2568830209877, 51.227298300839024, 0.0, 0.0, 1.0 
59.398418684608345, 21.575224923603876, 0.0, 0.7403724327626647, 2.7000000000000015 
28.95141509825688, 57.55478227649069, 0.0, -0.9660266476758785, 2.7000000000000015 
3.017016853985709, 56.79572933642609, 0.0, 13.347387809916738, 2.7000000000000015 
65.44654268020723, 37.28057828161349, 0.0, 7.192129865672826, 2.7000000000000015 
29.091485237844278, 26.223849125029798, 0.0, 5.9961670252005845, 2.7000000000000015 
43.05638655393035, 50.42681557001111, 0.0, -1.8188589406308648, 2.7000000000000015 
57.66110097599153, 33.317192073969565, 0.0, 0.384837398307158, 2.7000000000000015 
57.89020748180778, 24.17057115249764, 0.0, 6.985536762207404, 2.5000000000000013 
22.15968554791423, 26.471979693271333, 0.0, 6.354427718829521, 2.7000000000000015 
47.616113838521045, 24.558530789858985, 0.0, 6.583599107088488, 2.7000000000000015 
55.38927058597056, 39.19721408372542, 0.0, 6.330459259010437, 2.7000000000000015 
39.45525998187537, 53.557471668486166, 0.0, -1.5125011457334991, 2.7000000000000015 
65.24663906599007, 49.994106569912, 0.0, 1.1578076711056573, 2.7000000000000015 
50.77390070831705, 34.79280439400368, 0.0, 6.443095629301311, 2.7000000000000015 
8.071471030043899, 57.77505436398333, 0.0, 7.179828732500178, 2.7000000000000015 
38.399261295349305, 65.8591834517815, 0.0, -1.272269903991426, 2.7000000000000015 
52.79134018759795, 38.782598641030056, 0.0, 6.191634624006143, 2.7000000000000015 
19.446984754556105, 7.689337619774678, 0.0, -0.2514675032438894, 2.7000000000000015 
25.395843134014623, 12.389470017130456, 0.0, -0.4728054966091536, 2.7000000000000015 
16.30001887091808, 58.143570384180265, 0.0, 0.38276477688386934, 2.7000000000000015 
8.61976289499888, 61.68412609401564, 0.0, 6.29518096179297, 2.4000000000000012 
63.332634692705895, 33.91345696341395, 0.0, 0.6413137667611942, 2.7000000000000015 
33.16191294198655, 40.92713463687914, 0.0, 4.623899674550913, 2.7000000000000015 
56.685220685171274, 22.25735591588862, 0.0, 0.4618287499351638, 2.7000000000000015 
45.979284935901916, 19.90257579469031, 0.0, 0.13037180684338917, 2.7000000000000015 
37.22722459733626, 7.243361483201871, 0.0, 5.209499602809757, 2.7000000000000015 
43.41089076890785, 41.324470030700354, 0.0, -1.5645058500237783, 2.7000000000000015 
34.68573653651513, 36.592719067655324, 0.0, 4.984779905738635, 2.6000000000000014 
42.123245764351644, 64.38477631969748, 0.0, -1.638865812025409, 2.7000000000000015 
46.708431555561056, 37.639618084796105, 0.0, -0.7071494387904176, 2.7000000000000015 
35.75275261766667, 0.12295083196706141, 0.0, -1.021227820302595, 2.7000000000000015 
44.62981665989207, 49.43838308778558, 0.0, 4.531340163515998, 2.7000000000000015 
53.001146054375404, 44.806924579452875, 0.0, 0.0, 1.0 
59.27604489140966, 39.70579084307119, 0.0, 7.061650478347489, 2.7000000000000015 
47.60923058679661, 38.79072552659345, 0.0, -1.0839287582266248, 2.7000000000000015 
32.727527278833215, 35.86133833840444, 0.0, 4.982315822092335, 2.7000000000000015 
7.152190071352861, 39.414733588783456, 0.0, 0.0, 1.0 
23.92027138093518, 56.99287509772392, 0.0, 5.640478039265168, 2.7000000000000015 
48.17663819804373, 40.69205078639146, 0.0, 0.0, 1.0 
24.46487314348045, 34.493689729182115, 0.0, -0.739129111764292, 2.6000000000000014 
46.37963890153364, 35.66385343865636, 0.0, -0.3301117588514636, 2.7000000000000015 
60.00738435264818, 25.289097621754863, 0.0, 0.9042749879779389, 2.7000000000000015 
0.32457715992400504, 42.4830028307234, 0.0, 7.630468730061999, 2.7000000000000015 
41.209756360745644, 37.0756856163079, 0.0, -0.6256248586326161, 2.7000000000000015 
7.756444066526123, 48.464950044070015, 0.0, 0.0, 1.0 
33.42935110691645, 64.15094427046527, 0.0, -0.946293677440451, 2.6000000000000014 
18.9680430781523, 59.40176254015334, 0.0, 6.3496546889661385, 2.7000000000000015 
60.80367833152409, 40.364992948567945, 0.0, 7.234540566213143, 2.7000000000000015 
59.70340954146263, 49.455750982873624, 0.0, 7.463074220214847, 2.7000000000000015 
36.00719756657217, 23.241354001200246, 0.0, -0.017794634706023382, 2.7000000000000015 
42.4810055260334, 1.0041228586090847, 0.0, -1.2999425767912132, 2.7000000000000015 
14.740046982328384, 1.7352868807107393, 0.0, 6.123881761298844, 2.7000000000000015 
61.09617285287139, 32.88160704468389, 0.0, 0.5578878969063339, 2.7000000000000015 
37.7967765420859, 42.82817279147974, 0.0, -1.0410781988921438, 2.7000000000000015 
41.31358130955551, 0.3027623760689262, 0.0, -1.3876128843848532, 2.7000000000000015 
20.858654674825186, 66.41364676710658, 0.0, -0.7346951375365892, 2.7000000000000015 
28.70949614185699, 43.75801718766115, 0.0, 4.497764043361615, 2.7000000000000015 
57.605355997056435, 5.100707837739637, 0.0, 1.4672813483155245, 2.7000000000000015 
66.64490730131551, 61.673508801095046, 0.0, 0.24381680471415385, 2.5000000000000013 
39.936838832811155, 17.86697148329937, 0.0, 6.3762468017952845, 2.7000000000000015 
15.914669297148047, 59.75875462120936, 0.0, 6.32607869836186, 2.7000000000000015 
31.718177304491714, 40.32898720716934, 0.0, -1.9074825731242393, 2.7000000000000015 
3.8929046759635493, 61.64699024519678, 0.0, 0.41009579085834225, 2.7000000000000015 
26.969322402724952, 58.95092668984643, 0.0, -0.7662147813888542, 2.7000000000000015 
49.776394421029934, 41.65319595515496, 0.0, 0.0, 1.0 
43.61152994654529, 26.63852740490024, 0.0, 6.291707638943301, 2.7000000000000015 
23.225825398095324, 31.602913877491783, 0.0, -0.5891838592113902, 2.7000000000000015 
31.452036649219227, 49.11131076062042, 0.0, -1.5852183636768313, 2.7000000000000015 
55.63565709304444, 43.77745355839262, 0.0, 0.6457297050382862, 2.7000000000000015 
49.25642696770465, 38.91637232258685, 0.0, -0.5681248202063618, 2.5000000000000013 
21.914105402661026, 61.93511615080357, 0.0, -0.8737389223421597, 2.7000000000000015 
59.463355687850296, 23.198840559113133, 0.0, 6.95769971562846, 2.7000000000000015 
23.19693756786681, 44.73828286802701, 0.0, -1.3449290164288972, 2.7000000000000015 
17.22304211061061, 65.37950216951597, 0.0, 5.623641985660153, 2.000000000000001 
52.2796969968532, 46.616316402428986, 0.0, 0.0, 1.0 
30.698588827423798, 43.44522824335711, 0.0, -1.9577688672905273, 2.5000000000000013 
7.689242016076028, 45.94797722707816, 0.0, 4.128638041955838, 2.7000000000000015 
23.524063284051557, 38.20896981646776, 0.0, -0.920156436706478, 2.7000000000000015 
43.851088924482234, 0.931882421298124, 0.0, -1.1863698763627475, 2.7000000000000015 
41.17859855013188, 52.813110132502466, 0.0, 4.553169988379937, 2.7000000000000015 
7.107796207482175, 55.35506312907454, 0.0, 1.2746799344334812, 2.7000000000000015 
31.71782921037445, 52.25282174847497, 0.0, -1.4375389697911019, 2.6000000000000014 
52.15732505918631, 21.708196576601047, 0.0, 0.7188241729865784, 2.5000000000000013 
6.147026056592525, 56.059991391321844, 0.0, 1.079242580217849, 2.7000000000000015 
13.090401107267708, 64.15083298785282, 0.0, 5.881081525636433, 2.7000000000000015 
55.38186185165221, 52.36051829996973, 0.0, 0.0, 1.0 
53.59242573123531, 14.537587295800929, 0.0, 6.002096071202532, 2.7000000000000015 
64.00707117683243, 38.60193182941195, 0.0, 1.0032041702527563, 2.5000000000000013 
57.165914657196986, 45.80736445851695, 0.0, 6.959450219772545, 2.7000000000000015 
63.13055310336218, 15.118949401533701, 0.0, 6.500051871971261, 2.7000000000000015 
63.00226916374932, 36.0482432941107, 0.0, 0.7499230469129844, 2.7000000000000015 
27.55244410959822, 34.72805920440392, 0.0, 5.348981538907922, 2.7000000000000015 
64.85521570738364, 33.76250283761275, 0.0, 0.9041840077881882, 2.7000000000000015 
54.91109289563526, 34.912855302226454, 0.0, 0.467494605537835, 2.7000000000000015 
54.27587007875222, 41.32620486376146, 0.0, 6.133356734796314, 2.6000000000000014 
2.9559065606325197, 22.548536299557814, 0.0, -0.006835269357905887, 2.7000000000000015 
25.594603934905006, 48.362075260266245, 0.0, -1.300394404553321, 2.5000000000000013 
42.20166830126169, 39.30975109893094, 0.0, 5.374735426829535, 2.7000000000000015 
65.45229236043065, 32.89997486308836, 0.0, 1.0220535387324075, 2.7000000000000015 
26.409983990823946, 26.128833135208854, 0.0, -0.7915046909315199, 2.7000000000000015 
64.5576845540561, 62.538045001700134, 0.0, 2.31673208453993, 1.1 
40.942065525024404, 64.53801588906279, 0.0, -1.4959614534509795, 2.7000000000000015 
24.66618822078003, 47.241927646787026, 0.0, -1.25650234531977, 2.6000000000000014 
64.76825249837937, 42.823358419499925, 0.0, 7.468695526495293, 2.7000000000000015 
9.508727188621293, 62.52215618960062, 0.0, -0.19529166464603087, 2.7000000000000015 
62.51799727614602, 13.597728180544028, 0.0, 0.4288743469687742, 2.7000000000000015 
28.7157315868785, 34.95304938515094, 0.0, -1.3006946346935486, 2.7000000000000015 
36.80081168280456, 11.191087627970203, 0.0, 5.266244663801988, 2.7000000000000015 
11.572403351961562, 40.29329484151694, 0.0, 0.9368668304045011, 2.7000000000000015 
56.05809110912435, 9.72922283889661, 0.0, 1.3077045829471043, 2.7000000000000015 
46.70806109473239, 13.4574989393112, 0.0, 1.4009603225488796, 2.7000000000000015 
23.10314814010965, 12.47400710583206, 0.0, 5.714871408534754, 2.7000000000000015 
43.46077039323202, 64.95734057763714, 0.0, -1.5154845045990817, 2.7000000000000015 
20.918908467434854, 29.388996503888578, 0.0, 6.30957642099925, 2.7000000000000015 
8.824257503575504, 3.15719968584323, 0.0, 6.7038655899165995, 2.7000000000000015 
52.86400099395815, 35.224543990512615, 0.0, 6.793229009944068, 2.7000000000000015 
58.36566522001351, 41.64803008763761, 0.0, 6.396737338349233, 2.7000000000000015 
23.55596243350605, 9.476748472169982, 0.0, 5.934730435772713, 2.7000000000000015 
30.48301729701391, 29.638986531317048, 0.0, -0.4915521599169557, 2.7000000000000015 
8.421379191547778, 52.47140373022324, 0.0, 1.258386845841188, 2.7000000000000015 
3.2429914721838577, 55.44878308353266, 0.0, 0.9108085762567333, 2.7000000000000015 
51.331196998010284, 30.390178383418306, 0.0, -0.02514327068532254, 2.7000000000000015 
60.18997255471841, 30.314227464262483, 0.0, 0.6707556741453734, 2.7000000000000015 
45.00781905967477, 28.211076867616757, 0.0, 5.977040798877709, 2.7000000000000015 
28.921409996630217, 31.290395901532513, 0.0, -0.5289802681439507, 2.7000000000000015 
35.27713806575749, 65.63618308637105, 0.0, -1.0919348269524456, 2.7000000000000015 
44.18083758423782, 37.64020464680143, 0.0, 5.554154780405038, 2.7000000000000015 
36.126757888182404, 50.9641438228079, 0.0, -1.2558738811027161, 2.7000000000000015 
37.03071737148232, 27.44648211034363, 0.0, 6.256812801518107, 2.7000000000000015 
42.48184539453871, 35.6120217506069, 0.0, -0.36273755078676934, 2.7000000000000015 
3.6341102461824164, 33.75579244552078, 0.0, 1.2909729037167275, 2.7000000000000015 
59.413882875651765, 62.21489825190177, 0.0, 0.0, 1.0 
6.690517968674809, 36.49127547677781, 0.0, 1.1434655086326029, 2.7000000000000015 
42.65729523460913, 61.88063097445885, 0.0, -1.8168721995571882, 2.7000000000000015 
53.68044813259546, 21.295970712167065, 0.0, 0.46057060355589535, 2.7000000000000015 
50.87428927185768, 22.186569082114936, 0.0, 6.786739848069847, 2.6000000000000014 
24.653824695226273, 29.563596786393642, 0.0, -0.5693845450888178, 2.6000000000000014 
36.02558988735281, 53.15575356558505, 0.0, -1.078513226476263, 2.7000000000000015 
34.86630033453396, 26.775767885420645, 0.0, 6.246610232678443, 2.6000000000000014 
50.9174675579398, 28.235228076800738, 0.0, 6.304518595154876, 2.7000000000000015 
35.48048927926661, 30.912892585553678, 0.0, 5.591055324145402, 2.7000000000000015 
51.383374659079266, 64.20335963624115, 0.0, 2.1406009212868535, 2.7000000000000015 
61.55059990982756, 29.111181799693448, 0.0, 0.8835354575158628, 2.7000000000000015 
21.64630128586726, 59.11188364403447, 0.0, -0.340998138015143, 2.7000000000000015 
63.347481090883235, 59.5648651797344, 0.0, 8.232827060426992, 2.7000000000000015 
15.731958382666335, 64.97324695063129, 0.0, -0.6360853765435596, 2.7000000000000015 
0.9918261385845236, 48.22389858665761, 0.0, 1.4777140913508544, 2.7000000000000015 
30.014978927547, 41.0554279262139, 0.0, 4.542353795783915, 2.4000000000000012 
10.990297586589065, 60.40576736427783, 0.0, 0.11460184129209965, 2.7000000000000015 
33.52907110748343, 23.805304261087684, 0.0, 6.573101866682794, 2.7000000000000015 
57.78240967230696, 39.75009680382006, 0.0, 0.43848488274264824, 2.7000000000000015 
42.444635079818305, 42.166938002309756, 0.0, 4.849543344463925, 2.7000000000000015 
2.6948044285445953, 47.37159526710562, 0.0, 8.02056261457571, 2.7000000000000015 
36.12009807118043, 28.37602215725577, 0.0, 6.088606445558539, 2.7000000000000015 
51.450329333071835, 42.090911466145144, 0.0, 0.0, 1.0 
51.95660774014812, 35.98256140055041, 0.0, 6.451865084055866, 2.7000000000000015 
44.828005759090686, 14.715174983540201, 0.0, -0.0853873713280344, 2.7000000000000015 
63.601684891703854, 28.1758143584459, 0.0, 0.8524029069361185, 2.7000000000000015 
38.510785072107424, 33.20212434274406, 0.0, 5.978536871445885, 2.100000000000001 
18.613286157534812, 49.7381004433921, 0.0, 4.096013184695727, 1.6000000000000005 
61.8748182473263, 45.273100023310484, 0.0, 1.0424482470898135, 2.7000000000000015 
48.9182835228213, 25.750925284574762, 0.0, 6.602411542804126, 2.7000000000000015 
52.690488310748805, 31.573094237929205, 0.0, 0.23231416984156367, 2.7000000000000015 
26.857852624877367, 57.79089151529902, 0.0, -0.8889279938915637, 2.7000000000000015 
57.19246773084437, 42.92250953744888, 0.0, 0.0, 1.0 
33.89675581922411, 29.7374409788927, 0.0, -0.6184406749859823, 2.7000000000000015 
63.162936866524014, 1.063591009840996, 0.0, -0.5225661238376085, 2.7000000000000015 
27.353809517878396, 36.60987730222494, 0.0, 5.076426265851277, 2.7000000000000015 
37.992919322254956, 18.912063971501414, 0.0, -0.04818120029022159, 2.7000000000000015 
62.92167755547735, 40.70503372611559, 0.0, 7.311754863509891, 2.7000000000000015 
13.537152258369776, 31.067452494866124, 0.0, 4.386457575754308, 2.7000000000000015 
7.881664691653606, 26.4789801957384, 0.0, 4.729927211108318, 2.7000000000000015 
42.480223143960956, 28.87702289970962, 0.0, 5.8783413026518465, 2.7000000000000015 
62.123035649438435, 54.38725647647369, 0.0, 0.7300254428327175, 2.100000000000001 
66.73952471366299, 57.28660964970169, 0.0, 0.36761077838768685, 2.7000000000000015 
43.87155111115152, 36.84760384691741, 0.0, 5.709526758072872, 2.6000000000000014 
45.17468044748902, 44.02705985340548, 0.0, 4.618495663083239, 2.7000000000000015 
40.22538673502652, 29.912966479308455, 0.0, 5.711050481549961, 2.7000000000000015 
1.1698114353879892, 34.42604975938436, 0.0, 7.770507459352775, 2.5000000000000013 
36.055288869021965, 45.547091008591224, 0.0, -1.0522687857774056, 2.7000000000000015 
0.9649520528226083, 21.41228278210338, 0.0, 0.14727868803444183, 2.7000000000000015 
39.97352332296795, 45.92004996832339, 0.0, 4.66314922024276, 2.7000000000000015 
64.35943575608093, 55.196213469533006, 0.0, 7.145585917371901, 2.7000000000000015 
62.4259063976272, 32.3664196992291, 0.0, 7.003264700631386, 2.7000000000000015 
24.642798914956057, 32.0491418259689, 0.0, -0.615004248613069, 2.7000000000000015 
66.15078303426094, 49.260849862855565, 0.0, 1.2242726091361196, 2.7000000000000015 
54.29753415503022, 18.892386322732474, 0.0, 0.5017303453037691, 2.7000000000000015 
53.3163588644554, 42.82867568004344, 0.0, 0.0, 1.0 
63.5230184510527, 31.02244345688468, 0.0, 0.9828793152852234, 2.7000000000000015 
9.59788373622626, 47.35121343467476, 0.0, 2.164835283558646, 2.7000000000000015 
66.93447823355613, 37.83580732302558, 0.0, 7.3057154760702625, 2.7000000000000015 
3.6520152638126313, 41.43845355813194, 0.0, 1.656521773065039, 2.7000000000000015 
4.975307707012805, 57.281550684512496, 0.0, 0.7052497554957512, 2.7000000000000015 
33.68615166818512, 6.831859336640491, 0.0, -1.109442349680009, 2.7000000000000015 
40.09947634074154, 0.7443824015738628, 0.0, -1.361829930443719, 2.7000000000000015 
46.78008167063528, 29.84407260852158, 0.0, -0.3043951564513951, 2.7000000000000015 
23.452857364433854, 56.1573723653234, 0.0, -0.5789008080592337, 2.7000000000000015 
48.236298262290106, 3.6094659953321377, 0.0, 2.1774567611850832, 2.7000000000000015 
9.166978080027361, 38.381437692939336, 0.0, 0.7667511411659859, 2.7000000000000015 
27.293533800940867, 12.614330245323407, 0.0, -0.5570456687882764, 2.7000000000000015 
55.723443929581734, 32.137000006180955, 0.0, 0.2354580434520097, 2.6000000000000014 
45.597225504573096, 60.28153664951829, 0.0, -1.5594406855583975, 2.7000000000000015 
63.56019988137512, 35.29918166332055, 0.0, 7.02643486468219, 2.7000000000000015 
49.876968549593855, 55.09788573140509, 0.0, 0.0, 1.0 
58.4984543070557, 49.54760554849537, 0.0, 0.8972230813506111, 2.6000000000000014 
61.13283860880035, 3.295005616913181, 0.0, 5.535561553940587, 2.7000000000000015 
36.74676708728385, 48.25493909489064, 0.0, 5.0249466604496025, 2.7000000000000015 
48.74457190922198, 32.93991707765456, 0.0, 0.17230586379190277, 2.7000000000000015 
58.149940051957905, 45.217842192472666, 0.0, 7.078844528227176, 2.6000000000000014 
37.61286106535402, 41.2231345066234, 0.0, -1.1487446241676362, 2.7000000000000015 
5.752818738933137, 38.682318438452484, 0.0, 7.977542292716771, 2.7000000000000015 
51.96257306511537, 36.94889183297125, 0.0, 6.478147994236522, 2.7000000000000015 
58.635790685751175, 43.801068903299885, 0.0, 0.0, 1.0 
27.40513504619372, 66.1027609590499, 0.0, -1.168448974138104, 2.7000000000000015 
59.99920631014077, 36.39176711984605, 0.0, 6.663114726570921, 2.7000000000000015 
41.86782303847403, 49.005253288644965, 0.0, 4.488786702194992, 2.7000000000000015 
54.46157453990617, 25.13516840350294, 0.0, 0.597558003392179, 2.7000000000000015 
37.44958684499595, 29.234727017420557, 0.0, 5.403738785452892, 2.7000000000000015 
66.72775916291708, 58.33932860542604, 0.0, 6.4885228593848145, 2.7000000000000015 
30.361917731580377, 27.778110467860976, 0.0, 0.16377559090438062, 2.7000000000000015 
44.515349316689274, 18.672855146048853, 0.0, 0.04216556027309696, 2.7000000000000015 
32.58301485636225, 53.24082804009102, 0.0, -1.5164249853576344, 2.7000000000000015 
4.793519352666619, 44.81412877756746, 0.0, 8.093260424060633, 2.7000000000000015 
56.94469916702364, 33.95645197113704, 0.0, 0.4393870380102992, 2.7000000000000015 
25.4830423670518, 66.36507155136782, 0.0, 4.967707928331708, 2.7000000000000015 
25.796580843003408, 35.453899765010746, 0.0, -0.8534190977343874, 2.7000000000000015 
0.2119624521267608, 44.92177299728497, 0.0, 1.400876937596807, 2.7000000000000015 
35.35519480126791, 57.800104638731895, 0.0, -1.159292522405913, 2.7000000000000015 
50.36481478388457, 26.847629059610682, 0.0, 0.31345127341858153, 2.7000000000000015 
42.07643127047389, 31.195745593337545, 0.0, -0.3969139044652026, 2.7000000000000015 
29.116266064949265, 39.11443959423183, 0.0, 4.709482753066294, 2.7000000000000015 
49.664449230585426, 37.71781518558397, 0.0, 6.004673066921831, 2.7000000000000015 
4.851552656489782, 51.005361307719845, 0.0, 1.496080277369379, 2.7000000000000015 
5.128869810599745, 64.96592398706441, 0.0, -0.13993105575405487, 2.7000000000000015 
63.00341255870735, 43.7335295180644, 0.0, 7.502231025763104, 2.7000000000000015 
42.06654657729718, 34.663356173569014, 0.0, 5.93048935417589, 2.7000000000000015 
51.97908858798175, 29.17832214944373, 0.0, 6.415495990414415, 2.7000000000000015 
37.117666923602194, 40.07438005823797, 0.0, 5.285942552232329, 2.7000000000000015 
49.95109968467407, 33.90835334415116, 0.0, 0.11747817044035833, 2.7000000000000015 
50.292384161549165, 52.99308033576447, 0.0, 0.0, 1.0 
48.36646283970756, 52.25610021359336, 0.0, 4.2472142386749745, 2.7000000000000015 
29.856321565254444, 57.789987142411896, 0.0, 5.173076421736701, 2.7000000000000015 
45.72009602785232, 49.78302317091004, 0.0, 4.563514743270987, 2.7000000000000015 
4.617733628551492, 38.78796330945756, 0.0, 1.7316515750713526, 2.7000000000000015 
52.66086896740927, 26.151702356387872, 0.0, 0.49839798918728323, 2.7000000000000015 
57.27076286350377, 38.37786131907652, 0.0, 6.648640427868348, 2.7000000000000015 
41.37242382232278, 61.43120616739361, 0.0, 4.640009722634908, 2.7000000000000015 
64.1583400630446, 45.880532035370685, 0.0, 1.442210494937912, 2.7000000000000015 
18.991260706014266, 58.487119714368504, 0.0, 0.12645982338963474, 2.7000000000000015 
35.677977821622115, 38.1665944125254, 0.0, -0.5355845733175051, 2.300000000000001 
49.083363575144716, 5.749486094636465, 0.0, 3.5679201004257455, 2.7000000000000015 
53.69780050321468, 53.48571702945709, 0.0, 0.0, 1.0 
61.54572481117514, 25.645892071724777, 0.0, 7.264084580088908, 2.4000000000000012 
59.07805099675127, 27.32507311574827, 0.0, 0.7266840301973948, 2.6000000000000014 
61.98982517683892, 27.99215156078201, 0.0, 0.9798610478880705, 2.7000000000000015 
31.07582545764024, 66.25878315064328, 0.0, -0.4161747795587656, 2.7000000000000015 
47.00290968408343, 25.81659990244515, 0.0, 0.27536467019923555, 2.6000000000000014 
48.65373962659849, 34.98106023084364, 0.0, 6.247004540458576, 2.7000000000000015 
46.04204777341602, 28.931763362593813, 0.0, 6.10897818862373, 2.7000000000000015 
29.880227867784082, 50.308160378069694, 0.0, 4.711087986088248, 2.7000000000000015 
36.3046705566086, 35.056871511393965, 0.0, 5.373781917283908, 2.7000000000000015 
65.95944784284401, 44.2667213606653, 0.0, 1.3059949286419577, 2.7000000000000015 
21.27555252441282, 22.387581562591212, 0.0, 6.061846705932203, 2.7000000000000015 
59.257428178626185, 38.31834899918935, 0.0, 6.941939777988335, 2.7000000000000015 
39.70928235606277, 64.95655706754656, 0.0, -1.429138673436917, 2.7000000000000015 
24.904985938265064, 60.73714794715104, 0.0, -0.8686394927046006, 2.7000000000000015 
4.419067692717273, 63.71604278864486, 0.0, 6.441257506480958, 2.200000000000001 
5.115550069298416, 35.60312366228091, 0.0, 7.647035986166605, 2.7000000000000015 
24.344943331415298, 50.202339640754374, 0.0, 5.008071517135263, 2.7000000000000015 
25.702830918260254, 36.94149100761352, 0.0, -0.8316222030493985, 2.7000000000000015 
4.673797326911693, 66.23952418113178, 0.0, 6.04649724749105, 2.7000000000000015 
30.58368975336259, 35.97653029832426, 0.0, -1.383375391513541, 2.6000000000000014 
30.34618318869814, 38.83772285055475, 0.0, -1.711302635913637, 2.5000000000000013 
61.634480546133595, 35.897815668530036, 0.0, 6.85837965548961, 2.7000000000000015 
61.74884950819735, 23.997896218770464, 0.0, 0.799002033388278, 2.7000000000000015 
56.12629249601587, 30.357400859079835, 0.0, 0.3318450018282253, 2.7000000000000015 
3.911167044219547, 27.28687703506289, 0.0, 0.8728581700622292, 2.7000000000000015 
63.61038911512791, 26.504506485014836, 0.0, 7.072899473220688, 2.7000000000000015 
45.74282833505749, 40.89894241995821, 0.0, 5.1286867572841635, 2.7000000000000015 
61.01253952435894, 29.855931033288595, 0.0, 7.152502991780013, 2.7000000000000015 
28.827796315733274, 56.28075266950018, 0.0, 5.3424897337906465, 2.7000000000000015 
16.798774170442904, 61.60160308206258, 0.0, 5.920719835720557, 2.7000000000000015 
41.19062354340351, 32.44750892971185, 0.0, -0.47296556839916915, 2.7000000000000015 
49.669905920285345, 14.239980057152657, 0.0, 5.925735542690979, 2.7000000000000015 
55.06518597283347, 40.24383379906692, 0.0, -0.1448532627327442, 2.7000000000000015 
22.85423628085976, 55.30652586227018, 0.0, -0.5071166343078044, 2.6000000000000014 
40.63676799550141, 41.43121820130101, 0.0, -1.1122748940034668, 2.7000000000000015 
45.83041125293843, 17.682202329883005, 0.0, 0.20604138661075388, 2.7000000000000015 
29.899742071922613, 53.5291494932503, 0.0, -1.3374691217342047, 2.7000000000000015 
55.01174633557338, 1.5839041859030356, 0.0, 2.56549134553964, 2.7000000000000015 
46.159542109728406, 31.25145109108299, 0.0, 6.034603961054929, 2.7000000000000015 
28.353288944459962, 37.589152592083174, 0.0, -1.4703112642533482, 2.7000000000000015 
38.5099611587583, 55.49193323759797, 0.0, -1.4149397519787947, 2.7000000000000015 
47.71576548571801, 34.19616550836246, 0.0, -0.08238912316859938, 2.7000000000000015 
23.044026237540507, 50.01702743449845, 0.0, 5.462183256332349, 2.7000000000000015 
18.593439830516854, 2.4980494506438244, 0.0, -0.4177832633145922, 2.7000000000000015 
43.41975018990322, 36.232829234934755, 0.0, -0.5901606097293335, 2.7000000000000015 
48.3749150512132, 47.39265325963508, 0.0, 0.0, 1.0 
10.720176952033405, 41.635557484595296, 0.0, 7.294996067933807, 2.7000000000000015 
45.53480017289722, 21.02820594760499, 0.0, 0.13824325530629392, 2.7000000000000015 
65.23439727970259, 59.46011027984761, 0.0, 0.9722791738290248, 2.7000000000000015 
35.00226891452362, 62.593870672673475, 0.0, 5.041050353033595, 2.7000000000000015 
30.581330739260643, 58.339156660636505, 0.0, 5.283683801496213, 2.7000000000000015 
46.799908441537234, 48.032857111555714, 0.0, 4.661319468599347, 2.7000000000000015 
37.233147611825785, 50.367391898174354, 0.0, 4.9444236167511, 2.7000000000000015 
51.613621082481906, 18.49606137569798, 0.0, 0.4237454981990156, 2.7000000000000015 
38.81125097223859, 22.28163160875957, 0.0, 6.086776745192314, 2.7000000000000015 
29.899651869538555, 32.83916137095411, 0.0, -0.8232513666173107, 2.7000000000000015 
54.287926784361666, 27.748492956004696, 0.0, 6.82993331728004, 2.5000000000000013 
49.00510718225979, 45.85206311919495, 0.0, 0.0, 1.0 
40.562115667907406, 9.36404174943361, 0.0, -0.43802679281907736, 2.7000000000000015 
15.401275659451821, 52.404241209270936, 0.0, 6.816744921761834, 2.7000000000000015 
22.80670912469241, 42.861028325519946, 0.0, -1.2380292742666936, 2.7000000000000015 
16.594353269202024, 57.18775994133191, 0.0, 6.60417494106904, 2.7000000000000015 
31.36266788961503, 37.381148859043634, 0.0, -1.4924608641269146, 2.7000000000000015 
7.377488549797524, 59.69850278583213, 0.0, 6.679583663903295, 2.7000000000000015 
1.8732984174019742, 46.243657170494345, 0.0, 7.927078133535584, 2.7000000000000015 
4.639504400823071, 53.555685844013844, 0.0, 7.594736308972092, 2.7000000000000015 
31.591729515587414, 61.711939082420606, 0.0, 0.0, 1.0 
21.055628392757384, 44.13101541724738, 0.0, 5.369481355405718, 2.7000000000000015 
38.24256066593003, 61.662761389058886, 0.0, -1.2408225953947745, 2.6000000000000014 
18.91478493117541, 65.40971980715003, 0.0, 5.694037171593453, 2.7000000000000015 
63.472758231327674, 50.510059410092744, 0.0, 7.277578108433545, 2.6000000000000014 
37.709022840251365, 4.206288918335847, 0.0, 4.9223116777325, 2.7000000000000015 
3.776827668434781, 50.77020899491323, 0.0, 1.590736293337713, 2.7000000000000015 
55.05882876800645, 10.904345605603876, 0.0, 1.2857250360106285, 2.7000000000000015 
14.638737950408226, 64.41679882867943, 0.0, -0.48911934699951654, 2.7000000000000015 
25.27057771816716, 58.717910516782844, 0.0, -0.8762270502313065, 2.7000000000000015 
35.5783958818714, 3.617032281034714, 0.0, -1.0582740307843166, 2.7000000000000015 
42.84726927175209, 29.647903786589467, 0.0, -0.33230454995835756, 2.7000000000000015 
2.1790210193331383, 64.3534263657788, 0.0, 0.1596987643563414, 2.7000000000000015 
1.2977291577166055, 63.048783098589716, 0.0, 6.429526211971208, 2.7000000000000015 
58.88747555128793, 4.496596884313233, 0.0, 1.6687778675748492, 2.7000000000000015 
56.852962896117305, 19.438519090088715, 0.0, 6.909534923719435, 2.7000000000000015 
50.8707708262829, 45.41460210930666, 0.0, 0.0, 1.0 
15.119778405422318, 61.486608259012904, 0.0, -0.2640244408225793, 2.7000000000000015 
52.22410972791717, 52.39495378940101, 0.0, 0.0, 1.0 
33.527128628976115, 38.293887812030015, 0.0, 4.557530080046151, 2.6000000000000014 
2.2538203627160414, 2.4498718882328214, 0.0, 0.8012575866227015, 2.7000000000000015 
44.2630382602042, 59.046363414036634, 0.0, -1.6777748484931747, 2.7000000000000015 
52.053499644478585, 33.86498385381879, 0.0, 6.642407156513417, 2.4000000000000012 
33.83005191471947, 60.36691302029069, 0.0, 5.3129722053651065, 2.7000000000000015 
11.252172796068715, 50.094615566170795, 0.0, 5.135950044042976, 2.7000000000000015 
55.08992664270882, 22.89134326784493, 0.0, 6.616665545661073, 2.7000000000000015 
61.06359569859704, 64.64853187075396, 0.0, 2.5488818821342805, 2.7000000000000015 
66.90577029298134, 46.704988020688255, 0.0, 1.2374923652913206, 2.7000000000000015 
10.51393698868794, 59.284522640002095, 0.0, 6.814416762813085, 2.7000000000000015 
22.30240554945743, 53.316484012017185, 0.0, -0.567599043477853, 2.7000000000000015 
30.379068573491068, 62.57245263227878, 0.0, -1.3849513417998, 2.5000000000000013 
37.289956131894236, 2.064539159292892, 0.0, 5.0729014465002855, 2.7000000000000015 
6.594845248747771, 47.3698766109585, 0.0, 1.6233578250996565, 2.4000000000000012 
61.309900535325816, 33.97916863362896, 0.0, 0.5143703846059224, 2.7000000000000015 
58.43523093006749, 30.894018726160283, 0.0, 6.76112407814379, 2.7000000000000015 
28.499353264295777, 54.92536249996201, 0.0, 5.131861917078597, 2.7000000000000015 
45.68339485664681, 33.6726606458106, 0.0, -0.06605619673232137, 2.7000000000000015 
40.97041011982332, 55.53696122749599, 0.0, -1.6727342119494866, 2.7000000000000015 
28.346800519867315, 46.15586496764332, 0.0, 4.637240282041112, 2.7000000000000015 
20.63844493033367, 36.35518915051998, 0.0, 5.299183091727976, 2.7000000000000015 
46.37967449093004, 58.15826052358832, 0.0, 4.438076146797439, 2.7000000000000015 
44.40766385577046, 62.39998572913795, 0.0, 4.822770483979432, 2.7000000000000015 
8.488773286882552, 50.19329764753209, 0.0, 3.297729610664915, 2.7000000000000015 
57.439581786369395, 40.69933324041267, 0.0, 0.008063487868463693, 2.7000000000000015 
26.614306309508876, 49.00598882896192, 0.0, -1.3558055956698123, 2.7000000000000015 
50.3136102634145, 39.43003353541484, 0.0, 5.371205542377067, 2.7000000000000015 
62.485737189062675, 19.586304765196367, 0.0, 6.384641005405493, 2.7000000000000015 
60.007228494916895, 37.36282298869654, 0.0, 6.610433299033711, 2.7000000000000015 
39.578625455881564, 59.33443349744728, 0.0, 4.848272031946918, 2.7000000000000015 
58.78374685962991, 32.004392958426735, 0.0, 0.40484710791501244, 2.7000000000000015 
60.169283226267126, 1.8129413541358874, 0.0, 1.7795829189889325, 2.7000000000000015 
51.3705668255106, 5.127617301134178, 0.0, 1.7575407274705641, 2.7000000000000015 
25.350104870786804, 54.47091920560263, 0.0, 5.37237312600597, 2.7000000000000015 
55.891470809020376, 3.9600134736232, 0.0, 0.9518551005393997, 2.7000000000000015 
44.34643143550832, 34.52081917798372, 0.0, -0.21574820733172553, 2.7000000000000015 
32.38391025507072, 56.375811235589715, 0.0, 5.028869934853703, 2.300000000000001 
25.74945028818651, 62.50647203013167, 0.0, -0.8615445506699244, 2.7000000000000015 
25.80635331282098, 22.303661202710853, 0.0, 5.112613157349287, 2.7000000000000015 
11.150372996833804, 1.3786617389126066, 0.0, 5.698059227799764, 2.7000000000000015 
44.225231358358435, 43.984932241364234, 0.0, 4.682837158201369, 2.7000000000000015 
51.182972037556105, 19.80257875733369, 0.0, 0.1573126623901047, 2.7000000000000015 
36.434269929878354, 36.47539656196244, 0.0, -0.7039192093611741, 2.7000000000000015 
1.1923773469854668, 52.8049254934377, 0.0, 1.0752923410091249, 2.7000000000000015 
35.688587008005406, 21.99379533080923, 0.0, 6.276341354794217, 2.7000000000000015 
37.79794534161599, 54.383999955770534, 0.0, -1.3322532989164646, 2.7000000000000015 
17.586479262251032, 62.81854822707767, 0.0, -0.5989946398047981, 2.7000000000000015 
44.847192221889536, 46.7723652523502, 0.0, -1.7002563468334968, 2.7000000000000015 
38.35598642508018, 35.15294626250886, 0.0, -0.8628856504501098, 2.6000000000000014 
55.254418814124875, 34.05623057656526, 0.0, 0.398170945105374, 2.7000000000000015 
23.9111735876644, 58.165053586961385, 0.0, 5.6911613262164416, 2.7000000000000015 
39.13170961038276, 62.61885554526463, 0.0, 4.852409571415459, 2.7000000000000015 
48.666700143592436, 21.93442794361222, 0.0, 6.915129751326963, 2.7000000000000015 
51.16333769439643, 51.18273652335305, 0.0, 0.0, 1.0 
38.286687019662075, 21.15580338418724, 0.0, 6.272659838568119, 2.7000000000000015 
26.9513316221385, 52.80421764316736, 0.0, 5.177236121942027, 2.7000000000000015 
45.512082860585274, 52.567972889540094, 0.0, 4.489529153349985, 2.7000000000000015 
37.99779560601518, 34.3485878418528, 0.0, 5.628522325580563, 2.7000000000000015 
49.45864523273358, 35.917171525227616, 0.0, -0.09022604765667767, 2.7000000000000015 
27.312931524719552, 7.403199309687436, 0.0, 6.319477591274718, 2.7000000000000015 
30.599530560048887, 54.727004639218464, 0.0, -1.2832510379375763, 2.7000000000000015 
6.380397791303475, 63.000015680588376, 0.0, 6.401426184580665, 2.5000000000000013 
0.7890242950900646, 55.840699344877194, 0.0, 0.6476119252893213, 2.7000000000000015 
39.58020147722132, 43.74358793554015, 0.0, -1.3915268956662588, 2.7000000000000015 
22.12634590404461, 30.801533597907888, 0.0, -0.8749901770602558, 2.7000000000000015 
25.973634820970403, 10.738965825251325, 0.0, 5.787689872639664, 2.7000000000000015 
4.6236970711075305, 24.179838356501204, 0.0, 3.631985972695445, 2.7000000000000015 
11.614562934404663, 65.82826100109368, 0.0, -0.48687308879437113, 2.6000000000000014 
62.29011294769554, 37.20654902572889, 0.0, 6.7554739702967455, 2.7000000000000015 
39.17052579610252, 56.91257425823981, 0.0, -1.5191994206834603, 2.7000000000000015 
30.68907150209408, 1.932887284177418, 0.0, -0.17873037111526863, 2.7000000000000015 
61.710072884627856, 49.26544780110658, 0.0, 7.289219588983715, 2.7000000000000015 
15.706071201850014, 58.90895189713709, 0.0, 0.20306747711418086, 2.7000000000000015 
47.2134399268028, 31.925135484884358, 0.0, 6.148370394554021, 2.7000000000000015 
1.2027164469319827, 31.312235221156172, 0.0, 1.512412879431907, 2.4000000000000012 
30.356617027654554, 4.4996542113589575, 0.0, -0.369999832264193, 2.7000000000000015 
0.3587201327557965, 50.089835587088054, 0.0, 7.686598069643605, 2.7000000000000015 
0.9017300771301664, 60.780094786546165, 0.0, 0.32741785442726457, 2.4000000000000012 
61.91485293087627, 43.421276612695216, 0.0, 7.509044283636332, 2.5000000000000013 
29.344972341245743, 47.073164187597925, 0.0, 4.513731223047464, 2.7000000000000015 
30.81218478144854, 51.47499610021103, 0.0, 4.781265236717468, 2.7000000000000015 
63.98950028118965, 30.059832075663603, 0.0, 0.9628397184669298, 2.7000000000000015 
21.43078401044081, 40.67872297360104, 0.0, 5.203524074925814, 2.7000000000000015 
63.057044488057734, 31.860851720414075, 0.0, 0.9371018195132277, 2.7000000000000015 
33.76660566815802, 27.81723610883494, 0.0, 6.26433068393822, 2.7000000000000015 
64.72759017464517, 37.798577613925744, 0.0, 0.9374860680489193, 2.7000000000000015 
43.57319642883512, 55.51777287204335, 0.0, 4.448752464906892, 2.7000000000000015 
5.175523823399552, 58.45589914205265, 0.0, 0.4235091102772462, 2.7000000000000015 
45.5999306430217, 35.10675624923127, 0.0, 5.956592379994854, 2.7000000000000015 
41.88154530012759, 22.477589136285463, 0.0, 6.281374324768093, 2.7000000000000015 
49.50647800291042, 51.08023305821716, 0.0, 0.0, 1.0 
60.20757460496341, 34.38918677146798, 0.0, 6.665006397369122, 2.6000000000000014 
45.29367920127613, 54.97307980381716, 0.0, 4.418728511848022, 2.7000000000000015 
17.226151945384515, 42.94241370937386, 0.0, 4.630444008498036, 2.7000000000000015 
7.52488724014789, 41.422669372085984, 0.0, 0.0, 1.0 
20.42086755217185, 65.36545955604761, 0.0, -0.7944796543624096, 2.7000000000000015 
56.74339829265408, 49.27106898774547, 0.0, 0.0, 1.0 
24.08269604178913, 14.848715017654117, 0.0, -1.0765434478637366, 2.7000000000000015 
27.36603164541992, 38.85453027111335, 0.0, 4.806579762255, 2.7000000000000015 
2.7817652744657404, 50.518140210647424, 0.0, 7.934054278412139, 2.7000000000000015 
12.930213274721096, 66.27990407071306, 0.0, -0.5632464569986799, 2.7000000000000015 
66.6365958426205, 51.69397074841608, 0.0, 1.1792457863553907, 2.7000000000000015 
56.28470990617726, 27.016495925802715, 0.0, 6.861508302229879, 2.7000000000000015 
38.76575092124278, 1.1077496338203474, 0.0, -1.3257169432155929, 2.7000000000000015 
39.01840162927345, 38.11650868840417, 0.0, -0.7531864498880483, 2.7000000000000015 
52.73039331690776, 50.04533272349275, 0.0, 0.0, 1.0 
62.824285587220835, 51.69568281301722, 0.0, 0.8349775424334134, 1.7000000000000006 
28.54694766774793, 60.91759490447802, 0.0, 5.287326191162043, 2.7000000000000015 
18.834360713278663, 44.87809412415174, 0.0, 3.7702870234255017, 1.2000000000000002 
34.4969391116433, 48.457964635598906, 0.0, 5.030632275430239, 2.7000000000000015 
29.694564446800097, 12.234120621955848, 0.0, 5.683849984376832, 2.7000000000000015 
19.68720788210269, 54.55341811173062, 0.0, 6.074345827504647, 2.7000000000000015 
0.7683839849389704, 59.527015272871665, 0.0, 6.4570997982816465, 2.6000000000000014 
29.86375250249976, 60.840419367560926, 0.0, -1.2552049293718908, 2.7000000000000015 
46.62899105086992, 55.71995155399363, 0.0, 4.405132248307438, 2.7000000000000015 
46.896072716261294, 50.6942124685656, 0.0, 4.483205016044502, 2.7000000000000015 
58.52712678674465, 64.44221442975419, 0.0, 8.726818345830457, 2.7000000000000015 
27.690262568999657, 28.600543477986168, 0.0, -0.3433169914180008, 2.7000000000000015 
3.533596752758834, 25.01410881855758, 0.0, 4.028056752923979, 2.7000000000000015 
31.94833781483315, 9.822494850560856, 0.0, -0.9785028808398983, 2.7000000000000015 
30.48066419461213, 6.704074628520825, 0.0, -0.4210498444744694, 2.7000000000000015 
23.348157647878253, 64.79660369000621, 0.0, -0.8273076711662282, 2.7000000000000015 
31.229228222393896, 59.3867099062159, 0.0, -1.262612153566835, 2.4000000000000012 
56.353374100204405, 31.32876832709817, 0.0, 0.304838139277585, 2.7000000000000015 
59.72332806782588, 47.304513128740645, 0.0, 0.36568795804578, 2.7000000000000015 
29.470408408233936, 36.565280936938855, 0.0, 4.74977771086011, 2.7000000000000015 
29.902368106775192, 45.95746006184181, 0.0, 4.266462382615994, 2.7000000000000015 
16.08889168165783, 54.72885156201429, 0.0, 0.1937605553486717, 2.7000000000000015 
8.8364718067348, 57.20671841757514, 0.0, 1.0409112434913692, 2.7000000000000015 
21.817446775082413, 33.81831606030176, 0.0, 5.600374098719712, 2.7000000000000015 
22.016445566472488, 47.067007383992454, 0.0, 5.007234725393297, 2.6000000000000014 
66.31221437814864, 64.32088564867487, 0.0, 0.34588211457607637, 2.7000000000000015 
63.70676214801831, 40.299871208434105, 0.0, 1.0815088000632858, 2.7000000000000015 
44.317377825646844, 51.74980510862319, 0.0, 4.464541181818455, 2.7000000000000015 
35.33970208009097, 49.926673318420576, 0.0, -1.40579154630569, 2.7000000000000015 
12.664900529553675, 44.344225662753644, 0.0, 0.6912321426166249, 2.7000000000000015 
41.63138472390371, 21.286061118311, 0.0, 6.2837546069295165, 2.7000000000000015 
42.686602981422716, 52.26035478406818, 0.0, 4.437188757220253, 2.7000000000000015 
47.093902022066715, 36.399551996442234, 0.0, 5.946585593854191, 2.7000000000000015 
44.805042988225125, 23.310589024205893, 0.0, 0.212350008986626, 2.7000000000000015 
56.53318859716227, 64.81065525080307, 0.0, 2.2577932906409885, 2.7000000000000015 
2.2914379097268913, 42.85226190409002, 0.0, 1.8153224339206016, 2.7000000000000015 
65.19800644073044, 51.514822384650515, 0.0, 7.173799417739256, 2.6000000000000014 
38.85474924630972, 42.940571286272196, 0.0, -1.2151923064757153, 2.7000000000000015 
20.57866447122111, 53.05910106894155, 0.0, 5.943745279547177, 2.7000000000000015 
2.2678592957447856, 57.65934604344915, 0.0, 0.5210233149038507, 2.7000000000000015 
53.435456268363794, 28.707144407699484, 0.0, 0.44454615881115644, 2.7000000000000015 
5.642625204769919, 31.43956406265555, 0.0, 4.272569509943865, 2.7000000000000015 
14.854555223025393, 34.35201969370671, 0.0, 4.967401240849443, 2.7000000000000015 
24.01280941781762, 36.133501853820974, 0.0, -0.7643381527958607, 2.6000000000000014 
37.107195902120075, 53.41703823645216, 0.0, -1.330999945910259, 2.7000000000000015 
42.79185118984605, 20.123101292206368, 0.0, 6.276878221882225, 2.7000000000000015 
60.388497165611966, 31.513289113688234, 0.0, 0.6086926181054856, 2.7000000000000015 
39.20577186097182, 23.379952150767355, 0.0, -0.11325962864989605, 2.7000000000000015 
38.767763523141745, 52.12990842883818, 0.0, -1.466043749181532, 2.7000000000000015 
48.298284567634866, 30.30274931196069, 0.0, -0.17408790144668132, 2.7000000000000015 
0.05775599317239255, 31.98850009643206, 0.0, 1.1851826461524135, 2.7000000000000015 
18.436069977336924, 56.72720908416602, 0.0, 0.14092881879923697, 2.7000000000000015 
60.39895667872206, 41.55525831131512, 0.0, 0.49670704727836806, 2.7000000000000015 
42.1186422512983, 47.17518835243969, 0.0, 4.421518435639599, 2.7000000000000015 
43.158694254028745, 43.73791203355246, 0.0, 4.66803678570205, 2.7000000000000015 
52.31765231981037, 27.22755252108506, 0.0, 0.5225632876259739, 2.6000000000000014 
53.737527898311875, 0.8849935869557692, 0.0, 8.52886470000303, 2.7000000000000015 
27.5379741338197, 30.787981809627354, 0.0, -0.47922477106279765, 2.6000000000000014 
40.867719362324394, 47.5100453876525, 0.0, 4.589001431955393, 2.7000000000000015 
9.343694245270436, 55.39078582337894, 0.0, 7.6345787991146, 2.6000000000000014 
1.205146958020891, 18.656464260719495, 0.0, 4.3018888068872485, 2.7000000000000015 
40.94675877169741, 45.22572212182907, 0.0, 4.45192656028829, 2.7000000000000015 
63.85701869477598, 24.9155711072132, 0.0, 7.291737946279454, 2.6000000000000014 
32.619210994337166, 24.84667039468124, 0.0, 6.3986520127152815, 2.7000000000000015 
38.03181712020027, 30.23448319970826, 0.0, -0.5264728864289695, 2.7000000000000015 
7.572342268254051, 33.1962790878508, 0.0, 4.208573714893781, 2.7000000000000015 
44.19852467681756, 31.082436858989336, 0.0, -0.3598980097591734, 2.4000000000000012 
38.61998776521939, 48.86561961814746, 0.0, -1.5770170373628418, 2.7000000000000015 
6.858938544129466, 58.09576665743809, 0.0, 0.8269299280799185, 2.7000000000000015 
38.060482050454134, 31.43693713488267, 0.0, -0.6331005058594436, 2.7000000000000015 
61.2704012927199, 57.718943592492195, 0.0, 1.6481486097584046, 2.7000000000000015 
27.861164360899263, 48.080580139630115, 0.0, 4.597684227405332, 2.7000000000000015 
39.269296858019445, 40.381584247890295, 0.0, -0.8984761457193233, 2.7000000000000015 
33.30843434817572, 5.300966978971969, 0.0, -0.7626153115715153, 2.7000000000000015 
20.82238012832755, 11.184787798145011, 0.0, -0.4800966433002868, 2.7000000000000015 
35.35041245604547, 8.447823653586234, 0.0, -1.0575162016859263, 2.7000000000000015 
32.38934158502886, 49.87037594065579, 0.0, 4.623859461744539, 2.7000000000000015 
9.785486043724129, 52.83057189827748, 0.0, 1.464605366426818, 2.7000000000000015 
12.445382169656902, 61.57437395856402, 0.0, 6.023291525721982, 2.6000000000000014 
39.157847044372765, 39.19257376884614, 0.0, -0.7992737434838477, 2.7000000000000015 
59.92263657705438, 45.60839362078927, 0.0, 0.0, 1.0 
30.509779542829772, 48.30831558533761, 0.0, 4.7176337293266535, 2.7000000000000015 
58.65297808383039, 56.951652237120534, 0.0, 1.524969059073427, 2.7000000000000015 
50.66244879959813, 58.87335395202259, 0.0, 5.0926552580503, 2.7000000000000015 
54.70549600122524, 49.61222878862066, 0.0, 0.0, 1.0 
41.15293747541977, 38.230106237130556, 0.0, -0.7484845618974987, 2.7000000000000015 
55.1038864640266, 45.016976484835446, 0.0, 7.179699830713684, 2.5000000000000013 
66.96617588930542, 34.237711264481696, 0.0, 1.178270907631066, 2.7000000000000015 
25.4772036478489, 20.473741319918133, 0.0, -0.9503230556171576, 2.7000000000000015 
21.854883732398154, 8.637775080617276, 0.0, -0.03669586291439329, 2.7000000000000015 
19.99226626488067, 43.02657882322211, 0.0, -0.22618591549576883, 2.7000000000000015 
42.08055711005623, 25.434702770032313, 0.0, 6.436455372283088, 2.7000000000000015 
66.27528352274742, 42.508546921450765, 0.0, 1.3031146004884788, 2.7000000000000015 
25.841420026264842, 45.57686190372389, 0.0, -1.4383979751134104, 2.7000000000000015 
56.431581107601694, 66.65569371814931, 0.0, 8.943785723694607, 2.7000000000000015 
55.817209371332225, 56.65920637841065, 0.0, -1.151208889934386, 2.7000000000000015 
26.527902615656433, 33.501161237305546, 0.0, 5.464909442242112, 2.7000000000000015 
43.75620322885547, 24.90092336672375, 0.0, 6.51585758188827, 2.7000000000000015 
44.96867987130561, 57.02689428694409, 0.0, 4.434784740083821, 2.7000000000000015 
59.44062927743, 35.13090443394303, 0.0, 6.773531258799681, 2.7000000000000015 
36.64524346966972, 56.65846721971235, 0.0, -1.4033081103631202, 2.7000000000000015 
0.6508911896423802, 25.362814934481797, 0.0, 0.4254452860529974, 2.7000000000000015 
19.14965767725968, 51.92858795468896, 0.0, 0.0, 1.0 
38.74761735416225, 25.2637849247249, 0.0, 6.289693320346415, 2.7000000000000015 
58.12873769952267, 59.8468361517623, 0.0, 7.1764831222033205, 2.7000000000000015 
13.798802518773178, 62.937737100528764, 0.0, -0.30449770957167727, 2.7000000000000015 
53.10565696389013, 64.76564931336104, 0.0, 1.9090345617543125, 2.7000000000000015 
24.659122605640672, 65.17562233889676, 0.0, -1.1958430509244942, 2.7000000000000015 
6.15543681439934, 50.58691115540558, 0.0, 8.072654076091913, 2.6000000000000014 
36.77249800930737, 24.4093927921484, 0.0, 6.242754555381816, 2.6000000000000014 
25.65406703027493, 4.3215154710737504, 0.0, -0.33534490555464663, 2.7000000000000015 
34.13952306282152, 45.926206326557306, 0.0, -1.9917732690405296, 2.200000000000001 
36.74552776984099, 64.03245585627747, 0.0, -1.2654826503092538, 2.7000000000000015 
36.42677729341367, 60.07029093333106, 0.0, -1.30352874872452, 2.7000000000000015 
18.401234250780707, 46.89490407500693, 0.0, 4.270050092992968, 2.7000000000000015 
41.31531487890851, 19.064459110196545, 0.0, -0.0675239926517758, 2.7000000000000015 
65.79196805263899, 40.10877785922396, 0.0, 1.083533524199896, 2.7000000000000015 
2.777934591319415, 0.7446159043537597, 0.0, 6.9917363897707245, 2.7000000000000015 
24.57219173011522, 17.688017003499752, 0.0, 5.936955277846344, 2.7000000000000015 
8.922074645322985, 42.88831342825788, 0.0, 6.212162985977821, 2.100000000000001 
4.599037822607407, 47.88598471212224, 0.0, 8.063224581097716, 2.7000000000000015 
49.16468734721401, 49.05133300331117, 0.0, 0.0, 1.0 
43.97032756295385, 53.69649246750668, 0.0, 4.432104834985255, 2.7000000000000015 
24.07966592882314, 23.712056452322035, 0.0, 5.032434818201782, 2.7000000000000015 
54.58633465930418, 35.61429707948097, 0.0, 0.5153909487747457, 2.7000000000000015 
25.172074994219713, 40.76098890140597, 0.0, 4.742555307697723, 2.7000000000000015 
32.69985093597568, 58.4798866600423, 0.0, 0.0, 1.0 
31.633125567902418, 26.966530859629167, 0.0, 0.10301732331478738, 2.7000000000000015 
34.00943237855846, 43.43126287717906, 0.0, 4.713381316149804, 2.200000000000001 
50.46635702725242, 24.221467435150856, 0.0, 0.5048846302007074, 2.7000000000000015 
46.676480281163805, 53.09837613310384, 0.0, 4.412582371270121, 2.7000000000000015 
45.593377110254195, 24.610761525707634, 0.0, 6.59271030869196, 2.7000000000000015 
35.67053458698628, 29.647755431741302, 0.0, -0.637201214171187, 2.6000000000000014 
54.172175825917805, 23.728587690263954, 0.0, 0.40988463958863525, 2.7000000000000015 
2.955116034596949, 36.107556238556896, 0.0, 7.857886905897549, 2.6000000000000014 
27.04330194164091, 41.59638992494884, 0.0, -1.578677993180137, 2.7000000000000015 
44.38126177061322, 29.974321789415026, 0.0, 5.9953421900908594, 2.7000000000000015 
35.70236075846635, 33.07441412245228, 0.0, -0.7519902578162082, 2.7000000000000015 
58.099340603214394, 53.47822734499325, 0.0, 7.472454483140871, 2.7000000000000015 
