position_x,position_y,position_z,orientation,aspect_ratio
14.137974976664225, 28.264687233769852, 0.0, 0.0, 1.0 
30.32094032022833, 66.10395989636366, 0.0, -0.19766616487118385, 2.7000000000000015 
11.307615624965797, 65.49146533919246, 0.0, 5.016818590945919, 2.7000000000000015 
31.761436017336937, 60.47532666988276, 0.0, -0.21108260861469025, 2.7000000000000015 
46.13409129398959, 14.06498563579429, 0.0, 1.5482532834957348, 2.7000000000000015 
58.135510645736936, 39.99352456455797, 0.0, -0.5429236943503031, 2.300000000000001 
31.311107542635433, 8.099909487875722, 0.0, 5.7449548524091565, 2.7000000000000015 
23.12322970261022, 36.246890342524885, 0.0, -0.11164107139219247, 2.000000000000001 
19.953648025905956, 28.18569216523443, 0.0, 0.0, 1.0 
9.840134087419381, 4.614758354661416, 0.0, 3.313135534887482, 2.7000000000000015 
49.121106047986004, 12.847408319834745, 0.0, 2.0104479020216517, 2.6000000000000014 
43.27972830299388, 6.501378230949545, 0.0, 1.0064969521364362, 2.000000000000001 
24.902549096643085, 47.2899204259232, 0.0, 1.1139415335918252, 1.1 
53.175289409017125, 20.35945530602025, 0.0, 2.342137662713366, 2.5000000000000013 
32.409624937021924, 23.914825046911478, 0.0, 2.263803934851349, 2.7000000000000015 
2.696244397530605, 36.13627235910108, 0.0, 6.223066079345183, 2.5000000000000013 
20.490175973210164, 11.57815309167282, 0.0, -1.197660594315421, 2.7000000000000015 
9.950226932648452, 48.12181185933506, 0.0, 2.9953633076768678, 2.7000000000000015 
32.53716700456976, 11.795046578908266, 0.0, 3.7063756652784936, 2.7000000000000015 
28.379119518065224, 61.41129067186403, 0.0, 1.51231148816075, 2.7000000000000015 
54.46665563681649, 49.001579489919415, 0.0, -0.9324808233683929, 2.7000000000000015 
11.07388198786894, 55.22805537386258, 0.0, 6.033805237359675, 2.7000000000000015 
40.09921143610986, 48.82883475140679, 0.0, -0.03856884607549252, 2.7000000000000015 
56.37172444625901, 2.981181095846225, 0.0, 2.101575820375715, 2.7000000000000015 
17.464863533930025, 31.06608887465467, 0.0, -0.2842995845754226, 2.7000000000000015 
17.089039335601193, 34.00428689438469, 0.0, 0.0, 1.0 
5.137610591990175, 7.311878234989364, 0.0, -1.117947349265355, 2.7000000000000015 
36.971555070857946, 10.343020537139136, 0.0, 3.0299093335143996, 2.200000000000001 
57.23262457923544, 22.933492896221754, 0.0, 0.0, 1.0 
49.0809180672543, 30.444341346104352, 0.0, 0.0, 1.0 
51.430942648495396, 6.486993509377022, 0.0, 0.0, 1.0 
36.91218941128784, 12.390868772192533, 0.0, 2.3387789773906142, 1.9000000000000008 
38.37471620939124, 13.408044173244567, 0.0, 5.382900775513997, 1.2000000000000002 
62.1601256142725, 17.02841393639195, 0.0, 0.0, 1.0 
48.200752067108546, 59.10495787417615, 0.0, 5.68857695201332, 1.1 
66.40043361902944, 46.04388296478045, 0.0, 4.843957963325925, 2.7000000000000015 
11.996554263952476, 23.918985647497387, 0.0, -0.5565719851893165, 2.5000000000000013 
12.43885203136611, 26.59229047423354, 0.0, 0.0, 1.0 
47.47256507225393, 1.8221057435291836, 0.0, 1.5182985009225571, 2.6000000000000014 
16.0608304900825, 49.43196817046141, 0.0, 5.6543852572228746, 2.7000000000000015 
7.982909879178916, 31.77062364520123, 0.0, 0.2850237062527577, 2.7000000000000015 
26.408877222605717, 48.69317751190673, 0.0, 1.7423590446885713, 1.3000000000000003 
31.186215945960427, 33.86806903202384, 0.0, 1.3447077421221156, 2.7000000000000015 
34.80474465658769, 32.0532920720287, 0.0, 2.6639891247826366, 2.200000000000001 
61.91009104255785, 29.628418058657672, 0.0, 0.0, 1.0 
41.61786031338364, 44.08624851137251, 0.0, 0.6926373945889659, 2.7000000000000015 
45.4237024224437, 58.56011932806278, 0.0, 3.5816648219092304, 1.7000000000000006 
40.3489518510984, 6.1764602050824156, 0.0, 2.642617438762898, 2.200000000000001 
56.126953960702835, 32.43076446253618, 0.0, 0.0, 1.0 
40.929206322510105, 51.13533923749457, 0.0, -0.49873824960985924, 2.6000000000000014 
63.50249125543046, 23.4458958811469, 0.0, 4.419855728533108, 1.1 
46.01760820384115, 0.10814697917008148, 0.0, 0.0, 1.0 
55.8869720270299, 49.10207513860866, 0.0, 4.904853607723649, 2.7000000000000015 
57.70089326440055, 35.14081354512664, 0.0, -0.6297299984551347, 2.6000000000000014 
35.64824524056971, 29.344683209874958, 0.0, 8.886088092392779, 2.7000000000000015 
0.44951421063415953, 48.59846596065719, 0.0, 4.349033178668363, 2.7000000000000015 
25.16662218378825, 25.571085495373673, 0.0, 7.785729640263037, 2.6000000000000014 
35.56552114762516, 63.661536682698426, 0.0, -0.904563245178942, 2.7000000000000015 
51.21332486342462, 58.58355501166198, 0.0, 5.573791773059837, 2.100000000000001 
56.05756228657922, 61.86091951897278, 0.0, 8.058725865561238, 2.7000000000000015 
4.980495506152953, 31.336473468526886, 0.0, 0.3475570151349371, 2.7000000000000015 
38.23843516446501, 51.91861202107619, 0.0, 5.689469093891252, 2.200000000000001 
52.23471707220103, 42.66985296682618, 0.0, 0.28451868110091044, 2.4000000000000012 
54.40361963298115, 21.164910820727172, 0.0, 0.0, 1.0 
42.12476349929616, 49.57301433710242, 0.0, 0.0, 1.0 
47.68202879401607, 20.79335765807333, 0.0, 0.0, 1.0 
35.04266101399465, 12.321332234705936, 0.0, 2.0865144362379806, 2.300000000000001 
23.85081757003583, 32.26723703127382, 0.0, 0.45937641978262056, 2.7000000000000015 
35.745402553753024, 42.92602028259469, 0.0, 7.189451784184406, 2.7000000000000015 
41.27366538077548, 46.25389502288302, 0.0, 0.5605318956748143, 2.7000000000000015 
13.722842824209199, 19.818339473703304, 0.0, -0.20767054174214672, 2.7000000000000015 
16.5572010213674, 0.8584378392227052, 0.0, 5.013081819464398, 2.7000000000000015 
45.60781161442918, 22.632423327768695, 0.0, 2.4250508594689295, 2.7000000000000015 
30.666534900244077, 39.831553603055596, 0.0, 0.926254296217549, 2.7000000000000015 
26.98966959330881, 32.19981594418789, 0.0, 1.4060668071678657, 2.7000000000000015 
5.301279116049796, 36.78232255431686, 0.0, -0.06930448872599226, 2.7000000000000015 
23.82626314106042, 23.981311713117595, 0.0, 0.0, 1.0 
24.051252851914562, 33.42913378206959, 0.0, 0.6831702161893664, 2.7000000000000015 
63.386113203245316, 42.071348266097885, 0.0, -0.9062796449032317, 2.7000000000000015 
52.75445896828115, 6.695516788462898, 0.0, 1.738349245188429, 2.7000000000000015 
50.520210128488905, 31.39436810314715, 0.0, 0.0, 1.0 
25.308786656878976, 40.30102078110038, 0.0, 0.0, 1.0 
52.48341212837148, 61.68629617547104, 0.0, 5.5655642826730904, 2.7000000000000015 
57.4126566695689, 16.01775300584717, 0.0, 0.0, 1.0 
35.96529174079402, 46.88152270728423, 0.0, 0.35336341636747154, 2.7000000000000015 
65.91470801470814, 44.14006004269288, 0.0, 5.326311085089219, 2.7000000000000015 
54.260340005244856, 4.352615084322878, 0.0, 2.353797835218877, 2.7000000000000015 
30.347510067688866, 44.48039926600696, 0.0, 0.7483324438697119, 2.7000000000000015 
48.03310732527366, 28.975559396421204, 0.0, 0.0, 1.0 
1.0376050094935636, 46.95334289707357, 0.0, 4.138711503394774, 2.7000000000000015 
10.374156551936519, 18.6384490566395, 0.0, -0.28412437905397947, 2.7000000000000015 
51.854242619976304, 14.20143487456964, 0.0, 2.0927967247934345, 2.7000000000000015 
23.56263397228182, 14.097533515185392, 0.0, 4.102893363334286, 1.2000000000000002 
41.46445504868529, 26.01021950375474, 0.0, 9.15636561523918, 2.7000000000000015 
39.56448092727487, 62.54374770169044, 0.0, 5.643316032816488, 2.7000000000000015 
27.518192347879378, 34.54686464610865, 0.0, 1.1250993549870947, 2.7000000000000015 
25.781692573418614, 43.201253064880035, 0.0, 0.0, 1.0 
57.04769810033619, 65.93848497992713, 0.0, 1.7881573355153968, 2.6000000000000014 
56.03672851027088, 65.11255087730925, 0.0, 7.923889545540545, 2.7000000000000015 
37.382962709795436, 65.52820869327151, 0.0, 5.860416511469919, 2.7000000000000015 
61.241376206017314, 28.056859374753707, 0.0, 0.0, 1.0 
28.137292702288146, 18.895498910576737, 0.0, 0.0, 1.0 
58.547910105616495, 17.677398495565342, 0.0, 0.0, 1.0 
53.19229375789682, 32.43513834933903, 0.0, 0.0, 1.0 
13.103705645204595, 18.61846796715094, 0.0, -0.25512627402641014, 2.7000000000000015 
46.47046632219732, 41.02058651031559, 0.0, 0.0, 1.0 
52.38382799897588, 19.715483376372397, 0.0, 2.2815317919995106, 2.7000000000000015 
25.058841556534176, 49.76556459503702, 0.0, 1.1109378578014737, 2.300000000000001 
29.28645214950982, 26.473140211495274, 0.0, 2.0157115264305707, 2.7000000000000015 
57.40678177916177, 37.773838605929726, 0.0, -0.5056301011612807, 2.7000000000000015 
38.2186117372653, 33.6269653114497, 0.0, 0.0, 1.0 
20.21568696686904, 20.458163091542048, 0.0, -0.7348040598838017, 2.7000000000000015 
19.537647462670975, 8.822771971724556, 0.0, 3.9298415428729245, 2.7000000000000015 
55.72762249492737, 39.495483211990035, 0.0, 0.018944527240428832, 2.7000000000000015 
29.846490938311902, 2.943792390403072, 0.0, -0.5830914007325808, 2.7000000000000015 
57.97573640647845, 52.61045141017182, 0.0, 5.490572668506037, 2.7000000000000015 
40.654115612070335, 40.78751500237618, 0.0, 0.8784912509391106, 2.7000000000000015 
25.025981160085415, 11.52753356490609, 0.0, 3.9356659238873393, 2.7000000000000015 
48.969387707951114, 27.0881671467542, 0.0, 0.0, 1.0 
40.50178606655286, 54.113592024153206, 0.0, 2.4673016696613543, 2.7000000000000015 
10.837670452866309, 40.245899123405536, 0.0, 6.4695857030687645, 2.7000000000000015 
27.639381107177673, 31.649811919439717, 0.0, 1.505070617047312, 2.7000000000000015 
36.302329901569394, 0.4353770863484799, 0.0, 5.5030556281219685, 2.7000000000000015 
47.44468437100367, 52.13643896794135, 0.0, 5.956524468111638, 2.7000000000000015 
45.91476940019181, 34.67554527596484, 0.0, 0.0, 1.0 
26.645233214100987, 17.29171740608389, 0.0, 0.6844001185098632, 2.6000000000000014 
22.16915855334595, 22.725785427119224, 0.0, 0.0, 1.0 
59.120495122484684, 60.086535554101886, 0.0, 1.6051661180051804, 2.7000000000000015 
45.93301764013083, 26.605808924021993, 0.0, 9.312760711325684, 2.7000000000000015 
52.63192802176992, 53.73985129695607, 0.0, 5.191634128335567, 2.7000000000000015 
42.26565703854894, 32.34647743277627, 0.0, 0.0, 1.0 
35.45633106566835, 27.92379671191612, 0.0, 2.9067047316527317, 2.7000000000000015 
50.959184175011174, 54.65031452817705, 0.0, -1.0951801997172084, 2.7000000000000015 
49.88687758456748, 6.4911140834405785, 0.0, 0.0, 1.0 
58.40327997948163, 38.41986515862595, 0.0, -0.5162931806272002, 2.7000000000000015 
33.789352582256036, 48.59402732111736, 0.0, 0.7624683927441027, 2.7000000000000015 
57.95080607489464, 4.944947826594459, 0.0, 2.4715639406308343, 2.7000000000000015 
3.940015367566754, 40.73754029751246, 0.0, 5.898952883996317, 2.000000000000001 
19.432134435493886, 31.424736630427795, 0.0, -0.5894006054710428, 2.7000000000000015 
6.0347307369658605, 0.7633392800185159, 0.0, 5.113794635534537, 2.7000000000000015 
17.407292169741698, 37.042415076265975, 0.0, 5.096259329149019, 2.7000000000000015 
7.404343011893404, 29.049140749501507, 0.0, 0.0, 1.0 
32.92306695654957, 35.285043561145294, 0.0, 1.0572873914789507, 2.7000000000000015 
30.97212242617501, 18.795939378282366, 0.0, 8.486619885968066, 2.7000000000000015 
60.36943885335025, 63.48029119859741, 0.0, 2.120937005804008, 2.7000000000000015 
1.5470619339488731, 26.614302277987843, 0.0, 0.0, 1.0 
13.207831713080356, 11.676034610331211, 0.0, 2.1923129967406414, 2.7000000000000015 
7.455886538149935, 63.93141337247522, 0.0, 5.245842899125033, 2.7000000000000015 
12.977399268366042, 64.18049340444077, 0.0, 5.0712011646011215, 2.7000000000000015 
21.484297199765415, 44.189985379391096, 0.0, 1.0871984281146685, 2.7000000000000015 
62.82556610152074, 49.49729223483206, 0.0, 5.685710450135237, 2.7000000000000015 
23.516038219430254, 27.244228734307917, 0.0, 0.0, 1.0 
43.994588763766785, 42.421326444969914, 0.0, 0.9179509503853432, 2.7000000000000015 
54.95005429048836, 58.70601577323291, 0.0, 4.4334477063079625, 2.7000000000000015 
14.728291674820506, 22.14194578960354, 0.0, -0.6936941546624518, 2.7000000000000015 
38.9096804964095, 45.91468226192005, 0.0, 0.4608882428647712, 2.7000000000000015 
34.84609566237888, 59.23507714728314, 0.0, -0.6122256270751261, 2.7000000000000015 
30.606291300221418, 28.259039970455753, 0.0, 1.9055724188513907, 2.7000000000000015 
17.55964875319234, 44.027741927819584, 0.0, -0.35576140906549286, 1.7000000000000006 
45.497090215924956, 36.80456564053861, 0.0, 0.0, 1.0 
54.17525044407361, 14.771367608213698, 0.0, 2.0773632311871117, 2.7000000000000015 
38.61809444317634, 20.59972249221811, 0.0, 2.631603009648202, 2.7000000000000015 
24.629527306699476, 41.85581475964488, 0.0, 0.0, 1.0 
56.372457822193944, 44.48573476443987, 0.0, -0.3584743402181725, 2.000000000000001 
8.933046912432513, 24.857058658947718, 0.0, -0.11803016532963581, 2.6000000000000014 
51.817356853544794, 29.174268698952254, 0.0, 0.0, 1.0 
53.86805739511718, 11.755347148740235, 0.0, 8.512008018735802, 2.7000000000000015 
45.10195743602921, 49.86749750898607, 0.0, 0.0, 1.0 
65.07189529316447, 47.0693897676099, 0.0, 4.427889964035969, 2.7000000000000015 
23.86826346609559, 25.698319495157836, 0.0, 0.0, 1.0 
9.924526213930324, 51.611530587728936, 0.0, 2.7462673813186527, 2.7000000000000015 
54.977075049082046, 45.709263309482125, 0.0, 5.985477141870783, 2.7000000000000015 
46.52811688073286, 32.754002681829775, 0.0, 0.0, 1.0 
64.11266188252937, 36.763341638101025, 0.0, -1.0511656269632126, 2.6000000000000014 
56.087720937206775, 8.955278091146555, 0.0, 2.452033242659977, 2.7000000000000015 
45.23689849815919, 31.180643977832933, 0.0, 0.0, 1.0 
8.073259909058807, 36.19026221690038, 0.0, 5.748827179560613, 2.7000000000000015 
36.15012358722702, 8.747569873123055, 0.0, 5.313185387466779, 2.7000000000000015 
50.098157450705465, 46.6085792968142, 0.0, 5.673468121717445, 2.4000000000000012 
43.87636753158282, 44.108926758490405, 0.0, 0.3375592593382986, 2.7000000000000015 
3.1093227881881274, 49.39613325746491, 0.0, -2.611202746054026, 2.7000000000000015 
50.70625654987559, 37.0409442176704, 0.0, 0.0, 1.0 
47.03680468263093, 63.0207676575707, 0.0, 0.5277157236510744, 2.7000000000000015 
37.724681756399455, 38.82613599839731, 0.0, 1.7019999648822213, 2.6000000000000014 
50.30085446916247, 51.260200683511066, 0.0, -0.7233251306407922, 2.7000000000000015 
56.23477446143901, 34.408639218840946, 0.0, 0.0, 1.0 
60.44392311691752, 21.334056379454864, 0.0, 0.0, 1.0 
54.47362558516116, 26.028257567346966, 0.0, 0.0, 1.0 
25.659089739633064, 18.758838980621015, 0.0, -0.31015354630836445, 2.6000000000000014 
34.04354183924854, 51.55682801445313, 0.0, 6.737783511806888, 2.6000000000000014 
64.71181108005001, 34.022639284510845, 0.0, -1.073525568185774, 2.6000000000000014 
55.66291323130386, 40.68268643975286, 0.0, 0.19267362976176278, 2.7000000000000015 
34.17184706033542, 42.22366007796069, 0.0, 0.871557225935987, 2.7000000000000015 
34.238705938596894, 21.37713654496204, 0.0, 1.959771638385016, 2.7000000000000015 
17.989714965043632, 17.549953123603462, 0.0, -0.04899033848502399, 2.7000000000000015 
52.606475710284016, 39.78169956528706, 0.0, 0.11080325159800722, 2.7000000000000015 
24.47303964900437, 29.74946501978584, 0.0, 0.0, 1.0 
38.386907414800035, 41.768288207194544, 0.0, 1.3255843957383668, 2.7000000000000015 
43.86901215609881, 46.15937694606619, 0.0, 0.12059375555459101, 2.7000000000000015 
58.704552678469, 43.781965222119766, 0.0, -0.9668931179791543, 2.7000000000000015 
12.856062851524387, 35.02621231281158, 0.0, -0.9676162096419768, 2.7000000000000015 
14.672064749023809, 31.04110092027852, 0.0, -0.2476909991877566, 2.7000000000000015 
29.52196797780355, 45.69607024941136, 0.0, 0.844531189833334, 2.7000000000000015 
26.282645059154728, 34.43955678133162, 0.0, 0.7380543269416505, 2.7000000000000015 
25.811290195735904, 32.82397306656492, 0.0, 0.0, 1.0 
31.527022810813246, 6.559155022833517, 0.0, 5.754905621078245, 2.7000000000000015 
53.81339851475145, 63.97625276676744, 0.0, 5.3800297805428645, 1.5000000000000004 
20.586479726558295, 34.594099053862784, 0.0, -0.9497300455333808, 2.6000000000000014 
3.522324406761686, 27.16693905100778, 0.0, 0.0, 1.0 
52.90490538472075, 2.4949611164677465, 0.0, 0.0, 1.0 
36.26605956158015, 44.64326872092533, 0.0, 0.644227203395674, 2.7000000000000015 
64.96910651795734, 22.079925209385024, 0.0, 0.49456379280828244, 1.1 
50.352817439377695, 8.350570534154052, 0.0, 0.0, 1.0 
39.46120196022347, 14.714748986743727, 0.0, 8.628477107348345, 2.7000000000000015 
55.092889011790774, 27.670873725733085, 0.0, 0.0, 1.0 
50.59671355440582, 22.269394050154684, 0.0, 2.4210590239895615, 2.7000000000000015 
65.3963288611444, 1.7839612914285061, 0.0, 5.154318393087185, 2.7000000000000015 
10.522388143623147, 3.324279743200661, 0.0, 2.9442955785647884, 2.7000000000000015 
9.278634573531459, 29.51796506385993, 0.0, 0.0, 1.0 
44.99193308679523, 48.50852509115849, 0.0, -0.5557246199119784, 2.7000000000000015 
39.979975184024845, 30.071680370473327, 0.0, 0.0, 1.0 
40.34128397971274, 64.6509384172134, 0.0, 5.699157230024487, 2.7000000000000015 
41.22551241717658, 28.986997476426982, 0.0, 3.125483381660449, 2.7000000000000015 
38.18553045686344, 7.024659296707828, 0.0, 5.197086130541915, 2.200000000000001 
60.70528636275204, 66.68056814776588, 0.0, 3.0506714176562943, 2.7000000000000015 
26.935230780148768, 3.5551651758131797, 0.0, -0.3374441637854531, 2.7000000000000015 
29.753586235540713, 58.11612988676767, 0.0, 3.0887611094229257, 2.7000000000000015 
60.6224815158537, 26.350000352808205, 0.0, 0.0, 1.0 
56.64323033566318, 30.874506057094443, 0.0, 0.0, 1.0 
2.4193536660786163, 38.58353439131761, 0.0, -0.1953137913971305, 2.7000000000000015 
56.533648759005224, 26.123563935281965, 0.0, 0.0, 1.0 
50.827000093138835, 2.5835095456143415, 0.0, 0.0, 1.0 
49.145074355373744, 43.43676042339025, 0.0, -0.04016651924278176, 2.7000000000000015 
50.539687768924665, 4.61853914805586, 0.0, 0.0, 1.0 
51.029071969543054, 27.286843078820894, 0.0, 0.0, 1.0 
15.762503428573035, 18.63638492918214, 0.0, 0.0, 1.0 
53.087360855484825, 45.356017060019695, 0.0, -0.2751571864841537, 2.7000000000000015 
53.28942833638925, 8.551981158679943, 0.0, 1.955823376694667, 2.7000000000000015 
4.17151772014935, 33.94077581163759, 0.0, 6.600307603704322, 2.7000000000000015 
27.932750457856052, 43.23095913758526, 0.0, 6.982447763635681, 2.7000000000000015 
0.17198699204402165, 21.882725665972238, 0.0, 5.4951762297128, 2.5000000000000013 
44.451358699228976, 41.11670724034778, 0.0, 0.7021978675610014, 1.9000000000000008 
6.846242173276587, 43.051316926461546, 0.0, 0.0, 1.0 
49.19767437791416, 64.59179378639497, 0.0, 6.369846751308056, 2.7000000000000015 
23.67456385480933, 11.803386195861755, 0.0, 4.257648264500032, 2.7000000000000015 
21.994838495934765, 29.318735424944, 0.0, -0.6855572505232868, 2.7000000000000015 
18.86551141137679, 36.022497073769934, 0.0, 5.05838938405949, 2.7000000000000015 
6.412165312381074, 41.34936631190346, 0.0, 6.276516341093264, 2.7000000000000015 
9.740512808425652, 41.481151163243005, 0.0, 6.245627723557276, 2.7000000000000015 
57.20161826647508, 3.977376620325512, 0.0, 2.3152816899212354, 2.7000000000000015 
32.97208630151573, 38.03681818694393, 0.0, 0.5309363523845892, 2.7000000000000015 
64.14491520312419, 13.77737165510102, 0.0, 1.277626942370118, 2.7000000000000015 
50.43747840708978, 57.43450432633952, 0.0, 5.927909297899821, 2.5000000000000013 
36.353755778147416, 33.008357922336536, 0.0, 0.0, 1.0 
49.93247309458595, 41.33544531208096, 0.0, 0.15810342755683393, 2.7000000000000015 
16.49225563974555, 21.80267172089916, 0.0, -0.7762695206651266, 2.7000000000000015 
38.98176653244271, 2.771468207439351, 0.0, 4.81250234837739, 2.7000000000000015 
16.93212822771386, 39.462941121794756, 0.0, 5.783012170508187, 2.7000000000000015 
1.4229250035749734, 34.121456102519815, 0.0, 5.34007480781056, 2.7000000000000015 
51.78477183680732, 24.146722606066124, 0.0, 0.0, 1.0 
18.682057615385936, 34.090392010947234, 0.0, -0.9441017385097741, 2.7000000000000015 
35.892727668289936, 53.51855449681239, 0.0, 0.7156371387402611, 2.000000000000001 
4.620124689656227, 44.41225425545384, 0.0, 5.534038690184225, 2.7000000000000015 
4.468103716021731, 4.402595466640035, 0.0, 4.141771664319146, 2.7000000000000015 
60.28632690818435, 49.58132946447731, 0.0, 5.996451394715774, 2.7000000000000015 
6.436425181102701, 5.041120060393673, 0.0, 3.8743578106422856, 2.7000000000000015 
35.66619005618698, 18.371007639177183, 0.0, 8.272720529606806, 2.7000000000000015 
11.441292041010598, 39.02216046919472, 0.0, 6.321652949525656, 2.7000000000000015 
52.489890050532495, 55.80893520387441, 0.0, 2.6402990276201104, 2.7000000000000015 
28.874560201183435, 31.411400282461923, 0.0, 1.6297881747083167, 2.7000000000000015 
46.05671139213353, 25.512961062267927, 0.0, 2.7712014774716853, 2.7000000000000015 
30.474417601861774, 26.36247056971472, 0.0, 1.9752512730863248, 2.7000000000000015 
5.8902273325401175, 25.825705813944342, 0.0, 5.671966194263482, 1.8000000000000007 
40.85405101372742, 52.45760223275608, 0.0, 5.711026548378182, 2.7000000000000015 
33.965215201163204, 56.787569365710056, 0.0, 0.0, 1.0 
39.032944660262146, 40.21542935430158, 0.0, 1.2711423862712634, 2.7000000000000015 
49.427637407082635, 63.33613292125284, 0.0, 6.76414724593687, 2.7000000000000015 
31.20067885244211, 43.790234543672064, 0.0, 0.5803828934198813, 2.7000000000000015 
27.570067350831827, 12.509663116733341, 0.0, 2.9610112594779348, 1.5000000000000004 
34.73088466163808, 39.65115671659552, 0.0, 0.8837350699859196, 2.7000000000000015 
57.48873743962463, 61.481786208373016, 0.0, 8.300620696604264, 2.7000000000000015 
61.8058785684732, 58.5886903121118, 0.0, 2.043594218282331, 2.7000000000000015 
55.175736033100456, 43.935630425521886, 0.0, 5.885718160635442, 2.7000000000000015 
28.373116423237693, 33.54694364988656, 0.0, 1.417763447257665, 2.7000000000000015 
10.726212807385572, 27.496942274117213, 0.0, 0.0, 1.0 
60.579477980099135, 33.39607016226478, 0.0, -0.35476140491173797, 2.7000000000000015 
31.980156127894965, 25.667692642908708, 0.0, 2.2597447008253084, 2.7000000000000015 
62.25803575626346, 38.03805797548773, 0.0, -0.9001020359534759, 2.7000000000000015 
53.77105826965205, 56.651281535486454, 0.0, 5.973528439183836, 2.7000000000000015 
25.283804171082735, 36.29679544136227, 0.0, 6.907941499500609, 2.7000000000000015 
42.557571493082214, 56.989491674465995, 0.0, 5.446314864074246, 2.7000000000000015 
36.07299606720756, 19.95429880081888, 0.0, 2.331541564023521, 2.7000000000000015 
58.16718138114538, 0.6648746202301067, 0.0, 2.991867196851116, 2.7000000000000015 
21.148462199884616, 37.48589575019087, 0.0, 5.939416817584395, 2.7000000000000015 
35.680694736537134, 61.21321919627941, 0.0, 5.822033794012706, 2.7000000000000015 
6.784323998115304, 48.09282842012756, 0.0, 3.599156093742057, 2.7000000000000015 
35.06117628483555, 25.029260261697278, 0.0, 2.266218330815818, 2.7000000000000015 
61.020562877691674, 64.68180440317099, 0.0, 2.269302957774246, 2.7000000000000015 
23.558810900536493, 39.182573366093536, 0.0, 0.0, 1.0 
44.033636846586134, 0.15489051818402882, 0.0, 0.0, 1.0 
48.540296877190045, 32.274069147184505, 0.0, 0.0, 1.0 
29.068449973949466, 38.95749303299894, 0.0, 7.215006916060696, 2.7000000000000015 
48.92461049013789, 16.589450724525133, 0.0, 1.9732222818695961, 2.7000000000000015 
63.0605654751364, 18.938192722067587, 0.0, 0.0, 1.0 
29.65157876618415, 30.26341929492116, 0.0, 1.6924881733735948, 2.7000000000000015 
7.391391232438723, 55.36091529481417, 0.0, 4.674940151702024, 2.7000000000000015 
62.930771161130245, 34.835430438829924, 0.0, -0.7634167069410218, 2.7000000000000015 
52.50280006043068, 30.839631896195527, 0.0, 0.0, 1.0 
38.48632010350777, 19.452967124887426, 0.0, 2.735290376772571, 2.7000000000000015 
26.4473150065934, 25.614804886047526, 0.0, 1.3460080678427762, 2.4000000000000012 
0.11861255371251524, 28.005358651067496, 0.0, 0.0, 1.0 
39.07369540196539, 57.516160530372204, 0.0, -0.7084180716089563, 2.7000000000000015 
10.957112867497367, 29.527096630931812, 0.0, 0.0, 1.0 
60.89714612990441, 5.538430335400188, 0.0, 5.285077620215122, 2.7000000000000015 
55.83785791059661, 24.5238069710409, 0.0, 0.0, 1.0 
63.32368501007647, 33.20195610743766, 0.0, -0.35434002394615854, 2.5000000000000013 
5.357091710923816, 27.994666587060188, 0.0, 0.0, 1.0 
51.70805545260047, 43.70150056950865, 0.0, -0.1798354880236288, 2.7000000000000015 
42.049411144962306, 30.324089467616805, 0.0, 0.0, 1.0 
22.21217326820433, 24.48390282294868, 0.0, 0.0, 1.0 
43.15198100575817, 22.087411541948153, 0.0, 2.308197902074357, 2.7000000000000015 
32.16077074354851, 30.40107152770821, 0.0, 8.189593154900521, 2.7000000000000015 
26.206509600167067, 28.634997819715736, 0.0, 0.0, 1.0 
52.112559906853555, 0.8973763126699432, 0.0, 0.0, 1.0 
32.41985555460781, 33.117999254855114, 0.0, 1.6143057515109114, 2.7000000000000015 
66.60496211036268, 26.085905518804353, 0.0, 0.0, 1.0 
41.66525775728473, 10.83695822203436, 0.0, 1.2759657375564097, 2.4000000000000012 
28.615390535540836, 5.19310547580451, 0.0, 5.4249597892308, 2.7000000000000015 
52.44816087528161, 65.86828399479192, 0.0, 0.0, 1.0 
15.436266837965137, 62.29318738390335, 0.0, 5.259745753363976, 2.7000000000000015 
36.29564326145338, 41.58330159614457, 0.0, 1.2102898892191065, 2.7000000000000015 
20.431663488059158, 4.630594566066395, 0.0, 5.023904245466456, 2.7000000000000015 
25.89720611265577, 23.508732384702316, 0.0, 0.0, 1.0 
14.975053059715785, 41.545152345658856, 0.0, 5.741769380782852, 2.7000000000000015 
7.874323948647652, 22.908385749865054, 0.0, 5.4175556720922255, 2.7000000000000015 
51.848673389853374, 48.94148544046596, 0.0, -0.7034967283727296, 2.7000000000000015 
6.131810909889298, 56.375742498850904, 0.0, 4.804244037489647, 2.7000000000000015 
55.11211967251929, 12.316208931631047, 0.0, 8.67889019156803, 2.7000000000000015 
46.270843934070186, 10.74907473656179, 0.0, 1.6140440439123613, 2.7000000000000015 
11.401215740895887, 31.90256281869543, 0.0, 6.08706807864121, 2.7000000000000015 
53.31195257778009, 22.788016460220998, 0.0, 0.0, 1.0 
50.35253600969883, 0.6994182397919932, 0.0, 0.0, 1.0 
47.15584514984858, 12.237578123259581, 0.0, 1.7035381080829672, 2.7000000000000015 
31.939140959930352, 27.22217874387333, 0.0, 2.131961751088052, 2.7000000000000015 
29.770425397484342, 17.63085314867711, 0.0, 6.253446265769605, 1.2000000000000002 
23.46753911760885, 37.624593044538685, 0.0, 0.0, 1.0 
39.65233443141493, 38.55031929823298, 0.0, 0.7481857143305274, 2.7000000000000015 
63.3432632723521, 54.4529249223221, 0.0, 3.5095918402331385, 2.7000000000000015 
45.916200366689075, 7.501367254269385, 0.0, 1.2763673401367728, 2.7000000000000015 
48.64045783822625, 8.71006846478787, 0.0, 1.738858270200624, 2.7000000000000015 
53.823359521252854, 24.36790131632409, 0.0, 0.0, 1.0 
23.31929875429436, 45.62253810487705, 0.0, 0.9946740423231115, 1.5000000000000004 
43.02042167297973, 51.32937712738743, 0.0, 5.693246616783159, 1.1 
19.10937105448375, 19.833198109920506, 0.0, -0.6193667064301724, 2.7000000000000015 
39.78364296114396, 36.93445925145351, 0.0, 0.0, 1.0 
21.47878088385167, 14.726226049686307, 0.0, 0.22835856573596477, 2.6000000000000014 
39.06815873599279, 21.50974497616073, 0.0, 2.7080742780930156, 2.7000000000000015 
23.696600694976777, 22.05933153346783, 0.0, 0.0, 1.0 
66.26044142737172, 34.59984022964496, 0.0, -0.5344923791510227, 2.7000000000000015 
35.68436260620394, 30.511982157801356, 0.0, 2.5192088561336785, 2.6000000000000014 
62.462809241392485, 10.240456646039549, 0.0, 5.919892369631891, 2.7000000000000015 
29.948782932141242, 23.650225815386722, 0.0, 1.8508099129706488, 2.7000000000000015 
19.904618595614917, 30.1235892826605, 0.0, -0.35909111538803085, 2.7000000000000015 
50.17503239523525, 48.08978989075714, 0.0, -0.1182647858059498, 2.7000000000000015 
45.21034132725021, 21.718143128849544, 0.0, 2.5408545473514184, 2.6000000000000014 
60.276836050126384, 34.546364573249775, 0.0, -0.45012335538808335, 2.7000000000000015 
56.538628099133405, 46.22495464518047, 0.0, 5.37970790225467, 2.7000000000000015 
17.358046312779496, 26.111165825111772, 0.0, 0.0, 1.0 
65.77962328208474, 12.476011997650177, 0.0, 2.09493795604169, 2.7000000000000015 
34.226982098304305, 36.3810232309229, 0.0, 7.843592932448816, 2.7000000000000015 
36.94177026410693, 37.369133644389564, 0.0, 1.5897406498624371, 2.4000000000000012 
25.18511487694092, 45.102176499157835, 0.0, 0.0, 1.0 
33.70019319218016, 52.89089452331364, 0.0, 0.7574455062657226, 2.7000000000000015 
1.3961853514705083, 32.3517559855177, 0.0, -0.8581328723417859, 2.7000000000000015 
43.45913927173766, 27.820445550586804, 0.0, 2.737335146403789, 2.6000000000000014 
62.00622522755703, 24.846185138186712, 0.0, 0.0, 1.0 
45.05108244719119, 8.795977951063243, 0.0, 1.349433956541775, 2.7000000000000015 
29.315292862937213, 33.53267844631439, 0.0, 1.4645866960236695, 2.7000000000000015 
33.20373958927056, 27.341356356775247, 0.0, 2.1194318240950922, 2.7000000000000015 
25.215773608676415, 38.66882994730276, 0.0, 0.0, 1.0 
21.075553864320494, 40.694232716213314, 0.0, 0.0, 1.0 
33.42234790350471, 33.9329161066932, 0.0, 7.758406729048484, 2.7000000000000015 
17.218211161630705, 32.43520251967903, 0.0, -0.6509882044423206, 2.7000000000000015 
63.730362329711866, 15.461904956148842, 0.0, 1.0971829904330868, 2.7000000000000015 
58.56758869597867, 26.204803258408102, 0.0, 0.0, 1.0 
51.790782139944554, 46.727399100906084, 0.0, 5.878596277685249, 2.7000000000000015 
25.734915758849066, 37.65199150522026, 0.0, 0.5914906425550723, 2.7000000000000015 
10.542044687592469, 25.81225376538826, 0.0, -0.2964522553758103, 2.300000000000001 
12.43384270328675, 28.626963342609752, 0.0, 0.0, 1.0 
21.377125827016922, 48.677039193690305, 0.0, 8.053074892093154, 2.7000000000000015 
42.90492683144119, 62.20077018635849, 0.0, 5.739594089459591, 2.7000000000000015 
29.528368771108003, 21.782368257389763, 0.0, 1.8892832328872347, 2.7000000000000015 
51.12143032829881, 16.764168421026067, 0.0, 1.9922133886406228, 2.7000000000000015 
49.931914129446106, 62.23394650541111, 0.0, 6.915510679794115, 2.7000000000000015 
66.6251151904362, 20.446698282824496, 0.0, 5.9313247142605805, 1.9000000000000008 
28.237882542381545, 23.00909517074225, 0.0, 1.6649935372087334, 2.300000000000001 
17.22626781505291, 42.542899640170035, 0.0, 6.371420146367261, 2.7000000000000015 
66.48421690192635, 33.16135029804294, 0.0, -0.7243050365999298, 2.300000000000001 
14.378878287273336, 48.83467070521485, 0.0, 2.5889993993306555, 2.7000000000000015 
49.64806883119771, 42.411451165309316, 0.0, 0.3400796808632771, 2.5000000000000013 
37.72227449461323, 61.33124540927947, 0.0, -0.5415713895319803, 2.7000000000000015 
1.1095429532998355, 17.67492568603285, 0.0, 2.438341919085511, 2.7000000000000015 
35.58340382886175, 7.56234859982426, 0.0, 5.489641169395522, 2.300000000000001 
63.39463312378373, 32.07551893973951, 0.0, -0.29833628877749446, 2.200000000000001 
43.06422130740931, 23.588052706828115, 0.0, 2.5855398599117696, 2.7000000000000015 
3.4075195103863716, 34.965246329522174, 0.0, -0.00039735289014225126, 2.7000000000000015 
59.96352415021471, 24.686678792016505, 0.0, 0.0, 1.0 
54.571515162152146, 35.58665835781102, 0.0, 0.0, 1.0 
31.06351742335885, 12.791607554973979, 0.0, 1.4603895216512204, 1.1 
13.60355039868322, 35.5845496937487, 0.0, -0.9803002557229928, 2.7000000000000015 
54.61333882821576, 31.072983882211805, 0.0, 0.0, 1.0 
32.287004733583956, 57.04287779297787, 0.0, 1.5339322751551026, 2.7000000000000015 
23.66228228147739, 28.627335906338054, 0.0, -0.7362160717341365, 2.7000000000000015 
50.4248433458939, 25.620438776387136, 0.0, 0.0, 1.0 
13.971140151566198, 4.2911254113910235, 0.0, 4.699882482334478, 2.7000000000000015 
38.80210094869826, 9.152514753102528, 0.0, 3.417006578914546, 2.4000000000000012 
10.84629766370567, 46.38761644092167, 0.0, 0.7719726117016622, 2.7000000000000015 
28.961098553420282, 20.1903477876432, 0.0, 8.401247197370065, 2.6000000000000014 
21.49072098003881, 13.245365486547412, 0.0, 0.0, 1.0 
3.0202191911985468, 42.454831605558546, 0.0, 5.79685748451047, 2.7000000000000015 
46.639502797639686, 3.6962520671646506, 0.0, 1.4758706586006427, 2.7000000000000015 
53.32323161312413, 47.03676666453732, 0.0, -0.44710482919080213, 2.7000000000000015 
40.119801711188344, 50.025222385939, 0.0, 0.0, 1.0 
24.836634645881016, 31.27373720608194, 0.0, 0.0, 1.0 
13.149254763014465, 38.13369824817034, 0.0, 0.46718175000247336, 2.7000000000000015 
63.90338154967468, 30.175554084580916, 0.0, 0.0, 1.0 
10.423797118247876, 63.09451352285281, 0.0, 4.991145074705239, 2.7000000000000015 
48.98936850609127, 50.64140048688258, 0.0, -0.3914922199599576, 2.7000000000000015 
45.18079135116553, 28.223426747060042, 0.0, 0.0, 1.0 
64.19923445661283, 53.367879013496726, 0.0, 3.4168760343547437, 2.7000000000000015 
66.00497183289004, 30.851785272905165, 0.0, -0.2274640866326649, 2.6000000000000014 
46.54196051602913, 45.621248665320465, 0.0, 5.763851578412643, 2.7000000000000015 
40.455509174236255, 47.1262710547459, 0.0, 0.19841545484850642, 2.7000000000000015 
45.53374548704996, 63.22553301063023, 0.0, 0.5495481309335909, 2.7000000000000015 
56.018442452749476, 15.084309306204634, 0.0, 2.247471634209322, 2.7000000000000015 
32.691956549492325, 38.891593125862684, 0.0, 0.7598236536294253, 2.7000000000000015 
47.89855057049863, 47.20836770937929, 0.0, 5.761630886591545, 2.7000000000000015 
3.1222173843551246, 22.73704928961022, 0.0, 0.3372053518077498, 2.7000000000000015 
43.66043878459274, 19.513389265634597, 0.0, 1.8712499279250467, 2.7000000000000015 
66.98657219026259, 36.763743588865196, 0.0, 5.46640727148594, 2.7000000000000015 
54.247683745504254, 9.426329531132364, 0.0, 1.9803698004324266, 2.7000000000000015 
58.70946624507449, 36.138254990518625, 0.0, -0.2822692149130005, 2.6000000000000014 
30.91477287554618, 30.34851787068734, 0.0, 1.661736900296337, 2.7000000000000015 
48.70295136123269, 37.32701364296778, 0.0, 0.0, 1.0 
36.68420494619814, 50.54761037894078, 0.0, 0.2695999329078971, 2.7000000000000015 
8.608786978111535, 65.4191726947646, 0.0, 5.299430825223617, 2.7000000000000015 
59.44811286192554, 19.566419564696993, 0.0, 0.0, 1.0 
54.71165399655927, 61.531380891090244, 0.0, 4.913474820458825, 1.7000000000000006 
17.270941591026787, 30.01474499206681, 0.0, -0.18086924247492137, 2.7000000000000015 
62.89706677670755, 40.87022747682143, 0.0, -0.910666171517412, 2.7000000000000015 
62.42778657634776, 39.583383813255125, 0.0, 5.334777148583137, 2.6000000000000014 
37.80009599375785, 2.5904556612750858, 0.0, 4.931276489269037, 2.7000000000000015 
28.226438832593296, 30.01369144048344, 0.0, 1.7334169302204767, 2.7000000000000015 
16.434243594645743, 36.01465554170482, 0.0, -0.8256878957217415, 1.3000000000000003 
49.864912709491264, 17.471329259206666, 0.0, 1.7532070096081642, 2.7000000000000015 
46.01089646235854, 65.22001522616826, 0.0, 5.733964940618006, 2.7000000000000015 
43.27396292183812, 13.914104535472685, 0.0, 1.0883913258655018, 2.7000000000000015 
25.1750128871649, 35.12737403382304, 0.0, 0.6757866887677063, 2.7000000000000015 
35.34077631123537, 34.55965126408334, 0.0, 0.0, 1.0 
27.085929511747587, 29.15496939451878, 0.0, 1.6443946113715993, 2.7000000000000015 
60.258138798067236, 13.754232413848563, 0.0, 0.0, 1.0 
5.468191920754382, 18.67244631540709, 0.0, -0.3299622327271151, 2.7000000000000015 
10.34851393613838, 42.72092112430571, 0.0, 6.319807826653251, 2.7000000000000015 
13.476044153847702, 24.32094659117404, 0.0, -0.7156225978706747, 2.7000000000000015 
29.287974714628145, 28.44679611613507, 0.0, 1.8757012562436077, 2.7000000000000015 
31.779008992995717, 29.037064184109404, 0.0, 1.9348242536683609, 2.7000000000000015 
22.674976310844418, 18.976687304147575, 0.0, -0.7691181974295994, 2.7000000000000015 
27.89135927921927, 39.58040755325742, 0.0, 0.4347126680170231, 2.7000000000000015 
46.08136675372456, 29.536642153638084, 0.0, 0.0, 1.0 
2.167971636042449, 18.619847023821848, 0.0, 2.8041629301993347, 2.7000000000000015 
36.053308746044415, 22.764374589254324, 0.0, 2.371088576185956, 2.7000000000000015 
37.470673772643714, 30.51714436533702, 0.0, 2.7347328561863367, 2.5000000000000013 
16.980680266034202, 16.212694424729, 0.0, 5.6109664709916185, 2.7000000000000015 
40.74497756676483, 31.684992258725647, 0.0, 0.0, 1.0 
35.15518621989774, 38.521555311748564, 0.0, 1.092993223538005, 2.7000000000000015 
47.030118769187304, 6.802785010084149, 0.0, 1.0448578341969226, 2.7000000000000015 
59.587638557089555, 32.474128830521614, 0.0, 0.0, 1.0 
60.53401149484499, 17.928776874544432, 0.0, 0.0, 1.0 
37.09742779693771, 64.4595662736131, 0.0, -0.3777609511576939, 2.7000000000000015 
31.50693982937323, 32.4971391588543, 0.0, 1.4856702721092965, 2.7000000000000015 
57.91962337632164, 24.581929341881928, 0.0, 0.0, 1.0 
8.71239198739781, 37.28228547209333, 0.0, -0.34357301638312404, 2.7000000000000015 
37.04304008638479, 23.208492702406776, 0.0, 2.283591797125886, 2.7000000000000015 
38.57415412152116, 54.61433499383032, 0.0, 5.546851282947517, 2.7000000000000015 
41.0308122550356, 42.4945648562907, 0.0, 0.6173726906413495, 2.7000000000000015 
25.760417936276276, 15.102603630372823, 0.0, 0.0, 1.0 
57.40474797291562, 48.878771467146585, 0.0, 5.295275165011862, 2.7000000000000015 
40.32605280994609, 60.835656685157744, 0.0, 5.808792651472224, 2.5000000000000013 
41.4424062749494, 45.25609558903613, 0.0, 0.5633829133900857, 2.7000000000000015 
19.6380989857709, 41.36483905435804, 0.0, 0.8062185623127434, 2.7000000000000015 
58.56960287220566, 64.20948939789228, 0.0, 2.104561196408303, 2.7000000000000015 
44.86900540696855, 14.523242267240724, 0.0, 1.0810025958502234, 2.7000000000000015 
10.294626995825002, 35.54001180820818, 0.0, -0.5533453373431806, 2.7000000000000015 
39.377200216424036, 66.76460977900285, 0.0, 5.283924574568296, 2.7000000000000015 
52.423166864998194, 25.857091632774917, 0.0, 0.0, 1.0 
59.22562454546573, 27.884097214780613, 0.0, 0.0, 1.0 
42.18015167138398, 35.79469682391393, 0.0, 0.0, 1.0 
36.273486384529896, 51.79032450592846, 0.0, 0.0, 1.0 
51.508203529140054, 19.204684368643598, 0.0, 2.260440917106175, 2.7000000000000015 
41.59791028384347, 16.235455186451247, 0.0, 2.6453972815728077, 2.7000000000000015 
2.875714560297914, 37.41501246756086, 0.0, 6.385753747150558, 2.7000000000000015 
56.39940586687728, 21.192181048882205, 0.0, 0.0, 1.0 
51.70377320221355, 22.55476920739236, 0.0, 2.446419919603226, 2.5000000000000013 
20.45776850608479, 23.581744600586585, 0.0, 0.0, 1.0 
42.31645023800305, 59.02350328137403, 0.0, 5.533401902557677, 1.7000000000000006 
59.25170369438302, 23.014273875439898, 0.0, 0.0, 1.0 
26.517975846711874, 20.035096215883755, 0.0, 0.0, 1.0 
16.56548875598693, 28.974730065145256, 0.0, -0.08064658830120075, 2.7000000000000015 
52.1466804795636, 17.216650454499142, 0.0, 2.249987706470296, 2.7000000000000015 
27.76451235570321, 26.233009529809088, 0.0, 1.7801319731214593, 2.7000000000000015 
20.748163637926943, 21.743284514655997, 0.0, 0.0, 1.0 
2.0540806518126815, 30.6271989680259, 0.0, -0.28357638801438795, 2.7000000000000015 
13.27373701669329, 47.99201920775591, 0.0, 2.582603392166136, 2.7000000000000015 
23.26308190843696, 30.814817957802102, 0.0, 0.0, 1.0 
65.44106271072476, 40.90427740120414, 0.0, 5.301290049129967, 2.7000000000000015 
44.032686307671064, 45.215244924988426, 0.0, 0.18641664293382126, 2.7000000000000015 
28.374990266120278, 36.987650166202386, 0.0, 1.0168666954741505, 2.7000000000000015 
54.43440972025258, 2.228949462433595, 0.0, 1.8857079377981432, 2.5000000000000013 
31.787917366522482, 15.910626315964427, 0.0, 4.975950516457049, 1.9000000000000008 
19.96154882511789, 15.430125931121369, 0.0, 0.21558762417755611, 2.7000000000000015 
6.205275540381725, 2.8495583839796588, 0.0, 2.517607380622672, 2.100000000000001 
39.74863103741274, 43.3487684476576, 0.0, 1.2345590637347261, 2.7000000000000015 
33.728833774231575, 58.5819434351631, 0.0, -0.4722838657732837, 2.7000000000000015 
52.57323445647326, 59.675226767506345, 0.0, 0.0, 1.0 
3.1828657196255032, 32.174429216035435, 0.0, 0.0, 1.0 
36.25845057655976, 3.384169351719841, 0.0, 5.29238993706259, 2.7000000000000015 
59.902352810489226, 47.69794307916423, 0.0, 0.32496019474994964, 2.7000000000000015 
9.91032476052225, 34.356026332438326, 0.0, 5.921807308983375, 2.7000000000000015 
43.886777455708355, 29.475706472021578, 0.0, 0.0, 1.0 
9.346898581692516, 62.41336439935047, 0.0, -1.1204457329436834, 2.7000000000000015 
64.64418777442425, 26.66931488939542, 0.0, 5.014021547433549, 1.1 
31.67384950283322, 0.7863929034141461, 0.0, -0.5752676867484793, 2.7000000000000015 
8.44195656049381, 13.048645900860826, 0.0, 2.0604067687774914, 2.7000000000000015 
3.8981762036282825, 29.37943515426021, 0.0, 0.0, 1.0 
32.28683318640454, 41.32127103261057, 0.0, 0.9262111040444234, 2.6000000000000014 
5.357086489166064, 22.580118865409496, 0.0, 0.6359116204108131, 2.7000000000000015 
30.25935473840538, 64.73763221683501, 0.0, 5.8534217397583745, 2.7000000000000015 
50.234221795850715, 14.55796903134826, 0.0, 1.4393675892431792, 2.7000000000000015 
26.082108341664103, 27.00898170509671, 0.0, 0.0, 1.0 
61.17310031013287, 43.67287971442847, 0.0, 5.326166048053627, 2.7000000000000015 
65.77997163500031, 4.178400693620868, 0.0, 4.822281650908852, 2.7000000000000015 
33.332410298779436, 18.170996089443964, 0.0, 2.641083332676298, 2.7000000000000015 
50.718616606009476, 52.77707073197699, 0.0, 5.186599370114369, 2.7000000000000015 
13.858912556627773, 39.780236612141046, 0.0, -0.10775792585134907, 2.7000000000000015 
45.86857067518462, 61.30169556878576, 0.0, 6.780305264624552, 2.6000000000000014 
41.128810374079464, 22.58675312976551, 0.0, 2.640836714790254, 2.7000000000000015 
22.271740327938776, 55.23479343387139, 0.0, 5.499769930002032, 2.7000000000000015 
52.667366825373186, 51.740554179347754, 0.0, 5.369958559544605, 2.7000000000000015 
63.011393438293354, 36.12758066609783, 0.0, -0.6622407314199892, 2.7000000000000015 
0.15897354263558802, 65.92974118528019, 0.0, 5.587880226010048, 2.7000000000000015 
7.8072864906424835, 3.518802607192888, 0.0, 2.5395728527957737, 1.6000000000000005 
44.13086036388324, 56.633089199993826, 0.0, 5.2326533489196185, 2.7000000000000015 
59.83014738542916, 29.606654302633313, 0.0, 0.0, 1.0 
60.60646725081525, 11.919630794561924, 0.0, 5.963694360821708, 2.7000000000000015 
25.21227220373768, 22.303180736773403, 0.0, 8.554743470709257, 2.7000000000000015 
40.19698658881842, 1.1603210954444614, 0.0, -1.4367366970582762, 2.7000000000000015 
29.87213768007496, 37.918791690758766, 0.0, 0.9665576615911954, 2.7000000000000015 
37.358855651874705, 41.83423263620696, 0.0, 1.3124943621389251, 2.7000000000000015 
62.3713578687726, 62.02722606602794, 0.0, 2.208626960167412, 2.7000000000000015 
53.17715193577422, 42.0126490484122, 0.0, 0.24591316171038843, 2.7000000000000015 
15.315100781647628, 34.90501452821272, 0.0, 0.0, 1.0 
7.823716603220448, 58.92762837971375, 0.0, 5.028610280544219, 2.7000000000000015 
50.23484369700407, 38.666836049368186, 0.0, 0.1527236000314794, 2.5000000000000013 
52.92296009334348, 34.44518844481935, 0.0, 0.0, 1.0 
17.933265221977695, 27.968147344685725, 0.0, 0.0, 1.0 
19.07712880952519, 60.25794014361614, 0.0, 5.442284064206109, 2.7000000000000015 
22.907090076372498, 5.496337895840906, 0.0, 4.870271706317861, 2.7000000000000015 
37.98774521603319, 66.9630657882091, 0.0, 5.298859462515178, 2.7000000000000015 
17.295204446652676, 24.09671150051568, 0.0, 0.0, 1.0 
62.637876099267544, 65.39227072573672, 0.0, 2.86367900773992, 2.7000000000000015 
63.89289849522734, 62.136638178489456, 0.0, 2.398022332381955, 2.7000000000000015 
51.11466051803935, 12.67099608644825, 0.0, 1.7019505981015473, 2.7000000000000015 
40.65920069378525, 23.96923662515634, 0.0, 2.6548409738577594, 2.7000000000000015 
20.67852139718123, 32.98161887801351, 0.0, 5.430034804373287, 2.7000000000000015 
66.12549353205667, 42.38112177925204, 0.0, -0.5662440291370557, 2.7000000000000015 
34.09695837894285, 23.530070223382715, 0.0, 2.308617593165162, 2.7000000000000015 
15.80004903597562, 25.49837487602392, 0.0, 0.0, 1.0 
36.02731765216045, 21.381222831556826, 0.0, 2.5078423939503187, 2.7000000000000015 
2.057948617492688, 28.56093302260494, 0.0, 0.0, 1.0 
34.922986151095294, 26.466006938123314, 0.0, 2.362284657861717, 2.7000000000000015 
50.63810273560398, 65.79538151600822, 0.0, 2.337973647681551, 2.7000000000000015 
9.901554673269576, 23.512712755340065, 0.0, 6.083687368861135, 2.7000000000000015 
9.133257342015355, 30.977874042387455, 0.0, 0.28245450287598595, 2.7000000000000015 
38.86149810258613, 47.773149588026, 0.0, 0.22470185907089238, 2.7000000000000015 
22.40076950229272, 35.211485300098786, 0.0, 6.378803105053004, 2.200000000000001 
64.59994008310677, 38.19484036130766, 0.0, 5.469194497011849, 2.7000000000000015 
54.94905737901023, 66.13924840287766, 0.0, 1.4469781770289958, 2.7000000000000015 
12.622587162078242, 62.288323479531236, 0.0, 2.6126730174290156, 2.7000000000000015 
27.063475442756488, 21.792789994217646, 0.0, 2.0734908551207036, 1.8000000000000007 
49.02079507879921, 53.79751155729049, 0.0, 5.252100035679096, 2.4000000000000012 
48.85813817314497, 19.38843931044159, 0.0, 1.6845963898104157, 2.5000000000000013 
31.162625969360036, 20.52386991197112, 0.0, 2.131396788232089, 2.7000000000000015 
53.782365781950304, 0.2074632840459683, 0.0, 1.637972620475232, 2.200000000000001 
19.574132998407162, 16.530801921354794, 0.0, 0.030227784010041815, 2.7000000000000015 
43.56527870371764, 37.23568906661768, 0.0, 0.0, 1.0 
64.103981460921, 44.86253490951811, 0.0, -0.9597279962050005, 2.7000000000000015 
12.171161757786459, 60.05225681236874, 0.0, 5.073181091409025, 2.7000000000000015 
26.275313274981695, 55.15111718134681, 0.0, 1.2030708195524096, 2.7000000000000015 
50.35720618506606, 10.384472483867375, 0.0, 0.0, 1.0 
32.89840682975416, 21.773471219064238, 0.0, 2.112658889505961, 2.7000000000000015 
5.835659103822398, 29.9970199011617, 0.0, 0.0, 1.0 
55.38061003769969, 6.5620748016180945, 0.0, 2.3172791376967554, 2.7000000000000015 
18.91141555847549, 22.818545290668357, 0.0, 0.0, 1.0 
14.736740790365975, 32.12711277433376, 0.0, -0.4895099349232205, 2.7000000000000015 
44.00496982415992, 9.378119682800245, 0.0, 1.2728605962106405, 2.4000000000000012 
27.171427863193053, 62.229751471273474, 0.0, 1.2587210274520872, 2.7000000000000015 
47.59057996102284, 65.90644827624638, 0.0, 0.0, 1.0 
27.02686719084997, 5.025577528181842, 0.0, 5.665782012748726, 2.7000000000000015 
42.66497192495614, 42.33051560692426, 0.0, 0.9045865399082845, 2.7000000000000015 
47.276979714258175, 46.36034353178485, 0.0, 5.741799956886988, 2.7000000000000015 
38.831958266015455, 24.056869202293196, 0.0, 2.5726031649010177, 2.7000000000000015 
46.93171796121044, 42.479379502197105, 0.0, 0.061628866815245986, 2.7000000000000015 
24.5803913310575, 51.4250618977935, 0.0, 0.7953262545065676, 2.7000000000000015 
60.55140894967334, 31.190923819122773, 0.0, 0.0, 1.0 
52.926571937626264, 14.623386580345372, 0.0, 2.0487399609283843, 2.7000000000000015 
52.135958217848746, 63.443217359246276, 0.0, 2.530638073666617, 2.7000000000000015 
39.05678021801075, 44.3919371309783, 0.0, 0.9238738290972072, 2.7000000000000015 
35.657853199608944, 54.996398480134744, 0.0, 0.33194120292206836, 2.7000000000000015 
46.09065879235151, 54.12644577231549, 0.0, -0.7911039119121817, 2.7000000000000015 
18.880930597051353, 24.807551444004023, 0.0, 0.0, 1.0 
27.21010231573285, 44.63605410643316, 0.0, 0.0, 1.0 
11.233983790347185, 36.445782649727064, 0.0, -1.155186691994216, 2.7000000000000015 
34.437961346525555, 62.95276504946335, 0.0, -0.47774161368049356, 2.7000000000000015 
3.3455594025781688, 39.537147327403225, 0.0, 5.913611321385989, 2.7000000000000015 
58.85699913575978, 5.958507382064138, 0.0, 2.2174573270001297, 2.7000000000000015 
0.5340099254541059, 13.19128391340784, 0.0, 2.8756905447009253, 2.7000000000000015 
19.92872963036402, 43.894540323116495, 0.0, 1.0388048049806557, 2.7000000000000015 
47.88224007182279, 53.51661289546312, 0.0, 5.356346345106464, 2.7000000000000015 
2.1094710760893753, 45.90174579494016, 0.0, 3.5635122795013388, 2.7000000000000015 
54.578668735718004, 5.643491406354108, 0.0, 8.597821075573794, 2.7000000000000015 
66.04351461101655, 36.00951622958792, 0.0, 5.578201149371817, 2.5000000000000013 
45.45016973155359, 4.206552221970265, 0.0, 7.739553539750682, 2.7000000000000015 
29.930752572765535, 35.8602704988337, 0.0, 1.134010895653556, 2.7000000000000015 
29.9272220222553, 15.695365262396587, 0.0, 0.0, 1.0 
38.105129865986754, 29.190596830711847, 0.0, 2.839683484569151, 2.4000000000000012 
29.329252910376695, 13.75408338024448, 0.0, 0.0, 1.0 
47.03258742739316, 38.43521890932642, 0.0, 0.20661559177239547, 2.300000000000001 
4.522606754684375, 42.9122653256598, 0.0, 5.7727558507252725, 2.7000000000000015 
60.467468808140474, 40.802961573185144, 0.0, -0.9078244650893302, 2.7000000000000015 
59.31445372078193, 45.16024248312817, 0.0, -1.0902368470710466, 2.7000000000000015 
65.15010427863069, 39.379869904187395, 0.0, 5.421080243017218, 2.7000000000000015 
21.300429174888762, 8.916297165467544, 0.0, 3.9686819382379497, 2.7000000000000015 
43.69582405657343, 47.01352368182861, 0.0, -0.07339777084755704, 2.7000000000000015 
34.82335891821572, 0.5787246642032926, 0.0, -0.813819874691937, 2.7000000000000015 
33.56825892699698, 61.098042901366696, 0.0, -0.4136394061111453, 2.7000000000000015 
66.89306459683324, 5.250919902684089, 0.0, 4.897950494312841, 2.7000000000000015 
6.8127463942947015, 34.55284386054489, 0.0, 6.66659513060804, 2.7000000000000015 
58.08306028987517, 41.362680478344856, 0.0, -0.47962890027713256, 2.7000000000000015 
42.55406437134924, 19.015477269058106, 0.0, 1.7179621413611024, 2.7000000000000015 
36.4603424511066, 59.451456312628835, 0.0, -0.6876498075622836, 2.6000000000000014 
44.42095724893388, 5.524550126804821, 0.0, 1.2890882974474187, 2.100000000000001 
15.491096991751906, 38.30709325753885, 0.0, 0.0, 1.0 
47.799421055279815, 40.00959922659313, 0.0, 0.4220323872203285, 2.4000000000000012 
38.293873849016016, 59.55201574646784, 0.0, 5.653603673151557, 2.000000000000001 
62.87930656184859, 21.242814877527334, 0.0, 0.0, 1.0 
18.92488401973174, 48.09117378710362, 0.0, 3.7256427961286005, 2.7000000000000015 
13.286634898637159, 17.363042030165104, 0.0, -0.10816663077113804, 2.7000000000000015 
7.287725200761606, 19.06503541629785, 0.0, 5.462245221940212, 2.7000000000000015 
33.39294056280053, 28.652801458627916, 0.0, 2.2739992389662858, 2.7000000000000015 
56.084478411179646, 13.13728577043909, 0.0, 2.119499378407001, 2.7000000000000015 
35.458600758850885, 14.482927353812586, 0.0, 4.78475427367584, 1.7000000000000006 
32.85853299533064, 64.65973397760108, 0.0, -0.3049285320265626, 2.7000000000000015 
51.48537674006384, 33.03196419549608, 0.0, 0.0, 1.0 
17.931796807846954, 41.36058279052123, 0.0, 6.824439493043319, 2.7000000000000015 
46.87465809234441, 50.4193906932484, 0.0, -0.19427185724275958, 2.7000000000000015 
27.030133493996956, 36.253542628589976, 0.0, 0.8875032335852787, 2.7000000000000015 
55.25601287634279, 41.6690177438711, 0.0, 6.457402397947223, 2.5000000000000013 
32.556650504516945, 40.159170139454915, 0.0, 0.7046798795685945, 2.7000000000000015 
21.88277996674436, 28.00918589209631, 0.0, 0.0, 1.0 
1.5047597092273761, 41.34216555004868, 0.0, 0.0, 1.0 
39.99311273786309, 63.58873622800845, 0.0, 5.695528108289666, 2.7000000000000015 
52.82086909243754, 44.34481353662207, 0.0, -0.49530368912728384, 2.7000000000000015 
54.58233763901006, 33.515482324578315, 0.0, 0.0, 1.0 
62.286568419485754, 31.21667786821816, 0.0, 0.0, 1.0 
49.979811821452515, 28.879100796910038, 0.0, 0.0, 1.0 
20.82889533077223, 46.1971049057816, 0.0, 0.0, 1.0 
64.87172776762749, 19.761683924893326, 0.0, 2.7794527207014923, 2.7000000000000015 
28.56233511184351, 2.002155995006924, 0.0, -0.2494985234491846, 2.7000000000000015 
47.36127789047849, 19.32124187533575, 0.0, 2.170595061612316, 2.7000000000000015 
58.37169167762591, 21.303330768398556, 0.0, 0.0, 1.0 
41.07081709971465, 7.379072593080105, 0.0, 6.007893841488937, 2.7000000000000015 
58.93601534136423, 1.8160377003919024, 0.0, 2.9381682840910757, 2.7000000000000015 
52.60110522783252, 40.81692180289816, 0.0, 0.05031649442128553, 2.7000000000000015 
19.040742746760515, 26.662120319246, 0.0, 0.0, 1.0 
3.895609892495837, 25.368893191354037, 0.0, 6.080661124183851, 2.7000000000000015 
47.70277435496844, 4.90320739454255, 0.0, 1.6496096885611786, 2.7000000000000015 
40.85641883765964, 24.910976392193017, 0.0, 9.251334721253354, 2.7000000000000015 
51.19675624093742, 35.069952236492114, 0.0, 0.0, 1.0 
38.29901475780208, 35.77872588669868, 0.0, 0.0, 1.0 
38.8520424804782, 31.6630037921706, 0.0, 0.0, 1.0 
47.176042439603926, 56.1290447683163, 0.0, 5.1495443829943905, 2.7000000000000015 
30.26756681400049, 31.553286011015192, 0.0, 1.5693510929104857, 2.7000000000000015 
11.947486756625384, 22.405962870214893, 0.0, -0.04085769582414458, 2.7000000000000015 
66.31072866925743, 31.941927864930282, 0.0, -0.2421621972694274, 2.6000000000000014 
64.12620840714506, 6.1954143889972935, 0.0, 5.23019817708295, 2.7000000000000015 
24.65641385191317, 17.602753237875998, 0.0, -1.0470715437614277, 2.7000000000000015 
28.327273660895, 42.186749463883814, 0.0, 0.5910684271493082, 2.7000000000000015 
42.00245379696648, 61.06175513003584, 0.0, 5.342321299262773, 2.7000000000000015 
48.384816365807986, 25.576161792377533, 0.0, 2.7142543794413316, 2.7000000000000015 
44.395263450587116, 47.83068997369859, 0.0, 5.731541479614157, 2.7000000000000015 
23.870072155404344, 9.478775761162474, 0.0, 3.5038448787923113, 2.7000000000000015 
63.60896374744821, 43.61505636266728, 0.0, 5.3866412615966155, 2.7000000000000015 
30.126805299680445, 49.07333389466814, 0.0, 4.2013081764848845, 1.1 
56.57602685966254, 10.122432592315638, 0.0, 2.6660477814392634, 2.5000000000000013 
36.90044565709249, 24.70468999802885, 0.0, 2.3864552431403685, 2.5000000000000013 
40.29630002120106, 59.21409618201862, 0.0, -0.7491160247556656, 2.6000000000000014 
32.54052008309148, 53.57026043671662, 0.0, 0.9303572843032085, 2.7000000000000015 
37.39513963224613, 17.348085349578295, 0.0, 8.46366820768206, 2.7000000000000015 
42.757693569514615, 66.08131599248034, 0.0, 4.918598223518588, 2.7000000000000015 
41.16757100539172, 17.76813327428679, 0.0, 2.6364962504456697, 2.7000000000000015 
8.945656103411613, 38.58930268179545, 0.0, 5.7860422508428835, 2.7000000000000015 
34.59887600568175, 33.48476037068423, 0.0, 2.204696939108606, 2.000000000000001 
41.06455581989604, 19.719119575929245, 0.0, 2.0765372551750487, 2.6000000000000014 
40.902130568105584, 57.198624432829845, 0.0, -0.8761551981236871, 2.4000000000000012 
33.36021861986073, 19.594753331073854, 0.0, 2.5101006531239816, 2.7000000000000015 
32.922355671552154, 13.810664095503448, 0.0, 4.137633098667831, 1.2000000000000002 
35.58373192249106, 36.355075281052294, 0.0, 0.0, 1.0 
60.74849267074613, 42.30331437728865, 0.0, -0.9324176434572443, 2.4000000000000012 
32.502203046508015, 43.28243205967205, 0.0, 0.7885646837990878, 2.7000000000000015 
37.015277800427654, 48.24972128496431, 0.0, 6.637281805707203, 2.5000000000000013 
6.0254867940629175, 49.82658876509441, 0.0, 3.4145058974238225, 2.7000000000000015 
18.894592047577603, 18.546294756218934, 0.0, -0.15179603209586578, 2.7000000000000015 
45.18042848997597, 39.43344709243, 0.0, 0.0, 1.0 
21.645511461537588, 38.890791915233024, 0.0, 0.0, 1.0 
32.78061678549638, 37.016048909406024, 0.0, 0.6614868588026026, 2.6000000000000014 
43.209504579508376, 39.102341085827156, 0.0, 0.0, 1.0 
10.602383841592076, 1.8974546114956858, 0.0, 2.719158001785867, 2.7000000000000015 
6.287533199475589, 38.998362246743596, 0.0, -0.4480662199108167, 2.7000000000000015 
45.75026972104191, 51.496681190412524, 0.0, -0.07243809377380052, 2.7000000000000015 
22.20088596110795, 11.522059563913754, 0.0, 4.259175312711606, 2.100000000000001 
18.85542597116425, 45.34900683560623, 0.0, 0.0, 1.0 
37.61433484259964, 44.20809941553678, 0.0, 0.8736878728210593, 2.7000000000000015 
22.79571933300516, 48.66802841339123, 0.0, 1.8256235400262122, 2.7000000000000015 
34.077618163829, 5.913579617929134, 0.0, 5.591406452946991, 2.7000000000000015 
54.370009715487676, 47.596541146564235, 0.0, -0.7642624140313313, 2.7000000000000015 
36.00152821665607, 56.64432135511967, 0.0, 0.0, 1.0 
20.54727045840472, 25.27951266946305, 0.0, 0.0, 1.0 
0.23391138491188898, 40.172447276600835, 0.0, -0.9242977322564554, 2.7000000000000015 
43.58488575494604, 31.395770113669677, 0.0, 0.0, 1.0 
32.311234588281465, 35.81510593761816, 0.0, 0.8089352473135311, 2.7000000000000015 
57.980948416454915, 12.049097615551592, 0.0, 2.1348487064628743, 2.7000000000000015 
29.524655994301362, 11.262311645892003, 0.0, 2.642334229407135, 1.2000000000000002 
26.727894737887564, 46.51729304172912, 0.0, 0.0, 1.0 
65.72791060215073, 8.317630825612348, 0.0, 4.927337117049004, 2.7000000000000015 
33.7411642773678, 4.487286092950744, 0.0, 5.718245899548963, 2.7000000000000015 
0.5688407849281922, 43.71257942240856, 0.0, 4.804632890625479, 2.5000000000000013 
34.527200233721175, 40.80559014753464, 0.0, 0.8353593286240468, 2.7000000000000015 
47.83009156746456, 34.21042763800208, 0.0, 0.0, 1.0 
60.02643104818974, 16.037940513357658, 0.0, 0.028294489949499253, 1.3000000000000003 
56.47661902771695, 7.241299386171156, 0.0, 8.754592659863402, 2.7000000000000015 
17.732577762789237, 22.011579109331937, 0.0, -0.8154228901304963, 2.7000000000000015 
49.527940743360844, 49.216589430153384, 0.0, -0.22817163778900235, 2.7000000000000015 
48.78206710665839, 0.1505191424368359, 0.0, 1.841625246165016, 2.7000000000000015 
47.54036186118538, 61.036478895485445, 0.0, 7.124150796925085, 2.7000000000000015 
42.174607841183786, 2.0821098582804862, 0.0, 5.3007340982487845, 2.7000000000000015 
55.3410340753852, 42.84608514294251, 0.0, -0.15643136105242422, 2.300000000000001 
32.52778562374575, 1.6654451555201208, 0.0, -0.7059698928965404, 2.7000000000000015 
2.629178564790516, 5.0048267963454665, 0.0, 1.2204148039477885, 2.7000000000000015 
66.30224347738891, 14.517473810497444, 0.0, 3.2198123137968846, 2.5000000000000013 
0.6058789341268126, 23.464685683786616, 0.0, 5.247674976243601, 2.5000000000000013 
33.74761515394871, 25.198339782628487, 0.0, 2.268135559933096, 2.7000000000000015 
46.57834189314452, 44.43697122755247, 0.0, -0.16352182252821096, 2.5000000000000013 
57.92002992918159, 63.082528429069015, 0.0, 2.3306081347620586, 2.7000000000000015 
66.55267644459838, 17.179666046375566, 0.0, 1.637066166426536, 2.7000000000000015 
8.39448500226179, 53.21448107297413, 0.0, 3.67341080118808, 2.7000000000000015 
53.800749295548485, 29.304536959679048, 0.0, 0.0, 1.0 
19.525180998586855, 39.23041074046239, 0.0, 3.451982182661362, 1.1 
22.52802126430172, 20.73169669172909, 0.0, 0.0, 1.0 
33.89851914249403, 31.29171029190889, 0.0, 2.2249973838755412, 2.7000000000000015 
3.3609258488342535, 47.79243814044157, 0.0, 3.687371443139729, 2.7000000000000015 
33.44740951971831, 3.081490117352392, 0.0, -0.825909296112138, 2.7000000000000015 
38.5881629721662, 50.131710876975575, 0.0, 0.8716631772314367, 2.7000000000000015 
44.5882729565, 33.14619689531308, 0.0, 0.0, 1.0 
40.79859026234852, 28.012124644617938, 0.0, 2.960897667871827, 2.6000000000000014 
37.148573193865516, 15.254559845149767, 0.0, 4.701179570105709, 1.1 
45.47794084012983, 20.34079947480062, 0.0, 2.3371471473344165, 2.7000000000000015 
63.263998503888814, 11.376551265039787, 0.0, 5.523995730186025, 2.7000000000000015 
21.753547550521887, 18.32046283014171, 0.0, -0.5030458507286631, 2.7000000000000015 
0.43993851226626335, 29.689655996665525, 0.0, -0.020869979130284308, 2.7000000000000015 
37.522235063498826, 46.36541412583576, 0.0, 0.4836808992443847, 2.7000000000000015 
38.1242180131218, 26.901718842495402, 0.0, 9.18267760136244, 2.7000000000000015 
7.734348308885586, 40.29289856358931, 0.0, 6.451909129609601, 2.7000000000000015 
23.791675518724556, 43.656195947758874, 0.0, 0.0, 1.0 
52.60401745903697, 11.488469880595426, 0.0, 1.929547293227667, 2.4000000000000012 
39.947139761873494, 4.437981435132034, 0.0, 5.463013083120338, 2.5000000000000013 
23.08769330092796, 40.70724243731952, 0.0, 0.0, 1.0 
31.53818127661147, 21.94491856509386, 0.0, 2.1863207886460123, 2.6000000000000014 
52.34021633762059, 4.087271669536393, 0.0, 0.0, 1.0 
44.580741800964695, 25.16926454837077, 0.0, 2.6982850717286406, 2.7000000000000015 
53.77623814589995, 17.035539819889788, 0.0, 2.205080577418417, 2.6000000000000014 
31.55273486105758, 48.19526760886019, 0.0, 0.627185673334434, 2.7000000000000015 
62.89045909243372, 47.95500519101921, 0.0, 5.818805269813784, 2.7000000000000015 
30.566236893741902, 41.27991015382367, 0.0, 0.6007054409269685, 2.7000000000000015 
58.51249130519397, 31.195064346815215, 0.0, 0.0, 1.0 
14.596228248622346, 20.80449478589582, 0.0, -0.6506450019475583, 2.7000000000000015 
41.45466360840161, 0.5177427298471386, 0.0, 4.929966263179594, 2.6000000000000014 
46.195129736505734, 16.905925334839015, 0.0, 1.8466981602486325, 2.7000000000000015 
14.238179080658963, 26.351426342952273, 0.0, 0.0, 1.0 
12.586722226462637, 33.824681503596715, 0.0, 5.8275879776333674, 2.7000000000000015 
47.2239835891295, 30.85149748181543, 0.0, 0.0, 1.0 
24.573374837425558, 20.50894901798459, 0.0, 0.0, 1.0 
34.575703833243836, 66.33254829093954, 0.0, 5.645785678187897, 2.7000000000000015 
40.26084710047123, 35.47240437738938, 0.0, 0.7679953653821994, 2.5000000000000013 
48.993309786940785, 2.8417217730017987, 0.0, 1.7670194473641685, 2.7000000000000015 
18.053665185715086, 66.23682669907346, 0.0, 4.8632547497674885, 2.7000000000000015 
65.34739783571354, 17.155502917448544, 0.0, 1.437657867278046, 2.7000000000000015 
5.923380100865029, 51.76588890388281, 0.0, 3.1192048835732025, 2.7000000000000015 
52.50886022548889, 50.062897806969914, 0.0, -0.961197090564716, 2.7000000000000015 
52.86183620412247, 38.51627943128722, 0.0, 0.3452325659113426, 2.6000000000000014 
60.54054915088029, 37.998758623029225, 0.0, -0.5909463286593265, 2.7000000000000015 
36.88124960091011, 34.829993991641324, 0.0, 0.0, 1.0 
54.34852796736207, 51.28402851387302, 0.0, -1.2139900560796975, 2.7000000000000015 
5.875167810323634, 35.656864659390955, 0.0, 6.235466569367903, 2.7000000000000015 
48.15931282585395, 22.262332804564615, 0.0, 2.3131129755257738, 2.7000000000000015 
55.81381743022977, 29.32962111603915, 0.0, 0.0, 1.0 
13.131845417656763, 41.20439480960058, 0.0, 5.952631871647291, 2.7000000000000015 
44.74242972877921, 53.6953167102236, 0.0, 5.840486317674667, 2.7000000000000015 
28.006515889604668, 16.404091582045456, 0.0, 0.0, 1.0 
49.630292946767305, 60.581272891323124, 0.0, 3.264664889267692, 2.6000000000000014 
50.017754381252004, 19.70607040348762, 0.0, 2.1147255074316744, 2.7000000000000015 
33.6299691979482, 7.582008799372579, 0.0, 5.6063602219693065, 2.7000000000000015 
27.498514591240305, 54.651944135986945, 0.0, 1.3153232422203276, 2.7000000000000015 
31.042595406168196, 5.383546450759989, 0.0, 5.746861780519166, 2.7000000000000015 
42.95412694302759, 26.725257406970677, 0.0, 2.824120498198473, 2.6000000000000014 
39.88619972982978, 11.436732070695218, 0.0, 2.184822744368781, 1.6000000000000005 
33.613977123152445, 9.690042910616345, 0.0, 5.122856741299292, 2.000000000000001 
43.22820984524382, 63.49893544920491, 0.0, -0.22918814748648733, 2.7000000000000015 
0.29708533262741776, 38.15800313920212, 0.0, -0.9120045746178652, 2.7000000000000015 
33.51392313220865, 50.044935955761694, 0.0, 0.34363295305925823, 2.7000000000000015 
19.94181515224993, 32.20430527505007, 0.0, -0.4779552588942819, 2.7000000000000015 
17.937019808457716, 8.846714957260312, 0.0, 4.145236826908161, 2.7000000000000015 
48.706840392377856, 11.192892766423906, 0.0, 1.9523032905379167, 2.7000000000000015 
28.010655261782563, 28.254776608327397, 0.0, 1.8252398234373075, 2.7000000000000015 
31.522165986826266, 46.586133575437955, 0.0, 0.8000228916623967, 2.7000000000000015 
41.20081873286691, 34.07648619379452, 0.0, 0.0, 1.0 
22.547478407423664, 15.957745030862968, 0.0, -0.36803955286703666, 1.8000000000000007 
39.04482537183359, 22.730187734325163, 0.0, 2.5807763414575677, 2.7000000000000015 
49.94748945680603, 21.60372868722286, 0.0, 2.339426275564864, 2.7000000000000015 
44.895179922667324, 17.30145240899693, 0.0, 1.8048510279990804, 2.7000000000000015 
35.65195533925777, 2.311619152213319, 0.0, 5.57758881323447, 2.7000000000000015 
9.360520350181417, 33.01156170083364, 0.0, 6.408052967047549, 2.6000000000000014 
27.29365635500471, 24.479824355854138, 0.0, 1.6353342275239389, 2.7000000000000015 
32.44291946464338, 62.80295450430516, 0.0, -0.4915109466206967, 2.7000000000000015 
39.73934204777228, 16.05428609962622, 0.0, 8.718228057340797, 2.7000000000000015 
19.536636338357084, 29.185259467353728, 0.0, 6.144232289263133, 2.7000000000000015 
27.47644321678888, 37.98466192233281, 0.0, 0.8333705612361538, 2.7000000000000015 
66.89759601107022, 1.6062122143658364, 0.0, 4.855853573355046, 2.7000000000000015 
33.14360868595195, 65.91951120619194, 0.0, -0.5002446028034717, 2.7000000000000015 
44.995717566666876, 19.438422311220016, 0.0, 2.212649075847087, 2.7000000000000015 
7.120130763932366, 7.108643756270838, 0.0, 4.016818461492637, 2.7000000000000015 
33.95178700394332, 43.40573651248003, 0.0, 0.7657231206746182, 2.7000000000000015 
49.19498503343225, 44.592412872083145, 0.0, 6.004211688530543, 2.7000000000000015 
12.171246929151996, 30.733995178036302, 0.0, -0.0558418732829112, 2.7000000000000015 
58.77817635252364, 65.96161228046975, 0.0, 2.4453126740970905, 1.8000000000000007 
61.438871950208465, 34.97024222675145, 0.0, -0.6358976508447711, 2.7000000000000015 
40.083176379683735, 27.149674158060776, 0.0, 2.906389940508648, 2.7000000000000015 
37.656876474121916, 28.150113485349628, 0.0, 9.251406086633063, 2.7000000000000015 
31.03189757734667, 38.2505852834663, 0.0, 1.079458887463104, 2.7000000000000015 
43.807304464465666, 16.733076733536603, 0.0, 1.843799567827315, 2.7000000000000015 
52.71241197684163, 36.465659538092794, 0.0, 0.0, 1.0 
60.45648357383699, 58.667409655955524, 0.0, 1.8066106257570183, 2.7000000000000015 
33.12801391831593, 30.83724104884829, 0.0, 2.1520445999264184, 2.300000000000001 
38.79422471279854, 18.045125474608366, 0.0, 2.6290122083136116, 2.7000000000000015 
57.45922572775893, 19.470365661363463, 0.0, 0.0, 1.0 
48.97406690354264, 55.81139850148541, 0.0, 5.403469444840913, 2.7000000000000015 
47.005570026451224, 48.90841084599482, 0.0, 0.0, 1.0 
33.60696191792749, 45.41918406946752, 0.0, 0.8165635520572383, 2.6000000000000014 
42.29161379705691, 54.230909866726684, 0.0, -0.5196646958673843, 2.7000000000000015 
26.08751826954399, 30.948807945359786, 0.0, 1.4723671024317113, 1.6000000000000005 
39.79644697426111, 33.30642472701932, 0.0, 0.0, 1.0 
42.047989757569624, 48.03774680753545, 0.0, 0.059532045315850594, 2.7000000000000015 
34.67400917815291, 47.740500547922835, 0.0, 7.073561567307492, 2.7000000000000015 
46.24686170837111, 43.46867624991418, 0.0, -0.026864750745451676, 2.7000000000000015 
15.309635380062446, 33.03655844679224, 0.0, -0.6827642837655485, 2.7000000000000015 
31.06491076757302, 24.018438392620595, 0.0, 2.1590067223543645, 2.000000000000001 
7.124821490845114, 26.998483659135157, 0.0, 0.0, 1.0 
1.0135138474544754, 2.8964699066727992, 0.0, 4.685486972672796, 2.7000000000000015 
57.18024646778271, 27.743038891365636, 0.0, 0.0, 1.0 
14.390222223692138, 36.86486413745681, 0.0, 0.0, 1.0 
35.102026556220025, 45.31914509223752, 0.0, 0.6311360779418131, 2.7000000000000015 
15.254724044573003, 24.088234689358345, 0.0, 5.545765763690161, 2.7000000000000015 
12.103944368568177, 52.20339349092228, 0.0, 3.0534351630700387, 2.7000000000000015 
64.12184965747537, 17.749024028485277, 0.0, 1.0025443709832027, 2.7000000000000015 
27.802094042448875, 40.578345077741375, 0.0, 6.674522604261771, 2.7000000000000015 
8.676480676838985, 5.657854555686028, 0.0, 3.802186592815427, 2.7000000000000015 
42.58416651547469, 9.214140640552307, 0.0, 7.747801732497249, 2.7000000000000015 
30.05284617156205, 42.138037231905216, 0.0, 0.5646849784546513, 2.7000000000000015 
34.10653327069857, 16.24550792229165, 0.0, 0.02162914241646471, 1.2000000000000002 
4.8344316877693165, 24.128930792817897, 0.0, 0.010116889519573985, 2.7000000000000015 
47.65850497747849, 23.84382760759566, 0.0, 2.6305052313976973, 2.7000000000000015 
47.38293872792676, 9.494632574230348, 0.0, 1.3144065845820048, 2.7000000000000015 
58.24443717137533, 14.163689522848081, 0.0, 0.0, 1.0 
15.931930359780651, 27.501955171212472, 0.0, 0.0, 1.0 
22.23454050595825, 26.127915357779994, 0.0, 0.0, 1.0 
28.113342480473513, 49.331829725824875, 0.0, 2.108597361274507, 1.8000000000000007 
43.72300624438633, 24.498218949971147, 0.0, 2.6819347558347255, 2.7000000000000015 
49.835376946649916, 39.86553196132213, 0.0, 0.4203544599928436, 2.7000000000000015 
12.359377349171364, 32.673431510189104, 0.0, -0.44757661218074074, 2.7000000000000015 
10.786729271605743, 53.47553480108788, 0.0, 3.651743126642381, 2.7000000000000015 
43.509518010676516, 11.616227764656525, 0.0, 0.0, 1.0 
38.428690446593855, 53.192821647056746, 0.0, -0.6871182524005606, 2.7000000000000015 
41.64247105287667, 21.27351991587714, 0.0, 2.8026085779807737, 2.7000000000000015 
41.806949416472435, 39.98766408734966, 0.0, 0.8879892890899332, 1.7000000000000006 
8.874162657629535, 27.593991858103337, 0.0, 0.0, 1.0 
56.53126418604121, 17.77753117391525, 0.0, 0.0, 1.0 
34.37310877334448, 29.18549511488525, 0.0, 2.5602242242219426, 2.4000000000000012 
42.82377857640382, 3.96848743704077, 0.0, 1.567947391603503, 1.3000000000000003 
32.67425875706273, 46.1953019983176, 0.0, 0.9422861407928027, 2.7000000000000015 
55.7646326380466, 36.90245343693642, 0.0, -0.06487411298974163, 2.7000000000000015 
62.621349000223574, 26.53037237377744, 0.0, 0.0, 1.0 
37.63697827958528, 5.38177223613443, 0.0, 5.228862640509439, 2.200000000000001 
13.582494174602353, 53.3770890671286, 0.0, 9.485395992311222, 2.7000000000000015 
10.596297668816726, 20.17573354574864, 0.0, 5.930651020747454, 2.7000000000000015 
61.48079911433529, 45.25860576091885, 0.0, -1.0001714280418443, 2.7000000000000015 
25.128463363773115, 28.407224739374396, 0.0, 1.2812138104316584, 2.5000000000000013 
11.956109796966867, 21.077326064223918, 0.0, -0.19419213329682877, 2.7000000000000015 
58.09006254467001, 42.64005105488784, 0.0, -0.5233983179862087, 2.7000000000000015 
22.195179695090822, 42.4303861504915, 0.0, 0.0, 1.0 
30.675792483959103, 50.9681784136116, 0.0, 0.28684525953488405, 2.7000000000000015 
55.73420619340202, 1.4657035655697928, 0.0, 1.798370294512521, 2.7000000000000015 
36.32188606961228, 39.10568199693457, 0.0, 1.263573760775765, 2.7000000000000015 
53.068174404912796, 27.547987080421933, 0.0, 0.0, 1.0 
2.5389264186498366, 21.00140997117044, 0.0, 0.6982060873510895, 2.7000000000000015 
47.10873234444833, 17.765509577259277, 0.0, 2.17523948296988, 2.7000000000000015 
37.531376491315434, 57.315415363498154, 0.0, 5.541762524275456, 2.7000000000000015 
37.73306306720939, 62.71912005389551, 0.0, 5.597300579415827, 2.6000000000000014 
47.5104876853918, 14.299790781150843, 0.0, 1.9378827370301546, 2.7000000000000015 
20.514701519132963, 36.39175964144107, 0.0, -0.5649595340503465, 2.5000000000000013 
16.72451781672232, 46.34306217989928, 0.0, 3.2342858480522882, 2.7000000000000015 
22.785115514057043, 34.29152097450872, 0.0, 6.789524627170377, 2.4000000000000012 
30.24413737695355, 33.72481778871525, 0.0, 1.3232141419997596, 2.7000000000000015 
24.096569907666282, 16.250812728689336, 0.0, -1.0515613430692246, 2.7000000000000015 
62.04852266717968, 60.57600933514495, 0.0, 2.1838719450934825, 2.7000000000000015 
39.250053393055055, 25.886974293046034, 0.0, 2.9280911047610956, 2.5000000000000013 
55.219473150455016, 22.862853251327564, 0.0, 0.0, 1.0 
21.885790810045933, 30.69506083168695, 0.0, 5.724193796317423, 2.7000000000000015 
54.66167548255625, 38.08251514404906, 0.0, 0.32874034509352923, 2.7000000000000015 
44.560241221220984, 64.46566913937974, 0.0, 6.140804692209698, 2.6000000000000014 
60.114185890292454, 61.47217379499955, 0.0, 2.064137446402303, 2.7000000000000015 
51.825289554533754, 9.568365930534245, 0.0, 1.612483551934686, 2.7000000000000015 
48.25844029831336, 15.384061637376597, 0.0, 2.317880430472758, 2.7000000000000015 
17.0494661253109, 19.946141078425054, 0.0, -0.5329397928438655, 2.7000000000000015 
29.04932306242857, 35.90996281147851, 0.0, 1.0542629181557457, 2.7000000000000015 
49.0859425087129, 24.23270162565942, 0.0, 2.7634718626019206, 2.7000000000000015 
29.59245887177198, 0.5311212846265438, 0.0, -0.29405998083514473, 2.7000000000000015 
7.810623156486067, 33.73050208848259, 0.0, 6.413247443848182, 2.7000000000000015 
61.424931006953564, 22.998182287488554, 0.0, 0.0, 1.0 
43.819591219388165, 59.49924774562889, 0.0, -1.405000358381675, 2.7000000000000015 
54.70584866239708, 17.73614321699513, 0.0, 2.2451593843200266, 2.7000000000000015 
42.98209034276034, 33.93595072966824, 0.0, 0.0, 1.0 
57.8541764997575, 29.375175745701778, 0.0, 0.0, 1.0 
49.26033726487111, 35.56973926757067, 0.0, 0.0, 1.0 
41.55622879925188, 65.20745829640519, 0.0, 5.50039400958542, 2.7000000000000015 
45.83926459393897, 56.15520787292613, 0.0, -0.963234142618288, 2.7000000000000015 
20.750970643105187, 26.885912383946387, 0.0, 0.0, 1.0 
61.46368224385449, 19.75308234248897, 0.0, 0.0, 1.0 
44.22290461624775, 52.629781863117614, 0.0, -0.1407446084434323, 2.7000000000000015 
47.293889752782434, 36.1560099743899, 0.0, 0.0, 1.0 
63.686727409398785, 63.76572592086455, 0.0, 2.715163607085636, 2.7000000000000015 
5.652628110245811, 37.999717873231994, 0.0, 5.956260598015231, 2.7000000000000015 
55.434866095495664, 19.407510621170577, 0.0, 0.0, 1.0 
28.79784760433874, 25.04290538084299, 0.0, 1.7856193443061041, 2.7000000000000015 
41.6222147811099, 13.776826126179953, 0.0, 7.7854269304331325, 2.7000000000000015 
37.68451404872757, 25.507209904845908, 0.0, 2.7423158731717847, 2.7000000000000015 
12.652639755692197, 4.733078914020151, 0.0, 4.854076551829922, 2.7000000000000015 
50.188368576021794, 45.30947350800812, 0.0, 5.838109630993197, 2.7000000000000015 
49.7733383597177, 33.57362035559875, 0.0, 0.0, 1.0 
2.0780116248303484, 14.86081132183438, 0.0, 5.679244934872482, 2.7000000000000015 
37.214905695354986, 31.828802780717666, 0.0, 0.0, 1.0 
27.44805541282769, 14.422725531384293, 0.0, 0.0, 1.0 
63.28226479631074, 28.272875508227383, 0.0, 0.0, 1.0 
44.15241949394836, 35.29664485099467, 0.0, 0.0, 1.0 
19.226037812947723, 4.161739443542712, 0.0, 5.183305361792067, 2.7000000000000015 
28.6821905197515, 47.05501242328389, 0.0, 0.0, 1.0 
43.27255135778817, 55.19954824728929, 0.0, 5.974329152547749, 2.7000000000000015 
46.403726423053286, 23.1890075300531, 0.0, 2.248383285192512, 2.7000000000000015 
36.09070604001576, 26.78651269312521, 0.0, 2.7472250233913216, 2.7000000000000015 
47.03845690134781, 27.711844877008083, 0.0, 0.0, 1.0 
31.202411429352377, 3.822460280480725, 0.0, -0.6295371160257855, 2.7000000000000015 
65.2495362766235, 28.655093973153935, 0.0, 0.0, 1.0 
21.362948710439134, 17.33332171273645, 0.0, -0.20798617755943297, 2.7000000000000015 
22.594432395172273, 33.0491633391742, 0.0, 0.8066675518303599, 2.6000000000000014 
60.22721925183535, 39.456235211600486, 0.0, -0.7431932839805686, 2.7000000000000015 
65.2280032489454, 24.6650079379083, 0.0, 6.053791100134593, 1.6000000000000005 
40.06793293456846, 55.73477453361532, 0.0, 6.144483033118799, 2.5000000000000013 
48.700544696272, 5.8746135883182, 0.0, 1.9232985896047792, 2.7000000000000015 
57.907844844185334, 33.190501161770065, 0.0, 0.0, 1.0 
31.000894190133547, 36.12394406263701, 0.0, 1.1077421936781269, 2.7000000000000015 
44.113952201777245, 2.2616049812524257, 0.0, 1.5750591357926176, 1.1 
14.29057700944103, 29.85504890364718, 0.0, 0.003833566105034353, 2.7000000000000015 
41.60056797083662, 37.78800170658974, 0.0, 0.0, 1.0 
6.045663798789724, 32.71224052272874, 0.0, -0.08294486928177136, 2.7000000000000015 
45.13550289836954, 12.006833944471058, 0.0, 1.5017812991800457, 2.7000000000000015 
18.03686264331366, 14.237360064627337, 0.0, 5.78170362300783, 2.7000000000000015 
60.39747578766732, 36.7252834905662, 0.0, -0.4234880921205122, 2.7000000000000015 
61.83696884486543, 14.995070445776808, 0.0, 0.0, 1.0 
57.45063412774545, 46.74930385792971, 0.0, 5.193760796549429, 2.7000000000000015 
36.09420999184872, 5.2816663555798655, 0.0, 5.415182836102872, 2.7000000000000015 
36.371789482113435, 49.38119620712904, 0.0, 0.21028282002054105, 2.7000000000000015 
19.25800243871583, 57.4532773366925, 0.0, 1.7772472024836254, 2.7000000000000015 
