position_x,position_y,position_z,orientation,aspect_ratio
3.331244241156463, 79.1521191517925, 0.0, 0.8983841383591251, 2.7000000000000015 
20.46644104057051, 47.082210116010245, 0.0, 0.8987984839012542, 2.7000000000000015 
51.62414680140619, 27.064995452581243, 0.0, 1.28900593222878, 2.7000000000000015 
21.703580973344174, 40.925814543519664, 0.0, 1.4791139434807985, 2.7000000000000015 
22.587489717651053, 20.87005557881109, 0.0, 1.6611246820629153, 2.7000000000000015 
38.20634990551658, 40.2810830589651, 0.0, 1.4281061505656385, 2.7000000000000015 
85.43076258416232, 32.91643150762295, 0.0, 1.346847054118617, 2.7000000000000015 
16.181126419431532, 81.79829120991491, 0.0, 1.3435785009876524, 2.7000000000000015 
65.12072146090614, 12.861551154848412, 0.0, 1.4635163746221744, 2.7000000000000015 
18.680934594146333, 45.67447550767227, 0.0, 0.9702747954467571, 2.6000000000000014 
28.087395318576387, 38.05712337930996, 0.0, 2.198255987782113, 1.7000000000000006 
45.642882253621345, 1.9278395582152792, 0.0, 1.6658848783793159, 2.7000000000000015 
29.972171130749636, 10.30312976558726, 0.0, 8.230817339868196, 2.7000000000000015 
78.39722875334711, 9.996098525840642, 0.0, 7.422618454889647, 2.7000000000000015 
63.006956588250816, 26.19239716109007, 0.0, 0.31127284103757963, 2.7000000000000015 
83.12071607090455, 38.12977477551747, 0.0, 1.548012803053145, 2.7000000000000015 
29.206602114077988, 45.28771844673431, 0.0, 1.8532489923886128, 2.7000000000000015 
22.957782986999693, 43.69379790216652, 0.0, 7.837046079353355, 2.7000000000000015 
24.712209398982026, 77.54150045895129, 0.0, 1.7621451693246315, 2.7000000000000015 
20.691731727156128, 27.62375936954754, 0.0, 7.393883599005601, 2.6000000000000014 
12.875696407454006, 54.985470046824844, 0.0, 1.1086708127496272, 2.7000000000000015 
27.333857765539282, 70.66559138425107, 0.0, 2.16074701128344, 2.7000000000000015 
73.43780636602429, 45.979439455392026, 0.0, 7.1039327987796606, 2.7000000000000015 
25.39407473734931, 49.664478481403044, 0.0, 7.194562321466564, 2.7000000000000015 
29.1645377532102, 70.37369450330621, 0.0, 1.8364772211144662, 2.7000000000000015 
42.81338003097518, 69.18289237171972, 0.0, 7.282315797566243, 2.7000000000000015 
75.60047932968904, 60.980015626830905, 0.0, 7.8730279110671795, 2.7000000000000015 
74.28724055300434, 51.83373813491683, 0.0, 1.5455620081161037, 2.7000000000000015 
20.349081927666898, 87.62805072848548, 0.0, 7.329236382555365, 2.7000000000000015 
71.56495390095603, 35.1307577099901, 0.0, 7.464939928611761, 2.7000000000000015 
54.27252212012852, 68.17356137206629, 0.0, 0.45207740360415777, 2.7000000000000015 
15.450226546926816, 47.56781473161282, 0.0, 7.022365386715828, 2.7000000000000015 
76.22672213315796, 6.712178147740008, 0.0, 1.4018876079792482, 2.7000000000000015 
18.21809733698832, 24.46874773371978, 0.0, 2.471455471756644, 2.7000000000000015 
16.12396420476123, 87.32973079873251, 0.0, 7.370363164706053, 2.7000000000000015 
39.44585182042604, 39.21273393491375, 0.0, 8.092983627559343, 2.7000000000000015 
56.223667726165566, 0.33333431805486596, 0.0, 7.716363296453844, 2.7000000000000015 
43.158648281612614, 74.1933135367226, 0.0, 1.1046034922906554, 2.7000000000000015 
47.1573974621375, 70.17012043831814, 0.0, 0.5956400767799451, 2.7000000000000015 
78.53479835445854, 56.686525638970394, 0.0, 1.972762652537724, 2.7000000000000015 
27.89023590556701, 17.41091922556348, 0.0, 2.272504131083253, 2.7000000000000015 
16.952006789290973, 79.88219813904554, 0.0, 1.449715129972519, 2.7000000000000015 
82.83747548843637, 47.65383884184687, 0.0, 1.846082176671507, 2.7000000000000015 
39.54754563011526, 52.05163249292564, 0.0, 7.210594138056316, 2.7000000000000015 
71.45797615114371, 28.952438271635472, 0.0, 7.230248209658662, 2.7000000000000015 
13.1365597883376, 47.57873727429258, 0.0, 6.993429333667944, 2.7000000000000015 
57.10896255857564, 14.731404404241772, 0.0, 1.1984377370317032, 2.7000000000000015 
79.00540277186049, 34.66347989242683, 0.0, 8.133564418206833, 2.7000000000000015 
73.35795547771244, 43.241675983086246, 0.0, 1.4793037675895928, 2.7000000000000015 
38.20307193919463, 11.091395622443136, 0.0, 1.9752390512162852, 2.7000000000000015 
81.29160627699156, 28.013598658656875, 0.0, 1.087127132737891, 2.7000000000000015 
25.473986428561673, 44.72411015953716, 0.0, 7.851410702183923, 2.7000000000000015 
32.03186468567951, 13.298426125629016, 0.0, 1.8909923277127842, 2.7000000000000015 
40.54614483937998, 54.35324398682343, 0.0, 0.5571597136684997, 2.7000000000000015 
56.11410061362321, 11.43494258616064, 0.0, 1.3350909780875873, 2.7000000000000015 
14.557965800252802, 29.645418301122252, 0.0, 0.0, 1.0 
29.419571831832737, 12.978179826482485, 0.0, 8.503154119803922, 2.7000000000000015 
17.23374590900338, 53.878016074213, 0.0, 6.913168138315138, 2.7000000000000015 
21.440518327123517, 50.27074753298498, 0.0, 0.6430261940571158, 2.7000000000000015 
35.04865654515507, 3.337144817206966, 0.0, 1.3439052777286489, 2.7000000000000015 
29.166522548891226, 33.084175366523446, 0.0, 8.648866612211062, 2.7000000000000015 
17.175903335911116, 16.266511033318082, 0.0, 1.6470677548423946, 2.7000000000000015 
24.403051888264837, 49.59706709483812, 0.0, 0.7924873018862025, 2.7000000000000015 
21.530489972637998, 30.792115846914008, 0.0, 1.451222671422379, 2.7000000000000015 
17.117538295719953, 73.35089967948416, 0.0, 2.144037332043489, 2.7000000000000015 
14.481346762360086, 25.674054685539716, 0.0, 2.749270897707487, 2.7000000000000015 
29.17557731565271, 2.825562963553233, 0.0, 1.5409693396777262, 2.7000000000000015 
23.606726015773763, 42.08126033493547, 0.0, 1.5465067791715146, 2.7000000000000015 
45.697065483113555, 52.737611025037346, 0.0, 1.288768359030294, 2.7000000000000015 
39.729589479059385, 8.437792742245662, 0.0, 1.76873490925127, 2.7000000000000015 
30.157780476219028, 7.592921625522094, 0.0, 8.167970799038887, 2.7000000000000015 
79.5441245092395, 24.987472143754278, 0.0, 0.701080767212586, 2.7000000000000015 
44.30834122945319, 55.07740351092476, 0.0, 13.536813694332036, 2.7000000000000015 
42.72619189253825, 56.14391628256699, 0.0, 6.885598314442778, 2.7000000000000015 
30.695033477086096, 28.143262931637757, 0.0, 2.4526277245328547, 2.7000000000000015 
31.346477206657806, 10.264851861461018, 0.0, 2.0245832003781525, 2.7000000000000015 
75.54159224768213, 49.05578473052428, 0.0, 8.349435691209962, 2.7000000000000015 
48.03867411258546, 19.36947201716986, 0.0, 7.6279845712501295, 2.7000000000000015 
67.67950679710121, 33.018261324127614, 0.0, 7.038919769893139, 2.7000000000000015 
44.780380498105814, 33.21534644320406, 0.0, 1.6682605367235495, 2.7000000000000015 
10.709135300680396, 43.3224657130866, 0.0, 1.1554079249061853, 2.7000000000000015 
16.573374964327172, 1.3241225729835662, 0.0, 1.029043529549912, 2.7000000000000015 
24.32216851836442, 32.02598489725027, 0.0, 1.8208641370042535, 2.7000000000000015 
5.607094168539287, 83.20220878516123, 0.0, 8.290626452370494, 2.7000000000000015 
59.53898510501919, 44.488888334031955, 0.0, 7.843970120588922, 2.7000000000000015 
18.140956445041603, 21.629876784844626, 0.0, 1.4550784985680203, 2.7000000000000015 
52.649267068067715, 17.301589563362423, 0.0, 7.706900872506267, 2.7000000000000015 
24.383969414911693, 38.900360874854066, 0.0, 8.150149305455386, 2.7000000000000015 
74.87074332188958, 33.088060607641346, 0.0, 7.67932216375356, 2.7000000000000015 
49.092062022321706, 10.720544947058132, 0.0, 7.529815314490635, 2.7000000000000015 
13.502243270564835, 80.74643475409131, 0.0, 7.939403486948513, 2.7000000000000015 
53.49897688832693, 25.299526341162146, 0.0, 1.5223877258793057, 2.7000000000000015 
80.49064109591608, 51.949578770005076, 0.0, 1.9602404954034005, 2.7000000000000015 
8.958723716062998, 36.18722479617462, 0.0, 1.3231550005183594, 2.7000000000000015 
56.35052836865333, 20.55288860847967, 0.0, 0.8896564454805918, 2.7000000000000015 
10.270754987400942, 47.44868414834669, 0.0, 7.2705048300368675, 2.7000000000000015 
46.6285025638844, 19.018161773529386, 0.0, 1.1524542457114473, 2.7000000000000015 
42.54786556817396, 18.06320754858465, 0.0, 1.585248814780881, 2.7000000000000015 
53.95733436523707, 0.8173043428807389, 0.0, 1.511330922304345, 2.7000000000000015 
49.727228387755595, 40.72564973299689, 0.0, 0.0, 1.0 
23.994086910166608, 36.85183419849867, 0.0, 1.9381027155160642, 2.7000000000000015 
33.60494203311846, 30.67900519690321, 0.0, 2.0586743273293036, 2.7000000000000015 
33.90689115648796, 28.348689405095605, 0.0, 8.504285486424974, 2.7000000000000015 
15.361396841661232, 40.25493091645057, 0.0, 1.0994553647053824, 2.7000000000000015 
71.21757123262805, 32.39772804246327, 0.0, 7.373072386074658, 2.7000000000000015 
40.021744955427046, 51.16048614517723, 0.0, 7.170368823123474, 2.7000000000000015 
30.83836268523067, 12.801855276022613, 0.0, 2.09207699378332, 2.7000000000000015 
61.34471934715661, 13.474128036096218, 0.0, 1.2855459696591314, 2.7000000000000015 
46.488462168483935, 68.14343390707981, 0.0, 0.8619715338954567, 2.7000000000000015 
42.9987427484932, 0.7881291334363697, 0.0, 7.766677855510651, 2.7000000000000015 
35.76155363406951, 48.050935634894884, 0.0, 0.7283188785671018, 2.7000000000000015 
54.84028577744327, 15.197591760723757, 0.0, 1.0130766586404045, 2.7000000000000015 
17.635839820831567, 83.55559615227463, 0.0, 1.3453489037957367, 2.7000000000000015 
32.28088417361251, 53.14049769518645, 0.0, 0.0416938612657811, 2.7000000000000015 
48.38730385410806, 24.915509342676266, 0.0, 1.124002140830922, 2.7000000000000015 
75.90347257153202, 50.59915430275214, 0.0, 2.1212645003341435, 2.7000000000000015 
64.2683412934976, 27.770725955155733, 0.0, 6.608154895615814, 2.7000000000000015 
20.601203698743856, 1.1562271469912233, 0.0, 0.8823500989456181, 2.7000000000000015 
78.2311258752367, 51.25470190123894, 0.0, 1.9836041561638054, 2.7000000000000015 
20.315765619920576, 41.95128235129423, 0.0, 1.1932817639798696, 2.6000000000000014 
70.33112969472265, 16.5537110915741, 0.0, 1.1011411336804677, 2.7000000000000015 
76.72139062100537, 62.3302035480164, 0.0, 1.6782436329909518, 2.7000000000000015 
33.61502002813983, 18.263794818738788, 0.0, 1.8813240662531132, 2.7000000000000015 
18.085147847961004, 1.6365866108687324, 0.0, 7.38482928627808, 2.7000000000000015 
19.485648552018688, 1.7178117147151732, 0.0, 1.16677921693412, 2.7000000000000015 
24.29149956534904, 72.00964935877522, 0.0, 1.8139590322802996, 2.7000000000000015 
24.16134437978548, 59.25201836722647, 0.0, 0.14046991462870795, 2.7000000000000015 
58.52245651841321, 17.982545819264963, 0.0, 1.1515316362676014, 2.7000000000000015 
52.58136897517417, 62.46424499615054, 0.0, 7.47253726092604, 2.7000000000000015 
36.41147007510439, 4.343705994847117, 0.0, 1.606338279087093, 2.7000000000000015 
32.100795844331394, 31.172449356118804, 0.0, 8.293236964152403, 2.7000000000000015 
30.67301511819914, 49.74630091560663, 0.0, 0.42750151968805816, 2.000000000000001 
25.837431298409, 73.9393219003523, 0.0, 1.902726593861882, 2.7000000000000015 
28.920733901679306, 39.36995271462352, 0.0, 8.127896650840603, 2.7000000000000015 
36.78661839013021, 51.39811696404616, 0.0, 6.971009758496125, 2.7000000000000015 
24.512259105626224, 82.56486081713084, 0.0, 1.7975228776286625, 2.7000000000000015 
25.242457933380418, 87.187021147793, 0.0, 8.22290773429437, 2.7000000000000015 
23.110779123782297, 25.99983398923016, 0.0, 1.3362880996471493, 2.7000000000000015 
62.0190514230649, 5.005231665497139, 0.0, 1.692010339859504, 2.7000000000000015 
16.72204260449782, 43.086451441004535, 0.0, 1.0486378515148496, 2.7000000000000015 
24.729915087853335, 25.175131502283488, 0.0, 8.297700038086397, 2.7000000000000015 
40.38512218659832, 3.6558167990777375, 0.0, 1.6064328194705493, 2.7000000000000015 
41.21294741754899, 58.89804523286053, 0.0, -0.2092970623532551, 2.7000000000000015 
31.105486852806, 47.76384658739724, 0.0, 0.0, 1.0 
74.99530244527985, 3.9057536547694593, 0.0, 7.612364221632733, 2.7000000000000015 
23.980070391344103, 28.026642738293017, 0.0, 1.8665843006108602, 2.7000000000000015 
54.1008268112691, 5.692058886840883, 0.0, 1.349955245669705, 2.7000000000000015 
11.204438125816912, 68.36729566895161, 0.0, 1.1730622505748194, 2.7000000000000015 
34.446061752049474, 7.700486441229825, 0.0, 7.60581543045382, 2.7000000000000015 
20.478014308311202, 22.038681024782992, 0.0, 7.9328808538665205, 2.7000000000000015 
73.3715036233981, 10.252197005872215, 0.0, 7.643923958795485, 2.7000000000000015 
20.025872923249715, 39.027126513389604, 0.0, 7.658381041165775, 2.7000000000000015 
24.570705271778426, 44.607521810436964, 0.0, 1.7056341590800923, 2.7000000000000015 
10.410203783487622, 55.7725299077078, 0.0, 7.237563442382074, 2.7000000000000015 
35.85715701193483, 22.03409269568094, 0.0, 2.7084053333325855, 2.7000000000000015 
27.956602950292414, 20.496161170226422, 0.0, 2.3849027631491335, 2.7000000000000015 
79.94907744238239, 36.87879834631531, 0.0, 1.429912743629669, 2.7000000000000015 
51.41361511337935, 10.783891412965861, 0.0, 7.727999037757255, 2.7000000000000015 
38.077870165034625, 48.115099731002275, 0.0, 7.137327381610194, 2.6000000000000014 
52.13813663380765, 42.53004004275509, 0.0, 2.209924570948745, 2.7000000000000015 
28.36671895549598, 21.796028101321376, 0.0, 2.3432982050551754, 2.7000000000000015 
81.3725219869168, 8.91322520699293, 0.0, 7.796103926037298, 2.7000000000000015 
21.86538969735527, 38.85709486482983, 0.0, 7.66784000463617, 2.7000000000000015 
69.91027696138934, 34.21442022696794, 0.0, 1.0393210064749054, 2.7000000000000015 
28.499685019257026, 44.50390377141581, 0.0, 1.7344230566684915, 2.7000000000000015 
69.60636162217457, 32.09360184610647, 0.0, 0.9002751621241607, 2.7000000000000015 
18.764233348344348, 26.146860330995203, 0.0, 0.0, 1.0 
19.687690875226117, 56.12353964787511, 0.0, 0.6160086658519507, 2.7000000000000015 
39.60639893964018, 57.89865157056389, 0.0, 0.04851485333513495, 2.7000000000000015 
30.668449358614186, 39.75841701873623, 0.0, 2.1175709422315987, 2.7000000000000015 
62.25070864425166, 16.704218698521856, 0.0, 1.448358328592073, 2.7000000000000015 
28.13114245819526, 12.706298600619887, 0.0, 8.408700209306078, 2.7000000000000015 
22.938697394366923, 72.22036490980874, 0.0, 1.8300728411937166, 2.7000000000000015 
15.338489650670937, 9.000729100820774, 0.0, 2.4472917722586707, 2.7000000000000015 
17.759716407389345, 42.760600970055044, 0.0, 1.4835528990280638, 1.9000000000000008 
33.73899741077469, 12.699839065852034, 0.0, 2.259246103445631, 2.7000000000000015 
26.722986235981022, 1.42318622347243, 0.0, 1.795451247582029, 2.7000000000000015 
37.24256070451011, 55.20396983365123, 0.0, 0.11074944041142946, 2.7000000000000015 
30.464841614650123, 18.221014290126575, 0.0, -3.80255457636554, 2.7000000000000015 
61.1720878004429, 17.95390046487096, 0.0, 0.8088521115864299, 2.7000000000000015 
5.168901996750632, 61.55186709398979, 0.0, 7.617008253720351, 2.7000000000000015 
20.213065928747827, 48.39915887463324, 0.0, 7.212912087553811, 2.6000000000000014 
25.83091485717617, 4.231736139947274, 0.0, 1.438584712870707, 2.7000000000000015 
46.1817257974447, 13.907507806505071, 0.0, 7.449036857228792, 2.7000000000000015 
15.045090193050507, 41.82478691535491, 0.0, 0.9904344917722465, 2.7000000000000015 
38.98592787310279, 63.9602070030493, 0.0, 14.47416626963496, 2.7000000000000015 
57.498529823993536, 1.3141073133143952, 0.0, 8.070870381491684, 2.7000000000000015 
46.7526882860845, 30.857543657431155, 0.0, 1.8122157649683446, 2.7000000000000015 
21.482827235910666, 54.20069600724158, 0.0, 6.567196555834073, 2.7000000000000015 
75.8111129257647, 39.58953837431783, 0.0, 1.2060607077952257, 2.7000000000000015 
54.08728681429647, 22.160920533534068, 0.0, 7.987177918063419, 2.7000000000000015 
8.954139107926322, 85.37198951313867, 0.0, 1.9050417030287548, 2.7000000000000015 
47.91796983469064, 59.54300194609587, 0.0, 7.98816346101882, 2.7000000000000015 
47.04985155398615, 36.79534298090315, 0.0, 1.694601129127177, 2.7000000000000015 
27.02841077876313, 15.323067890564728, 0.0, 2.329100565573078, 2.7000000000000015 
76.65689069430911, 51.98552540000707, 0.0, 1.851129594312869, 2.7000000000000015 
66.00261483610213, 27.277966683713604, 0.0, 6.962165869975666, 2.7000000000000015 
20.805251073708213, 50.83009644666459, 0.0, 6.931090813595097, 2.7000000000000015 
16.69701208278417, 26.48491437207443, 0.0, 3.242349873647205, 1.1 
22.856040173703374, 40.32684273074358, 0.0, 7.751697219526868, 2.7000000000000015 
52.756942943506544, 22.383449056997975, 0.0, 1.6143332769487333, 2.7000000000000015 
83.94722702555374, 30.69478567050339, 0.0, 1.3058378950305143, 2.7000000000000015 
22.501722664309046, 6.408180380644642, 0.0, 0.9918659212824873, 2.7000000000000015 
30.407701252394656, 43.03291389925627, 0.0, 8.501221780401629, 2.7000000000000015 
65.30473973818742, 25.37826907099567, 0.0, 0.7439187978271253, 2.7000000000000015 
16.813002826480172, 19.23355848045438, 0.0, 1.2819485009550333, 2.7000000000000015 
31.765694667954403, 35.432463043890316, 0.0, 2.1431161195949864, 2.6000000000000014 
26.466031736594534, 29.982886277351607, 0.0, 8.72909646203714, 2.6000000000000014 
26.977609767881706, 25.669825904821753, 0.0, 8.57415271750087, 2.7000000000000015 
59.75033232108342, 12.368100085398918, 0.0, 1.3528143276368159, 2.7000000000000015 
49.752415625729064, 74.03375113275573, 0.0, 0.7911968451389549, 2.7000000000000015 
36.502820001775156, 57.17592803582728, 0.0, 0.11551878124085033, 2.7000000000000015 
39.89646820783094, 10.7564169875349, 0.0, 8.498368768699166, 2.7000000000000015 
76.62973293073092, 37.97198745335771, 0.0, 1.5164581777400403, 2.7000000000000015 
26.384070400949977, 46.3543700418608, 0.0, 1.44152586912988, 2.7000000000000015 
19.19701846998877, 79.55301032980861, 0.0, 7.756052792862585, 2.7000000000000015 
12.14873487293234, 81.04664927797185, 0.0, 1.6987914986727026, 2.7000000000000015 
39.29499095605389, 1.6391408310262485, 0.0, 1.4913616679576858, 2.7000000000000015 
28.732362884986095, 31.12535276030094, 0.0, 8.064376950253582, 2.7000000000000015 
82.71592867913651, 33.61596594696031, 0.0, 7.7606108239232, 2.7000000000000015 
81.94403270294023, 46.247607712561404, 0.0, 8.113993631295047, 2.7000000000000015 
52.04700417547043, 14.015234453972505, 0.0, 1.4930642468076816, 2.7000000000000015 
46.57595000004147, 9.720607410535136, 0.0, 1.4238829740553238, 2.7000000000000015 
64.15780873414626, 23.13677745059213, 0.0, 6.986443087730226, 2.7000000000000015 
26.120204155408256, 80.94339054205302, 0.0, 2.046524932476208, 2.7000000000000015 
47.7579992048094, 52.15419322938918, 0.0, 7.73807996353259, 2.7000000000000015 
31.477742666280292, 40.447266766187255, 0.0, 8.499305789480017, 2.7000000000000015 
42.820173646576535, 8.57964802971198, 0.0, 1.161705200488791, 2.7000000000000015 
64.12751358140221, 18.465569785704083, 0.0, 0.9728183016570502, 2.7000000000000015 
74.60176581823269, 27.920717108365277, 0.0, 1.1207754502583827, 2.7000000000000015 
43.46834396425479, 64.73333826918812, 0.0, 0.7091364543266039, 2.7000000000000015 
23.831786209589335, 11.754721507151315, 0.0, 8.397102479971705, 2.7000000000000015 
50.986008512533516, 59.304024510938994, 0.0, 1.401616844750076, 2.7000000000000015 
27.024744228785984, 40.663593868039975, 0.0, 1.7034173334549279, 2.4000000000000012 
7.930607464861805, 53.60695472575819, 0.0, 7.352826147015014, 2.7000000000000015 
25.05475828952713, 55.56637186663798, 0.0, 6.760329025767182, 2.7000000000000015 
73.66303763476586, 47.9838981619778, 0.0, 7.2763750129715135, 2.300000000000001 
35.496662884297024, 12.188536302396777, 0.0, 2.0702875241783656, 2.7000000000000015 
48.08912398971557, 11.70891263872971, 0.0, 7.5676258471955595, 2.7000000000000015 
37.71146643852329, 59.78258314672467, 0.0, 1.586669534459834, 2.7000000000000015 
85.62747070668881, 26.558259949328544, 0.0, 7.982542201085156, 2.7000000000000015 
62.65028915560416, 13.969467413714938, 0.0, 7.694697570443501, 2.7000000000000015 
31.29486583255999, 56.51108328096708, 0.0, -0.30997408905518875, 2.7000000000000015 
35.51172025767832, 55.98231619189934, 0.0, 0.05683117690674148, 2.7000000000000015 
62.935536768464516, 2.214659227051497, 0.0, 1.6128734562691536, 2.7000000000000015 
22.54418391194042, 45.52029096339695, 0.0, 1.4189490033615395, 2.7000000000000015 
21.301707415873206, 35.915836526946975, 0.0, 1.4449897340491853, 2.7000000000000015 
27.384279518989, 51.3646355138766, 0.0, 6.814836946328453, 2.7000000000000015 
36.38787865490366, 42.558349951112646, 0.0, 0.0, 1.0 
27.08285208453548, 54.59125873696241, 0.0, -0.09668244868753695, 2.7000000000000015 
40.59189237857397, 62.06824139417746, 0.0, 1.1636046890681697, 2.7000000000000015 
33.591820670104525, 32.66835588866452, 0.0, 8.475062911286416, 2.7000000000000015 
29.535832003095617, 51.80515013939336, 0.0, 0.5114125787753244, 2.7000000000000015 
49.34418222546186, 21.88249110469837, 0.0, 7.725282152419828, 2.7000000000000015 
20.107148677310075, 54.826417105302326, 0.0, 0.45843783498900953, 2.7000000000000015 
21.195374513891085, 7.147698162503602, 0.0, 0.5750708734625157, 2.7000000000000015 
15.31399539057135, 33.2560459416202, 0.0, 0.0, 1.0 
33.27801964105147, 47.37664372428373, 0.0, 0.47395886752554595, 2.7000000000000015 
1.6928099855415222, 85.67204136767792, 0.0, 8.172249181115776, 2.7000000000000015 
49.33172941971242, 38.181798767833456, 0.0, 1.7169161914260809, 2.7000000000000015 
83.4875989196962, 44.268606988701684, 0.0, 8.167235034470794, 2.7000000000000015 
28.92432079746863, 72.87796912893171, 0.0, 2.4468947287354395, 2.7000000000000015 
70.40730629893554, 29.687991817649262, 0.0, 0.9094504503543177, 2.7000000000000015 
76.72951310159719, 46.03085084841858, 0.0, 1.7219740337151241, 2.7000000000000015 
78.58586861431526, 30.403947585330986, 0.0, 7.49301220901945, 2.7000000000000015 
8.023636282787901, 84.06250663897443, 0.0, 8.0708540964386, 2.7000000000000015 
78.87320574538643, 37.94288240389969, 0.0, -4.864185558455928, 2.7000000000000015 
23.958233060733996, 1.8147252867068802, 0.0, 0.8525457839999317, 2.7000000000000015 
28.7940325722944, 74.53288613518441, 0.0, 2.517596264153639, 2.7000000000000015 
19.94680584766439, 83.19593849889212, 0.0, 1.1133131851908615, 2.7000000000000015 
66.66223449651072, 65.37939435485795, 0.0, 6.879778481849444, 2.7000000000000015 
38.64451196275289, 61.48127756164844, 0.0, 1.7535296253952826, 2.7000000000000015 
83.67700694443629, 55.67909837581929, 0.0, 7.812251139055937, 2.7000000000000015 
22.758363555052043, 49.12829364819332, 0.0, 7.2079756569968545, 2.7000000000000015 
66.65329717524908, 25.050506684555796, 0.0, 0.8645693703731128, 2.7000000000000015 
69.38069264561916, 35.66173511293014, 0.0, 0.9598066401651805, 2.7000000000000015 
45.86285907493959, 60.12689303588704, 0.0, 7.833941265068826, 2.7000000000000015 
66.40918833295201, 61.59206258496065, 0.0, 0.3710265293026617, 2.7000000000000015 
21.245903054223643, 16.649764403944626, 0.0, 1.9679963205785806, 2.7000000000000015 
45.341892759596846, 64.70611636522342, 0.0, 0.6857853789569118, 2.7000000000000015 
68.73067918626133, 78.79118178946995, 0.0, 0.9624807650067747, 2.7000000000000015 
76.94871640145584, 68.25228099421795, 0.0, 1.825594003180443, 2.7000000000000015 
67.7904788535697, 79.75997802748569, 0.0, 0.9472406077228797, 2.7000000000000015 
13.940962420484471, 37.66538435710448, 0.0, 7.068008205143782, 2.7000000000000015 
59.8586641852442, 6.894675273929518, 0.0, 1.5151916055977677, 2.7000000000000015 
43.989253245840075, 56.101968171673185, 0.0, 0.8323403799971563, 2.7000000000000015 
71.09119970455954, 21.55819835107785, 0.0, 7.2854752750532095, 2.7000000000000015 
64.17083156230383, 16.46812736759883, 0.0, 1.0951838010407744, 2.7000000000000015 
23.429380449786017, 69.06399579842343, 0.0, 1.881721761363172, 2.7000000000000015 
60.962203875044686, 41.43724699211929, 0.0, 1.4614551674886602, 2.7000000000000015 
74.11322646608694, 59.15251442436712, 0.0, 1.1713684543001441, 2.7000000000000015 
27.537620902711268, 68.17146925100191, 0.0, -4.414952547986778, 2.7000000000000015 
70.96261684276696, 19.302665126347836, 0.0, 1.0228841679846317, 2.7000000000000015 
18.439239269800996, 57.74164926588946, 0.0, 0.5242043198991431, 2.7000000000000015 
29.71493735355384, 53.76503596157807, 0.0, 0.04994932332636644, 2.7000000000000015 
28.676264196092696, 15.212134250931312, 0.0, 2.352678409089881, 2.7000000000000015 
39.35750538284307, 5.400983975210136, 0.0, 7.77333872087809, 2.7000000000000015 
44.78313575593971, 14.590846287134072, 0.0, 1.2811555091137479, 2.7000000000000015 
77.55386275829211, 35.79899352365348, 0.0, -4.9253850686197636, 2.7000000000000015 
15.84986070071908, 16.145662660491954, 0.0, 1.520900223841307, 2.7000000000000015 
21.567123800112032, 24.891255309511, 0.0, 1.058149915682005, 2.7000000000000015 
23.744778662868242, 46.81746330667515, 0.0, 1.3202265364395762, 2.7000000000000015 
20.943860842820012, 41.12429968694136, 0.0, 7.68103690340753, 2.7000000000000015 
40.88614514403474, 39.574092330918646, 0.0, 2.2308616558513243, 2.7000000000000015 
19.356454774423216, 35.97282034221801, 0.0, 1.300392228702233, 2.7000000000000015 
70.73891417060958, 25.232360081261, 0.0, 7.301343654508493, 2.7000000000000015 
14.393725718671543, 84.30514552358578, 0.0, 1.3697371565903278, 2.7000000000000015 
36.95894985381552, 67.63498897381034, 0.0, 1.5521485098688435, 2.7000000000000015 
44.99298982707048, 54.066776812958246, 0.0, 1.2292584877842154, 2.7000000000000015 
44.480401271857566, 61.96461729706407, 0.0, 1.915553009259863, 2.7000000000000015 
31.027002157072257, 46.10810277284695, 0.0, 8.302736568686946, 2.7000000000000015 
17.99546916790746, 77.9658063873499, 0.0, 7.9050172052226495, 2.7000000000000015 
50.085001546900045, 9.393511288292318, 0.0, 1.4412240718236147, 2.7000000000000015 
32.60819757031195, 17.324504141470165, 0.0, 1.969480087767021, 2.7000000000000015 
57.880280928643835, 23.33766609781902, 0.0, 0.9413251444550261, 2.7000000000000015 
72.88077135450342, 35.167822595294574, 0.0, 1.2966365711621595, 2.7000000000000015 
44.338394377916366, 11.60556476090828, 0.0, 1.161062111967179, 2.7000000000000015 
72.71214784865666, 22.04374288980033, 0.0, 7.500933047115128, 2.7000000000000015 
24.157712567342152, 58.077922701514865, 0.0, 6.408104155166636, 2.7000000000000015 
19.15376683864476, 4.641753396102063, 0.0, 1.12656556411389, 2.7000000000000015 
53.97858590441771, 42.41762745111468, 0.0, 2.4805094220881636, 2.7000000000000015 
68.88404817932667, 16.627343971737126, 0.0, 1.0091955095252214, 2.7000000000000015 
50.39999575436585, 20.446413498789763, 0.0, 1.5896585786446236, 2.7000000000000015 
29.39287285165442, 47.6099393959207, 0.0, 1.164797766028201, 2.7000000000000015 
17.678038728585296, 55.93151923586999, 0.0, 0.6292595256311172, 2.7000000000000015 
77.8979449478464, 44.5142119023695, 0.0, 7.846883101682855, 2.7000000000000015 
47.600213596236514, 8.436216920292123, 0.0, 7.732945692028619, 2.7000000000000015 
59.36901617304592, 14.50458810112049, 0.0, 7.492815945955374, 2.7000000000000015 
18.32893828875281, 6.198403979876808, 0.0, 0.6377160142587919, 2.7000000000000015 
62.99351004620844, 10.897854889932889, 0.0, 1.5637209440407536, 2.7000000000000015 
65.1192240883599, 30.843252232625826, 0.0, 0.6008769372719963, 2.7000000000000015 
28.841057529742873, 24.643712360827134, 0.0, 1.994169090393074, 2.7000000000000015 
14.454754295868042, 77.70612190432188, 0.0, 1.7570563929500724, 2.7000000000000015 
50.063235274980336, 46.19645339586453, 0.0, 8.194570927803593, 2.7000000000000015 
16.5528335964878, 31.371565156987216, 0.0, 0.0, 1.0 
17.093359209346882, 36.595983194883374, 0.0, 0.0, 1.0 
57.18070686375715, 86.93572537300177, 0.0, 1.573227742555851, 2.7000000000000015 
25.560072640619456, 0.9597254812901331, 0.0, 1.7680627498656933, 2.7000000000000015 
76.65380826494848, 65.40828388769637, 0.0, 1.9352621273866268, 2.7000000000000015 
47.18680238416403, 13.030193655952788, 0.0, 1.245159475663618, 2.7000000000000015 
67.11956178421568, 21.206761086863743, 0.0, 1.3929033352942093, 2.7000000000000015 
38.47044961757774, 7.980113310863215, 0.0, 1.6295350649736557, 2.7000000000000015 
14.682383378861568, 35.837636035663955, 0.0, 1.4415725742681424, 2.7000000000000015 
32.64953088884859, 43.6251999544842, 0.0, 2.3666021516613025, 2.6000000000000014 
51.77474764387828, 39.52950316715682, 0.0, 8.408197928008665, 2.7000000000000015 
23.558601817958554, 30.818894978737816, 0.0, 1.778723709917888, 2.7000000000000015 
61.32129666249832, 27.447387012017092, 0.0, 7.211773249605694, 2.7000000000000015 
66.98194175937013, 59.43582894701594, 0.0, 7.042385527644298, 2.7000000000000015 
18.33820215530403, 31.87892328419643, 0.0, 0.0, 1.0 
20.876486550400905, 11.359506133814023, 0.0, 7.80479142382626, 2.7000000000000015 
34.225764180734515, 35.495119936382906, 0.0, 2.3523118540404533, 2.7000000000000015 
12.548867498069963, 48.70951353806845, 0.0, 7.109712764889627, 2.7000000000000015 
16.559527961903697, 45.8400929732894, 0.0, 0.8833413219833296, 2.7000000000000015 
44.88799101008344, 48.46953932996501, 0.0, 0.40835366413230306, 2.7000000000000015 
24.562818917887554, 12.93835523935611, 0.0, 1.9858609586574425, 2.7000000000000015 
25.25241521951462, 32.1477913174392, 0.0, 2.124957185891731, 2.6000000000000014 
43.36383090239239, 44.26996430740781, 0.0, 0.9111532760688286, 2.7000000000000015 
16.060010683601128, 35.02820999994226, 0.0, 0.0, 1.0 
22.663478084588217, 67.6666147176088, 0.0, 1.9216669679594154, 2.7000000000000015 
67.13780568709299, 29.50887390820203, 0.0, 7.016832279856404, 2.7000000000000015 
56.30761707663273, 71.39835283196228, 0.0, 0.04143100217912148, 2.7000000000000015 
35.4680445150424, 9.866791695763796, 0.0, 1.935761495624273, 2.7000000000000015 
63.65411388594026, 7.8509581453647135, 0.0, 8.000891572804282, 2.7000000000000015 
22.356605436782555, 42.16759340141866, 0.0, 7.856697643097042, 2.7000000000000015 
42.824531254737444, 11.068441446125803, 0.0, 1.2481293055375113, 2.7000000000000015 
23.966223510713355, 20.080208732395985, 0.0, 1.9664251112559699, 2.7000000000000015 
33.776538611418516, 34.2625908835771, 0.0, 2.2664547444419547, 2.7000000000000015 
20.3025904053043, 35.10338685824628, 0.0, 1.5397071500261548, 2.7000000000000015 
46.55751255354945, 16.636435991552, 0.0, 7.370102047382215, 2.7000000000000015 
74.23146387283514, 37.61316026010537, 0.0, 7.647672633142902, 2.7000000000000015 
21.7619704567327, 85.59834530464244, 0.0, 7.397690165066713, 2.7000000000000015 
44.275338687074864, 50.77742416079244, 0.0, 1.4839538500152958, 2.7000000000000015 
37.86145947373282, 14.968075047566284, 0.0, 8.750319605598845, 2.7000000000000015 
47.41464048126035, 85.0761986336508, 0.0, 1.1336620992562374, 2.7000000000000015 
31.150698715879393, 68.48448135858646, 0.0, 2.2521688405824696, 2.7000000000000015 
30.384172339712414, 33.71018048101732, 0.0, 1.9274221168620542, 2.7000000000000015 
23.771125112552383, 44.554967061579646, 0.0, 1.6808057851795963, 2.7000000000000015 
35.61002391279473, 15.731145765732686, 0.0, 2.330342235491287, 2.7000000000000015 
81.37494432268767, 32.42612961856596, 0.0, 1.5413922488549987, 2.7000000000000015 
16.076749438545104, 46.740901539606895, 0.0, 7.06465010172324, 2.7000000000000015 
12.548807915481174, 10.708702458876756, 0.0, 9.163592542637032, 2.7000000000000015 
53.28318444033726, 70.24515883853333, 0.0, 0.40995325844031355, 2.7000000000000015 
35.65780746897801, 31.547019370985748, 0.0, 2.195447419983819, 2.7000000000000015 
67.1023348895417, 13.96586691142733, 0.0, 1.2398992145058076, 2.7000000000000015 
65.32592915248199, 15.99574925363131, 0.0, 1.1703325112935465, 2.7000000000000015 
62.24021874356311, 23.11111884109599, 0.0, 0.5765865214091146, 2.7000000000000015 
56.4505403086591, 6.406061948580371, 0.0, 7.696439460970004, 2.7000000000000015 
27.861800719652873, 40.65391163538235, 0.0, 1.7657654427923928, 2.7000000000000015 
66.95751004747666, 34.02012844844551, 0.0, 0.7431995275256111, 2.7000000000000015 
64.32548222292073, 62.29343082257267, 0.0, 6.937772574217008, 2.7000000000000015 
11.617893287511007, 35.36451852112107, 0.0, 6.876499082598518, 2.7000000000000015 
2.921259170603999, 86.18313467067574, 0.0, 8.350921911233977, 2.7000000000000015 
48.61082883761266, 66.36233430668047, 0.0, 7.217512631387591, 2.7000000000000015 
17.44737687817447, 4.027796029985798, 0.0, 0.9505750282015489, 2.7000000000000015 
23.023877686084152, 52.87990565275511, 0.0, 6.64888302337322, 2.7000000000000015 
33.76039363564359, 10.732186720225698, 0.0, 8.365484357302785, 2.7000000000000015 
85.95891040009201, 7.09931076846968, 0.0, 1.2804352958280654, 2.7000000000000015 
21.041596053629842, 76.09244099164474, 0.0, 7.686270796332453, 2.7000000000000015 
18.28326577842486, 81.37929224163922, 0.0, 1.4440433841375009, 2.7000000000000015 
21.185685448316534, 68.59274995361622, 0.0, 7.8387968191693735, 2.7000000000000015 
31.09883780696582, 16.108517572510113, 0.0, 2.2633971102424773, 2.7000000000000015 
32.62921997366228, 42.04726764762828, 0.0, 8.802076896502534, 2.7000000000000015 
82.54346050809235, 10.277532597175771, 0.0, 1.6572605010215762, 2.7000000000000015 
18.012802148869653, 29.97535258532185, 0.0, 0.0, 1.0 
63.56090135675478, 19.74570768626879, 0.0, 7.231027371294293, 2.7000000000000015 
22.33513277930205, 29.471110357435, 0.0, 7.562537276084228, 2.7000000000000015 
27.793954804596332, 55.504197688541716, 0.0, 6.202937775037107, 2.7000000000000015 
44.170376860887266, 66.88092634837656, 0.0, 0.8343659018049875, 2.7000000000000015 
13.491898627325034, 44.88485755691817, 0.0, 0.7458401960954504, 2.7000000000000015 
19.60750011018172, 30.632167095796646, 0.0, 1.296982527856763, 2.7000000000000015 
41.66497530995896, 48.274713946616096, 0.0, 1.3051203529290198, 2.7000000000000015 
21.386739487139693, 79.86017723571696, 0.0, 1.5063628605951473, 2.7000000000000015 
42.2468711510111, 2.935078195780032, 0.0, 1.3642170042843895, 2.7000000000000015 
86.86740176084, 58.43422554120839, 0.0, 1.3039737520929648, 2.7000000000000015 
43.108565115293516, 6.2324281924624545, 0.0, 1.3310825170526146, 2.7000000000000015 
69.06064951222648, 29.849856917342663, 0.0, 0.827980342678776, 2.7000000000000015 
26.320378438558624, 14.107802121124505, 0.0, 1.9682059528127378, 2.7000000000000015 
27.12211724969401, 46.64244666697449, 0.0, 1.4043805268768994, 2.7000000000000015 
16.871559658095343, 76.52571825110655, 0.0, 1.660720146119725, 2.7000000000000015 
54.932545402463155, 35.41443087470715, 0.0, 1.715771904717491, 2.7000000000000015 
34.26542978620741, 52.29154322793751, 0.0, 6.504996037388273, 2.6000000000000014 
80.11334305846489, 31.4302253880728, 0.0, 7.7445538311916495, 2.7000000000000015 
26.584224037832193, 75.30145024551365, 0.0, 2.2771660102882887, 2.7000000000000015 
36.000721886630465, 54.2539145701432, 0.0, -0.0779630981184147, 2.7000000000000015 
34.524352376219454, 46.193553900033166, 0.0, 0.0, 1.0 
23.53278994294247, 9.945346750847133, 0.0, 8.31488280013791, 2.7000000000000015 
54.51772045255669, 10.935593321627383, 0.0, 1.0499839199532157, 2.7000000000000015 
26.05153304952128, 47.89594910161501, 0.0, 1.3882308492165445, 2.5000000000000013 
62.970648226801266, 67.44034799247831, 0.0, 0.5315398270581474, 2.7000000000000015 
54.21232775599098, 84.0619221178505, 0.0, 1.28730744499388, 2.7000000000000015 
11.360096981642153, 54.807420385964825, 0.0, 1.0301536242146374, 2.7000000000000015 
16.95116408715003, 71.07952651318975, 0.0, 1.8532598587657627, 2.7000000000000015 
28.814964186115763, 67.78114146366916, 0.0, 1.742557680558219, 2.7000000000000015 
28.19781916934627, 48.92361952405234, 0.0, 0.9048802597792359, 2.7000000000000015 
42.62836037768178, 70.99246624428531, 0.0, 0.9390551682156996, 2.7000000000000015 
62.69676259543309, 20.68681352077582, 0.0, 0.9151732599012884, 2.7000000000000015 
20.429718851414094, 52.77014473006348, 0.0, 0.33466546695687227, 2.7000000000000015 
35.18039381771094, 53.29559080996416, 0.0, 0.07179527935932493, 2.7000000000000015 
13.475783998646229, 35.19425755462963, 0.0, 7.553549152571364, 2.7000000000000015 
38.77328889058785, 52.700727531783485, 0.0, 0.6440005466555642, 2.7000000000000015 
23.238663845918136, 83.652041295053, 0.0, 1.4012120866237299, 2.7000000000000015 
9.493853687227645, 77.58546305946032, 0.0, 0.7787337200034603, 2.7000000000000015 
61.355963220217106, 21.22220645347041, 0.0, 0.5679141867309986, 2.7000000000000015 
30.05497924383434, 36.39481993396143, 0.0, 2.042471315175815, 2.7000000000000015 
57.6375839600235, 13.109085062921213, 0.0, 1.2365990252762509, 2.7000000000000015 
25.505020929036917, 25.933085416284445, 0.0, 8.351727941064055, 2.7000000000000015 
19.013550355682135, 84.6183692254443, 0.0, 1.3962125021901917, 2.7000000000000015 
81.60140276190695, 43.73740623129593, 0.0, 1.7700300350266716, 2.7000000000000015 
30.231356327579025, 4.531446237346108, 0.0, 7.983681312699681, 2.7000000000000015 
12.118704378937073, 49.998141499052814, 0.0, 0.5890426051833284, 2.7000000000000015 
56.761801380781755, 16.90446453340595, 0.0, 1.144519587912724, 2.7000000000000015 
11.848445929598064, 29.312211045370695, 0.0, 1.7192820705950507, 2.7000000000000015 
35.22269956116757, 23.66015605832724, 0.0, 2.6472428176999627, 2.7000000000000015 
26.224152851981792, 8.497145746660467, 0.0, 1.7083549468904253, 2.7000000000000015 
75.51594509585472, 26.727128590883837, 0.0, 1.3242607700376248, 2.7000000000000015 
37.4096824077489, 44.31690872650796, 0.0, 0.0, 1.0 
68.93022276976102, 22.24371280875805, 0.0, 0.9046537851189574, 2.7000000000000015 
58.46346787387361, 21.908783270170243, 0.0, 1.0119273395679438, 2.7000000000000015 
38.707485888534286, 54.46711255742237, 0.0, 0.2811897357035645, 2.6000000000000014 
60.84806020624634, 15.484048596376118, 0.0, 1.24146585364657, 2.7000000000000015 
15.137472858108065, 53.93772163493246, 0.0, 0.46751089772884313, 2.7000000000000015 
16.634079491859055, 21.448398906474075, 0.0, 1.0249996546931357, 2.7000000000000015 
18.125447026756987, 18.25630214382914, 0.0, 7.938755185434359, 2.7000000000000015 
36.03824462662333, 32.95316918622802, 0.0, 8.612296175650762, 2.7000000000000015 
81.11765533074593, 38.66683253315288, 0.0, 1.6432109865783386, 2.7000000000000015 
37.78174234970897, 5.0480068484628156, 0.0, 7.687908414827495, 2.7000000000000015 
43.3784865540575, 14.322091143477921, 0.0, 7.60228544844547, 2.7000000000000015 
72.78342092280946, 26.642476320564366, 0.0, 7.299890196752529, 2.7000000000000015 
24.956845288616275, 16.94674149350205, 0.0, 8.223147789265026, 2.7000000000000015 
78.06385275448858, 33.02755720614766, 0.0, 1.6215282622569893, 2.7000000000000015 
35.851770035213654, 60.370027129878714, 0.0, 0.6237865268793832, 2.7000000000000015 
18.72564876095269, 43.87696468220197, 0.0, 1.3138737878526328, 2.5000000000000013 
23.84470464424164, 54.059532558691515, 0.0, 0.29524378851417127, 2.7000000000000015 
57.4506835132652, 4.647212395957202, 0.0, 1.4971250539890444, 2.7000000000000015 
86.95948600015751, 14.01498688517474, 0.0, 2.6279545397442607, 2.7000000000000015 
44.61797336808496, 59.246331387497456, 0.0, 8.236194108575301, 2.7000000000000015 
24.6165944575762, 66.0195155346214, 0.0, 1.7752387048821259, 2.7000000000000015 
27.15530060598966, 26.990806320289167, 0.0, 2.488842069745614, 2.7000000000000015 
50.17286494247598, 17.11591193339087, 0.0, 1.367079530633374, 2.7000000000000015 
55.96577563293002, 3.1009088735680175, 0.0, 1.2907250811368396, 2.7000000000000015 
9.38627804235006, 82.06745673730099, 0.0, 1.6267702760624818, 2.7000000000000015 
46.930093419605484, 5.659033420691054, 0.0, 1.7550045835847545, 2.7000000000000015 
27.45367386890016, 11.078474768310278, 0.0, 1.7986395684498782, 2.7000000000000015 
49.6981577675285, 13.889653620644896, 0.0, 1.2277537829610738, 2.7000000000000015 
59.90847349456779, 0.23312094454333482, 0.0, 1.7326832887237944, 2.7000000000000015 
29.621985166731736, 42.460588417393105, 0.0, 8.379784830122027, 2.7000000000000015 
27.190309857752574, 43.80374334465119, 0.0, 7.891507445389115, 2.7000000000000015 
72.12027618309695, 60.34806197534692, 0.0, 1.807751130777105, 2.7000000000000015 
58.38823029830539, 11.298211221416903, 0.0, 7.643322878555326, 2.7000000000000015 
50.9341921639927, 41.94008839540405, 0.0, 2.404728737058743, 2.7000000000000015 
26.711468751622, 86.8852808529352, 0.0, 1.6836505404603508, 2.7000000000000015 
73.83881057535231, 67.96177879946858, 0.0, 2.1216879311018015, 2.7000000000000015 
32.750539169710336, 25.79537606922705, 0.0, 2.4374839427316815, 2.7000000000000015 
69.06470860212393, 27.045102873330944, 0.0, 7.152587823397907, 2.7000000000000015 
37.62904215518895, 42.02692897431777, 0.0, 1.2004661956535048, 2.7000000000000015 
44.86983051321175, 70.7082347668665, 0.0, 4.323862506525404, 2.7000000000000015 
35.0359659183383, 41.492109967865744, 0.0, 8.931582143618314, 2.6000000000000014 
26.12394913420069, 68.47814963930844, 0.0, 8.073386078747207, 2.7000000000000015 
56.740072937783744, 18.98541688477304, 0.0, 7.270385523774326, 2.7000000000000015 
14.746034678089623, 87.4131998969824, 0.0, 1.1880051654315251, 2.7000000000000015 
45.552637789911806, 7.38586766623551, 0.0, 1.683098236632823, 2.7000000000000015 
75.31905424905366, 46.86099584425903, 0.0, 1.8452424685294144, 2.7000000000000015 
61.67913821873398, 10.918953573594656, 0.0, 1.4396310597869815, 2.7000000000000015 
20.675538335531925, 71.93578273229048, 0.0, 1.564323177419192, 2.7000000000000015 
86.8021880982675, 27.10566020690426, 0.0, 1.9612195002429227, 2.7000000000000015 
5.209489456524445, 28.574324744416195, 0.0, 1.6550201711288004, 2.7000000000000015 
43.80567695728463, 46.325765000760576, 0.0, 7.086263379761454, 2.7000000000000015 
65.64542309383376, 21.286678704528338, 0.0, 7.242105953039522, 2.6000000000000014 
23.792386653986007, 6.077727627535207, 0.0, 7.686416736076487, 2.7000000000000015 
41.63206223266286, 53.93206324481583, 0.0, 0.8832858373203046, 2.7000000000000015 
79.67476390078888, 27.69039977383676, 0.0, 7.172902223874718, 2.7000000000000015 
40.174935524310335, 55.73706563510974, 0.0, 0.1011783358455857, 2.7000000000000015 
48.79606752338641, 7.4648982447549885, 0.0, 1.4881689095713695, 2.7000000000000015 
13.11736067372796, 23.313282474692755, 0.0, 2.628384263899259, 2.7000000000000015 
16.107389133529296, 23.30807318471267, 0.0, 3.2187012776381465, 2.7000000000000015 
79.9738168754985, 40.358300779270394, 0.0, 1.6314348359450446, 2.7000000000000015 
26.436126041102845, 23.138670278851347, 0.0, 2.098572427871716, 2.7000000000000015 
35.57147555795857, 69.78214319986759, 0.0, 1.6139195929940457, 2.7000000000000015 
21.995792479857986, 70.99419022571824, 0.0, 1.6946603316321531, 2.7000000000000015 
24.363865318077696, 4.138366910054681, 0.0, 1.0469258240887864, 2.7000000000000015 
32.84792996152086, 7.355129246130262, 0.0, 1.8140635423309233, 2.7000000000000015 
84.87397969103134, 34.779743283199274, 0.0, 1.0592681541717333, 2.7000000000000015 
29.300479327286066, 52.77059928500084, 0.0, 0.22877523588072907, 2.5000000000000013 
77.29793865205804, 41.21147085763494, 0.0, 1.317089605690422, 2.7000000000000015 
22.09070306580277, 65.65974380729509, 0.0, 1.7762305433261407, 2.7000000000000015 
60.940340300755544, 1.2437379773656312, 0.0, 1.8458174837411467, 2.7000000000000015 
28.137864213729102, 56.83930635625583, 0.0, 6.588791564164078, 2.7000000000000015 
17.967607499713154, 34.94490613674641, 0.0, 0.0, 1.0 
34.919831781215535, 43.22221467480327, 0.0, 0.0, 1.0 
27.09997384514851, 30.965317346556454, 0.0, 2.3277491150996816, 2.7000000000000015 
50.36109872928453, 27.563445324288093, 0.0, 7.233587249865116, 2.7000000000000015 
33.461792022267225, 55.1759665831966, 0.0, -0.06328798387225495, 2.7000000000000015 
39.7733505905927, 45.751336612201776, 0.0, 0.0, 1.0 
22.19149119627772, 77.61159488699964, 0.0, 7.87718377144419, 2.7000000000000015 
49.951782853910046, 34.52478476033135, 0.0, 1.8098429022841875, 2.7000000000000015 
86.80206906716404, 34.0283959252134, 0.0, 1.5040377422789073, 2.7000000000000015 
59.045445046021044, 9.095053900180178, 0.0, 1.4457081615870817, 2.7000000000000015 
26.920271041681843, 32.510782698562444, 0.0, 2.264611595253113, 2.7000000000000015 
14.326340381303636, 42.66213346665095, 0.0, 0.8916305559201989, 2.6000000000000014 
51.95281926814074, 19.233028130536958, 0.0, 7.343645272840215, 2.7000000000000015 
58.084074663131446, 82.76559756875966, 0.0, 1.0943110731015568, 2.7000000000000015 
29.063967612082347, 35.6019821843189, 0.0, 1.8065937842480537, 2.7000000000000015 
41.23632546288855, 37.20389657934438, 0.0, 2.061368621808652, 2.7000000000000015 
50.5137696365982, 71.89566413993327, 0.0, 0.3721304943712719, 2.7000000000000015 
73.87943648102244, 65.3909059638597, 0.0, 1.8441337221066347, 2.7000000000000015 
29.94873941743467, 21.784555109084785, 0.0, 2.1256967318325146, 2.7000000000000015 
45.99887435637092, 56.483489155705364, 0.0, 1.7342559598402543, 2.7000000000000015 
4.3844430857950485, 86.19368708514887, 0.0, 8.42489963607806, 2.7000000000000015 
78.07984578959639, 65.02973738061795, 0.0, 1.8003727990184317, 2.7000000000000015 
15.303770581506624, 51.67837630562606, 0.0, 0.5739014699809344, 2.7000000000000015 
73.04127555962971, 38.134120209075064, 0.0, 7.528203972421864, 2.7000000000000015 
12.830499661293292, 45.84460180482247, 0.0, 6.954180877748189, 2.7000000000000015 
60.40507771694209, 10.20121258163193, 0.0, 1.3966708028187265, 2.7000000000000015 
74.87126399196508, 57.75928160327487, 0.0, 1.2487886334099163, 2.7000000000000015 
35.20830223392932, 38.82166431737823, 0.0, 2.4846680078931453, 2.7000000000000015 
29.893500116494728, 30.733105744645755, 0.0, 1.6128939064951713, 2.7000000000000015 
28.820546529979296, 28.460685535454655, 0.0, 8.45637994306099, 2.7000000000000015 
53.98832073969845, 39.566108602039584, 0.0, 2.0783885253570458, 2.7000000000000015 
34.23941225080096, 69.18130426533867, 0.0, 1.5600766148613017, 2.7000000000000015 
23.557419318427538, 88.4034259897713, 0.0, 0.8037173876630977, 2.7000000000000015 
20.161749013244382, 29.225179007757244, 0.0, 1.2010483395745888, 2.7000000000000015 
41.180160721051735, 56.839171675543476, 0.0, 6.3366612022233095, 2.7000000000000015 
17.23338811667246, 33.31811770540781, 0.0, 0.0, 1.0 
46.97434232420613, 57.900273114493174, 0.0, 1.6698597603808139, 2.7000000000000015 
55.01864441160093, 30.166914914392965, 0.0, 1.7693880460803106, 2.7000000000000015 
72.09967397836112, 56.605484345893984, 0.0, 0.7787772580109601, 2.7000000000000015 
21.372170232866438, 3.648496846589813, 0.0, 1.0246339178749855, 2.7000000000000015 
31.47758302013429, 4.6877334473192676, 0.0, 8.090595758199582, 2.7000000000000015 
27.159338127380877, 33.67225525973819, 0.0, 8.6261112244127, 2.7000000000000015 
74.44515239270977, 54.88289145908585, 0.0, 7.427068356005204, 2.7000000000000015 
37.296454119397644, 38.06814992624217, 0.0, 1.880221874706274, 2.7000000000000015 
37.44128502967017, 63.13672990532155, 0.0, 1.2979025940124485, 2.7000000000000015 
61.098049560051756, 86.6109324241137, 0.0, 7.868644363869008, 2.7000000000000015 
77.01425958669051, 3.729443428824837, 0.0, 1.3466785650492625, 2.7000000000000015 
36.0744907941125, 63.11403275407882, 0.0, 7.389767632039413, 2.7000000000000015 
27.595534055645977, 8.316373881603234, 0.0, -4.341690603932558, 2.7000000000000015 
30.232732983920606, 67.20333757216875, 0.0, 1.8172162673596415, 2.7000000000000015 
24.64492233009176, 14.951920274417999, 0.0, 8.330953638926323, 2.6000000000000014 
65.77067304793609, 18.98556612617696, 0.0, 7.603272896356052, 2.7000000000000015 
25.083952768778882, 7.739667444588531, 0.0, 7.883032708818173, 2.7000000000000015 
18.321473583213034, 74.64030369887386, 0.0, 8.134319977821717, 2.7000000000000015 
82.77807470580169, 75.33615213054554, 0.0, 0.8750670825147971, 2.7000000000000015 
84.15131309546653, 47.84878658274178, 0.0, 1.7943746466752968, 2.7000000000000015 
44.30579547748368, 8.482672846370694, 0.0, 7.865793150511075, 2.7000000000000015 
25.447093270521453, 38.84927343066117, 0.0, 1.9048426501101006, 2.7000000000000015 
58.90616289141174, 16.239069079920853, 0.0, 1.0407008333388634, 2.7000000000000015 
54.263913067936954, 28.01260057053114, 0.0, 1.6181890710247748, 2.7000000000000015 
13.494949154883264, 15.861545859935626, 0.0, 4.263168212114624, 2.7000000000000015 
26.131093505963516, 39.68240079240605, 0.0, 2.1187889465906657, 2.7000000000000015 
38.16569568510763, 2.586733578186873, 0.0, 7.542836726675326, 2.7000000000000015 
35.3523162805972, 35.976536665923255, 0.0, 2.3232196085857235, 2.7000000000000015 
2.784857025586452, 61.550647871648074, 0.0, 1.4791540426567473, 2.7000000000000015 
33.40870914617657, 56.867797062575015, 0.0, -0.1888614417312663, 2.7000000000000015 
35.06753756044809, 40.20392982476634, 0.0, 2.718843020342332, 2.7000000000000015 
58.984914488719596, 20.35009228799789, 0.0, 0.8630401810780023, 2.7000000000000015 
24.565194734200002, 47.45155577768047, 0.0, 7.632526199766971, 2.7000000000000015 
48.01039667481689, 22.069244703115626, 0.0, 1.2219709400336392, 2.7000000000000015 
33.0171389464677, 54.12523855011697, 0.0, 0.00886663248290529, 2.7000000000000015 
23.47431681019596, 18.08699769845409, 0.0, 1.7711184566903875, 2.7000000000000015 
37.5909946653019, 16.809279475038927, 0.0, 8.632700054871544, 2.7000000000000015 
13.734883151535497, 71.0468810131177, 0.0, 1.2155621177572196, 2.7000000000000015 
34.42268662634566, 50.07761114476978, 0.0, 6.810219724017039, 2.7000000000000015 
35.15414740420332, 19.18438923694262, 0.0, 2.498708757453513, 2.7000000000000015 
80.62180064007903, 34.7694735486668, 0.0, 1.3288973552707364, 2.7000000000000015 
37.966148919822515, 13.319475568480053, 0.0, 2.4624100847447123, 2.7000000000000015 
73.33037171288281, 31.234147846538388, 0.0, 1.2235631622309526, 2.7000000000000015 
46.42005827016358, 63.78240759407753, 0.0, 1.1580184761613077, 2.7000000000000015 
23.180254471682744, 75.03254995137071, 0.0, 1.7022191384584389, 2.7000000000000015 
75.11998960146143, 68.44561521844663, 0.0, 8.219310641874896, 2.7000000000000015 
75.59862447416361, 43.68833076672059, 0.0, 1.308063565798139, 2.7000000000000015 
76.67040996042235, 42.779806029524785, 0.0, 1.3021735584685703, 2.7000000000000015 
46.30910100053321, 51.08914261761037, 0.0, 7.625846729206058, 2.7000000000000015 
21.83273387572209, 23.098252161487785, 0.0, 1.2457151408555294, 2.7000000000000015 
26.677005897953833, 19.911480135711315, 0.0, 2.2340470108570587, 2.7000000000000015 
20.258684063001294, 51.548412422756925, 0.0, 0.6410921840238468, 2.7000000000000015 
60.84898067272259, 4.460007284094492, 0.0, 7.944643359543814, 2.7000000000000015 
32.8820231222299, 37.87326923530266, 0.0, 2.339322084999989, 2.7000000000000015 
31.006165431719264, 30.437979658417632, 0.0, 7.9770970161389725, 2.7000000000000015 
20.587257515972684, 4.816328977187291, 0.0, 7.375418073387436, 2.7000000000000015 
45.46217703752294, 10.708561077211318, 0.0, 7.661182218042352, 2.7000000000000015 
31.84101218579302, 52.146131292561904, 0.0, 6.571183846726481, 2.7000000000000015 
30.8727904964723, 26.243209873178714, 0.0, 8.500791663417104, 2.7000000000000015 
73.07890086402068, 50.745353328502986, 0.0, 1.6005380132842042, 2.7000000000000015 
30.82837795018848, 70.50536781614103, 0.0, 2.395583121022523, 2.7000000000000015 
60.14090341435584, 24.789957924856303, 0.0, 0.8991532511372858, 2.7000000000000015 
21.867653265509468, 49.24061994312931, 0.0, 0.9211579825234617, 2.4000000000000012 
84.74522569497965, 44.52490236957052, 0.0, 8.17068293485411, 2.7000000000000015 
42.08245027538875, 46.30820895170401, 0.0, 0.8402850322232179, 2.7000000000000015 
26.269460157021253, 53.65250555978626, 0.0, 6.396963176677551, 2.7000000000000015 
41.762329737557565, 61.73943135319136, 0.0, 1.344271272455964, 2.7000000000000015 
45.75776268256552, 47.150233557981, 0.0, 1.022304088829641, 2.7000000000000015 
33.16834956899377, 23.926016044148913, 0.0, 2.2855186575988813, 2.7000000000000015 
27.78857133766332, 59.54874311384347, 0.0, 6.3847314468288365, 2.7000000000000015 
42.931066822403274, 57.68436100496465, 0.0, 6.198121164827363, 2.7000000000000015 
28.816093843991457, 48.365227014930504, 0.0, 1.0518414212926426, 2.7000000000000015 
38.800549925141055, 37.24838074050374, 0.0, 1.7482306487949533, 2.7000000000000015 
21.783250445917833, 34.08677416515849, 0.0, 7.727823781912581, 2.7000000000000015 
87.85245114408237, 31.17745557693514, 0.0, 1.9127168617243573, 2.7000000000000015 
21.08959257091752, 57.94291021868602, 0.0, 0.35414028105768697, 2.7000000000000015 
11.93089029748218, 32.269513294036585, 0.0, 0.9657796908089752, 2.7000000000000015 
76.92619965758351, 59.02825151310306, 0.0, 8.132424730903132, 2.7000000000000015 
69.58085505911309, 62.26063862773161, 0.0, 0.5092446512133882, 2.7000000000000015 
82.10534072786636, 40.356957703462456, 0.0, 1.6971465203328213, 2.7000000000000015 
13.088811876512443, 29.46348398241453, 0.0, 1.8411201462096214, 2.7000000000000015 
40.87300542695515, 41.50010489454606, 0.0, 2.2149956849630414, 2.100000000000001 
33.531034064850935, 58.11089513543043, 0.0, 5.925300985825349, 2.7000000000000015 
9.359317771967453, 75.4887246022406, 0.0, 0.7902103516124174, 2.7000000000000015 
22.55337935930179, 9.055920878618748, 0.0, 2.296338393263266, 2.7000000000000015 
25.667115073151773, 19.319038801068057, 0.0, 2.28728197530252, 2.7000000000000015 
22.020047139122358, 0.43162852092162096, 0.0, 1.5236074358814602, 2.7000000000000015 
14.672840168891177, 31.450269723969015, 0.0, 0.0, 1.0 
23.496224396763395, 77.88244101168046, 0.0, 1.7315398799012498, 2.7000000000000015 
46.54156912919588, 21.490641469922824, 0.0, 1.2441680257288492, 2.7000000000000015 
33.8495633541413, 38.49404139608628, 0.0, 8.651638822952771, 2.7000000000000015 
78.09392412097148, 59.610072568920124, 0.0, 8.27656922421919, 2.7000000000000015 
54.734742856278075, 24.688597682520196, 0.0, 1.6657189359442413, 2.7000000000000015 
21.238259037659137, 45.130315798184014, 0.0, 1.1909383564418177, 2.7000000000000015 
80.07857556521616, 50.04553602618999, 0.0, 2.2028552874400185, 2.7000000000000015 
47.25467975639986, 66.97549756100058, 0.0, 0.5845709342755433, 2.7000000000000015 
84.99038576029152, 41.568231739297914, 0.0, 1.8395040445926374, 2.7000000000000015 
21.804904361652312, 74.29967445112489, 0.0, 1.3810935591112012, 2.7000000000000015 
61.968886615023635, 75.23104663754023, 0.0, 0.7783509583879935, 2.7000000000000015 
28.818850037605113, 18.142718471048422, 0.0, 2.217924108533269, 2.7000000000000015 
32.98918461517678, 65.94168335974982, 0.0, 1.8265308648025211, 2.7000000000000015 
23.07565053621529, 55.64891955002548, 0.0, 0.37353944682037477, 2.7000000000000015 
37.733100825169835, 49.171044443127805, 0.0, 0.8743124758643217, 2.7000000000000015 
22.780846420314163, 27.947477443066674, 0.0, 1.3061996076127418, 2.7000000000000015 
17.984498710770136, 28.062522293816713, 0.0, 0.0, 1.0 
44.09481358133745, 42.82112237818838, 0.0, 1.234314590550328, 2.7000000000000015 
72.2885853197854, 28.20473649429482, 0.0, 7.317252334851116, 2.7000000000000015 
3.441385116648855, 83.43906694279956, 0.0, 8.277399094199973, 2.7000000000000015 
22.422534788877144, 37.3909196716093, 0.0, 1.3631830053191774, 2.7000000000000015 
25.564859898725935, 71.68005036412075, 0.0, 8.21945690687339, 2.7000000000000015 
75.46069322222286, 53.75899982482065, 0.0, 7.694062655540164, 2.7000000000000015 
54.04572500608781, 33.95785951383331, 0.0, 8.151983687994122, 2.7000000000000015 
58.681951498271395, 5.719794174289535, 0.0, 7.810901431561322, 2.7000000000000015 
55.53907793561262, 69.89723723001629, 0.0, 0.3284944274657459, 2.7000000000000015 
30.28264933806421, 38.240540858595125, 0.0, 1.9880354359174928, 2.7000000000000015 
76.06270526571576, 34.681309407670916, 0.0, 1.396551725036102, 2.7000000000000015 
14.014551659580553, 24.476651022315394, 0.0, 2.968631039249413, 2.7000000000000015 
51.55947707199595, 21.811935175661553, 0.0, 1.548790337000146, 2.7000000000000015 
30.798924219441503, 57.92827538977786, 0.0, 6.237581344054722, 2.7000000000000015 
67.43930355162436, 31.152497244160703, 0.0, 0.6329149930036796, 2.7000000000000015 
29.51356538960618, 25.97787932586897, 0.0, 8.478888272036539, 2.7000000000000015 
23.312123492636665, 33.659998173729484, 0.0, 1.712925811821115, 2.7000000000000015 
52.18107717273915, 25.109889208393568, 0.0, 7.649678976826659, 2.7000000000000015 
78.7159125924674, 41.572585322435785, 0.0, 7.990217255129503, 2.7000000000000015 
21.18101269791613, 26.35181628878119, 0.0, 1.0491485740663407, 2.7000000000000015 
31.642368459756597, 23.79491582427743, 0.0, 8.486857210008425, 2.7000000000000015 
80.09086088738334, 46.58900896363537, 0.0, 2.349684594477989, 2.7000000000000015 
67.57460045061262, 24.245997172110282, 0.0, 7.222994160683718, 2.7000000000000015 
37.69739206961591, 18.303253831567584, 0.0, 8.776064629287006, 2.7000000000000015 
75.30343620416198, 36.45822299440607, 0.0, 7.655945198420221, 2.7000000000000015 
58.618482533495296, 41.583037440624906, 0.0, 1.512296557750184, 2.7000000000000015 
13.541020047879288, 39.02885130452917, 0.0, 0.955212595837669, 2.6000000000000014 
15.029802027275094, 27.49016927279282, 0.0, 4.268918610336663, 1.3000000000000003 
30.99925200685128, 44.07461565291228, 0.0, 2.195710209916607, 2.7000000000000015 
43.21944672515723, 61.8852881254629, 0.0, 1.7349720137259002, 2.7000000000000015 
33.91728764025459, 44.42992863222481, 0.0, 0.0, 1.0 
27.47993085297036, 49.483044017074526, 0.0, 7.35064010791341, 2.7000000000000015 
72.67871791397381, 24.512080410948666, 0.0, 1.142588146280206, 2.7000000000000015 
86.48819199541781, 86.80879611695919, 0.0, 2.8540531493342653, 2.7000000000000015 
40.397169320575884, 36.00414569819908, 0.0, 2.0100015056363256, 2.7000000000000015 
27.407836483311257, 28.14321130529952, 0.0, 8.71143785056174, 2.7000000000000015 
81.58039588932428, 25.718147878923737, 0.0, 4.277321361328345, 2.7000000000000015 
16.007114436500824, 5.614347115317252, 0.0, 0.7417674020994127, 2.7000000000000015 
21.988079290716627, 83.37984299355897, 0.0, 1.2515164856266479, 2.7000000000000015 
37.498724082339606, 53.151054954408174, 0.0, 0.34821724770158735, 2.7000000000000015 
69.07866759453002, 18.769600648280946, 0.0, 7.14977695404052, 2.7000000000000015 
40.03768780263717, 32.27050789756916, 0.0, 8.244209204355169, 2.7000000000000015 
73.13452720216428, 62.28346606684652, 0.0, 1.5780031019747898, 2.7000000000000015 
20.710327753683682, 86.15414515278894, 0.0, 1.0469406879636896, 2.7000000000000015 
15.743898084304323, 37.98292113747752, 0.0, 7.745433907331232, 2.7000000000000015 
31.728157881397454, 65.61623399651994, 0.0, 1.80374904839224, 2.7000000000000015 
16.337772753889134, 29.243885998337372, 0.0, 0.0, 1.0 
17.368653592047195, 51.4325341041758, 0.0, 0.6149587328726267, 2.7000000000000015 
64.08540976654598, 56.874067687938364, 0.0, 1.389519461564464, 2.7000000000000015 
1.4478249043178884, 60.75091016755776, 0.0, 1.444961879376744, 2.7000000000000015 
49.708596150690944, 62.880335549917966, 0.0, 1.4000738988769723, 2.7000000000000015 
32.00780876196545, 49.22227793940336, 0.0, 0.4161828535447553, 2.7000000000000015 
22.74077701446455, 35.740415993683726, 0.0, 1.4463687288759033, 2.6000000000000014 
85.60721669237213, 10.494341760688217, 0.0, 7.697821996336714, 2.7000000000000015 
35.286553907953845, 29.733919669412845, 0.0, 2.0274156212259933, 2.7000000000000015 
77.44603805493874, 47.627962856488764, 0.0, 2.1064062114500834, 2.7000000000000015 
27.316777175303386, 78.11199295680163, 0.0, 2.241035706296859, 2.7000000000000015 
16.71312305216563, 40.755776261750604, 0.0, 1.3393180261598348, 2.7000000000000015 
85.82059155083603, 30.141827185870742, 0.0, 1.5460517672918108, 2.7000000000000015 
53.57193781858227, 37.566540620697324, 0.0, 1.7982422728122662, 2.7000000000000015 
26.740934027444336, 52.843818236107275, 0.0, 6.6214522501610835, 2.7000000000000015 
23.972138129812052, 51.39647453110673, 0.0, 6.870222319203666, 2.7000000000000015 
19.338687867073073, 21.473306130931203, 0.0, 1.585212964272887, 2.7000000000000015 
74.80596176856658, 40.618032425845186, 0.0, 7.303526913016098, 2.7000000000000015 
14.750528163316934, 81.20384338813057, 0.0, 1.625089075965719, 2.7000000000000015 
24.502546060944564, 50.83842213172809, 0.0, 0.6703728062957128, 2.7000000000000015 
37.59282871453361, 50.54233441236629, 0.0, -5.472314111724227, 2.7000000000000015 
25.540587083245935, 22.343523118435012, 0.0, 2.165219509001364, 2.7000000000000015 
25.717860349405594, 84.02199419463642, 0.0, 1.7164416846291681, 2.7000000000000015 
49.24929904007086, 18.548993631957046, 0.0, 1.4241862143633774, 2.7000000000000015 
65.41355623571663, 59.80374705136936, 0.0, 0.5794235767957513, 2.7000000000000015 
20.714340416001722, 32.576180443492184, 0.0, 1.4872584070304975, 2.7000000000000015 
19.04040955423916, 41.93912251251478, 0.0, 0.9524587689329197, 2.300000000000001 
71.00184454351712, 23.47118640772939, 0.0, 7.313911326791138, 2.7000000000000015 
63.05173868208899, 24.868345054159075, 0.0, 0.5521216569449815, 2.7000000000000015 
11.28516161978914, 25.407569531723926, 0.0, 3.1634287419618854, 2.7000000000000015 
52.87474814059364, 11.9355083487339, 0.0, 1.4674862416465386, 2.7000000000000015 
20.45661162769444, 81.40405627325563, 0.0, 1.3673215447221876, 2.7000000000000015 
12.120025692357265, 41.46992583571924, 0.0, 7.092022799617085, 2.7000000000000015 
53.34630535668056, 15.293700931512058, 0.0, 7.69128266373911, 2.7000000000000015 
48.69252172353889, 15.049383294058735, 0.0, 7.610462646517279, 2.7000000000000015 
63.889175559773314, 13.50295678690414, 0.0, 1.4390659618860886, 2.7000000000000015 
75.5752097320495, 31.110098358456007, 0.0, 7.704475787323288, 2.7000000000000015 
21.656275121742436, 43.92244455475123, 0.0, 7.663056292813081, 2.7000000000000015 
77.93574354616867, 39.07816614308624, 0.0, 1.4547100913160906, 2.7000000000000015 
28.983150104393157, 6.346369861769925, 0.0, 7.873699668418336, 2.7000000000000015 
37.213043994061046, 10.071055906728896, 0.0, 1.8008868891866323, 2.7000000000000015 
82.5265184199005, 13.433271635657075, 0.0, 1.7934613603241454, 2.7000000000000015 
30.157798695439638, 15.450789305900342, 0.0, 8.483941468099719, 2.7000000000000015 
43.009530594706646, 49.28101922167576, 0.0, 7.677107763758725, 2.7000000000000015 
79.92155762237388, 48.39177536972378, 0.0, 2.3209968088524513, 2.7000000000000015 
31.779083854884256, 33.52454852675346, 0.0, 8.418071758049937, 2.7000000000000015 
55.56298051895295, 7.781172634264722, 0.0, 1.3521494250068964, 2.7000000000000015 
15.674934900178839, 3.6991694010452014, 0.0, 0.8028299057370294, 2.7000000000000015 
36.44631642400803, 36.656304516779805, 0.0, 2.4295152619547657, 2.7000000000000015 
69.21905210917458, 20.628274083863854, 0.0, 7.208781051567151, 2.7000000000000015 
16.685887813330368, 84.77378478166335, 0.0, 1.013002719768651, 2.7000000000000015 
51.22041867233256, 16.10439340673492, 0.0, 1.3845702930731454, 2.7000000000000015 
44.92785677350453, 5.201457098447371, 0.0, -4.5076283935266614, 2.7000000000000015 
51.54195279520283, 46.51992638941121, 0.0, 2.3624281866038315, 2.7000000000000015 
73.19314256821411, 71.00684289093486, 0.0, 1.3008365248144724, 2.7000000000000015 
53.63880223594295, 31.187107646268263, 0.0, 7.901316766659536, 2.7000000000000015 
43.70316814158141, 4.05504558603858, 0.0, 7.699614057606957, 2.7000000000000015 
74.10250844789337, 24.701299105945676, 0.0, 1.4226627550136595, 2.7000000000000015 
78.04002324399056, 62.150599447097925, 0.0, 1.8820193137980195, 2.7000000000000015 
36.39185618765022, 20.366524828325687, 0.0, 2.5349913628168443, 2.7000000000000015 
19.283165129336485, 75.7377844585295, 0.0, 8.09018895659337, 2.7000000000000015 
52.710331940819174, 33.734702056608235, 0.0, 7.904551026828541, 2.7000000000000015 
22.58394899762326, 80.79491414611378, 0.0, 1.6487489218291531, 2.7000000000000015 
38.74166715566991, 47.14840129174633, 0.0, 7.29737200979402, 2.7000000000000015 
0.5645720351960626, 40.63479735506615, 0.0, 7.449482243412378, 2.7000000000000015 
6.2360948318291065, 87.22611655140997, 0.0, 8.242553609874097, 2.7000000000000015 
29.980454964379348, 46.18792038899855, 0.0, 1.7337229455141356, 2.7000000000000015 
82.95553753622256, 42.082838395692754, 0.0, 1.7326740868480965, 2.7000000000000015 
22.498010637705352, 32.41871171471333, 0.0, 1.5556045226082866, 2.7000000000000015 
67.24493175735077, 49.2017068690997, 0.0, 1.9421942117219326, 2.7000000000000015 
60.771275065283966, 44.915112578845346, 0.0, 1.5980996032853776, 2.7000000000000015 
41.097484568341805, 7.081876984809433, 0.0, 7.482442716556842, 2.7000000000000015 
26.52712630624468, 51.8406594249598, 0.0, 0.5167012302339437, 2.7000000000000015 
40.703457969405285, 0.31895610277980857, 0.0, 7.85849047972641, 2.7000000000000015 
26.09890206406784, 11.761476431322283, 0.0, 8.094947848572327, 2.7000000000000015 
32.670415169609825, 21.228312185191687, 0.0, 2.2083877394469487, 2.7000000000000015 
59.67781455771159, 3.5904449605635094, 0.0, 7.902107184755928, 2.7000000000000015 
16.703748578989607, 44.57578874057256, 0.0, 13.372102097162635, 2.7000000000000015 
25.871641703971836, 42.040722719639305, 0.0, 1.8531206592268354, 2.7000000000000015 
11.650303184187475, 33.826613101988556, 0.0, 7.193861330162679, 2.7000000000000015 
52.21054846166822, 30.42042780034712, 0.0, 7.573315024422069, 2.7000000000000015 
88.28948363656906, 84.70177586731762, 0.0, 8.669494624888339, 2.7000000000000015 
84.11385745285028, 36.47439809644179, 0.0, 1.2823629502157496, 2.7000000000000015 
13.522045665033028, 32.7744296683121, 0.0, 7.473484146754492, 2.7000000000000015 
22.15359084972166, 12.34742123591237, 0.0, 1.5229607923904565, 2.7000000000000015 
30.4034034298713, 54.72152623430497, 0.0, 0.03972378776718581, 2.7000000000000015 
71.42903360318759, 37.244296104755065, 0.0, 7.367129684665678, 2.7000000000000015 
29.146858566036045, 41.22174243412892, 0.0, 1.9204384956759182, 2.7000000000000015 
55.13889127901929, 4.493071788493247, 0.0, 7.643378942410657, 2.7000000000000015 
51.46174114212363, 32.54798661114007, 0.0, 1.5117050930975486, 2.7000000000000015 
12.691951146253542, 40.195270382857444, 0.0, 6.95125259530995, 2.200000000000001 
32.64523876108476, 10.178792489508568, 0.0, 1.9963968896555033, 2.7000000000000015 
25.310242941797924, 36.733319172614934, 0.0, 2.201875615223621, 2.7000000000000015 
49.7447309608914, 29.36585453845041, 0.0, 1.513557892490921, 1.3000000000000003 
10.852750259220993, 45.852642156982, 0.0, 7.406540289101196, 2.7000000000000015 
32.64092039444003, 45.591285051253756, 0.0, 0.0, 1.0 
35.64175758073716, 51.74620447424327, 0.0, 0.4995021077265043, 2.7000000000000015 
25.272050006869534, 35.240525543939405, 0.0, 2.1507393409816697, 2.7000000000000015 
18.747517819415087, 37.48761109458239, 0.0, 7.540530414492173, 1.7000000000000006 
34.44766618459543, 15.199333566000504, 0.0, 8.354234840262066, 2.7000000000000015 
25.317498648617775, 29.53828176457105, 0.0, 2.1843610666430795, 2.7000000000000015 
24.01471191483398, 24.207438707068146, 0.0, 1.8227019957485273, 2.7000000000000015 
14.17535318684351, 44.04036614452703, 0.0, 0.7947536401747638, 2.7000000000000015 
28.74932819958285, 9.611127519523043, 0.0, 7.827916479007309, 2.7000000000000015 
55.28264182563601, 39.90921849215334, 0.0, 2.1960757903353016, 2.7000000000000015 
33.20877248029847, 48.503313484268, 0.0, 6.7954071990061005, 2.7000000000000015 
82.01051085048083, 36.21405577062862, 0.0, 1.5226059474214797, 2.7000000000000015 
55.327685964801745, 13.64237613069959, 0.0, 7.329264129794589, 2.7000000000000015 
74.46976525004565, 62.23096480908468, 0.0, 1.405163977917012, 2.7000000000000015 
75.99402505533294, 57.08366814977242, 0.0, 7.740729020847538, 2.7000000000000015 
22.34214197859408, 17.842921277224406, 0.0, 1.6458260294094709, 2.7000000000000015 
76.93870303467142, 32.53134958475251, 0.0, 1.5433173800030457, 2.7000000000000015 
32.369298223047174, 28.39957320992159, 0.0, 1.855261235318322, 2.7000000000000015 
20.771828968031915, 38.00477266717752, 0.0, 7.652443288541515, 2.7000000000000015 
25.19056986433532, 33.70392928881642, 0.0, 8.399881541713027, 2.7000000000000015 
72.03493942469736, 52.500269175664194, 0.0, 7.7135281269031175, 2.7000000000000015 
72.44247387690092, 32.041362241099016, 0.0, 1.2137299845717928, 2.7000000000000015 
35.55042955208799, 17.390144180383032, 0.0, 2.333868718585256, 2.7000000000000015 
24.497939513450127, 85.39881155401089, 0.0, 1.5857068727452672, 2.7000000000000015 
11.94931451909786, 71.81729960226184, 0.0, 1.322720055144841, 2.7000000000000015 
62.31817266756096, 8.102583599701042, 0.0, 1.6518802379932083, 2.7000000000000015 
10.65453442963337, 29.21919060322612, 0.0, 7.897160356605378, 2.7000000000000015 
73.8776191890355, 34.438078579492796, 0.0, 1.3453989674924065, 2.7000000000000015 
24.663241474101085, 21.597446043235387, 0.0, 2.1265162552407437, 2.7000000000000015 
34.23830656557893, 26.172252237090525, 0.0, 8.470210015739626, 2.7000000000000015 
19.13612276724775, 39.92196720827763, 0.0, 1.164243077390586, 2.7000000000000015 
30.732380324044115, 59.19195436493025, 0.0, 0.12085791780881688, 2.7000000000000015 
35.57369455046845, 6.673935188784784, 0.0, 7.746088232529774, 2.7000000000000015 
23.20190048398145, 47.62936481728258, 0.0, 0.9599245231862016, 2.7000000000000015 
18.170798529290877, 50.720153041081254, 0.0, 7.073933388188126, 2.7000000000000015 
39.12320411094954, 42.30351267705554, 0.0, 1.9441304932100358, 2.7000000000000015 
23.135810744496087, 15.111316182214406, 0.0, 7.791827608270058, 2.7000000000000015 
23.721706267467447, 80.63165283978117, 0.0, 1.7298339500329913, 2.7000000000000015 
31.871259564748907, 20.24204861726253, 0.0, 2.1154269220634614, 2.7000000000000015 
15.27178588627694, 1.5783156215609502, 0.0, 0.9280079552528114, 2.7000000000000015 
24.98181983011381, 42.104699092110856, 0.0, 1.7969571007959322, 2.7000000000000015 
52.94382378644595, 28.345320570385937, 0.0, 1.5119389451001488, 2.7000000000000015 
73.32475239958612, 55.743994142885796, 0.0, 1.3667912791718841, 2.7000000000000015 
30.379501151120824, 19.651824599519006, 0.0, 2.567551520812318, 2.7000000000000015 
24.427055929985244, 74.8294809928393, 0.0, 1.740311949355174, 2.7000000000000015 
27.125523237011603, 37.32717259792202, 0.0, 2.324294615093328, 2.6000000000000014 
26.701443430111635, 76.81912508858112, 0.0, 8.732033949975476, 2.7000000000000015 
23.755873278725943, 52.245641271028454, 0.0, 0.4525707918293324, 2.7000000000000015 
33.04594227338151, 79.25622861416099, 0.0, 7.894877426271395, 2.7000000000000015 
30.622496308525488, 23.18036997569588, 0.0, 8.33684778401546, 2.7000000000000015 
23.44281181125172, 86.46846199735356, 0.0, 7.354117653519307, 2.7000000000000015 
80.67252818367712, 42.25558631004836, 0.0, 1.7730152720970034, 2.7000000000000015 
68.72361193981257, 23.784635099538843, 0.0, 0.9332872361364302, 2.7000000000000015 
76.88828172218395, 54.331175047566994, 0.0, 1.9022377267590889, 2.7000000000000015 
24.408807419817954, 41.15279544918018, 0.0, 8.02220834199682, 2.7000000000000015 
74.6256357743204, 44.59935384645394, 0.0, 1.48716422918498, 2.7000000000000015 
84.54446807366013, 28.59519294809442, 0.0, 7.696839422433006, 2.7000000000000015 
23.81052383597951, 35.1292961063133, 0.0, 1.8728677282167119, 2.7000000000000015 
48.708159221496125, 69.50850878091956, 0.0, 1.009442066794675, 2.7000000000000015 
27.822918915648348, 46.04984556140052, 0.0, 7.772121702620394, 2.7000000000000015 
13.69362449066261, 52.024774864558324, 0.0, 0.5043253875956445, 2.7000000000000015 
56.91209884275083, 9.817096725415013, 0.0, 7.6731254518750704, 2.7000000000000015 
60.46363604341144, 23.216936983099846, 0.0, 7.276918655268539, 2.7000000000000015 
26.80635327694465, 49.928289400891806, 0.0, 0.8135348238108961, 2.7000000000000015 
18.468473239988462, 46.98119148004384, 0.0, 13.415862112049002, 2.5000000000000013 
75.54961938765649, 24.283843847105867, 0.0, 0.9527813885021408, 2.7000000000000015 
21.279258720710935, 19.820310643240916, 0.0, 1.419678999694687, 2.7000000000000015 
43.46092689931404, 52.36644978381996, 0.0, 7.587380315004269, 2.7000000000000015 
19.8071932540966, 8.137179836916124, 0.0, 4.46817766305239, 2.5000000000000013 
10.74364209480094, 81.60618807161886, 0.0, 1.788674395774617, 2.7000000000000015 
7.034737410338762, 56.07748009931908, 0.0, 1.0867462066574662, 2.7000000000000015 
77.51189457884145, 55.933975303300876, 0.0, 8.299744836670829, 2.7000000000000015 
70.04002579926778, 26.366504061770414, 0.0, 7.064365063790607, 2.7000000000000015 
18.69990097498825, 48.5130187754403, 0.0, 0.7178911608144924, 2.7000000000000015 
19.451866238581864, 33.34960286939799, 0.0, 1.6128471018254944, 2.7000000000000015 
50.6919978259729, 23.817604919221427, 0.0, 7.608011718781403, 2.7000000000000015 
70.27053005682274, 66.54893514619269, 0.0, 0.52074075792509, 2.7000000000000015 
35.77277763375195, 1.3017997211350172, 0.0, 1.4391669690009716, 2.7000000000000015 
35.79630906414603, 58.542179415602696, 0.0, -0.2106873851848876, 2.7000000000000015 
57.80624011439449, 7.974649561224127, 0.0, 7.747783353232567, 2.7000000000000015 
65.1439085243244, 22.46599948984274, 0.0, 7.072020921431531, 2.7000000000000015 
74.1553613832072, 29.77308500750181, 0.0, 7.519101470142801, 2.7000000000000015 
10.68527905785584, 84.26944982954961, 0.0, 2.096400388089875, 2.7000000000000015 
17.284012329704993, 38.37520742233828, 0.0, 0.0, 1.0 
64.26104103850193, 10.307123219262934, 0.0, 7.956145310419647, 2.7000000000000015 
67.11155291962821, 18.478939855284814, 0.0, 1.1613673900289208, 2.7000000000000015 
35.61549572353164, 49.443806723235014, 0.0, 0.7105750160154464, 2.7000000000000015 
15.682795949147224, 78.47235169999134, 0.0, 7.960045780471831, 2.7000000000000015 
61.114035297962566, 7.670920005190204, 0.0, 1.5767545383134232, 2.7000000000000015 
46.657677788382586, 3.0726173458914334, 0.0, 8.189553158537082, 2.7000000000000015 
54.800968178467684, 17.62005352351022, 0.0, 1.2576489745339199, 2.7000000000000015 
53.611383969785834, 19.411450620090598, 0.0, 1.7109775412763715, 2.7000000000000015 
70.71587448846387, 58.150476224299496, 0.0, 1.09158531095455, 2.7000000000000015 
43.07687811782477, 59.37963900720683, 0.0, 2.2298637779116497, 2.7000000000000015 
32.5566726913791, 40.79161396674677, 0.0, 2.401175281422742, 2.7000000000000015 
55.538804193714334, 26.840936968879692, 0.0, 1.7056343769106939, 2.7000000000000015 
50.93614470175107, 35.680482119818514, 0.0, 8.405438654793596, 2.7000000000000015 
15.741807425701728, 49.123935044977536, 0.0, 0.7470724925793907, 2.7000000000000015 
27.3989086169853, 34.84128627566589, 0.0, 2.6437479599755775, 2.6000000000000014 
33.96176314387503, 21.550293120930053, 0.0, 2.2676516745245503, 2.7000000000000015 
26.14282685385358, 17.455946851033556, 0.0, 2.402813227639164, 2.7000000000000015 
27.253779483649787, 5.189185686258516, 0.0, 1.2562988404389173, 2.7000000000000015 
64.81914631057388, 29.25631919229687, 0.0, 0.410669142035416, 2.7000000000000015 
75.53824988873431, 64.47061861059316, 0.0, 1.713332661302477, 2.7000000000000015 
20.12948701080078, 78.04905979359732, 0.0, 7.751545350588083, 2.7000000000000015 
52.319350803071295, 36.87861821509956, 0.0, 2.0031601827618184, 2.7000000000000015 
25.213549228932248, 47.00691608055499, 0.0, 1.4091553783521258, 2.7000000000000015 
35.84092249510237, 45.06636920565472, 0.0, 0.0, 1.0 
52.73834854508774, 83.69256270485131, 0.0, 1.2548281145398723, 2.7000000000000015 
42.10447237633164, 51.227175318032124, 0.0, 7.431785216100238, 2.7000000000000015 
21.920149204947567, 47.35691106231229, 0.0, 0.9387760353798745, 2.7000000000000015 
31.484607231236108, 7.495380009688208, 0.0, 1.8883376469222093, 2.7000000000000015 
42.308299512968645, 53.15170747888263, 0.0, 0.941107983674124, 2.7000000000000015 
18.08690087382767, 49.25897575306467, 0.0, 6.97515394030231, 2.7000000000000015 
47.79900193384588, 16.24293158632162, 0.0, 1.2708027005261087, 2.7000000000000015 
85.60588729496051, 38.00072241401954, 0.0, 1.4218103901985755, 2.7000000000000015 
27.515949549993252, 72.60076643718489, 0.0, 2.0549254252725344, 2.7000000000000015 
22.771734175778914, 3.337819957412477, 0.0, 7.776033729202931, 2.7000000000000015 
49.85728506324106, 25.040362101038074, 0.0, 1.0988603885967632, 2.7000000000000015 
31.92118135292219, 51.12505893860502, 0.0, 0.32023252492857157, 2.7000000000000015 
79.62082715380849, 45.29443800110066, 0.0, 8.54649384452891, 2.7000000000000015 
11.244188915804713, 38.042510705825485, 0.0, 0.6288943248387295, 2.7000000000000015 
14.874785545361775, 49.93308155325854, 0.0, 0.764802255280009, 2.7000000000000015 
41.69570436361219, 5.098027256561086, 0.0, 1.368915648801988, 2.7000000000000015 
27.653289932332406, 23.762048835668466, 0.0, 8.765328243183003, 2.7000000000000015 
28.04966742763377, 42.70820174826263, 0.0, 1.7555819550413425, 2.7000000000000015 
63.334804627987026, 5.099901927986771, 0.0, 8.059497709176693, 2.7000000000000015 
54.49500476245569, 8.666978002345996, 0.0, 1.0847858071291685, 2.7000000000000015 
11.36537336199101, 36.65766435108693, 0.0, 0.5246714707916746, 2.7000000000000015 
12.448510681537124, 67.86088513514875, 0.0, 7.434313291478037, 2.7000000000000015 
58.72064455515845, 87.71901348312447, 0.0, 1.5740357968953678, 2.7000000000000015 
36.81417342885706, 7.362414892203771, 0.0, 1.6832632048707488, 2.7000000000000015 
30.187472141849216, 55.81145487744203, 0.0, 6.050227837340082, 2.7000000000000015 
36.387789772719614, 13.231762818505997, 0.0, 2.049516938091116, 2.7000000000000015 
78.5484551540406, 21.50050128139203, 0.0, 7.61137109276387, 2.7000000000000015 
58.52900054046531, 2.471936673310181, 0.0, 8.02366159279128, 2.7000000000000015 
50.75178347467269, 38.50564961313671, 0.0, 1.7165024821982917, 2.7000000000000015 
28.04798174968723, 3.6866680089976716, 0.0, 1.3247822708210597, 2.7000000000000015 
40.49823590870774, 48.36086355432156, 0.0, 7.418810560314508, 2.7000000000000015 
47.08446007938685, 54.53814979743838, 0.0, 7.67948244224837, 2.7000000000000015 
66.86986528863639, 15.998041268238238, 0.0, 0.9970633438759157, 2.7000000000000015 
25.31082543488947, 79.57950253853605, 0.0, 8.254194422279781, 2.7000000000000015 
17.711897958188825, 87.6067254326127, 0.0, 1.0710423882619906, 2.7000000000000015 
76.61501486531009, 29.256146813012123, 0.0, 7.861429028849249, 2.7000000000000015 
29.48005838447319, 50.67729687211815, 0.0, 0.46214171064552584, 2.200000000000001 
79.27285454134436, 43.63000387943076, 0.0, 1.9031780303752897, 2.7000000000000015 
25.624909925111147, 57.07789491530346, 0.0, 0.20011017883714113, 2.7000000000000015 
33.3707985760623, 14.64262481119868, 0.0, 8.543022306468478, 2.7000000000000015 
27.027457817022245, 36.18932636027248, 0.0, 2.459217895895775, 2.7000000000000015 
9.809741813270536, 31.661619666285425, 0.0, 1.446540268975867, 2.7000000000000015 
71.96881353798294, 43.08488278971082, 0.0, 1.1714821596132672, 2.7000000000000015 
38.48163630292745, 56.53018380274294, 0.0, 6.48019485438336, 2.7000000000000015 
26.41363204713799, 43.62900426289912, 0.0, 1.6621014667142358, 2.7000000000000015 
39.42203404741158, 44.06529304612042, 0.0, 2.335475981881765, 2.7000000000000015 
25.016484117642083, 28.325626175542876, 0.0, 2.0957517599559634, 2.7000000000000015 
81.3801194006888, 12.335515181993784, 0.0, 1.5974910922249679, 2.7000000000000015 
79.95430257649346, 21.526119252926502, 0.0, 7.622696643999543, 2.7000000000000015 
60.50942240803726, 19.048431196875043, 0.0, 7.172289599283725, 2.7000000000000015 
50.63369431856119, 12.766951154454123, 0.0, 1.335219250952003, 2.7000000000000015 
41.80981729973717, 27.62290456474299, 0.0, 1.6927324055226995, 2.7000000000000015 
67.88043111058744, 27.565145856777473, 0.0, 0.7648356101897231, 2.7000000000000015 
18.282294612793407, 53.13294160704674, 0.0, 0.4171657663984351, 2.7000000000000015 
72.30298162515943, 19.158660312379553, 0.0, 1.1368751527041878, 2.7000000000000015 
33.328002318877374, 50.76454560104555, 0.0, 6.751725875802366, 2.7000000000000015 
46.19333532545072, 45.4973171049928, 0.0, 1.1017591302682896, 2.7000000000000015 
34.14506643047697, 4.646400322011188, 0.0, 7.537804510558268, 2.7000000000000015 
23.496711309444027, 38.84085948241444, 0.0, 7.784001186514915, 2.7000000000000015 
78.66962281862045, 52.90991708515776, 0.0, 2.1313187225930026, 2.7000000000000015 
24.860865279923757, 68.77550524167768, 0.0, 1.844162335717034, 2.7000000000000015 
23.120261693377866, 23.10270481754523, 0.0, 8.027272116173265, 2.7000000000000015 
41.69810305233023, 64.92603776071756, 0.0, 0.8654549404506899, 2.7000000000000015 
40.37882820001311, 50.11600552519608, 0.0, 7.233611279852465, 2.7000000000000015 
52.44133578822456, 44.43834988395676, 0.0, 2.649833032982338, 2.7000000000000015 
66.08924418695469, 51.5676657028785, 0.0, 1.2145727946213678, 2.7000000000000015 
39.41379820117958, 30.55500083844911, 0.0, 1.938627026933466, 2.7000000000000015 
87.17210090063915, 29.46157378756942, 0.0, 8.085546079988516, 2.7000000000000015 
44.305309277737074, 1.8419965683109583, 0.0, 1.4310863667610807, 2.7000000000000015 
27.55979389663519, 58.27628448468574, 0.0, -0.013007102050545252, 2.7000000000000015 
22.413371738378643, 56.61046044325431, 0.0, 0.3292656875492643, 2.7000000000000015 
9.21380733402782, 50.552272844010524, 0.0, 7.48149153110447, 2.7000000000000015 
19.959556534909442, 43.562633833971155, 0.0, 0.0, 1.0 
77.92252660515209, 6.986166016294945, 0.0, 7.6009394646422646, 2.7000000000000015 
78.0465085474197, 49.055419981204935, 0.0, 1.9928929093126895, 2.7000000000000015 
11.58647301705232, 78.4328696273419, 0.0, 7.938100606927228, 2.7000000000000015 
55.62258704472531, 32.063668619998445, 0.0, 1.8583404415155915, 2.7000000000000015 
45.93768128206116, 29.108652303350528, 0.0, 8.040469243842196, 2.7000000000000015 
84.18175788429926, 39.75545414711543, 0.0, 1.7060572818985182, 2.7000000000000015 
31.991414649370096, 37.05003781273226, 0.0, 2.157076789418499, 2.7000000000000015 
18.64467989591, 86.921992799587, 0.0, 1.1507365721460363, 2.7000000000000015 
20.196575560895408, 45.402988699601124, 0.0, 7.270709974567989, 1.9000000000000008 
17.8310030634016, 40.12963062190265, 0.0, 0.0, 1.0 
