position_x,position_y,position_z,orientation,aspect_ratio
6.799530637038375, 1.6284220507549205, 0.0, 5.630941747981446, 2.7000000000000015 
53.6149943917243, 7.229371963007462, 0.0, -0.9949993476904855, 2.7000000000000015 
69.8342934819393, 74.6603011364248, 0.0, 5.413561909255905, 2.7000000000000015 
83.40696697363491, 22.490457812011126, 0.0, -2.142534478804727, 2.7000000000000015 
13.663881364522933, 6.654797439970846, 0.0, 5.6765805632020205, 2.7000000000000015 
5.829760482137853, 35.75845081050591, 0.0, -1.8866057936797502, 2.7000000000000015 
76.60831473185648, 38.212584434670354, 0.0, -1.221522927544548, 2.7000000000000015 
38.533246308326724, 44.85094858108889, 0.0, -0.8942620690546604, 2.7000000000000015 
79.11776458822536, 77.39711827428786, 0.0, -1.3208851916707463, 2.7000000000000015 
39.41956427032307, 35.17299895825371, 0.0, -0.7640901341237243, 2.7000000000000015 
26.168965835114697, 24.678548358809515, 0.0, -1.3466360890390423, 2.7000000000000015 
56.057448248306606, 11.88854121521314, 0.0, -0.928830325405593, 2.7000000000000015 
1.467134125036676, 35.58764195185959, 0.0, -1.4482071545979727, 2.7000000000000015 
44.346935397399655, 25.145615003112727, 0.0, 5.339354505926395, 2.7000000000000015 
87.00093805317522, 76.898723148038, 0.0, 4.605371673845734, 2.7000000000000015 
3.3590548283716157, 12.978085196391042, 0.0, -0.8174441964929752, 2.7000000000000015 
8.743971867589567, 9.148979112062648, 0.0, -0.31085770686877146, 2.7000000000000015 
83.07823334614785, 54.43362282837324, 0.0, -0.9759162063362866, 2.7000000000000015 
1.8579757961292822, 60.780508521061044, 0.0, 5.4502372024677035, 2.7000000000000015 
82.06337145723192, 25.6769531889667, 0.0, -1.3581499073673513, 2.7000000000000015 
79.24700012169808, 58.259027370243835, 0.0, -0.6618289895074656, 2.7000000000000015 
78.21181193630916, 28.920615444000006, 0.0, -1.158782323070066, 2.7000000000000015 
2.593914048331613, 27.43892856657353, 0.0, -2.0355271659471765, 2.7000000000000015 
82.21681742108743, 49.90179325223074, 0.0, 5.44508506954043, 2.7000000000000015 
72.79572423906689, 26.360550137842317, 0.0, 0.0, 1.0 
81.2709158810819, 55.551211915554646, 0.0, -1.1198913836444047, 2.7000000000000015 
50.53425935507113, 12.920411963506155, 0.0, 5.073745454936075, 2.7000000000000015 
76.91909538894178, 73.26939724740211, 0.0, -0.9843912802307068, 2.7000000000000015 
68.09038735761781, 52.72457156219371, 0.0, -0.4355670518439595, 2.7000000000000015 
63.00640668896989, 43.332032814443096, 0.0, 5.3149639822581864, 2.7000000000000015 
39.603620908168864, 31.13076599071235, 0.0, 5.425674503744135, 2.7000000000000015 
88.52978338967374, 59.4313422227033, 0.0, 5.671239110242715, 2.7000000000000015 
63.19176721923782, 44.95226909223131, 0.0, 5.448602413156921, 2.7000000000000015 
74.7681698903153, 42.21348591501053, 0.0, -1.2680753902523083, 2.7000000000000015 
76.75277022939872, 63.68169214287196, 0.0, -0.456678940794244, 2.7000000000000015 
84.2361692797393, 26.884715762206156, 0.0, -1.6131708132396794, 2.7000000000000015 
1.620718272257106, 15.76619299533225, 0.0, 5.048091880289526, 2.7000000000000015 
71.54242820541003, 45.19159942459318, 0.0, 5.177641359854987, 2.7000000000000015 
81.65151085318851, 57.48124927874622, 0.0, 4.988005014622271, 2.7000000000000015 
43.45877588036751, 22.214586846633697, 0.0, 5.5213265469321975, 2.7000000000000015 
64.09306984734074, 2.3450982370832802, 0.0, -1.0785863748053168, 2.7000000000000015 
72.82018252580188, 81.51010326586452, 0.0, 4.821080241640059, 2.7000000000000015 
67.08781772259135, 45.624675609787005, 0.0, 5.275027448005519, 2.7000000000000015 
73.10891649262679, 7.719004694133681, 0.0, 5.05644889704228, 2.7000000000000015 
78.88056083286479, 75.23555273880363, 0.0, 5.492573055574545, 2.7000000000000015 
75.15936139713499, 83.51233700302981, 0.0, 4.877167886892814, 2.7000000000000015 
72.6229724864927, 39.90036432464635, 0.0, 5.172315327180483, 2.7000000000000015 
75.21221725712995, 38.992749985263, 0.0, 4.854263475863827, 2.7000000000000015 
63.59657945980869, 41.08306066390345, 0.0, -0.553688006233391, 2.7000000000000015 
82.86898882512972, 42.379463111330985, 0.0, -0.5630541414212874, 2.7000000000000015 
1.0753228191510074, 67.7427157858815, 0.0, -0.7562828864075253, 2.7000000000000015 
29.745184239473865, 49.21135141312729, 0.0, -0.6217608231176898, 2.7000000000000015 
37.14475470597743, 75.91442794844136, 0.0, 5.130362761210758, 2.7000000000000015 
6.863910912320322, 35.010225050003896, 0.0, 4.506299513161369, 2.7000000000000015 
74.24748559152728, 51.58843740628176, 0.0, 5.184179203899374, 2.7000000000000015 
66.36924287499326, 80.02629674258864, 0.0, -0.8829725630696217, 2.7000000000000015 
86.53726725874837, 68.40406955965098, 0.0, 4.912746296962253, 2.7000000000000015 
57.473818460577505, 12.269744551426026, 0.0, 5.576328993103088, 2.7000000000000015 
3.9515317058159316, 38.39646252738537, 0.0, 4.61332721767376, 2.7000000000000015 
77.57087892673714, 53.855568594560054, 0.0, 5.593503863937236, 2.7000000000000015 
0.7340390533981977, 44.11065592146514, 0.0, -1.1939898436044543, 2.7000000000000015 
45.37139310049019, 16.161200878082045, 0.0, -0.538083473536796, 2.7000000000000015 
87.32648274496985, 71.83994144146011, 0.0, 5.460089916297414, 2.7000000000000015 
38.92982976801893, 41.21589371783267, 0.0, -0.8310315796931895, 2.7000000000000015 
48.070253994436875, 23.37350458604211, 0.0, 5.095280702150867, 2.7000000000000015 
71.54527333899135, 76.80996143635619, 0.0, 5.310881735865849, 2.7000000000000015 
55.923001108461136, 25.64493139936102, 0.0, 11.633380492604333, 2.7000000000000015 
70.74256823717224, 84.68651850806428, 0.0, -1.4697760462239988, 2.7000000000000015 
17.90809188934844, 60.74052328442199, 0.0, 5.123752861768996, 2.7000000000000015 
1.0582221354306731, 69.37795004653317, 0.0, 5.5571558902246485, 2.7000000000000015 
35.960654381071755, 79.40016705368876, 0.0, -0.9455706014821325, 2.7000000000000015 
75.30112061501198, 28.906107602890785, 0.0, -0.6222335271763755, 2.7000000000000015 
0.2115270394274355, 26.765166564183694, 0.0, -1.9375968205196237, 2.7000000000000015 
75.41714098881091, 27.347629494541014, 0.0, 5.488254968361922, 2.7000000000000015 
33.97761407326762, 55.825466044045584, 0.0, -0.996765222467494, 2.7000000000000015 
77.27496087083989, 26.32825595727673, 0.0, 5.082859656167465, 2.7000000000000015 
69.53450013823901, 85.35892962053315, 0.0, 4.8193640358477055, 2.7000000000000015 
66.90178009513436, 9.816077718678743, 0.0, -1.360416732145561, 2.7000000000000015 
83.53282952790201, 43.58536998821338, 0.0, 5.314463285260756, 2.7000000000000015 
46.60579292053938, 16.918544312112278, 0.0, -0.8861627578207923, 2.7000000000000015 
48.0994894892189, 49.684687071986986, 0.0, -0.18901995534630892, 2.7000000000000015 
40.74432527286572, 45.94401722195242, 0.0, 5.2025793966807, 2.7000000000000015 
41.735045613706475, 33.8389659140571, 0.0, -0.9857906745592464, 2.7000000000000015 
85.1747337324357, 70.28512498292046, 0.0, 4.880948817242012, 2.7000000000000015 
4.81354285669602, 43.710574530115956, 0.0, 4.835928565138105, 2.7000000000000015 
2.0428966346265156, 70.49214839172403, 0.0, 11.379875814897236, 2.7000000000000015 
55.5845969808323, 6.437617589423129, 0.0, -0.8579155070275257, 2.7000000000000015 
81.22867271194612, 64.29435156467792, 0.0, 6.181673783124202, 2.7000000000000015 
60.73604444833525, 85.90414943991178, 0.0, 5.351193811680396, 2.7000000000000015 
0.779023241559717, 18.95711127263865, 0.0, -1.511779289108468, 2.7000000000000015 
44.203994931803834, 14.362791615972974, 0.0, -0.7505539729040753, 2.7000000000000015 
40.69968031803419, 38.54564927700262, 0.0, -0.8545400288166637, 2.7000000000000015 
24.112481420373683, 59.52145870496507, 0.0, -1.2934827053282998, 2.7000000000000015 
59.29980453484882, 4.192689616694457, 0.0, 5.608547530369872, 2.7000000000000015 
2.776635984000677, 56.0866928720698, 0.0, 5.143311959690945, 2.7000000000000015 
84.16937219271284, 48.774034553117424, 0.0, -1.0729273892869735, 2.7000000000000015 
0.2678504263440552, 36.39251191879735, 0.0, 4.775143005030995, 2.7000000000000015 
37.495557442232474, 50.94356848583915, 0.0, 5.257568938629816, 2.7000000000000015 
42.82641252147577, 36.770624848139995, 0.0, 5.1571855807812925, 2.7000000000000015 
47.582160554723, 45.94993360378377, 0.0, 6.567194786440051, 2.7000000000000015 
67.2975806232686, 43.36550545373845, 0.0, 5.30991691935132, 2.7000000000000015 
85.4519953734525, 42.56099455619964, 0.0, -0.9105529970096826, 2.7000000000000015 
87.18699245958587, 21.85513867246397, 0.0, -1.5349513413381688, 2.7000000000000015 
72.24683222674479, 28.57538265516097, 0.0, -1.8527202583961646, 2.7000000000000015 
4.319739060646684, 23.664416144904973, 0.0, -1.96085777740785, 2.7000000000000015 
85.72794841945998, 61.10975554755097, 0.0, 5.568252773494583, 2.7000000000000015 
56.220933258658164, 23.257587057754925, 0.0, -1.0983095931321687, 2.7000000000000015 
81.14083259065337, 42.097944144147725, 0.0, 5.243144900709251, 2.7000000000000015 
81.0173274430005, 3.1225042717007785, 0.0, 5.147149314739536, 2.7000000000000015 
32.08975764099292, 41.24880282425259, 0.0, 5.540102114898926, 2.7000000000000015 
78.22476939788416, 48.55955091562287, 0.0, 5.263113780178642, 2.7000000000000015 
62.84186084673672, 2.12508368158034, 0.0, -1.1675269232565975, 2.7000000000000015 
76.94462795183655, 24.444681797461875, 0.0, -1.2391082540152893, 2.7000000000000015 
2.094400940971118, 10.940118335756923, 0.0, -0.5091854566657739, 2.7000000000000015 
76.71645091730532, 5.728593674626042, 0.0, -0.3403960750167223, 2.7000000000000015 
53.3874692586884, 71.27547768501631, 0.0, 5.579050082522694, 2.7000000000000015 
19.446700156077917, 53.488950467232286, 0.0, 5.691023399871882, 2.7000000000000015 
59.93534055808902, 50.97927425722981, 0.0, 2.123077132956137, 2.7000000000000015 
64.20351743757553, 39.22860322352364, 0.0, -0.6875497295108802, 2.7000000000000015 
3.8415459192183574, 41.744379054128395, 0.0, 4.752680709504791, 2.7000000000000015 
69.56014034979148, 40.104683221248656, 0.0, 5.2087093196436225, 2.7000000000000015 
85.37823818204089, 37.11425481962693, 0.0, -1.5667173570562882, 2.7000000000000015 
30.22246267147374, 36.03346902366267, 0.0, -0.6114402811142007, 2.7000000000000015 
29.84317859448087, 50.528919358004316, 0.0, -0.6311481086374338, 2.7000000000000015 
42.374641343638324, 31.1247303784832, 0.0, -1.1253565503364085, 2.7000000000000015 
70.10498015129328, 87.91957003523498, 0.0, 4.7817992980579564, 2.7000000000000015 
49.56565045226502, 4.499612474456873, 0.0, 5.373367579831095, 2.7000000000000015 
59.9663103969937, 33.945504022713095, 0.0, 5.724798099830642, 2.7000000000000015 
44.51095094542388, 28.610025856237037, 0.0, 5.394201601705038, 2.7000000000000015 
66.23906142079827, 24.833442464988458, 0.0, -0.5669978468256522, 2.7000000000000015 
26.22948003375892, 10.582305259016197, 0.0, -0.3021820205703266, 2.7000000000000015 
86.57702299902478, 37.74641759262274, 0.0, 4.998768358793049, 2.7000000000000015 
76.5889491568803, 51.3512288326115, 0.0, 5.43977644345152, 2.7000000000000015 
39.33799465751864, 38.22728463551218, 0.0, 5.585568229358951, 2.7000000000000015 
12.718178058841819, 70.17114943659878, 0.0, -1.2193077198128859, 2.7000000000000015 
5.358569427019278, 50.52310354330495, 0.0, 4.843763881334187, 2.7000000000000015 
78.15048749075183, 38.831113002404564, 0.0, 0.0, 1.0 
57.47150941037424, 1.946022785463084, 0.0, -1.0175959133174726, 2.7000000000000015 
1.9726896047253022, 38.099716476498436, 0.0, -1.6127302108446118, 2.7000000000000015 
71.58916847955336, 81.51081233278049, 0.0, -1.346781711492297, 2.7000000000000015 
87.50007248768837, 16.894274080366678, 0.0, -7.1835838744501395, 2.7000000000000015 
17.747688748085547, 25.40834975555619, 0.0, -1.4741582187777265, 2.7000000000000015 
65.00444188116964, 8.549025961376827, 0.0, 4.902018809739141, 2.7000000000000015 
75.56824457197607, 77.35067373211653, 0.0, 5.050064509445875, 2.7000000000000015 
34.22148488790544, 52.32513718168316, 0.0, 5.379214980462446, 2.7000000000000015 
32.964652178766066, 73.500401082978, 0.0, -1.2744207934681864, 2.7000000000000015 
2.9736561958952907, 15.363712703282744, 0.0, 5.084395060496646, 2.7000000000000015 
7.5129016859755815, 47.45029338323363, 0.0, 4.578429651950067, 2.7000000000000015 
63.334902028283615, 9.674829891880236, 0.0, 5.241042607513112, 2.7000000000000015 
80.75177365373163, 72.67163180438261, 0.0, 5.506060955660217, 2.7000000000000015 
12.202317525088372, 5.5841346230173645, 0.0, 6.279329891147813, 2.7000000000000015 
68.5961252962671, 80.82634940669853, 0.0, 5.057541375223163, 2.7000000000000015 
80.41249134945657, 40.89449520325364, 0.0, -1.1674674331135328, 2.7000000000000015 
5.675610740676874, 3.732496186254412, 0.0, -0.6636538730359722, 2.7000000000000015 
7.27535230810061, 41.393077191866716, 0.0, -1.7543552303617491, 2.7000000000000015 
70.85288915598534, 1.9356769359989716, 0.0, 4.733509328340255, 2.7000000000000015 
21.319861434174452, 51.49475924317148, 0.0, 5.870405812609194, 2.7000000000000015 
88.26332765017058, 20.18271267390646, 0.0, -1.5433372901987799, 2.7000000000000015 
87.76718017442425, 6.19253205724458, 0.0, -1.0765878683464072, 2.7000000000000015 
6.01821608486173, 84.6472839159543, 0.0, 5.677284550112252, 2.7000000000000015 
34.588085197805945, 25.23549943526273, 0.0, -0.32060170266867144, 2.7000000000000015 
54.498699400073065, 4.07527927183268, 0.0, 11.852978518653531, 2.7000000000000015 
77.99690728140054, 31.219354063290556, 0.0, 5.117107276861834, 2.7000000000000015 
23.255923418468086, 55.69532262713866, 0.0, -0.8240484352851212, 2.7000000000000015 
79.96741065239644, 17.018450129627784, 0.0, 5.632243377191094, 2.7000000000000015 
81.77925705891093, 31.08254472801255, 0.0, 0.0, 1.0 
11.28300070597735, 8.790779811694378, 0.0, -0.6642907990605857, 2.7000000000000015 
19.625602283729933, 66.57065287168116, 0.0, 4.8276892378851635, 2.7000000000000015 
1.9750619441461135, 64.80410448341631, 0.0, 4.835534633449755, 2.7000000000000015 
29.27299405325263, 44.162867553584725, 0.0, 5.722250399969869, 2.7000000000000015 
24.86363679387974, 40.77785248489935, 0.0, -0.7840246404706388, 2.7000000000000015 
0.9939149992399551, 39.02621347619911, 0.0, 4.70939654736713, 2.7000000000000015 
81.11383403308847, 61.32651543389132, 0.0, -0.541966265502922, 2.7000000000000015 
54.96219072784638, 32.3372079110596, 0.0, -0.4784522291213413, 2.7000000000000015 
5.487880358308604, 9.359333448716256, 0.0, 5.703155543066207, 2.7000000000000015 
1.661910448592444, 2.9595157164205332, 0.0, -1.0514266913611103, 2.7000000000000015 
11.11226536118655, 11.659386339972368, 0.0, -1.2947017579700704, 2.7000000000000015 
9.818776092361016, 11.557515813187504, 0.0, -1.2021219007542594, 2.7000000000000015 
31.859427371490394, 54.45544489659353, 0.0, -0.8541842947459988, 2.7000000000000015 
9.39192229876942, 43.03345033298223, 0.0, -1.364435595964883, 2.7000000000000015 
54.36353065039014, 22.003523481675213, 0.0, 5.286661007474269, 2.7000000000000015 
63.524654308034194, 4.936243235129321, 0.0, -1.1225440679735734, 2.7000000000000015 
77.23870215145574, 11.69262506875189, 0.0, -1.5203381576096913, 2.7000000000000015 
4.776616315575493, 63.223469806506216, 0.0, -1.028983679228966, 2.7000000000000015 
65.19397681494482, 76.72719607588553, 0.0, 5.634181301829123, 2.7000000000000015 
88.42624083250254, 41.253672438359565, 0.0, -1.174568065980152, 2.7000000000000015 
39.427713216859196, 21.327102313898234, 0.0, 5.61082259179711, 2.7000000000000015 
87.0682648464764, 34.21062437404498, 0.0, -1.706665004817761, 2.7000000000000015 
32.98406384766408, 34.02885001648411, 0.0, 5.738178894128044, 2.7000000000000015 
47.71714569283798, 40.19690307575452, 0.0, -1.3754123417067947, 2.7000000000000015 
60.11396208499398, 75.52051011915152, 0.0, -0.4242511203922922, 2.7000000000000015 
34.900950788630766, 78.64667244665068, 0.0, 5.4112522199331226, 2.7000000000000015 
76.2763898013469, 43.06902420729103, 0.0, -0.31067113743225755, 1.3000000000000003 
4.894889227924502, 12.834753945379799, 0.0, -0.9119590159951638, 2.7000000000000015 
86.60176241905282, 52.67729907324498, 0.0, -1.1210697327394972, 2.7000000000000015 
56.44902983029404, 42.335594831440616, 0.0, 5.498155661162355, 2.7000000000000015 
1.350973378045243, 53.535648620180936, 0.0, 5.364929527113882, 2.7000000000000015 
87.86931406999206, 45.650008037493784, 0.0, -1.1827698551115777, 2.7000000000000015 
56.82399852000307, 14.204116510617316, 0.0, 5.617276575411024, 2.7000000000000015 
82.86803855287732, 59.467659410114535, 0.0, 5.891530204136124, 2.7000000000000015 
60.08292457102283, 1.861599644006212, 0.0, -0.8966540075394019, 2.7000000000000015 
79.15272282979439, 43.97413279787629, 0.0, 5.309643652700865, 2.7000000000000015 
30.07364525897344, 70.14990281971417, 0.0, 2.7980678884460395, 2.7000000000000015 
52.818266882225416, 31.545303339566775, 0.0, -0.7632388908101582, 2.7000000000000015 
22.884082658847447, 21.34042064678779, 0.0, 4.5518400521826115, 2.7000000000000015 
74.84938535072217, 26.30651264874724, 0.0, -0.7947488077332111, 2.7000000000000015 
43.746530303654175, 39.95664418356086, 0.0, -1.0940057173426119, 2.7000000000000015 
56.24570747473694, 1.4764493115579953, 0.0, -0.905531327122753, 2.7000000000000015 
5.420255977138383, 20.324742931032404, 0.0, -1.8265827335099332, 2.7000000000000015 
82.38962663290238, 51.45825364027561, 0.0, -0.631440827767858, 2.7000000000000015 
39.08579946323865, 33.553297233774586, 0.0, 5.237243414687017, 2.7000000000000015 
31.370968341915376, 51.92173073585657, 0.0, -0.7577825641432244, 2.7000000000000015 
82.64843492917788, 65.98495003072104, 0.0, -0.8400455473338515, 2.7000000000000015 
56.76243202499478, 46.528997831343766, 0.0, 5.556459162136158, 2.7000000000000015 
27.6586708498449, 58.58219552430725, 0.0, -0.8749996672359821, 2.7000000000000015 
79.64389265379639, 53.43232399840082, 0.0, -0.7436707365535524, 2.7000000000000015 
80.30996897109041, 30.819760872086658, 0.0, 4.621384579345142, 2.6000000000000014 
85.93932846365536, 66.69889069821237, 0.0, 5.16135974873037, 2.7000000000000015 
56.49028251951151, 53.445968197159, 0.0, -1.2384008089159093, 2.7000000000000015 
4.482318378668949, 29.727263600212556, 0.0, -2.0493060678052712, 2.7000000000000015 
81.32421654267108, 68.68488654567471, 0.0, -0.9905988268401693, 2.7000000000000015 
65.28439283782701, 67.07619476427324, 0.0, -1.4944386464404955, 2.7000000000000015 
86.02426604026164, 25.045359691783087, 0.0, -1.839352213093003, 2.7000000000000015 
79.6847615613415, 32.631301042059384, 0.0, 4.6011840827928046, 2.6000000000000014 
74.24153786817979, 45.03945632284196, 0.0, -1.0004868833286418, 2.7000000000000015 
58.493486212232014, 87.75722000005032, 0.0, -0.9534085329739056, 2.7000000000000015 
36.88488303570311, 35.98204259639727, 0.0, 5.780394253469591, 2.7000000000000015 
80.73521224676644, 34.67831055761154, 0.0, 0.0, 1.0 
77.07217978887384, 28.97368353404988, 0.0, -1.147421731234135, 2.7000000000000015 
21.894873693349048, 1.8545672183521211, 0.0, 5.186713238257755, 2.7000000000000015 
40.34250807458999, 19.296631654560144, 0.0, 5.621486875848714, 2.7000000000000015 
9.208232915590212, 37.24424160727057, 0.0, -1.228004911598573, 2.7000000000000015 
53.497441371961294, 26.77924138508433, 0.0, -0.6677183408417456, 2.7000000000000015 
47.202335019915694, 35.189687266562736, 0.0, 5.261483356319653, 2.7000000000000015 
24.996726325951794, 12.984206692801644, 0.0, -0.1629267071565158, 2.7000000000000015 
78.3991443530688, 26.097294037828355, 0.0, -1.3570959273608516, 2.7000000000000015 
1.9908195860439173, 18.424423399655712, 0.0, -1.5488188253468462, 2.7000000000000015 
27.337737712783202, 51.529525646981895, 0.0, -0.7521077918254069, 2.7000000000000015 
58.94807600868588, 45.74928908848099, 0.0, -0.9351205686687826, 2.7000000000000015 
84.32555023783266, 38.16253832611941, 0.0, -1.3397339014644736, 2.7000000000000015 
8.570040673634894, 65.948848342946, 0.0, -1.3724016755205517, 2.7000000000000015 
35.796954906733205, 32.203428393291404, 0.0, -0.6900276906419606, 2.7000000000000015 
72.65115830012553, 87.33408605554847, 0.0, -1.7231317832540227, 2.7000000000000015 
29.241234178716418, 35.09552567996897, 0.0, 5.768514416276054, 2.7000000000000015 
78.99444184776489, 35.101650117435604, 0.0, -1.531480312746565, 2.7000000000000015 
84.22237782420038, 63.51283107530804, 0.0, -0.7160681815275386, 2.7000000000000015 
85.26171128104244, 28.394875727746555, 0.0, 4.602240766958608, 2.7000000000000015 
64.89634353700681, 41.93425165193014, 0.0, 5.120981208829602, 2.7000000000000015 
51.9851838716946, 33.67778579079242, 0.0, -0.6075240453925123, 2.7000000000000015 
5.737772162470068, 57.86429935185923, 0.0, 5.17162476040383, 2.7000000000000015 
25.423744118909728, 48.04012651523755, 0.0, -0.3860243481315007, 2.7000000000000015 
35.06452771320889, 41.852094739937044, 0.0, -0.41897258707270496, 2.7000000000000015 
34.42760454887471, 47.69893308566873, 0.0, 5.494785917214905, 2.7000000000000015 
8.147196962595142, 44.882696415574515, 0.0, -1.6680221613170167, 2.7000000000000015 
51.56331171504529, 22.24520916388189, 0.0, -0.9060639254711603, 2.7000000000000015 
7.271842682914411, 52.340532849012924, 0.0, 5.0761611694675555, 2.7000000000000015 
85.16634128870065, 57.35205052236363, 0.0, 5.534143655842611, 2.7000000000000015 
57.92701619096363, 3.568423553605253, 0.0, 11.564146843001286, 2.7000000000000015 
11.219924975885865, 7.326824528080238, 0.0, -0.5945242863943188, 2.7000000000000015 
79.6242482336679, 51.8040739716416, 0.0, 5.966126929895093, 2.7000000000000015 
80.33348233717152, 44.50820402266386, 0.0, 5.580551864176874, 2.7000000000000015 
33.12486789878264, 27.26405025450385, 0.0, -0.7029443499738455, 2.7000000000000015 
80.21629379072024, 49.51700959590872, 0.0, -1.1050734644347353, 2.7000000000000015 
46.07930254195927, 14.166013796683334, 0.0, 5.493895494918902, 2.7000000000000015 
80.89769205609952, 53.80764119923269, 0.0, 5.481358107227507, 2.7000000000000015 
20.6157731279644, 15.866835605784674, 0.0, -0.53806071997817, 2.7000000000000015 
81.95730824999538, 48.259999776345765, 0.0, 5.269977054233225, 2.7000000000000015 
59.509132456206174, 17.449531085774044, 0.0, 5.128924192302424, 2.7000000000000015 
27.35328025498105, 46.21223044897863, 0.0, 5.844466276435323, 2.7000000000000015 
86.742091737833, 61.879215095680586, 0.0, 5.424332052514569, 2.7000000000000015 
68.95238306158735, 5.723079193068847, 0.0, -1.4662436074921545, 2.7000000000000015 
61.97268988670169, 18.811850125421337, 0.0, 5.12919192574277, 2.7000000000000015 
19.751599839794128, 0.3815226807884591, 0.0, 5.21869983069239, 2.7000000000000015 
86.0124470654193, 22.21506521580002, 0.0, -1.7582033438053868, 2.7000000000000015 
4.588049192916044, 6.301257535428072, 0.0, -0.5204514205465064, 2.7000000000000015 
20.68927626584073, 55.52516807572088, 0.0, -1.0460107636132072, 2.7000000000000015 
14.799628239816228, 4.902789730875488, 0.0, 0.14589326478998754, 2.7000000000000015 
2.1426805696253126, 58.67701443591175, 0.0, 5.3421877422117445, 2.7000000000000015 
75.26187325229247, 31.885661107658912, 0.0, -0.8993767434190261, 2.7000000000000015 
5.784545499694591, 55.37485219362209, 0.0, -1.1464210552411214, 2.7000000000000015 
44.31568481733741, 18.549776732355372, 0.0, -0.9750817439514369, 2.7000000000000015 
75.01991577185012, 30.565305688217524, 0.0, -0.8092279655847311, 2.7000000000000015 
78.67366475589078, 65.49076455512417, 0.0, 6.048507508838442, 2.7000000000000015 
74.23070610077632, 53.67438284771917, 0.0, 5.376835545872219, 2.7000000000000015 
21.207875918568174, 13.02645570992917, 0.0, -0.1613283660415892, 2.7000000000000015 
75.81909673972439, 24.05513562389416, 0.0, 5.473518191398834, 2.7000000000000015 
0.6832409859818319, 22.196796039060615, 0.0, -1.6982743199493977, 2.7000000000000015 
76.23962905270928, 80.90711853474097, 0.0, -1.496858026246246, 2.7000000000000015 
32.14297183713262, 42.812555000631555, 0.0, -6.904239863558048, 2.7000000000000015 
87.67488263383592, 55.473107749400675, 0.0, 5.370226187511272, 2.7000000000000015 
16.81115335077558, 27.73711289942121, 0.0, -1.7105043550355339, 2.7000000000000015 
82.62699195430778, 20.395031167308, 0.0, 3.982953921905902, 2.7000000000000015 
2.812067416546801, 43.209265986171765, 0.0, -1.4738831769151686, 2.7000000000000015 
80.63749991725018, 74.83951095284348, 0.0, -1.1439142011213668, 2.7000000000000015 
33.06018540935702, 51.935768858601705, 0.0, -0.853558497286726, 2.7000000000000015 
4.298285613336588, 53.32238320625616, 0.0, 4.946937857155474, 2.7000000000000015 
87.8720187748931, 65.39523516644009, 0.0, -0.9139258973427528, 2.7000000000000015 
85.67840144770263, 19.537460297278066, 0.0, 5.214719775065958, 2.7000000000000015 
50.06158818800906, 66.0792838937784, 0.0, 1.801404886295778, 2.7000000000000015 
86.09073610910627, 47.295859512221284, 0.0, -1.0288370342606619, 2.7000000000000015 
51.28618926373047, 9.685396156221488, 0.0, -1.4412031288668667, 2.7000000000000015 
0.38841919448901224, 29.96799192752054, 0.0, -1.5704505440160017, 2.7000000000000015 
61.03172557872205, 14.61121920404954, 0.0, -1.215669005006167, 2.7000000000000015 
12.8791046747968, 67.33479303320703, 0.0, -1.0747762683961084, 2.7000000000000015 
54.588042277879666, 1.7136106152273918, 0.0, -1.0054676964681148, 2.7000000000000015 
18.81599915681147, 18.998883271095405, 0.0, 5.094626008110746, 2.7000000000000015 
33.845746317877165, 49.615512998292466, 0.0, -0.7846436048689039, 2.7000000000000015 
71.7378737751764, 70.64185246812168, 0.0, -0.38442078259281404, 2.7000000000000015 
23.423227229710804, 49.71884479899442, 0.0, -0.34297820031298165, 2.7000000000000015 
57.042640385563836, 6.529132830759393, 0.0, -1.1075893743351344, 2.7000000000000015 
68.94044289209724, 44.755671472408835, 0.0, 5.268679281081857, 2.7000000000000015 
35.200167546803335, 18.080615278383465, 0.0, 5.843099434865714, 2.7000000000000015 
71.95549669306372, 84.34405948461487, 0.0, -1.5273114610342178, 2.7000000000000015 
33.967495424751704, 39.028801518648834, 0.0, -0.49423402813266876, 2.7000000000000015 
33.340381926157335, 35.304089338748405, 0.0, -0.574472047426667, 2.7000000000000015 
29.769777347576788, 56.77041390694854, 0.0, 5.117227739792358, 2.7000000000000015 
0.5627858883951334, 48.08630127921894, 0.0, 5.113929455754866, 2.7000000000000015 
78.66517402587017, 1.0980614549203835, 0.0, 5.023837526706193, 2.7000000000000015 
4.607490924661261, 61.16260603167199, 0.0, 5.1508371836074875, 2.7000000000000015 
8.124264468051901, 12.434830669722468, 0.0, -1.0025529235767592, 2.7000000000000015 
62.52338496035116, 85.16051469549245, 0.0, 5.098551760116964, 2.7000000000000015 
18.025326975100867, 22.166249974765115, 0.0, -1.2147500203125732, 2.7000000000000015 
6.766642887094293, 28.913945377932173, 0.0, -2.0967890351322835, 2.7000000000000015 
18.671656004451215, 62.17778043574472, 0.0, 4.92900849487224, 2.7000000000000015 
19.271969441336793, 55.20516331544054, 0.0, 5.42980397019532, 2.7000000000000015 
36.04438316951775, 54.0613808911257, 0.0, -1.0218775799418816, 2.7000000000000015 
72.14127441102094, 34.44049470340848, 0.0, 4.862956369213036, 2.7000000000000015 
43.45433841304956, 33.34686991867066, 0.0, -1.5901624055208612, 2.7000000000000015 
87.77866280022845, 37.05958040367517, 0.0, 4.800977734674651, 2.7000000000000015 
4.625514485356309, 17.693392931476048, 0.0, -1.3154715525800789, 2.7000000000000015 
3.5966961214470685, 9.068256297184512, 0.0, -0.47616253667509606, 2.7000000000000015 
40.79487745035101, 32.25986716525364, 0.0, -1.3793302225945896, 2.7000000000000015 
73.61634126658896, 68.84302947167998, 0.0, -0.4323449887603205, 2.7000000000000015 
57.32929294841075, 33.86446916959093, 0.0, 5.553954761351418, 2.7000000000000015 
27.21734384297707, 49.97090515534184, 0.0, -0.6211616455303475, 2.7000000000000015 
76.49947122390323, 55.95667004121941, 0.0, -0.685886951515429, 2.7000000000000015 
12.75304172430392, 10.97181166552056, 0.0, 5.280903773948676, 2.7000000000000015 
52.71388772120564, 24.927834054200147, 0.0, -1.0242701631904239, 2.7000000000000015 
20.904805142187183, 1.042388686223759, 0.0, 5.220473402778815, 2.7000000000000015 
67.94693253322967, 74.81513592771739, 0.0, -0.6337790609746894, 2.7000000000000015 
51.97243353877476, 13.308409688691958, 0.0, 4.609132127103349, 2.7000000000000015 
20.414977970926458, 22.038521405891128, 0.0, 4.689999905244846, 2.7000000000000015 
88.10945328556329, 27.769745700838925, 0.0, 4.549833072022546, 2.7000000000000015 
17.27870183828447, 55.87132374784706, 0.0, -0.8159957140302203, 2.7000000000000015 
50.965425970837266, 1.8782078418409027, 0.0, 5.515854071915443, 2.7000000000000015 
0.37780386671584043, 1.8584863388026645, 0.0, 5.90782062882719, 2.7000000000000015 
0.7776895494366657, 73.60074024857664, 0.0, 4.975439451860763, 2.7000000000000015 
58.99966857975863, 23.176429410339512, 0.0, 4.907016367665737, 2.7000000000000015 
20.841657948259986, 64.86439043170965, 0.0, -1.5785883685650228, 2.7000000000000015 
85.72875297227333, 15.793274656638392, 0.0, 5.456414515699609, 2.7000000000000015 
70.94472470919884, 28.92201826194696, 0.0, -1.5760268424879338, 2.7000000000000015 
86.6259056116091, 9.56376634040085, 0.0, 2.8430127434228396, 2.7000000000000015 
77.54111561226627, 84.41706326032946, 0.0, -1.4520979527895455, 2.7000000000000015 
59.24352602858627, 0.5121570823605692, 0.0, -1.2813027918049262, 2.7000000000000015 
37.58027421904046, 12.448285432670069, 0.0, 5.9340081309940125, 2.7000000000000015 
10.618017087720085, 4.525846476135615, 0.0, -0.6096030877076641, 2.7000000000000015 
71.51387517294862, 79.00575904849308, 0.0, -1.1513424986421124, 2.7000000000000015 
4.695332451905395, 48.716265165864094, 0.0, -1.1678040235137785, 2.7000000000000015 
79.46943683362831, 26.063416410477164, 0.0, -1.4427019994733399, 2.7000000000000015 
80.6257185834856, 25.286381110834235, 0.0, 4.393360374420132, 2.7000000000000015 
62.9596376840048, 7.884855657405836, 0.0, -1.2542817757339786, 2.7000000000000015 
8.236960242686203, 36.167629363818925, 0.0, 1.6955044323652266, 2.7000000000000015 
31.18544811518096, 5.174981823274146, 0.0, -0.7138434028857981, 2.7000000000000015 
54.87336458929024, 8.768297847819792, 0.0, -0.8149908721201085, 2.7000000000000015 
82.41483963232902, 28.373741637272474, 0.0, -1.5732777061158774, 2.7000000000000015 
39.584879586301454, 48.88227805002363, 0.0, 5.254882496412752, 2.7000000000000015 
68.69627803502067, 70.94635410391119, 0.0, -0.7499943967248187, 2.7000000000000015 
83.0282968395034, 36.01373081951529, 0.0, -1.107700850857043, 2.6000000000000014 
71.22668415448, 25.164442615036275, 0.0, 4.7585340798382205, 2.7000000000000015 
37.57031692695736, 24.562277483743067, 0.0, -0.48281647463544464, 2.7000000000000015 
67.71032180558431, 80.00145819467612, 0.0, -1.0405969040199372, 2.7000000000000015 
84.92073917305336, 25.181218652459258, 0.0, -1.8903525691053444, 2.7000000000000015 
82.13130597862988, 82.08218111437667, 0.0, -0.8056777001660148, 2.7000000000000015 
83.83399160520966, 47.1534123495159, 0.0, -1.045988921994949, 2.7000000000000015 
43.94359763274693, 44.09911808384153, 0.0, 5.24871036290858, 2.7000000000000015 
82.9156988682777, 62.90862705581812, 0.0, 5.932850626369782, 2.7000000000000015 
84.78938217504042, 50.11314393429358, 0.0, -0.9890507506624064, 2.7000000000000015 
12.962644745547781, 86.81443705393824, 0.0, -1.7639650350169815, 2.7000000000000015 
79.6872537502089, 71.29884365552853, 0.0, 4.874755600723452, 2.7000000000000015 
40.95177017356294, 40.067661864681504, 0.0, 5.289820440555415, 2.7000000000000015 
76.7460985034536, 68.21605142779966, 0.0, -0.20333576986064164, 2.7000000000000015 
1.1174099467120069, 49.84320477150355, 0.0, 5.0423447761537625, 2.7000000000000015 
88.22807302263853, 23.525937083622836, 0.0, 4.673765431654964, 2.7000000000000015 
76.74292000197393, 60.49380532923857, 0.0, -0.7045319698243331, 2.7000000000000015 
79.45743330837233, 37.77708154963527, 0.0, 0.0, 1.0 
82.52532247488972, 15.42911218205994, 0.0, 4.551616959327282, 2.7000000000000015 
38.90508017659559, 18.5487675190238, 0.0, 6.065839293317174, 2.7000000000000015 
50.8476520308571, 27.704125386209313, 0.0, -0.7592486258074794, 2.7000000000000015 
24.455408134319107, 50.732282851843856, 0.0, -0.4018114731765599, 2.7000000000000015 
18.61228847491463, 57.74781282367787, 0.0, -1.0558930385256267, 2.7000000000000015 
82.98596969891055, 52.697616204134185, 0.0, -0.9275127986792865, 2.7000000000000015 
87.25574942708165, 24.839681400147914, 0.0, -1.8477473783157607, 2.7000000000000015 
52.767320335655306, 28.890669133380463, 0.0, -0.783822234234398, 2.7000000000000015 
72.65090929055049, 71.76011303991385, 0.0, -0.8243023170660907, 2.7000000000000015 
9.16706023304218, 86.81534657046737, 0.0, 5.819392354607696, 2.7000000000000015 
74.91873817067427, 12.047544232577376, 0.0, -1.278815000179815, 2.7000000000000015 
41.90554018572996, 24.791141120634396, 0.0, -0.8456978688010033, 2.7000000000000015 
26.409876646053135, 14.732398239392543, 0.0, -0.7601957759427503, 2.7000000000000015 
75.04490263076262, 80.50857082606393, 0.0, -1.3945755057444154, 2.7000000000000015 
54.88218039859351, 18.343713461150156, 0.0, 5.617666628687201, 2.7000000000000015 
75.3670432454458, 70.74007646342288, 0.0, -0.3780181273994638, 2.7000000000000015 
72.00370641241813, 65.65263128208342, 0.0, -1.0997926222228969, 2.7000000000000015 
58.65278500951364, 6.233951328655271, 0.0, -0.880210591183639, 2.7000000000000015 
41.78895109185558, 26.570371719273965, 0.0, -0.5300613349727349, 2.7000000000000015 
0.6317266404054438, 65.66151334489071, 0.0, 4.913214186834797, 2.7000000000000015 
57.47180320659856, 16.532518609447074, 0.0, 5.431211072827539, 2.7000000000000015 
36.68204222450991, 23.641535711669718, 0.0, -0.30000441337645994, 2.7000000000000015 
85.3220810019649, 44.36753130845066, 0.0, -1.0155356153226371, 2.7000000000000015 
59.35366112244495, 12.00051773388839, 0.0, -0.8802545625673469, 2.7000000000000015 
6.889635475828154, 44.282615964781556, 0.0, 4.70224455339162, 2.7000000000000015 
21.193879176926576, 57.165872856592905, 0.0, -1.2514907293898683, 2.7000000000000015 
84.65419577030026, 22.278837149841266, 0.0, 4.3922818204017995, 2.7000000000000015 
55.35671803676596, 10.170476709507033, 0.0, 5.23003888873333, 2.7000000000000015 
78.83807585278896, 46.375636418194254, 0.0, 6.03917268727779, 2.7000000000000015 
81.43794285370916, 7.268080336998897, 0.0, -0.3976128606654269, 2.7000000000000015 
19.54492992062193, 58.68715014293737, 0.0, -1.2324921931174848, 2.7000000000000015 
68.35981273980892, 3.264371391182153, 0.0, 4.822300957414206, 2.7000000000000015 
77.70632242999223, 4.007704277993574, 0.0, 5.728828827806108, 2.7000000000000015 
61.6653148965119, 1.8639524737207764, 0.0, -0.9894597642918227, 2.7000000000000015 
36.725441121443765, 43.7224141569968, 0.0, 5.558315611578822, 2.7000000000000015 
13.650806244640163, 43.59716634729813, 0.0, -1.4293261223734004, 2.7000000000000015 
2.9813720512298723, 39.82801861620747, 0.0, 4.713317215018932, 2.7000000000000015 
20.977904869898765, 17.132072756001826, 0.0, 11.747418177557385, 2.7000000000000015 
64.24353693427476, 6.523939782401106, 0.0, 4.87612969866336, 2.7000000000000015 
75.02312543007957, 9.34965206615897, 0.0, -1.1419849957892656, 2.7000000000000015 
6.426481302520012, 32.14851097021516, 0.0, 4.159711995981514, 2.7000000000000015 
63.479546443361244, 87.8056106965871, 0.0, 5.089174153744517, 2.7000000000000015 
75.26428029633405, 22.610382268309408, 0.0, 0.0, 1.0 
8.41044260233314, 10.535789247045463, 0.0, 5.922559075834089, 2.7000000000000015 
18.610697333831894, 78.17909586939594, 0.0, -1.2805898893946328, 2.7000000000000015 
57.986968901402335, 30.811573532631545, 0.0, -0.4492049228445034, 2.7000000000000015 
73.60527693420632, 74.20334674168957, 0.0, -0.8544233690188681, 2.7000000000000015 
31.864681158884245, 33.160523588783754, 0.0, -0.5299220545693744, 2.7000000000000015 
84.8846199658864, 73.2772120359403, 0.0, 5.1652781389572064, 2.7000000000000015 
0.08717732082524068, 17.06977157346663, 0.0, -1.2024038086313438, 2.7000000000000015 
54.91274795051135, 56.47858287844627, 0.0, 4.858154840033561, 2.7000000000000015 
87.02517534693774, 19.403987543581984, 0.0, -1.1414038997511131, 2.7000000000000015 
55.312864537034265, 48.83557141428891, 0.0, -0.6834492771472598, 2.7000000000000015 
24.723314338367267, 51.8938343483156, 0.0, -0.33540547872435933, 2.7000000000000015 
0.38754531111778, 33.25639978677439, 0.0, 4.541252852887838, 2.7000000000000015 
85.26172508958292, 11.79877725929734, 0.0, 0.0, 1.0 
76.27907180989837, 9.905366655015657, 0.0, 4.793640990505101, 2.7000000000000015 
59.64564932038664, 31.30314345867626, 0.0, -0.377011129723118, 2.7000000000000015 
22.6848380567203, 60.20553032358548, 0.0, 4.949422381081613, 2.7000000000000015 
73.76892167060912, 21.77778177877079, 0.0, -1.0198426714386168, 2.7000000000000015 
48.69221507476512, 14.809013461993834, 0.0, 11.473950416543683, 2.7000000000000015 
21.23952231277051, 14.321973816646146, 0.0, 5.929975860361192, 2.7000000000000015 
32.19515377059497, 48.280608500723076, 0.0, -0.649958225147723, 2.7000000000000015 
75.85585447919604, 57.980864785477394, 0.0, 5.4943587958502365, 2.7000000000000015 
67.02326213800173, 87.32921883004767, 0.0, 4.851001364136756, 2.7000000000000015 
70.51004635063451, 53.48575982400182, 0.0, -0.689307814729365, 2.7000000000000015 
83.78742249386914, 15.582351654651184, 0.0, -1.819786651990094, 2.300000000000001 
78.25296425794232, 19.20815856162984, 0.0, -0.6702183705257097, 2.6000000000000014 
87.62038803810661, 12.097481593213558, 0.0, -0.3440939823349965, 2.7000000000000015 
44.10194298597873, 23.48930342030152, 0.0, 5.3263371415734495, 2.7000000000000015 
61.254694963354645, 43.31717401115802, 0.0, -0.713853164831136, 2.7000000000000015 
66.53057692152977, 70.73908003244965, 0.0, 5.2857608600684465, 2.7000000000000015 
68.01578336268193, 47.47779004065055, 0.0, 5.331231991900411, 2.7000000000000015 
67.67431156609601, 6.492164917454872, 0.0, -1.4338324095247184, 2.7000000000000015 
49.01974404933001, 69.03946985918219, 0.0, 1.6786875480256824, 2.7000000000000015 
84.53587023636372, 60.140736614247984, 0.0, 6.045822103028233, 2.7000000000000015 
66.29199381702983, 7.5123568122268045, 0.0, -1.4356813819707872, 2.7000000000000015 
3.4685065061032954, 45.09322130699341, 0.0, 4.87911681124108, 2.7000000000000015 
81.38047309326343, 33.04708361892795, 0.0, 0.0, 1.0 
45.15938723691711, 30.131506301036318, 0.0, 5.032785202125456, 2.7000000000000015 
55.99422374087833, 19.239823360683868, 0.0, -0.8967220106592646, 2.7000000000000015 
83.48104035513505, 37.45687324591897, 0.0, -1.2123138852222939, 2.7000000000000015 
45.11329228545087, 19.61719136977852, 0.0, -0.8893633966029587, 2.7000000000000015 
3.6476010685923597, 51.652051325903045, 0.0, 5.33864857602674, 2.7000000000000015 
83.81214061867857, 72.41053848225826, 0.0, -1.3492718346893033, 2.7000000000000015 
34.33365956511921, 40.38193610969491, 0.0, 5.484893627673133, 2.7000000000000015 
71.6098180943663, 37.480644640760985, 0.0, 11.610623046642337, 2.7000000000000015 
62.623761463421594, 26.01861031758681, 0.0, -0.6626373056048378, 2.7000000000000015 
80.51812677314133, 18.73559214935139, 0.0, 4.925756514474954, 2.6000000000000014 
87.41118575996684, 58.72442813027445, 0.0, -0.7942354720670313, 2.7000000000000015 
5.732514236838963, 10.643179231223282, 0.0, -0.6185739044445514, 2.7000000000000015 
28.597333664988998, 54.59640266891295, 0.0, 5.51311281388401, 2.7000000000000015 
60.511994705714585, 63.773197735245915, 0.0, 5.179319349969988, 2.7000000000000015 
60.689600691644955, 45.42071239911993, 0.0, 5.4325321855951865, 2.7000000000000015 
28.934024193517754, 13.590472543867547, 0.0, 5.554227775531746, 2.7000000000000015 
70.03914542198967, 45.360415601025665, 0.0, 5.146464329029593, 2.7000000000000015 
9.470347708460967, 6.452292481387912, 0.0, 6.245471925974012, 2.7000000000000015 
32.036919054227965, 50.05655512205472, 0.0, -0.7657454369042613, 2.7000000000000015 
5.053398760584043, 40.327405038456554, 0.0, -1.5512606418866828, 2.7000000000000015 
40.57732047016255, 23.751698391305506, 0.0, 5.864588467758237, 2.7000000000000015 
37.46875950175049, 33.78548414781166, 0.0, 5.353573861442727, 2.7000000000000015 
0.509188270365427, 42.28412897260683, 0.0, 5.086939469428507, 2.7000000000000015 
50.18156990894194, 48.68718891407047, 0.0, 0.7364166235021887, 2.7000000000000015 
76.86873576663345, 2.2864171385687433, 0.0, 5.245521541923036, 2.7000000000000015 
75.05415053219875, 4.999412676575724, 0.0, 5.567677495348618, 2.7000000000000015 
64.57812677474344, 88.22345253871947, 0.0, -7.478126210612919, 2.7000000000000015 
28.34620175501912, 59.81771981477553, 0.0, -1.0711377980108114, 2.7000000000000015 
1.0246060093406448, 57.03816383387029, 0.0, -0.9939467460074752, 2.7000000000000015 
75.30223411416858, 73.72248428707624, 0.0, -1.0445873659582319, 2.7000000000000015 
72.24758898329884, 42.412889530261104, 0.0, -1.0198194239944498, 2.7000000000000015 
88.41950470292167, 47.108497390749676, 0.0, -1.0670235913939858, 2.7000000000000015 
82.07983454646484, 75.00988428053653, 0.0, 5.3226417117374725, 2.7000000000000015 
84.57996347617572, 40.08981065732973, 0.0, 5.426121114272775, 2.7000000000000015 
56.23379136017148, 21.022181677039203, 0.0, 5.196623261959979, 2.7000000000000015 
4.155237575056589, 56.06901301314761, 0.0, 5.234152265484444, 2.7000000000000015 
62.283883165480475, 33.63035836918886, 0.0, -0.6233318327321068, 2.7000000000000015 
21.29303814762411, 25.2836683298046, 0.0, -1.9641216753617137, 2.7000000000000015 
38.65566069687686, 48.01873044125428, 0.0, 5.259952185895349, 2.7000000000000015 
22.527183442588257, 54.1051450629989, 0.0, 5.137117673553884, 2.7000000000000015 
52.49183470220298, 10.328183969571345, 0.0, -1.5455801617640936, 2.7000000000000015 
88.18122920270156, 39.48693705830012, 0.0, -1.1946918959118134, 2.7000000000000015 
34.14408952526644, 46.152340868988595, 0.0, 5.642345361528148, 1.8000000000000007 
84.38825663329045, 29.8581426501887, 0.0, -1.496248020408175, 2.7000000000000015 
83.9489551942851, 33.074531253906756, 0.0, 4.955219225052195, 2.7000000000000015 
83.14555419117802, 26.615168345476757, 0.0, -1.6953500061329103, 2.7000000000000015 
3.225979757968704, 18.154875609946497, 0.0, -1.6332205921748122, 2.7000000000000015 
20.239411803289464, 60.425701096817996, 0.0, 5.01618250311473, 2.7000000000000015 
74.956497915338, 34.260147102430324, 0.0, 5.171398336212784, 2.7000000000000015 
83.52485134670424, 17.949511699786385, 0.0, 0.0, 1.0 
83.58561831719052, 45.354536130245, 0.0, -1.0185332510495517, 2.7000000000000015 
49.696292995956874, 11.833680319211325, 0.0, 5.187506147334341, 2.7000000000000015 
1.9151627233225907, 24.479227998816437, 0.0, -1.878071133806045, 2.7000000000000015 
63.2400565608966, 14.730663940619346, 0.0, -1.46050546102151, 2.7000000000000015 
78.17957506450804, 87.89047935445352, 0.0, 5.324131882388377, 2.7000000000000015 
71.61742925439825, 9.156898814427903, 0.0, 4.88318001605018, 2.7000000000000015 
88.21655647595394, 3.7500658843133063, 0.0, 5.493777038726373, 2.7000000000000015 
42.69997762096696, 21.363959155836, 0.0, -0.812929866722903, 2.7000000000000015 
81.83938365414785, 46.51892259486297, 0.0, 5.223335348484262, 2.7000000000000015 
8.446361475351294, 40.68381083157462, 0.0, 4.644148663889001, 2.7000000000000015 
30.60196569980065, 37.26442802531187, 0.0, -0.7351163958229203, 2.7000000000000015 
36.51395966603826, 50.17943060412682, 0.0, -0.979619220452684, 2.7000000000000015 
57.36196549884896, 39.20603135001641, 0.0, -0.8244464815880191, 2.7000000000000015 
83.29151595128513, 12.457095024454658, 0.0, 4.897322754734103, 2.7000000000000015 
15.140292505456477, 8.588857266589143, 0.0, -0.6828774713423928, 2.7000000000000015 
87.3468791315536, 49.98530491177194, 0.0, -0.9977497347803347, 2.7000000000000015 
4.851459592311444, 36.97186903890068, 0.0, 4.55942176197191, 2.7000000000000015 
72.2777721019353, 46.493461303467015, 0.0, -1.1936965925939114, 2.7000000000000015 
68.48456422269174, 72.80850136565665, 0.0, 5.476761805508911, 2.7000000000000015 
8.133562427307043, 14.291016307177081, 0.0, 5.634028198444219, 2.7000000000000015 
58.78258959850722, 66.82957097552938, 0.0, -1.0471098564076786, 2.7000000000000015 
73.43725720080455, 34.02064235605091, 0.0, -1.4828262670196357, 2.7000000000000015 
73.47073641460759, 1.8422788466022497, 0.0, 2.037796057202828, 2.7000000000000015 
15.066794007925248, 29.789029119412167, 0.0, 5.203372298803776, 2.7000000000000015 
73.24320718906522, 43.26314554134104, 0.0, 4.999049953704582, 2.7000000000000015 
62.43147428271038, 50.31337614542339, 0.0, 5.545324014916008, 2.7000000000000015 
46.46745613230805, 23.987639411212, 0.0, 5.31238244005388, 2.7000000000000015 
75.93398450060317, 44.94274562586397, 0.0, 5.503227465179415, 2.7000000000000015 
87.91754328087596, 67.73774774298289, 0.0, 4.940615219680662, 2.7000000000000015 
73.29738291875195, 76.24920414781474, 0.0, -0.9277860275749745, 2.7000000000000015 
84.206397209275, 69.34913519451472, 0.0, 5.087399529551799, 2.7000000000000015 
55.66566069137427, 30.703327916669682, 0.0, -0.42485739477491047, 2.7000000000000015 
32.139343682849756, 37.58248295286384, 0.0, -0.8386296674923287, 2.7000000000000015 
34.67892311799157, 31.55379228891277, 0.0, -0.7736460751552763, 2.7000000000000015 
53.00791914898978, 46.0573596035737, 0.0, -0.579937493853059, 2.7000000000000015 
71.52532327830028, 31.906672796682027, 0.0, -7.272979850892332, 2.7000000000000015 
64.935957590604, 28.94723366448848, 0.0, -0.4949894084183316, 2.7000000000000015 
79.10983264348641, 5.326287164540047, 0.0, 5.2165023494794305, 2.7000000000000015 
41.94721588246386, 35.713848013072464, 0.0, -1.0863396901798876, 2.7000000000000015 
66.30196944006457, 18.17445125826645, 0.0, 5.474314406589939, 2.7000000000000015 
8.689113548667233, 15.579296385692285, 0.0, 5.510277858975031, 2.7000000000000015 
61.19820161275413, 12.260159986477317, 0.0, -0.8422479690834804, 2.7000000000000015 
34.82148944352697, 35.818143413605775, 0.0, 12.026210365623509, 2.7000000000000015 
55.38587603040426, 38.692101692087256, 0.0, -0.8451455997339984, 2.7000000000000015 
5.595660130944791, 23.246982942086806, 0.0, -1.896216345551584, 2.7000000000000015 
81.02509320366643, 13.71940522333943, 0.0, -0.5660103800877017, 2.7000000000000015 
62.56386340102305, 69.02184668174158, 0.0, -1.6328030282479988, 2.7000000000000015 
12.949877494427119, 8.973378510702219, 0.0, 5.51909144370241, 2.7000000000000015 
87.58591412664671, 74.64379355814492, 0.0, 4.427591106903657, 2.7000000000000015 
67.31902357437394, 51.61169846564543, 0.0, 5.8969669507977915, 2.7000000000000015 
78.23659213935598, 60.720625321605276, 0.0, -1.0657115491208897, 2.7000000000000015 
4.594473576254226, 1.9297281562175665, 0.0, -0.5993308709482355, 2.7000000000000015 
26.584231817332977, 48.88964934507116, 0.0, 5.877265366737025, 2.7000000000000015 
84.5785260389651, 34.90921752180269, 0.0, -1.4534018835879403, 2.7000000000000015 
1.7460312830334992, 21.426239422683484, 0.0, -1.744927334958502, 2.7000000000000015 
62.11594079481095, 87.89919576754575, 0.0, -1.1145817614709843, 2.7000000000000015 
86.91330458910706, 42.583347654521525, 0.0, -1.2428756390815723, 2.7000000000000015 
2.702614225546317, 36.48484958264038, 0.0, -8.046524239838348, 2.7000000000000015 
62.88437150545679, 30.774590041964334, 0.0, -6.5938101695801725, 2.7000000000000015 
64.63770616984299, 14.121770245569984, 0.0, -1.4237409318372665, 2.7000000000000015 
47.98439430545116, 19.136746492621416, 0.0, 5.244769751883681, 2.7000000000000015 
34.19825264421269, 44.60649581486681, 0.0, -0.5689501832251949, 2.7000000000000015 
72.4595063773858, 49.42227971590585, 0.0, -0.8312822692147538, 2.7000000000000015 
52.111865236674, 20.128417328688418, 0.0, 5.605183109945788, 2.7000000000000015 
20.083164346538823, 25.54955570680437, 0.0, -1.7616141361079243, 2.7000000000000015 
80.34839587190791, 68.3050819759098, 0.0, 5.376341100771636, 2.7000000000000015 
85.65098731807805, 45.774101979818404, 0.0, -1.0630808266452303, 2.7000000000000015 
83.17390456792228, 56.716779862654555, 0.0, 5.049933544411215, 2.7000000000000015 
6.110516667261194, 38.88417966854518, 0.0, 4.584658335070858, 2.7000000000000015 
86.15446334911846, 58.04041508689772, 0.0, 5.538509443391893, 2.7000000000000015 
5.61933391799699, 29.251800256298633, 0.0, -2.0837363272934266, 2.7000000000000015 
42.885580489984726, 18.356299257259458, 0.0, -0.7067805980352112, 2.7000000000000015 
5.522493830293201, 14.705371828005608, 0.0, -1.500931329665546, 2.7000000000000015 
2.2583915933998773, 33.29913168643685, 0.0, 4.566379949234564, 2.6000000000000014 
0.9629888322875649, 25.289122287744455, 0.0, -1.866452816687251, 2.7000000000000015 
70.02378012784648, 37.556630770177925, 0.0, 5.310756225449108, 2.7000000000000015 
65.72153297213558, 82.42385519960088, 0.0, 5.237561093008848, 2.7000000000000015 
49.58371207485934, 21.1086389117313, 0.0, -1.4332249135926776, 2.7000000000000015 
42.09617693098005, 82.75514401296589, 0.0, 5.2667145015040395, 2.7000000000000015 
79.99624065172159, 47.59314759464464, 0.0, -1.0255186555553597, 2.7000000000000015 
68.46992943764141, 77.38592532823345, 0.0, -0.947089571676876, 2.7000000000000015 
21.772719294041472, 52.79173401067759, 0.0, 5.496788380522715, 2.7000000000000015 
15.40300778777317, 6.7094061405059735, 0.0, 5.452934655902849, 2.7000000000000015 
37.92775591931669, 59.070709871462334, 0.0, -7.555865751743576, 2.7000000000000015 
83.12383283643591, 61.68447744650094, 0.0, -0.3243938881468849, 2.7000000000000015 
68.15692357807268, 40.13957911468314, 0.0, -1.2095132470104375, 2.7000000000000015 
10.825341718646666, 0.22534166536038908, 0.0, -0.8244646283836614, 2.7000000000000015 
66.1902427818236, 85.74246465117336, 0.0, -1.2049025312187158, 2.7000000000000015 
70.30657857577526, 82.129944267477, 0.0, -1.3550222925420106, 2.7000000000000015 
77.23199709855295, 58.36090234137486, 0.0, -0.9223804978216917, 2.7000000000000015 
77.1269354358752, 71.1359440190232, 0.0, 5.3232980820113776, 2.7000000000000015 
28.15499304890612, 12.503842643828468, 0.0, 5.828832306675681, 2.7000000000000015 
85.36131444918202, 40.81413552782232, 0.0, -1.0011218632519567, 2.7000000000000015 
69.20419033067932, 8.43705909282913, 0.0, -1.035984747009409, 2.7000000000000015 
38.87851567633385, 42.800879941221304, 0.0, -0.8410343779780417, 2.7000000000000015 
77.04151794507736, 75.33318155470637, 0.0, -1.2756279480425083, 2.7000000000000015 
74.61226822691947, 49.37829839233162, 0.0, -0.445103677579608, 2.7000000000000015 
1.4689208909506049, 30.041139904474722, 0.0, -1.8744278988267395, 2.7000000000000015 
49.452520640940534, 16.11634545760359, 0.0, 5.158820109082856, 2.7000000000000015 
73.91951492480837, 82.57170082767638, 0.0, -1.6136011273643265, 2.7000000000000015 
86.28583207959052, 35.40384638003075, 0.0, -1.5190126603249694, 2.7000000000000015 
79.33025238760902, 29.383702365155465, 0.0, -1.5063924142809342, 2.7000000000000015 
77.4200231848315, 21.379568288127324, 0.0, -0.9212607672648295, 2.7000000000000015 
39.85815121928931, 36.448007810021736, 0.0, 5.648399292239456, 2.7000000000000015 
81.26429314743591, 37.83022340950271, 0.0, 5.141011254376938, 2.7000000000000015 
16.68699734685619, 60.3024915633094, 0.0, 5.200118436051151, 2.7000000000000015 
30.479582587339525, 80.52582779766816, 0.0, 6.0060738841553585, 2.7000000000000015 
27.052253283373222, 16.287185501306887, 0.0, -1.2724292540140538, 2.7000000000000015 
57.85722318073337, 18.052572214950715, 0.0, 5.197885185245454, 2.7000000000000015 
76.5491946528349, 33.988010887085835, 0.0, 5.406917650042852, 2.7000000000000015 
80.06785294550795, 59.589021723806994, 0.0, 5.118682417688457, 2.7000000000000015 
69.26081463060379, 42.44879250160396, 0.0, 5.362255205561535, 2.7000000000000015 
76.5304716005292, 53.053316155236786, 0.0, -0.5781444028653197, 2.7000000000000015 
81.34165524276875, 70.40798254716724, 0.0, -1.0274454544197398, 2.7000000000000015 
47.37455684412958, 17.806409355130118, 0.0, -0.9689954468327043, 2.7000000000000015 
87.07736396279816, 31.058512826944305, 0.0, 4.59753673601398, 2.7000000000000015 
86.17465406874237, 31.233028377154277, 0.0, -1.678391592125809, 2.7000000000000015 
7.251100391096307, 38.332336563720375, 0.0, -1.7856600951680475, 2.7000000000000015 
76.54922428017825, 47.727268512781365, 0.0, 6.066757433614238, 2.7000000000000015 
29.475889937764844, 47.79418138728861, 0.0, -0.6093330543744666, 2.7000000000000015 
53.922185801477, 72.62503184341222, 0.0, 5.569424996119759, 2.7000000000000015 
41.749075584803926, 46.69142856052343, 0.0, 5.337022927329188, 2.7000000000000015 
55.992557370581295, 16.205402085394574, 0.0, -0.6853323430839349, 2.7000000000000015 
65.70835266196137, 0.1123430123831777, 0.0, -1.3120093866575278, 2.7000000000000015 
47.308247127794004, 48.50410351351576, 0.0, 6.286908824525771, 2.7000000000000015 
86.90965090933162, 39.93593390342253, 0.0, -1.278167883741383, 2.7000000000000015 
37.86112174033221, 25.899071041913736, 0.0, 5.614252300529305, 2.7000000000000015 
82.88079793657347, 40.3173733196191, 0.0, -7.4416998258868725, 2.7000000000000015 
81.25107216118604, 23.736491244736822, 0.0, -1.6890802678309274, 2.6000000000000014 
46.124905163144845, 22.255781248636733, 0.0, 5.323635342403391, 2.7000000000000015 
83.34067390114639, 24.27558893243727, 0.0, 4.293177789777878, 2.7000000000000015 
63.10971636842714, 66.32988914947994, 0.0, -1.7918275495148857, 2.7000000000000015 
55.77016203624923, 4.714559735925972, 0.0, 5.550738202638551, 2.7000000000000015 
64.00442484435278, 31.742669585128137, 0.0, -0.26884006157181184, 2.7000000000000015 
23.07744052524078, 16.08972529799516, 0.0, -2.0759960998701263, 2.6000000000000014 
42.36421873963473, 17.06491372999493, 0.0, -0.5219702565142725, 2.7000000000000015 
20.47989203698056, 19.22632628539216, 0.0, 11.685152858042903, 2.7000000000000015 
5.674518258250734, 53.097917407676476, 0.0, 5.093715593857073, 2.7000000000000015 
66.82461469930129, 40.20421325346404, 0.0, -1.0820662493098234, 2.7000000000000015 
59.8779312474538, 9.945391034009294, 0.0, -0.7338569633548202, 2.7000000000000015 
50.88135976383198, 18.789706476852114, 0.0, 4.876211272756025, 2.7000000000000015 
80.21806885800294, 22.002209363925022, 0.0, 4.654537919371177, 2.7000000000000015 
86.83156110480209, 70.57050747446563, 0.0, 5.550741804319685, 2.7000000000000015 
2.900696741636536, 31.73381149299837, 0.0, -1.855592909283568, 2.7000000000000015 
74.74717574940068, 36.77240408282998, 0.0, 5.15113216166182, 2.7000000000000015 
68.2883565682312, 86.23604819548953, 0.0, 4.852887815296246, 2.7000000000000015 
74.31882726049541, 8.028312979592018, 0.0, -1.1860595389393953, 2.7000000000000015 
75.9689743170819, 18.08852637801925, 0.0, 5.591185784647334, 2.7000000000000015 
6.280769293626614, 59.629035077794484, 0.0, 5.003782706278642, 2.7000000000000015 
36.263652200541465, 42.44914561765405, 0.0, -0.569180454964941, 2.7000000000000015 
88.25623166514717, 63.294574503345274, 0.0, 5.347043853791006, 2.7000000000000015 
28.030364157581754, 38.2198210060286, 0.0, 5.719918281321965, 2.7000000000000015 
76.66064538846976, 31.832106625812045, 0.0, -1.1901862305961781, 2.7000000000000015 
40.722562273039685, 42.29257588453575, 0.0, 5.29640806881873, 2.7000000000000015 
71.40933211417752, 56.32525920242931, 0.0, -0.7312776431633335, 2.7000000000000015 
17.16291053147764, 78.64356743481818, 0.0, 5.0223726129689314, 2.7000000000000015 
80.38483222194237, 36.35407042085507, 0.0, 0.0, 1.0 
82.49766458687286, 72.4594649558334, 0.0, 5.16320330092607, 2.7000000000000015 
77.37115506937741, 41.73507725195019, 0.0, 0.09266197269618279, 2.7000000000000015 
18.575953395057198, 14.788322713425858, 0.0, -0.6901269967320305, 2.7000000000000015 
26.095354482579772, 57.03684483428505, 0.0, 5.610357084849257, 2.7000000000000015 
3.5697835505254027, 35.08612452493747, 0.0, -1.766952401950789, 2.7000000000000015 
30.870061134803542, 57.28491584780053, 0.0, -1.1737304617779625, 2.7000000000000015 
70.81829058379017, 42.33086585494605, 0.0, 5.093444698832497, 2.7000000000000015 
73.16343063852887, 31.22283600990798, 0.0, -1.2820571009327901, 2.7000000000000015 
74.57996176813776, 72.18984543957234, 0.0, -0.29581760653371325, 2.7000000000000015 
46.8638727311059, 12.215633147556895, 0.0, -0.5504055271302452, 2.7000000000000015 
70.36309371958204, 72.55794119562722, 0.0, 5.602659473632701, 2.7000000000000015 
76.47548371716734, 65.11780504577422, 0.0, -0.4615065093399805, 2.7000000000000015 
42.05594869518915, 27.812547368440093, 0.0, -0.5410528491835523, 2.7000000000000015 
42.60003710121763, 43.8865630051492, 0.0, 5.1659409939959895, 2.7000000000000015 
57.00891949441613, 87.703483224972, 0.0, 5.430002329364016, 2.7000000000000015 
11.558052137410503, 85.38489719610641, 0.0, -1.653300328931038, 2.7000000000000015 
59.52426968928624, 27.140573303236263, 0.0, 5.535995581884653, 2.7000000000000015 
25.537601923255405, 54.226271498627966, 0.0, -0.905843013073825, 2.7000000000000015 
80.45573438109182, 15.401950452816873, 0.0, 5.747561282244619, 2.7000000000000015 
64.13191246991893, 80.9372992236822, 0.0, 5.515139412544292, 2.7000000000000015 
73.21794898176968, 37.04457312921324, 0.0, -1.0832741525495864, 2.7000000000000015 
81.49261399596318, 84.33701356457104, 0.0, 5.4713369102844345, 2.7000000000000015 
1.858598671379867, 41.35879738088232, 0.0, 4.748328296769565, 2.7000000000000015 
46.03314321092248, 4.013873051195721, 0.0, -1.2542072146415257, 2.7000000000000015 
53.32822233347564, 12.533411372305725, 0.0, -1.3803369227014524, 2.7000000000000015 
67.2419779431696, 76.70229825199135, 0.0, 5.7379272609957, 2.7000000000000015 
57.74387967367717, 22.848139091899846, 0.0, -1.170876792506372, 2.7000000000000015 
49.814994430062086, 50.510756838925296, 0.0, -0.17999542797459595, 2.7000000000000015 
69.56514953553415, 2.5636757521565756, 0.0, 4.708836095545539, 2.7000000000000015 
82.74930685043793, 69.9378492333119, 0.0, 5.1758132492221485, 2.7000000000000015 
70.0737429877056, 55.49068170768987, 0.0, -0.8123869834304744, 2.7000000000000015 
81.62251361473525, 44.760902103947714, 0.0, 5.37661853226762, 2.7000000000000015 
77.88838777789533, 69.07890655670163, 0.0, 5.818255738741511, 2.7000000000000015 
4.232153166610824, 20.811115635060332, 0.0, 4.539231834021681, 2.7000000000000015 
81.23726879857685, 29.14663592223, 0.0, 0.0, 1.0 
54.737935181755184, 46.65792962350345, 0.0, 5.500774887496611, 2.7000000000000015 
2.1489528919414242, 46.588919812102354, 0.0, -1.3024667053292904, 2.7000000000000015 
3.7043054680946272, 26.886760026243604, 0.0, -2.0738344115224963, 2.7000000000000015 
60.8868793414901, 4.365781673468672, 0.0, 5.337398329054059, 2.7000000000000015 
7.106891266017627, 0.017022450496915094, 0.0, 5.96994334643683, 2.7000000000000015 
74.70841768130614, 16.504162880825714, 0.0, 3.3330660939859973, 2.7000000000000015 
56.62234795951193, 32.79783791085458, 0.0, -0.6289260364758807, 2.7000000000000015 
67.17406918810562, 28.71299727156551, 0.0, 2.572075750547275, 2.7000000000000015 
21.251201695036062, 61.563722507947574, 0.0, 4.830234216443339, 2.7000000000000015 
77.80459418409185, 35.66185978708684, 0.0, -1.66095912302274, 2.7000000000000015 
78.51633063490009, 32.60421415685149, 0.0, 5.010948336595671, 2.7000000000000015 
44.73009633039268, 26.66862279030287, 0.0, 5.506358846628098, 2.7000000000000015 
60.591766882323846, 42.25908207924851, 0.0, 5.689151533748883, 2.7000000000000015 
74.89075915260983, 55.189073034253525, 0.0, 5.660841417405957, 2.7000000000000015 
3.2011044626187357, 11.59914470420724, 0.0, -7.0192524345551455, 2.7000000000000015 
52.4730842094346, 6.640696106575631, 0.0, -0.8540771912554532, 2.7000000000000015 
6.02873353508586, 17.65444642524636, 0.0, 4.721214688556496, 2.7000000000000015 
6.511722917587685, 7.56451731143533, 0.0, -0.36455258973791116, 2.7000000000000015 
79.32195632288338, 23.20604950128544, 0.0, -1.5686510349140559, 2.7000000000000015 
73.45747881154531, 11.204197577749797, 0.0, -1.575725285789891, 2.7000000000000015 
79.96064940396376, 87.15827148695703, 0.0, -1.4838686495086213, 2.7000000000000015 
59.48549215853341, 7.145680932926934, 0.0, -0.8862130024787827, 2.7000000000000015 
47.24743689265392, 47.24480969540404, 0.0, 6.4166934579285835, 2.7000000000000015 
50.922483891350836, 15.36246896363735, 0.0, 11.066044636487062, 2.7000000000000015 
25.690976029301297, 59.126897565071594, 0.0, -0.9985523775771695, 2.7000000000000015 
1.5272384007872921, 44.89624164577637, 0.0, 4.986178638761514, 2.7000000000000015 
36.25514570953713, 47.24419630041504, 0.0, -0.8727195735770095, 2.7000000000000015 
67.68413234232325, 84.05063403974489, 0.0, -1.3419102521671606, 2.7000000000000015 
6.232391567424449, 47.38781901822483, 0.0, -1.4135866310045153, 2.7000000000000015 
0.21423021961997507, 71.82745522201233, 0.0, -1.0371059863907053, 2.7000000000000015 
14.904207150048144, 44.14853162984574, 0.0, 4.805387181804647, 2.7000000000000015 
79.47935221539271, 39.8960269656582, 0.0, 5.189888108679703, 2.7000000000000015 
57.90179687389332, 20.36039225017721, 0.0, 5.180817850782136, 2.7000000000000015 
70.29685527139384, 9.136272382548622, 0.0, 5.024271936685458, 2.7000000000000015 
78.45403104655301, 50.48661762483885, 0.0, 5.125855642873415, 2.7000000000000015 
88.17849309917206, 51.27922320421913, 0.0, -1.3441814737851783, 2.7000000000000015 
75.6409362299029, 66.89831631311523, 0.0, 5.756752976828, 2.7000000000000015 
5.930158975272598, 42.17843376063488, 0.0, 4.8118067741124735, 2.7000000000000015 
59.52257791510719, 15.098551481001135, 0.0, 5.19677007049105, 2.7000000000000015 
83.04940576049356, 67.44768392906356, 0.0, 5.20495020547952, 2.7000000000000015 
75.86260009539802, 62.656681564039246, 0.0, 5.585655260336091, 2.7000000000000015 
35.380087037045655, 49.709813896981494, 0.0, -0.914748956681122, 2.7000000000000015 
29.479568103693364, 42.62565483605011, 0.0, -0.6494502829729197, 2.7000000000000015 
76.97334047861665, 45.71213656358758, 0.0, 5.362315553082624, 2.7000000000000015 
25.4907355449656, 18.422746015774084, 0.0, -1.2711211372159907, 2.7000000000000015 
2.6446068881020115, 48.53634435336471, 0.0, 5.018970740126558, 2.7000000000000015 
87.59526009409973, 15.253658181852913, 0.0, -0.8336843954261742, 2.7000000000000015 
49.93030871294759, 9.232645686463565, 0.0, 5.17034107912209, 2.7000000000000015 
87.37544630616797, 44.25808205413628, 0.0, -1.1217713439171921, 2.7000000000000015 
5.479744918486722, 45.481920266935106, 0.0, 4.933550661498241, 2.7000000000000015 
25.965217434511665, 61.34498180200667, 0.0, -1.296461608700048, 2.7000000000000015 
4.1579324900024375, 15.556747334792643, 0.0, -1.3249166694531134, 2.7000000000000015 
39.886113181810614, 22.68411049875037, 0.0, 5.838406552023283, 2.7000000000000015 
3.4066005438522806, 0.7385491127177516, 0.0, 6.220872168130082, 2.7000000000000015 
31.47041304543287, 39.84383096876669, 0.0, 5.366120834220211, 2.7000000000000015 
52.101415689918184, 16.67761422663217, 0.0, -1.5043590946346908, 2.7000000000000015 
72.93308628053687, 78.53719492245718, 0.0, -1.1076255864295856, 2.7000000000000015 
3.1183824670510045, 63.37003339428477, 0.0, 4.688679896542876, 2.7000000000000015 
78.37844583352691, 43.008021406141175, 0.0, 5.428850712917188, 2.5000000000000013 
16.592743858085143, 24.254287360988116, 0.0, 4.736643481562589, 2.7000000000000015 
60.28518316964659, 32.43643703658111, 0.0, -0.37014238740818733, 2.7000000000000015 
83.85801611816235, 9.386163486026664, 0.0, -1.7350867097762366, 2.7000000000000015 
42.51031130000709, 39.61822835053248, 0.0, -1.2317528621838245, 2.7000000000000015 
41.88302692129279, 42.68312719708486, 0.0, 5.241237507006822, 2.7000000000000015 
78.61799480000413, 12.343220360512921, 0.0, -1.8867969685396493, 2.7000000000000015 
79.42963788918618, 56.39052191724244, 0.0, -0.898864118038882, 2.7000000000000015 
37.62229470446518, 9.337574532356298, 0.0, -0.4577353527016935, 2.7000000000000015 
3.140577548782532, 23.982376186966956, 0.0, -1.9072213384539112, 2.7000000000000015 
50.71632722525116, 35.93500009039329, 0.0, 5.516858401673411, 2.7000000000000015 
60.41034941123238, 82.46439469759748, 0.0, 5.000717650689052, 2.7000000000000015 
66.62335158257439, 30.363303133244443, 0.0, -0.26564935547834667, 2.7000000000000015 
82.02081082124936, 22.376514522142678, 0.0, 4.5906193551186325, 2.7000000000000015 
54.50967132026243, 42.49793936144327, 0.0, -0.7101314084142929, 2.7000000000000015 
4.336088586596023, 33.67225266828029, 0.0, 4.475085311829296, 2.7000000000000015 
61.83648912669018, 7.290025409617871, 0.0, 5.085140960840066, 2.7000000000000015 
39.80232461964615, 45.047206584523224, 0.0, 5.276969486928457, 2.7000000000000015 
66.96906482211728, 4.223458898247445, 0.0, -1.3972104212099694, 2.7000000000000015 
57.44927714159468, 25.576605874489676, 0.0, 5.137090774199823, 2.7000000000000015 
8.442949477586176, 1.7810669684480183, 0.0, -0.9030701872359239, 2.7000000000000015 
49.669853342062936, 0.752785516188971, 0.0, -0.9196680255238814, 2.7000000000000015 
58.23541028972136, 9.880829141675637, 0.0, 5.282317178109055, 2.7000000000000015 
71.01436650092684, 75.44116364098547, 0.0, 5.760244253069544, 2.7000000000000015 
59.49648607286318, 85.31958301417308, 0.0, 5.519091772825151, 2.7000000000000015 
27.378082354351115, 11.452912112871187, 0.0, 5.861988690473111, 2.7000000000000015 
70.70148894861249, 34.81147310797207, 0.0, -1.1240988320922471, 2.7000000000000015 
72.50213933713417, 51.23278740909306, 0.0, -0.5395477305594435, 2.7000000000000015 
65.4755632606277, 10.868707180298621, 0.0, -1.2955088511481239, 2.7000000000000015 
82.03305121364961, 39.1003486231159, 0.0, 5.027105591666643, 2.7000000000000015 
4.130991925754367, 47.01086403645583, 0.0, -1.2983828661137886, 2.7000000000000015 
74.95658875038967, 69.694770888517, 0.0, -0.2965620120901774, 2.7000000000000015 
88.54375220025644, 61.12125644490341, 0.0, 5.3680347916180775, 2.7000000000000015 
76.66587721473773, 7.442197523411507, 0.0, 3.5805784213617486, 2.7000000000000015 
62.13425841092261, 83.32360261542071, 0.0, -0.6793140582438092, 2.7000000000000015 
17.121785821959055, 57.806962130888074, 0.0, -0.9436049150692907, 2.7000000000000015 
1.1408128054635915, 14.206458877152945, 0.0, -0.8745782678338531, 2.7000000000000015 
81.78229184729062, 17.478128073611995, 0.0, 4.587910399144334, 2.5000000000000013 
36.88884095487461, 37.281153716695314, 0.0, -0.39527034617169954, 2.7000000000000015 
69.99937474034971, 79.72646365982628, 0.0, -1.2738005004031419, 2.7000000000000015 
21.558055113300703, 20.607592682765162, 0.0, 4.767893406508143, 2.7000000000000015 
84.99788766651334, 55.629837647272645, 0.0, -0.9466794520020009, 2.7000000000000015 
2.689225651176576, 50.774101168691885, 0.0, 5.293355999039082, 2.7000000000000015 
30.292473033244832, 44.969262041639254, 0.0, 5.702246320565444, 2.7000000000000015 
65.13381337541044, 45.75653244865299, 0.0, 5.343364152366036, 2.7000000000000015 
67.63450203735731, 0.916465205054208, 0.0, -1.4511873194833838, 2.7000000000000015 
57.282968455528355, 9.01965573934453, 0.0, 5.2552629656077565, 2.7000000000000015 
78.04495885061482, 17.2932014176765, 0.0, 5.128521801696552, 2.5000000000000013 
42.36168605117557, 48.027884388453835, 0.0, 5.336855609117279, 2.7000000000000015 
76.26789820238723, 49.72515191060952, 0.0, -0.9747115680293826, 2.7000000000000015 
79.94914527434521, 67.2060891110146, 0.0, 5.819224803907754, 2.7000000000000015 
78.10591056821053, 66.82213410893615, 0.0, -0.3008207331251508, 2.7000000000000015 
70.42771245967593, 48.146500252646014, 0.0, -1.0344301516802672, 2.7000000000000015 
73.81040321460532, 24.347177648789675, 0.0, 5.258475819317637, 1.4000000000000004 
58.685992484048384, 14.189230607955018, 0.0, 5.544766633960133, 2.7000000000000015 
47.79387805887784, 14.036476957999378, 0.0, -1.1040605965897548, 2.7000000000000015 
49.69042688599785, 18.099728327897765, 0.0, -1.2138996323766618, 2.7000000000000015 
38.29283876490133, 30.81599271864713, 0.0, -0.8871013672159269, 2.7000000000000015 
38.080406532917266, 40.37051086583274, 0.0, 5.6513054427751825, 2.7000000000000015 
18.95124788513458, 26.596281027744887, 0.0, -1.6693754359722979, 2.7000000000000015 
86.9339503493811, 13.662115295921009, 0.0, -0.521350734750453, 2.7000000000000015 
40.17531366074007, 50.24712972763337, 0.0, -1.0331081291504691, 2.7000000000000015 
58.40942441842088, 44.32453730626684, 0.0, -0.48989977998114875, 2.7000000000000015 
56.61960631244619, 28.890713975399272, 0.0, 5.78887130031702, 2.7000000000000015 
50.549952095614124, 26.103990559616197, 0.0, -0.8260062151503483, 2.7000000000000015 
28.22410460007098, 56.44862874406935, 0.0, 5.5128310105137555, 2.7000000000000015 
56.50972234405099, 50.86642967204874, 0.0, -1.102161589313832, 2.7000000000000015 
47.91540148659658, 25.96003385108776, 0.0, -0.5682795229243099, 2.7000000000000015 
72.31437910788286, 73.68249168470992, 0.0, -0.5191909076965092, 2.7000000000000015 
82.39361453781876, 11.046632111882467, 0.0, -1.2021278997271954, 2.7000000000000015 
1.4194161575834623, 62.77572324607192, 0.0, 5.4444162868727695, 2.7000000000000015 
81.16250159290708, 20.443243370627997, 0.0, -1.5080308348983567, 2.7000000000000015 
49.195925578043045, 32.487005103241614, 0.0, 5.524570111306781, 2.7000000000000015 
3.5937199083890583, 30.520402754069377, 0.0, 4.299950171234847, 2.7000000000000015 
65.61370484084253, 73.76676824258092, 0.0, -1.2390227208683562, 2.7000000000000015 
88.05194116767191, 33.85838107745718, 0.0, -7.984496765338277, 2.7000000000000015 
1.1932851357266634, 32.369071249264664, 0.0, 4.581197399932125, 2.7000000000000015 
77.64839570273409, 79.26410810050541, 0.0, 4.948855704226453, 2.7000000000000015 
71.22370414176041, 39.700233156008245, 0.0, 5.339958864204176, 2.7000000000000015 
35.10439247868098, 26.764289244717364, 0.0, 5.349420337355745, 2.7000000000000015 
36.525535901185094, 40.02105800424974, 0.0, 5.763971679589711, 2.7000000000000015 
62.024929335693535, 4.942967714544859, 0.0, -0.9198187901113817, 2.7000000000000015 
23.857717286827942, 57.10911895235642, 0.0, 5.108518737898108, 2.7000000000000015 
27.599865714621135, 52.96144249149137, 0.0, 5.35648826422261, 2.7000000000000015 
36.56767315366788, 45.251960932027124, 0.0, -0.7080365985404001, 2.7000000000000015 
54.30795054632301, 54.2025292059552, 0.0, 4.962407225528793, 2.7000000000000015 
6.579182103010817, 12.649753676657161, 0.0, 4.7473117484637335, 2.7000000000000015 
65.33281087392774, 17.33513629284889, 0.0, 2.1664741062813837, 2.7000000000000015 
13.42478070291287, 12.742453079359633, 0.0, -0.7771118336778908, 2.7000000000000015 
85.13562065450405, 51.695342327507596, 0.0, -0.8690133858166159, 2.7000000000000015 
0.022880559488386687, 56.158495352065856, 0.0, 5.425790223856129, 2.7000000000000015 
2.4782632755231107, 54.27931389397285, 0.0, 5.390757324949798, 2.7000000000000015 
76.36651624808036, 36.09761685177133, 0.0, -1.1351512786378755, 2.7000000000000015 
85.9409354100387, 88.08345243273966, 0.0, 5.405625617427819, 2.7000000000000015 
5.643383034693635, 86.34758117056028, 0.0, -0.6427979943348529, 2.7000000000000015 
72.31961174332096, 53.34870237208703, 0.0, 5.221381942164713, 2.7000000000000015 
37.15603005509762, 38.44659963330552, 0.0, 5.822045508643665, 2.7000000000000015 
50.02760179108361, 51.77698751390722, 0.0, -0.26066181961505364, 2.7000000000000015 
23.845382693530837, 11.909414913145026, 0.0, -0.09671920579743014, 2.7000000000000015 
35.306822767319524, 53.00700415133059, 0.0, -0.9092086446490032, 2.7000000000000015 
86.14760014274322, 28.09002128950648, 0.0, 4.551570004270781, 2.7000000000000015 
73.87515242573932, 57.356196055212756, 0.0, -0.7727232934505714, 2.7000000000000015 
0.43762840641657874, 10.405096275163693, 0.0, 5.919999922440128, 2.7000000000000015 
44.4503205063121, 41.31510413637159, 0.0, -1.1233167547817489, 2.7000000000000015 
39.86698616840559, 10.793678251093764, 0.0, 5.964173574302947, 2.7000000000000015 
72.02830856335544, 1.4887504593347418, 0.0, 4.747763479454019, 2.7000000000000015 
28.94748798840172, 41.3941207470432, 0.0, 5.6211599121452664, 2.7000000000000015 
44.07182905580107, 37.07173478589202, 0.0, 4.99916616625007, 2.7000000000000015 
85.4525412102789, 17.849554623995097, 0.0, 5.335243063123639, 2.7000000000000015 
84.83469873483112, 64.5807131841063, 0.0, -0.9404262715587688, 2.7000000000000015 
41.84536024980355, 20.45046475942241, 0.0, 5.561271140852872, 2.7000000000000015 
61.418939746628624, 10.120628963544206, 0.0, -1.1229341627220955, 2.7000000000000015 
65.11829577558696, 85.28801205886798, 0.0, -1.1887375638224835, 2.7000000000000015 
0.7116179109674999, 12.926121207385625, 0.0, -0.6818772498813578, 2.7000000000000015 
60.7694275634107, 17.79010090306853, 0.0, -1.5240267622108556, 2.7000000000000015 
69.76358699515117, 77.84028892752482, 0.0, 5.314840043088914, 2.7000000000000015 
7.144568036024626, 66.7431735552155, 0.0, 4.9696627375700215, 2.7000000000000015 
87.11997623398388, 27.784341379900248, 0.0, -1.676211831563187, 2.7000000000000015 
29.5882686167538, 52.319358016796954, 0.0, 5.478936304227812, 2.7000000000000015 
24.112055125635504, 43.05511263021683, 0.0, 5.439375764045681, 2.7000000000000015 
85.67446562711137, 33.78010270910958, 0.0, -1.4022934668873268, 2.7000000000000015 
80.19412683438864, 63.18768008442076, 0.0, 5.801854404701138, 2.7000000000000015 
33.1152974967056, 24.456805416303332, 0.0, -0.6261786938304867, 2.7000000000000015 
58.59988799179241, 29.294252034635882, 0.0, -3.470545313549844, 2.7000000000000015 
60.845077320886446, 87.8133354689304, 0.0, -1.1746577688498505, 2.7000000000000015 
36.362135524192816, 22.44177758127505, 0.0, -0.17624434757297927, 2.7000000000000015 
45.928195638345265, 20.688959289653088, 0.0, 5.371400156011422, 2.7000000000000015 
17.33922059765216, 5.96026579326406, 0.0, 5.265136688121835, 2.7000000000000015 
0.4954537377496133, 52.6396232740256, 0.0, -0.9609538839361016, 2.7000000000000015 
74.92965312221193, 75.99893847074921, 0.0, 5.346121290470602, 2.7000000000000015 
37.55440077502784, 47.374906346241204, 0.0, -0.9488516973322221, 2.7000000000000015 
12.288694089072793, 24.68805792108801, 0.0, 5.090413579990631, 2.7000000000000015 
8.444990128965223, 7.9151723925682775, 0.0, 5.863268044512439, 2.7000000000000015 
62.68883249070443, 12.691115853480879, 0.0, 5.013756990920364, 2.7000000000000015 
22.392784890179673, 18.045770036372527, 0.0, -1.6206738893503965, 2.7000000000000015 
84.67081075355263, 66.65436258871658, 0.0, 5.234850222583103, 2.7000000000000015 
36.105479006565304, 33.64552323512983, 0.0, -0.7822818651689252, 2.7000000000000015 
80.05881163631457, 2.031203854768084, 0.0, 5.08813499351806, 2.7000000000000015 
81.20896440784071, 65.53243309628392, 0.0, -0.39851528146148113, 2.7000000000000015 
28.514182096664797, 47.032411535683536, 0.0, 5.816321891894121, 2.7000000000000015 
70.92702222177972, 58.3568723274854, 0.0, 5.484365497827915, 2.7000000000000015 
37.52131185128541, 21.007821937780594, 0.0, -0.28523161275371184, 2.7000000000000015 
84.78433542600072, 53.862941341204134, 0.0, -1.0187591889157017, 2.7000000000000015 
86.9348601629333, 54.32717753662984, 0.0, -1.002589260363007, 2.7000000000000015 
85.12545801708848, 31.608805453695357, 0.0, -1.4686254334364435, 2.7000000000000015 
24.45338461816161, 14.294816248720641, 0.0, -0.22015785775890498, 2.7000000000000015 
60.38561041975676, 7.803627761002849, 0.0, -0.9973581021631398, 2.7000000000000015 
36.75485597858201, 19.884008896145723, 0.0, 6.152234690976385, 2.7000000000000015 
6.1347968207097345, 26.11670309177081, 0.0, -2.0420842985319556, 2.7000000000000015 
83.09012589268349, 32.139517905804006, 0.0, -1.1310655894690687, 2.7000000000000015 
19.04013888599584, 23.11365389514745, 0.0, 4.864193880244375, 2.7000000000000015 
86.53134396884356, 63.90993193535479, 0.0, 5.216256145332983, 2.7000000000000015 
86.01502014209143, 74.7654563821878, 0.0, 4.991161373533612, 2.7000000000000015 
52.83884573993543, 57.63208902840386, 0.0, 4.778973958393509, 2.7000000000000015 
71.36535574072622, 87.39373602604161, 0.0, -1.5359858379863365, 2.7000000000000015 
83.52690265419486, 19.672653911260795, 0.0, -2.501792289235993, 1.8000000000000007 
31.47539115095282, 45.69707951434248, 0.0, 5.686119609180787, 2.7000000000000015 
88.00153364825155, 30.641969406548245, 0.0, -1.7100280388132973, 2.7000000000000015 
50.10169398648824, 43.05166263671856, 0.0, -1.1314182109261766, 2.7000000000000015 
74.06869389768198, 79.23473393671523, 0.0, -1.3491329166836672, 2.7000000000000015 
66.83313994406961, 82.87221571874286, 0.0, 5.17763003357536, 2.7000000000000015 
38.12542090956203, 52.29965861488726, 0.0, 5.225817777558633, 2.7000000000000015 
77.319299215927, 40.31145792139093, 0.0, 0.0, 1.0 
63.96059177759562, 11.540846010547002, 0.0, 4.825136777979768, 2.7000000000000015 
39.799571997342625, 25.725587904758786, 0.0, -0.7794484664225798, 2.7000000000000015 
66.12264482884092, 42.86348024600001, 0.0, -0.945249647795383, 2.7000000000000015 
9.999679021273925, 87.88523968200113, 0.0, -0.6704387641970881, 2.7000000000000015 
27.172527400172324, 40.11784341298578, 0.0, -0.6418075901656174, 2.7000000000000015 
80.31506884890099, 27.506317858089655, 0.0, 4.755640355024747, 2.7000000000000015 
26.196405554494422, 55.41347264062076, 0.0, -0.6774192993999321, 2.7000000000000015 
12.618587436634298, 83.96057987358532, 0.0, -2.1526351233799694, 2.7000000000000015 
33.97745973561582, 37.62663486382401, 0.0, -0.5195903782183764, 2.7000000000000015 
73.2709665179889, 84.927237827727, 0.0, 4.5485887951602395, 2.7000000000000015 
66.22384661059903, 78.57560367099063, 0.0, -0.6608703562159428, 2.7000000000000015 
65.05071348991999, 3.2881280335967964, 0.0, 4.918665638169659, 2.7000000000000015 
1.8969257857562627, 28.515803019244448, 0.0, -1.9662648815531598, 2.7000000000000015 
7.2700945955618845, 55.072719814096345, 0.0, 4.947363607854308, 2.7000000000000015 
49.667897896260975, 79.36253024129165, 0.0, 5.312276760668641, 2.7000000000000015 
62.23257377503599, 81.43946944274127, 0.0, -0.9979691176797599, 2.7000000000000015 
4.773870605722116, 26.484967723751573, 0.0, -2.080245758312887, 2.7000000000000015 
3.657294046547773, 60.256414871714476, 0.0, 5.328974369826175, 2.7000000000000015 
64.34981737682816, 82.6342970011818, 0.0, -1.0326978069038055, 2.7000000000000015 
6.726194017606082, 49.96992501046066, 0.0, 4.799738838301934, 2.7000000000000015 
24.621778296206674, 53.31839921487676, 0.0, 5.669420772776762, 2.7000000000000015 
26.70545716229281, 42.00252995382773, 0.0, 11.829607962626975, 2.7000000000000015 
53.76327439723666, 20.785474649561483, 0.0, 5.382882346340389, 2.7000000000000015 
59.481825291511655, 72.0201844138151, 0.0, -0.5814646936599498, 2.7000000000000015 
83.31152261649476, 29.70202281927636, 0.0, 4.965221935390583, 2.7000000000000015 
78.01028700857313, 9.600511348874361, 0.0, 3.951053986835359, 2.7000000000000015 
78.62004575060836, 70.50427543003742, 0.0, 5.140987111175255, 2.7000000000000015 
13.23390745414238, 47.0766197515509, 0.0, 4.714219501882599, 2.7000000000000015 
66.31852984275966, 38.65475590309819, 0.0, -0.8848694793916615, 2.7000000000000015 
73.86736976793429, 39.98781050894006, 0.0, 4.8423237731242015, 2.7000000000000015 
30.37163792285814, 72.65731404131233, 0.0, -1.390392672230591, 2.7000000000000015 
2.969579082080245, 21.040206642507165, 0.0, -1.7390264601998868, 2.7000000000000015 
84.56831958979335, 13.860808222485213, 0.0, -1.822342285882356, 2.7000000000000015 
61.98008669704912, 15.926266461149083, 0.0, 4.8671185706192714, 2.7000000000000015 
60.362969387522114, 21.12749939122803, 0.0, -1.4152873303418856, 2.7000000000000015 
52.14880912183034, 23.50142279830746, 0.0, -7.114244238498605, 2.7000000000000015 
21.94784900483581, 23.81500651560219, 0.0, -2.039659918637591, 2.7000000000000015 
59.337497283528336, 20.027683194283593, 0.0, -1.2125441781423476, 2.7000000000000015 
68.98796325717521, 82.95215806723412, 0.0, -1.3505965723268778, 2.7000000000000015 
65.70455182802009, 5.266992593384688, 0.0, 4.915383808257473, 2.7000000000000015 
29.153540487039145, 25.622675687387673, 0.0, -1.1004537140206072, 2.7000000000000015 
43.57930345371761, 82.83565307507843, 0.0, -1.0277679414408507, 2.7000000000000015 
22.088552228589055, 58.389933668894116, 0.0, -1.0308722188975776, 2.7000000000000015 
42.31665199997163, 29.185122379044035, 0.0, 5.7121484948115935, 2.7000000000000015 
48.1612405239452, 21.095419263543896, 0.0, -1.0247723435255163, 2.7000000000000015 
76.00586550904589, 13.27145105092705, 0.0, 4.743134424552303, 2.7000000000000015 
79.2387382805456, 20.290300503739687, 0.0, -1.3169290120847783, 2.7000000000000015 
30.579416734443807, 54.047361861580775, 0.0, 5.49922772844261, 2.7000000000000015 
61.8355898045719, 29.68772019032166, 0.0, -0.2839781774642214, 2.7000000000000015 
76.22297575412482, 19.812647426326286, 0.0, -1.108934833287248, 2.7000000000000015 
3.9894332395529366, 58.22301902297611, 0.0, -0.8548710746496937, 2.7000000000000015 
76.81483617662346, 77.88495002430088, 0.0, 5.354739157864958, 2.7000000000000015 
78.34727688668838, 55.75083760715765, 0.0, -0.7966343672876424, 2.7000000000000015 
68.90379620013674, 88.57950237215825, 0.0, 4.787750771821153, 2.7000000000000015 
78.18042077667903, 23.145215808090473, 0.0, -1.4754448646292802, 2.7000000000000015 
1.8702536889325045, 8.674096810831482, 0.0, -0.4657208390283367, 2.7000000000000015 
19.765358205753486, 63.45049256409918, 0.0, -1.2011688951035064, 2.7000000000000015 
63.83814348905412, 85.06802558008235, 0.0, 5.1906138654130105, 2.7000000000000015 
27.30415698390237, 37.15771062952035, 0.0, -0.5569850590028108, 2.7000000000000015 
54.56135207624589, 23.9762690603121, 0.0, -1.0414666770022893, 2.7000000000000015 
29.514779470450613, 39.55262460891844, 0.0, 5.596120634727632, 2.7000000000000015 
78.39317008746724, 73.26467393456402, 0.0, 4.933977560663241, 2.7000000000000015 
66.42368961047903, 2.0023047515842904, 0.0, 4.858293024495589, 2.7000000000000015 
64.27073561249094, 78.77669597835235, 0.0, 5.536667872516705, 2.7000000000000015 
33.03204766635726, 55.08882556610829, 0.0, 5.348051199697834, 2.7000000000000015 
73.41842674002773, 59.41089142349809, 0.0, -0.8479635203054514, 2.7000000000000015 
59.9446441985648, 77.21500930744662, 0.0, -0.4480572070886903, 2.7000000000000015 
86.5813443192302, 48.75011050087394, 0.0, -1.154078524098071, 2.7000000000000015 
82.36335334736985, 34.796358324088544, 0.0, -1.0831786312556928, 2.7000000000000015 
5.370038154999492, 32.732367523211686, 0.0, 4.345199517635431, 2.7000000000000015 
31.940511153931727, 46.85088053943951, 0.0, 5.46964844374778, 2.7000000000000015 
33.307492820863494, 43.59735710798944, 0.0, 5.848131440407882, 2.7000000000000015 
53.21999986151412, 34.610991169756694, 0.0, -0.7589363477086912, 2.7000000000000015 
