position_x,position_y,position_z,orientation,aspect_ratio
19.872471253700617, 14.947998373829357, 0.0, 6.1057624882695185, 2.7000000000000015 
31.214670364054967, 81.28594304749039, 0.0, -0.48872729474279203, 2.7000000000000015 
82.59005311793855, 74.67810510161043, 0.0, 1.4116340011444377, 2.7000000000000015 
16.101664518497664, 22.137191598820277, 0.0, -0.1773338387006175, 2.7000000000000015 
35.33581185177696, 60.20896953996603, 0.0, 0.6391270649058264, 2.7000000000000015 
22.66309805738379, 12.35820578908193, 0.0, 6.42793400881574, 2.7000000000000015 
2.5155727506220527, 87.0337049946938, 0.0, 1.3454696319972608, 2.7000000000000015 
56.68750811749095, 77.89541726971433, 0.0, 5.272433307594148, 2.7000000000000015 
61.0798702639257, 70.76857788141626, 0.0, 6.127860184202958, 2.7000000000000015 
41.84972028046607, 79.45811214406326, 0.0, -0.6877864820081891, 2.7000000000000015 
70.77418989595965, 69.6778948827981, 0.0, 6.412227138672162, 2.7000000000000015 
30.34344087893809, 55.07232577080408, 0.0, 7.104691411564073, 2.7000000000000015 
77.625306476401, 63.74066615930002, 0.0, 1.101254905416604, 2.7000000000000015 
22.163151417051523, 82.44158360604901, 0.0, 6.149118717113952, 2.7000000000000015 
55.34298947878935, 48.777153149230266, 0.0, 6.255804117940202, 2.7000000000000015 
68.46333683028382, 71.13627268751684, 0.0, -0.41229218924636357, 2.7000000000000015 
25.131973649634304, 87.6099853190202, 0.0, 0.0, 1.0 
33.90948050627749, 76.04560470811734, 0.0, -0.6958744141484098, 2.7000000000000015 
37.52703463651005, 86.76777335894423, 0.0, 5.507485758831148, 2.7000000000000015 
36.47030092823519, 73.86014727770159, 0.0, 5.5313279405789775, 2.7000000000000015 
60.488402913611665, 65.62030851122431, 0.0, 6.223525224837136, 2.7000000000000015 
57.401344268989725, 80.09532636301219, 0.0, 5.793230880907154, 2.7000000000000015 
60.208444635711466, 73.96445353927702, 0.0, 5.585443826959793, 2.7000000000000015 
20.86694454072443, 17.06792583875485, 0.0, 5.8004825101115784, 2.4000000000000012 
46.75959144002959, 1.038126503092625, 0.0, -0.9783899558184207, 2.7000000000000015 
83.68536044406282, 83.78161540397764, 0.0, 7.5411384504242145, 2.7000000000000015 
48.25227864041245, 51.19813104687556, 0.0, 6.161599790745649, 2.7000000000000015 
27.694362016218122, 17.398828927224457, 0.0, -0.4194144091657257, 2.7000000000000015 
18.885561504201576, 19.037451409757296, 0.0, -0.5995100448944105, 2.7000000000000015 
62.31700132820479, 75.60729137492281, 0.0, 5.0603247076115005, 2.100000000000001 
0.4350557902655063, 33.65005655715605, 0.0, 0.40347346962922365, 2.7000000000000015 
80.47654033693473, 62.66112077069209, 0.0, 1.3493872165165546, 2.7000000000000015 
83.58542150492269, 86.06650188263204, 0.0, 7.438171226692305, 2.7000000000000015 
39.25062496121612, 72.06929511573598, 0.0, 5.745293870406492, 2.7000000000000015 
67.34735075293793, 37.35163884762901, 0.0, 0.19209060360244404, 2.7000000000000015 
41.313829240996014, 7.818392934469609, 0.0, -0.9524189189397319, 2.7000000000000015 
36.092608302183315, 0.4933763296525456, 0.0, 5.543013767638222, 2.7000000000000015 
3.720952651910428, 53.703084646544305, 0.0, 0.7294525540058348, 2.7000000000000015 
24.14453078220995, 7.056742522577749, 0.0, 0.23421576174601208, 2.7000000000000015 
83.53268677169828, 72.9433374678347, 0.0, 1.4940237236539875, 2.7000000000000015 
79.8492836070385, 69.33898452264337, 0.0, 1.3880881405827776, 2.7000000000000015 
16.484020579724145, 32.379628560054705, 0.0, 6.360067703752467, 2.7000000000000015 
62.51064940237327, 69.3921020267698, 0.0, -0.3652610014098005, 2.7000000000000015 
28.381906195782353, 14.337172803466162, 0.0, 5.7248033078049, 2.7000000000000015 
28.56484478542839, 85.57770466143614, 0.0, 0.0, 1.0 
54.37180323812437, 77.00618436603995, 0.0, -1.0397210486305977, 2.7000000000000015 
53.34669546287129, 61.218783570147636, 0.0, 5.883923500599795, 2.7000000000000015 
48.46254398898872, 43.49555050570125, 0.0, 6.406076415211146, 2.7000000000000015 
24.090233063845435, 47.41855666961121, 0.0, 6.565987706184035, 2.7000000000000015 
58.105177717248054, 51.445515322984676, 0.0, -0.125203506841935, 2.7000000000000015 
28.08000756379633, 19.6701097999579, 0.0, -0.3895973410915146, 2.7000000000000015 
12.94753289736653, 19.85810554973038, 0.0, 6.58317267268133, 2.7000000000000015 
37.17510374026587, 72.07880244514598, 0.0, -0.4365861356254403, 2.7000000000000015 
29.207038932023618, 24.066176256673845, 0.0, 6.161940188716246, 2.7000000000000015 
35.94377990353443, 79.0405213851938, 0.0, -0.8428060920712197, 2.7000000000000015 
58.844273162688225, 53.224960072811676, 0.0, 6.056622503000899, 2.7000000000000015 
86.57143654244327, 82.22709847225131, 0.0, 1.4241145084732942, 2.7000000000000015 
13.26327821843795, 15.325882545926671, 0.0, 0.1630570466213703, 2.7000000000000015 
21.533422550772023, 6.150174745900793, 0.0, 6.033716182548083, 2.7000000000000015 
24.469678824776494, 20.41422590098071, 0.0, 6.082995979335836, 2.7000000000000015 
33.46805753161687, 52.779382344872246, 0.0, 7.001515258451644, 2.7000000000000015 
16.621442623859902, 84.51349286611773, 0.0, -0.5464167978097803, 2.7000000000000015 
20.301189097695445, 19.583536336148352, 0.0, -0.48331433810079155, 2.7000000000000015 
68.39620354229363, 60.47463177388616, 0.0, -0.016518632633395095, 2.7000000000000015 
19.815369668093577, 58.425244583264856, 0.0, 12.736998241644873, 2.7000000000000015 
54.64464372165992, 43.72546071031981, 0.0, 0.0, 1.0 
31.72126400717864, 60.02861973372575, 0.0, 0.6723245676949946, 2.7000000000000015 
41.85903898525484, 53.6345994541858, 0.0, 6.109954339021733, 2.7000000000000015 
15.555482481170873, 83.63419404743163, 0.0, 12.189500790387756, 2.7000000000000015 
82.74887904417427, 7.209393175389908, 0.0, 1.1087128125775816, 2.7000000000000015 
23.788261606767282, 15.823815168711217, 0.0, -0.5363803293159966, 2.7000000000000015 
25.34047087306798, 82.58121543484583, 0.0, 6.188112954994322, 2.7000000000000015 
66.71281949397695, 55.989839648707324, 0.0, 0.008815959453034292, 2.7000000000000015 
79.09748455289109, 60.978542358285885, 0.0, 7.689356733129938, 2.7000000000000015 
52.85468709580469, 54.726875651678874, 0.0, 6.05723669354138, 2.7000000000000015 
5.360372450669687, 16.4896080675565, 0.0, 0.13335497702560292, 2.7000000000000015 
45.8169771165842, 77.49623852053091, 0.0, 5.479820160683188, 2.7000000000000015 
49.70549741737529, 73.59380411834127, 0.0, 5.750446139111872, 2.7000000000000015 
48.91787479251965, 6.4742258530879955, 0.0, 2.846109246243295, 2.7000000000000015 
44.187527449914846, 60.05317481747763, 0.0, 5.993970777944194, 2.7000000000000015 
44.29968715007315, 85.5141918313288, 0.0, 5.523592837002911, 2.7000000000000015 
44.53392175409324, 56.13982880146435, 0.0, -0.26344548479933566, 2.7000000000000015 
29.837970667971025, 3.319753076343096, 0.0, -0.7458424221788649, 2.6000000000000014 
14.200587184921394, 12.06087208039078, 0.0, 6.3960993444918675, 2.7000000000000015 
50.17848569490804, 84.2579043935553, 0.0, 5.216129051762978, 2.7000000000000015 
14.775199968341061, 3.5071835687846282, 0.0, 0.0539001094030324, 2.7000000000000015 
78.48690852592048, 20.93776721616994, 0.0, 6.3789308649382, 2.7000000000000015 
17.7396581634072, 14.095313948044263, 0.0, -0.0509048283203104, 2.7000000000000015 
63.57132590613761, 58.570084891486836, 0.0, 6.0130551620578405, 2.7000000000000015 
21.843354159460443, 79.093446643497, 0.0, 6.466080448466592, 2.7000000000000015 
52.537955826640435, 79.2591651579297, 0.0, 5.237582818297949, 2.7000000000000015 
7.243870055675027, 18.038731219479867, 0.0, 0.38740927061311414, 2.7000000000000015 
66.95949157791603, 74.95937715959796, 0.0, 0.0, 1.0 
48.00281518593283, 62.87718308190739, 0.0, 5.892394220683743, 2.7000000000000015 
7.870827732030933, 20.39728914158448, 0.0, 0.0015381391624011021, 2.7000000000000015 
39.91726247700012, 70.560492793492, 0.0, 6.058127065877239, 2.7000000000000015 
73.24706819945689, 74.78125616400102, 0.0, 0.6916701728710556, 2.6000000000000014 
50.184878917535194, 86.41711832293657, 0.0, -0.9975329029364565, 2.7000000000000015 
7.690603565144993, 12.0699395321297, 0.0, 6.435331018483648, 2.7000000000000015 
46.335743734469624, 47.07752928583678, 0.0, 5.880996317368405, 2.7000000000000015 
42.382127559281244, 71.07574189555173, 0.0, 6.196100288919208, 2.7000000000000015 
13.023810199470514, 76.64826944841954, 0.0, 6.819755791523374, 2.7000000000000015 
69.31116936104914, 67.0153600688349, 0.0, 6.601054304060421, 2.7000000000000015 
75.12574179757311, 58.13333814508631, 0.0, 7.3971665982197905, 2.7000000000000015 
47.50359560640118, 59.96153491269657, 0.0, 6.167230173570901, 2.7000000000000015 
7.5878989581519765, 15.48872364314537, 0.0, 6.174618643223999, 2.7000000000000015 
82.5328623551271, 1.3449030084003717, 0.0, 0.7644108102143783, 2.7000000000000015 
44.616009716355094, 57.40085103695778, 0.0, -0.31703326034527696, 2.7000000000000015 
66.44099057326301, 50.26204423457149, 0.0, 6.577236793006799, 2.7000000000000015 
55.30745307254064, 70.91397180945579, 0.0, 5.840991462136352, 2.7000000000000015 
57.95887662408205, 48.030797948133454, 0.0, 6.302340746874452, 2.7000000000000015 
28.16812386487406, 77.17171357447513, 0.0, 6.156498668257163, 2.7000000000000015 
71.94001030412242, 35.64968460536272, 0.0, 3.955687624814849, 2.7000000000000015 
2.2993941770053734, 16.407626547496122, 0.0, 0.3098925776922734, 2.7000000000000015 
77.29615571072067, 55.084427847049746, 0.0, 6.963269257322397, 2.7000000000000015 
76.91935879246822, 82.99416351654362, 0.0, 0.7302696093229163, 2.7000000000000015 
65.63187906929643, 45.878657481157695, 0.0, 6.904460879246857, 2.7000000000000015 
46.62704049749354, 83.48156525701016, 0.0, -0.9276076412216128, 2.7000000000000015 
35.42663012640679, 25.492854241421277, 0.0, -0.07091880859995683, 2.7000000000000015 
68.53331783211247, 58.29101136733904, 0.0, 0.11947957819146149, 2.7000000000000015 
62.83164233801607, 65.0087330408956, 0.0, 6.31690199577549, 2.6000000000000014 
46.65270539054434, 69.39577943518917, 0.0, 0.042605397378636584, 2.7000000000000015 
15.898451022955133, 5.578880572667576, 0.0, 6.152119937865776, 2.7000000000000015 
35.3703691086239, 3.2425770053307117, 0.0, -0.5505303026927617, 2.7000000000000015 
0.2908508108806229, 8.253701083144772, 0.0, 0.8465414846662132, 2.7000000000000015 
6.11723742880751, 13.049320291835894, 0.0, -0.012425843898126752, 2.7000000000000015 
51.66707840130835, 64.35597534926445, 0.0, -0.4410785464586348, 2.7000000000000015 
68.0452632575287, 77.44692547833358, 0.0, 6.445541829846326, 2.7000000000000015 
73.92101814986151, 80.57914842123526, 0.0, 0.6175126097047492, 2.7000000000000015 
23.18993712982161, 85.54752252975976, 0.0, -0.463771018445177, 2.7000000000000015 
70.97091136243876, 74.94140497377848, 0.0, 6.94915380053566, 2.7000000000000015 
68.32417705931991, 47.86527933235462, 0.0, 0.5289510568233067, 2.7000000000000015 
33.945742625534955, 10.604044797815307, 0.0, -0.676773357813024, 2.7000000000000015 
83.25211865682256, 18.466821601173702, 0.0, 6.436257575222491, 2.7000000000000015 
54.076547237818566, 65.69821616209897, 0.0, 6.026843185559955, 2.7000000000000015 
49.48427310404193, 46.878144887017086, 0.0, 6.650368149279666, 2.7000000000000015 
32.614675589579676, 5.165469988142058, 0.0, -0.5778230469362566, 2.7000000000000015 
18.645181654218707, 7.510305159980079, 0.0, 5.941158089242941, 2.7000000000000015 
4.657583706668158, 22.599581757713064, 0.0, -0.02214593805002466, 2.7000000000000015 
85.6164378998211, 83.81141906578245, 0.0, 7.798286621211445, 2.7000000000000015 
31.822189320810065, 3.0998209782953525, 0.0, -0.4912978394473072, 2.6000000000000014 
40.22147277192916, 11.693211791798879, 0.0, 5.6451772940748075, 2.7000000000000015 
3.7804164797989603, 35.00352960432663, 0.0, 0.3280762994684515, 2.7000000000000015 
26.30194926156584, 19.024210208724927, 0.0, -0.2103594673931911, 2.7000000000000015 
31.40923780077132, 76.48328792358423, 0.0, 5.88326245063129, 2.7000000000000015 
79.04111753451724, 74.55218048717663, 0.0, 8.0366456640265, 2.7000000000000015 
35.255557313115546, 88.01938341553169, 0.0, 5.358656120348271, 2.7000000000000015 
75.53282608710556, 66.91350492706421, 0.0, 7.090863404336874, 2.7000000000000015 
82.95635094192623, 65.00749805240585, 0.0, 1.4708974618059258, 2.7000000000000015 
17.804344213145704, 6.437241372484552, 0.0, -0.16433160555782145, 2.7000000000000015 
45.27208680699127, 3.761836133287544, 0.0, 5.457936106746246, 2.7000000000000015 
29.50578249818905, 59.55727449151163, 0.0, 0.8361369039503732, 2.7000000000000015 
71.32778294654193, 11.550527843018441, 0.0, -4.751538220553191, 2.7000000000000015 
75.66326592759064, 80.59441594834426, 0.0, 7.163399587524329, 2.7000000000000015 
32.47504309639315, 83.29751032202184, 0.0, -0.3551304997507823, 2.7000000000000015 
44.99933950528647, 51.153301577054656, 0.0, 12.55063136837533, 2.7000000000000015 
27.112861014065974, 16.352957257046565, 0.0, 5.7473260196701315, 2.7000000000000015 
67.51226979954657, 38.7912712157613, 0.0, 6.463731100428352, 2.7000000000000015 
37.100811639056175, 69.53697549571353, 0.0, 6.112412171502089, 2.7000000000000015 
20.85556181764348, 13.469145453619577, 0.0, 6.061332785844123, 2.7000000000000015 
72.77701248780812, 32.41462786374984, 0.0, 0.25556055176959336, 2.7000000000000015 
25.561930228782245, 67.57788901955222, 0.0, 6.783474450346403, 2.7000000000000015 
52.17699346081722, 67.43896486847689, 0.0, 5.790758241244661, 2.7000000000000015 
19.959833740712362, 87.01101609387845, 0.0, -0.641193802467644, 2.7000000000000015 
84.86837485652728, 3.772229835372032, 0.0, 1.1070378193855939, 2.7000000000000015 
4.452642259606885, 11.63391957025803, 0.0, 0.3471866939190438, 2.7000000000000015 
31.631230479814956, 88.3280521346253, 0.0, -0.6315136045331797, 2.7000000000000015 
2.012509282614397, 4.656399678730378, 0.0, 7.911964713658961, 2.7000000000000015 
64.53210272215003, 57.17222185882987, 0.0, 6.094326536831685, 2.7000000000000015 
80.6603236688013, 67.74589763446693, 0.0, 1.4338359100455045, 2.200000000000001 
26.07188134851656, 25.26290867948073, 0.0, 5.902495556487814, 2.7000000000000015 
8.719817606190249, 16.710630692073895, 0.0, 0.0460970826142867, 2.7000000000000015 
30.626503177619266, 80.28002616773212, 0.0, -0.3763583286424832, 2.7000000000000015 
4.548366860129531, 17.91523987133547, 0.0, 0.27999297557751945, 2.7000000000000015 
22.279376887491512, 83.66045877678499, 0.0, 5.934735665609477, 2.7000000000000015 
53.229246088180176, 51.90532046787481, 0.0, -0.24034823290842158, 2.7000000000000015 
25.620838387497354, 10.028194261939356, 0.0, 5.916244032218321, 2.7000000000000015 
20.24703606274642, 24.550325034906084, 0.0, -0.2789883031029761, 2.7000000000000015 
61.844812207332595, 62.15921363090753, 0.0, 0.2461819795980847, 2.7000000000000015 
3.7161677726609352, 0.8423537588252881, 0.0, 1.5051901165450419, 2.7000000000000015 
31.72473188021879, 8.446300363769891, 0.0, -0.6251497037006111, 2.7000000000000015 
41.766306200884834, 57.46484575956119, 0.0, -0.19053050957023035, 2.7000000000000015 
1.4015982174522739, 22.157403399343284, 0.0, 6.382547140941544, 2.7000000000000015 
29.51560784963919, 79.31871655392679, 0.0, -0.15311452295765665, 2.7000000000000015 
13.428046815048905, 23.189749495270096, 0.0, 6.172490465668477, 2.7000000000000015 
29.40248895170919, 17.824160952912273, 0.0, 5.713628374355447, 2.7000000000000015 
85.05299943175342, 11.475994967320231, 0.0, 1.1922925959547563, 2.7000000000000015 
33.876316617124566, 2.8895254739366307, 0.0, -0.7864446611371717, 2.7000000000000015 
44.41316421003699, 22.135349625337543, 0.0, 6.594512419826537, 2.7000000000000015 
26.914512198128165, 8.68923088949642, 0.0, 6.116907712512677, 2.7000000000000015 
47.48305920671014, 71.60546509845463, 0.0, -0.2831063499726331, 2.7000000000000015 
63.90109198000861, 71.06952943058663, 0.0, 6.083756871998089, 2.7000000000000015 
2.9755447372153268, 12.63703994574677, 0.0, -0.0490130214231458, 2.7000000000000015 
31.08562629907178, 64.48142498843887, 0.0, 7.11202646264921, 2.7000000000000015 
50.44410214107318, 62.756576447806, 0.0, -0.42162293773430226, 2.7000000000000015 
68.41531486737742, 65.8831128263546, 0.0, 0.32658307289637517, 2.7000000000000015 
44.31374080678677, 77.39538485942224, 0.0, 5.612378612466198, 2.6000000000000014 
84.45196576069137, 0.6016958818090523, 0.0, 1.6210702269319233, 2.7000000000000015 
42.206924252209205, 48.94061767336833, 0.0, -0.283181438721489, 2.7000000000000015 
46.903382344716945, 75.3776671924807, 0.0, -0.620952124962811, 2.7000000000000015 
42.38390002102937, 76.34411301615029, 0.0, 5.686363224694493, 2.7000000000000015 
77.41189738312691, 72.50163602607033, 0.0, 7.747190813913367, 2.7000000000000015 
39.87458864137618, 78.48234339633918, 0.0, -0.6634639078974427, 2.7000000000000015 
41.16510527499861, 6.005026723178686, 0.0, 5.417944527951368, 2.7000000000000015 
32.66167527700664, 57.534266631895925, 0.0, 7.050946817976687, 2.7000000000000015 
5.55813324873033, 10.665110225172969, 0.0, 0.24659745004656244, 2.7000000000000015 
39.064554944753276, 7.086721778016943, 0.0, -0.8807513771411455, 2.7000000000000015 
26.218834965307067, 79.40378311686737, 0.0, 0.013558318442856319, 2.7000000000000015 
73.29440689092273, 55.37231295599793, 0.0, 7.349700934297719, 2.7000000000000015 
56.906655021523804, 71.10856449187774, 0.0, -0.6444074426186075, 2.7000000000000015 
81.79673280364756, 87.43359060941943, 0.0, 7.43531853001378, 2.7000000000000015 
46.85503749577046, 87.4039581154331, 0.0, 5.240492846191749, 2.7000000000000015 
42.56053150814461, 87.7742526988761, 0.0, 5.735225432207265, 2.6000000000000014 
73.11496544111982, 60.11211336317177, 0.0, 0.7297305093884976, 2.7000000000000015 
24.250330755452158, 2.6885392145991056, 0.0, 6.2017607268592245, 2.7000000000000015 
62.39180961360296, 79.98021152268315, 0.0, 1.8394951650487643, 2.7000000000000015 
2.198886268089808, 35.90010257121012, 0.0, 6.350538995519422, 2.7000000000000015 
3.9882061997754965, 24.78863031861354, 0.0, 6.248947247525495, 2.7000000000000015 
24.06439241863555, 8.447327980949945, 0.0, -0.21540730513128367, 2.7000000000000015 
70.32098790473177, 75.76527147538327, 0.0, 6.760327639444666, 2.7000000000000015 
76.65727838868268, 73.55776354411726, 0.0, 1.162742376270616, 2.7000000000000015 
58.75284044215973, 70.59260772458997, 0.0, 5.3941198500540395, 2.7000000000000015 
75.29761829657657, 69.3319250434448, 0.0, 1.0075265092453556, 2.7000000000000015 
53.117768755369546, 68.14930272790848, 0.0, -0.3966078308108865, 2.7000000000000015 
51.28731080403586, 65.7415773723125, 0.0, -0.2729233781864318, 2.7000000000000015 
74.55015150519766, 55.250036210631805, 0.0, 7.40623262575225, 2.7000000000000015 
73.00531984791373, 70.69314267267005, 0.0, 0.7378908501901986, 2.7000000000000015 
76.57810907710652, 33.922549684508674, 0.0, 6.979483028745568, 2.7000000000000015 
23.859762135144834, 11.370399860630044, 0.0, 12.64948595230183, 2.6000000000000014 
64.93594972641158, 59.33332545137103, 0.0, -0.4270192854362282, 2.7000000000000015 
30.97085061477146, 84.94953789627985, 0.0, 5.740491250672199, 2.7000000000000015 
53.77608959524052, 57.493766311943034, 0.0, 5.8438667835969795, 2.7000000000000015 
60.03620986766786, 10.429657778173201, 0.0, 8.429085816499887, 2.7000000000000015 
11.787108478384116, 17.051663417615565, 0.0, 6.112386597276417, 2.7000000000000015 
38.40747231289025, 88.40871662962515, 0.0, -0.6563481192247301, 2.7000000000000015 
75.48604953255614, 87.09795620377466, 0.0, 0.6744410135450744, 2.7000000000000015 
77.51286902903976, 79.4916853456658, 0.0, 1.170161184584302, 2.7000000000000015 
21.66777584965748, 3.901094301314258, 0.0, -0.29453615987353055, 2.7000000000000015 
46.01583904816271, 5.1283794107799245, 0.0, 5.646514851745112, 2.7000000000000015 
70.49860787699564, 58.04677098924102, 0.0, 0.38000436607826177, 2.7000000000000015 
74.05406534668043, 13.968924903413772, 0.0, 6.292347251032169, 2.7000000000000015 
86.04147648223287, 88.46626240116878, 0.0, 7.701334679127169, 2.7000000000000015 
61.497258863905095, 55.758863131849196, 0.0, -0.1360570035162204, 2.7000000000000015 
43.0297951548533, 0.2926883138940188, 0.0, 5.567317491554376, 2.7000000000000015 
11.451581524193095, 20.706024371708306, 0.0, 0.13144694181425884, 2.7000000000000015 
38.96911865462493, 59.92475386525438, 0.0, -0.307523302980043, 2.7000000000000015 
27.015008015150748, 88.5064314305561, 0.0, 5.93472256678897, 2.7000000000000015 
10.459580322262306, 14.526389528827846, 0.0, -0.1024491220595894, 2.7000000000000015 
36.216834292220064, 6.371946974176731, 0.0, -0.6423285079714504, 2.7000000000000015 
55.39116030792847, 49.909869641553954, 0.0, -0.09059476888576158, 2.7000000000000015 
78.47505284516039, 62.846492573092725, 0.0, 1.2549870736239361, 2.7000000000000015 
48.68809662282957, 80.79768457321055, 0.0, 5.426758741061295, 2.7000000000000015 
58.54978965483864, 77.72380617794306, 0.0, -0.6961096422937251, 2.7000000000000015 
58.7506184697929, 9.74544399516356, 0.0, -0.6687104394100333, 2.7000000000000015 
38.644152119886634, 61.54379858723405, 0.0, -0.5720582675324685, 2.7000000000000015 
41.58710605616053, 60.011574891890795, 0.0, -0.34513115792965743, 2.7000000000000015 
57.68947106732241, 54.58019380828459, 0.0, -0.3101316465264732, 2.7000000000000015 
31.991804452624, 61.780278821936015, 0.0, 0.6347378821963379, 2.7000000000000015 
72.16848133096991, 55.51199136949499, 0.0, 0.8833704191981344, 2.7000000000000015 
27.955027976541214, 12.191943530287704, 0.0, -0.573139120286212, 2.7000000000000015 
41.954495620668425, 72.76182214579062, 0.0, -0.6624149834889351, 2.7000000000000015 
75.51436856143874, 62.40770507446471, 0.0, 6.945395618344615, 2.7000000000000015 
71.07681907564995, 70.79895297595073, 0.0, 0.10642274926197315, 2.7000000000000015 
79.33604190083813, 66.09326628276321, 0.0, 7.544817313759284, 2.7000000000000015 
32.112980987355186, 73.97970350440319, 0.0, -0.014185643534785495, 2.7000000000000015 
18.028855522718292, 17.849104888571535, 0.0, -0.4536075741435777, 2.7000000000000015 
81.48840521187046, 2.151831410775485, 0.0, 0.7929596808768751, 2.7000000000000015 
57.4102697419962, 46.6550899139042, 0.0, 6.490322892575811, 2.7000000000000015 
67.52625677655524, 57.07161401841368, 0.0, 0.14205672573210773, 2.7000000000000015 
26.118549579472628, 6.244164789873518, 0.0, 6.340399420710456, 2.7000000000000015 
74.90447291432143, 74.86455581548718, 0.0, 7.157052773566782, 2.6000000000000014 
64.45557026930145, 14.766389902878394, 0.0, 8.08029638842074, 2.7000000000000015 
70.89190863982259, 49.00504413557748, 0.0, 7.0999710719682065, 2.7000000000000015 
60.464650351972736, 53.95051902954516, 0.0, -0.18609075165495947, 2.7000000000000015 
65.07897290519026, 24.708542146115576, 0.0, 2.9414573138816484, 2.7000000000000015 
26.753048822397385, 14.109789909772394, 0.0, -0.5566417414620305, 2.7000000000000015 
81.97044488374961, 76.47571610240804, 0.0, 7.153396951816516, 2.7000000000000015 
35.203796370761495, 21.618531789756062, 0.0, 6.346812850363356, 2.7000000000000015 
55.326893159243085, 39.604550048558494, 0.0, -0.19275627712578458, 2.7000000000000015 
46.969823662447325, 58.64307378762932, 0.0, 5.768678351938725, 2.7000000000000015 
19.776953184626112, 28.54779326080417, 0.0, -0.28629816176785206, 2.7000000000000015 
71.54119540214707, 50.94446126939658, 0.0, 6.869789797516608, 2.7000000000000015 
42.2588722695477, 22.62468263216606, 0.0, 6.52261938364319, 2.7000000000000015 
47.48782272889228, 64.21578507453822, 0.0, -0.409018911583661, 2.7000000000000015 
80.04376015546535, 77.45328991236588, 0.0, 2.00077132608811, 2.7000000000000015 
61.491656045415944, 66.4968524555578, 0.0, -0.07873451832363548, 2.7000000000000015 
53.61721114215909, 59.90820264563079, 0.0, -0.28290559516394165, 2.7000000000000015 
63.022705334321856, 6.8999243888163315, 0.0, 1.934764579009283, 2.7000000000000015 
39.25598570951015, 74.49853327575815, 0.0, -0.7195116394606542, 2.7000000000000015 
11.043708725440764, 25.575151129459478, 0.0, 6.060431406493826, 2.7000000000000015 
34.980046974976204, 4.769638612830899, 0.0, -0.519674838005018, 2.7000000000000015 
63.858736229054955, 75.676217791436, 0.0, 0.0, 1.0 
9.526648862250067, 34.839931790389066, 0.0, 6.689961694946332, 2.7000000000000015 
34.425043050969165, 51.94504915081282, 0.0, 7.075213253032734, 2.7000000000000015 
25.043525131029153, 13.837498213798003, 0.0, -0.5537745412735586, 2.7000000000000015 
88.07046369645386, 11.25698897074331, 0.0, 7.53328149001633, 2.7000000000000015 
35.63256399910203, 77.32900896616846, 0.0, -1.0238926159018187, 2.7000000000000015 
36.364538041584055, 63.18996266387187, 0.0, 7.78552818000672, 1.6000000000000005 
55.71044112303539, 40.86120803353107, 0.0, -0.19444760603002778, 2.7000000000000015 
9.523815428179143, 9.862522522749211, 0.0, 0.17233413932911737, 2.7000000000000015 
25.22303085169842, 16.2106429369295, 0.0, 5.624900617342156, 2.7000000000000015 
30.41532567236202, 83.18369883998776, 0.0, -0.7299512183374184, 2.7000000000000015 
73.1955241979173, 1.0944711284080526, 0.0, 0.20441522488502606, 2.7000000000000015 
42.45799723617132, 69.12413521260461, 0.0, 11.651123540150278, 2.7000000000000015 
60.31511408268442, 41.51309530221305, 0.0, 6.656478371294792, 2.7000000000000015 
76.92695493632354, 77.08532587826599, 0.0, 0.9900044284913062, 2.7000000000000015 
9.451336108203618, 23.503596565454114, 0.0, 5.980691096633185, 2.7000000000000015 
1.4149707905042286, 17.586601203316295, 0.0, 6.521395832092307, 2.7000000000000015 
49.79405986803702, 75.67700024230128, 0.0, -0.6228230248301408, 2.7000000000000015 
37.46340385009028, 12.891718612591667, 0.0, 5.674110175203756, 2.7000000000000015 
62.40124132236483, 59.956969663873345, 0.0, 6.006715853686275, 2.7000000000000015 
41.76047456284233, 58.63396812248595, 0.0, -0.16798359687990821, 2.7000000000000015 
78.30900903866001, 72.74929281465602, 0.0, 7.814114560338694, 2.7000000000000015 
35.38395470196519, 24.244386140399726, 0.0, 6.264412898203045, 2.7000000000000015 
40.208960511586824, 69.1908191178775, 0.0, 12.207571102155969, 2.7000000000000015 
48.77772272793426, 82.50349162663666, 0.0, -0.8986234644886542, 2.7000000000000015 
43.513863143401, 41.77210507486805, 0.0, -0.28213912537587393, 2.7000000000000015 
71.62689512566783, 65.95411594315827, 0.0, 7.016009554500697, 2.7000000000000015 
82.52971304570201, 67.99917456361754, 0.0, 7.783440200544491, 2.7000000000000015 
15.667812842291816, 8.493509957986491, 0.0, 0.06264835020905865, 2.7000000000000015 
47.8204321164473, 52.5455605559363, 0.0, -0.3086671228077922, 2.7000000000000015 
64.33645535988697, 63.32047040318191, 0.0, 6.580849425214498, 2.7000000000000015 
72.79744507328574, 76.06064907704544, 0.0, 7.330994006542418, 2.5000000000000013 
25.81912319186196, 78.01733284132563, 0.0, 0.29031728262947976, 2.7000000000000015 
60.61190796039741, 47.54475361065003, 0.0, 6.451827878521805, 2.7000000000000015 
47.40007229370105, 57.21626097635166, 0.0, -0.33119403496846217, 2.7000000000000015 
61.51015051312786, 56.9389640163255, 0.0, -0.033027897951707325, 2.7000000000000015 
62.56225194212256, 44.69259185875506, 0.0, 0.3032448402410448, 2.7000000000000015 
11.391084590197982, 26.807905314994134, 0.0, 6.026920850901409, 2.7000000000000015 
79.93379976588297, 75.3670284334139, 0.0, 1.924911872198865, 2.7000000000000015 
48.65464571135847, 77.59782696819144, 0.0, 11.820439346256741, 2.7000000000000015 
47.87076711243517, 45.194341316255816, 0.0, -0.5047433922567933, 2.7000000000000015 
54.183010739343885, 38.590850622488276, 0.0, 6.014749222868213, 2.7000000000000015 
68.47459939212135, 69.80799233581416, 0.0, 6.371928461951818, 2.7000000000000015 
69.42423891387968, 56.69913330492019, 0.0, 6.739732430047298, 2.7000000000000015 
60.23423280746905, 45.13760576665236, 0.0, 6.443741359995582, 2.7000000000000015 
31.010894067800496, 4.604181499253018, 0.0, -0.2972778911412921, 2.7000000000000015 
66.03204438247342, 67.9026348417905, 0.0, -0.07239324470364143, 2.7000000000000015 
63.32882515639316, 68.16259980525864, 0.0, -0.17131543623465234, 2.7000000000000015 
84.52141113536956, 43.00414354132906, 0.0, -0.23221781560865407, 2.7000000000000015 
14.326236078245104, 25.594515048062938, 0.0, 6.11699843192789, 2.7000000000000015 
55.90702425919493, 11.418279967069319, 0.0, 6.054433789262331, 2.7000000000000015 
53.655899379605806, 46.245186374528345, 0.0, 0.36707674386887346, 2.7000000000000015 
22.731214827121764, 77.01628776547084, 0.0, 6.396040012024408, 2.7000000000000015 
1.147155743101243, 19.818092170533863, 0.0, 6.445911357124197, 2.7000000000000015 
22.486548913280718, 21.81586558259948, 0.0, 6.049637891527479, 2.7000000000000015 
72.41966971163488, 58.36809116979248, 0.0, 6.88598649718669, 2.7000000000000015 
0.6833679927075657, 3.9267005953495144, 0.0, 1.5584963096153197, 2.7000000000000015 
83.88413325831904, 77.49411764313173, 0.0, 1.2331382330367615, 2.7000000000000015 
41.693174475031036, 56.14201086815847, 0.0, -0.24458934327341444, 2.7000000000000015 
35.47063168297418, 22.932560174526916, 0.0, 6.26712853141093, 2.7000000000000015 
77.67315780514609, 85.75934303947162, 0.0, 0.4329852672178506, 2.7000000000000015 
85.81106241302207, 32.37748077403378, 0.0, -0.031512922630494225, 2.7000000000000015 
63.93405330246793, 36.07988114371476, 0.0, 6.3980301577887655, 2.7000000000000015 
23.00851815422154, 13.810289199408082, 0.0, -0.42046530555424017, 2.7000000000000015 
65.47089763883213, 69.07176402382653, 0.0, 6.3479370316459836, 2.7000000000000015 
33.45403635491789, 78.8871339540106, 0.0, -0.7593023310995949, 2.7000000000000015 
60.1042845922658, 60.99250759111741, 0.0, 6.241238663725575, 2.6000000000000014 
76.3333123567604, 84.11160923783964, 0.0, 0.3456765402179418, 2.7000000000000015 
87.78320327446545, 84.66007238159561, 0.0, 1.418005184284549, 2.7000000000000015 
55.14428463091704, 47.6462660917881, 0.0, 6.101655158321374, 2.7000000000000015 
60.90665425514001, 48.80401466793698, 0.0, 0.15095171300134308, 2.7000000000000015 
63.079569132779774, 41.96774453927522, 0.0, 0.5413820130008626, 2.7000000000000015 
52.04306621617388, 57.27703590599032, 0.0, -0.43511027774317346, 2.7000000000000015 
27.862297694784022, 84.39900288551377, 0.0, -0.6828761236168047, 2.7000000000000015 
65.71132703545989, 47.464636014626045, 0.0, 0.39913092287802415, 2.100000000000001 
65.95908576273013, 65.65625558981532, 0.0, 6.437537649503279, 2.7000000000000015 
67.71498548750124, 59.18954361248124, 0.0, 0.15384086616577777, 2.7000000000000015 
33.414286962751945, 86.12010261313098, 0.0, -0.6186727876235183, 2.7000000000000015 
59.08673807918389, 72.07894461569542, 0.0, 5.802379903093289, 2.7000000000000015 
77.57266113973418, 81.87489920396504, 0.0, 1.1684144109973462, 2.7000000000000015 
68.57836565899238, 49.33330134647739, 0.0, 6.7691046235370145, 2.7000000000000015 
86.71457358686212, 21.731290198327418, 0.0, 0.03643783149246686, 2.7000000000000015 
76.33898358149378, 74.95886257767394, 0.0, 0.9773335653195875, 2.7000000000000015 
16.107409794488735, 13.206239370074872, 0.0, -0.06475855259137728, 2.7000000000000015 
37.14695238788314, 34.13239838675646, 0.0, 6.204655789253608, 2.7000000000000015 
49.02047572107933, 68.31122175273546, 0.0, -0.21356234818843467, 2.7000000000000015 
19.54000697969744, 81.4609322360622, 0.0, 0.23936544191595138, 2.7000000000000015 
55.79884550655933, 42.14805933665895, 0.0, 12.498372033371842, 2.7000000000000015 
8.626713460921222, 10.936626492697403, 0.0, 0.3296032185110856, 2.7000000000000015 
65.99333977884007, 71.39197950549637, 0.0, -0.30218349698370234, 2.7000000000000015 
87.79270051903899, 80.95002732672594, 0.0, 1.2027163997844716, 2.7000000000000015 
85.64222977584484, 2.487405335132168, 0.0, 1.346109480978284, 2.7000000000000015 
72.94806843317154, 11.31430343524156, 0.0, 1.4909910153581267, 2.7000000000000015 
46.61892570229283, 79.62804177104772, 0.0, -0.5851868100604141, 2.7000000000000015 
72.39603228975467, 57.12931178044787, 0.0, 0.7756703956313754, 2.7000000000000015 
31.35024164868361, 77.78524452974402, 0.0, 5.7875007395859415, 2.7000000000000015 
37.3558746261031, 85.4494394215081, 0.0, 5.612578313897662, 2.7000000000000015 
61.60112564827966, 83.59526131877956, 0.0, 5.8192566874667095, 2.7000000000000015 
48.585331545542154, 20.75047702211684, 0.0, 2.853026360152897, 2.7000000000000015 
58.29296382048066, 60.182142659563745, 0.0, 5.897793705033541, 2.7000000000000015 
83.52199352276578, 22.352076818457963, 0.0, 6.5797082440913, 2.7000000000000015 
56.141714709332696, 63.337623610867446, 0.0, -0.29307416490739135, 2.300000000000001 
25.694622331480986, 21.388979478265952, 0.0, -0.327955555066457, 2.7000000000000015 
63.18830948210745, 47.42507790033451, 0.0, 0.34804802798693657, 2.7000000000000015 
80.25178108061453, 72.26213145066336, 0.0, 1.680318105996178, 2.7000000000000015 
30.146518940263743, 1.6359196705390102, 0.0, 6.047417853565029, 2.7000000000000015 
50.72796044385656, 78.16916851419802, 0.0, -7.1984282229061645, 2.7000000000000015 
40.488450292817305, 1.1108087214661593, 0.0, 5.830704832706264, 2.7000000000000015 
14.103527222881786, 26.960751134962273, 0.0, 6.041192063020348, 2.7000000000000015 
69.35513061369716, 64.07146738553804, 0.0, 0.7899247386036328, 2.7000000000000015 
23.162655384652545, 24.346951452586396, 0.0, 5.926414095431936, 2.7000000000000015 
81.95482231811984, 16.951054439683716, 0.0, 0.400965220968836, 2.7000000000000015 
30.868929915934718, 29.36494586279948, 0.0, -6.2305778994568115, 2.7000000000000015 
44.67403760239786, 65.78269287295647, 0.0, 5.871240830245468, 2.7000000000000015 
0.6528698668511926, 24.34311183296299, 0.0, 0.17216648022136144, 2.7000000000000015 
1.3323250054284845, 7.176965062798809, 0.0, 1.2733681930164809, 2.7000000000000015 
79.14218406367968, 1.0460846558456838, 0.0, 0.7821709286658587, 2.7000000000000015 
86.76794935399552, 17.073743173432277, 0.0, 6.541802763606102, 2.7000000000000015 
57.71976085739842, 69.55750325534976, 0.0, 6.018197009752312, 2.7000000000000015 
41.56595490000819, 83.84162490640772, 0.0, 5.379696030889272, 2.7000000000000015 
7.934810777706328, 22.594495761236583, 0.0, 6.189027792848409, 2.7000000000000015 
20.68411284220534, 11.185821472274464, 0.0, 6.056333335471502, 2.7000000000000015 
66.68545995278942, 72.91191400514522, 0.0, 0.0, 1.0 
35.14392417359524, 82.66041904114245, 0.0, -0.743494266082879, 2.7000000000000015 
4.314764649948182, 36.877216465220755, 0.0, -0.18506176182258216, 2.7000000000000015 
63.39190187492332, 53.584251470280066, 0.0, 6.224594043365759, 2.7000000000000015 
48.55275838174762, 86.919738563373, 0.0, 5.072946921516627, 2.7000000000000015 
41.47880714675843, 61.386880146275026, 0.0, -0.17090962907698606, 2.7000000000000015 
9.44559607202895, 13.3443371780039, 0.0, 6.337513550156858, 2.7000000000000015 
33.40196609905702, 13.855114463849835, 0.0, 5.622744826182399, 2.7000000000000015 
77.68046695047275, 59.655117101512865, 0.0, 1.3023539244643, 2.7000000000000015 
78.60706405175631, 77.88280410460085, 0.0, 1.693020589978943, 2.7000000000000015 
10.607608924877715, 24.39856759949706, 0.0, 6.030234082860504, 2.7000000000000015 
14.607595269512371, 21.17332923181991, 0.0, -0.10958842575678159, 2.7000000000000015 
82.59961002392403, 23.429293258681934, 0.0, 6.540198492931659, 2.7000000000000015 
76.14817850008605, 55.75198356933352, 0.0, 0.9488267501924509, 2.7000000000000015 
78.37736445807843, 66.43482259432838, 0.0, 1.0207123983892292, 2.7000000000000015 
71.06048190285534, 79.19859949896566, 0.0, 2.359057311205423, 2.000000000000001 
65.71722156624521, 62.877580028024845, 0.0, 6.876675612234754, 2.7000000000000015 
81.69235631975727, 63.04955611695701, 0.0, 1.468970258961646, 2.7000000000000015 
60.75301694382474, 69.38107068608086, 0.0, -0.7082645181981216, 2.7000000000000015 
16.83054432504355, 27.204243810705403, 0.0, 6.061770520076355, 2.7000000000000015 
83.16809634869793, 79.01996542497922, 0.0, 13.433827039554265, 2.7000000000000015 
77.15714131874562, 6.749106068166013, 0.0, 7.8117004781730355, 2.7000000000000015 
66.67057923863226, 66.68474344864362, 0.0, 0.11028704970511466, 2.7000000000000015 
63.419584239794176, 8.902697705566165, 0.0, 2.0556436058861807, 2.7000000000000015 
52.519472639543004, 49.57218859011371, 0.0, 6.166841385956349, 2.7000000000000015 
38.23110339433699, 76.9457721774005, 0.0, -0.9399232567335132, 2.7000000000000015 
44.6451437710565, 58.67476376584202, 0.0, -0.34245257723359546, 2.7000000000000015 
75.74099474036304, 1.299235443278868, 0.0, 7.269826070637449, 2.7000000000000015 
26.81662954244213, 1.8453115358726981, 0.0, 6.250830135384351, 2.7000000000000015 
54.02889327561806, 72.40877366687896, 0.0, 5.841650868860788, 2.7000000000000015 
43.37136749291915, 79.48692287158983, 0.0, -0.7949907624262684, 2.7000000000000015 
55.01498576802026, 52.31323827326765, 0.0, -0.27404118632561075, 2.7000000000000015 
43.32475027353538, 6.514341303287299, 0.0, -1.0072050167870004, 2.7000000000000015 
55.844628494640496, 0.9851219494209283, 0.0, 5.910628528184339, 2.7000000000000015 
18.357724030433072, 86.70625693696482, 0.0, -0.5268064655488651, 2.7000000000000015 
34.29326354479135, 64.75047807969385, 0.0, -0.14615985106855567, 2.7000000000000015 
17.48487655465124, 11.880997739518975, 0.0, 6.235193729418963, 2.7000000000000015 
64.71267440184013, 55.19694476289691, 0.0, 6.252173009287946, 2.7000000000000015 
19.184688443520507, 22.188163432659277, 0.0, -0.18230331821762868, 2.7000000000000015 
26.142683034009696, 22.542835830571036, 0.0, -0.3418314385783793, 2.7000000000000015 
43.30602866276872, 4.430101990442579, 0.0, 5.198847785697058, 2.7000000000000015 
70.6094260196314, 60.038524523131315, 0.0, 0.17276192274447905, 2.7000000000000015 
45.16058611871622, 88.11391523479176, 0.0, 5.339499221739172, 2.7000000000000015 
55.011616504576374, 73.21780201078262, 0.0, 5.559866589487977, 2.7000000000000015 
71.3812096955724, 61.57907350332883, 0.0, 0.505968826732222, 2.7000000000000015 
42.644516191303936, 52.26661547605029, 0.0, 6.090134010528881, 2.7000000000000015 
55.5156305962169, 61.277593786288975, 0.0, -0.4001724722437118, 2.7000000000000015 
87.84843920983025, 23.0244726777999, 0.0, 6.3604527777397175, 2.7000000000000015 
49.607475495775496, 64.27877253720767, 0.0, -0.451911331014639, 2.7000000000000015 
59.306638115875664, 42.56830544440079, 0.0, 6.362468533226185, 2.7000000000000015 
52.583781174348154, 30.35503820214341, 0.0, -0.08186219981907157, 2.7000000000000015 
9.524370183468381, 21.605934247107555, 0.0, 0.07765082042507182, 2.7000000000000015 
51.17706978994901, 44.5568751649853, 0.0, 6.314924984511399, 2.7000000000000015 
40.37358043632799, 75.07992434709818, 0.0, 5.447005258039036, 2.100000000000001 
45.89699935467905, 27.069876441023496, 0.0, 0.1600255241110704, 2.7000000000000015 
57.248588631441265, 61.76475909584485, 0.0, -0.39691103147013973, 2.7000000000000015 
57.93985544085999, 20.57130659138078, 0.0, 2.843056755269157, 2.7000000000000015 
50.981706832422354, 66.88074655020166, 0.0, 5.922463247820983, 2.7000000000000015 
27.96534128624612, 48.490062557929896, 0.0, 0.10712640789563828, 2.7000000000000015 
32.08369064306848, 24.8172789152084, 0.0, -0.0508599453883082, 2.7000000000000015 
53.93001715144811, 64.54042968425213, 0.0, 6.02954526027691, 2.7000000000000015 
43.9578704983914, 81.61518465216798, 0.0, -0.7237377946000925, 2.7000000000000015 
39.36276908687336, 8.826094587343281, 0.0, -0.9870611334718095, 2.7000000000000015 
59.39911524854127, 55.22505802158614, 0.0, -0.23832988166119357, 2.7000000000000015 
11.807040370002627, 11.044197849561199, 0.0, -0.0016086902273156848, 2.7000000000000015 
60.612753833147195, 81.40932043387843, 0.0, 1.731509370495883, 2.7000000000000015 
56.78001979027967, 64.48380078273281, 0.0, 6.077682267633756, 2.7000000000000015 
87.86423668294834, 34.602009582603316, 0.0, 0.17401721192537017, 2.7000000000000015 
68.62351736420099, 64.60289875386601, 0.0, 6.820758232168258, 2.7000000000000015 
30.754703683683157, 10.27124170897642, 0.0, 5.641134274306771, 2.7000000000000015 
72.39930721340484, 63.73114668031557, 0.0, 0.33096622695494404, 2.7000000000000015 
46.9436045206933, 85.26742234079757, 0.0, -1.083970698225412, 2.7000000000000015 
86.22072217091657, 57.349119358899145, 0.0, 7.3444371037415825, 2.7000000000000015 
32.581722002347384, 59.0570489445851, 0.0, 0.6508924347463392, 2.7000000000000015 
32.543140304271155, 78.25089555239957, 0.0, 5.607668083670953, 2.7000000000000015 
33.836361812429345, 79.9771715188958, 0.0, 5.5875762136350025, 2.7000000000000015 
50.85158694973928, 76.35276083364825, 0.0, -0.8583522712457351, 2.7000000000000015 
65.1767652977407, 74.34725157961421, 0.0, 0.0, 1.0 
58.944977788285264, 57.695441811178135, 0.0, -0.12906325454669204, 2.7000000000000015 
80.61538409538181, 80.37577991590906, 0.0, 1.035703397328474, 2.7000000000000015 
33.135278607968715, 1.5305553168599557, 0.0, 6.0323797620290005, 2.7000000000000015 
0.8035116893047939, 10.796257075124906, 0.0, 1.1490666645410137, 2.7000000000000015 
21.089972631083583, 47.365702561138434, 0.0, 6.587971733294019, 2.7000000000000015 
74.38940224862637, 77.61567985670335, 0.0, 7.535376433178531, 2.7000000000000015 
18.86260236196635, 16.217482680103064, 0.0, -0.04602224487595512, 2.7000000000000015 
30.076814722242542, 61.67870470472688, 0.0, 0.761521566854465, 2.7000000000000015 
35.11204088509293, 76.29755723239917, 0.0, -0.8716217590191873, 2.7000000000000015 
57.29657181580203, 45.37847197759611, 0.0, 6.401377738954863, 2.7000000000000015 
70.00867995149892, 63.44230947760489, 0.0, 0.8148878627587501, 2.7000000000000015 
75.36634333392394, 65.59816140548334, 0.0, 7.070062461532605, 2.7000000000000015 
29.977009001963385, 14.782559019384712, 0.0, 5.5936912350923365, 2.7000000000000015 
38.90242381679412, 62.880122319499755, 0.0, 5.827605941442459, 2.7000000000000015 
40.26176412836861, 72.71397743956241, 0.0, 5.702850639889996, 2.7000000000000015 
45.958489307031066, 67.77104976088484, 0.0, -0.7469597534722067, 2.7000000000000015 
67.7237705402264, 3.6865427384560356, 0.0, 1.4051638980710177, 2.7000000000000015 
6.2295291908145805, 21.54448321613626, 0.0, 6.383080268253122, 2.7000000000000015 
49.967718546790884, 57.137080130472484, 0.0, -0.3563914085873719, 2.7000000000000015 
23.087567084052637, 25.709038182079233, 0.0, -0.3276002079466053, 2.7000000000000015 
31.232090201710957, 72.74633261269834, 0.0, 6.083054368878285, 2.7000000000000015 
52.62151267390514, 70.460300169724, 0.0, -0.5183561675240219, 2.7000000000000015 
14.271178434846089, 35.8685329029462, 0.0, -0.22078093930279494, 2.7000000000000015 
13.088001754049513, 82.53339129621376, 0.0, 1.0353287532270017, 2.7000000000000015 
19.729830689138176, 27.255851877564623, 0.0, -0.24229319550768197, 2.7000000000000015 
6.067317105353469, 23.79219144380268, 0.0, 0.04068689910636595, 2.7000000000000015 
81.16894635233058, 6.66030356558093, 0.0, 1.1182067863278276, 2.7000000000000015 
71.76269214244932, 68.53894509815505, 0.0, 6.7088312841992535, 2.7000000000000015 
63.578595859448924, 49.88981435120725, 0.0, 6.509780867750917, 2.7000000000000015 
35.135407654172276, 84.05917886446511, 0.0, 5.72790023751532, 2.7000000000000015 
17.26780669222705, 25.79899980319321, 0.0, 6.0834828592204655, 2.7000000000000015 
40.7012651216812, 81.3666832953968, 0.0, -0.5374127453751104, 2.7000000000000015 
37.4402078144065, 68.04509651229195, 0.0, 5.892396104003234, 2.7000000000000015 
42.9194849284504, 73.36368805104205, 0.0, -0.6356050646248168, 2.7000000000000015 
71.08605005754039, 77.52670192714396, 0.0, 5.8783873447213875, 2.5000000000000013 
39.81580070123112, 84.31082295933457, 0.0, 5.494788038294872, 2.7000000000000015 
81.41154444524423, 70.09031604197246, 0.0, 7.989956453770915, 2.7000000000000015 
58.437952671914125, 50.3355978310486, 0.0, 6.299793334493084, 2.7000000000000015 
66.54692593987377, 70.26043099852359, 0.0, 6.315634163059636, 2.7000000000000015 
32.35372342122162, 23.481339426606095, 0.0, 6.372507387506348, 2.7000000000000015 
85.12652586226388, 17.785576968921507, 0.0, 6.659656174738866, 2.7000000000000015 
42.452519708706525, 74.93658599479488, 0.0, -0.5699604924677281, 2.7000000000000015 
20.227357255120634, 25.829359081121773, 0.0, 5.996973721212291, 2.7000000000000015 
48.34873626189234, 67.25315200184417, 0.0, -0.501224753826374, 2.7000000000000015 
41.608209652654956, 2.6741612679138083, 0.0, 5.464117397475549, 2.7000000000000015 
69.20231444412263, 61.49843148802219, 0.0, 6.514550532223526, 2.7000000000000015 
82.54238102757766, 4.750740237739496, 0.0, 1.0145601088257896, 2.7000000000000015 
56.8256656568946, 72.88943119511733, 0.0, -0.9010781850799663, 2.5000000000000013 
33.00469100768866, 81.69543150459057, 0.0, 5.686984330115274, 2.6000000000000014 
14.807863525047297, 18.722815127077297, 0.0, 6.131677060980745, 2.7000000000000015 
2.410975375861003, 38.79669212739242, 0.0, 6.212311064364812, 2.7000000000000015 
34.225861066511754, 71.84303792951891, 0.0, 6.382001554996468, 2.7000000000000015 
67.84688997625855, 46.163314358472405, 0.0, 0.5796882351059485, 2.7000000000000015 
55.22683816209421, 66.63634579034678, 0.0, 6.070719097779932, 2.7000000000000015 
83.67431348832967, 4.226522352933776, 0.0, 1.1432585272256104, 2.7000000000000015 
42.04178329750656, 81.84988820738336, 0.0, -0.7101740363529897, 2.7000000000000015 
60.357955950210076, 52.01817368912515, 0.0, 6.195449435381273, 2.7000000000000015 
41.022344821643834, 51.4252839240938, 0.0, -0.2004628346477727, 2.7000000000000015 
24.51157120310121, 18.023562056258307, 0.0, 6.041962194066299, 2.7000000000000015 
16.548463072174474, 15.328256919524776, 0.0, 0.04828776779369682, 2.7000000000000015 
85.1267155620984, 20.343748453767557, 0.0, 0.3315163110769123, 2.7000000000000015 
59.39507852575763, 43.83956863652488, 0.0, 6.272108131802397, 2.7000000000000015 
25.02167208006234, 85.91525379070248, 0.0, -6.721141652553766, 2.7000000000000015 
66.64079793449997, 14.793254260212668, 0.0, 1.708348805599878, 2.7000000000000015 
18.2195380219405, 10.69289844300068, 0.0, 6.299761596700471, 2.7000000000000015 
42.7817285335271, 64.32356488943272, 0.0, 5.753655110663959, 2.7000000000000015 
34.46687746159939, 61.22581494055288, 0.0, 6.811651096965451, 2.7000000000000015 
51.20632480693748, 69.77799130491118, 0.0, -0.3195672231753982, 2.7000000000000015 
10.383140541183787, 68.55185515757326, 0.0, 6.705553888619845, 2.7000000000000015 
50.00658563236907, 71.12134796844848, 0.0, -0.41401534973784904, 2.7000000000000015 
78.32527360161697, 3.162882037602086, 0.0, 7.410530018796703, 2.7000000000000015 
31.4631659003063, 75.23418855654225, 0.0, -0.2515270293899188, 2.7000000000000015 
14.754356339958616, 7.19658240278264, 0.0, 0.02374003541562937, 2.7000000000000015 
6.419319557755881, 19.274375354711246, 0.0, 0.00031450105203630757, 2.7000000000000015 
74.11103732854791, 58.200503581345025, 0.0, 1.069423420709005, 2.7000000000000015 
21.293808927283102, 9.828714916635297, 0.0, -0.33347786826405235, 2.7000000000000015 
72.34309868288389, 52.810707276655386, 0.0, 0.6698575951986341, 2.7000000000000015 
46.67165131159824, 65.8859479309748, 0.0, 5.715595993162548, 2.7000000000000015 
36.30888551134983, 84.85660455342048, 0.0, -0.5433570955174892, 2.7000000000000015 
53.77747264405837, 15.97910379654783, 0.0, 3.2118525174480954, 2.7000000000000015 
86.00752347181454, 31.069237729607654, 0.0, 6.531600223335124, 2.7000000000000015 
37.895225767943, 6.5804787412791725, 0.0, 5.62193752782148, 2.7000000000000015 
87.25823245322248, 88.53887458920653, 0.0, 1.5523913762182786, 2.7000000000000015 
16.167972242890247, 31.038572935926545, 0.0, 0.10929215619088235, 2.7000000000000015 
44.73137496112863, 79.77856934042043, 0.0, -0.6867541291048288, 2.7000000000000015 
64.67208130029225, 50.994120544544984, 0.0, 0.09756691853649703, 2.7000000000000015 
65.49659698316542, 54.22358607800096, 0.0, 0.014413474343503931, 2.7000000000000015 
50.35734572738135, 54.69301986202904, 0.0, 5.980413321298917, 2.7000000000000015 
81.43393316491186, 65.81514966041388, 0.0, 1.3903937561304316, 2.7000000000000015 
21.12510088187992, 20.86947586733044, 0.0, 6.197772060737883, 2.7000000000000015 
50.324967320336725, 55.909987851246356, 0.0, -0.25092871420781737, 2.7000000000000015 
59.05652826257555, 63.59893087739774, 0.0, 6.320292515670314, 2.7000000000000015 
59.08757774344335, 58.83505794767727, 0.0, -0.19863845863922666, 2.7000000000000015 
24.518038945907712, 83.86518230781942, 0.0, -0.3546712165060331, 2.7000000000000015 
28.56773817718268, 0.6961415101819874, 0.0, -0.08596686885274239, 2.7000000000000015 
48.40000873208754, 47.861012286224025, 0.0, 0.034237885643604075, 2.7000000000000015 
44.512653437354864, 61.10027053033756, 0.0, -0.3717309260091963, 2.7000000000000015 
68.55900569581424, 67.70238626680842, 0.0, 6.402256124934006, 2.7000000000000015 
86.90592776506801, 5.580083211437137, 0.0, 1.004177450702493, 2.7000000000000015 
44.28537965945967, 67.96041933186636, 0.0, 5.181905525576344, 2.7000000000000015 
76.10642343617329, 79.31110823607196, 0.0, 1.0313294961753965, 2.7000000000000015 
61.97411698094865, 67.46516116456722, 0.0, -0.17198397842297505, 2.7000000000000015 
86.08691901108205, 6.608598291321533, 0.0, 0.8508038778311263, 2.7000000000000015 
61.80130117751603, 57.99368961032122, 0.0, 6.110923780843517, 2.7000000000000015 
70.02281482973451, 11.369243561549025, 0.0, 1.5088980558589764, 2.7000000000000015 
25.187942397705864, 81.51526035202782, 0.0, 6.121597995467553, 2.7000000000000015 
58.61201718115093, 73.45376424157607, 0.0, 5.954168288008956, 2.7000000000000015 
26.29884622381153, 75.71024235411339, 0.0, 0.43220853995400127, 2.7000000000000015 
38.76640521737341, 64.4229160788093, 0.0, -0.6221486159428421, 2.7000000000000015 
16.167459304015576, 19.66065215565834, 0.0, 5.910461120468109, 2.7000000000000015 
64.62996454925597, 61.11140710741774, 0.0, 6.614455846596065, 2.7000000000000015 
26.92542707693386, 86.64009076289162, 0.0, 3.9237498446822108, 1.1 
18.608614945134956, 85.24374114600027, 0.0, 5.988935247550486, 2.7000000000000015 
76.8655744486768, 60.82089964478509, 0.0, 7.425880045959273, 2.7000000000000015 
4.476095362796907, 20.238877135132675, 0.0, 0.0983777994459332, 2.7000000000000015 
80.48235961162386, 84.37315634360706, 0.0, 1.160642037969318, 2.7000000000000015 
73.49013496181975, 67.14770652833388, 0.0, 7.103651684438534, 2.7000000000000015 
29.14834371561451, 22.015998350882054, 0.0, 5.846107440088608, 2.7000000000000015 
2.977714568595735, 21.285580909811063, 0.0, 6.5256517280703195, 2.7000000000000015 
68.25295885824357, 20.27788303366035, 0.0, -0.013227078001209109, 2.7000000000000015 
79.06721400552264, 71.18477829760509, 0.0, 1.3677647875843582, 2.7000000000000015 
78.21862231581775, 57.75980859233161, 0.0, 1.1442291175641535, 2.7000000000000015 
42.22490673274438, 66.07050250064249, 0.0, 5.754716343137099, 2.7000000000000015 
78.9807122970095, 83.07003918246679, 0.0, 1.8169759175108007, 2.7000000000000015 
67.81462796153895, 53.89833908047865, 0.0, 0.23798063834170663, 2.7000000000000015 
60.12871140616607, 46.31704433311103, 0.0, 6.367303558730814, 2.7000000000000015 
63.87091125972462, 70.00528859822083, 0.0, 6.0964011164676775, 2.7000000000000015 
2.5926593018849653, 23.550164164709212, 0.0, 6.428125058823631, 2.7000000000000015 
16.790854274341907, 28.50966722456783, 0.0, 6.141645686036635, 2.7000000000000015 
71.69278367739929, 67.54061597997598, 0.0, 6.64180305476598, 2.7000000000000015 
16.245866683712418, 17.39074371706604, 0.0, 5.987041799603799, 2.7000000000000015 
32.670413114981656, 63.53169338067608, 0.0, 6.5215869133682896, 2.7000000000000015 
21.282852685037508, 1.515436939647276, 0.0, -6.46508249773647, 2.7000000000000015 
63.76750938851682, 56.2215835099857, 0.0, -0.05847332480285403, 2.7000000000000015 
84.87454442078207, 86.15051071739492, 0.0, 7.762088129380649, 2.7000000000000015 
37.565747633541676, 74.40584045584542, 0.0, -0.8040880286391302, 2.7000000000000015 
50.137520011523975, 48.96421256029924, 0.0, 0.018417917540739903, 2.7000000000000015 
63.206536574078164, 46.096738127338796, 0.0, 6.439746796489152, 2.7000000000000015 
83.0368845297879, 16.048150167737184, 0.0, 0.39419013465627734, 2.7000000000000015 
80.77028692357716, 3.930681458879836, 0.0, 1.1491551738659018, 2.7000000000000015 
39.829660202949206, 67.98729200666148, 0.0, 5.775871515059906, 2.7000000000000015 
86.64030645181509, 77.7436962738551, 0.0, 7.357524004180236, 2.7000000000000015 
34.99802908324641, 81.27996928296997, 0.0, 5.552030977499905, 2.7000000000000015 
37.25679471011257, 76.36996398207125, 0.0, -1.0056364078217692, 2.7000000000000015 
29.81242163676267, 7.252231302053712, 0.0, 5.789840859228306, 2.7000000000000015 
37.34651909270083, 9.892528909846984, 0.0, -0.8907341458490444, 2.7000000000000015 
35.18191393319171, 8.501774021782184, 0.0, -0.6728129680641052, 2.7000000000000015 
42.10867499330451, 77.91291269017732, 0.0, -0.6619410584899191, 2.7000000000000015 
15.067852673382275, 10.99783199030295, 0.0, 0.13069115925238195, 2.7000000000000015 
50.22644814109115, 72.23842507950576, 0.0, -0.4494822791717674, 2.7000000000000015 
43.64278893125075, 40.43986820208527, 0.0, 6.082776011577341, 2.7000000000000015 
77.29319908151051, 69.64577023835996, 0.0, 7.263567161466149, 2.7000000000000015 
73.80517724431172, 62.34389453273025, 0.0, 0.44679138239511423, 2.300000000000001 
23.02969189214749, 23.036382561994483, 0.0, 5.998266355432703, 2.7000000000000015 
7.248379921046624, 14.285877270183175, 0.0, -0.035097068276691096, 2.7000000000000015 
40.018029587784696, 88.43256655626863, 0.0, -0.686164594379321, 2.7000000000000015 
49.93946301264586, 69.13391934900535, 0.0, -0.3076693699162676, 2.7000000000000015 
50.96387682860309, 61.36441486976427, 0.0, 5.835340602105007, 2.7000000000000015 
38.0688773020482, 47.7186344672265, 0.0, 5.86119798471278, 2.7000000000000015 
80.07598203105526, 17.472037925724134, 0.0, 6.619690379423731, 2.7000000000000015 
22.336560001694274, 87.68639237554355, 0.0, 5.346195208621104, 2.7000000000000015 
82.17664084786678, 82.77490732414579, 0.0, 7.638668665179014, 2.7000000000000015 
10.760359454187492, 15.87741853839386, 0.0, 0.12259652748024077, 2.7000000000000015 
22.738588993965642, 27.100639493721353, 0.0, -0.2575944295061309, 2.7000000000000015 
62.289030714257294, 64.00012516575343, 0.0, 6.262997073866406, 2.7000000000000015 
11.06137805773953, 12.223439475002744, 0.0, 6.328055574037913, 2.7000000000000015 
50.52951907960596, 45.77173774455271, 0.0, 6.461710197379289, 2.7000000000000015 
61.12757200702032, 63.04704760897001, 0.0, 0.10092414348541194, 2.7000000000000015 
47.66746290815004, 1.89887378191742, 0.0, 5.386721982346489, 2.7000000000000015 
20.82492067156419, 87.80192607477659, 0.0, 5.380894460354336, 2.7000000000000015 
52.71467285713623, 77.24666878770958, 0.0, -0.8499936390692078, 2.7000000000000015 
47.30228933297759, 54.98931508778342, 0.0, -0.216891688568688, 2.7000000000000015 
25.010378830072376, 76.55092780718655, 0.0, 6.68226313656454, 2.7000000000000015 
50.73705923604324, 58.94130373691946, 0.0, 5.904996323987779, 2.7000000000000015 
27.994541811062827, 3.5074230986914485, 0.0, -0.6927712287172119, 2.7000000000000015 
2.4868349640649816, 1.2783510276345345, 0.0, 1.2502158451859315, 2.7000000000000015 
56.134645761326155, 57.545775572417256, 0.0, -0.28211139464978296, 2.7000000000000015 
34.52522238152318, 86.80583652446386, 0.0, -0.5549461614312903, 2.7000000000000015 
78.90239432859566, 80.59862530729471, 0.0, 1.80643355935775, 2.7000000000000015 
45.77388536658762, 62.81738691395256, 0.0, 5.852255352507506, 2.7000000000000015 
58.50930178616504, 39.27718004783896, 0.0, 6.506477652233373, 2.7000000000000015 
33.09865532513834, 0.19452788281824385, 0.0, 5.701430452051921, 2.7000000000000015 
37.94675683141505, 66.29657291638227, 0.0, -0.5490604913310206, 2.7000000000000015 
67.77410178412389, 68.79700105192948, 0.0, 6.424008280707019, 2.7000000000000015 
87.73527846131599, 30.400238372847195, 0.0, 0.4392010845323966, 2.7000000000000015 
28.893042612314353, 78.20190052349935, 0.0, 5.918095937597482, 2.7000000000000015 
28.579247831371926, 75.76299472874362, 0.0, 0.41417716239722885, 2.7000000000000015 
76.56190831077113, 70.28389367154715, 0.0, 7.489941758256412, 2.7000000000000015 
39.98109623163648, 66.205407994447, 0.0, -0.5646605354615958, 2.7000000000000015 
42.99555816549172, 50.12728913722692, 0.0, -0.05185614496453557, 2.7000000000000015 
42.46981915899561, 67.49194818455716, 0.0, -0.4363105891167336, 2.7000000000000015 
15.072760653664604, 16.426259689431962, 0.0, -0.10110427053447409, 2.7000000000000015 
59.6985780152886, 64.66911000944886, 0.0, -0.07045918932823844, 2.7000000000000015 
45.02065804510894, 64.34027867225244, 0.0, -0.40472571423624504, 2.7000000000000015 
75.58027600621126, 71.13522298523164, 0.0, 7.1409743570492, 2.4000000000000012 
24.30370876951117, 48.805284714873295, 0.0, 0.21679372114367443, 2.7000000000000015 
64.24630007178585, 2.6408032611280405, 0.0, 5.657793632935962, 2.7000000000000015 
34.309645136798906, 73.0556130346457, 0.0, 6.361669264921831, 2.5000000000000013 
17.807501061480554, 20.904222651551468, 0.0, 0.15525186535816293, 2.7000000000000015 
26.908712860628512, 10.497985793948656, 0.0, 12.006600256122582, 2.7000000000000015 
15.408374856798247, 9.661804096637804, 0.0, 0.14686039190306108, 2.7000000000000015 
69.60872433399949, 53.4054001212986, 0.0, 6.853937747101937, 2.7000000000000015 
69.78568777685985, 21.373977400531434, 0.0, -0.036479918177596354, 2.7000000000000015 
58.285293220880675, 49.25884512801918, 0.0, 6.29597857282694, 2.7000000000000015 
32.29161058535825, 55.50398671182436, 0.0, 13.46340929182671, 2.7000000000000015 
81.3252776606068, 78.49802065441075, 0.0, 1.4553057586181743, 2.7000000000000015 
73.69562985841577, 68.59233751028472, 0.0, 0.785792199853202, 2.7000000000000015 
30.644194734112908, 15.787814584657115, 0.0, -0.593004906987724, 2.7000000000000015 
57.13710749925771, 68.52495720347319, 0.0, -0.24997498313598013, 2.7000000000000015 
56.26021457686032, 59.84238692757012, 0.0, -0.3159582485754955, 2.7000000000000015 
34.42639304343865, 6.461715734593502, 0.0, -0.5997321970076886, 2.7000000000000015 
76.59946392912077, 65.70981477923252, 0.0, 0.8888499041043223, 2.6000000000000014 
54.42272359040394, 45.38753971399482, 0.0, 6.727243276089399, 2.7000000000000015 
27.569937327422682, 80.48376743457817, 0.0, -0.04297118104567381, 2.7000000000000015 
44.9956049848295, 71.5290968509833, 0.0, 6.006475740136888, 2.7000000000000015 
28.189408428411777, 81.61441157055849, 0.0, 6.161037994606309, 2.7000000000000015 
37.59766242702043, 79.11811940310547, 0.0, 5.631084985741815, 2.7000000000000015 
73.2622056857239, 82.8477909928943, 0.0, 0.7838912968557159, 2.7000000000000015 
39.132120892023664, 34.90848063717547, 0.0, -0.3104865488942292, 2.7000000000000015 
52.00139692637098, 82.08311759188031, 0.0, -1.1975324208205724, 2.7000000000000015 
37.184551580394405, 4.577236825459695, 0.0, 5.688332410364959, 2.7000000000000015 
52.6117287309049, 62.746675967400456, 0.0, 5.818302032593379, 2.7000000000000015 
37.12950213981426, 46.60872062783552, 0.0, 6.10828987203013, 2.7000000000000015 
9.767868547869382, 19.484128068223256, 0.0, 0.15642964851384064, 2.7000000000000015 
75.72899609126439, 11.807166935192981, 0.0, 1.5180045322553901, 2.7000000000000015 
80.63959198060451, 82.344221468409, 0.0, 7.266534785472359, 2.7000000000000015 
86.43349109089563, 19.335416153735427, 0.0, 6.486194755019185, 2.7000000000000015 
20.483191936431222, 8.56405784835063, 0.0, 0.07339029448713785, 2.7000000000000015 
87.88694080685954, 16.09596531199761, 0.0, 0.31747707650648793, 2.7000000000000015 
83.23802057916465, 88.36653339831354, 0.0, 1.3806010791742382, 2.7000000000000015 
58.91732639375923, 62.29484584342314, 0.0, 6.058140248637914, 2.6000000000000014 
31.206854433659085, 12.471573369923538, 0.0, -0.6766770180366776, 2.7000000000000015 
74.9347544200284, 67.43705205260441, 0.0, 7.1116978234210775, 2.7000000000000015 
48.41396192082532, 75.47552686677845, 0.0, -0.6547858675220168, 2.7000000000000015 
49.39888365413889, 50.090175774268076, 0.0, 0.10760445962451318, 2.7000000000000015 
84.74266754951921, 15.43188327577235, 0.0, 0.39990387887220635, 2.7000000000000015 
26.246974207671556, 84.17623813017161, 0.0, -0.47580595077695265, 2.7000000000000015 
14.401064184582674, 14.270319128796514, 0.0, 6.306088293994856, 2.7000000000000015 
74.1185658332549, 63.56705834832645, 0.0, 0.5235542020270815, 2.7000000000000015 
39.949276363797765, 76.97701456638458, 0.0, 11.959158795791854, 2.7000000000000015 
58.32081292491456, 66.50070295460206, 0.0, 6.161829212143908, 2.7000000000000015 
46.0473412993198, 44.76181194541426, 0.0, 5.906172168487339, 2.7000000000000015 
51.83895297793611, 53.30854314775133, 0.0, -0.278931797001562, 2.7000000000000015 
52.56101568953974, 71.84593325393385, 0.0, 5.731390528587114, 2.7000000000000015 
56.33018074220471, 74.93558581987763, 0.0, 5.406190663833558, 2.7000000000000015 
74.49991453646672, 82.24748784181443, 0.0, -5.682538548801305, 2.7000000000000015 
54.794522936096, 74.87438153326472, 0.0, 5.5297356455013755, 2.7000000000000015 
71.77722407718649, 64.67782468012166, 0.0, 0.8293884226497003, 2.6000000000000014 
56.22767488893231, 67.56236450844433, 0.0, -0.18652962302097276, 2.7000000000000015 
71.01810910889836, 62.57739014413272, 0.0, 0.19709060910612322, 2.5000000000000013 
47.93539514177795, 70.43358509084399, 0.0, 6.227661869856577, 2.7000000000000015 
52.468319617838446, 47.123851898326855, 0.0, 6.500964616217259, 2.7000000000000015 
67.74772290077703, 55.087277304988305, 0.0, 6.438998656765104, 2.7000000000000015 
54.67523006068528, 6.754575766070243, 0.0, 2.677793585701422, 2.7000000000000015 
72.28583868150731, 83.61490882110293, 0.0, 0.855987144078613, 2.7000000000000015 
28.91011833401837, 10.338237812114572, 0.0, -0.6215276615323929, 2.7000000000000015 
45.055560186772716, 86.34218568234171, 0.0, 5.358592671314034, 2.7000000000000015 
60.83032541724177, 59.44235489234758, 0.0, -0.451775581050949, 2.7000000000000015 
25.886684272973277, 12.215315828089066, 0.0, -0.4259368660508197, 2.7000000000000015 
76.17112084194402, 52.87278306879746, 0.0, 6.9129547185202185, 2.7000000000000015 
53.66261906109117, 79.87629864648271, 0.0, 5.0560609424230405, 2.7000000000000015 
78.47181951472768, 68.30451626155384, 0.0, 1.100849062631305, 2.7000000000000015 
85.87379975184885, 78.90233477060032, 0.0, 7.287275836732797, 2.7000000000000015 
35.95528983136891, 15.020348241891632, 0.0, -0.5893226181656588, 2.7000000000000015 
75.60177897749402, 77.11837355898908, 0.0, 0.9434413616873923, 2.7000000000000015 
30.70207106128635, 87.53817743657059, 0.0, -0.6828531488209683, 2.7000000000000015 
61.21533453801735, 72.05766134424069, 0.0, 5.819983009734128, 2.7000000000000015 
19.628904209642872, 5.226175334825279, 0.0, 0.012210404737898629, 2.7000000000000015 
67.0499909373831, 64.62113228810937, 0.0, 0.4357810239872167, 2.7000000000000015 
12.149863553509507, 22.24320216479356, 0.0, -0.1273191627444651, 2.7000000000000015 
61.974431280645724, 52.7570194742383, 0.0, 6.185689546410792, 2.7000000000000015 
4.655993272088359, 3.4477627738856387, 0.0, 1.521507486252541, 2.7000000000000015 
75.30582270055886, 85.36618593583674, 0.0, 0.7486922212855308, 2.7000000000000015 
74.50121712528579, 53.23655738862499, 0.0, 0.6153865148995, 2.7000000000000015 
16.68040480726564, 23.302902693298616, 0.0, -0.10475068552855209, 2.7000000000000015 
37.290665843392084, 81.97189043750743, 0.0, 5.630247554012925, 2.7000000000000015 
46.99489980312016, 81.27803956736388, 0.0, 5.2132984065737435, 2.7000000000000015 
48.68750302409369, 65.85913915585813, 0.0, 5.805332475366187, 2.7000000000000015 
17.13977183970908, 24.542086756987608, 0.0, -0.1517174875190385, 2.7000000000000015 
72.67067183285056, 61.011605073806706, 0.0, 0.35113650406959035, 2.300000000000001 
57.725967633327876, 75.38703992127556, 0.0, 5.533633775573092, 2.7000000000000015 
4.528469640786859, 33.77118570609256, 0.0, 0.10384340238051018, 2.7000000000000015 
3.604597367275085, 13.958863255528488, 0.0, 0.03781111128677825, 2.7000000000000015 
39.25123433914599, 83.2495211330677, 0.0, 5.6830887973639355, 2.7000000000000015 
36.63779406211297, 8.736636512669543, 0.0, 5.523309492190649, 2.7000000000000015 
74.39900195260005, 11.420968922165192, 0.0, 1.5055001222567541, 2.7000000000000015 
32.743746602948704, 84.96792564517958, 0.0, -0.8597162236895982, 2.7000000000000015 
65.46762778859309, 80.53717523984685, 0.0, 2.646198407291537, 2.7000000000000015 
69.0227932526748, 76.40955386683638, 0.0, 6.561922695041681, 2.7000000000000015 
23.445467102494842, 0.027403574871115666, 0.0, 0.0, 1.0 
37.97178282412717, 82.80620532824746, 0.0, 5.624872744433587, 2.6000000000000014 
47.43179066496056, 72.7560855150222, 0.0, 5.922886888561685, 2.7000000000000015 
38.542570965150155, 33.020219448846795, 0.0, 6.445710931943098, 2.7000000000000015 
29.69246122454234, 12.347956165147803, 0.0, 5.647424694950409, 2.7000000000000015 
36.08624709613769, 65.3867852022431, 0.0, 5.729609184904473, 2.7000000000000015 
29.488997207098578, 5.9996815604667075, 0.0, -0.21878673760442113, 2.7000000000000015 
54.05017088585813, 53.604668963417275, 0.0, -0.21213168265228338, 2.7000000000000015 
34.730772798619384, 14.428941740585573, 0.0, -0.7498686193703505, 2.7000000000000015 
55.79995433880268, 54.178155107404486, 0.0, 5.887292605741089, 2.7000000000000015 
20.69792805582238, 80.27741329996212, 0.0, -0.04691069353565685, 2.7000000000000015 
33.46759270256855, 8.31401278234711, 0.0, -0.6614955986053142, 2.7000000000000015 
29.546947674876314, 8.624575004365946, 0.0, 5.798708763199391, 2.7000000000000015 
34.46396905289853, 62.82660192323734, 0.0, 0.8346428117628454, 2.7000000000000015 
68.50734050310969, 73.83047853505293, 0.0, 1.0806102123306738, 1.2000000000000002 
44.89955539758158, 74.34869565251664, 0.0, 5.739802769496095, 2.7000000000000015 
23.523032949831567, 78.40141949452507, 0.0, 6.532690674375973, 2.7000000000000015 
28.919144652338368, 20.724493968339186, 0.0, -0.42198486390098394, 2.7000000000000015 
45.409635739567264, 52.29752065714678, 0.0, 12.285975321525695, 2.7000000000000015 
24.30156696529705, 1.3834135082725543, 0.0, 5.938726862913338, 2.7000000000000015 
19.44168344725111, 12.753443232202047, 0.0, 6.008405306664049, 2.7000000000000015 
22.689649141933213, 70.7470142900061, 0.0, 6.8535993198351655, 2.7000000000000015 
46.85191247370951, 48.95872919629496, 0.0, 6.5124066167674695, 2.7000000000000015 
88.37534639716574, 18.552073696839656, 0.0, 0.1354679107632144, 2.7000000000000015 
25.335203531946465, 38.68705614090631, 0.0, 6.182892385076807, 2.7000000000000015 
1.4227125006917762, 32.647512939183486, 0.0, 6.691469355547012, 2.7000000000000015 
57.456080026310644, 81.52815099233985, 0.0, 12.002920437750783, 2.7000000000000015 
19.57836378503522, 83.75927620142593, 0.0, -0.3321513447162073, 2.7000000000000015 
7.259448367492422, 24.90081390271035, 0.0, -0.11087133839061533, 2.7000000000000015 
47.16766825423941, 77.66410739722538, 0.0, -0.845603946862366, 2.7000000000000015 
39.272234438929544, 10.743754628586409, 0.0, -0.5161990233587638, 2.7000000000000015 
25.038980952043925, 5.029560869789614, 0.0, 5.852357056703549, 2.7000000000000015 
85.1540245809435, 80.50234107930764, 0.0, 7.56886268714661, 2.7000000000000015 
76.44473610234162, 64.16182234967765, 0.0, 0.6602403186345657, 2.7000000000000015 
81.293190843669, 73.44647772045334, 0.0, 7.8398200535726374, 2.7000000000000015 
73.41750670337701, 65.13281103428434, 0.0, 0.0, 1.0 
28.100675836521052, 49.864418940907555, 0.0, 0.08452493103365859, 2.7000000000000015 
44.90079975897215, 43.798907314219335, 0.0, -0.6186583560379951, 2.7000000000000015 
32.42674567121029, 10.420584800533959, 0.0, 5.628217361477393, 2.7000000000000015 
65.12183772620001, 39.51213354975091, 0.0, 0.21200140155129837, 2.7000000000000015 
24.261829828476866, 80.25425220164598, 0.0, 0.1096928378346889, 2.7000000000000015 
22.010648373343756, 15.317279992537467, 0.0, -0.3594686597210528, 2.7000000000000015 
79.97239983376697, 64.6363699809569, 0.0, 1.2477704926338082, 2.7000000000000015 
67.99236805367865, 51.65104626358015, 0.0, 0.28779576967202125, 2.7000000000000015 
32.446751233251085, 22.22366293035309, 0.0, 0.1091026164528527, 2.7000000000000015 
26.375764712731687, 28.821657579461558, 0.0, 6.138815134485468, 2.7000000000000015 
73.65341869571473, 69.81813787166227, 0.0, 6.79998668691796, 2.7000000000000015 
43.546000525516504, 43.124112925528465, 0.0, 5.818052807965356, 2.7000000000000015 
50.19078383727636, 52.78160836558266, 0.0, 6.09690769572379, 2.7000000000000015 
63.835371352898115, 34.643970628842396, 0.0, 6.420021244295052, 2.7000000000000015 
66.9415629456633, 52.42912202225036, 0.0, 0.39098892221312576, 2.7000000000000015 
82.42109025561362, 71.34717891525088, 0.0, 7.987878452767149, 2.7000000000000015 
88.36436081115562, 5.589831475410417, 0.0, 1.1871641112687619, 2.7000000000000015 
54.94705142440922, 69.90475727547339, 0.0, -0.4634248334388223, 2.7000000000000015 
10.431896083947944, 29.961235224173816, 0.0, 0.24371725383618692, 2.7000000000000015 
72.76745400370781, 73.1545174357064, 0.0, 6.6912089111992765, 2.7000000000000015 
37.588767563645625, 80.50223666653089, 0.0, 5.816410379559457, 2.7000000000000015 
55.01635468766025, 55.767822367742184, 0.0, -0.49557993950564977, 2.7000000000000015 
63.07851740535054, 72.36887816205524, 0.0, -0.35224846149103445, 2.7000000000000015 
57.162470286193034, 52.66164290007233, 0.0, 6.024643961822168, 2.7000000000000015 
23.546366916773874, 4.377708000688075, 0.0, 5.77632075380705, 2.7000000000000015 
51.203790926512625, 73.78373591101493, 0.0, 5.67861634890894, 2.7000000000000015 
51.092322045473864, 7.207642549543666, 0.0, 9.17726983829739, 2.7000000000000015 
56.60011299704199, 56.12846557409671, 0.0, -0.416081087836896, 2.7000000000000015 
70.39680732676058, 73.08833070269327, 0.0, 0.0, 1.0 
26.530914071008343, 3.244608074549138, 0.0, 5.791010883633429, 2.7000000000000015 
79.43734021914894, 85.37963245334082, 0.0, 0.5549414925318683, 2.7000000000000015 
28.438467181037456, 61.96715834255152, 0.0, 7.128576665372103, 2.7000000000000015 
45.34951637406336, 81.82898084068252, 0.0, 5.431877733388672, 2.7000000000000015 
84.60804504510334, 76.03758822063324, 0.0, 0.9825335925577497, 2.7000000000000015 
57.67256234497065, 8.937627259913835, 0.0, -0.4622004942029746, 2.7000000000000015 
62.39587158326365, 54.639766997135474, 0.0, -0.07853896044815678, 2.7000000000000015 
69.34581336676145, 71.96648042855861, 0.0, -0.25531789819864237, 2.7000000000000015 
56.259675194529514, 58.67559084415032, 0.0, 6.071602620136407, 2.7000000000000015 
74.50406985513008, 60.40186331943201, 0.0, 0.9314164376427742, 2.7000000000000015 
28.38283439144607, 82.71585890008492, 0.0, -0.1966718039320331, 2.7000000000000015 
44.85774374883251, 83.7644982831912, 0.0, 5.633184752127028, 2.7000000000000015 
22.257579996270188, 17.714497538890654, 0.0, 5.84014230657478, 2.7000000000000015 
66.10530416802034, 48.96549266277742, 0.0, 6.7355174244717855, 2.7000000000000015 
53.55267534623983, 17.226746285607053, 0.0, 6.37979400025975, 2.7000000000000015 
43.30221709185027, 2.3008563125094446, 0.0, -1.0740302202365106, 2.7000000000000015 
36.28758133586266, 12.154186811160649, 0.0, -0.5258113418378721, 2.7000000000000015 
37.70725117141405, 2.8489013871450735, 0.0, 5.728390097006329, 2.7000000000000015 
21.450474116677807, 85.11345496753425, 0.0, 5.934303187660389, 2.7000000000000015 
72.3557389326984, 71.88171545783322, 0.0, 6.409255937718618, 2.7000000000000015 
65.28607480853215, 52.93877686812397, 0.0, 0.15129088223417003, 2.7000000000000015 
80.1654494578802, 59.866578578936114, 0.0, 7.274245641801716, 2.7000000000000015 
57.26451143547488, 65.53424989711968, 0.0, 6.17162133489106, 2.7000000000000015 
70.2495804640611, 54.99328331347178, 0.0, 0.5637052752852579, 2.7000000000000015 
88.56517429887194, 87.94568621617302, 0.0, 1.3929335690391533, 2.7000000000000015 
63.689706647126236, 51.90745880649543, 0.0, 6.3445408340416884, 2.7000000000000015 
22.4914609678469, 81.20787499760456, 0.0, -0.03860412256284761, 2.7000000000000015 
66.0494624587641, 60.121347354526236, 0.0, -0.12186658967053285, 2.7000000000000015 
70.98532599619254, 53.110966390274086, 0.0, 0.6970141057667124, 2.7000000000000015 
67.12557181629144, 62.803501113684845, 0.0, 6.884013664100597, 2.7000000000000015 
39.749973819648204, 80.28077360017626, 0.0, -0.919176007561363, 2.7000000000000015 
40.83077110269974, 86.26366469964611, 0.0, -0.9413020952667395, 2.7000000000000015 
39.01265172538888, 4.510161577994747, 0.0, 5.6609656447694086, 2.7000000000000015 
16.679156366475475, 82.06875598467157, 0.0, 6.107740359126903, 2.7000000000000015 
43.05615942862013, 83.81217821707831, 0.0, -0.8552752217451812, 2.7000000000000015 
48.62101794581199, 84.51361441554079, 0.0, -0.995548257378206, 2.7000000000000015 
64.33283328010876, 77.90032007061677, 0.0, 1.9446432867433525, 2.7000000000000015 
84.17836082480521, 7.399319404000433, 0.0, 7.680088525496509, 2.7000000000000015 
36.90541318766274, 70.7395354032091, 0.0, -0.28703547147511776, 2.7000000000000015 
26.15648876367842, 23.958530840052113, 0.0, 5.90922323667697, 2.7000000000000015 
59.195649558889535, 75.87171563300845, 0.0, -0.4758522666860341, 2.7000000000000015 
63.22384567488351, 61.66303877464188, 0.0, 6.794365559973529, 2.7000000000000015 
43.75396886434257, 62.67623304626153, 0.0, -0.46348687931363103, 2.7000000000000015 
24.000929604171308, 70.06693246212123, 0.0, 0.5913113494943097, 2.7000000000000015 
32.26015948719888, 6.668615714023758, 0.0, -0.597116049529562, 2.7000000000000015 
12.760695836564674, 13.323306479284206, 0.0, -0.150995444959106, 2.7000000000000015 
35.06902080717913, 11.398452691672684, 0.0, -0.8475470703895374, 2.7000000000000015 
45.073362620393524, 53.67503001156108, 0.0, 6.226915024344721, 2.7000000000000015 
54.94386890650454, 24.872451419979303, 0.0, -0.2870043460030485, 2.7000000000000015 
9.992240320580589, 18.22552276736617, 0.0, 6.628842020741751, 2.7000000000000015 
12.33309128549281, 9.770998963584901, 0.0, 6.537388876826503, 2.7000000000000015 
65.04156295114544, 64.5974271738573, 0.0, 0.2486720785974494, 2.7000000000000015 
4.522584100770649, 15.129427897422234, 0.0, 6.224254473508217, 2.7000000000000015 
55.45333369819523, 77.56791311100474, 0.0, -1.0617095072964364, 2.7000000000000015 
86.64410880788648, 85.73295561524833, 0.0, 1.608941488270675, 2.7000000000000015 
52.63208551603742, 74.13100059188471, 0.0, 5.675114799462239, 2.7000000000000015 
86.958070098872, 2.9323231712426243, 0.0, 7.671831813915158, 2.7000000000000015 
27.18162718479321, 7.401894610954554, 0.0, -0.26960545637247185, 2.7000000000000015 
76.21607737917697, 57.90377151329251, 0.0, 1.1508654637814653, 2.7000000000000015 
44.709265322548696, 75.78679857520649, 0.0, -0.6047683864941924, 2.7000000000000015 
23.209842706483393, 28.344594980384645, 0.0, -0.25186088918952904, 2.7000000000000015 
55.56308027996969, 50.99953075891654, 0.0, 6.202860542378289, 2.7000000000000015 
21.850912913661155, 7.562460967354473, 0.0, 0.12224498711047117, 2.7000000000000015 
47.49004040412309, 56.042756814446065, 0.0, -0.31636491875501943, 2.7000000000000015 
18.321572399156718, 9.38471406191296, 0.0, 6.367239232280219, 2.7000000000000015 
67.93425392953911, 14.773319268179197, 0.0, 1.7247683878010167, 2.7000000000000015 
57.851181531790054, 83.65685409914758, 0.0, 1.923628147849845, 2.7000000000000015 
62.442060261667805, 43.3305912110138, 0.0, 0.12081550784069392, 2.7000000000000015 
45.00583810327341, 1.509087905724598, 0.0, 5.243636867817187, 2.7000000000000015 
70.55194603306674, 66.21628259193918, 0.0, 6.783901066020938, 2.7000000000000015 
48.74835122687303, 61.4600121164726, 0.0, -0.374648790888069, 2.7000000000000015 
39.32665047728984, 86.29089612817808, 0.0, 5.471639676747582, 2.7000000000000015 
52.45333440468659, 8.65698580598612, 0.0, 8.970798859924573, 2.7000000000000015 
50.55459151598511, 81.85649993832038, 0.0, 5.3200647055710855, 2.7000000000000015 
83.44910818221337, 21.028094859150958, 0.0, 6.585856380680003, 2.7000000000000015 
27.76075797761901, 5.2541745763828045, 0.0, 6.165370751230804, 2.7000000000000015 
63.610903414654494, 48.7727258435708, 0.0, 0.3638585490398313, 2.7000000000000015 
53.28572739563744, 58.88657889679974, 0.0, -0.3340114494343127, 2.7000000000000015 
44.976922682601014, 72.90681226099606, 0.0, 5.6579387716217955, 2.7000000000000015 
34.45292152915303, 57.7713542823179, 0.0, 1.05819008440507, 2.7000000000000015 
61.35514253390333, 50.07949957927216, 0.0, 6.516097725538491, 2.7000000000000015 
40.917972679150054, 4.689219757569292, 0.0, -0.5898566974004095, 2.7000000000000015 
80.39989875925352, 87.4467810555225, 0.0, 7.104988082336191, 2.7000000000000015 
61.88951579040461, 73.98916352982886, 0.0, -0.621691905475427, 2.7000000000000015 
70.30869813341758, 56.23272041821476, 0.0, 6.894362575354287, 2.7000000000000015 
44.59524825006234, 70.1624658155518, 0.0, 6.424809164445714, 2.7000000000000015 
73.35401346492796, 78.52908021103929, 0.0, 0.9030868629124793, 2.5000000000000013 
68.50141570725815, 78.73903534539576, 0.0, 0.04450662029722751, 2.7000000000000015 
46.208921419333564, 50.02772964382562, 0.0, 6.504385605930485, 2.7000000000000015 
66.03557751605344, 57.90709522249582, 0.0, -0.04812171849095339, 2.7000000000000015 
32.610154657984836, 12.911847798638197, 0.0, 5.5311887232546235, 2.7000000000000015 
54.94828649662956, 5.136062337172683, 0.0, 2.5288231219955195, 2.7000000000000015 
47.799477985918216, 7.926000028802181, 0.0, 9.361582895328734, 2.7000000000000015 
48.38267314126191, 53.80144587540136, 0.0, 6.307737506025732, 2.7000000000000015 
13.114574730920554, 17.982459619892893, 0.0, 5.8889988863289995, 2.7000000000000015 
82.75051820611796, 80.6864703132853, 0.0, 1.1509530566910502, 2.7000000000000015 
74.65616856451787, 72.9987273948363, 0.0, 0.6396475687213689, 2.7000000000000015 
41.53193509992044, 62.584622764055304, 0.0, -0.40214475267474337, 2.7000000000000015 
59.19004883147562, 67.44235311338647, 0.0, 6.106995771120478, 2.7000000000000015 
59.86949510479406, 68.46881227787362, 0.0, -0.225280212036232, 2.7000000000000015 
42.401170322487765, 86.08848972873513, 0.0, -0.9022641084215206, 2.7000000000000015 
20.855074668740148, 2.882871857050741, 0.0, 6.038804924851648, 2.7000000000000015 
17.280880962673606, 4.33648631497092, 0.0, -0.07398269449149439, 2.7000000000000015 
63.70005008644832, 65.97982715554235, 0.0, 0.044140924650757314, 2.7000000000000015 
52.75374826347347, 75.54544015452024, 0.0, -0.8374355511385339, 2.7000000000000015 
50.900936750991626, 51.55943948743914, 0.0, -0.0921439603262804, 2.7000000000000015 
39.951375428618505, 2.677545565276189, 0.0, -0.6164398884548049, 2.7000000000000015 
74.90459303002493, 71.90136644559362, 0.0, 0.8267616669079254, 2.7000000000000015 
82.56473802455506, 36.48614998043661, 0.0, 3.4234082723464985, 2.7000000000000015 
69.97472090342869, 68.66493942044279, 0.0, 6.48673289067797, 2.7000000000000015 
75.88963610065191, 60.95534849795676, 0.0, 7.378352510668176, 2.7000000000000015 
88.3463842614734, 20.80647898319529, 0.0, 6.529162066160175, 2.7000000000000015 
64.51331151389911, 67.01354624190824, 0.0, 6.305991525631932, 2.7000000000000015 
32.13546299011063, 16.203812208475657, 0.0, -0.8126062325956092, 2.7000000000000015 
50.78037943766292, 79.88535920914154, 0.0, 5.398769090376997, 2.7000000000000015 
52.52464481890085, 50.647561177032394, 0.0, 6.28671988485514, 2.7000000000000015 
42.120340530740144, 54.73534233225594, 0.0, -0.28716884876196563, 2.7000000000000015 
52.10767848802224, 48.22884824569384, 0.0, 0.19098160976349998, 2.7000000000000015 
53.01964749513558, 55.785733444652394, 0.0, -0.40614532063075764, 2.7000000000000015 
54.38749881743726, 62.969730394530764, 0.0, 5.735045927156737, 2.7000000000000015 
50.506215913222434, 60.1441974812349, 0.0, -0.19095309712542696, 2.7000000000000015 
82.0551973620382, 85.33978449667286, 0.0, 1.2243348732077766, 2.7000000000000015 
84.31639858164193, 82.07527939886666, 0.0, 7.66312887258622, 2.7000000000000015 
46.77949822423341, 61.22648085611969, 0.0, -0.3609253129790021, 2.7000000000000015 
61.36628869345012, 51.05134801079058, 0.0, 6.335175117136176, 2.7000000000000015 
73.46110690616035, 51.00287147880393, 0.0, 7.052251386098572, 2.7000000000000015 
37.37760718096916, 1.545514024081229, 0.0, -0.1798062858180573, 2.7000000000000015 
88.1168406062805, 2.4024374728372178, 0.0, 1.5796278144376295, 2.7000000000000015 
40.82803420447532, 64.3576873292501, 0.0, 5.705364614898898, 2.7000000000000015 
29.18620283383145, 74.45100487487935, 0.0, 0.05309209585511284, 2.7000000000000015 
70.7769650352382, 59.15319217104698, 0.0, 0.14365982944118208, 2.7000000000000015 
67.4284148466377, 61.73196366350429, 0.0, 6.831699621480496, 2.4000000000000012 
79.56033117174752, 88.36135769237613, 0.0, 6.924678314511046, 2.7000000000000015 
64.41664981668613, 73.10046345754209, 0.0, -0.6162693426839481, 2.7000000000000015 
77.90484753182905, 75.73913519749836, 0.0, 1.539404194567035, 2.7000000000000015 
34.08226246403499, 74.68106750154283, 0.0, 5.700471301530026, 2.7000000000000015 
58.77110468841358, 56.546029200025345, 0.0, -0.16136484492805278, 2.7000000000000015 
23.018167033996978, 19.527742068657957, 0.0, -0.21722022750622832, 2.7000000000000015 
54.290352266648156, 68.8570979004773, 0.0, -0.3267269866470855, 2.7000000000000015 
47.3832432526979, 73.92000832452969, 0.0, 5.796846323359969, 2.7000000000000015 
29.686356460249485, 86.7569140893188, 0.0, 5.793333164232788, 2.7000000000000015 
23.644939351260398, 9.889777739004677, 0.0, -0.46430918714051583, 2.7000000000000015 
52.120328444959895, 5.563033915136732, 0.0, 8.981433835339294, 2.7000000000000015 
14.004141997292841, 24.449924210835906, 0.0, -0.1532894380294722, 2.7000000000000015 
44.718188042839465, 54.9673702217052, 0.0, 5.981039575546221, 2.7000000000000015 
48.88772237218846, 78.9542316609706, 0.0, 5.406867936839273, 2.7000000000000015 
60.67335194707802, 76.56414550040087, 0.0, 5.148819517568712, 2.7000000000000015 
19.889528533080515, 23.28823678533323, 0.0, -0.245559629357711, 2.7000000000000015 
3.055732128395157, 18.96502110364976, 0.0, 0.08975181880418195, 2.7000000000000015 
10.887145046520457, 80.25299384230536, 0.0, 0.8705142684423439, 2.7000000000000015 
69.48137822141452, 51.036707581916076, 0.0, 6.774447930102839, 2.6000000000000014 
18.793186460503804, 82.78259042091396, 0.0, 6.102332202426511, 2.7000000000000015 
49.06520295372857, 58.587363840510505, 0.0, -6.67674213701774, 2.7000000000000015 
77.42649022901251, 68.22039145712392, 0.0, 7.30947034390108, 2.7000000000000015 
27.84871999554728, 47.206466846410414, 0.0, 6.435766379787255, 2.7000000000000015 
