position_x,position_y,position_z,orientation,aspect_ratio
20.637446064365456, 54.9948987013272, 0.0, 0.0, 1.0 
0.5709030865339132, 30.603064853245005, 0.0, 0.0, 1 
37.43813810835335, 49.78878451837767, 0.0, 0.0, 1 
51.753913016392744, 57.10388016423255, 0.0, 0.0, 1 
23.886769142348097, 52.56333436676581, 0.0, 0.0, 1 
9.208046277285886, 18.42719093594743, 0.0, 0.0, 1 
10.742768488503106, 13.348016507684639, 0.0, 0.0, 1 
25.23382891696896, 4.9121951347799655, 0.0, 0.0, 1 
43.377261928262634, 48.29040248071608, 0.0, 0.0, 1.0 
8.682142300988321, 46.347954855546035, 0.0, 0.0, 1 
58.080829899537164, 35.69650483642976, 0.0, 0.0, 1 
57.30877357361559, 3.2678788536957724, 0.0, 0.0, 1 
41.07068484531311, 56.08698904138141, 0.0, 0.0, 1 
11.23562791172766, 18.68350959770561, 0.0, 0.0, 1.0 
56.28408657004768, 24.438549881557865, 0.0, 0.0, 1 
1.015197149819661, 9.388849431424191, 0.0, 0.0, 1 
3.0688198799201456, 17.802412656251686, 0.0, 0.0, 1.0 
1.8923185328960674, 54.78103361916882, 0.0, 0.0, 1.0 
51.167386182935545, 59.105216254392566, 0.0, 0.0, 1 
50.707259770793996, 35.653206819063655, 0.0, 0.0, 1 
33.94175749920985, 3.054280906331707, 0.0, 0.0, 1 
20.98297169303446, 43.79441687616644, 0.0, 0.0, 1 
13.625138371384843, 42.818120237942026, 0.0, 0.0, 1.0 
17.400878770980412, 57.40953005187101, 0.0, 0.0, 1 
4.597549874101971, 12.715645244202408, 0.0, 0.0, 1.0 
6.640039227357124, 12.884424132999316, 0.0, 0.0, 1 
29.099193663949716, 8.569115199577235, 0.0, 0.0, 1 
41.717194921695956, 28.69714153397491, 0.0, 0.0, 1.0 
11.70477849897044, 42.02801756881884, 0.0, 0.0, 1 
11.96021131309865, 43.96398132013035, 0.0, 0.0, 1 
21.67986006297872, 28.426648263345417, 0.0, 0.0, 1.0 
30.405432192340918, 29.746874955827682, 0.0, 0.0, 1 
28.756537198377256, 48.45291033942897, 0.0, 0.0, 1.0 
18.826939368890468, 5.632783975584833, 0.0, 0.0, 1 
20.89582079814503, 57.02005218798553, 0.0, 0.0, 1.0 
56.091742799148825, 12.148222557948305, 0.0, 0.0, 1 
34.10154469585488, 5.056207400314111, 0.0, 0.0, 1.0 
55.90397840918128, 15.59349552112965, 0.0, 0.0, 1 
25.20107284015499, 22.08606834319305, 0.0, 0.0, 1.0 
19.83989417232439, 48.98760757809896, 0.0, 0.0, 1.0 
50.1305587322522, 50.2501968849228, 0.0, 0.0, 1 
46.30698739699051, 25.844350659929127, 0.0, 0.0, 1.0 
9.522352596534127, 14.963843539148764, 0.0, 0.0, 1 
48.12343976991949, 50.74669789556113, 0.0, 0.0, 1 
16.3377370781207, 49.41700517870703, 0.0, 0.0, 1 
54.00669499588795, 11.99088887616956, 0.0, 0.0, 1 
39.755049501886845, 14.441772735944728, 0.0, 0.0, 1 
36.34639615748131, 40.97837015281455, 0.0, 0.0, 1 
17.320213654193193, 19.419224918563415, 0.0, 0.0, 1.0 
47.02835520423843, 54.64107254244301, 0.0, 0.0, 1 
31.12014471956395, 51.614750786414454, 0.0, 2.675385525026517, 1.4000000000000004 
22.270892059986917, 19.21649451192443, 0.0, 0.0, 1.0 
4.153165629527635, 34.491011589388854, 0.0, 0.0, 1.0 
38.59041615016019, 33.119090608028806, 0.0, 0.0, 1 
22.251671353220967, 53.77388149737874, 0.0, 0.0, 1.0 
13.184941888064047, 10.151441927158594, 0.0, 0.0, 1 
41.88834673067056, 21.340328952829392, 0.0, 0.0, 1.0 
2.254700157449567, 31.506290953678075, 0.0, 0.0, 1 
5.8146135427269625, 7.241701505824205, 0.0, 0.0, 1.0 
19.83572497256055, 36.32977052993079, 0.0, 0.0, 1.0 
35.491724937817715, 50.26218680822082, 0.0, 0.0, 1 
21.292261160404003, 11.11321407480654, 0.0, 0.0, 1 
47.33388132026839, 47.345878660793666, 0.0, 0.0, 1 
48.168869791425806, 38.050534865645794, 0.0, 0.0, 1 
37.97695227941725, 15.091453215932129, 0.0, 0.0, 1.0 
20.55181564170513, 32.349835861016146, 0.0, 0.0, 1 
24.296321006130736, 18.71545746883226, 0.0, 0.0, 1 
14.609771818437265, 3.7200875065392625, 0.0, 0.0, 1 
27.026097412800482, 28.844767545236603, 0.0, 0.0, 1 
38.61990139181143, 45.873915700255694, 0.0, 0.0, 1 
15.050669179132562, 39.6680962136179, 0.0, 0.0, 1 
36.295515061753, 28.277926752808035, 0.0, 0.0, 1 
33.267260544853755, 45.38128240512096, 0.0, 0.0, 1 
1.3593940182749948, 14.129470930181249, 0.0, 0.0, 1 
30.739507894085538, 47.8306350254463, 0.0, 0.0, 1 
53.36015054615237, 4.26130792686022, 0.0, 0.0, 1.0 
54.96736296578291, 40.104329365254884, 0.0, 0.0, 1 
15.315810532240876, 19.165095284170718, 0.0, 0.0, 1 
8.037854251666742, 58.81269332346885, 0.0, 0.0, 1.0 
32.6664321475704, 14.652813391527117, 0.0, 0.0, 1.0 
12.60142367669748, 27.057314604331292, 0.0, 0.0, 1 
18.51519597426499, 8.96453112110853, 0.0, 0.0, 1 
15.514623058585608, 56.61724952550173, 0.0, 0.0, 1 
46.76164404031016, 36.621197253993195, 0.0, 0.0, 1 
4.34323517250442, 38.59470992325601, 0.0, 0.0, 1 
54.0688390245795, 49.31971115656816, 0.0, 0.0, 1 
48.09339128329769, 8.31472811083861, 0.0, 0.0, 1 
49.801418355440326, 57.59859190069591, 0.0, 0.0, 1 
12.913100720021703, 34.8412848739473, 0.0, 0.0, 1 
35.03363128262156, 19.539268549442653, 0.0, 0.0, 1.0 
20.606587978222805, 18.09255807384417, 0.0, 0.0, 1.0 
40.8426546625961, 38.05180855175795, 0.0, 0.0, 1 
11.003797935636939, 31.947103867506137, 0.0, 0.0, 1 
11.31384233064948, 4.4597742881657885, 0.0, 0.0, 1 
21.547291208161994, 16.265827517289576, 0.0, 0.0, 1 
12.012374954328742, 20.51014299310151, 0.0, 0.0, 1 
29.061633153159367, 41.013245798271505, 0.0, 0.0, 1 
19.261955494036524, 58.21464424075181, 0.0, 0.0, 1 
48.45302297116177, 43.45108952176665, 0.0, 0.0, 1 
11.415169296439164, 37.99841682149705, 0.0, 0.0, 1 
54.4980209452243, 20.747741839353377, 0.0, 0.0, 1 
46.65892308431089, 2.225333447012139, 0.0, 0.0, 1 
13.655012600365701, 6.830516029621337, 0.0, 0.0, 1 
0.5236771433907954, 53.29112877366098, 0.0, 0.0, 1 
19.250592759851603, 23.607151823283367, 0.0, 0.0, 1.0 
28.19202178374857, 37.593070825107226, 0.0, 0.0, 1 
10.32817052161992, 45.19822268915353, 0.0, 0.0, 1 
0.6028366727698149, 34.69567676569602, 0.0, 0.0, 1 
58.41540093220687, 41.071229344722035, 0.0, 0.0, 1 
45.108099030583986, 9.81385251332039, 0.0, 0.0, 1 
14.799953408960912, 13.867600755635822, 0.0, 0.0, 1.0 
29.271091539391357, 33.6762509086795, 0.0, 0.0, 1.0 
10.899663020569644, 49.15136327548304, 0.0, 0.0, 1 
10.854114716937772, 22.129225678982113, 0.0, 0.0, 1 
34.122412887060975, 16.084433962842215, 0.0, 0.0, 1 
10.798251543241555, 2.4558844863543055, 0.0, 0.0, 1.0 
29.846195991755366, 31.75140900651076, 0.0, 0.0, 1 
12.735623133162024, 3.088245055148627, 0.0, 0.0, 1 
21.79059270283186, 21.11295508535197, 0.0, 0.0, 1.0 
36.61984836692283, 33.6369267119358, 0.0, 0.0, 1.0 
22.797693139263185, 44.60869857091302, 0.0, 0.0, 1.0 
37.876082295954525, 0.7446140590676289, 0.0, 0.0, 1 
23.39098021287025, 48.55780833286943, 0.0, 0.0, 1 
27.153340020017957, 50.125693776013435, 0.0, 0.0, 1.0 
30.998971030217916, 40.54335066743801, 0.0, 0.0, 1 
18.778929195310862, 54.19484711861359, 0.0, 0.0, 1.0 
36.3182340481253, 53.67958272073878, 0.0, 0.0, 1.0 
30.459958664454597, 42.46401535023079, 0.0, 0.0, 1.0 
41.38974332768506, 36.07370870851828, 0.0, 0.0, 1.0 
15.772500718186972, 58.592704434165576, 0.0, 0.0, 1.0 
56.0168180217911, 27.885344358061186, 0.0, 0.0, 1.0 
21.194937374728724, 45.81422228599903, 0.0, 0.0, 1 
18.05505234660061, 12.483486533555558, 0.0, 0.0, 1 
44.69125209245762, 2.6599834061749954, 0.0, 0.0, 1.0 
16.428420796724186, 26.440215509710754, 0.0, 0.0, 1.0 
55.326701217092534, 3.7839887306985593, 0.0, 0.0, 1.0 
50.4706230068349, 42.9874186195742, 0.0, 0.0, 1 
8.688499701828935, 13.106570093926752, 0.0, 0.0, 1 
56.12145329142806, 48.82792547548963, 0.0, 0.0, 1 
9.604821546096181, 52.3584118495197, 0.0, 0.0, 1 
29.385545610963444, 12.367418186799128, 0.0, 0.0, 1 
32.77845512607328, 10.377799515009585, 0.0, 0.0, 1.0 
41.403547113909724, 48.7802168340711, 0.0, 0.0, 1.0 
38.32281150679946, 27.776705489950928, 0.0, 0.0, 1 
47.015039140123854, 9.946144199387732, 0.0, 0.0, 1.0 
18.17595374835671, 33.36904468063236, 0.0, 0.0, 1.0 
37.38780541702038, 2.765793711573032, 0.0, 0.0, 1 
55.78774906396332, 31.119401326723374, 0.0, 0.0, 1 
32.90891280665682, 27.368480677952544, 0.0, 0.0, 1 
2.2996241012901835, 33.55070197927874, 0.0, 0.0, 1 
4.01815030066315, 32.444856709692864, 0.0, 0.0, 1 
36.68626553677142, 58.909727674094086, 0.0, 0.0, 1.0 
28.155800841971704, 17.690115855625223, 0.0, 0.0, 1 
19.75265119588619, 2.4860221753682716, 0.0, 0.0, 1 
18.1415763074893, 3.744356500107724, 0.0, 0.0, 1 
14.428303773072958, 27.88419908630151, 0.0, 0.0, 1 
24.799811072183193, 16.741747577577588, 0.0, 0.0, 1.0 
23.76317118493011, 8.015373965447758, 0.0, 0.0, 1 
39.137849585712466, 43.88553450935365, 0.0, 0.0, 1 
21.804984040415604, 7.3930911538789035, 0.0, 0.0, 1.0 
26.539719023462336, 43.53952174614328, 0.0, 0.0, 1.0 
39.668650889504335, 54.61144707798988, 0.0, 0.0, 1 
14.415512202500182, 26.053073623080234, 0.0, 0.0, 1 
1.5032196478102196, 44.01051657352022, 0.0, 0.0, 1.0 
7.04836201945376, 9.369720796256937, 0.0, 0.0, 1.0 
0.373905874895258, 12.271573836912946, 0.0, 0.0, 1.0 
41.39064241497559, 15.462988200365597, 0.0, 2.3419939498019176, 1.2000000000000002 
0.9361943751546257, 45.937258107485924, 0.0, 0.0, 1.0 
40.835044876794406, 50.70047073027131, 0.0, 0.0, 1 
23.918299150364252, 13.368319539602854, 0.0, 0.0, 1 
40.5705707319906, 45.36899613886722, 0.0, 0.0, 1 
26.448232291736495, 30.814255282374837, 0.0, 0.0, 1.0 
10.088959172179553, 43.18584347804205, 0.0, 0.0, 1.0 
24.38846460376092, 56.61968394112109, 0.0, 0.0, 1 
27.573384949892784, 26.932481161026022, 0.0, 0.0, 1 
43.3396948081607, 22.781776586740275, 0.0, 0.0, 1.0 
51.04935807633345, 25.777000831468694, 0.0, 0.0, 1 
39.41673465421055, 49.27447307838636, 0.0, 0.0, 1.0 
11.518347572908697, 40.03076410509865, 0.0, 0.0, 1 
51.986593657094815, 2.732930528026072, 0.0, 0.0, 1 
6.766081046286681, 2.9689805359331785, 0.0, 0.0, 1 
55.2669343360712, 45.43713031759379, 0.0, 0.0, 1 
45.95324664531442, 45.85358460442734, 0.0, 0.0, 1 
8.40996088046763, 44.356954947691776, 0.0, 0.0, 1 
41.99284054729297, 46.837877286435294, 0.0, 0.0, 1 
43.06105155994807, 55.618220060083885, 0.0, 0.0, 1 
0.3641106336505902, 6.2000418181415, 0.0, 0.0, 1 
32.148617186281356, 16.647562464595655, 0.0, 0.0, 1.0 
58.132345101456906, 6.666590342289711, 0.0, 0.0, 1 
10.346180562707353, 16.837916526808552, 0.0, 0.0, 1.0 
48.38511453493399, 20.43997904309793, 0.0, 0.0, 1 
41.94587371362677, 11.495362973129984, 0.0, 0.0, 1.0 
36.86307526134887, 51.68764664600104, 0.0, 0.0, 1 
10.008279858404816, 20.32892977642686, 0.0, 0.0, 1 
7.9236677033788965, 51.41025542789439, 0.0, 0.0, 1.0 
44.180152048437364, 8.043017243354656, 0.0, 0.0, 1.0 
53.28438142233305, 45.92396122559357, 0.0, 0.0, 1 
38.9757371843522, 18.45114728736655, 0.0, 0.0, 1 
9.70999321731056, 4.157899531497932, 0.0, 0.0, 1 
50.98664637413675, 41.02660671759913, 0.0, 0.0, 1 
18.59865844192751, 39.22102600919093, 0.0, 0.0, 1 
58.65230098699418, 46.38140698585976, 0.0, 0.0, 1 
9.908751338828733, 11.508532067441928, 0.0, 0.0, 1 
47.31697771234564, 22.13566408027347, 0.0, 0.0, 1 
39.40190630750465, 5.796508442318536, 0.0, 0.0, 1.0 
29.58572940490326, 54.96033285044996, 0.0, 0.0, 1.0 
55.13027178997931, 58.100816839629694, 0.0, 0.0, 1 
38.8809753125289, 51.196156754612396, 0.0, 0.0, 1.0 
59.51840037106465, 8.150736301787411, 0.0, 0.0, 1 
34.5616489142349, 11.291199853644363, 0.0, 0.0, 1.0 
31.1441595005922, 13.372180723090022, 0.0, 0.0, 1 
54.075460626179805, 36.67400611590776, 0.0, 0.0, 1 
22.51493922839791, 55.8225094965702, 0.0, 0.0, 1.0 
32.687617492323774, 47.369685617181275, 0.0, 0.0, 1 
16.01403095641982, 12.23063511953806, 0.0, 0.0, 1.0 
36.64175309158035, 46.362843947161565, 0.0, 0.0, 1.0 
53.15178704304949, 10.061169121675896, 0.0, 0.0, 1 
16.59168651368198, 51.41545275638479, 0.0, 0.0, 1.0 
8.04779462286447, 4.40117937991472, 0.0, 0.0, 1 
14.474471741515197, 31.726037349941258, 0.0, 0.0, 1.0 
46.5140476722982, 43.932819303758656, 0.0, 0.0, 1 
23.33437337541498, 15.32038187049309, 0.0, 0.0, 1.0 
51.83057427639282, 15.346378391648035, 0.0, 0.0, 1.0 
29.348673264448347, 46.37925770079597, 0.0, 0.0, 1.0 
28.73281865952379, 35.67371202493282, 0.0, 0.0, 1.0 
9.609292401158983, 23.76728474746529, 0.0, 0.0, 1 
17.883689511156504, 1.7123443842941646, 0.0, 0.0, 1.0 
42.66335510632418, 17.02133690517047, 0.0, 0.0, 1.0 
12.693947434981204, 30.839424152794983, 0.0, 0.0, 1 
33.61802053343684, 18.07580455033327, 0.0, 0.0, 1 
57.00414534777906, 13.921412756864472, 0.0, 0.0, 1.0 
56.883668585964344, 29.72897970519712, 0.0, 0.0, 1 
38.02798251799548, 35.09963993630878, 0.0, 0.0, 1 
2.6681064422074026, 58.23340814077504, 0.0, 0.0, 1 
2.9195842404778944, 3.821877103050888, 0.0, 0.0, 1 
22.037034913776495, 41.082306625964904, 0.0, 0.0, 1.0 
4.256845101013959, 16.176172106734192, 0.0, 0.0, 1 
55.05104632903194, 10.489337577055887, 0.0, 0.0, 1.0 
7.979654561207073, 20.09943631756342, 0.0, 0.0, 1 
31.27108909840358, 45.89804028639437, 0.0, 0.0, 1.0 
14.15630938835416, 46.735241264539546, 0.0, 0.0, 1 
37.478000274884316, 37.076431359926424, 0.0, 0.0, 1 
57.27932209653658, 44.96016478411317, 0.0, 0.0, 1 
43.5572402512121, 15.13604864070843, 0.0, 0.0, 1.0 
26.06097740084274, 55.354920636086376, 0.0, 0.0, 1.0 
17.9412994066609, 48.22953201115205, 0.0, 0.0, 1.0 
15.212463488684245, 10.380472776109327, 0.0, 0.0, 1 
54.64388194466671, 34.740608715692666, 0.0, 0.0, 1 
46.43515421209279, 31.210645522709545, 0.0, 0.0, 1 
27.135170991350552, 21.58661288792128, 0.0, 0.0, 1 
47.24400656158725, 0.2853141311074275, 0.0, 0.0, 1 
45.32318020327499, 35.11421438883556, 0.0, 0.0, 1 
54.71889796071205, 17.280475911128853, 0.0, 0.0, 1.0 
36.1949013956703, 10.054917674820953, 0.0, 0.0, 1.0 
29.30288401324881, 52.92182868359592, 0.0, 0.0, 1.0 
53.973591773665206, 27.800180183470687, 0.0, 0.0, 1.0 
54.90983040955422, 52.75260856983754, 0.0, 0.0, 1 
47.56468623525681, 52.72675042352435, 0.0, 0.0, 1 
33.821148231977844, 43.47201841700132, 0.0, 0.0, 1 
53.763973980355615, 31.302872100632076, 0.0, 0.0, 1 
19.76908845489093, 7.3301051048493315, 0.0, 0.0, 1.0 
4.773651394858653, 21.441839778970206, 0.0, 0.0, 1 
16.075305508767634, 21.0256301122601, 0.0, 0.0, 1.0 
41.17359140768216, 13.402025420326671, 0.0, 0.0, 1 
0.3351786307049026, 47.90239814666687, 0.0, 0.0, 1 
51.58448324734965, 39.075656351389895, 0.0, 0.0, 1 
42.24761916053668, 39.48438110483704, 0.0, 0.0, 1 
53.10308783866539, 25.959718321103107, 0.0, 0.0, 1 
30.188352069923038, 1.326861213438374, 0.0, 0.0, 1 
15.605425805340092, 15.717044294130341, 0.0, 0.0, 1 
14.699499358731991, 50.68064760644292, 0.0, 0.0, 1 
17.877369574835736, 29.527406644717793, 0.0, 0.0, 1 
33.08217819202993, 20.07766733479587, 0.0, 0.0, 1 
0.9748585743643433, 36.56755046202037, 0.0, 0.0, 1 
20.511788355722864, 9.22152866707378, 0.0, 0.0, 1 
43.87983541811435, 59.02346213933121, 0.0, 0.0, 1 
9.909542262480633, 41.16113326238425, 0.0, 0.0, 1.0 
0.1910571547105926, 15.822937105719081, 0.0, 0.0, 1 
3.3987288944050653, 14.304610496861843, 0.0, 0.0, 1 
10.591482934195493, 25.84935888985276, 0.0, 0.0, 1.0 
42.48760457263697, 32.15928050816352, 0.0, 0.0, 1 
11.741136672831267, 55.04885626221534, 0.0, 0.0, 1 
56.71821604561032, 5.252893120904055, 0.0, 0.0, 1.0 
51.24544494064218, 33.71627565218396, 0.0, 0.0, 1 
18.892352398498353, 25.615389865613125, 0.0, 0.0, 1.0 
8.680966793457591, 25.239112639698323, 0.0, 0.0, 1.0 
21.98631827798599, 33.79310175364646, 0.0, 0.0, 1 
50.9439202002189, 53.67896531569811, 0.0, 0.0, 1 
51.362923515618704, 22.33299092931641, 0.0, 0.0, 1 
38.27570859146745, 53.16178317321664, 0.0, 0.0, 1.0 
20.108787660247092, 50.99212258801812, 0.0, 0.0, 1 
45.911749366221954, 33.18399977495432, 0.0, 0.0, 1 
24.18395292422975, 26.002489802424062, 0.0, 0.0, 1 
44.50022833886706, 44.40637679277819, 0.0, 0.0, 1 
51.53143110143078, 51.72298993023449, 0.0, 0.0, 1 
3.7759211944446704, 7.292425119928598, 0.0, 0.0, 1.0 
45.25373516834192, 22.20018666848737, 0.0, 0.0, 1.0 
55.07567422136679, 32.86550974541834, 0.0, 0.0, 1 
51.83473590873204, 31.73447017035156, 0.0, 0.0, 1 
46.42124325119855, 23.862006512923735, 0.0, 0.0, 1 
13.601046367838983, 55.872460222417814, 0.0, 0.0, 1 
39.59747420839841, 7.815975351712762, 0.0, 0.0, 1.0 
24.589829817093186, 44.036739000776635, 0.0, 0.0, 1.0 
54.4493597317484, 42.06342385493479, 0.0, 0.0, 1 
46.63664477655668, 16.874526544219194, 0.0, 0.0, 1.0 
47.04532528205967, 41.95555199364636, 0.0, 0.0, 1 
35.19025398823472, 59.62450882318533, 0.0, 0.0, 1.0 
29.728076940030274, 57.020698115359, 0.0, 0.0, 1.0 
10.37541506774493, 8.035893739693156, 0.0, 0.0, 1 
20.424476520876496, 39.84865939395023, 0.0, 0.0, 1.0 
1.0388651629603076, 17.663048135489948, 0.0, 0.0, 1 
53.82575176706981, 15.462440162910816, 0.0, 0.0, 1.0 
3.208423168423223, 43.506289136990404, 0.0, 0.0, 1.0 
8.618392664913525, 56.940690681515036, 0.0, 0.0, 1 
19.433234293463144, 19.68991819375067, 0.0, 0.0, 1.0 
25.70316156454284, 40.10607729557838, 0.0, 0.0, 1.0 
40.309478173494085, 27.301309051670287, 0.0, 0.0, 1.0 
14.11343404931374, 0.04804668199975667, 0.0, 0.0, 1.0 
46.19228200049097, 51.239906712836365, 0.0, 0.0, 1.0 
1.8327014794730057, 10.868241643638292, 0.0, 0.0, 1 
56.40278378842836, 41.54083531497024, 0.0, 0.0, 1 
0.8182493691992404, 21.199250734895205, 0.0, 0.0, 1 
12.185126064359435, 45.958241662754496, 0.0, 0.0, 1 
23.37100608150039, 4.098150841044794, 0.0, 0.0, 1.0 
59.13016539499466, 10.456692350863474, 0.0, 0.0, 1 
39.334864253457454, 2.10348090944999, 0.0, 0.0, 1.0 
34.53436709845892, 21.483975422824866, 0.0, 0.0, 1.0 
35.955085611889174, 22.916681777972457, 0.0, 0.0, 1.0 
16.852651696049957, 14.115184414419693, 0.0, 0.0, 1 
47.70854244871139, 27.290618150297124, 0.0, 0.0, 1.0 
33.00766414464578, 40.01220762158755, 0.0, 0.0, 1 
16.480259716547398, 8.779818384366278, 0.0, 0.0, 1 
26.08433997240185, 25.462994136355796, 0.0, 0.0, 1 
7.316794888797305, 55.38117279886267, 0.0, 0.0, 1.0 
52.72889266506423, 17.161605226887218, 0.0, 0.0, 1.0 
46.20702316705895, 8.081160074592114, 0.0, 0.0, 1 
35.73027813765298, 3.9126624290055996, 0.0, 0.0, 1 
57.040015953847394, 32.395912165780274, 0.0, 0.0, 1 
40.910989409295, 17.89773765857616, 0.0, 0.0, 1.0 
43.93100768294886, 46.337657721344264, 0.0, 0.0, 1 
12.465980999680509, 47.92600167939575, 0.0, 0.0, 1 
20.048724393672273, 12.710608631742542, 0.0, 0.0, 1 
39.05951134179487, 3.947233370849681, 0.0, 0.0, 1.0 
33.4785673124162, 50.73358136714089, 0.0, 0.0, 1.0 
39.107931614474296, 31.19516841282372, 0.0, 0.0, 1 
1.9949751088279137, 27.32742036101114, 0.0, 0.0, 1.0 
38.87319699535448, 38.567126735028474, 0.0, 0.0, 1 
23.63526403306172, 50.56793927795353, 0.0, 0.0, 1.0 
24.284122314017946, 38.64670014552243, 0.0, 0.0, 1 
27.680367378944347, 19.64273621964486, 0.0, 0.0, 1 
27.45707489923169, 46.807220093283824, 0.0, 0.0, 1.0 
40.002903554684586, 34.652376868164964, 0.0, 0.0, 1 
5.437866175505341, 1.4792419786774957, 0.0, 0.0, 1 
59.08747079304572, 57.16781735014865, 0.0, 0.0, 1 
23.014163168505835, 0.06968144357288723, 0.0, 0.0, 1 
25.330823630253008, 14.822517773551777, 0.0, 0.0, 1.0 
4.601382465356834, 46.72616133709288, 0.0, 2.722835026828794, 1.2000000000000002 
12.405599642386372, 8.32587461317644, 0.0, 0.0, 1 
37.86206251963294, 8.92636681998096, 0.0, 0.0, 1.0 
48.608387259076835, 1.7429137298499089, 0.0, 0.0, 1.0 
15.531461335039976, 43.57327083992036, 0.0, 0.0, 1 
49.08985681630748, 10.0728170309409, 0.0, 0.0, 1 
18.39759399337427, 37.403495508431845, 0.0, 0.0, 1.0 
19.364393090640764, 30.897926841565337, 0.0, 0.0, 1.0 
45.612725265156584, 18.614259618582913, 0.0, 0.0, 1 
55.49312103801983, 38.17430659797664, 0.0, 0.0, 1 
2.7249696667848755, 21.28399554213088, 0.0, 0.0, 1 
0.7086396030348497, 58.676713692748805, 0.0, 0.0, 1 
20.863071858235948, 37.8795256202521, 0.0, 0.0, 1.0 
20.01287835508339, 34.31785886410972, 0.0, 0.0, 1.0 
48.93004513112382, 25.679056435087617, 0.0, 0.0, 1 
52.426984753300985, 42.49284004859173, 0.0, 0.0, 1 
45.26848127207313, 0.7422374712053891, 0.0, 0.0, 1.0 
41.87624954920432, 59.48266210627451, 0.0, 0.0, 1.0 
9.232266044476207, 0.4964740263471772, 0.0, 0.0, 1 
27.112619387557235, 5.732347270938846, 0.0, 0.0, 1 
33.45377955642176, 58.70844009368386, 0.0, 0.0, 1 
59.41788077562184, 22.87176557236874, 0.0, 0.0, 1 
20.066208696625313, 4.45412195886978, 0.0, 0.0, 1 
33.31204346934158, 56.67867129270244, 0.0, 0.0, 1.0 
43.68449308075708, 40.99637445458377, 0.0, 0.0, 1 
5.511061370405619, 23.3299211732331, 0.0, 0.0, 1 
5.535333378782276, 48.4501215433633, 0.0, 0.0, 1 
35.220679804940865, 44.889287582384526, 0.0, 0.0, 1.0 
42.129436575621234, 8.07858177078514, 0.0, 0.0, 1.0 
12.466561937380636, 25.444168678840683, 0.0, 0.0, 1 
4.757183034518598, 42.626677523894074, 0.0, 0.0, 1.0 
32.03793958690438, 2.188006008633867, 0.0, 0.0, 1 
27.640310108538777, 54.15144422759902, 0.0, 0.0, 1 
16.0445254764548, 47.466010402179165, 0.0, 0.0, 1.0 
15.634620431388123, 24.499614578552205, 0.0, 0.0, 1 
11.138032404703546, 9.878192274818707, 0.0, 0.0, 1 
30.196135908388445, 17.18141682859074, 0.0, 0.0, 1 
23.332143212309816, 11.48386681566082, 0.0, 0.0, 1 
17.630687133383084, 59.43098621088843, 0.0, 0.0, 1 
48.737736529877054, 48.80621082311437, 0.0, 0.0, 1 
9.183503281183945, 31.095170466608682, 0.0, 0.0, 1.0 
22.1624458751455, 26.47333599829843, 0.0, 0.0, 1.0 
42.823016329433344, 37.576404453427294, 0.0, 0.0, 1 
42.280111445057734, 19.377325550254895, 0.0, 0.0, 1 
1.765061686253162, 7.61770232410986, 0.0, 0.0, 1 
18.511176680846994, 52.19735623163036, 0.0, 0.0, 1.0 
16.467791473864466, 34.50184579669187, 0.0, 0.0, 1.0 
45.663748142257795, 27.752193599612177, 0.0, 0.0, 1.0 
26.756443605268874, 36.18746294988662, 0.0, 0.0, 1 
25.61007950039897, 8.877318271227148, 0.0, 0.0, 1 
41.34281150946775, 23.333755750624736, 0.0, 0.0, 1.0 
48.86155512852387, 6.787451982249281, 0.0, 0.0, 1 
34.09727101498724, 48.8041859572831, 0.0, 0.0, 1.0 
37.54566764393966, 4.870758938816363, 0.0, 0.0, 1 
1.2910069256857708, 56.70342552082975, 0.0, 0.0, 1 
34.402511765915875, 9.21610751029415, 0.0, 0.0, 1.0 
2.606184605282701, 12.512549860294776, 0.0, 0.0, 1 
44.07063000148271, 4.614675405487016, 0.0, 0.0, 1 
30.711932238469547, 15.279397256257083, 0.0, 0.0, 1.0 
27.39563427666707, 52.17322155772592, 0.0, 0.0, 1 
12.789316827694833, 49.906953035460155, 0.0, 0.0, 1 
22.493803822020645, 31.84945885980875, 0.0, 0.0, 1 
25.23113812954646, 49.36500332256546, 0.0, 0.0, 1.0 
36.07657339539185, 8.027001614839385, 0.0, 0.0, 1.0 
16.91581594475916, 22.87103778093415, 0.0, 0.0, 1.0 
43.23150875830095, 6.383066439180276, 0.0, 0.0, 1 
31.816750375302732, 31.25845004718433, 0.0, 0.0, 1 
31.264457830425503, 33.176286584645595, 0.0, 0.0, 1.0 
14.611293566755384, 33.691044021296, 0.0, 0.0, 1.0 
28.479925484171943, 43.0137936480977, 0.0, 0.0, 1 
38.31260449913917, 40.479373039283146, 0.0, 0.0, 1 
11.077815243397975, 33.979239851957516, 0.0, 0.0, 1 
23.19288801862336, 22.59170398466786, 0.0, 0.0, 1.0 
45.357767356750514, 47.81571168133221, 0.0, 0.0, 1 
25.461624842290586, 6.881677075520376, 0.0, 0.0, 1 
16.857565743790285, 5.308745065839872, 0.0, 0.0, 1 
27.436455043700274, 9.764969023811684, 0.0, 0.0, 1 
48.0258494998899, 3.747353495904754, 0.0, 0.0, 1 
7.269523924113954, 49.56076255181015, 0.0, 0.0, 1.0 
42.785371688509436, 24.80520794750986, 0.0, 0.0, 1 
25.919160789928224, 45.47113265990073, 0.0, 0.0, 1.0 
32.60395941991754, 8.298144852463658, 0.0, 0.0, 1 
36.409378823530126, 13.861620001690287, 0.0, 0.0, 1 
38.45615322069084, 20.44746049507318, 0.0, 0.0, 1.0 
29.025371988123236, 28.33521698963581, 0.0, 0.0, 1 
4.8423769939447645, 44.71488369204608, 0.0, 0.0, 1.0 
48.37269522651314, 56.139943211823784, 0.0, 0.0, 1.0 
9.562301439351055, 37.130957898991234, 0.0, 0.0, 1 
43.83704880009601, 18.674656440003652, 0.0, 0.0, 1 
42.734536600546704, 3.0914204208954104, 0.0, 0.0, 1.0 
52.70671816423435, 47.85363957161603, 0.0, 0.0, 1 
24.51275612808612, 31.325279918710777, 0.0, 0.0, 1.0 
24.67790007234449, 24.0402043150155, 0.0, 0.0, 1 
19.646491809893387, 16.20335363424925, 0.0, 0.0, 1 
19.29394547737082, 10.827684491663996, 0.0, 0.0, 1 
28.363023536444906, 0.4927689141446678, 0.0, 0.0, 1 
54.93882970112277, 13.768052517249401, 0.0, 0.0, 1 
0.32080576331782934, 28.335656266150977, 0.0, 0.0, 1 
36.47505059307818, 20.991004497232037, 0.0, 0.0, 1.0 
42.52448370432494, 44.87985634822706, 0.0, 0.0, 1 
22.693079536212576, 24.530158351977192, 0.0, 0.0, 1 
6.626581260390753, 57.315208895426935, 0.0, 0.0, 1 
20.379807502793522, 53.02490911036736, 0.0, 0.0, 1 
57.10428844356762, 57.60224509268646, 0.0, 0.0, 1 
33.43969735315417, 25.376452562226206, 0.0, 0.0, 1 
21.252361998207814, 23.117514391622983, 0.0, 0.0, 1.0 
6.787138784892327, 21.719437660433538, 0.0, 0.0, 1 
32.123140436502176, 49.31078676732564, 0.0, 0.0, 1.0 
8.9606088697902, 27.101334162556928, 0.0, 0.0, 1.0 
41.9644106674177, 34.11804050397785, 0.0, 0.0, 1 
37.6742602963375, 55.10806093680584, 0.0, 0.0, 1 
41.160075718850756, 43.40526977106132, 0.0, 0.0, 1 
24.803398624214005, 36.68264357677796, 0.0, 0.0, 1 
30.58293267253092, 22.52925893839143, 0.0, 0.0, 1 
2.0948900111812088, 29.424807199225526, 0.0, 0.0, 1 
8.330565745078761, 7.838781578660197, 0.0, 0.0, 1 
51.419167200096645, 4.696307774702351, 0.0, 0.0, 1.0 
56.76420854261063, 17.391790448362872, 0.0, 0.0, 1 
13.887428076760417, 57.84346943974836, 0.0, 0.0, 1 
35.553002614606335, 1.8582478655694246, 0.0, 0.0, 1 
17.26542328402442, 10.616625370281621, 0.0, 0.0, 1 
12.25604868247293, 59.0025585916698, 0.0, 0.0, 1 
16.709438831914657, 38.507995880056676, 0.0, 0.0, 1 
3.869322997681253, 30.410613034090535, 0.0, 0.0, 1 
58.29525530668981, 24.574460054012363, 0.0, 0.0, 1 
31.849036379408787, 0.1642163490740162, 0.0, 0.0, 1.0 
52.22649832854177, 24.134521392516046, 0.0, 0.0, 1 
29.970392990565916, 59.096596895920094, 0.0, 0.0, 1.0 
59.28690211114893, 2.8312621762127783, 0.0, 0.0, 1 
50.86659319014967, 6.638573567855184, 0.0, 0.0, 1.0 
26.748876619352842, 48.35097532738361, 0.0, 0.0, 1 
47.81775428596406, 58.06507123789017, 0.0, 0.0, 1 
23.24270410696871, 2.0943841383977655, 0.0, 0.0, 1 
27.68693150426016, 39.576846674365264, 0.0, 0.0, 1 
39.720633387557015, 29.21603618505502, 0.0, 0.0, 1 
39.486382484580986, 9.835447586097315, 0.0, 0.0, 1.0 
59.04936209061068, 14.006034934818537, 0.0, 0.0, 1 
18.163750402229432, 27.500824543279442, 0.0, 0.0, 1.0 
49.77235112148039, 15.257611249787244, 0.0, 0.0, 1 
23.088534104829414, 29.911576198623933, 0.0, 0.0, 1.0 
0.9163759912124121, 4.285549067222778, 0.0, 0.0, 1 
11.977182491656261, 57.10446567046492, 0.0, 0.0, 1.0 
3.7008750621026705, 48.912036477022774, 0.0, 0.0, 1 
50.651369944143944, 17.098348440973766, 0.0, 0.0, 1.0 
7.112016417098262, 47.5173318050809, 0.0, 0.0, 1 
54.667516647790436, 47.377747739064404, 0.0, 0.0, 1 
58.565576145056646, 33.74939968821434, 0.0, 0.0, 1 
2.3402047021066994, 5.792911802582748, 0.0, 0.0, 1 
27.575328175288956, 11.821002627681134, 0.0, 0.0, 1 
52.66813027823043, 35.20175961232546, 0.0, 0.0, 1.0 
39.91119205667643, 11.820934683672814, 0.0, 0.0, 1.0 
31.87007610051166, 43.933159204623706, 0.0, 0.0, 1.0 
5.5679228049137865, 25.28040929061296, 0.0, 0.0, 1.0 
52.99506917515105, 40.54988530038878, 0.0, 0.0, 1 
7.624246648175658, 34.23165020673955, 0.0, 0.0, 1 
14.86938520267699, 22.602530325996884, 0.0, 0.0, 1 
22.89161152971296, 17.295162510826888, 0.0, 0.0, 1 
19.533587617692987, 0.49291515959080956, 0.0, 0.0, 1.0 
50.44196298295713, 20.54707238094902, 0.0, 0.0, 1 
36.846805784119255, 26.318462711729186, 0.0, 0.0, 1 
58.474180485745244, 59.15467351324073, 0.0, 0.0, 1 
56.30443317852203, 54.1963946863642, 0.0, 0.0, 1 
3.8628425372174915, 10.849637481887445, 0.0, 0.0, 1 
40.7893221305635, 3.583336421517408, 0.0, 0.0, 1 
5.561977769578241, 29.299149106254173, 0.0, 0.0, 1 
20.208744509517604, 27.02592780795092, 0.0, 0.0, 1.0 
31.103521956345148, 11.384528595689082, 0.0, 0.0, 1.0 
25.899809724106596, 32.77319354728905, 0.0, 0.0, 1.0 
36.391874754071, 12.094616539023608, 0.0, 0.0, 1.0 
11.204580174751106, 51.16905119017173, 0.0, 0.0, 1 
5.033532296006218, 9.138860928555093, 0.0, 0.0, 1.0 
19.33286964650105, 45.01533033497336, 0.0, 0.0, 1.0 
25.738120375203376, 10.97284050846691, 0.0, 0.0, 1 
0.6575008792711852, 40.52860680093979, 0.0, 0.0, 1.0 
55.69353346781016, 8.945963855935885, 0.0, 0.0, 1 
39.10913645751982, 56.58270590100367, 0.0, 0.0, 1 
52.93028636957203, 53.218399626494836, 0.0, 0.0, 1 
21.76197281639431, 5.3667310891399795, 0.0, 0.0, 1.0 
7.558825267326377, 23.64247217325392, 0.0, 0.0, 1.0 
3.9353457820589495, 19.655102924381833, 0.0, 0.0, 1 
35.52020346181853, 37.57547030720774, 0.0, 0.0, 1 
42.48502253948672, 57.55523423654067, 0.0, 0.0, 1 
7.722854036237441, 36.27384618720848, 0.0, 0.0, 1 
11.563158362724234, 23.961280691579642, 0.0, 0.0, 1 
34.00739175804422, 23.47162926517542, 0.0, 0.0, 1 
56.589771019336695, 34.302299523698004, 0.0, 0.0, 1 
42.84288201827912, 50.26521491017761, 0.0, 0.0, 1.0 
15.685786549072088, 6.98847488410526, 0.0, 0.0, 1 
35.80470548779136, 42.963497510095856, 0.0, 0.0, 1.0 
54.76691935270808, 5.734058617046298, 0.0, 0.0, 1.0 
46.83961200811148, 13.435261350032444, 0.0, 0.0, 1.0 
50.69099674048665, 48.31039759298354, 0.0, 0.0, 1 
11.225927755989854, 36.005030912133165, 0.0, 0.0, 1 
14.431192310877297, 48.67022056333166, 0.0, 0.0, 1 
17.636972015642268, 15.969457633834358, 0.0, 0.0, 1.0 
9.09911829905713, 29.07814128746746, 0.0, 0.0, 1.0 
17.499954980118538, 24.66125911797177, 0.0, 0.0, 1.0 
26.692576901176093, 1.700951204266418, 0.0, 0.0, 1.0 
7.508871864531095, 14.741974754578514, 0.0, 0.0, 1 
26.262292258255382, 38.113495039383615, 0.0, 0.0, 1.0 
7.3682186177887665, 1.0173327746713887, 0.0, 0.0, 1 
21.74744593936712, 49.76824663054561, 0.0, 0.0, 1 
50.014478472403205, 3.216538835113868, 0.0, 0.0, 1 
58.28241512169781, 53.72615123229839, 0.0, 0.0, 1 
7.261991731685442, 28.1761946752224, 0.0, 0.0, 1 
19.893820320068908, 21.68966149803836, 0.0, 0.0, 1 
56.914396910570474, 52.277492596193724, 0.0, 0.0, 1 
34.91038101699261, 52.20712373636847, 0.0, 0.0, 1.0 
44.65819254642879, 16.837212346680268, 0.0, 0.0, 1 
9.577469756299529, 6.152675208037303, 0.0, 0.0, 1.0 
34.480478770085035, 13.717985550461782, 0.0, 0.0, 1.0 
58.87946753182459, 51.77866315241778, 0.0, 0.0, 1 
45.8416334333697, 58.562329708754014, 0.0, 0.0, 1 
24.12758281024586, 9.977166356636417, 0.0, 0.0, 1 
40.25435784491574, 52.653489434051345, 0.0, 0.0, 1 
39.44098401214008, 36.558103537237045, 0.0, 0.0, 1.0 
21.104818399714464, 30.38838619994915, 0.0, 0.0, 1 
47.59974355299433, 40.0268133436984, 0.0, 0.0, 1 
49.99448947575798, 11.778917007201448, 0.0, 0.0, 1 
6.3539915213192115, 41.48702673150888, 0.0, 0.0, 1 
47.84790159669436, 32.735902264468216, 0.0, 0.0, 1 
48.67208415455837, 16.974028001040203, 0.0, 0.0, 1.0 
14.00019405560409, 12.001383082075554, 0.0, 0.0, 1.0 
21.482142275399138, 35.73563356332267, 0.0, 0.0, 1.0 
12.510805558747665, 1.2604480738609247, 0.0, 0.0, 1 
55.62567310202952, 19.10185898933227, 0.0, 0.0, 1 
30.18581309846427, 37.09355684394969, 0.0, 0.0, 1 
32.1045117973229, 36.60494058552582, 0.0, 0.0, 1 
49.31261540949616, 22.247828435357704, 0.0, 0.0, 1 
3.5602470771083237, 22.832696548247622, 0.0, 0.0, 1 
13.624842077508331, 15.49343842867473, 0.0, 0.0, 1 
27.87608034989363, 32.277946369640595, 0.0, 0.0, 1.0 
50.998036427501845, 29.042535965377837, 0.0, 0.0, 1 
35.53226090863476, 17.564687317139718, 0.0, 0.0, 1 
33.67653225859983, 1.0256100465196156, 0.0, 0.0, 1.0 
58.688434387631226, 29.799480944727506, 0.0, 0.0, 1 
12.767413331058627, 32.83431353857654, 0.0, 0.0, 1 
58.71527960261958, 4.739748576298033, 0.0, 0.0, 1 
33.79863351106932, 30.760475626167928, 0.0, 0.0, 1 
3.105967181652174, 50.88851480538612, 0.0, 0.0, 1.0 
39.87072124911398, 0.22834065612503085, 0.0, 0.0, 1.0 
19.008540414412405, 56.222017487198436, 0.0, 0.0, 1.0 
49.044182040594514, 41.48518796503129, 0.0, 0.0, 1 
40.43842028618994, 19.88245581130959, 0.0, 0.0, 1.0 
20.87500839800177, 14.56160724943304, 0.0, 0.0, 1 
48.969582810100974, 28.930327671367948, 0.0, 0.0, 1 
28.543121682860026, 2.5211117247158845, 0.0, 0.0, 1 
31.601372274300402, 18.591925401313983, 0.0, 0.0, 1 
44.2882164224233, 26.249382365084408, 0.0, 0.0, 1.0 
10.196041976054364, 58.30052989264723, 0.0, 0.0, 1.0 
14.43429737751153, 8.590862132135602, 0.0, 0.0, 1 
0.13340433417086894, 0.8739558426295517, 0.0, 0.0, 1 
32.92600977251009, 12.391994071877544, 0.0, 0.0, 1.0 
52.78231582358988, 6.235555112781354, 0.0, 0.0, 1.0 
8.029741968046546, 40.301273240623736, 0.0, 0.0, 1.0 
42.04286660781702, 4.8776084473881465, 0.0, 0.0, 1.0 
7.881941855242058, 11.267420501535828, 0.0, 0.0, 1.0 
23.173343085380672, 46.525914391038945, 0.0, 0.0, 1.0 
35.904209572376935, 5.992180186379124, 0.0, 0.0, 1.0 
37.11508177870718, 57.05459840438396, 0.0, 0.0, 1 
18.783235670018133, 41.16596347462837, 0.0, 0.0, 1 
4.473355525700897, 40.609967821793795, 0.0, 0.0, 1.0 
6.205553973642428, 39.47093941665068, 0.0, 0.0, 1 
44.439820070618545, 57.04959606870948, 0.0, 0.0, 1 
37.53832809367989, 17.037239973457353, 0.0, 0.0, 1.0 
18.25177789413292, 35.35265862206628, 0.0, 0.0, 1 
16.83779002761866, 53.431550589540194, 0.0, 0.0, 1.0 
19.71142412125562, 28.889408039114528, 0.0, 0.0, 1.0 
4.288438311361358, 5.3617038707069, 0.0, 0.0, 1 
27.346892265026188, 34.20545058650963, 0.0, 0.0, 1.0 
7.197090915899089, 26.176471197649587, 0.0, 0.0, 1 
38.247971900235655, 12.996093670044578, 0.0, 0.0, 1.0 
15.025457158505139, 5.3264752143969725, 0.0, 0.0, 1 
37.37727144097306, 24.38354274414487, 0.0, 0.0, 1.0 
47.519241092210045, 18.70941640223108, 0.0, 0.0, 1 
30.049163404717408, 24.465558339744113, 0.0, 0.0, 1 
5.866271852910596, 10.995775669838256, 0.0, 0.0, 1.0 
14.99536363316073, 52.635465240873565, 0.0, 0.0, 1 
45.0111193597046, 55.14543187009923, 0.0, 0.0, 1 
55.73233251775578, 56.186799294677385, 0.0, 0.0, 1 
31.578989701297143, 38.57402609391156, 0.0, 0.0, 1 
6.736816307367727, 45.55925629804636, 0.0, 0.0, 1.0 
48.97666247275498, 54.14483755544182, 0.0, 0.0, 1 
51.97003353515424, 27.596369738779675, 0.0, 0.0, 1 
9.692578737616651, 39.15286222887433, 0.0, 0.0, 1.0 
39.395050247556746, 23.85893474782654, 0.0, 0.0, 1 
49.33266186562248, 46.85308863153004, 0.0, 0.0, 1 
2.6559694367166986, 37.6524068204751, 0.0, 0.0, 1.0 
34.385047300465985, 54.11310603536445, 0.0, 0.0, 1 
34.87235918516046, 26.880631949169807, 0.0, 0.0, 1 
41.13817265751816, 30.728968944590715, 0.0, 0.0, 1 
16.283617025280012, 2.918034188416815, 0.0, 0.0, 1.0 
5.785883006165165, 33.36799947495401, 0.0, 0.0, 1 
30.627444615059254, 5.404975782663069, 0.0, 0.0, 1 
12.81814928713421, 22.363749324430835, 0.0, 0.0, 1 
24.639954187449447, 58.586619984813254, 0.0, 0.0, 1 
5.886847233807836, 53.918783748104, 0.0, 0.0, 1.0 
7.5139485264227, 32.212301953576834, 0.0, 0.0, 1 
22.01628805995842, 51.80827435220689, 0.0, 0.0, 1.0 
48.72104773941245, 36.166284897998956, 0.0, 0.0, 1 
10.815951398339838, 27.89556927146812, 0.0, 0.0, 1 
50.61607845803481, 1.258034522723694, 0.0, 0.0, 1.0 
2.07553920303153, 25.321315475721633, 0.0, 0.0, 1 
32.41771923793197, 42.03571725774785, 0.0, 0.0, 1 
2.271629389563538, 41.757988188569655, 0.0, 0.0, 1.0 
17.0962687981122, 55.41472267311495, 0.0, 0.0, 1.0 
23.94843442562174, 33.285570901396135, 0.0, 0.0, 1 
29.138984417582126, 21.07462663251943, 0.0, 0.0, 1 
55.50430621778796, 50.804521199075495, 0.0, 0.0, 1 
28.756109171215844, 4.5517898282169575, 0.0, 0.0, 1 
28.43644306858847, 30.28509338996461, 0.0, 0.0, 1 
34.24536633365978, 7.142346763232434, 0.0, 0.0, 1 
59.274403908822194, 44.47049267922176, 0.0, 0.0, 1 
50.12291601986914, 8.367382428784689, 0.0, 0.0, 1 
42.91122034709537, 13.276172396906288, 0.0, 0.0, 1.0 
44.2148979644354, 51.71157772619441, 0.0, 0.0, 1 
35.39303952508225, 24.86578985917041, 0.0, 0.0, 1.0 
59.2354912049503, 37.222650647835366, 0.0, 0.0, 1 
37.20780148478455, 31.67363534299566, 0.0, 0.0, 1.0 
25.53606775317026, 51.370862555854984, 0.0, 0.0, 1 
29.701841514481437, 19.124046475346844, 0.0, 0.0, 1 
51.2692258545681, 46.36309787062479, 0.0, 0.0, 1 
44.46600555341838, 31.66338453036458, 0.0, 0.0, 1 
23.814402980251305, 40.58154062886381, 0.0, 0.0, 1.0 
46.01374368455973, 4.198060635850316, 0.0, 0.0, 1.0 
57.103775824303, 10.453221868226894, 0.0, 0.0, 1 
57.18820259551304, 26.228859915099804, 0.0, 0.0, 1.0 
47.26938958595534, 5.786189483715795, 0.0, 0.0, 1 
57.65504681352188, 19.223252444055433, 0.0, 0.0, 1 
36.063482782265844, 35.5727648836156, 0.0, 0.0, 1 
37.95122777125823, 22.361097739241828, 0.0, 0.0, 1.0 
14.763519263779058, 35.676936427836786, 0.0, 0.0, 1 
9.288645989010854, 33.10672517816361, 0.0, 0.0, 1 
43.1023647111452, 9.78814839473396, 0.0, 0.0, 1.0 
30.938730493727906, 9.432405646144483, 0.0, 0.0, 1 
5.1275911203936095, 50.44775279875124, 0.0, 0.0, 1.0 
59.27610297230221, 26.425073223436186, 0.0, 0.0, 1.0 
25.78434406580513, 53.38728002132106, 0.0, 0.0, 1.0 
38.03370010636103, 11.000289819500157, 0.0, 0.0, 1.0 
32.69931942585484, 34.65843302791245, 0.0, 0.0, 1 
45.08428786717817, 29.73354371239129, 0.0, 0.0, 1 
52.89813534665805, 13.654292920360177, 0.0, 0.0, 1 
51.10917485130265, 10.041555031811201, 0.0, 0.0, 1.0 
7.120131825634209, 18.202700342713495, 0.0, 0.0, 1 
2.9568741073831872, 45.49377786783489, 0.0, 0.0, 1.0 
53.51638560568858, 38.59882764136041, 0.0, 0.0, 1 
33.2552115533966, 32.6634695467844, 0.0, 0.0, 1 
3.295702469899972, 56.232077819725795, 0.0, 0.0, 1 
50.208712941719575, 24.077598963927137, 0.0, 0.0, 1 
3.011460092827856, 9.160062457612977, 0.0, 0.0, 1 
46.30517489906852, 20.447568643898016, 0.0, 0.0, 1 
29.608971737642722, 39.074183238885254, 0.0, 0.0, 1 
23.733964239229348, 20.64663969788154, 0.0, 0.0, 1.0 
45.937903071916914, 11.695450174828265, 0.0, 0.0, 1.0 
35.17994778521988, 32.16816532572783, 0.0, 0.0, 1.0 
34.638434383344, 34.15368705780547, 0.0, 0.0, 1 
52.1212783018704, 49.819053838820736, 0.0, 0.0, 1 
9.10209273383607, 9.666320239673652, 0.0, 0.0, 1.0 
45.674755114784965, 15.090804550215873, 0.0, 0.0, 1.0 
9.425736303922454, 35.10828528265869, 0.0, 0.0, 1 
56.51553260494505, 20.92503412445593, 0.0, 0.0, 1 
45.07708074150814, 42.45211008213851, 0.0, 0.0, 1 
26.252131177163836, 18.197900393559355, 0.0, 0.0, 1.0 
44.79936329597357, 49.765622256019896, 0.0, 0.0, 1 
23.146622856838125, 42.5882320396743, 0.0, 0.0, 1.0 
57.39758336528311, 22.753038959662025, 0.0, 0.0, 1 
32.350520080106385, 29.27571644133037, 0.0, 0.0, 1.0 
56.1595464501073, 7.157606525139338, 0.0, 0.0, 1 
52.53769398115144, 0.8102703128541036, 0.0, 0.0, 1 
30.329169831666878, 49.776056084129735, 0.0, 0.0, 1 
16.30557933162156, 32.56909730687857, 0.0, 0.0, 1.0 
54.15413324138616, 7.724082861131546, 0.0, 0.0, 1 
25.03870595315141, 47.2919872126895, 0.0, 0.0, 1.0 
46.220175609190875, 38.564441208934504, 0.0, 0.0, 1 
55.13237662123079, 26.095987074502705, 0.0, 0.0, 1 
39.486564741659194, 16.451911633998684, 0.0, 0.0, 1.0 
57.89040443560489, 15.725758979864699, 0.0, 0.0, 1.0 
11.593667238544075, 6.458373275904036, 0.0, 0.0, 1 
10.610433178081658, 47.17437502486073, 0.0, 0.0, 1 
23.566603346986017, 6.110352882487928, 0.0, 0.0, 1 
13.218138142780194, 38.85203926598401, 0.0, 0.0, 1 
22.342953188490913, 9.39612165880798, 0.0, 0.0, 1 
9.706272160938758, 54.39620012039082, 0.0, 0.0, 1.0 
51.554647857621276, 18.888989858062644, 0.0, 0.0, 1 
12.406711337384499, 17.085570773480374, 0.0, 0.0, 1.0 
52.80917168046667, 29.4819411840084, 0.0, 0.0, 1 
34.94658700540564, 39.560796927366695, 0.0, 0.0, 1 
53.37436367001294, 22.47768435825812, 0.0, 0.0, 1.0 
6.049995965715197, 37.4111756689312, 0.0, 0.0, 1 
14.44935668861175, 17.288188924605898, 0.0, 0.0, 1 
37.20639652412319, 44.37641662568147, 0.0, 0.0, 1 
48.874114359633715, 13.486971351418667, 0.0, 0.0, 1 
49.91205493982646, 27.310410202647944, 0.0, 0.0, 1 
6.3818042445161725, 52.0148090963087, 0.0, 0.0, 1 
28.942959163543694, 6.580033432144285, 0.0, 0.0, 1.0 
1.6911149283705766, 23.06568271759719, 0.0, 0.0, 1 
21.123475502858216, 59.059445402285405, 0.0, 0.0, 1.0 
29.22083540539816, 14.034095320539416, 0.0, 0.0, 1 
13.404063484270125, 40.855388377721816, 0.0, 0.0, 1.0 
53.16529646623758, 58.60875033440916, 0.0, 0.0, 1 
55.37326116018446, 22.591651394173567, 0.0, 0.0, 1.0 
6.2993923377248215, 16.388318417063054, 0.0, 0.0, 1 
37.76801146896851, 42.45575230523671, 0.0, 0.0, 1 
16.303951908729566, 28.44104540857898, 0.0, 0.0, 1 
28.724576651274795, 15.744605905342885, 0.0, 0.0, 1 
46.77523075599631, 49.30475424844622, 0.0, 0.0, 1.0 
25.08457785351846, 42.097980377248845, 0.0, 0.0, 1.0 
36.112233810211976, 48.29652020700276, 0.0, 0.0, 1 
1.916404735022696, 19.465917949508388, 0.0, 0.0, 1 
21.51409733407869, 47.761991158266795, 0.0, 0.0, 1 
53.72820062591256, 56.64205399167779, 0.0, 0.0, 1 
27.083016817740226, 41.54519407634951, 0.0, 0.0, 1 
43.619861505011244, 53.64268553956443, 0.0, 0.0, 1 
43.28657235260815, 1.1938341415447282, 0.0, 0.0, 1.0 
12.60975316988859, 28.87578946482954, 0.0, 0.0, 1 
19.601705162829315, 47.044970067993056, 0.0, 0.0, 1.0 
42.25319638575884, 52.197503644278704, 0.0, 0.0, 1 
25.05551169310249, 29.37212790148298, 0.0, 0.0, 1 
30.42486547241915, 3.3676838648791585, 0.0, 0.0, 1 
16.511006712396153, 17.58086328555135, 0.0, 0.0, 1.0 
26.279730003231073, 57.406188375265245, 0.0, 0.0, 1.0 
2.0812172870886476, 0.4097595743597176, 0.0, 0.0, 1 
16.048159485205268, 0.8728205363632344, 0.0, 0.0, 1 
43.957382385975535, 11.51739015251484, 0.0, 0.0, 1 
40.28561031895561, 39.992865827046394, 0.0, 0.0, 1 
58.04157848869151, 28.010781790673075, 0.0, 0.0, 1.0 
23.424536867625616, 35.23813960212391, 0.0, 0.0, 1.0 
43.86571730898969, 20.73435443952092, 0.0, 0.0, 1.0 
13.87805705469688, 44.80223559190025, 0.0, 0.0, 1 
29.04407863149837, 50.952118196379494, 0.0, 0.0, 1 
59.473066901277086, 49.850974604120935, 0.0, 0.0, 1 
26.62152778588052, 23.54274086427893, 0.0, 0.0, 1.0 
58.82458139538619, 17.51912128614194, 0.0, 0.0, 1.0 
2.4792532642997465, 52.80365331332912, 0.0, 0.0, 1 
2.4678097322363644, 35.596006369107, 0.0, 0.0, 1 
45.25035107831461, 6.223833066921226, 0.0, 0.0, 1.0 
37.75349254973414, 29.738524363142783, 0.0, 0.0, 1.0 
18.820961432784724, 14.334965939496348, 0.0, 0.0, 1 
36.0445117936291, 15.64707159154599, 0.0, 0.0, 1 
28.133101958768925, 58.25291136228293, 0.0, 0.0, 1 
53.63938596326828, 18.966269686373018, 0.0, 0.0, 1 
32.39858501311893, 6.236087642383702, 0.0, 0.0, 1.0 
13.069300624294064, 5.044118343550623, 0.0, 0.0, 1 
5.913694255248399, 35.37620015767296, 0.0, 0.0, 1.0 
35.17561697356991, 57.60146888255188, 0.0, 0.0, 1 
30.724446180114597, 35.17918493504641, 0.0, 0.0, 1 
17.779858034026987, 31.540431744895745, 0.0, 0.0, 1 
58.0914445016382, 12.191685145383092, 0.0, 0.0, 1.0 
15.250255701893057, 54.66145157095775, 0.0, 0.0, 1.0 
11.56586815426707, 15.217455627912688, 0.0, 0.0, 1.0 
56.52358773048217, 59.62861850235648, 0.0, 0.0, 1 
13.655842707657847, 24.12886440446683, 0.0, 0.0, 1 
15.759006218146792, 45.56041779721534, 0.0, 0.0, 1.0 
43.676656929382865, 28.219796010166746, 0.0, 0.0, 1.0 
18.24251932881129, 50.18939036618765, 0.0, 0.0, 1.0 
4.051990430247248, 59.684045766681805, 0.0, 0.0, 1 
16.115097643348406, 30.521856529094833, 0.0, 0.0, 1.0 
52.046190696841045, 11.83616904779766, 0.0, 0.0, 1.0 
43.11057938934864, 30.184602438033277, 0.0, 0.0, 1 
3.7945841412369328, 26.392585454735737, 0.0, 0.0, 1.0 
6.56982983398494, 43.502815562365235, 0.0, 0.0, 1.0 
17.42126249143563, 44.34290232306392, 0.0, 0.0, 1.0 
0.972688375687226, 38.576666735719, 0.0, 0.0, 1.0 
49.44347856796219, 5.1362341010564325, 0.0, 0.0, 1.0 
57.692939010240394, 55.71824869918886, 0.0, 0.0, 1 
45.64553986888518, 53.18199080967484, 0.0, 0.0, 1 
1.162334082750194, 51.316279575660786, 0.0, 0.0, 1 
53.95802323481977, 2.2870879515401454, 0.0, 0.0, 1.0 
34.65547955931828, 46.861690995854346, 0.0, 0.0, 1.0 
56.06717737136327, 36.20720473252617, 0.0, 0.0, 1 
41.17153328027286, 6.516778818179757, 0.0, 0.0, 1.0 
12.758604610531526, 13.584672649101107, 0.0, 0.0, 1.0 
53.876697862190255, 43.96548500426807, 0.0, 0.0, 1 
5.684432628892094, 31.33270936605359, 0.0, 0.0, 1 
54.87295920083486, 29.530119561801197, 0.0, 0.0, 1 
4.8216092947394324, 3.362829406888097, 0.0, 0.0, 1 
31.09336028688757, 20.57440373564219, 0.0, 0.0, 1 
45.65308129461229, 40.51146893374894, 0.0, 0.0, 1 
24.845868844755806, 0.8725848435666579, 0.0, 0.0, 1 
40.56624759795934, 32.64683196446519, 0.0, 0.0, 1 
31.466832105093026, 25.95758060887489, 0.0, 0.0, 1 
2.3551460729424236, 47.43684152701814, 0.0, 0.0, 1.0 
14.455513124166309, 29.69340541170319, 0.0, 0.0, 1 
21.60946027197533, 3.337223070678976, 0.0, 0.0, 1 
5.259405266359757, 55.8016069424259, 0.0, 0.0, 1 
16.92991875094879, 40.40993834187289, 0.0, 0.0, 1 
17.709875594882604, 7.164480367687285, 0.0, 0.0, 1 
0.4725122560760414, 24.687012915474806, 0.0, 0.0, 1 
40.82061215892318, 25.27817060545591, 0.0, 0.0, 1 
5.123708532279494, 18.007761824695923, 0.0, 0.0, 1 
47.962502732841116, 11.756426241849608, 0.0, 0.0, 1.0 
44.24870700006978, 39.02968455741813, 0.0, 0.0, 1 
41.31797370361258, 1.651963856016587, 0.0, 0.0, 1.0 
4.2746062939245455, 36.49629128577713, 0.0, 0.0, 1 
55.9174523574389, 1.7726524763446656, 0.0, 0.0, 1 
48.20654385333244, 23.97265728205375, 0.0, 0.0, 1 
5.476782741929229, 27.326282192020543, 0.0, 0.0, 1 
32.541723993901044, 22.001702655839264, 0.0, 0.0, 1.0 
6.044887725550104, 59.21485746642244, 0.0, 0.0, 1 
25.742620387066424, 20.154564027763747, 0.0, 0.0, 1 
58.61740951290486, 31.685201707598043, 0.0, 0.0, 1 
55.83240842803282, 43.486366842349504, 0.0, 0.0, 1 
5.4545362136912185, 14.522234199929958, 0.0, 0.0, 1.0 
8.796400293245098, 21.92233921733276, 0.0, 0.0, 1.0 
50.9089717162266, 13.566056855075615, 0.0, 0.0, 1 
13.07596061580078, 36.817991168221084, 0.0, 0.0, 1 
39.73611814064481, 41.92560734162133, 0.0, 0.0, 1 
8.335402512891433, 16.592008821800693, 0.0, 0.0, 1 
50.35664736860475, 55.65716505186733, 0.0, 0.0, 1 
26.87764898535518, 3.710946922132247, 0.0, 0.0, 1 
1.724078922686151, 49.39968085287932, 0.0, 0.0, 1 
52.18946965663508, 8.258348546332208, 0.0, 0.0, 1.0 
57.52406007357248, 50.32076615644792, 0.0, 0.0, 1 
50.26672098830268, 30.510032404953602, 0.0, 0.0, 1 
52.12642918886546, 37.134178881106955, 0.0, 0.0, 1 
21.393019353575433, 1.3050534659989352, 0.0, 0.0, 1 
50.12888137111267, 37.583816962962985, 0.0, 0.0, 1 
13.067641725300572, 51.91476446561444, 0.0, 0.0, 1 
56.914618844637666, 39.61457744684823, 0.0, 0.0, 1 
22.76501888571275, 57.78588783604754, 0.0, 0.0, 1.0 
58.849805776668326, 39.160020617928, 0.0, 0.0, 1.0 
20.734084659798874, 25.044838376198708, 0.0, 0.0, 1 
58.49931469369995, 21.07304143656097, 0.0, 0.0, 1.0 
35.73949771911388, 30.245616517010053, 0.0, 0.0, 1.0 
43.09485284445934, 42.93472400144855, 0.0, 0.0, 1 
0.12821764020654572, 42.481717737969554, 0.0, 0.0, 1.0 
49.585967424971514, 18.779135740581815, 0.0, 0.0, 1 
49.62266605167209, 39.56751747617363, 0.0, 0.0, 1 
17.16371804271006, 42.38224990429949, 0.0, 0.0, 1.0 
22.829515360779975, 37.21213210744981, 0.0, 0.0, 1.0 
3.8165169491145368, 24.466004540088797, 0.0, 0.0, 1 
37.01452155096167, 18.987703191041337, 0.0, 0.0, 1 
42.253228782409614, 26.76983512219996, 0.0, 0.0, 1.0 
28.083660562455403, 24.997710673537213, 0.0, 0.0, 1.0 
27.924380332631124, 44.91220553772987, 0.0, 0.0, 1 
53.53592095745206, 51.25129800083727, 0.0, 0.0, 1 
7.8734301615264135, 38.356441779213995, 0.0, 0.0, 1 
25.02529698312866, 2.9016700132263282, 0.0, 0.0, 1 
47.881468101174804, 45.39588404459028, 0.0, 0.0, 1 
26.76459582924504, 16.24687441637533, 0.0, 0.0, 1.0 
44.69483959090563, 24.262373728764953, 0.0, 0.0, 1 
44.79343058519234, 37.06068307828951, 0.0, 0.0, 1.0 
8.183208807746071, 42.356251254614065, 0.0, 0.0, 1.0 
1.5271070028405376, 2.327816281044551, 0.0, 0.0, 1 
41.67124684684975, 54.108498852403656, 0.0, 0.0, 1 
34.08484016072947, 36.11226513677867, 0.0, 0.0, 1 
14.86932941879107, 37.66067507314103, 0.0, 0.0, 1 
47.0402126845428, 29.29310607903669, 0.0, 0.0, 1 
32.23087437839318, 4.249150813648692, 0.0, 0.0, 1 
0.5594746356280854, 32.62485795976299, 0.0, 0.0, 1 
11.429860603825048, 53.161843592902606, 0.0, 0.0, 1 
4.499991497532748, 52.384921379266444, 0.0, 0.0, 1 
43.39260506768674, 35.58635457784291, 0.0, 0.0, 1.0 
3.4624212006084836, 1.884134535537734, 0.0, 0.0, 1 
29.25567437557538, 10.573886261667438, 0.0, 0.0, 1 
5.9557593084111655, 19.85652258723976, 0.0, 0.0, 1 
29.538843845355817, 26.431028105331887, 0.0, 0.0, 1.0 
2.217176307054347, 15.951162487989992, 0.0, 0.0, 1 
8.937435821033743, 48.38838885450895, 0.0, 0.0, 1 
10.887618122744483, 0.4306316752401758, 0.0, 0.0, 1 
9.318602493690292, 50.3319471551429, 0.0, 0.0, 1 
44.80395995119188, 13.380042895961203, 0.0, 0.0, 1.0 
53.1971580693837, 33.215458217184775, 0.0, 0.0, 1 
59.67827950541264, 19.369246785113194, 0.0, 0.0, 1 
56.6810141414913, 46.91145153443581, 0.0, 0.0, 1 
52.37045256661259, 55.153186885726996, 0.0, 0.0, 1 
48.358738407387, 30.83823076755293, 0.0, 0.0, 1 
10.880071525997993, 29.95429725055438, 0.0, 0.0, 1.0 
22.05768331809272, 13.045806165774916, 0.0, 0.0, 1 
36.93304969082222, 39.04701342674317, 0.0, 0.0, 1 
31.391740194819693, 55.8318621409344, 0.0, 0.0, 1.0 
16.57407755544841, 36.53390443147278, 0.0, 0.0, 1 
57.44890906403325, 37.69081814919061, 0.0, 0.0, 1 
6.098359751020955, 4.940508266087889, 0.0, 0.0, 1 
15.268157405012472, 41.62539842783699, 0.0, 0.0, 1 
14.44443544505572, 1.9663390406159014, 0.0, 0.0, 1 
7.509221582246561, 6.263381448744258, 0.0, 0.0, 1 
29.870790458864942, 44.4561446878241, 0.0, 0.0, 1.0 
47.72684734358418, 15.17110536427964, 0.0, 0.0, 1 
38.83928967993363, 25.81745181164661, 0.0, 0.0, 1.0 
41.0840563895106, 9.6108993785431, 0.0, 0.0, 1.0 
37.75482310056621, 6.921318595867753, 0.0, 0.0, 1.0 
39.89200887638285, 21.86485332525551, 0.0, 0.0, 1.0 
27.253965263797273, 7.723205444144218, 0.0, 0.0, 1 
3.769297448025843, 28.40196495058054, 0.0, 0.0, 1 
49.5907889643051, 52.23844997634237, 0.0, 0.0, 1 
13.355060610470472, 53.86456236907334, 0.0, 0.0, 1 
34.404238950461405, 41.456428676158865, 0.0, 0.0, 1.0 
34.331922413887746, 28.761446217656854, 0.0, 0.0, 1 
49.9209465732695, 44.91033093820715, 0.0, 0.0, 1.0 
26.496206792016157, 59.39803331809269, 0.0, 0.0, 1.0 
25.371515553343365, 34.73379770982118, 0.0, 0.0, 1.0 
58.09055649863471, 48.36719136666583, 0.0, 0.0, 1 
2.6472339718165463, 39.71987974829133, 0.0, 0.0, 1.0 
32.782663087029064, 54.72540360932021, 0.0, 0.0, 1.0 
7.390408642776596, 30.190456227619826, 0.0, 0.0, 1 
57.8596334457077, 43.01270032743062, 0.0, 0.0, 1 
18.540757910560373, 17.827171485499555, 0.0, 0.0, 1 
33.54996954488381, 38.0529899228473, 0.0, 0.0, 1 
27.283078708578525, 14.258628608768907, 0.0, 0.0, 1 
4.666003020778381, 57.7748003278252, 0.0, 0.0, 1 
32.014840202195806, 23.98573253983119, 0.0, 0.0, 1 
13.231046139501027, 18.92039254331023, 0.0, 0.0, 1 
54.3141307245644, 54.68995973557433, 0.0, 0.0, 1 
49.81907439999994, 32.26505434861741, 0.0, 0.0, 1 
54.224033361061494, 24.291557922683076, 0.0, 0.0, 1 
17.695111305018855, 46.29949369248223, 0.0, 0.0, 1.0 
7.893259067801298, 53.443001926078864, 0.0, 0.0, 1.0 
25.81502242999371, 12.84558757735233, 0.0, 0.0, 1 
11.990857922770632, 11.75357360573414, 0.0, 0.0, 1 
38.528003577380716, 58.51264354374838, 0.0, 0.0, 1.0 
57.891696783906916, 1.298489052228577, 0.0, 0.0, 1 
31.091267085661997, 53.627341367892114, 0.0, 0.0, 1.0 
38.04131415510866, 47.77452765749749, 0.0, 0.0, 1 
47.301395951206935, 34.6479092808685, 0.0, 0.0, 1 
41.681941860266, 41.495356028092175, 0.0, 0.0, 1.0 
18.087724097698754, 21.324221677846612, 0.0, 0.0, 1.0 
20.559824505795547, 41.924689305576116, 0.0, 0.0, 1.0 
27.916760206473842, 56.18070248412117, 0.0, 0.0, 1 
51.854537506497365, 44.45104592398303, 0.0, 0.0, 1 
30.770537080976656, 7.402724291883291, 0.0, 0.0, 1 
59.696777273636265, 55.252732951502644, 0.0, 0.0, 1 
57.66615004352132, 8.63275291899296, 0.0, 0.0, 1 
19.037017844053306, 43.15323856427492, 0.0, 0.0, 1.0 
54.536563475763465, 0.31420301070081147, 0.0, 0.0, 1 
35.66741654736817, 55.60881083157778, 0.0, 0.0, 1.0 
28.609022006725635, 23.021666952541445, 0.0, 0.0, 1 
22.36158311853971, 39.20865006119994, 0.0, 0.0, 1 
43.921597181239505, 33.662199243003236, 0.0, 0.0, 1 
31.658592444013095, 57.858007692702124, 0.0, 0.0, 1.0 
10.218393659753215, 56.266277120966976, 0.0, 0.0, 1 
23.624395050761542, 27.930503638962477, 0.0, 0.0, 1.0 
3.9110042330666563, 54.30025550783951, 0.0, 0.0, 1 
14.047084038923241, 20.76026920560973, 0.0, 0.0, 1 
40.005519713808816, 47.31703653989149, 0.0, 0.0, 1 
46.41243127178673, 56.59601456474753, 0.0, 0.0, 1.0 
25.573875790133762, 27.424669554567647, 0.0, 0.0, 1 
24.158394195242018, 54.6078567704487, 0.0, 0.0, 1 
40.48553800119546, 58.010398673005454, 0.0, 0.0, 1.0 
52.44737409081563, 20.66247784342385, 0.0, 0.0, 1 
49.20693355969489, 59.559938569042835, 0.0, 0.0, 1 
49.31071630331595, 34.20166606420835, 0.0, 0.0, 1.0 
32.91752863591796, 52.684279550321506, 0.0, 0.0, 1.0 
8.746682921698707, 2.480266572930698, 0.0, 0.0, 1 
